Name,unpol.18x275_km_ACC_opt4
Comment,Ralf's pseudo data for EIC.
Reference,Ralf
Process type,SIDIS
Number of points,17214
Number of uncorr.errors,2
Number of corr.errors,0
Number of norm.errors,1
List of norm.errors (relative),0.03
Total cross-section nomalized,False
List of points 
Point id,process id,s[GeV^2],<Q>[GeV],Qmin[GeV],Qmax[GeV],<x>,xMin,xMax,<z>,zMin,zMax,<pT>[GeV],pTMin[GeV],pTMax[GeV],xSec,Uncorr.Err.0,Uncorr.Err.1,Th.Factor,FiducialCuts,yMin,yMax,W2min[GeV^2],W2max[GeV^2],TargetMass[GeV],ProductMass[GeV]
0,1 - 1 - 2022,19800.0,1.0295630140987,1.0,1.3335216533675034,5.96e-05,3.98107e-05,6.30957e-05,0.0131,0.0,0.05,0.155,0.1,0.2,618000000.0,826000.0,555000000.0,1.0,True,0.01,0.95,10.0,39600.0,0.938,0.139
1,1 - 1 - 2022,19800.0,1.0295630140987,1.0,1.3335216533675034,5.95e-05,3.98107e-05,6.30957e-05,0.0125,0.0,0.05,0.252,0.2,0.3,860000000.0,974000.0,646000000.0,1.0,True,0.01,0.95,10.0,39600.0,0.938,0.139
2,1 - 1 - 2022,19800.0,1.0295630140987,1.0,1.3335216533675034,5.96e-05,3.98107e-05,6.30957e-05,0.0121,0.0,0.05,0.35,0.3,0.4,861000000.0,975000.0,571000000.0,1.0,True,0.01,0.95,10.0,39600.0,0.938,0.139
3,1 - 1 - 2022,19800.0,1.0295630140987,1.0,1.3335216533675034,5.96e-05,3.98107e-05,6.30957e-05,0.0125,0.0,0.05,0.449,0.4,0.5,752000000.0,911000.0,373000000.0,1.0,True,0.01,0.95,10.0,39600.0,0.938,0.139
4,1 - 1 - 2022,19800.0,1.0295630140987,1.0,1.3335216533675034,5.96e-05,3.98107e-05,6.30957e-05,0.0119,0.0,0.05,0.547,0.5,0.6,584000000.0,803000.0,207000000.0,1.0,True,0.01,0.95,10.0,39600.0,0.938,0.139
5,1 - 1 - 2022,19800.0,1.0295630140987,1.0,1.3335216533675034,5.97e-05,3.98107e-05,6.30957e-05,0.0126,0.0,0.05,0.646,0.6,0.7,421000000.0,682000.0,153000000.0,1.0,True,0.01,0.95,10.0,39600.0,0.938,0.139
6,1 - 1 - 2022,19800.0,1.0295630140987,1.0,1.3335216533675034,5.96e-05,3.98107e-05,6.30957e-05,0.0128,0.0,0.05,0.746,0.7,0.8,296000000.0,572000.0,105000000.0,1.0,True,0.01,0.95,10.0,39600.0,0.938,0.139
7,1 - 1 - 2022,19800.0,1.0295630140987,1.0,1.3335216533675034,5.96e-05,3.98107e-05,6.30957e-05,0.0135,0.0,0.05,0.846,0.8,0.9,189000000.0,456000.0,33400000.0,1.0,True,0.01,0.95,10.0,39600.0,0.938,0.139
8,1 - 1 - 2022,19800.0,1.0295630140987,1.0,1.3335216533675034,5.96e-05,3.98107e-05,6.30957e-05,0.0137,0.0,0.05,0.946,0.9,1.0,118000000.0,361000.0,15300000.0,1.0,True,0.01,0.95,10.0,39600.0,0.938,0.139
9,1 - 1 - 2022,19800.0,1.0295630140987,1.0,1.3335216533675034,5.95e-05,3.98107e-05,6.30957e-05,0.0145,0.0,0.05,1.17,1.0,1.5,37100000.0,90500.0,3900000.0,1.0,True,0.01,0.95,10.0,39600.0,0.938,0.139
10,1 - 1 - 2022,19800.0,1.02469507659596,1.0,1.3335216533675034,5.93e-05,3.98107e-05,6.30957e-05,0.0191,0.0,0.05,1.69,1.5,2.0,4870000.0,32800.0,244000.0,1.0,True,0.01,0.95,10.0,39600.0,0.938,0.139
11,1 - 1 - 2022,19800.0,1.0583005244258363,1.0,1.3335216533675034,6e-05,3.98107e-05,6.30957e-05,0.0247,0.0,0.05,2.47,2.0,4.0,609000.0,5800.0,60900.0,1.0,True,0.01,0.95,10.0,39600.0,0.938,0.139
12,1 - 1 - 2022,19800.0,1.0295630140987,1.0,1.3335216533675034,5.97e-05,3.98107e-05,6.30957e-05,0.0722,0.05,0.1,0.152,0.1,0.2,119000000.0,362000.0,118000000.0,1.0,True,0.01,0.95,10.0,39600.0,0.938,0.139
13,1 - 1 - 2022,19800.0,1.0295630140987,1.0,1.3335216533675034,5.96e-05,3.98107e-05,6.30957e-05,0.0717,0.05,0.1,0.249,0.2,0.3,160000000.0,420000.0,156000000.0,1.0,True,0.01,0.95,10.0,39600.0,0.938,0.139
14,1 - 1 - 2022,19800.0,1.0295630140987,1.0,1.3335216533675034,5.96e-05,3.98107e-05,6.30957e-05,0.0725,0.05,0.1,0.349,0.3,0.4,151000000.0,408000.0,148000000.0,1.0,True,0.01,0.95,10.0,39600.0,0.938,0.139
15,1 - 1 - 2022,19800.0,1.0295630140987,1.0,1.3335216533675034,5.97e-05,3.98107e-05,6.30957e-05,0.0719,0.05,0.1,0.45,0.4,0.5,130000000.0,379000.0,126000000.0,1.0,True,0.01,0.95,10.0,39600.0,0.938,0.139
16,1 - 1 - 2022,19800.0,1.0295630140987,1.0,1.3335216533675034,5.96e-05,3.98107e-05,6.30957e-05,0.0736,0.05,0.1,0.548,0.5,0.6,109000000.0,347000.0,101000000.0,1.0,True,0.01,0.95,10.0,39600.0,0.938,0.139
17,1 - 1 - 2022,19800.0,1.0295630140987,1.0,1.3335216533675034,5.96e-05,3.98107e-05,6.30957e-05,0.0724,0.05,0.1,0.65,0.6,0.7,79700000.0,297000.0,57300000.0,1.0,True,0.01,0.95,10.0,39600.0,0.938,0.139
18,1 - 1 - 2022,19800.0,1.0295630140987,1.0,1.3335216533675034,5.97e-05,3.98107e-05,6.30957e-05,0.0711,0.05,0.1,0.751,0.7,0.8,56300000.0,249000.0,31400000.0,1.0,True,0.01,0.95,10.0,39600.0,0.938,0.139
19,1 - 1 - 2022,19800.0,1.0295630140987,1.0,1.3335216533675034,5.96e-05,3.98107e-05,6.30957e-05,0.0717,0.05,0.1,0.844,0.8,0.9,38700000.0,207000.0,15300000.0,1.0,True,0.01,0.95,10.0,39600.0,0.938,0.139
20,1 - 1 - 2022,19800.0,1.02469507659596,1.0,1.3335216533675034,5.93e-05,3.98107e-05,6.30957e-05,0.0705,0.05,0.1,0.947,0.9,1.0,21900000.0,156000.0,1950000.0,1.0,True,0.01,0.95,10.0,39600.0,0.938,0.139
21,1 - 1 - 2022,19800.0,1.0295630140987,1.0,1.3335216533675034,5.99e-05,3.98107e-05,6.30957e-05,0.0735,0.05,0.1,1.18,1.0,1.5,8870000.0,44200.0,146000.0,1.0,True,0.01,0.95,10.0,39600.0,0.938,0.139
22,1 - 1 - 2022,19800.0,1.0295630140987,1.0,1.3335216533675034,5.97e-05,3.98107e-05,6.30957e-05,0.0704,0.05,0.1,1.73,1.5,2.0,2100000.0,21500.0,97400.0,1.0,True,0.01,0.95,10.0,39600.0,0.938,0.139
23,1 - 1 - 2022,19800.0,1.0583005244258363,1.0,1.3335216533675034,5.98e-05,3.98107e-05,6.30957e-05,0.0745,0.05,0.1,2.43,2.0,4.0,256000.0,3760.0,12200.0,1.0,True,0.01,0.95,10.0,39600.0,0.938,0.139
24,1 - 1 - 2022,19800.0,1.02469507659596,1.0,1.3335216533675034,6.02e-05,3.98107e-05,6.30957e-05,0.121,0.1,0.15,0.0778,0.05,0.1,26800000.0,243000.0,22900000.0,1.0,True,0.01,0.95,10.0,39600.0,0.938,0.139
25,1 - 1 - 2022,19800.0,1.0295630140987,1.0,1.3335216533675034,5.96e-05,3.98107e-05,6.30957e-05,0.122,0.1,0.15,0.158,0.1,0.2,72100000.0,282000.0,17300000.0,1.0,True,0.01,0.95,10.0,39600.0,0.938,0.139
26,1 - 1 - 2022,19800.0,1.0295630140987,1.0,1.3335216533675034,5.97e-05,3.98107e-05,6.30957e-05,0.123,0.1,0.15,0.252,0.2,0.3,85300000.0,307000.0,6820000.0,1.0,True,0.01,0.95,10.0,39600.0,0.938,0.139
27,1 - 1 - 2022,19800.0,1.0295630140987,1.0,1.3335216533675034,5.97e-05,3.98107e-05,6.30957e-05,0.123,0.1,0.15,0.349,0.3,0.4,98900000.0,330000.0,8770000.0,1.0,True,0.01,0.95,10.0,39600.0,0.938,0.139
28,1 - 1 - 2022,19800.0,1.0295630140987,1.0,1.3335216533675034,5.96e-05,3.98107e-05,6.30957e-05,0.124,0.1,0.15,0.446,0.4,0.5,83300000.0,303000.0,5850000.0,1.0,True,0.01,0.95,10.0,39600.0,0.938,0.139
29,1 - 1 - 2022,19800.0,1.0295630140987,1.0,1.3335216533675034,5.96e-05,3.98107e-05,6.30957e-05,0.123,0.1,0.15,0.549,0.5,0.6,64100000.0,266000.0,4390000.0,1.0,True,0.01,0.95,10.0,39600.0,0.938,0.139
30,1 - 1 - 2022,19800.0,1.0295630140987,1.0,1.3335216533675034,5.93e-05,3.98107e-05,6.30957e-05,0.124,0.1,0.15,0.647,0.6,0.7,52400000.0,240000.0,2680000.0,1.0,True,0.01,0.95,10.0,39600.0,0.938,0.139
31,1 - 1 - 2022,19800.0,1.0295630140987,1.0,1.3335216533675034,5.95e-05,3.98107e-05,6.30957e-05,0.124,0.1,0.15,0.747,0.7,0.8,33400000.0,192000.0,2440000.0,1.0,True,0.01,0.95,10.0,39600.0,0.938,0.139
32,1 - 1 - 2022,19800.0,1.03440804327886,1.0,1.3335216533675034,6.01e-05,3.98107e-05,6.30957e-05,0.122,0.1,0.15,0.848,0.8,0.9,22200000.0,156000.0,487000.0,1.0,True,0.01,0.95,10.0,39600.0,0.938,0.139
33,1 - 1 - 2022,19800.0,1.0295630140987,1.0,1.3335216533675034,5.94e-05,3.98107e-05,6.30957e-05,0.122,0.1,0.15,0.944,0.9,1.0,22900000.0,159000.0,1220000.0,1.0,True,0.01,0.95,10.0,39600.0,0.938,0.139
34,1 - 1 - 2022,19800.0,1.0295630140987,1.0,1.3335216533675034,5.97e-05,3.98107e-05,6.30957e-05,0.123,0.1,0.15,1.18,1.0,1.5,6480000.0,37800.0,146000.0,1.0,True,0.01,0.95,10.0,39600.0,0.938,0.139
35,1 - 1 - 2022,19800.0,1.03440804327886,1.0,1.3335216533675034,5.98e-05,3.98107e-05,6.30957e-05,0.124,0.1,0.15,1.73,1.5,2.0,1560000.0,18600.0,0.0,1.0,True,0.01,0.95,10.0,39600.0,0.938,0.139
36,1 - 1 - 2022,19800.0,1.0630145812734648,1.0,1.3335216533675034,5.98e-05,3.98107e-05,6.30957e-05,0.124,0.1,0.15,2.62,2.0,4.0,231000.0,3570.0,0.0,1.0,True,0.01,0.95,10.0,39600.0,0.938,0.139
37,1 - 1 - 2022,19800.0,1.02469507659596,1.0,1.3335216533675034,5.93e-05,3.98107e-05,6.30957e-05,0.172,0.15,0.2,0.157,0.1,0.2,33600000.0,193000.0,18800000.0,1.0,True,0.01,0.95,10.0,39600.0,0.938,0.139
38,1 - 1 - 2022,19800.0,1.0295630140987,1.0,1.3335216533675034,5.93e-05,3.98107e-05,6.30957e-05,0.173,0.15,0.2,0.251,0.2,0.3,62600000.0,263000.0,5600000.0,1.0,True,0.01,0.95,10.0,39600.0,0.938,0.139
39,1 - 1 - 2022,19800.0,1.0295630140987,1.0,1.3335216533675034,5.97e-05,3.98107e-05,6.30957e-05,0.174,0.15,0.2,0.352,0.3,0.4,58700000.0,255000.0,4140000.0,1.0,True,0.01,0.95,10.0,39600.0,0.938,0.139
40,1 - 1 - 2022,19800.0,1.0295630140987,1.0,1.3335216533675034,5.95e-05,3.98107e-05,6.30957e-05,0.175,0.15,0.2,0.448,0.4,0.5,50200000.0,235000.0,2190000.0,1.0,True,0.01,0.95,10.0,39600.0,0.938,0.139
41,1 - 1 - 2022,19800.0,1.0295630140987,1.0,1.3335216533675034,5.95e-05,3.98107e-05,6.30957e-05,0.173,0.15,0.2,0.547,0.5,0.6,45600000.0,224000.0,2680000.0,1.0,True,0.01,0.95,10.0,39600.0,0.938,0.139
42,1 - 1 - 2022,19800.0,1.0295630140987,1.0,1.3335216533675034,5.95e-05,3.98107e-05,6.30957e-05,0.174,0.15,0.2,0.648,0.6,0.7,32200000.0,188000.0,731000.0,1.0,True,0.01,0.95,10.0,39600.0,0.938,0.139
43,1 - 1 - 2022,19800.0,1.0295630140987,1.0,1.3335216533675034,5.95e-05,3.98107e-05,6.30957e-05,0.172,0.15,0.2,0.753,0.7,0.8,23900000.0,162000.0,487000.0,1.0,True,0.01,0.95,10.0,39600.0,0.938,0.139
44,1 - 1 - 2022,19800.0,1.0295630140987,1.0,1.3335216533675034,5.98e-05,3.98107e-05,6.30957e-05,0.174,0.15,0.2,0.852,0.8,0.9,13900000.0,124000.0,1220000.0,1.0,True,0.01,0.95,10.0,39600.0,0.938,0.139
45,1 - 1 - 2022,19800.0,1.02469507659596,1.0,1.3335216533675034,5.89e-05,3.98107e-05,6.30957e-05,0.177,0.15,0.2,0.941,0.9,1.0,14400000.0,126000.0,244000.0,1.0,True,0.01,0.95,10.0,39600.0,0.938,0.139
46,1 - 1 - 2022,19800.0,1.03440804327886,1.0,1.3335216533675034,5.96e-05,3.98107e-05,6.30957e-05,0.174,0.15,0.2,1.18,1.0,1.5,3750000.0,28800.0,195000.0,1.0,True,0.01,0.95,10.0,39600.0,0.938,0.139
47,1 - 1 - 2022,19800.0,1.02469507659596,1.0,1.3335216533675034,5.93e-05,3.98107e-05,6.30957e-05,0.177,0.15,0.2,1.73,1.5,2.0,731000.0,12700.0,0.0,1.0,True,0.01,0.95,10.0,39600.0,0.938,0.139
48,1 - 1 - 2022,19800.0,1.0770329614269007,1.0,1.3335216533675034,6.03e-05,3.98107e-05,6.30957e-05,0.175,0.15,0.2,2.51,2.0,4.0,146000.0,2840.0,12200.0,1.0,True,0.01,0.95,10.0,39600.0,0.938,0.139
49,1 - 1 - 2022,19800.0,1.0295630140987,1.0,1.3335216533675034,6.01e-05,3.98107e-05,6.30957e-05,0.223,0.2,0.25,0.161,0.1,0.2,22700000.0,158000.0,13600000.0,1.0,True,0.01,0.95,10.0,39600.0,0.938,0.139
50,1 - 1 - 2022,19800.0,1.02469507659596,1.0,1.3335216533675034,5.95e-05,3.98107e-05,6.30957e-05,0.22,0.2,0.25,0.25,0.2,0.3,41200000.0,213000.0,12200000.0,1.0,True,0.01,0.95,10.0,39600.0,0.938,0.139
51,1 - 1 - 2022,19800.0,1.0295630140987,1.0,1.3335216533675034,5.93e-05,3.98107e-05,6.30957e-05,0.224,0.2,0.25,0.349,0.3,0.4,39000000.0,207000.0,1950000.0,1.0,True,0.01,0.95,10.0,39600.0,0.938,0.139
52,1 - 1 - 2022,19800.0,1.0295630140987,1.0,1.3335216533675034,5.97e-05,3.98107e-05,6.30957e-05,0.224,0.2,0.25,0.445,0.4,0.5,42400000.0,216000.0,1950000.0,1.0,True,0.01,0.95,10.0,39600.0,0.938,0.139
53,1 - 1 - 2022,19800.0,1.03440804327886,1.0,1.3335216533675034,5.96e-05,3.98107e-05,6.30957e-05,0.225,0.2,0.25,0.547,0.5,0.6,28300000.0,177000.0,1220000.0,1.0,True,0.01,0.95,10.0,39600.0,0.938,0.139
54,1 - 1 - 2022,19800.0,1.0295630140987,1.0,1.3335216533675034,5.98e-05,3.98107e-05,6.30957e-05,0.225,0.2,0.25,0.645,0.6,0.7,21000000.0,152000.0,0.0,1.0,True,0.01,0.95,10.0,39600.0,0.938,0.139
55,1 - 1 - 2022,19800.0,1.0295630140987,1.0,1.3335216533675034,5.95e-05,3.98107e-05,6.30957e-05,0.224,0.2,0.25,0.747,0.7,0.8,19000000.0,145000.0,244000.0,1.0,True,0.01,0.95,10.0,39600.0,0.938,0.139
56,1 - 1 - 2022,19800.0,1.03440804327886,1.0,1.3335216533675034,5.99e-05,3.98107e-05,6.30957e-05,0.222,0.2,0.25,0.847,0.8,0.9,9990000.0,105000.0,244000.0,1.0,True,0.01,0.95,10.0,39600.0,0.938,0.139
57,1 - 1 - 2022,19800.0,1.02469507659596,1.0,1.3335216533675034,5.92e-05,3.98107e-05,6.30957e-05,0.222,0.2,0.25,0.95,0.9,1.0,9010000.0,99700.0,487000.0,1.0,True,0.01,0.95,10.0,39600.0,0.938,0.139
58,1 - 1 - 2022,19800.0,1.0295630140987,1.0,1.3335216533675034,6e-05,3.98107e-05,6.30957e-05,0.224,0.2,0.25,1.19,1.0,1.5,3020000.0,25800.0,97400.0,1.0,True,0.01,0.95,10.0,39600.0,0.938,0.139
59,1 - 1 - 2022,19800.0,1.019803902718557,1.0,1.3335216533675034,5.89e-05,3.98107e-05,6.30957e-05,0.226,0.2,0.25,1.7,1.5,2.0,731000.0,12700.0,0.0,1.0,True,0.01,0.95,10.0,39600.0,0.938,0.139
60,1 - 1 - 2022,19800.0,1.0862780491200215,1.0,1.3335216533675034,5.98e-05,3.98107e-05,6.30957e-05,0.221,0.2,0.25,2.44,2.0,4.0,73100.0,2010.0,12200.0,1.0,True,0.01,0.95,10.0,39600.0,0.938,0.139
61,1 - 1 - 2022,19800.0,1.0295630140987,1.0,1.3335216533675034,5.99e-05,3.98107e-05,6.30957e-05,0.272,0.25,0.3,0.163,0.1,0.2,13200000.0,120000.0,11700000.0,1.0,True,0.01,0.95,10.0,39600.0,0.938,0.139
62,1 - 1 - 2022,19800.0,1.0295630140987,1.0,1.3335216533675034,5.97e-05,3.98107e-05,6.30957e-05,0.273,0.25,0.3,0.251,0.2,0.3,30500000.0,183000.0,15300000.0,1.0,True,0.01,0.95,10.0,39600.0,0.938,0.139
63,1 - 1 - 2022,19800.0,1.0295630140987,1.0,1.3335216533675034,5.94e-05,3.98107e-05,6.30957e-05,0.274,0.25,0.3,0.351,0.3,0.4,33600000.0,193000.0,5600000.0,1.0,True,0.01,0.95,10.0,39600.0,0.938,0.139
64,1 - 1 - 2022,19800.0,1.0295630140987,1.0,1.3335216533675034,5.97e-05,3.98107e-05,6.30957e-05,0.273,0.25,0.3,0.452,0.4,0.5,25800000.0,169000.0,1710000.0,1.0,True,0.01,0.95,10.0,39600.0,0.938,0.139
65,1 - 1 - 2022,19800.0,1.0295630140987,1.0,1.3335216533675034,5.98e-05,3.98107e-05,6.30957e-05,0.274,0.25,0.3,0.546,0.5,0.6,21000000.0,152000.0,731000.0,1.0,True,0.01,0.95,10.0,39600.0,0.938,0.139
66,1 - 1 - 2022,19800.0,1.03440804327886,1.0,1.3335216533675034,5.98e-05,3.98107e-05,6.30957e-05,0.274,0.25,0.3,0.648,0.6,0.7,16800000.0,136000.0,1460000.0,1.0,True,0.01,0.95,10.0,39600.0,0.938,0.139
67,1 - 1 - 2022,19800.0,1.0295630140987,1.0,1.3335216533675034,5.96e-05,3.98107e-05,6.30957e-05,0.272,0.25,0.3,0.745,0.7,0.8,12400000.0,117000.0,487000.0,1.0,True,0.01,0.95,10.0,39600.0,0.938,0.139
68,1 - 1 - 2022,19800.0,1.02469507659596,1.0,1.3335216533675034,5.95e-05,3.98107e-05,6.30957e-05,0.271,0.25,0.3,0.846,0.8,0.9,10200000.0,106000.0,244000.0,1.0,True,0.01,0.95,10.0,39600.0,0.938,0.139
69,1 - 1 - 2022,19800.0,1.02469507659596,1.0,1.3335216533675034,5.93e-05,3.98107e-05,6.30957e-05,0.275,0.25,0.3,0.952,0.9,1.0,8040000.0,94200.0,487000.0,1.0,True,0.01,0.95,10.0,39600.0,0.938,0.139
70,1 - 1 - 2022,19800.0,1.0295630140987,1.0,1.3335216533675034,5.93e-05,3.98107e-05,6.30957e-05,0.271,0.25,0.3,1.16,1.0,1.5,2090000.0,21500.0,97500.0,1.0,True,0.01,0.95,10.0,39600.0,0.938,0.139
71,1 - 1 - 2022,19800.0,1.0295630140987,1.0,1.3335216533675034,5.93e-05,3.98107e-05,6.30957e-05,0.275,0.25,0.3,1.77,1.5,2.0,390000.0,9280.0,97400.0,1.0,True,0.01,0.95,10.0,39600.0,0.938,0.139
72,1 - 1 - 2022,19800.0,1.1,1.0,1.3335216533675034,6.03e-05,3.98107e-05,6.30957e-05,0.268,0.25,0.3,2.64,2.0,4.0,97400.0,2320.0,24400.0,1.0,True,0.01,0.95,10.0,39600.0,0.938,0.139
73,1 - 1 - 2022,19800.0,1.02469507659596,1.0,1.3335216533675034,5.98e-05,3.98107e-05,6.30957e-05,0.344,0.3,0.4,0.162,0.1,0.2,7190000.0,63000.0,7060000.0,1.0,True,0.01,0.95,10.0,39600.0,0.938,0.139
74,1 - 1 - 2022,19800.0,1.0295630140987,1.0,1.3335216533675034,6e-05,3.98107e-05,6.30957e-05,0.34,0.3,0.4,0.257,0.2,0.3,13300000.0,85600.0,11900000.0,1.0,True,0.01,0.95,10.0,39600.0,0.938,0.139
75,1 - 1 - 2022,19800.0,1.0295630140987,1.0,1.3335216533675034,5.97e-05,3.98107e-05,6.30957e-05,0.346,0.3,0.4,0.349,0.3,0.4,19700000.0,104000.0,17900000.0,1.0,True,0.01,0.95,10.0,39600.0,0.938,0.139
76,1 - 1 - 2022,19800.0,1.0295630140987,1.0,1.3335216533675034,5.95e-05,3.98107e-05,6.30957e-05,0.345,0.3,0.4,0.448,0.4,0.5,19700000.0,104000.0,17200000.0,1.0,True,0.01,0.95,10.0,39600.0,0.938,0.139
77,1 - 1 - 2022,19800.0,1.0295630140987,1.0,1.3335216533675034,5.96e-05,3.98107e-05,6.30957e-05,0.347,0.3,0.4,0.547,0.5,0.6,16000000.0,93800.0,13600000.0,1.0,True,0.01,0.95,10.0,39600.0,0.938,0.139
78,1 - 1 - 2022,19800.0,1.0295630140987,1.0,1.3335216533675034,5.98e-05,3.98107e-05,6.30957e-05,0.347,0.3,0.4,0.644,0.6,0.7,10100000.0,74700.0,8400000.0,1.0,True,0.01,0.95,10.0,39600.0,0.938,0.139
79,1 - 1 - 2022,19800.0,1.0295630140987,1.0,1.3335216533675034,5.95e-05,3.98107e-05,6.30957e-05,0.348,0.3,0.4,0.749,0.7,0.8,7920000.0,66100.0,7060000.0,1.0,True,0.01,0.95,10.0,39600.0,0.938,0.139
80,1 - 1 - 2022,19800.0,1.02469507659596,1.0,1.3335216533675034,5.97e-05,3.98107e-05,6.30957e-05,0.34,0.3,0.4,0.844,0.8,0.9,4260000.0,48500.0,3650000.0,1.0,True,0.01,0.95,10.0,39600.0,0.938,0.139
81,1 - 1 - 2022,19800.0,1.02469507659596,1.0,1.3335216533675034,5.94e-05,3.98107e-05,6.30957e-05,0.338,0.3,0.4,0.951,0.9,1.0,3530000.0,44200.0,3170000.0,1.0,True,0.01,0.95,10.0,39600.0,0.938,0.139
82,1 - 1 - 2022,19800.0,1.0295630140987,1.0,1.3335216533675034,5.95e-05,3.98107e-05,6.30957e-05,0.345,0.3,0.4,1.18,1.0,1.5,1530000.0,13000.0,1360000.0,1.0,True,0.01,0.95,10.0,39600.0,0.938,0.139
83,1 - 1 - 2022,19800.0,1.0677078252031311,1.0,1.3335216533675034,5.97e-05,3.98107e-05,6.30957e-05,0.338,0.3,0.4,2.41,2.0,4.0,48700.0,1160.0,42600.0,1.0,True,0.01,0.95,10.0,39600.0,0.938,0.139
84,1 - 1 - 2022,19800.0,1.1135528725660044,1.0,1.3335216533675034,8.3e-05,6.30957e-05,0.0001,0.0156,0.0,0.05,0.0782,0.05,0.1,2060000000.0,1690000.0,2060000000.0,1.0,True,0.01,0.95,10.0,39600.0,0.938,0.139
85,1 - 1 - 2022,19800.0,1.1135528725660044,1.0,1.3335216533675034,8.3e-05,6.30957e-05,0.0001,0.0138,0.0,0.05,0.155,0.1,0.2,4150000000.0,1700000.0,3700000000.0,1.0,True,0.01,0.95,10.0,39600.0,0.938,0.139
86,1 - 1 - 2022,19800.0,1.1135528725660044,1.0,1.3335216533675034,8.3e-05,6.30957e-05,0.0001,0.0131,0.0,0.05,0.251,0.2,0.3,5790000000.0,2010000.0,4300000000.0,1.0,True,0.01,0.95,10.0,39600.0,0.938,0.139
87,1 - 1 - 2022,19800.0,1.1135528725660044,1.0,1.3335216533675034,8.3e-05,6.30957e-05,0.0001,0.0126,0.0,0.05,0.349,0.3,0.4,5940000000.0,2030000.0,3750000000.0,1.0,True,0.01,0.95,10.0,39600.0,0.938,0.139
88,1 - 1 - 2022,19800.0,1.1135528725660044,1.0,1.3335216533675034,8.31e-05,6.30957e-05,0.0001,0.0129,0.0,0.05,0.448,0.4,0.5,5150000000.0,1890000.0,2490000000.0,1.0,True,0.01,0.95,10.0,39600.0,0.938,0.139
89,1 - 1 - 2022,19800.0,1.1135528725660044,1.0,1.3335216533675034,8.31e-05,6.30957e-05,0.0001,0.0128,0.0,0.05,0.547,0.5,0.6,4030000000.0,1670000.0,1300000000.0,1.0,True,0.01,0.95,10.0,39600.0,0.938,0.139
90,1 - 1 - 2022,19800.0,1.1135528725660044,1.0,1.3335216533675034,8.31e-05,6.30957e-05,0.0001,0.013,0.0,0.05,0.647,0.6,0.7,2900000000.0,1420000.0,967000000.0,1.0,True,0.01,0.95,10.0,39600.0,0.938,0.139
91,1 - 1 - 2022,19800.0,1.1135528725660044,1.0,1.3335216533675034,8.32e-05,6.30957e-05,0.0001,0.0133,0.0,0.05,0.746,0.7,0.8,1980000000.0,1180000.0,657000000.0,1.0,True,0.01,0.95,10.0,39600.0,0.938,0.139
92,1 - 1 - 2022,19800.0,1.1135528725660044,1.0,1.3335216533675034,8.32e-05,6.30957e-05,0.0001,0.0139,0.0,0.05,0.846,0.8,0.9,1270000000.0,941000.0,178000000.0,1.0,True,0.01,0.95,10.0,39600.0,0.938,0.139
93,1 - 1 - 2022,19800.0,1.1090536506409416,1.0,1.3335216533675034,8.28e-05,6.30957e-05,0.0001,0.0141,0.0,0.05,0.946,0.9,1.0,817000000.0,754000.0,93900000.0,1.0,True,0.01,0.95,10.0,39600.0,0.938,0.139
94,1 - 1 - 2022,19800.0,1.118033988749895,1.0,1.3335216533675034,8.35e-05,6.30957e-05,0.0001,0.0156,0.0,0.05,1.17,1.0,1.5,243000000.0,184000.0,17300000.0,1.0,True,0.01,0.95,10.0,39600.0,0.938,0.139
95,1 - 1 - 2022,19800.0,1.1135528725660044,1.0,1.3335216533675034,8.29e-05,6.30957e-05,0.0001,0.0193,0.0,0.05,1.68,1.5,2.0,33300000.0,68100.0,1540000.0,1.0,True,0.01,0.95,10.0,39600.0,0.938,0.139
96,1 - 1 - 2022,19800.0,1.118033988749895,1.0,1.3335216533675034,8.42e-05,6.30957e-05,0.0001,0.0222,0.0,0.05,2.46,2.0,4.0,3380000.0,10900.0,115000.0,1.0,True,0.01,0.95,10.0,39600.0,0.938,0.139
97,1 - 1 - 2022,19800.0,1.1135528725660044,1.0,1.3335216533675034,8.34e-05,6.30957e-05,0.0001,0.0718,0.05,0.1,0.154,0.1,0.2,858000000.0,773000.0,856000000.0,1.0,True,0.01,0.95,10.0,39600.0,0.938,0.139
98,1 - 1 - 2022,19800.0,1.1135528725660044,1.0,1.3335216533675034,8.34e-05,6.30957e-05,0.0001,0.0723,0.05,0.1,0.251,0.2,0.3,1120000000.0,884000.0,1080000000.0,1.0,True,0.01,0.95,10.0,39600.0,0.938,0.139
99,1 - 1 - 2022,19800.0,1.1135528725660044,1.0,1.3335216533675034,8.35e-05,6.30957e-05,0.0001,0.0722,0.05,0.1,0.349,0.3,0.4,1140000000.0,890000.0,1070000000.0,1.0,True,0.01,0.95,10.0,39600.0,0.938,0.139
100,1 - 1 - 2022,19800.0,1.1135528725660044,1.0,1.3335216533675034,8.3e-05,6.30957e-05,0.0001,0.0716,0.05,0.1,0.449,0.4,0.5,984000000.0,828000.0,891000000.0,1.0,True,0.01,0.95,10.0,39600.0,0.938,0.139
101,1 - 1 - 2022,19800.0,1.1135528725660044,1.0,1.3335216533675034,8.34e-05,6.30957e-05,0.0001,0.0724,0.05,0.1,0.548,0.5,0.6,800000000.0,747000.0,668000000.0,1.0,True,0.01,0.95,10.0,39600.0,0.938,0.139
102,1 - 1 - 2022,19800.0,1.1135528725660044,1.0,1.3335216533675034,8.32e-05,6.30957e-05,0.0001,0.0725,0.05,0.1,0.647,0.6,0.7,583000000.0,637000.0,355000000.0,1.0,True,0.01,0.95,10.0,39600.0,0.938,0.139
103,1 - 1 - 2022,19800.0,1.1135528725660044,1.0,1.3335216533675034,8.34e-05,6.30957e-05,0.0001,0.0729,0.05,0.1,0.747,0.7,0.8,413000000.0,536000.0,157000000.0,1.0,True,0.01,0.95,10.0,39600.0,0.938,0.139
104,1 - 1 - 2022,19800.0,1.1135528725660044,1.0,1.3335216533675034,8.37e-05,6.30957e-05,0.0001,0.0723,0.05,0.1,0.846,0.8,0.9,282000000.0,443000.0,52100000.0,1.0,True,0.01,0.95,10.0,39600.0,0.938,0.139
105,1 - 1 - 2022,19800.0,1.1135528725660044,1.0,1.3335216533675034,8.32e-05,6.30957e-05,0.0001,0.0725,0.05,0.1,0.946,0.9,1.0,190000000.0,364000.0,14000000.0,1.0,True,0.01,0.95,10.0,39600.0,0.938,0.139
106,1 - 1 - 2022,19800.0,1.1135528725660044,1.0,1.3335216533675034,8.31e-05,6.30957e-05,0.0001,0.0726,0.05,0.1,1.18,1.0,1.5,70000000.0,98700.0,277000.0,1.0,True,0.01,0.95,10.0,39600.0,0.938,0.139
107,1 - 1 - 2022,19800.0,1.1224972160321824,1.0,1.3335216533675034,8.39e-05,6.30957e-05,0.0001,0.073,0.05,0.1,1.7,1.5,2.0,13800000.0,43800.0,61500.0,1.0,True,0.01,0.95,10.0,39600.0,0.938,0.139
108,1 - 1 - 2022,19800.0,1.118033988749895,1.0,1.3335216533675034,8.34e-05,6.30957e-05,0.0001,0.0735,0.05,0.1,2.51,2.0,4.0,1870000.0,8060.0,169000.0,1.0,True,0.01,0.95,10.0,39600.0,0.938,0.139
109,1 - 1 - 2022,19800.0,1.0954451150103321,1.0,1.3335216533675034,8.61e-05,6.30957e-05,0.0001,0.123,0.1,0.15,0.0338,0.0,0.05,53200000.0,272000.0,50700000.0,1.0,True,0.01,0.95,10.0,39600.0,0.938,0.139
110,1 - 1 - 2022,19800.0,1.104536101718726,1.0,1.3335216533675034,8.32e-05,6.30957e-05,0.0001,0.123,0.1,0.15,0.0783,0.05,0.1,200000000.0,528000.0,146000000.0,1.0,True,0.01,0.95,10.0,39600.0,0.938,0.139
111,1 - 1 - 2022,19800.0,1.1090536506409416,1.0,1.3335216533675034,8.31e-05,6.30957e-05,0.0001,0.123,0.1,0.15,0.154,0.1,0.2,473000000.0,574000.0,268000000.0,1.0,True,0.01,0.95,10.0,39600.0,0.938,0.139
112,1 - 1 - 2022,19800.0,1.1135528725660044,1.0,1.3335216533675034,8.33e-05,6.30957e-05,0.0001,0.123,0.1,0.15,0.251,0.2,0.3,633000000.0,664000.0,293000000.0,1.0,True,0.01,0.95,10.0,39600.0,0.938,0.139
113,1 - 1 - 2022,19800.0,1.1090536506409416,1.0,1.3335216533675034,8.34e-05,6.30957e-05,0.0001,0.123,0.1,0.15,0.349,0.3,0.4,659000000.0,678000.0,303000000.0,1.0,True,0.01,0.95,10.0,39600.0,0.938,0.139
114,1 - 1 - 2022,19800.0,1.1135528725660044,1.0,1.3335216533675034,8.35e-05,6.30957e-05,0.0001,0.123,0.1,0.15,0.449,0.4,0.5,580000000.0,636000.0,250000000.0,1.0,True,0.01,0.95,10.0,39600.0,0.938,0.139
115,1 - 1 - 2022,19800.0,1.1135528725660044,1.0,1.3335216533675034,8.35e-05,6.30957e-05,0.0001,0.123,0.1,0.15,0.547,0.5,0.6,461000000.0,566000.0,195000000.0,1.0,True,0.01,0.95,10.0,39600.0,0.938,0.139
116,1 - 1 - 2022,19800.0,1.1135528725660044,1.0,1.3335216533675034,8.34e-05,6.30957e-05,0.0001,0.124,0.1,0.15,0.647,0.6,0.7,356000000.0,498000.0,134000000.0,1.0,True,0.01,0.95,10.0,39600.0,0.938,0.139
117,1 - 1 - 2022,19800.0,1.1135528725660044,1.0,1.3335216533675034,8.32e-05,6.30957e-05,0.0001,0.123,0.1,0.15,0.748,0.7,0.8,261000000.0,426000.0,86500000.0,1.0,True,0.01,0.95,10.0,39600.0,0.938,0.139
118,1 - 1 - 2022,19800.0,1.1135528725660044,1.0,1.3335216533675034,8.32e-05,6.30957e-05,0.0001,0.123,0.1,0.15,0.845,0.8,0.9,178000000.0,352000.0,45000000.0,1.0,True,0.01,0.95,10.0,39600.0,0.938,0.139
119,1 - 1 - 2022,19800.0,1.118033988749895,1.0,1.3335216533675034,8.31e-05,6.30957e-05,0.0001,0.123,0.1,0.15,0.948,0.9,1.0,119000000.0,288000.0,18400000.0,1.0,True,0.01,0.95,10.0,39600.0,0.938,0.139
120,1 - 1 - 2022,19800.0,1.1135528725660044,1.0,1.3335216533675034,8.31e-05,6.30957e-05,0.0001,0.123,0.1,0.15,1.19,1.0,1.5,47300000.0,81200.0,523000.0,1.0,True,0.01,0.95,10.0,39600.0,0.938,0.139
121,1 - 1 - 2022,19800.0,1.1224972160321824,1.0,1.3335216533675034,8.3e-05,6.30957e-05,0.0001,0.124,0.1,0.15,1.7,1.5,2.0,11300000.0,39600.0,61500.0,1.0,True,0.01,0.95,10.0,39600.0,0.938,0.139
122,1 - 1 - 2022,19800.0,1.1269427669584644,1.0,1.3335216533675034,8.28e-05,6.30957e-05,0.0001,0.127,0.1,0.15,2.57,2.0,4.0,1560000.0,7370.0,7690.0,1.0,True,0.01,0.95,10.0,39600.0,0.938,0.139
123,1 - 1 - 2022,19800.0,1.0862780491200215,1.0,1.3335216533675034,8.6e-05,6.30957e-05,0.0001,0.171,0.15,0.2,0.0329,0.0,0.05,36000000.0,224000.0,28600000.0,1.0,True,0.01,0.95,10.0,39600.0,0.938,0.139
124,1 - 1 - 2022,19800.0,1.1090536506409416,1.0,1.3335216533675034,8.5e-05,6.30957e-05,0.0001,0.172,0.15,0.2,0.0766,0.05,0.1,124000000.0,415000.0,66400000.0,1.0,True,0.01,0.95,10.0,39600.0,0.938,0.139
125,1 - 1 - 2022,19800.0,1.1090536506409416,1.0,1.3335216533675034,8.33e-05,6.30957e-05,0.0001,0.172,0.15,0.2,0.156,0.1,0.2,271000000.0,434000.0,82200000.0,1.0,True,0.01,0.95,10.0,39600.0,0.938,0.139
126,1 - 1 - 2022,19800.0,1.1090536506409416,1.0,1.3335216533675034,8.32e-05,6.30957e-05,0.0001,0.173,0.15,0.2,0.251,0.2,0.3,421000000.0,542000.0,28400000.0,1.0,True,0.01,0.95,10.0,39600.0,0.938,0.139
127,1 - 1 - 2022,19800.0,1.1135528725660044,1.0,1.3335216533675034,8.31e-05,6.30957e-05,0.0001,0.174,0.15,0.2,0.349,0.3,0.4,431000000.0,548000.0,6000000.0,1.0,True,0.01,0.95,10.0,39600.0,0.938,0.139
128,1 - 1 - 2022,19800.0,1.1135528725660044,1.0,1.3335216533675034,8.34e-05,6.30957e-05,0.0001,0.173,0.15,0.2,0.449,0.4,0.5,381000000.0,515000.0,7220000.0,1.0,True,0.01,0.95,10.0,39600.0,0.938,0.139
129,1 - 1 - 2022,19800.0,1.1135528725660044,1.0,1.3335216533675034,8.29e-05,6.30957e-05,0.0001,0.173,0.15,0.2,0.547,0.5,0.6,294000000.0,452000.0,4300000.0,1.0,True,0.01,0.95,10.0,39600.0,0.938,0.139
130,1 - 1 - 2022,19800.0,1.1090536506409416,1.0,1.3335216533675034,8.32e-05,6.30957e-05,0.0001,0.174,0.15,0.2,0.648,0.6,0.7,236000000.0,405000.0,1690000.0,1.0,True,0.01,0.95,10.0,39600.0,0.938,0.139
131,1 - 1 - 2022,19800.0,1.1135528725660044,1.0,1.3335216533675034,8.34e-05,6.30957e-05,0.0001,0.174,0.15,0.2,0.746,0.7,0.8,170000000.0,344000.0,769000.0,1.0,True,0.01,0.95,10.0,39600.0,0.938,0.139
132,1 - 1 - 2022,19800.0,1.1135528725660044,1.0,1.3335216533675034,8.33e-05,6.30957e-05,0.0001,0.173,0.15,0.2,0.848,0.8,0.9,123000000.0,292000.0,768000.0,1.0,True,0.01,0.95,10.0,39600.0,0.938,0.139
133,1 - 1 - 2022,19800.0,1.118033988749895,1.0,1.3335216533675034,8.35e-05,6.30957e-05,0.0001,0.173,0.15,0.2,0.948,0.9,1.0,82700000.0,240000.0,615000.0,1.0,True,0.01,0.95,10.0,39600.0,0.938,0.139
134,1 - 1 - 2022,19800.0,1.118033988749895,1.0,1.3335216533675034,8.36e-05,6.30957e-05,0.0001,0.174,0.15,0.2,1.18,1.0,1.5,34200000.0,69000.0,7.97,1.0,True,0.01,0.95,10.0,39600.0,0.938,0.139
135,1 - 1 - 2022,19800.0,1.1090536506409416,1.0,1.3335216533675034,8.27e-05,6.30957e-05,0.0001,0.175,0.15,0.2,1.71,1.5,2.0,7810000.0,33000.0,92200.0,1.0,True,0.01,0.95,10.0,39600.0,0.938,0.139
136,1 - 1 - 2022,19800.0,1.1224972160321824,1.0,1.3335216533675034,8.46e-05,6.30957e-05,0.0001,0.172,0.15,0.2,2.57,2.0,4.0,1050000.0,6030.0,30700.0,1.0,True,0.01,0.95,10.0,39600.0,0.938,0.139
137,1 - 1 - 2022,19800.0,1.0816653826391966,1.0,1.3335216533675034,8.63e-05,6.30957e-05,0.0001,0.224,0.2,0.25,0.0346,0.0,0.05,29200000.0,202000.0,19400000.0,1.0,True,0.01,0.95,10.0,39600.0,0.938,0.139
138,1 - 1 - 2022,19800.0,1.1,1.0,1.3335216533675034,8.58e-05,6.30957e-05,0.0001,0.224,0.2,0.25,0.0765,0.05,0.1,79000000.0,332000.0,48900000.0,1.0,True,0.01,0.95,10.0,39600.0,0.938,0.139
139,1 - 1 - 2022,19800.0,1.104536101718726,1.0,1.3335216533675034,8.31e-05,6.30957e-05,0.0001,0.222,0.2,0.25,0.155,0.1,0.2,158000000.0,331000.0,54100000.0,1.0,True,0.01,0.95,10.0,39600.0,0.938,0.139
140,1 - 1 - 2022,19800.0,1.1135528725660044,1.0,1.3335216533675034,8.29e-05,6.30957e-05,0.0001,0.223,0.2,0.25,0.253,0.2,0.3,281000000.0,442000.0,58000000.0,1.0,True,0.01,0.95,10.0,39600.0,0.938,0.139
141,1 - 1 - 2022,19800.0,1.1135528725660044,1.0,1.3335216533675034,8.3e-05,6.30957e-05,0.0001,0.224,0.2,0.25,0.35,0.3,0.4,296000000.0,454000.0,2610000.0,1.0,True,0.01,0.95,10.0,39600.0,0.938,0.139
142,1 - 1 - 2022,19800.0,1.1090536506409416,1.0,1.3335216533675034,8.28e-05,6.30957e-05,0.0001,0.223,0.2,0.25,0.448,0.4,0.5,267000000.0,431000.0,307000.0,1.0,True,0.01,0.95,10.0,39600.0,0.938,0.139
143,1 - 1 - 2022,19800.0,1.1090536506409416,1.0,1.3335216533675034,8.34e-05,6.30957e-05,0.0001,0.224,0.2,0.25,0.549,0.5,0.6,211000000.0,383000.0,615000.0,1.0,True,0.01,0.95,10.0,39600.0,0.938,0.139
144,1 - 1 - 2022,19800.0,1.1135528725660044,1.0,1.3335216533675034,8.33e-05,6.30957e-05,0.0001,0.224,0.2,0.25,0.65,0.6,0.7,169000000.0,343000.0,307000.0,1.0,True,0.01,0.95,10.0,39600.0,0.938,0.139
145,1 - 1 - 2022,19800.0,1.1090536506409416,1.0,1.3335216533675034,8.29e-05,6.30957e-05,0.0001,0.223,0.2,0.25,0.749,0.7,0.8,108000000.0,275000.0,154000.0,1.0,True,0.01,0.95,10.0,39600.0,0.938,0.139
146,1 - 1 - 2022,19800.0,1.1090536506409416,1.0,1.3335216533675034,8.27e-05,6.30957e-05,0.0001,0.223,0.2,0.25,0.846,0.8,0.9,88800000.0,249000.0,46.5,1.0,True,0.01,0.95,10.0,39600.0,0.938,0.139
147,1 - 1 - 2022,19800.0,1.1135528725660044,1.0,1.3335216533675034,8.3e-05,6.30957e-05,0.0001,0.223,0.2,0.25,0.947,0.9,1.0,59000000.0,203000.0,307000.0,1.0,True,0.01,0.95,10.0,39600.0,0.938,0.139
148,1 - 1 - 2022,19800.0,1.1224972160321824,1.0,1.3335216533675034,8.34e-05,6.30957e-05,0.0001,0.224,0.2,0.25,1.18,1.0,1.5,24600000.0,58600.0,30700.0,1.0,True,0.01,0.95,10.0,39600.0,0.938,0.139
149,1 - 1 - 2022,19800.0,1.1135528725660044,1.0,1.3335216533675034,8.23e-05,6.30957e-05,0.0001,0.224,0.2,0.25,1.69,1.5,2.0,6360000.0,29800.0,0.0,1.0,True,0.01,0.95,10.0,39600.0,0.938,0.139
150,1 - 1 - 2022,19800.0,1.1269427669584644,1.0,1.3335216533675034,8.49e-05,6.30957e-05,0.0001,0.223,0.2,0.25,2.52,2.0,4.0,930000.0,5690.0,108000.0,1.0,True,0.01,0.95,10.0,39600.0,0.938,0.139
151,1 - 1 - 2022,19800.0,1.0723805294763609,1.0,1.3335216533675034,8.41e-05,6.30957e-05,0.0001,0.273,0.25,0.3,0.0341,0.0,0.05,18100000.0,159000.0,14800000.0,1.0,True,0.01,0.95,10.0,39600.0,0.938,0.139
152,1 - 1 - 2022,19800.0,1.0908712114635715,1.0,1.3335216533675034,8.64e-05,6.30957e-05,0.0001,0.273,0.25,0.3,0.0787,0.05,0.1,48600000.0,260000.0,26700000.0,1.0,True,0.01,0.95,10.0,39600.0,0.938,0.139
153,1 - 1 - 2022,19800.0,1.1,1.0,1.3335216533675034,8.34e-05,6.30957e-05,0.0001,0.274,0.25,0.3,0.155,0.1,0.2,114000000.0,281000.0,45300000.0,1.0,True,0.01,0.95,10.0,39600.0,0.938,0.139
154,1 - 1 - 2022,19800.0,1.104536101718726,1.0,1.3335216533675034,8.28e-05,6.30957e-05,0.0001,0.273,0.25,0.3,0.253,0.2,0.3,182000000.0,356000.0,46300000.0,1.0,True,0.01,0.95,10.0,39600.0,0.938,0.139
155,1 - 1 - 2022,19800.0,1.1090536506409416,1.0,1.3335216533675034,8.33e-05,6.30957e-05,0.0001,0.273,0.25,0.3,0.35,0.3,0.4,227000000.0,398000.0,29100000.0,1.0,True,0.01,0.95,10.0,39600.0,0.938,0.139
156,1 - 1 - 2022,19800.0,1.1135528725660044,1.0,1.3335216533675034,8.35e-05,6.30957e-05,0.0001,0.274,0.25,0.3,0.448,0.4,0.5,206000000.0,379000.0,615000.0,1.0,True,0.01,0.95,10.0,39600.0,0.938,0.139
157,1 - 1 - 2022,19800.0,1.1135528725660044,1.0,1.3335216533675034,8.31e-05,6.30957e-05,0.0001,0.275,0.25,0.3,0.547,0.5,0.6,165000000.0,339000.0,922000.0,1.0,True,0.01,0.95,10.0,39600.0,0.938,0.139
158,1 - 1 - 2022,19800.0,1.1090536506409416,1.0,1.3335216533675034,8.34e-05,6.30957e-05,0.0001,0.274,0.25,0.3,0.648,0.6,0.7,124000000.0,293000.0,1080000.0,1.0,True,0.01,0.95,10.0,39600.0,0.938,0.139
159,1 - 1 - 2022,19800.0,1.1135528725660044,1.0,1.3335216533675034,8.33e-05,6.30957e-05,0.0001,0.274,0.25,0.3,0.748,0.7,0.8,89500000.0,250000.0,615000.0,1.0,True,0.01,0.95,10.0,39600.0,0.938,0.139
160,1 - 1 - 2022,19800.0,1.1135528725660044,1.0,1.3335216533675034,8.36e-05,6.30957e-05,0.0001,0.273,0.25,0.3,0.848,0.8,0.9,65000000.0,213000.0,307000.0,1.0,True,0.01,0.95,10.0,39600.0,0.938,0.139
161,1 - 1 - 2022,19800.0,1.1135528725660044,1.0,1.3335216533675034,8.41e-05,6.30957e-05,0.0001,0.274,0.25,0.3,0.948,0.9,1.0,46900000.0,181000.0,79.7,1.0,True,0.01,0.95,10.0,39600.0,0.938,0.139
162,1 - 1 - 2022,19800.0,1.118033988749895,1.0,1.3335216533675034,8.42e-05,6.30957e-05,0.0001,0.275,0.25,0.3,1.2,1.0,1.5,17800000.0,49800.0,17.3,1.0,True,0.01,0.95,10.0,39600.0,0.938,0.139
163,1 - 1 - 2022,19800.0,1.1135528725660044,1.0,1.3335216533675034,8.33e-05,6.30957e-05,0.0001,0.272,0.25,0.3,1.7,1.5,2.0,4920000.0,26200.0,61500.0,1.0,True,0.01,0.95,10.0,39600.0,0.938,0.139
164,1 - 1 - 2022,19800.0,1.1135528725660044,1.0,1.3335216533675034,8.3e-05,6.30957e-05,0.0001,0.272,0.25,0.3,2.63,2.0,4.0,861000.0,5470.0,231000.0,1.0,True,0.01,0.95,10.0,39600.0,0.938,0.139
165,1 - 1 - 2022,19800.0,1.0816653826391966,1.0,1.3335216533675034,8.77e-05,6.30957e-05,0.0001,0.35,0.3,0.4,0.0321,0.0,0.05,11400000.0,89000.0,8910000.0,1.0,True,0.01,0.95,10.0,39600.0,0.938,0.139
166,1 - 1 - 2022,19800.0,1.0954451150103321,1.0,1.3335216533675034,8.66e-05,6.30957e-05,0.0001,0.348,0.3,0.4,0.0783,0.05,0.1,37400000.0,161000.0,26100000.0,1.0,True,0.01,0.95,10.0,39600.0,0.938,0.139
167,1 - 1 - 2022,19800.0,1.1,1.0,1.3335216533675034,8.53e-05,6.30957e-05,0.0001,0.345,0.3,0.4,0.155,0.1,0.2,64900000.0,150000.0,34200000.0,1.0,True,0.01,0.95,10.0,39600.0,0.938,0.139
168,1 - 1 - 2022,19800.0,1.104536101718726,1.0,1.3335216533675034,8.31e-05,6.30957e-05,0.0001,0.345,0.3,0.4,0.253,0.2,0.3,112000000.0,197000.0,52900000.0,1.0,True,0.01,0.95,10.0,39600.0,0.938,0.139
169,1 - 1 - 2022,19800.0,1.1090536506409416,1.0,1.3335216533675034,8.32e-05,6.30957e-05,0.0001,0.344,0.3,0.4,0.352,0.3,0.4,142000000.0,222000.0,68200000.0,1.0,True,0.01,0.95,10.0,39600.0,0.938,0.139
170,1 - 1 - 2022,19800.0,1.1090536506409416,1.0,1.3335216533675034,8.38e-05,6.30957e-05,0.0001,0.345,0.3,0.4,0.448,0.4,0.5,138000000.0,219000.0,54300000.0,1.0,True,0.01,0.95,10.0,39600.0,0.938,0.139
171,1 - 1 - 2022,19800.0,1.1135528725660044,1.0,1.3335216533675034,8.33e-05,6.30957e-05,0.0001,0.346,0.3,0.4,0.548,0.5,0.6,107000000.0,193000.0,39000000.0,1.0,True,0.01,0.95,10.0,39600.0,0.938,0.139
172,1 - 1 - 2022,19800.0,1.1090536506409416,1.0,1.3335216533675034,8.34e-05,6.30957e-05,0.0001,0.345,0.3,0.4,0.649,0.6,0.7,81600000.0,169000.0,28700000.0,1.0,True,0.01,0.95,10.0,39600.0,0.938,0.139
173,1 - 1 - 2022,19800.0,1.1135528725660044,1.0,1.3335216533675034,8.39e-05,6.30957e-05,0.0001,0.347,0.3,0.4,0.748,0.7,0.8,55200000.0,139000.0,20400000.0,1.0,True,0.01,0.95,10.0,39600.0,0.938,0.139
174,1 - 1 - 2022,19800.0,1.104536101718726,1.0,1.3335216533675034,8.33e-05,6.30957e-05,0.0001,0.346,0.3,0.4,0.848,0.8,0.9,38300000.0,115000.0,13800000.0,1.0,True,0.01,0.95,10.0,39600.0,0.938,0.139
175,1 - 1 - 2022,19800.0,1.1135528725660044,1.0,1.3335216533675034,8.25e-05,6.30957e-05,0.0001,0.342,0.3,0.4,0.945,0.9,1.0,28800000.0,100000.0,12000000.0,1.0,True,0.01,0.95,10.0,39600.0,0.938,0.139
176,1 - 1 - 2022,19800.0,1.118033988749895,1.0,1.3335216533675034,8.33e-05,6.30957e-05,0.0001,0.345,0.3,0.4,1.19,1.0,1.5,12700000.0,29700.0,5160000.0,1.0,True,0.01,0.95,10.0,39600.0,0.938,0.139
177,1 - 1 - 2022,19800.0,1.118033988749895,1.0,1.3335216533675034,8.43e-05,6.30957e-05,0.0001,0.344,0.3,0.4,1.7,1.5,2.0,3070000.0,14600.0,1290000.0,1.0,True,0.01,0.95,10.0,39600.0,0.938,0.139
178,1 - 1 - 2022,19800.0,1.1269427669584644,1.0,1.3335216533675034,8.3e-05,6.30957e-05,0.0001,0.344,0.3,0.4,2.6,2.0,4.0,534000.0,3050.0,338000.0,1.0,True,0.01,0.95,10.0,39600.0,0.938,0.139
179,1 - 1 - 2022,19800.0,1.0770329614269007,1.0,1.3335216533675034,8.88e-05,6.30957e-05,0.0001,0.448,0.4,0.5,0.0356,0.0,0.05,8450000.0,76700.0,6300000.0,1.0,True,0.01,0.95,10.0,39600.0,0.938,0.139
180,1 - 1 - 2022,19800.0,1.0908712114635715,1.0,1.3335216533675034,8.63e-05,6.30957e-05,0.0001,0.445,0.4,0.5,0.0775,0.05,0.1,23200000.0,127000.0,20100000.0,1.0,True,0.01,0.95,10.0,39600.0,0.938,0.139
181,1 - 1 - 2022,19800.0,1.0954451150103321,1.0,1.3335216533675034,8.53e-05,6.30957e-05,0.0001,0.445,0.4,0.5,0.154,0.1,0.2,42600000.0,122000.0,35400000.0,1.0,True,0.01,0.95,10.0,39600.0,0.938,0.139
182,1 - 1 - 2022,19800.0,1.104536101718726,1.0,1.3335216533675034,8.39e-05,6.30957e-05,0.0001,0.445,0.4,0.5,0.251,0.2,0.3,56900000.0,141000.0,48100000.0,1.0,True,0.01,0.95,10.0,39600.0,0.938,0.139
183,1 - 1 - 2022,19800.0,1.104536101718726,1.0,1.3335216533675034,8.28e-05,6.30957e-05,0.0001,0.445,0.4,0.5,0.352,0.3,0.4,68600000.0,154000.0,59100000.0,1.0,True,0.01,0.95,10.0,39600.0,0.938,0.139
184,1 - 1 - 2022,19800.0,1.104536101718726,1.0,1.3335216533675034,8.31e-05,6.30957e-05,0.0001,0.445,0.4,0.5,0.449,0.4,0.5,72900000.0,159000.0,62600000.0,1.0,True,0.01,0.95,10.0,39600.0,0.938,0.139
185,1 - 1 - 2022,19800.0,1.1090536506409416,1.0,1.3335216533675034,8.32e-05,6.30957e-05,0.0001,0.446,0.4,0.5,0.548,0.5,0.6,63300000.0,148000.0,54600000.0,1.0,True,0.01,0.95,10.0,39600.0,0.938,0.139
186,1 - 1 - 2022,19800.0,1.1090536506409416,1.0,1.3335216533675034,8.3e-05,6.30957e-05,0.0001,0.448,0.4,0.5,0.649,0.6,0.7,52800000.0,136000.0,45300000.0,1.0,True,0.01,0.95,10.0,39600.0,0.938,0.139
187,1 - 1 - 2022,19800.0,1.1135528725660044,1.0,1.3335216533675034,8.43e-05,6.30957e-05,0.0001,0.446,0.4,0.5,0.748,0.7,0.8,34700000.0,110000.0,29500000.0,1.0,True,0.01,0.95,10.0,39600.0,0.938,0.139
188,1 - 1 - 2022,19800.0,1.104536101718726,1.0,1.3335216533675034,8.25e-05,6.30957e-05,0.0001,0.45,0.4,0.5,0.845,0.8,0.9,24700000.0,92700.0,21200000.0,1.0,True,0.01,0.95,10.0,39600.0,0.938,0.139
189,1 - 1 - 2022,19800.0,1.1269427669584644,1.0,1.3335216533675034,8.48e-05,6.30957e-05,0.0001,0.445,0.4,0.5,0.945,0.9,1.0,16800000.0,76400.0,14400000.0,1.0,True,0.01,0.95,10.0,39600.0,0.938,0.139
190,1 - 1 - 2022,19800.0,1.1135528725660044,1.0,1.3335216533675034,8.36e-05,6.30957e-05,0.0001,0.445,0.4,0.5,1.2,1.0,1.5,7130000.0,22300.0,6090000.0,1.0,True,0.01,0.95,10.0,39600.0,0.938,0.139
191,1 - 1 - 2022,19800.0,1.1269427669584644,1.0,1.3335216533675034,8.38e-05,6.30957e-05,0.0001,0.446,0.4,0.5,1.73,1.5,2.0,2180000.0,12300.0,1940000.0,1.0,True,0.01,0.95,10.0,39600.0,0.938,0.139
192,1 - 1 - 2022,19800.0,1.140175425099138,1.0,1.3335216533675034,8.25e-05,6.30957e-05,0.0001,0.449,0.4,0.5,2.49,2.0,4.0,407000.0,2660.0,384000.0,1.0,True,0.01,0.95,10.0,39600.0,0.938,0.139
193,1 - 1 - 2022,19800.0,1.0770329614269007,1.0,1.3335216533675034,8.62e-05,6.30957e-05,0.0001,0.553,0.5,0.6,0.0784,0.05,0.1,14000000.0,98700.0,13800000.0,1.0,True,0.01,0.95,10.0,39600.0,0.938,0.139
194,1 - 1 - 2022,19800.0,1.0908712114635715,1.0,1.3335216533675034,8.64e-05,6.30957e-05,0.0001,0.546,0.5,0.6,0.154,0.1,0.2,26200000.0,95500.0,26000000.0,1.0,True,0.01,0.95,10.0,39600.0,0.938,0.139
195,1 - 1 - 2022,19800.0,1.1,1.0,1.3335216533675034,8.47e-05,6.30957e-05,0.0001,0.546,0.5,0.6,0.25,0.2,0.3,34500000.0,110000.0,34000000.0,1.0,True,0.01,0.95,10.0,39600.0,0.938,0.139
196,1 - 1 - 2022,19800.0,1.1,1.0,1.3335216533675034,8.3e-05,6.30957e-05,0.0001,0.546,0.5,0.6,0.351,0.3,0.4,37900000.0,115000.0,37800000.0,1.0,True,0.01,0.95,10.0,39600.0,0.938,0.139
197,1 - 1 - 2022,19800.0,1.1,1.0,1.3335216533675034,8.25e-05,6.30957e-05,0.0001,0.545,0.5,0.6,0.449,0.4,0.5,38400000.0,116000.0,38300000.0,1.0,True,0.01,0.95,10.0,39600.0,0.938,0.139
198,1 - 1 - 2022,19800.0,1.1135528725660044,1.0,1.3335216533675034,8.33e-05,6.30957e-05,0.0001,0.545,0.5,0.6,0.551,0.5,0.6,40300000.0,119000.0,40300000.0,1.0,True,0.01,0.95,10.0,39600.0,0.938,0.139
199,1 - 1 - 2022,19800.0,1.1135528725660044,1.0,1.3335216533675034,8.35e-05,6.30957e-05,0.0001,0.546,0.5,0.6,0.749,0.7,0.8,24400000.0,92100.0,24100000.0,1.0,True,0.01,0.95,10.0,39600.0,0.938,0.139
200,1 - 1 - 2022,19800.0,1.1090536506409416,1.0,1.3335216533675034,8.29e-05,6.30957e-05,0.0001,0.547,0.5,0.6,0.848,0.8,0.9,13900000.0,69600.0,13800000.0,1.0,True,0.01,0.95,10.0,39600.0,0.938,0.139
201,1 - 1 - 2022,19800.0,1.1489125293076057,1.0,1.3335216533675034,0.000127,0.0001,0.000158489,0.0175,0.0,0.05,0.0784,0.05,0.1,1710000000.0,1230000.0,1710000000.0,1.0,True,0.01,0.95,10.0,39600.0,0.938,0.139
202,1 - 1 - 2022,19800.0,1.1532562594670797,1.0,1.3335216533675034,0.000127,0.0001,0.000158489,0.0152,0.0,0.05,0.155,0.1,0.2,3540000000.0,1250000.0,3110000000.0,1.0,True,0.01,0.95,10.0,39600.0,0.938,0.139
203,1 - 1 - 2022,19800.0,1.1489125293076057,1.0,1.3335216533675034,0.000127,0.0001,0.000158489,0.0141,0.0,0.05,0.251,0.2,0.3,4920000000.0,1470000.0,3590000000.0,1.0,True,0.01,0.95,10.0,39600.0,0.938,0.139
204,1 - 1 - 2022,19800.0,1.1489125293076057,1.0,1.3335216533675034,0.000127,0.0001,0.000158489,0.0139,0.0,0.05,0.349,0.3,0.4,5020000000.0,1480000.0,3190000000.0,1.0,True,0.01,0.95,10.0,39600.0,0.938,0.139
205,1 - 1 - 2022,19800.0,1.1489125293076057,1.0,1.3335216533675034,0.000127,0.0001,0.000158489,0.0138,0.0,0.05,0.448,0.4,0.5,4390000000.0,1390000.0,2140000000.0,1.0,True,0.01,0.95,10.0,39600.0,0.938,0.139
206,1 - 1 - 2022,19800.0,1.1532562594670797,1.0,1.3335216533675034,0.000127,0.0001,0.000158489,0.014,0.0,0.05,0.547,0.5,0.6,3360000000.0,1210000.0,1140000000.0,1.0,True,0.01,0.95,10.0,39600.0,0.938,0.139
207,1 - 1 - 2022,19800.0,1.1489125293076057,1.0,1.3335216533675034,0.000127,0.0001,0.000158489,0.0143,0.0,0.05,0.647,0.6,0.7,2470000000.0,1040000.0,797000000.0,1.0,True,0.01,0.95,10.0,39600.0,0.938,0.139
208,1 - 1 - 2022,19800.0,1.1532562594670797,1.0,1.3335216533675034,0.000127,0.0001,0.000158489,0.0146,0.0,0.05,0.747,0.7,0.8,1660000000.0,853000.0,501000000.0,1.0,True,0.01,0.95,10.0,39600.0,0.938,0.139
209,1 - 1 - 2022,19800.0,1.1532562594670797,1.0,1.3335216533675034,0.000127,0.0001,0.000158489,0.0148,0.0,0.05,0.846,0.8,0.9,1080000000.0,690000.0,177000000.0,1.0,True,0.01,0.95,10.0,39600.0,0.938,0.139
210,1 - 1 - 2022,19800.0,1.1489125293076057,1.0,1.3335216533675034,0.000127,0.0001,0.000158489,0.0154,0.0,0.05,0.945,0.9,1.0,681000000.0,547000.0,80200000.0,1.0,True,0.01,0.95,10.0,39600.0,0.938,0.139
211,1 - 1 - 2022,19800.0,1.1532562594670797,1.0,1.3335216533675034,0.000127,0.0001,0.000158489,0.0167,0.0,0.05,1.16,1.0,1.5,205000000.0,134000.0,15800000.0,1.0,True,0.01,0.95,10.0,39600.0,0.938,0.139
212,1 - 1 - 2022,19800.0,1.1575836902790226,1.0,1.3335216533675034,0.000127,0.0001,0.000158489,0.0206,0.0,0.05,1.69,1.5,2.0,29500000.0,50900.0,1300000.0,1.0,True,0.01,0.95,10.0,39600.0,0.938,0.139
213,1 - 1 - 2022,19800.0,1.161895003862225,1.0,1.3335216533675034,0.000126,0.0001,0.000158489,0.0246,0.0,0.05,2.49,2.0,4.0,2550000.0,7490.0,92100.0,1.0,True,0.01,0.95,10.0,39600.0,0.938,0.139
214,1 - 1 - 2022,19800.0,1.1445523142259597,1.0,1.3335216533675034,0.000128,0.0001,0.000158489,0.0722,0.05,0.1,0.155,0.1,0.2,814000000.0,598000.0,803000000.0,1.0,True,0.01,0.95,10.0,39600.0,0.938,0.139
215,1 - 1 - 2022,19800.0,1.1489125293076057,1.0,1.3335216533675034,0.000128,0.0001,0.000158489,0.0722,0.05,0.1,0.251,0.2,0.3,1080000000.0,690000.0,947000000.0,1.0,True,0.01,0.95,10.0,39600.0,0.938,0.139
216,1 - 1 - 2022,19800.0,1.1489125293076057,1.0,1.3335216533675034,0.000127,0.0001,0.000158489,0.0721,0.05,0.1,0.349,0.3,0.4,1080000000.0,687000.0,826000000.0,1.0,True,0.01,0.95,10.0,39600.0,0.938,0.139
217,1 - 1 - 2022,19800.0,1.1489125293076057,1.0,1.3335216533675034,0.000127,0.0001,0.000158489,0.0719,0.05,0.1,0.449,0.4,0.5,930000000.0,639000.0,555000000.0,1.0,True,0.01,0.95,10.0,39600.0,0.938,0.139
218,1 - 1 - 2022,19800.0,1.1489125293076057,1.0,1.3335216533675034,0.000127,0.0001,0.000158489,0.072,0.05,0.1,0.548,0.5,0.6,736000000.0,569000.0,333000000.0,1.0,True,0.01,0.95,10.0,39600.0,0.938,0.139
219,1 - 1 - 2022,19800.0,1.1489125293076057,1.0,1.3335216533675034,0.000128,0.0001,0.000158489,0.0722,0.05,0.1,0.647,0.6,0.7,556000000.0,494000.0,237000000.0,1.0,True,0.01,0.95,10.0,39600.0,0.938,0.139
220,1 - 1 - 2022,19800.0,1.1489125293076057,1.0,1.3335216533675034,0.000128,0.0001,0.000158489,0.0726,0.05,0.1,0.747,0.7,0.8,384000000.0,411000.0,142000000.0,1.0,True,0.01,0.95,10.0,39600.0,0.938,0.139
221,1 - 1 - 2022,19800.0,1.1532562594670797,1.0,1.3335216533675034,0.000127,0.0001,0.000158489,0.0727,0.05,0.1,0.848,0.8,0.9,259000000.0,337000.0,14600000.0,1.0,True,0.01,0.95,10.0,39600.0,0.938,0.139
222,1 - 1 - 2022,19800.0,1.1532562594670797,1.0,1.3335216533675034,0.000127,0.0001,0.000158489,0.0727,0.05,0.1,0.946,0.9,1.0,180000000.0,281000.0,1360000.0,1.0,True,0.01,0.95,10.0,39600.0,0.938,0.139
223,1 - 1 - 2022,19800.0,1.1489125293076057,1.0,1.3335216533675034,0.000127,0.0001,0.000158489,0.0727,0.05,0.1,1.17,1.0,1.5,64300000.0,75200.0,58200.0,1.0,True,0.01,0.95,10.0,39600.0,0.938,0.139
224,1 - 1 - 2022,19800.0,1.1532562594670797,1.0,1.3335216533675034,0.000127,0.0001,0.000158489,0.0731,0.05,0.1,1.69,1.5,2.0,13000000.0,33800.0,19400.0,1.0,True,0.01,0.95,10.0,39600.0,0.938,0.139
225,1 - 1 - 2022,19800.0,1.1575836902790226,1.0,1.3335216533675034,0.000126,0.0001,0.000158489,0.0735,0.05,0.1,2.46,2.0,4.0,1680000.0,6070.0,136000.0,1.0,True,0.01,0.95,10.0,39600.0,0.938,0.139
226,1 - 1 - 2022,19800.0,1.140175425099138,1.0,1.3335216533675034,0.000125,0.0001,0.000158489,0.123,0.1,0.15,0.0334,0.0,0.05,85900000.0,275000.0,84000000.0,1.0,True,0.01,0.95,10.0,39600.0,0.938,0.139
227,1 - 1 - 2022,19800.0,1.140175425099138,1.0,1.3335216533675034,0.000129,0.0001,0.000158489,0.123,0.1,0.15,0.0774,0.05,0.1,218000000.0,438000.0,209000000.0,1.0,True,0.01,0.95,10.0,39600.0,0.938,0.139
228,1 - 1 - 2022,19800.0,1.1445523142259597,1.0,1.3335216533675034,0.000128,0.0001,0.000158489,0.123,0.1,0.15,0.155,0.1,0.2,441000000.0,440000.0,412000000.0,1.0,True,0.01,0.95,10.0,39600.0,0.938,0.139
229,1 - 1 - 2022,19800.0,1.1489125293076057,1.0,1.3335216533675034,0.000127,0.0001,0.000158489,0.123,0.1,0.15,0.252,0.2,0.3,597000000.0,512000.0,549000000.0,1.0,True,0.01,0.95,10.0,39600.0,0.938,0.139
230,1 - 1 - 2022,19800.0,1.1489125293076057,1.0,1.3335216533675034,0.000127,0.0001,0.000158489,0.123,0.1,0.15,0.349,0.3,0.4,616000000.0,520000.0,562000000.0,1.0,True,0.01,0.95,10.0,39600.0,0.938,0.139
231,1 - 1 - 2022,19800.0,1.1489125293076057,1.0,1.3335216533675034,0.000128,0.0001,0.000158489,0.123,0.1,0.15,0.449,0.4,0.5,541000000.0,488000.0,488000000.0,1.0,True,0.01,0.95,10.0,39600.0,0.938,0.139
232,1 - 1 - 2022,19800.0,1.1489125293076057,1.0,1.3335216533675034,0.000127,0.0001,0.000158489,0.123,0.1,0.15,0.548,0.5,0.6,430000000.0,435000.0,354000000.0,1.0,True,0.01,0.95,10.0,39600.0,0.938,0.139
233,1 - 1 - 2022,19800.0,1.1489125293076057,1.0,1.3335216533675034,0.000127,0.0001,0.000158489,0.123,0.1,0.15,0.648,0.6,0.7,327000000.0,379000.0,222000000.0,1.0,True,0.01,0.95,10.0,39600.0,0.938,0.139
234,1 - 1 - 2022,19800.0,1.1489125293076057,1.0,1.3335216533675034,0.000127,0.0001,0.000158489,0.123,0.1,0.15,0.747,0.7,0.8,242000000.0,326000.0,121000000.0,1.0,True,0.01,0.95,10.0,39600.0,0.938,0.139
235,1 - 1 - 2022,19800.0,1.1445523142259597,1.0,1.3335216533675034,0.000128,0.0001,0.000158489,0.124,0.1,0.15,0.847,0.8,0.9,171000000.0,274000.0,50300000.0,1.0,True,0.01,0.95,10.0,39600.0,0.938,0.139
236,1 - 1 - 2022,19800.0,1.1532562594670797,1.0,1.3335216533675034,0.000128,0.0001,0.000158489,0.123,0.1,0.15,0.946,0.9,1.0,111000000.0,221000.0,13900000.0,1.0,True,0.01,0.95,10.0,39600.0,0.938,0.139
237,1 - 1 - 2022,19800.0,1.1489125293076057,1.0,1.3335216533675034,0.000128,0.0001,0.000158489,0.124,0.1,0.15,1.18,1.0,1.5,42400000.0,61100.0,621000.0,1.0,True,0.01,0.95,10.0,39600.0,0.938,0.139
238,1 - 1 - 2022,19800.0,1.161895003862225,1.0,1.3335216533675034,0.000127,0.0001,0.000158489,0.123,0.1,0.15,1.69,1.5,2.0,9520000.0,28900.0,19400.0,1.0,True,0.01,0.95,10.0,39600.0,0.938,0.139
239,1 - 1 - 2022,19800.0,1.161895003862225,1.0,1.3335216533675034,0.000125,0.0001,0.000158489,0.124,0.1,0.15,2.5,2.0,4.0,1290000.0,5310.0,38800.0,1.0,True,0.01,0.95,10.0,39600.0,0.938,0.139
240,1 - 1 - 2022,19800.0,1.1357816691600546,1.0,1.3335216533675034,0.000128,0.0001,0.000158489,0.173,0.15,0.2,0.033,0.0,0.05,50200000.0,210000.0,35100000.0,1.0,True,0.01,0.95,10.0,39600.0,0.938,0.139
241,1 - 1 - 2022,19800.0,1.140175425099138,1.0,1.3335216533675034,0.000127,0.0001,0.000158489,0.173,0.15,0.2,0.0771,0.05,0.1,156000000.0,370000.0,106000000.0,1.0,True,0.01,0.95,10.0,39600.0,0.938,0.139
242,1 - 1 - 2022,19800.0,1.140175425099138,1.0,1.3335216533675034,0.000128,0.0001,0.000158489,0.173,0.15,0.2,0.155,0.1,0.2,265000000.0,341000.0,163000000.0,1.0,True,0.01,0.95,10.0,39600.0,0.938,0.139
243,1 - 1 - 2022,19800.0,1.1489125293076057,1.0,1.3335216533675034,0.000128,0.0001,0.000158489,0.173,0.15,0.2,0.251,0.2,0.3,393000000.0,416000.0,216000000.0,1.0,True,0.01,0.95,10.0,39600.0,0.938,0.139
244,1 - 1 - 2022,19800.0,1.1489125293076057,1.0,1.3335216533675034,0.000127,0.0001,0.000158489,0.173,0.15,0.2,0.349,0.3,0.4,399000000.0,418000.0,202000000.0,1.0,True,0.01,0.95,10.0,39600.0,0.938,0.139
245,1 - 1 - 2022,19800.0,1.1489125293076057,1.0,1.3335216533675034,0.000128,0.0001,0.000158489,0.174,0.15,0.2,0.449,0.4,0.5,354000000.0,395000.0,173000000.0,1.0,True,0.01,0.95,10.0,39600.0,0.938,0.139
246,1 - 1 - 2022,19800.0,1.1489125293076057,1.0,1.3335216533675034,0.000128,0.0001,0.000158489,0.174,0.15,0.2,0.548,0.5,0.6,289000000.0,356000.0,138000000.0,1.0,True,0.01,0.95,10.0,39600.0,0.938,0.139
247,1 - 1 - 2022,19800.0,1.1532562594670797,1.0,1.3335216533675034,0.000127,0.0001,0.000158489,0.173,0.15,0.2,0.647,0.6,0.7,221000000.0,311000.0,95300000.0,1.0,True,0.01,0.95,10.0,39600.0,0.938,0.139
248,1 - 1 - 2022,19800.0,1.1489125293076057,1.0,1.3335216533675034,0.000127,0.0001,0.000158489,0.174,0.15,0.2,0.747,0.7,0.8,166000000.0,270000.0,58500000.0,1.0,True,0.01,0.95,10.0,39600.0,0.938,0.139
249,1 - 1 - 2022,19800.0,1.1445523142259597,1.0,1.3335216533675034,0.000127,0.0001,0.000158489,0.173,0.15,0.2,0.846,0.8,0.9,116000000.0,226000.0,30000000.0,1.0,True,0.01,0.95,10.0,39600.0,0.938,0.139
250,1 - 1 - 2022,19800.0,1.1532562594670797,1.0,1.3335216533675034,0.000128,0.0001,0.000158489,0.173,0.15,0.2,0.948,0.9,1.0,77100000.0,184000.0,11000000.0,1.0,True,0.01,0.95,10.0,39600.0,0.938,0.139
251,1 - 1 - 2022,19800.0,1.1532562594670797,1.0,1.3335216533675034,0.000128,0.0001,0.000158489,0.174,0.15,0.2,1.18,1.0,1.5,32400000.0,53300.0,892000.0,1.0,True,0.01,0.95,10.0,39600.0,0.938,0.139
252,1 - 1 - 2022,19800.0,1.161895003862225,1.0,1.3335216533675034,0.000126,0.0001,0.000158489,0.174,0.15,0.2,1.7,1.5,2.0,6920000.0,24700.0,38800.0,1.0,True,0.01,0.95,10.0,39600.0,0.938,0.139
253,1 - 1 - 2022,19800.0,1.1704699910719625,1.0,1.3335216533675034,0.000128,0.0001,0.000158489,0.173,0.15,0.2,2.57,2.0,4.0,1080000.0,4860.0,19400.0,1.0,True,0.01,0.95,10.0,39600.0,0.938,0.139
254,1 - 1 - 2022,19800.0,1.1532562594670797,1.0,1.3335216533675034,0.000127,0.0001,0.000158489,0.222,0.2,0.25,0.0338,0.0,0.05,40900000.0,190000.0,11100000.0,1.0,True,0.01,0.95,10.0,39600.0,0.938,0.139
255,1 - 1 - 2022,19800.0,1.1357816691600546,1.0,1.3335216533675034,0.000129,0.0001,0.000158489,0.224,0.2,0.25,0.0767,0.05,0.1,110000000.0,311000.0,41700000.0,1.0,True,0.01,0.95,10.0,39600.0,0.938,0.139
256,1 - 1 - 2022,19800.0,1.140175425099138,1.0,1.3335216533675034,0.000129,0.0001,0.000158489,0.223,0.2,0.25,0.154,0.1,0.2,181000000.0,282000.0,48700000.0,1.0,True,0.01,0.95,10.0,39600.0,0.938,0.139
257,1 - 1 - 2022,19800.0,1.140175425099138,1.0,1.3335216533675034,0.000128,0.0001,0.000158489,0.223,0.2,0.25,0.252,0.2,0.3,265000000.0,341000.0,66300000.0,1.0,True,0.01,0.95,10.0,39600.0,0.938,0.139
258,1 - 1 - 2022,19800.0,1.1489125293076057,1.0,1.3335216533675034,0.000127,0.0001,0.000158489,0.224,0.2,0.25,0.35,0.3,0.4,279000000.0,350000.0,37800000.0,1.0,True,0.01,0.95,10.0,39600.0,0.938,0.139
259,1 - 1 - 2022,19800.0,1.1489125293076057,1.0,1.3335216533675034,0.000128,0.0001,0.000158489,0.224,0.2,0.25,0.448,0.4,0.5,253000000.0,334000.0,30600000.0,1.0,True,0.01,0.95,10.0,39600.0,0.938,0.139
260,1 - 1 - 2022,19800.0,1.1489125293076057,1.0,1.3335216533675034,0.000127,0.0001,0.000158489,0.224,0.2,0.25,0.548,0.5,0.6,195000000.0,293000.0,21600000.0,1.0,True,0.01,0.95,10.0,39600.0,0.938,0.139
261,1 - 1 - 2022,19800.0,1.1489125293076057,1.0,1.3335216533675034,0.000127,0.0001,0.000158489,0.224,0.2,0.25,0.648,0.6,0.7,153000000.0,260000.0,16900000.0,1.0,True,0.01,0.95,10.0,39600.0,0.938,0.139
262,1 - 1 - 2022,19800.0,1.1489125293076057,1.0,1.3335216533675034,0.000128,0.0001,0.000158489,0.224,0.2,0.25,0.748,0.7,0.8,112000000.0,221000.0,11000000.0,1.0,True,0.01,0.95,10.0,39600.0,0.938,0.139
263,1 - 1 - 2022,19800.0,1.1489125293076057,1.0,1.3335216533675034,0.000128,0.0001,0.000158489,0.224,0.2,0.25,0.847,0.8,0.9,84300000.0,192000.0,6400000.0,1.0,True,0.01,0.95,10.0,39600.0,0.938,0.139
264,1 - 1 - 2022,19800.0,1.1489125293076057,1.0,1.3335216533675034,0.000129,0.0001,0.000158489,0.223,0.2,0.25,0.947,0.9,1.0,62000000.0,165000.0,2520000.0,1.0,True,0.01,0.95,10.0,39600.0,0.938,0.139
265,1 - 1 - 2022,19800.0,1.1489125293076057,1.0,1.3335216533675034,0.000126,0.0001,0.000158489,0.223,0.2,0.25,1.19,1.0,1.5,24000000.0,45900.0,213000.0,1.0,True,0.01,0.95,10.0,39600.0,0.938,0.139
266,1 - 1 - 2022,19800.0,1.1575836902790226,1.0,1.3335216533675034,0.000127,0.0001,0.000158489,0.224,0.2,0.25,1.7,1.5,2.0,5450000.0,21900.0,0.0,1.0,True,0.01,0.95,10.0,39600.0,0.938,0.139
267,1 - 1 - 2022,19800.0,1.1575836902790226,1.0,1.3335216533675034,0.000125,0.0001,0.000158489,0.224,0.2,0.25,2.49,2.0,4.0,902000.0,4450.0,4850.0,1.0,True,0.01,0.95,10.0,39600.0,0.938,0.139
268,1 - 1 - 2022,19800.0,1.140175425099138,1.0,1.3335216533675034,0.00013,0.0001,0.000158489,0.273,0.25,0.3,0.0332,0.0,0.05,26600000.0,153000.0,2720000.0,1.0,True,0.01,0.95,10.0,39600.0,0.938,0.139
269,1 - 1 - 2022,19800.0,1.131370849898476,1.0,1.3335216533675034,0.000129,0.0001,0.000158489,0.274,0.25,0.3,0.0767,0.05,0.1,75800000.0,258000.0,13400000.0,1.0,True,0.01,0.95,10.0,39600.0,0.938,0.139
270,1 - 1 - 2022,19800.0,1.140175425099138,1.0,1.3335216533675034,0.000129,0.0001,0.000158489,0.273,0.25,0.3,0.153,0.1,0.2,128000000.0,237000.0,22500000.0,1.0,True,0.01,0.95,10.0,39600.0,0.938,0.139
271,1 - 1 - 2022,19800.0,1.140175425099138,1.0,1.3335216533675034,0.000127,0.0001,0.000158489,0.273,0.25,0.3,0.252,0.2,0.3,186000000.0,286000.0,22400000.0,1.0,True,0.01,0.95,10.0,39600.0,0.938,0.139
272,1 - 1 - 2022,19800.0,1.140175425099138,1.0,1.3335216533675034,0.000127,0.0001,0.000158489,0.274,0.25,0.3,0.35,0.3,0.4,211000000.0,305000.0,16700000.0,1.0,True,0.01,0.95,10.0,39600.0,0.938,0.139
273,1 - 1 - 2022,19800.0,1.1445523142259597,1.0,1.3335216533675034,0.000127,0.0001,0.000158489,0.274,0.25,0.3,0.449,0.4,0.5,186000000.0,286000.0,970000.0,1.0,True,0.01,0.95,10.0,39600.0,0.938,0.139
274,1 - 1 - 2022,19800.0,1.1445523142259597,1.0,1.3335216533675034,0.000127,0.0001,0.000158489,0.274,0.25,0.3,0.548,0.5,0.6,155000000.0,261000.0,96900.0,1.0,True,0.01,0.95,10.0,39600.0,0.938,0.139
275,1 - 1 - 2022,19800.0,1.1489125293076057,1.0,1.3335216533675034,0.000127,0.0001,0.000158489,0.274,0.25,0.3,0.648,0.6,0.7,113000000.0,223000.0,582000.0,1.0,True,0.01,0.95,10.0,39600.0,0.938,0.139
276,1 - 1 - 2022,19800.0,1.1445523142259597,1.0,1.3335216533675034,0.000128,0.0001,0.000158489,0.274,0.25,0.3,0.748,0.7,0.8,85700000.0,194000.0,97000.0,1.0,True,0.01,0.95,10.0,39600.0,0.938,0.139
277,1 - 1 - 2022,19800.0,1.1489125293076057,1.0,1.3335216533675034,0.000127,0.0001,0.000158489,0.274,0.25,0.3,0.849,0.8,0.9,61000000.0,164000.0,97000.0,1.0,True,0.01,0.95,10.0,39600.0,0.938,0.139
278,1 - 1 - 2022,19800.0,1.1575836902790226,1.0,1.3335216533675034,0.000128,0.0001,0.000158489,0.274,0.25,0.3,0.946,0.9,1.0,45300000.0,141000.0,0.0,1.0,True,0.01,0.95,10.0,39600.0,0.938,0.139
279,1 - 1 - 2022,19800.0,1.1489125293076057,1.0,1.3335216533675034,0.000127,0.0001,0.000158489,0.274,0.25,0.3,1.18,1.0,1.5,18300000.0,40100.0,1.68,1.0,True,0.01,0.95,10.0,39600.0,0.938,0.139
280,1 - 1 - 2022,19800.0,1.1661903789690602,1.0,1.3335216533675034,0.000126,0.0001,0.000158489,0.274,0.25,0.3,1.7,1.5,2.0,4930000.0,20800.0,0.0,1.0,True,0.01,0.95,10.0,39600.0,0.938,0.139
281,1 - 1 - 2022,19800.0,1.1532562594670797,1.0,1.3335216533675034,0.000128,0.0001,0.000158489,0.272,0.25,0.3,2.56,2.0,4.0,713000.0,3960.0,29100.0,1.0,True,0.01,0.95,10.0,39600.0,0.938,0.139
282,1 - 1 - 2022,19800.0,1.140175425099138,1.0,1.3335216533675034,0.000128,0.0001,0.000158489,0.347,0.3,0.4,0.0334,0.0,0.05,19600000.0,92800.0,3590000.0,1.0,True,0.01,0.95,10.0,39600.0,0.938,0.139
283,1 - 1 - 2022,19800.0,1.140175425099138,1.0,1.3335216533675034,0.000129,0.0001,0.000158489,0.347,0.3,0.4,0.0775,0.05,0.1,57600000.0,159000.0,8530000.0,1.0,True,0.01,0.95,10.0,39600.0,0.938,0.139
284,1 - 1 - 2022,19800.0,1.1357816691600546,1.0,1.3335216533675034,0.000128,0.0001,0.000158489,0.347,0.3,0.4,0.152,0.1,0.2,87200000.0,138000.0,17400000.0,1.0,True,0.01,0.95,10.0,39600.0,0.938,0.139
285,1 - 1 - 2022,19800.0,1.140175425099138,1.0,1.3335216533675034,0.000128,0.0001,0.000158489,0.345,0.3,0.4,0.253,0.2,0.3,113000000.0,157000.0,15100000.0,1.0,True,0.01,0.95,10.0,39600.0,0.938,0.139
286,1 - 1 - 2022,19800.0,1.1445523142259597,1.0,1.3335216533675034,0.000128,0.0001,0.000158489,0.344,0.3,0.4,0.351,0.3,0.4,124000000.0,165000.0,14600000.0,1.0,True,0.01,0.95,10.0,39600.0,0.938,0.139
287,1 - 1 - 2022,19800.0,1.1445523142259597,1.0,1.3335216533675034,0.000127,0.0001,0.000158489,0.345,0.3,0.4,0.449,0.4,0.5,123000000.0,164000.0,11500000.0,1.0,True,0.01,0.95,10.0,39600.0,0.938,0.139
288,1 - 1 - 2022,19800.0,1.1445523142259597,1.0,1.3335216533675034,0.000127,0.0001,0.000158489,0.347,0.3,0.4,0.548,0.5,0.6,105000000.0,152000.0,2910000.0,1.0,True,0.01,0.95,10.0,39600.0,0.938,0.139
289,1 - 1 - 2022,19800.0,1.1489125293076057,1.0,1.3335216533675034,0.000127,0.0001,0.000158489,0.346,0.3,0.4,0.648,0.6,0.7,79200000.0,132000.0,2380000.0,1.0,True,0.01,0.95,10.0,39600.0,0.938,0.139
290,1 - 1 - 2022,19800.0,1.1445523142259597,1.0,1.3335216533675034,0.000127,0.0001,0.000158489,0.345,0.3,0.4,0.747,0.7,0.8,55700000.0,111000.0,1550000.0,1.0,True,0.01,0.95,10.0,39600.0,0.938,0.139
291,1 - 1 - 2022,19800.0,1.140175425099138,1.0,1.3335216533675034,0.000127,0.0001,0.000158489,0.345,0.3,0.4,0.848,0.8,0.9,38100000.0,91500.0,1310000.0,1.0,True,0.01,0.95,10.0,39600.0,0.938,0.139
292,1 - 1 - 2022,19800.0,1.1489125293076057,1.0,1.3335216533675034,0.000127,0.0001,0.000158489,0.345,0.3,0.4,0.949,0.9,1.0,28600000.0,79200.0,824000.0,1.0,True,0.01,0.95,10.0,39600.0,0.938,0.139
293,1 - 1 - 2022,19800.0,1.1532562594670797,1.0,1.3335216533675034,0.000128,0.0001,0.000158489,0.344,0.3,0.4,1.2,1.0,1.5,11100000.0,22100.0,301000.0,1.0,True,0.01,0.95,10.0,39600.0,0.938,0.139
294,1 - 1 - 2022,19800.0,1.161895003862225,1.0,1.3335216533675034,0.000127,0.0001,0.000158489,0.345,0.3,0.4,1.71,1.5,2.0,3460000.0,12300.0,136000.0,1.0,True,0.01,0.95,10.0,39600.0,0.938,0.139
295,1 - 1 - 2022,19800.0,1.1575836902790226,1.0,1.3335216533675034,0.000127,0.0001,0.000158489,0.346,0.3,0.4,2.52,2.0,4.0,497000.0,2340.0,75200.0,1.0,True,0.01,0.95,10.0,39600.0,0.938,0.139
296,1 - 1 - 2022,19800.0,1.140175425099138,1.0,1.3335216533675034,0.000127,0.0001,0.000158489,0.447,0.4,0.5,0.0332,0.0,0.05,11800000.0,72100.0,2420000.0,1.0,True,0.01,0.95,10.0,39600.0,0.938,0.139
297,1 - 1 - 2022,19800.0,1.140175425099138,1.0,1.3335216533675034,0.000128,0.0001,0.000158489,0.445,0.4,0.5,0.0776,0.05,0.1,34200000.0,123000.0,7470000.0,1.0,True,0.01,0.95,10.0,39600.0,0.938,0.139
298,1 - 1 - 2022,19800.0,1.1357816691600546,1.0,1.3335216533675034,0.000128,0.0001,0.000158489,0.444,0.4,0.5,0.152,0.1,0.2,59200000.0,114000.0,17100000.0,1.0,True,0.01,0.95,10.0,39600.0,0.938,0.139
299,1 - 1 - 2022,19800.0,1.140175425099138,1.0,1.3335216533675034,0.000129,0.0001,0.000158489,0.447,0.4,0.5,0.25,0.2,0.3,72400000.0,126000.0,22200000.0,1.0,True,0.01,0.95,10.0,39600.0,0.938,0.139
300,1 - 1 - 2022,19800.0,1.1445523142259597,1.0,1.3335216533675034,0.000129,0.0001,0.000158489,0.446,0.4,0.5,0.35,0.3,0.4,69200000.0,123000.0,19300000.0,1.0,True,0.01,0.95,10.0,39600.0,0.938,0.139
301,1 - 1 - 2022,19800.0,1.140175425099138,1.0,1.3335216533675034,0.000127,0.0001,0.000158489,0.445,0.4,0.5,0.451,0.4,0.5,69200000.0,123000.0,18000000.0,1.0,True,0.01,0.95,10.0,39600.0,0.938,0.139
302,1 - 1 - 2022,19800.0,1.140175425099138,1.0,1.3335216533675034,0.000127,0.0001,0.000158489,0.446,0.4,0.5,0.548,0.5,0.6,62200000.0,117000.0,16800000.0,1.0,True,0.01,0.95,10.0,39600.0,0.938,0.139
303,1 - 1 - 2022,19800.0,1.1489125293076057,1.0,1.3335216533675034,0.000127,0.0001,0.000158489,0.446,0.4,0.5,0.646,0.6,0.7,46300000.0,101000.0,11200000.0,1.0,True,0.01,0.95,10.0,39600.0,0.938,0.139
304,1 - 1 - 2022,19800.0,1.1489125293076057,1.0,1.3335216533675034,0.000128,0.0001,0.000158489,0.446,0.4,0.5,0.75,0.7,0.8,33700000.0,86000.0,7130000.0,1.0,True,0.01,0.95,10.0,39600.0,0.938,0.139
305,1 - 1 - 2022,19800.0,1.1489125293076057,1.0,1.3335216533675034,0.000128,0.0001,0.000158489,0.446,0.4,0.5,0.847,0.8,0.9,23000000.0,71100.0,5240000.0,1.0,True,0.01,0.95,10.0,39600.0,0.938,0.139
306,1 - 1 - 2022,19800.0,1.1575836902790226,1.0,1.3335216533675034,0.000128,0.0001,0.000158489,0.448,0.4,0.5,0.949,0.9,1.0,15800000.0,58800.0,4120000.0,1.0,True,0.01,0.95,10.0,39600.0,0.938,0.139
307,1 - 1 - 2022,19800.0,1.1575836902790226,1.0,1.3335216533675034,0.000128,0.0001,0.000158489,0.447,0.4,0.5,1.18,1.0,1.5,6850000.0,17300.0,1790000.0,1.0,True,0.01,0.95,10.0,39600.0,0.938,0.139
308,1 - 1 - 2022,19800.0,1.161895003862225,1.0,1.3335216533675034,0.000129,0.0001,0.000158489,0.444,0.4,0.5,1.71,1.5,2.0,1690000.0,8610.0,427000.0,1.0,True,0.01,0.95,10.0,39600.0,0.938,0.139
309,1 - 1 - 2022,19800.0,1.161895003862225,1.0,1.3335216533675034,0.000125,0.0001,0.000158489,0.447,0.4,0.5,2.56,2.0,4.0,327000.0,1900.0,170000.0,1.0,True,0.01,0.95,10.0,39600.0,0.938,0.139
310,1 - 1 - 2022,19800.0,1.1489125293076057,1.0,1.3335216533675034,0.000125,0.0001,0.000158489,0.548,0.5,0.6,0.0341,0.0,0.05,9500000.0,64600.0,5720000.0,1.0,True,0.01,0.95,10.0,39600.0,0.938,0.139
311,1 - 1 - 2022,19800.0,1.140175425099138,1.0,1.3335216533675034,0.000128,0.0001,0.000158489,0.544,0.5,0.6,0.0778,0.05,0.1,22600000.0,99600.0,11700000.0,1.0,True,0.01,0.95,10.0,39600.0,0.938,0.139
312,1 - 1 - 2022,19800.0,1.131370849898476,1.0,1.3335216533675034,0.000127,0.0001,0.000158489,0.546,0.5,0.6,0.151,0.1,0.2,37700000.0,91000.0,18300000.0,1.0,True,0.01,0.95,10.0,39600.0,0.938,0.139
313,1 - 1 - 2022,19800.0,1.140175425099138,1.0,1.3335216533675034,0.000129,0.0001,0.000158489,0.546,0.5,0.6,0.251,0.2,0.3,47300000.0,102000.0,25000000.0,1.0,True,0.01,0.95,10.0,39600.0,0.938,0.139
314,1 - 1 - 2022,19800.0,1.131370849898476,1.0,1.3335216533675034,0.000129,0.0001,0.000158489,0.547,0.5,0.6,0.35,0.3,0.4,42200000.0,96300.0,21600000.0,1.0,True,0.01,0.95,10.0,39600.0,0.938,0.139
315,1 - 1 - 2022,19800.0,1.140175425099138,1.0,1.3335216533675034,0.000128,0.0001,0.000158489,0.544,0.5,0.6,0.448,0.4,0.5,41000000.0,94900.0,21800000.0,1.0,True,0.01,0.95,10.0,39600.0,0.938,0.139
316,1 - 1 - 2022,19800.0,1.1445523142259597,1.0,1.3335216533675034,0.000128,0.0001,0.000158489,0.546,0.5,0.6,0.547,0.5,0.6,32900000.0,85000.0,18300000.0,1.0,True,0.01,0.95,10.0,39600.0,0.938,0.139
317,1 - 1 - 2022,19800.0,1.1445523142259597,1.0,1.3335216533675034,0.000128,0.0001,0.000158489,0.544,0.5,0.6,0.647,0.6,0.7,28100000.0,78600.0,15900000.0,1.0,True,0.01,0.95,10.0,39600.0,0.938,0.139
318,1 - 1 - 2022,19800.0,1.1489125293076057,1.0,1.3335216533675034,0.000126,0.0001,0.000158489,0.547,0.5,0.6,0.747,0.7,0.8,19500000.0,65500.0,10900000.0,1.0,True,0.01,0.95,10.0,39600.0,0.938,0.139
319,1 - 1 - 2022,19800.0,1.1445523142259597,1.0,1.3335216533675034,0.000126,0.0001,0.000158489,0.545,0.5,0.6,0.848,0.8,0.9,13600000.0,54600.0,7610000.0,1.0,True,0.01,0.95,10.0,39600.0,0.938,0.139
320,1 - 1 - 2022,19800.0,1.1489125293076057,1.0,1.3335216533675034,0.000128,0.0001,0.000158489,0.544,0.5,0.6,0.949,0.9,1.0,9890000.0,46600.0,5770000.0,1.0,True,0.01,0.95,10.0,39600.0,0.938,0.139
321,1 - 1 - 2022,19800.0,1.1575836902790226,1.0,1.3335216533675034,0.000128,0.0001,0.000158489,0.543,0.5,0.6,1.19,1.0,1.5,3570000.0,12500.0,1920000.0,1.0,True,0.01,0.95,10.0,39600.0,0.938,0.139
322,1 - 1 - 2022,19800.0,1.1532562594670797,1.0,1.3335216533675034,0.000126,0.0001,0.000158489,0.55,0.5,0.6,1.72,1.5,2.0,1080000.0,6880.0,727000.0,1.0,True,0.01,0.95,10.0,39600.0,0.938,0.139
323,1 - 1 - 2022,19800.0,1.1532562594670797,1.0,1.3335216533675034,0.000129,0.0001,0.000158489,0.543,0.5,0.6,2.44,2.0,4.0,145000.0,1260.0,92100.0,1.0,True,0.01,0.95,10.0,39600.0,0.938,0.139
324,1 - 1 - 2022,19800.0,1.174734012447073,1.0,1.3335216533675034,0.000125,0.0001,0.000158489,0.635,0.6,0.7,0.0351,0.0,0.05,2720000.0,34500.0,2230000.0,1.0,True,0.01,0.95,10.0,39600.0,0.938,0.139
325,1 - 1 - 2022,19800.0,1.1357816691600546,1.0,1.3335216533675034,0.000129,0.0001,0.000158489,0.64,0.6,0.7,0.0777,0.05,0.1,12400000.0,73900.0,8440000.0,1.0,True,0.01,0.95,10.0,39600.0,0.938,0.139
326,1 - 1 - 2022,19800.0,1.1445523142259597,1.0,1.3335216533675034,0.000129,0.0001,0.000158489,0.642,0.6,0.7,0.152,0.1,0.2,18800000.0,64200.0,14200000.0,1.0,True,0.01,0.95,10.0,39600.0,0.938,0.139
327,1 - 1 - 2022,19800.0,1.140175425099138,1.0,1.3335216533675034,0.00013,0.0001,0.000158489,0.641,0.6,0.7,0.252,0.2,0.3,22500000.0,70200.0,17400000.0,1.0,True,0.01,0.95,10.0,39600.0,0.938,0.139
328,1 - 1 - 2022,19800.0,1.1357816691600546,1.0,1.3335216533675034,0.000128,0.0001,0.000158489,0.644,0.6,0.7,0.351,0.3,0.4,21800000.0,69200.0,16800000.0,1.0,True,0.01,0.95,10.0,39600.0,0.938,0.139
329,1 - 1 - 2022,19800.0,1.140175425099138,1.0,1.3335216533675034,0.000126,0.0001,0.000158489,0.646,0.6,0.7,0.451,0.4,0.5,22400000.0,70200.0,17700000.0,1.0,True,0.01,0.95,10.0,39600.0,0.938,0.139
330,1 - 1 - 2022,19800.0,1.1445523142259597,1.0,1.3335216533675034,0.000128,0.0001,0.000158489,0.644,0.6,0.7,0.547,0.5,0.6,20000000.0,66300.0,16200000.0,1.0,True,0.01,0.95,10.0,39600.0,0.938,0.139
331,1 - 1 - 2022,19800.0,1.1445523142259597,1.0,1.3335216533675034,0.000125,0.0001,0.000158489,0.643,0.6,0.7,0.65,0.6,0.7,17200000.0,61500.0,14200000.0,1.0,True,0.01,0.95,10.0,39600.0,0.938,0.139
332,1 - 1 - 2022,19800.0,1.1357816691600546,1.0,1.3335216533675034,0.000128,0.0001,0.000158489,0.645,0.6,0.7,0.749,0.7,0.8,14100000.0,55700.0,10900000.0,1.0,True,0.01,0.95,10.0,39600.0,0.938,0.139
333,1 - 1 - 2022,19800.0,1.131370849898476,1.0,1.3335216533675034,0.000126,0.0001,0.000158489,0.648,0.6,0.7,0.848,0.8,0.9,8780000.0,43900.0,6890000.0,1.0,True,0.01,0.95,10.0,39600.0,0.938,0.139
334,1 - 1 - 2022,19800.0,1.161895003862225,1.0,1.3335216533675034,0.000125,0.0001,0.000158489,0.645,0.6,0.7,0.942,0.9,1.0,6890000.0,38900.0,5670000.0,1.0,True,0.01,0.95,10.0,39600.0,0.938,0.139
335,1 - 1 - 2022,19800.0,1.1489125293076057,1.0,1.3335216533675034,0.000127,0.0001,0.000158489,0.644,0.6,0.7,1.18,1.0,1.5,2140000.0,9700.0,1730000.0,1.0,True,0.01,0.95,10.0,39600.0,0.938,0.139
336,1 - 1 - 2022,19800.0,1.1489125293076057,1.0,1.3335216533675034,0.000129,0.0001,0.000158489,0.639,0.6,0.7,1.73,1.5,2.0,563000.0,4970.0,466000.0,1.0,True,0.01,0.95,10.0,39600.0,0.938,0.139
337,1 - 1 - 2022,19800.0,1.174734012447073,1.0,1.3335216533675034,0.000127,0.0001,0.000158489,0.639,0.6,0.7,2.54,2.0,4.0,102000.0,1060.0,87300.0,1.0,True,0.01,0.95,10.0,39600.0,0.938,0.139
338,1 - 1 - 2022,19800.0,1.1704699910719625,1.0,1.3335216533675034,0.000123,0.0001,0.000158489,0.754,0.7,0.8,0.0326,0.0,0.05,1550000.0,26100.0,1450000.0,1.0,True,0.01,0.95,10.0,39600.0,0.938,0.139
339,1 - 1 - 2022,19800.0,1.1532562594670797,1.0,1.3335216533675034,0.000126,0.0001,0.000158489,0.748,0.7,0.8,0.0787,0.05,0.1,5720000.0,50100.0,5630000.0,1.0,True,0.01,0.95,10.0,39600.0,0.938,0.139
340,1 - 1 - 2022,19800.0,1.140175425099138,1.0,1.3335216533675034,0.000126,0.0001,0.000158489,0.745,0.7,0.8,0.155,0.1,0.2,7610000.0,40900.0,7030000.0,1.0,True,0.01,0.95,10.0,39600.0,0.938,0.139
341,1 - 1 - 2022,19800.0,1.1269427669584644,1.0,1.3335216533675034,0.000127,0.0001,0.000158489,0.746,0.7,0.8,0.25,0.2,0.3,11300000.0,49900.0,10700000.0,1.0,True,0.01,0.95,10.0,39600.0,0.938,0.139
342,1 - 1 - 2022,19800.0,1.1357816691600546,1.0,1.3335216533675034,0.000129,0.0001,0.000158489,0.749,0.7,0.8,0.35,0.3,0.4,14500000.0,56500.0,14100000.0,1.0,True,0.01,0.95,10.0,39600.0,0.938,0.139
343,1 - 1 - 2022,19800.0,1.131370849898476,1.0,1.3335216533675034,0.000127,0.0001,0.000158489,0.746,0.7,0.8,0.446,0.4,0.5,14500000.0,56300.0,13300000.0,1.0,True,0.01,0.95,10.0,39600.0,0.938,0.139
344,1 - 1 - 2022,19800.0,1.1445523142259597,1.0,1.3335216533675034,0.000128,0.0001,0.000158489,0.747,0.7,0.8,0.549,0.5,0.6,10100000.0,47100.0,9550000.0,1.0,True,0.01,0.95,10.0,39600.0,0.938,0.139
345,1 - 1 - 2022,19800.0,1.1357816691600546,1.0,1.3335216533675034,0.000129,0.0001,0.000158489,0.744,0.7,0.8,0.648,0.6,0.7,8630000.0,43500.0,8050000.0,1.0,True,0.01,0.95,10.0,39600.0,0.938,0.139
346,1 - 1 - 2022,19800.0,1.140175425099138,1.0,1.3335216533675034,0.000128,0.0001,0.000158489,0.744,0.7,0.8,0.75,0.7,0.8,7860000.0,41500.0,7420000.0,1.0,True,0.01,0.95,10.0,39600.0,0.938,0.139
347,1 - 1 - 2022,19800.0,1.161895003862225,1.0,1.3335216533675034,0.000129,0.0001,0.000158489,0.741,0.7,0.8,0.847,0.8,0.9,5190000.0,33800.0,4900000.0,1.0,True,0.01,0.95,10.0,39600.0,0.938,0.139
348,1 - 1 - 2022,19800.0,1.1357816691600546,1.0,1.3335216533675034,0.000132,0.0001,0.000158489,0.739,0.7,0.8,0.948,0.9,1.0,3730000.0,28600.0,3300000.0,1.0,True,0.01,0.95,10.0,39600.0,0.938,0.139
349,1 - 1 - 2022,19800.0,1.1445523142259597,1.0,1.3335216533675034,0.000127,0.0001,0.000158489,0.744,0.7,0.8,1.17,1.0,1.5,1250000.0,7410.0,1210000.0,1.0,True,0.01,0.95,10.0,39600.0,0.938,0.139
350,1 - 1 - 2022,19800.0,1.1704699910719625,1.0,1.3335216533675034,0.000126,0.0001,0.000158489,0.743,0.7,0.8,1.62,1.5,2.0,175000.0,2770.0,155000.0,1.0,True,0.01,0.95,10.0,39600.0,0.938,0.139
351,1 - 1 - 2022,19800.0,1.1357816691600546,1.0,1.3335216533675034,0.00013,0.0001,0.000158489,0.843,0.8,0.9,0.156,0.1,0.2,4950000.0,33000.0,4900000.0,1.0,True,0.01,0.95,10.0,39600.0,0.938,0.139
352,1 - 1 - 2022,19800.0,1.140175425099138,1.0,1.3335216533675034,0.000129,0.0001,0.000158489,0.836,0.8,0.9,0.747,0.7,0.8,4170000.0,30300.0,4120000.0,1.0,True,0.01,0.95,10.0,39600.0,0.938,0.139
353,1 - 1 - 2022,19800.0,1.118033988749895,1.0,1.3335216533675034,0.000129,0.0001,0.000158489,0.844,0.8,0.9,0.851,0.8,0.9,2470000.0,23300.0,2380000.0,1.0,True,0.01,0.95,10.0,39600.0,0.938,0.139
354,1 - 1 - 2022,19800.0,1.1575836902790226,1.0,1.3335216533675034,0.0002,0.000158489,0.000251189,0.0199,0.0,0.05,0.0787,0.05,0.1,960000000.0,730000.0,958000000.0,1.0,True,0.01,0.95,10.0,39600.0,0.938,0.139
355,1 - 1 - 2022,19800.0,1.1532562594670797,1.0,1.3335216533675034,0.000201,0.000158489,0.000251189,0.0171,0.0,0.05,0.155,0.1,0.2,2060000000.0,757000.0,1780000000.0,1.0,True,0.01,0.95,10.0,39600.0,0.938,0.139
356,1 - 1 - 2022,19800.0,1.1532562594670797,1.0,1.3335216533675034,0.000201,0.000158489,0.000251189,0.0158,0.0,0.05,0.251,0.2,0.3,2930000000.0,902000.0,2050000000.0,1.0,True,0.01,0.95,10.0,39600.0,0.938,0.139
357,1 - 1 - 2022,19800.0,1.1532562594670797,1.0,1.3335216533675034,0.0002,0.000158489,0.000251189,0.0154,0.0,0.05,0.349,0.3,0.4,3020000000.0,915000.0,1770000000.0,1.0,True,0.01,0.95,10.0,39600.0,0.938,0.139
358,1 - 1 - 2022,19800.0,1.1532562594670797,1.0,1.3335216533675034,0.000201,0.000158489,0.000251189,0.0153,0.0,0.05,0.448,0.4,0.5,2610000000.0,850000.0,1200000000.0,1.0,True,0.01,0.95,10.0,39600.0,0.938,0.139
359,1 - 1 - 2022,19800.0,1.1532562594670797,1.0,1.3335216533675034,0.000201,0.000158489,0.000251189,0.0156,0.0,0.05,0.547,0.5,0.6,2050000000.0,753000.0,785000000.0,1.0,True,0.01,0.95,10.0,39600.0,0.938,0.139
360,1 - 1 - 2022,19800.0,1.1532562594670797,1.0,1.3335216533675034,0.0002,0.000158489,0.000251189,0.0158,0.0,0.05,0.647,0.6,0.7,1470000000.0,638000.0,486000000.0,1.0,True,0.01,0.95,10.0,39600.0,0.938,0.139
361,1 - 1 - 2022,19800.0,1.1532562594670797,1.0,1.3335216533675034,0.0002,0.000158489,0.000251189,0.0161,0.0,0.05,0.747,0.7,0.8,994000000.0,525000.0,256000000.0,1.0,True,0.01,0.95,10.0,39600.0,0.938,0.139
362,1 - 1 - 2022,19800.0,1.1532562594670797,1.0,1.3335216533675034,0.0002,0.000158489,0.000251189,0.0164,0.0,0.05,0.847,0.8,0.9,642000000.0,422000.0,120000000.0,1.0,True,0.01,0.95,10.0,39600.0,0.938,0.139
363,1 - 1 - 2022,19800.0,1.1532562594670797,1.0,1.3335216533675034,0.0002,0.000158489,0.000251189,0.0168,0.0,0.05,0.947,0.9,1.0,399000000.0,332000.0,61200000.0,1.0,True,0.01,0.95,10.0,39600.0,0.938,0.139
364,1 - 1 - 2022,19800.0,1.1532562594670797,1.0,1.3335216533675034,0.000201,0.000158489,0.000251189,0.0184,0.0,0.05,1.16,1.0,1.5,117000000.0,80700.0,10700000.0,1.0,True,0.01,0.95,10.0,39600.0,0.938,0.139
365,1 - 1 - 2022,19800.0,1.161895003862225,1.0,1.3335216533675034,0.000199,0.000158489,0.000251189,0.022,0.0,0.05,1.68,1.5,2.0,15000000.0,28800.0,906000.0,1.0,True,0.01,0.95,10.0,39600.0,0.938,0.139
366,1 - 1 - 2022,19800.0,1.174734012447073,1.0,1.3335216533675034,0.000201,0.000158489,0.000251189,0.0257,0.0,0.05,2.37,2.0,4.0,1270000.0,4200.0,61200.0,1.0,True,0.01,0.95,10.0,39600.0,0.938,0.139
367,1 - 1 - 2022,19800.0,1.1489125293076057,1.0,1.3335216533675034,0.000201,0.000158489,0.000251189,0.0723,0.05,0.1,0.154,0.1,0.2,554000000.0,392000.0,546000000.0,1.0,True,0.01,0.95,10.0,39600.0,0.938,0.139
368,1 - 1 - 2022,19800.0,1.1489125293076057,1.0,1.3335216533675034,0.000202,0.000158489,0.000251189,0.0718,0.05,0.1,0.251,0.2,0.3,722000000.0,447000.0,672000000.0,1.0,True,0.01,0.95,10.0,39600.0,0.938,0.139
369,1 - 1 - 2022,19800.0,1.1489125293076057,1.0,1.3335216533675034,0.000202,0.000158489,0.000251189,0.0724,0.05,0.1,0.349,0.3,0.4,723000000.0,448000.0,602000000.0,1.0,True,0.01,0.95,10.0,39600.0,0.938,0.139
370,1 - 1 - 2022,19800.0,1.1489125293076057,1.0,1.3335216533675034,0.000202,0.000158489,0.000251189,0.0724,0.05,0.1,0.449,0.4,0.5,625000000.0,416000.0,340000000.0,1.0,True,0.01,0.95,10.0,39600.0,0.938,0.139
371,1 - 1 - 2022,19800.0,1.1489125293076057,1.0,1.3335216533675034,0.000202,0.000158489,0.000251189,0.0721,0.05,0.1,0.547,0.5,0.6,499000000.0,372000.0,83800000.0,1.0,True,0.01,0.95,10.0,39600.0,0.938,0.139
372,1 - 1 - 2022,19800.0,1.1489125293076057,1.0,1.3335216533675034,0.000202,0.000158489,0.000251189,0.0724,0.05,0.1,0.647,0.6,0.7,382000000.0,325000.0,133000000.0,1.0,True,0.01,0.95,10.0,39600.0,0.938,0.139
373,1 - 1 - 2022,19800.0,1.1489125293076057,1.0,1.3335216533675034,0.000201,0.000158489,0.000251189,0.0722,0.05,0.1,0.747,0.7,0.8,266000000.0,272000.0,118000000.0,1.0,True,0.01,0.95,10.0,39600.0,0.938,0.139
374,1 - 1 - 2022,19800.0,1.1489125293076057,1.0,1.3335216533675034,0.000201,0.000158489,0.000251189,0.0723,0.05,0.1,0.847,0.8,0.9,182000000.0,224000.0,19500000.0,1.0,True,0.01,0.95,10.0,39600.0,0.938,0.139
375,1 - 1 - 2022,19800.0,1.1532562594670797,1.0,1.3335216533675034,0.000202,0.000158489,0.000251189,0.0734,0.05,0.1,0.946,0.9,1.0,123000000.0,184000.0,551000.0,1.0,True,0.01,0.95,10.0,39600.0,0.938,0.139
376,1 - 1 - 2022,19800.0,1.1532562594670797,1.0,1.3335216533675034,0.000201,0.000158489,0.000251189,0.0733,0.05,0.1,1.18,1.0,1.5,42600000.0,48600.0,24500.0,1.0,True,0.01,0.95,10.0,39600.0,0.938,0.139
377,1 - 1 - 2022,19800.0,1.1489125293076057,1.0,1.3335216533675034,0.000202,0.000158489,0.000251189,0.0737,0.05,0.1,1.69,1.5,2.0,7970000.0,21000.0,6.34,1.0,True,0.01,0.95,10.0,39600.0,0.938,0.139
378,1 - 1 - 2022,19800.0,1.1661903789690602,1.0,1.3335216533675034,0.000198,0.000158489,0.000251189,0.0759,0.05,0.1,2.5,2.0,4.0,997000.0,3720.0,30600.0,1.0,True,0.01,0.95,10.0,39600.0,0.938,0.139
379,1 - 1 - 2022,19800.0,1.1445523142259597,1.0,1.3335216533675034,0.000202,0.000158489,0.000251189,0.124,0.1,0.15,0.0775,0.05,0.1,173000000.0,310000.0,173000000.0,1.0,True,0.01,0.95,10.0,39600.0,0.938,0.139
380,1 - 1 - 2022,19800.0,1.1489125293076057,1.0,1.3335216533675034,0.000202,0.000158489,0.000251189,0.123,0.1,0.15,0.155,0.1,0.2,305000000.0,291000.0,289000000.0,1.0,True,0.01,0.95,10.0,39600.0,0.938,0.139
381,1 - 1 - 2022,19800.0,1.1445523142259597,1.0,1.3335216533675034,0.000202,0.000158489,0.000251189,0.123,0.1,0.15,0.251,0.2,0.3,413000000.0,338000.0,361000000.0,1.0,True,0.01,0.95,10.0,39600.0,0.938,0.139
382,1 - 1 - 2022,19800.0,1.1489125293076057,1.0,1.3335216533675034,0.000202,0.000158489,0.000251189,0.123,0.1,0.15,0.349,0.3,0.4,416000000.0,340000.0,316000000.0,1.0,True,0.01,0.95,10.0,39600.0,0.938,0.139
383,1 - 1 - 2022,19800.0,1.1489125293076057,1.0,1.3335216533675034,0.000201,0.000158489,0.000251189,0.123,0.1,0.15,0.449,0.4,0.5,354000000.0,313000.0,232000000.0,1.0,True,0.01,0.95,10.0,39600.0,0.938,0.139
384,1 - 1 - 2022,19800.0,1.1489125293076057,1.0,1.3335216533675034,0.000202,0.000158489,0.000251189,0.123,0.1,0.15,0.548,0.5,0.6,297000000.0,287000.0,162000000.0,1.0,True,0.01,0.95,10.0,39600.0,0.938,0.139
385,1 - 1 - 2022,19800.0,1.1489125293076057,1.0,1.3335216533675034,0.000201,0.000158489,0.000251189,0.123,0.1,0.15,0.647,0.6,0.7,223000000.0,249000.0,97500000.0,1.0,True,0.01,0.95,10.0,39600.0,0.938,0.139
386,1 - 1 - 2022,19800.0,1.1532562594670797,1.0,1.3335216533675034,0.000201,0.000158489,0.000251189,0.123,0.1,0.15,0.746,0.7,0.8,163000000.0,213000.0,41300000.0,1.0,True,0.01,0.95,10.0,39600.0,0.938,0.139
387,1 - 1 - 2022,19800.0,1.1489125293076057,1.0,1.3335216533675034,0.000202,0.000158489,0.000251189,0.124,0.1,0.15,0.848,0.8,0.9,112000000.0,176000.0,11300000.0,1.0,True,0.01,0.95,10.0,39600.0,0.938,0.139
388,1 - 1 - 2022,19800.0,1.1489125293076057,1.0,1.3335216533675034,0.000202,0.000158489,0.000251189,0.123,0.1,0.15,0.946,0.9,1.0,73700000.0,143000.0,490000.0,1.0,True,0.01,0.95,10.0,39600.0,0.938,0.139
389,1 - 1 - 2022,19800.0,1.1532562594670797,1.0,1.3335216533675034,0.000201,0.000158489,0.000251189,0.123,0.1,0.15,1.18,1.0,1.5,27300000.0,38900.0,2.11,1.0,True,0.01,0.95,10.0,39600.0,0.938,0.139
390,1 - 1 - 2022,19800.0,1.1532562594670797,1.0,1.3335216533675034,0.000203,0.000158489,0.000251189,0.124,0.1,0.15,1.71,1.5,2.0,5900000.0,18100.0,0.0,1.0,True,0.01,0.95,10.0,39600.0,0.938,0.139
391,1 - 1 - 2022,19800.0,1.1575836902790226,1.0,1.3335216533675034,0.000199,0.000158489,0.000251189,0.123,0.1,0.15,2.52,2.0,4.0,762000.0,3250.0,67300.0,1.0,True,0.01,0.95,10.0,39600.0,0.938,0.139
392,1 - 1 - 2022,19800.0,1.1489125293076057,1.0,1.3335216533675034,0.000204,0.000158489,0.000251189,0.173,0.15,0.2,0.0325,0.0,0.05,39400000.0,148000.0,38300000.0,1.0,True,0.01,0.95,10.0,39600.0,0.938,0.139
393,1 - 1 - 2022,19800.0,1.1445523142259597,1.0,1.3335216533675034,0.000202,0.000158489,0.000251189,0.173,0.15,0.2,0.0782,0.05,0.1,114000000.0,251000.0,112000000.0,1.0,True,0.01,0.95,10.0,39600.0,0.938,0.139
394,1 - 1 - 2022,19800.0,1.1445523142259597,1.0,1.3335216533675034,0.000203,0.000158489,0.000251189,0.173,0.15,0.2,0.155,0.1,0.2,194000000.0,232000.0,189000000.0,1.0,True,0.01,0.95,10.0,39600.0,0.938,0.139
395,1 - 1 - 2022,19800.0,1.1489125293076057,1.0,1.3335216533675034,0.000202,0.000158489,0.000251189,0.173,0.15,0.2,0.251,0.2,0.3,261000000.0,269000.0,254000000.0,1.0,True,0.01,0.95,10.0,39600.0,0.938,0.139
396,1 - 1 - 2022,19800.0,1.1489125293076057,1.0,1.3335216533675034,0.000201,0.000158489,0.000251189,0.174,0.15,0.2,0.35,0.3,0.4,270000000.0,273000.0,259000000.0,1.0,True,0.01,0.95,10.0,39600.0,0.938,0.139
397,1 - 1 - 2022,19800.0,1.1489125293076057,1.0,1.3335216533675034,0.000202,0.000158489,0.000251189,0.173,0.15,0.2,0.448,0.4,0.5,239000000.0,258000.0,217000000.0,1.0,True,0.01,0.95,10.0,39600.0,0.938,0.139
398,1 - 1 - 2022,19800.0,1.1489125293076057,1.0,1.3335216533675034,0.000201,0.000158489,0.000251189,0.173,0.15,0.2,0.548,0.5,0.6,194000000.0,232000.0,152000000.0,1.0,True,0.01,0.95,10.0,39600.0,0.938,0.139
399,1 - 1 - 2022,19800.0,1.1489125293076057,1.0,1.3335216533675034,0.000201,0.000158489,0.000251189,0.174,0.15,0.2,0.648,0.6,0.7,148000000.0,203000.0,91900000.0,1.0,True,0.01,0.95,10.0,39600.0,0.938,0.139
400,1 - 1 - 2022,19800.0,1.1489125293076057,1.0,1.3335216533675034,0.000202,0.000158489,0.000251189,0.174,0.15,0.2,0.747,0.7,0.8,110000000.0,175000.0,46900000.0,1.0,True,0.01,0.95,10.0,39600.0,0.938,0.139
401,1 - 1 - 2022,19800.0,1.1532562594670797,1.0,1.3335216533675034,0.000201,0.000158489,0.000251189,0.174,0.15,0.2,0.845,0.8,0.9,75300000.0,145000.0,20200000.0,1.0,True,0.01,0.95,10.0,39600.0,0.938,0.139
402,1 - 1 - 2022,19800.0,1.1575836902790226,1.0,1.3335216533675034,0.000201,0.000158489,0.000251189,0.173,0.15,0.2,0.946,0.9,1.0,53500000.0,122000.0,6490000.0,1.0,True,0.01,0.95,10.0,39600.0,0.938,0.139
403,1 - 1 - 2022,19800.0,1.1532562594670797,1.0,1.3335216533675034,0.000202,0.000158489,0.000251189,0.174,0.15,0.2,1.18,1.0,1.5,20700000.0,33900.0,416000.0,1.0,True,0.01,0.95,10.0,39600.0,0.938,0.139
404,1 - 1 - 2022,19800.0,1.1575836902790226,1.0,1.3335216533675034,0.000202,0.000158489,0.000251189,0.175,0.15,0.2,1.71,1.5,2.0,4750000.0,16200.0,12200.0,1.0,True,0.01,0.95,10.0,39600.0,0.938,0.139
405,1 - 1 - 2022,19800.0,1.1575836902790226,1.0,1.3335216533675034,0.000199,0.000158489,0.000251189,0.176,0.15,0.2,2.5,2.0,4.0,655000.0,3010.0,27500.0,1.0,True,0.01,0.95,10.0,39600.0,0.938,0.139
406,1 - 1 - 2022,19800.0,1.1445523142259597,1.0,1.3335216533675034,0.0002,0.000158489,0.000251189,0.223,0.2,0.25,0.0328,0.0,0.05,25200000.0,118000.0,20900000.0,1.0,True,0.01,0.95,10.0,39600.0,0.938,0.139
407,1 - 1 - 2022,19800.0,1.1489125293076057,1.0,1.3335216533675034,0.000202,0.000158489,0.000251189,0.223,0.2,0.25,0.0776,0.05,0.1,76000000.0,205000.0,64500000.0,1.0,True,0.01,0.95,10.0,39600.0,0.938,0.139
408,1 - 1 - 2022,19800.0,1.1445523142259597,1.0,1.3335216533675034,0.000202,0.000158489,0.000251189,0.223,0.2,0.25,0.154,0.1,0.2,139000000.0,196000.0,119000000.0,1.0,True,0.01,0.95,10.0,39600.0,0.938,0.139
409,1 - 1 - 2022,19800.0,1.1489125293076057,1.0,1.3335216533675034,0.000202,0.000158489,0.000251189,0.224,0.2,0.25,0.253,0.2,0.3,180000000.0,224000.0,149000000.0,1.0,True,0.01,0.95,10.0,39600.0,0.938,0.139
410,1 - 1 - 2022,19800.0,1.1489125293076057,1.0,1.3335216533675034,0.000202,0.000158489,0.000251189,0.224,0.2,0.25,0.349,0.3,0.4,194000000.0,232000.0,158000000.0,1.0,True,0.01,0.95,10.0,39600.0,0.938,0.139
411,1 - 1 - 2022,19800.0,1.1489125293076057,1.0,1.3335216533675034,0.000202,0.000158489,0.000251189,0.224,0.2,0.25,0.448,0.4,0.5,168000000.0,216000.0,132000000.0,1.0,True,0.01,0.95,10.0,39600.0,0.938,0.139
412,1 - 1 - 2022,19800.0,1.1489125293076057,1.0,1.3335216533675034,0.000202,0.000158489,0.000251189,0.223,0.2,0.25,0.548,0.5,0.6,137000000.0,195000.0,99900000.0,1.0,True,0.01,0.95,10.0,39600.0,0.938,0.139
413,1 - 1 - 2022,19800.0,1.1489125293076057,1.0,1.3335216533675034,0.000201,0.000158489,0.000251189,0.223,0.2,0.25,0.646,0.6,0.7,109000000.0,174000.0,67800000.0,1.0,True,0.01,0.95,10.0,39600.0,0.938,0.139
414,1 - 1 - 2022,19800.0,1.1489125293076057,1.0,1.3335216533675034,0.000202,0.000158489,0.000251189,0.223,0.2,0.25,0.747,0.7,0.8,78400000.0,147000.0,37600000.0,1.0,True,0.01,0.95,10.0,39600.0,0.938,0.139
415,1 - 1 - 2022,19800.0,1.1489125293076057,1.0,1.3335216533675034,0.000202,0.000158489,0.000251189,0.223,0.2,0.25,0.848,0.8,0.9,55400000.0,124000.0,17800000.0,1.0,True,0.01,0.95,10.0,39600.0,0.938,0.139
416,1 - 1 - 2022,19800.0,1.1532562594670797,1.0,1.3335216533675034,0.0002,0.000158489,0.000251189,0.224,0.2,0.25,0.946,0.9,1.0,38000000.0,103000.0,8320000.0,1.0,True,0.01,0.95,10.0,39600.0,0.938,0.139
417,1 - 1 - 2022,19800.0,1.1532562594670797,1.0,1.3335216533675034,0.000202,0.000158489,0.000251189,0.224,0.2,0.25,1.18,1.0,1.5,15900000.0,29700.0,881000.0,1.0,True,0.01,0.95,10.0,39600.0,0.938,0.139
418,1 - 1 - 2022,19800.0,1.1704699910719625,1.0,1.3335216533675034,0.000201,0.000158489,0.000251189,0.224,0.2,0.25,1.71,1.5,2.0,3600000.0,14100.0,0.0,1.0,True,0.01,0.95,10.0,39600.0,0.938,0.139
419,1 - 1 - 2022,19800.0,1.1661903789690602,1.0,1.3335216533675034,0.000196,0.000158489,0.000251189,0.226,0.2,0.25,2.48,2.0,4.0,584000.0,2850.0,6120.0,1.0,True,0.01,0.95,10.0,39600.0,0.938,0.139
420,1 - 1 - 2022,19800.0,1.1575836902790226,1.0,1.3335216533675034,0.0002,0.000158489,0.000251189,0.273,0.25,0.3,0.032,0.0,0.05,15900000.0,93900.0,7220000.0,1.0,True,0.01,0.95,10.0,39600.0,0.938,0.139
421,1 - 1 - 2022,19800.0,1.1489125293076057,1.0,1.3335216533675034,0.000202,0.000158489,0.000251189,0.273,0.25,0.3,0.0771,0.05,0.1,55800000.0,176000.0,27700000.0,1.0,True,0.01,0.95,10.0,39600.0,0.938,0.139
422,1 - 1 - 2022,19800.0,1.1445523142259597,1.0,1.3335216533675034,0.000203,0.000158489,0.000251189,0.274,0.25,0.3,0.153,0.1,0.2,99300000.0,166000.0,56700000.0,1.0,True,0.01,0.95,10.0,39600.0,0.938,0.139
423,1 - 1 - 2022,19800.0,1.140175425099138,1.0,1.3335216533675034,0.000202,0.000158489,0.000251189,0.273,0.25,0.3,0.251,0.2,0.3,129000000.0,189000.0,71800000.0,1.0,True,0.01,0.95,10.0,39600.0,0.938,0.139
424,1 - 1 - 2022,19800.0,1.140175425099138,1.0,1.3335216533675034,0.000202,0.000158489,0.000251189,0.274,0.25,0.3,0.349,0.3,0.4,136000000.0,194000.0,75300000.0,1.0,True,0.01,0.95,10.0,39600.0,0.938,0.139
425,1 - 1 - 2022,19800.0,1.1489125293076057,1.0,1.3335216533675034,0.000201,0.000158489,0.000251189,0.274,0.25,0.3,0.449,0.4,0.5,123000000.0,185000.0,57800000.0,1.0,True,0.01,0.95,10.0,39600.0,0.938,0.139
426,1 - 1 - 2022,19800.0,1.1489125293076057,1.0,1.3335216533675034,0.000201,0.000158489,0.000251189,0.274,0.25,0.3,0.548,0.5,0.6,104000000.0,170000.0,44500000.0,1.0,True,0.01,0.95,10.0,39600.0,0.938,0.139
427,1 - 1 - 2022,19800.0,1.1489125293076057,1.0,1.3335216533675034,0.000202,0.000158489,0.000251189,0.274,0.25,0.3,0.648,0.6,0.7,75400000.0,145000.0,28500000.0,1.0,True,0.01,0.95,10.0,39600.0,0.938,0.139
428,1 - 1 - 2022,19800.0,1.1489125293076057,1.0,1.3335216533675034,0.000201,0.000158489,0.000251189,0.274,0.25,0.3,0.747,0.7,0.8,58500000.0,127000.0,17100000.0,1.0,True,0.01,0.95,10.0,39600.0,0.938,0.139
429,1 - 1 - 2022,19800.0,1.1532562594670797,1.0,1.3335216533675034,0.000202,0.000158489,0.000251189,0.273,0.25,0.3,0.847,0.8,0.9,40000000.0,105000.0,9120000.0,1.0,True,0.01,0.95,10.0,39600.0,0.938,0.139
430,1 - 1 - 2022,19800.0,1.1532562594670797,1.0,1.3335216533675034,0.0002,0.000158489,0.000251189,0.274,0.25,0.3,0.949,0.9,1.0,28100000.0,88200.0,4530000.0,1.0,True,0.01,0.95,10.0,39600.0,0.938,0.139
431,1 - 1 - 2022,19800.0,1.1532562594670797,1.0,1.3335216533675034,0.000202,0.000158489,0.000251189,0.273,0.25,0.3,1.19,1.0,1.5,11900000.0,25700.0,600000.0,1.0,True,0.01,0.95,10.0,39600.0,0.938,0.139
432,1 - 1 - 2022,19800.0,1.1532562594670797,1.0,1.3335216533675034,0.000203,0.000158489,0.000251189,0.274,0.25,0.3,1.71,1.5,2.0,2860000.0,12600.0,0.0,1.0,True,0.01,0.95,10.0,39600.0,0.938,0.139
433,1 - 1 - 2022,19800.0,1.1575836902790226,1.0,1.3335216533675034,0.000204,0.000158489,0.000251189,0.273,0.25,0.3,2.5,2.0,4.0,425000.0,2430.0,6120.0,1.0,True,0.01,0.95,10.0,39600.0,0.938,0.139
434,1 - 1 - 2022,19800.0,1.140175425099138,1.0,1.3335216533675034,0.000198,0.000158489,0.000251189,0.347,0.3,0.4,0.0332,0.0,0.05,12900000.0,59700.0,1900000.0,1.0,True,0.01,0.95,10.0,39600.0,0.938,0.139
435,1 - 1 - 2022,19800.0,1.1445523142259597,1.0,1.3335216533675034,0.000203,0.000158489,0.000251189,0.347,0.3,0.4,0.0771,0.05,0.1,36800000.0,101000.0,7040000.0,1.0,True,0.01,0.95,10.0,39600.0,0.938,0.139
436,1 - 1 - 2022,19800.0,1.1445523142259597,1.0,1.3335216533675034,0.000202,0.000158489,0.000251189,0.347,0.3,0.4,0.154,0.1,0.2,67100000.0,96400.0,12900000.0,1.0,True,0.01,0.95,10.0,39600.0,0.938,0.139
437,1 - 1 - 2022,19800.0,1.1445523142259597,1.0,1.3335216533675034,0.000202,0.000158489,0.000251189,0.345,0.3,0.4,0.252,0.2,0.3,86700000.0,110000.0,20700000.0,1.0,True,0.01,0.95,10.0,39600.0,0.938,0.139
438,1 - 1 - 2022,19800.0,1.1445523142259597,1.0,1.3335216533675034,0.000201,0.000158489,0.000251189,0.345,0.3,0.4,0.351,0.3,0.4,89400000.0,111000.0,18800000.0,1.0,True,0.01,0.95,10.0,39600.0,0.938,0.139
439,1 - 1 - 2022,19800.0,1.1489125293076057,1.0,1.3335216533675034,0.000201,0.000158489,0.000251189,0.345,0.3,0.4,0.448,0.4,0.5,85300000.0,109000.0,15100000.0,1.0,True,0.01,0.95,10.0,39600.0,0.938,0.139
440,1 - 1 - 2022,19800.0,1.1445523142259597,1.0,1.3335216533675034,0.000202,0.000158489,0.000251189,0.346,0.3,0.4,0.548,0.5,0.6,69200000.0,98000.0,9330000.0,1.0,True,0.01,0.95,10.0,39600.0,0.938,0.139
441,1 - 1 - 2022,19800.0,1.1489125293076057,1.0,1.3335216533675034,0.000201,0.000158489,0.000251189,0.348,0.3,0.4,0.648,0.6,0.7,51600000.0,84600.0,5230000.0,1.0,True,0.01,0.95,10.0,39600.0,0.938,0.139
442,1 - 1 - 2022,19800.0,1.1489125293076057,1.0,1.3335216533675034,0.000203,0.000158489,0.000251189,0.344,0.3,0.4,0.747,0.7,0.8,39000000.0,73600.0,3860000.0,1.0,True,0.01,0.95,10.0,39600.0,0.938,0.139
443,1 - 1 - 2022,19800.0,1.1532562594670797,1.0,1.3335216533675034,0.000202,0.000158489,0.000251189,0.345,0.3,0.4,0.847,0.8,0.9,26600000.0,60700.0,1680000.0,1.0,True,0.01,0.95,10.0,39600.0,0.938,0.139
444,1 - 1 - 2022,19800.0,1.1532562594670797,1.0,1.3335216533675034,0.000201,0.000158489,0.000251189,0.345,0.3,0.4,0.946,0.9,1.0,18500000.0,50600.0,1190000.0,1.0,True,0.01,0.95,10.0,39600.0,0.938,0.139
445,1 - 1 - 2022,19800.0,1.1532562594670797,1.0,1.3335216533675034,0.000201,0.000158489,0.000251189,0.346,0.3,0.4,1.19,1.0,1.5,7960000.0,14900.0,104000.0,1.0,True,0.01,0.95,10.0,39600.0,0.938,0.139
446,1 - 1 - 2022,19800.0,1.161895003862225,1.0,1.3335216533675034,0.000203,0.000158489,0.000251189,0.347,0.3,0.4,1.71,1.5,2.0,2050000.0,7540.0,12200.0,1.0,True,0.01,0.95,10.0,39600.0,0.938,0.139
447,1 - 1 - 2022,19800.0,1.1532562594670797,1.0,1.3335216533675034,0.000202,0.000158489,0.000251189,0.343,0.3,0.4,2.53,2.0,4.0,329000.0,1510.0,4590.0,1.0,True,0.01,0.95,10.0,39600.0,0.938,0.139
448,1 - 1 - 2022,19800.0,1.1489125293076057,1.0,1.3335216533675034,0.000202,0.000158489,0.000251189,0.446,0.4,0.5,0.0327,0.0,0.05,8750000.0,49300.0,0.0,1.0,True,0.01,0.95,10.0,39600.0,0.938,0.139
449,1 - 1 - 2022,19800.0,1.1445523142259597,1.0,1.3335216533675034,0.000202,0.000158489,0.000251189,0.445,0.4,0.5,0.0767,0.05,0.1,28400000.0,88700.0,184000.0,1.0,True,0.01,0.95,10.0,39600.0,0.938,0.139
450,1 - 1 - 2022,19800.0,1.1445523142259597,1.0,1.3335216533675034,0.000202,0.000158489,0.000251189,0.445,0.4,0.5,0.154,0.1,0.2,44600000.0,78600.0,459000.0,1.0,True,0.01,0.95,10.0,39600.0,0.938,0.139
451,1 - 1 - 2022,19800.0,1.1445523142259597,1.0,1.3335216533675034,0.000201,0.000158489,0.000251189,0.446,0.4,0.5,0.251,0.2,0.3,54300000.0,86700.0,3400000.0,1.0,True,0.01,0.95,10.0,39600.0,0.938,0.139
452,1 - 1 - 2022,19800.0,1.1445523142259597,1.0,1.3335216533675034,0.000202,0.000158489,0.000251189,0.446,0.4,0.5,0.349,0.3,0.4,53900000.0,86400.0,4590000.0,1.0,True,0.01,0.95,10.0,39600.0,0.938,0.139
453,1 - 1 - 2022,19800.0,1.1445523142259597,1.0,1.3335216533675034,0.000202,0.000158489,0.000251189,0.445,0.4,0.5,0.449,0.4,0.5,45400000.0,79300.0,3210000.0,1.0,True,0.01,0.95,10.0,39600.0,0.938,0.139
454,1 - 1 - 2022,19800.0,1.1445523142259597,1.0,1.3335216533675034,0.000202,0.000158489,0.000251189,0.446,0.4,0.5,0.549,0.5,0.6,41300000.0,75700.0,1590000.0,1.0,True,0.01,0.95,10.0,39600.0,0.938,0.139
455,1 - 1 - 2022,19800.0,1.1489125293076057,1.0,1.3335216533675034,0.0002,0.000158489,0.000251189,0.445,0.4,0.5,0.648,0.6,0.7,33500000.0,68100.0,275000.0,1.0,True,0.01,0.95,10.0,39600.0,0.938,0.139
456,1 - 1 - 2022,19800.0,1.1532562594670797,1.0,1.3335216533675034,0.000201,0.000158489,0.000251189,0.446,0.4,0.5,0.746,0.7,0.8,22300000.0,55600.0,30600.0,1.0,True,0.01,0.95,10.0,39600.0,0.938,0.139
457,1 - 1 - 2022,19800.0,1.1575836902790226,1.0,1.3335216533675034,0.000203,0.000158489,0.000251189,0.447,0.4,0.5,0.846,0.8,0.9,16100000.0,47300.0,30600.0,1.0,True,0.01,0.95,10.0,39600.0,0.938,0.139
458,1 - 1 - 2022,19800.0,1.1445523142259597,1.0,1.3335216533675034,0.000201,0.000158489,0.000251189,0.445,0.4,0.5,0.947,0.9,1.0,9820000.0,36900.0,0.0,1.0,True,0.01,0.95,10.0,39600.0,0.938,0.139
459,1 - 1 - 2022,19800.0,1.1532562594670797,1.0,1.3335216533675034,0.000201,0.000158489,0.000251189,0.444,0.4,0.5,1.19,1.0,1.5,4250000.0,10900.0,1.06,1.0,True,0.01,0.95,10.0,39600.0,0.938,0.139
460,1 - 1 - 2022,19800.0,1.1704699910719625,1.0,1.3335216533675034,0.000202,0.000158489,0.000251189,0.448,0.4,0.5,1.68,1.5,2.0,1270000.0,5940.0,0.0,1.0,True,0.01,0.95,10.0,39600.0,0.938,0.139
461,1 - 1 - 2022,19800.0,1.1445523142259597,1.0,1.3335216533675034,0.000199,0.000158489,0.000251189,0.444,0.4,0.5,2.52,2.0,4.0,184000.0,1130.0,15300.0,1.0,True,0.01,0.95,10.0,39600.0,0.938,0.139
462,1 - 1 - 2022,19800.0,1.140175425099138,1.0,1.3335216533675034,0.000202,0.000158489,0.000251189,0.545,0.5,0.6,0.0322,0.0,0.05,5750000.0,39900.0,122000.0,1.0,True,0.01,0.95,10.0,39600.0,0.938,0.139
463,1 - 1 - 2022,19800.0,1.1445523142259597,1.0,1.3335216533675034,0.000206,0.000158489,0.000251189,0.547,0.5,0.6,0.0771,0.05,0.1,15400000.0,65400.0,306000.0,1.0,True,0.01,0.95,10.0,39600.0,0.938,0.139
464,1 - 1 - 2022,19800.0,1.1445523142259597,1.0,1.3335216533675034,0.000201,0.000158489,0.000251189,0.545,0.5,0.6,0.155,0.1,0.2,27800000.0,62100.0,887000.0,1.0,True,0.01,0.95,10.0,39600.0,0.938,0.139
465,1 - 1 - 2022,19800.0,1.1489125293076057,1.0,1.3335216533675034,0.000202,0.000158489,0.000251189,0.547,0.5,0.6,0.25,0.2,0.3,33500000.0,68100.0,1350000.0,1.0,True,0.01,0.95,10.0,39600.0,0.938,0.139
466,1 - 1 - 2022,19800.0,1.1445523142259597,1.0,1.3335216533675034,0.000203,0.000158489,0.000251189,0.545,0.5,0.6,0.349,0.3,0.4,34500000.0,69200.0,2450000.0,1.0,True,0.01,0.95,10.0,39600.0,0.938,0.139
467,1 - 1 - 2022,19800.0,1.1445523142259597,1.0,1.3335216533675034,0.0002,0.000158489,0.000251189,0.544,0.5,0.6,0.448,0.4,0.5,27000000.0,61100.0,2020000.0,1.0,True,0.01,0.95,10.0,39600.0,0.938,0.139
468,1 - 1 - 2022,19800.0,1.140175425099138,1.0,1.3335216533675034,0.000203,0.000158489,0.000251189,0.547,0.5,0.6,0.548,0.5,0.6,23100000.0,56600.0,1220000.0,1.0,True,0.01,0.95,10.0,39600.0,0.938,0.139
469,1 - 1 - 2022,19800.0,1.1445523142259597,1.0,1.3335216533675034,0.000202,0.000158489,0.000251189,0.546,0.5,0.6,0.647,0.6,0.7,18300000.0,50400.0,1190000.0,1.0,True,0.01,0.95,10.0,39600.0,0.938,0.139
470,1 - 1 - 2022,19800.0,1.1357816691600546,1.0,1.3335216533675034,0.000201,0.000158489,0.000251189,0.548,0.5,0.6,0.75,0.7,0.8,13000000.0,42500.0,337000.0,1.0,True,0.01,0.95,10.0,39600.0,0.938,0.139
471,1 - 1 - 2022,19800.0,1.1575836902790226,1.0,1.3335216533675034,0.000202,0.000158489,0.000251189,0.545,0.5,0.6,0.845,0.8,0.9,9520000.0,36300.0,184000.0,1.0,True,0.01,0.95,10.0,39600.0,0.938,0.139
472,1 - 1 - 2022,19800.0,1.1532562594670797,1.0,1.3335216533675034,0.000203,0.000158489,0.000251189,0.545,0.5,0.6,0.945,0.9,1.0,6390000.0,29800.0,91800.0,1.0,True,0.01,0.95,10.0,39600.0,0.938,0.139
473,1 - 1 - 2022,19800.0,1.1532562594670797,1.0,1.3335216533675034,0.000203,0.000158489,0.000251189,0.548,0.5,0.6,1.19,1.0,1.5,2460000.0,8260.0,67300.0,1.0,True,0.01,0.95,10.0,39600.0,0.938,0.139
474,1 - 1 - 2022,19800.0,1.1575836902790226,1.0,1.3335216533675034,0.000199,0.000158489,0.000251189,0.545,0.5,0.6,1.7,1.5,2.0,600000.0,4080.0,12200.0,1.0,True,0.01,0.95,10.0,39600.0,0.938,0.139
475,1 - 1 - 2022,19800.0,1.1789826122551597,1.0,1.3335216533675034,0.0002,0.000158489,0.000251189,0.553,0.5,0.6,2.56,2.0,4.0,110000.0,874.0,27500.0,1.0,True,0.01,0.95,10.0,39600.0,0.938,0.139
476,1 - 1 - 2022,19800.0,1.131370849898476,1.0,1.3335216533675034,0.000203,0.000158489,0.000251189,0.636,0.6,0.7,0.0329,0.0,0.05,2200000.0,24700.0,245000.0,1.0,True,0.01,0.95,10.0,39600.0,0.938,0.139
477,1 - 1 - 2022,19800.0,1.1489125293076057,1.0,1.3335216533675034,0.000203,0.000158489,0.000251189,0.643,0.6,0.7,0.0761,0.05,0.1,7650000.0,46000.0,918000.0,1.0,True,0.01,0.95,10.0,39600.0,0.938,0.139
478,1 - 1 - 2022,19800.0,1.1445523142259597,1.0,1.3335216533675034,0.000201,0.000158489,0.000251189,0.641,0.6,0.7,0.155,0.1,0.2,12300000.0,41200.0,1530000.0,1.0,True,0.01,0.95,10.0,39600.0,0.938,0.139
479,1 - 1 - 2022,19800.0,1.1489125293076057,1.0,1.3335216533675034,0.000201,0.000158489,0.000251189,0.642,0.6,0.7,0.252,0.2,0.3,16800000.0,48300.0,1680000.0,1.0,True,0.01,0.95,10.0,39600.0,0.938,0.139
480,1 - 1 - 2022,19800.0,1.1445523142259597,1.0,1.3335216533675034,0.000202,0.000158489,0.000251189,0.644,0.6,0.7,0.349,0.3,0.4,17000000.0,48500.0,2200000.0,1.0,True,0.01,0.95,10.0,39600.0,0.938,0.139
481,1 - 1 - 2022,19800.0,1.1357816691600546,1.0,1.3335216533675034,0.000202,0.000158489,0.000251189,0.647,0.6,0.7,0.45,0.4,0.5,17900000.0,49800.0,2780000.0,1.0,True,0.01,0.95,10.0,39600.0,0.938,0.139
482,1 - 1 - 2022,19800.0,1.1445523142259597,1.0,1.3335216533675034,0.000202,0.000158489,0.000251189,0.646,0.6,0.7,0.549,0.5,0.6,13000000.0,42400.0,1930000.0,1.0,True,0.01,0.95,10.0,39600.0,0.938,0.139
483,1 - 1 - 2022,19800.0,1.1445523142259597,1.0,1.3335216533675034,0.000202,0.000158489,0.000251189,0.644,0.6,0.7,0.647,0.6,0.7,10700000.0,38500.0,2080000.0,1.0,True,0.01,0.95,10.0,39600.0,0.938,0.139
484,1 - 1 - 2022,19800.0,1.1575836902790226,1.0,1.3335216533675034,0.000203,0.000158489,0.000251189,0.647,0.6,0.7,0.747,0.7,0.8,8570000.0,34500.0,1530000.0,1.0,True,0.01,0.95,10.0,39600.0,0.938,0.139
485,1 - 1 - 2022,19800.0,1.1357816691600546,1.0,1.3335216533675034,0.0002,0.000158489,0.000251189,0.647,0.6,0.7,0.845,0.8,0.9,5720000.0,28200.0,551000.0,1.0,True,0.01,0.95,10.0,39600.0,0.938,0.139
486,1 - 1 - 2022,19800.0,1.1532562594670797,1.0,1.3335216533675034,0.000202,0.000158489,0.000251189,0.65,0.6,0.7,0.95,0.9,1.0,3920000.0,23300.0,459000.0,1.0,True,0.01,0.95,10.0,39600.0,0.938,0.139
487,1 - 1 - 2022,19800.0,1.161895003862225,1.0,1.3335216533675034,0.0002,0.000158489,0.000251189,0.644,0.6,0.7,1.18,1.0,1.5,1610000.0,6680.0,269000.0,1.0,True,0.01,0.95,10.0,39600.0,0.938,0.139
488,1 - 1 - 2022,19800.0,1.1489125293076057,1.0,1.3335216533675034,0.000201,0.000158489,0.000251189,0.647,0.6,0.7,1.72,1.5,2.0,447000.0,3520.0,85700.0,1.0,True,0.01,0.95,10.0,39600.0,0.938,0.139
489,1 - 1 - 2022,19800.0,1.1532562594670797,1.0,1.3335216533675034,0.000198,0.000158489,0.000251189,0.645,0.6,0.7,2.49,2.0,4.0,52000.0,600.0,18400.0,1.0,True,0.01,0.95,10.0,39600.0,0.938,0.139
490,1 - 1 - 2022,19800.0,1.1704699910719625,1.0,1.3335216533675034,0.00019,0.000158489,0.000251189,0.749,0.7,0.8,0.039,0.0,0.05,612000.0,13000.0,367000.0,1.0,True,0.01,0.95,10.0,39600.0,0.938,0.139
491,1 - 1 - 2022,19800.0,1.161895003862225,1.0,1.3335216533675034,0.000196,0.000158489,0.000251189,0.745,0.7,0.8,0.0764,0.05,0.1,3000000.0,28800.0,979000.0,1.0,True,0.01,0.95,10.0,39600.0,0.938,0.139
492,1 - 1 - 2022,19800.0,1.1489125293076057,1.0,1.3335216533675034,0.000205,0.000158489,0.000251189,0.745,0.7,0.8,0.157,0.1,0.2,6550000.0,30100.0,1900000.0,1.0,True,0.01,0.95,10.0,39600.0,0.938,0.139
493,1 - 1 - 2022,19800.0,1.1489125293076057,1.0,1.3335216533675034,0.000203,0.000158489,0.000251189,0.744,0.7,0.8,0.25,0.2,0.3,9060000.0,35400.0,2570000.0,1.0,True,0.01,0.95,10.0,39600.0,0.938,0.139
494,1 - 1 - 2022,19800.0,1.140175425099138,1.0,1.3335216533675034,0.000202,0.000158489,0.000251189,0.746,0.7,0.8,0.349,0.3,0.4,10500000.0,38100.0,2940000.0,1.0,True,0.01,0.95,10.0,39600.0,0.938,0.139
495,1 - 1 - 2022,19800.0,1.1489125293076057,1.0,1.3335216533675034,0.000203,0.000158489,0.000251189,0.745,0.7,0.8,0.45,0.4,0.5,10200000.0,37600.0,3120000.0,1.0,True,0.01,0.95,10.0,39600.0,0.938,0.139
496,1 - 1 - 2022,19800.0,1.1357816691600546,1.0,1.3335216533675034,0.000201,0.000158489,0.000251189,0.746,0.7,0.8,0.547,0.5,0.6,8050000.0,33400.0,2750000.0,1.0,True,0.01,0.95,10.0,39600.0,0.938,0.139
497,1 - 1 - 2022,19800.0,1.131370849898476,1.0,1.3335216533675034,0.000203,0.000158489,0.000251189,0.745,0.7,0.8,0.65,0.6,0.7,7470000.0,32200.0,2230000.0,1.0,True,0.01,0.95,10.0,39600.0,0.938,0.139
498,1 - 1 - 2022,19800.0,1.1489125293076057,1.0,1.3335216533675034,0.000199,0.000158489,0.000251189,0.746,0.7,0.8,0.747,0.7,0.8,4440000.0,24800.0,1620000.0,1.0,True,0.01,0.95,10.0,39600.0,0.938,0.139
499,1 - 1 - 2022,19800.0,1.1489125293076057,1.0,1.3335216533675034,0.000198,0.000158489,0.000251189,0.739,0.7,0.8,0.847,0.8,0.9,3520000.0,22100.0,1350000.0,1.0,True,0.01,0.95,10.0,39600.0,0.938,0.139
500,1 - 1 - 2022,19800.0,1.1661903789690602,1.0,1.3335216533675034,0.0002,0.000158489,0.000251189,0.747,0.7,0.8,0.943,0.9,1.0,2510000.0,18600.0,1100000.0,1.0,True,0.01,0.95,10.0,39600.0,0.938,0.139
501,1 - 1 - 2022,19800.0,1.1445523142259597,1.0,1.3335216533675034,0.000203,0.000158489,0.000251189,0.742,0.7,0.8,1.16,1.0,1.5,881000.0,4940.0,263000.0,1.0,True,0.01,0.95,10.0,39600.0,0.938,0.139
502,1 - 1 - 2022,19800.0,1.1661903789690602,1.0,1.3335216533675034,0.000196,0.000158489,0.000251189,0.743,0.7,0.8,1.67,1.5,2.0,159000.0,2100.0,61200.0,1.0,True,0.01,0.95,10.0,39600.0,0.938,0.139
503,1 - 1 - 2022,19800.0,1.1704699910719625,1.0,1.3335216533675034,0.000194,0.000158489,0.000251189,0.74,0.7,0.8,2.58,2.0,4.0,38200.0,515.0,21400.0,1.0,True,0.01,0.95,10.0,39600.0,0.938,0.139
504,1 - 1 - 2022,19800.0,1.1789826122551597,1.0,1.3335216533675034,0.000197,0.000158489,0.000251189,0.849,0.8,0.9,0.0291,0.0,0.05,612000.0,13000.0,367000.0,1.0,True,0.01,0.95,10.0,39600.0,0.938,0.139
505,1 - 1 - 2022,19800.0,1.1445523142259597,1.0,1.3335216533675034,0.000206,0.000158489,0.000251189,0.842,0.8,0.9,0.0802,0.05,0.1,1650000.0,21400.0,857000.0,1.0,True,0.01,0.95,10.0,39600.0,0.938,0.139
506,1 - 1 - 2022,19800.0,1.140175425099138,1.0,1.3335216533675034,0.000203,0.000158489,0.000251189,0.845,0.8,0.9,0.154,0.1,0.2,3520000.0,22100.0,1710000.0,1.0,True,0.01,0.95,10.0,39600.0,0.938,0.139
507,1 - 1 - 2022,19800.0,1.161895003862225,1.0,1.3335216533675034,0.000203,0.000158489,0.000251189,0.844,0.8,0.9,0.254,0.2,0.3,4620000.0,25300.0,2360000.0,1.0,True,0.01,0.95,10.0,39600.0,0.938,0.139
508,1 - 1 - 2022,19800.0,1.140175425099138,1.0,1.3335216533675034,0.000202,0.000158489,0.000251189,0.846,0.8,0.9,0.351,0.3,0.4,6700000.0,30500.0,3300000.0,1.0,True,0.01,0.95,10.0,39600.0,0.938,0.139
509,1 - 1 - 2022,19800.0,1.1445523142259597,1.0,1.3335216533675034,0.000204,0.000158489,0.000251189,0.845,0.8,0.9,0.446,0.4,0.5,6060000.0,29000.0,2690000.0,1.0,True,0.01,0.95,10.0,39600.0,0.938,0.139
510,1 - 1 - 2022,19800.0,1.1489125293076057,1.0,1.3335216533675034,0.000204,0.000158489,0.000251189,0.844,0.8,0.9,0.548,0.5,0.6,4620000.0,25300.0,2260000.0,1.0,True,0.01,0.95,10.0,39600.0,0.938,0.139
511,1 - 1 - 2022,19800.0,1.1269427669584644,1.0,1.3335216533675034,0.000198,0.000158489,0.000251189,0.845,0.8,0.9,0.643,0.6,0.7,3760000.0,22800.0,1990000.0,1.0,True,0.01,0.95,10.0,39600.0,0.938,0.139
512,1 - 1 - 2022,19800.0,1.1445523142259597,1.0,1.3335216533675034,0.000201,0.000158489,0.000251189,0.842,0.8,0.9,0.749,0.7,0.8,3060000.0,20600.0,1740000.0,1.0,True,0.01,0.95,10.0,39600.0,0.938,0.139
513,1 - 1 - 2022,19800.0,1.1445523142259597,1.0,1.3335216533675034,0.000204,0.000158489,0.000251189,0.845,0.8,0.9,0.846,0.8,0.9,2230000.0,17600.0,1100000.0,1.0,True,0.01,0.95,10.0,39600.0,0.938,0.139
514,1 - 1 - 2022,19800.0,1.1575836902790226,1.0,1.3335216533675034,0.000203,0.000158489,0.000251189,0.833,0.8,0.9,0.948,0.9,1.0,1100000.0,12400.0,642000.0,1.0,True,0.01,0.95,10.0,39600.0,0.938,0.139
515,1 - 1 - 2022,19800.0,1.1661903789690602,1.0,1.3335216533675034,0.000203,0.000158489,0.000251189,0.844,0.8,0.9,1.17,1.0,1.5,330000.0,3030.0,190000.0,1.0,True,0.01,0.95,10.0,39600.0,0.938,0.139
516,1 - 1 - 2022,19800.0,1.1445523142259597,1.0,1.3335216533675034,0.000215,0.000158489,0.000251189,0.834,0.8,0.9,1.68,1.5,2.0,55100.0,1240.0,24500.0,1.0,True,0.01,0.95,10.0,39600.0,0.938,0.139
517,1 - 1 - 2022,19800.0,1.161895003862225,1.0,1.3335216533675034,0.000201,0.000158489,0.000251189,0.841,0.8,0.9,2.47,2.0,4.0,13800.0,309.0,10700.0,1.0,True,0.01,0.95,10.0,39600.0,0.938,0.139
518,1 - 1 - 2022,19800.0,1.1135528725660044,1.0,1.3335216533675034,0.000196,0.000158489,0.000251189,0.937,0.9,1.0,0.039,0.0,0.05,428000.0,10900.0,245000.0,1.0,True,0.01,0.95,10.0,39600.0,0.938,0.139
519,1 - 1 - 2022,19800.0,1.118033988749895,1.0,1.3335216533675034,0.000201,0.000158489,0.000251189,0.94,0.9,1.0,0.0715,0.05,0.1,1160000.0,18000.0,673000.0,1.0,True,0.01,0.95,10.0,39600.0,0.938,0.139
520,1 - 1 - 2022,19800.0,1.1445523142259597,1.0,1.3335216533675034,0.000198,0.000158489,0.000251189,0.935,0.9,1.0,0.155,0.1,0.2,1710000.0,15400.0,1190000.0,1.0,True,0.01,0.95,10.0,39600.0,0.938,0.139
521,1 - 1 - 2022,19800.0,1.140175425099138,1.0,1.3335216533675034,0.000198,0.000158489,0.000251189,0.933,0.9,1.0,0.247,0.2,0.3,2020000.0,16700.0,1440000.0,1.0,True,0.01,0.95,10.0,39600.0,0.938,0.139
522,1 - 1 - 2022,19800.0,1.140175425099138,1.0,1.3335216533675034,0.000198,0.000158489,0.000251189,0.935,0.9,1.0,0.346,0.3,0.4,2510000.0,18600.0,1710000.0,1.0,True,0.01,0.95,10.0,39600.0,0.938,0.139
523,1 - 1 - 2022,19800.0,1.140175425099138,1.0,1.3335216533675034,0.000202,0.000158489,0.000251189,0.932,0.9,1.0,0.456,0.4,0.5,2140000.0,17200.0,1250000.0,1.0,True,0.01,0.95,10.0,39600.0,0.938,0.139
524,1 - 1 - 2022,19800.0,1.1445523142259597,1.0,1.3335216533675034,0.000204,0.000158489,0.000251189,0.936,0.9,1.0,0.546,0.5,0.6,2230000.0,17600.0,1530000.0,1.0,True,0.01,0.95,10.0,39600.0,0.938,0.139
525,1 - 1 - 2022,19800.0,1.1575836902790226,1.0,1.3335216533675034,0.000199,0.000158489,0.000251189,0.935,0.9,1.0,0.647,0.6,0.7,1320000.0,13500.0,979000.0,1.0,True,0.01,0.95,10.0,39600.0,0.938,0.139
526,1 - 1 - 2022,19800.0,1.161895003862225,1.0,1.3335216533675034,0.000207,0.000158489,0.000251189,0.938,0.9,1.0,0.751,0.7,0.8,734000.0,10100.0,581000.0,1.0,True,0.01,0.95,10.0,39600.0,0.938,0.139
527,1 - 1 - 2022,19800.0,1.174734012447073,1.0,1.3335216533675034,0.000197,0.000158489,0.000251189,0.94,0.9,1.0,0.845,0.8,0.9,612000.0,9210.0,459000.0,1.0,True,0.01,0.95,10.0,39600.0,0.938,0.139
528,1 - 1 - 2022,19800.0,1.161895003862225,1.0,1.3335216533675034,0.000211,0.000158489,0.000251189,0.944,0.9,1.0,0.948,0.9,1.0,581000.0,8980.0,398000.0,1.0,True,0.01,0.95,10.0,39600.0,0.938,0.139
529,1 - 1 - 2022,19800.0,1.131370849898476,1.0,1.3335216533675034,0.000207,0.000158489,0.000251189,0.938,0.9,1.0,1.16,1.0,1.5,171000.0,2180.0,104000.0,1.0,True,0.01,0.95,10.0,39600.0,0.938,0.139
530,1 - 1 - 2022,19800.0,1.118033988749895,1.0,1.3335216533675034,0.000186,0.000158489,0.000251189,0.916,0.9,1.0,1.84,1.5,2.0,12200.0,582.0,6120.0,1.0,True,0.01,0.95,10.0,39600.0,0.938,0.139
531,1 - 1 - 2022,19800.0,1.1575836902790226,1.0,1.3335216533675034,0.000316,0.000251189,0.000398107,0.0233,0.0,0.05,0.0787,0.05,0.1,505000000.0,420000.0,504000000.0,1.0,True,0.01,0.95,10.0,39600.0,0.938,0.139
532,1 - 1 - 2022,19800.0,1.1532562594670797,1.0,1.3335216533675034,0.000317,0.000251189,0.000398107,0.0195,0.0,0.05,0.155,0.1,0.2,1130000000.0,445000.0,943000000.0,1.0,True,0.01,0.95,10.0,39600.0,0.938,0.139
533,1 - 1 - 2022,19800.0,1.1532562594670797,1.0,1.3335216533675034,0.000317,0.000251189,0.000398107,0.018,0.0,0.05,0.251,0.2,0.3,1630000000.0,533000.0,1050000000.0,1.0,True,0.01,0.95,10.0,39600.0,0.938,0.139
534,1 - 1 - 2022,19800.0,1.1532562594670797,1.0,1.3335216533675034,0.000317,0.000251189,0.000398107,0.0173,0.0,0.05,0.35,0.3,0.4,1700000000.0,545000.0,915000000.0,1.0,True,0.01,0.95,10.0,39600.0,0.938,0.139
535,1 - 1 - 2022,19800.0,1.1532562594670797,1.0,1.3335216533675034,0.000317,0.000251189,0.000398107,0.0172,0.0,0.05,0.448,0.4,0.5,1460000000.0,505000.0,671000000.0,1.0,True,0.01,0.95,10.0,39600.0,0.938,0.139
536,1 - 1 - 2022,19800.0,1.1532562594670797,1.0,1.3335216533675034,0.000317,0.000251189,0.000398107,0.0173,0.0,0.05,0.548,0.5,0.6,1140000000.0,447000.0,458000000.0,1.0,True,0.01,0.95,10.0,39600.0,0.938,0.139
537,1 - 1 - 2022,19800.0,1.1532562594670797,1.0,1.3335216533675034,0.000318,0.000251189,0.000398107,0.0177,0.0,0.05,0.647,0.6,0.7,810000000.0,376000.0,260000000.0,1.0,True,0.01,0.95,10.0,39600.0,0.938,0.139
538,1 - 1 - 2022,19800.0,1.1532562594670797,1.0,1.3335216533675034,0.000317,0.000251189,0.000398107,0.018,0.0,0.05,0.747,0.7,0.8,551000000.0,311000.0,139000000.0,1.0,True,0.01,0.95,10.0,39600.0,0.938,0.139
539,1 - 1 - 2022,19800.0,1.1532562594670797,1.0,1.3335216533675034,0.000317,0.000251189,0.000398107,0.0185,0.0,0.05,0.846,0.8,0.9,352000000.0,248000.0,66000000.0,1.0,True,0.01,0.95,10.0,39600.0,0.938,0.139
540,1 - 1 - 2022,19800.0,1.1532562594670797,1.0,1.3335216533675034,0.000316,0.000251189,0.000398107,0.0193,0.0,0.05,0.946,0.9,1.0,219000000.0,196000.0,32600000.0,1.0,True,0.01,0.95,10.0,39600.0,0.938,0.139
541,1 - 1 - 2022,19800.0,1.1575836902790226,1.0,1.3335216533675034,0.000317,0.000251189,0.000398107,0.0204,0.0,0.05,1.16,1.0,1.5,63600000.0,47200.0,8120000.0,1.0,True,0.01,0.95,10.0,39600.0,0.938,0.139
542,1 - 1 - 2022,19800.0,1.161895003862225,1.0,1.3335216533675034,0.000316,0.000251189,0.000398107,0.0247,0.0,0.05,1.67,1.5,2.0,7550000.0,16300.0,749000.0,1.0,True,0.01,0.95,10.0,39600.0,0.938,0.139
543,1 - 1 - 2022,19800.0,1.174734012447073,1.0,1.3335216533675034,0.000313,0.000251189,0.000398107,0.0281,0.0,0.05,2.37,2.0,4.0,629000.0,2350.0,46300.0,1.0,True,0.01,0.95,10.0,39600.0,0.938,0.139
544,1 - 1 - 2022,19800.0,1.1489125293076057,1.0,1.3335216533675034,0.000318,0.000251189,0.000398107,0.0721,0.05,0.1,0.154,0.1,0.2,363000000.0,252000.0,362000000.0,1.0,True,0.01,0.95,10.0,39600.0,0.938,0.139
545,1 - 1 - 2022,19800.0,1.1489125293076057,1.0,1.3335216533675034,0.000319,0.000251189,0.000398107,0.0723,0.05,0.1,0.251,0.2,0.3,466000000.0,286000.0,460000000.0,1.0,True,0.01,0.95,10.0,39600.0,0.938,0.139
546,1 - 1 - 2022,19800.0,1.1489125293076057,1.0,1.3335216533675034,0.00032,0.000251189,0.000398107,0.0723,0.05,0.1,0.349,0.3,0.4,476000000.0,289000.0,426000000.0,1.0,True,0.01,0.95,10.0,39600.0,0.938,0.139
547,1 - 1 - 2022,19800.0,1.1489125293076057,1.0,1.3335216533675034,0.000319,0.000251189,0.000398107,0.0724,0.05,0.1,0.448,0.4,0.5,408000000.0,267000.0,221000000.0,1.0,True,0.01,0.95,10.0,39600.0,0.938,0.139
548,1 - 1 - 2022,19800.0,1.1489125293076057,1.0,1.3335216533675034,0.000319,0.000251189,0.000398107,0.0723,0.05,0.1,0.548,0.5,0.6,320000000.0,236000.0,105000000.0,1.0,True,0.01,0.95,10.0,39600.0,0.938,0.139
549,1 - 1 - 2022,19800.0,1.1489125293076057,1.0,1.3335216533675034,0.000319,0.000251189,0.000398107,0.0723,0.05,0.1,0.647,0.6,0.7,238000000.0,204000.0,89500000.0,1.0,True,0.01,0.95,10.0,39600.0,0.938,0.139
550,1 - 1 - 2022,19800.0,1.1489125293076057,1.0,1.3335216533675034,0.000318,0.000251189,0.000398107,0.0728,0.05,0.1,0.747,0.7,0.8,167000000.0,171000.0,51200000.0,1.0,True,0.01,0.95,10.0,39600.0,0.938,0.139
551,1 - 1 - 2022,19800.0,1.1532562594670797,1.0,1.3335216533675034,0.000319,0.000251189,0.000398107,0.0723,0.05,0.1,0.846,0.8,0.9,119000000.0,144000.0,22800000.0,1.0,True,0.01,0.95,10.0,39600.0,0.938,0.139
552,1 - 1 - 2022,19800.0,1.1532562594670797,1.0,1.3335216533675034,0.000319,0.000251189,0.000398107,0.0723,0.05,0.1,0.947,0.9,1.0,76600000.0,116000.0,7760000.0,1.0,True,0.01,0.95,10.0,39600.0,0.938,0.139
553,1 - 1 - 2022,19800.0,1.1532562594670797,1.0,1.3335216533675034,0.000318,0.000251189,0.000398107,0.0729,0.05,0.1,1.17,1.0,1.5,26900000.0,30700.0,595000.0,1.0,True,0.01,0.95,10.0,39600.0,0.938,0.139
554,1 - 1 - 2022,19800.0,1.1661903789690602,1.0,1.3335216533675034,0.000318,0.000251189,0.000398107,0.073,0.05,0.1,1.69,1.5,2.0,4800000.0,13000.0,46300.0,1.0,True,0.01,0.95,10.0,39600.0,0.938,0.139
555,1 - 1 - 2022,19800.0,1.1532562594670797,1.0,1.3335216533675034,0.000314,0.000251189,0.000398107,0.0745,0.05,0.1,2.41,2.0,4.0,442000.0,1970.0,3860.0,1.0,True,0.01,0.95,10.0,39600.0,0.938,0.139
556,1 - 1 - 2022,19800.0,1.1489125293076057,1.0,1.3335216533675034,0.00032,0.000251189,0.000398107,0.123,0.1,0.15,0.0773,0.05,0.1,113000000.0,198000.0,112000000.0,1.0,True,0.01,0.95,10.0,39600.0,0.938,0.139
557,1 - 1 - 2022,19800.0,1.1489125293076057,1.0,1.3335216533675034,0.000319,0.000251189,0.000398107,0.123,0.1,0.15,0.154,0.1,0.2,204000000.0,189000.0,193000000.0,1.0,True,0.01,0.95,10.0,39600.0,0.938,0.139
558,1 - 1 - 2022,19800.0,1.1489125293076057,1.0,1.3335216533675034,0.00032,0.000251189,0.000398107,0.123,0.1,0.15,0.251,0.2,0.3,270000000.0,217000.0,240000000.0,1.0,True,0.01,0.95,10.0,39600.0,0.938,0.139
559,1 - 1 - 2022,19800.0,1.1489125293076057,1.0,1.3335216533675034,0.000319,0.000251189,0.000398107,0.123,0.1,0.15,0.349,0.3,0.4,265000000.0,215000.0,196000000.0,1.0,True,0.01,0.95,10.0,39600.0,0.938,0.139
560,1 - 1 - 2022,19800.0,1.1489125293076057,1.0,1.3335216533675034,0.000318,0.000251189,0.000398107,0.123,0.1,0.15,0.448,0.4,0.5,237000000.0,204000.0,114000000.0,1.0,True,0.01,0.95,10.0,39600.0,0.938,0.139
561,1 - 1 - 2022,19800.0,1.1489125293076057,1.0,1.3335216533675034,0.00032,0.000251189,0.000398107,0.123,0.1,0.15,0.548,0.5,0.6,187000000.0,181000.0,60600000.0,1.0,True,0.01,0.95,10.0,39600.0,0.938,0.139
562,1 - 1 - 2022,19800.0,1.1532562594670797,1.0,1.3335216533675034,0.00032,0.000251189,0.000398107,0.123,0.1,0.15,0.647,0.6,0.7,144000000.0,159000.0,53200000.0,1.0,True,0.01,0.95,10.0,39600.0,0.938,0.139
563,1 - 1 - 2022,19800.0,1.1532562594670797,1.0,1.3335216533675034,0.000319,0.000251189,0.000398107,0.123,0.1,0.15,0.748,0.7,0.8,103000000.0,134000.0,31500000.0,1.0,True,0.01,0.95,10.0,39600.0,0.938,0.139
564,1 - 1 - 2022,19800.0,1.1532562594670797,1.0,1.3335216533675034,0.00032,0.000251189,0.000398107,0.123,0.1,0.15,0.847,0.8,0.9,70500000.0,111000.0,16500000.0,1.0,True,0.01,0.95,10.0,39600.0,0.938,0.139
565,1 - 1 - 2022,19800.0,1.1575836902790226,1.0,1.3335216533675034,0.000319,0.000251189,0.000398107,0.124,0.1,0.15,0.947,0.9,1.0,47300000.0,90900.0,1310000.0,1.0,True,0.01,0.95,10.0,39600.0,0.938,0.139
566,1 - 1 - 2022,19800.0,1.1532562594670797,1.0,1.3335216533675034,0.000318,0.000251189,0.000398107,0.124,0.1,0.15,1.18,1.0,1.5,18100000.0,25200.0,216000.0,1.0,True,0.01,0.95,10.0,39600.0,0.938,0.139
567,1 - 1 - 2022,19800.0,1.1532562594670797,1.0,1.3335216533675034,0.000317,0.000251189,0.000398107,0.125,0.1,0.15,1.69,1.5,2.0,3730000.0,11400.0,38600.0,1.0,True,0.01,0.95,10.0,39600.0,0.938,0.139
568,1 - 1 - 2022,19800.0,1.1704699910719625,1.0,1.3335216533675034,0.000315,0.000251189,0.000398107,0.125,0.1,0.15,2.5,2.0,4.0,407000.0,1890.0,19300.0,1.0,True,0.01,0.95,10.0,39600.0,0.938,0.139
569,1 - 1 - 2022,19800.0,1.1445523142259597,1.0,1.3335216533675034,0.000321,0.000251189,0.000398107,0.173,0.15,0.2,0.0332,0.0,0.05,26800000.0,96800.0,26700000.0,1.0,True,0.01,0.95,10.0,39600.0,0.938,0.139
570,1 - 1 - 2022,19800.0,1.1532562594670797,1.0,1.3335216533675034,0.00032,0.000251189,0.000398107,0.174,0.15,0.2,0.0777,0.05,0.1,77000000.0,164000.0,73300000.0,1.0,True,0.01,0.95,10.0,39600.0,0.938,0.139
571,1 - 1 - 2022,19800.0,1.1489125293076057,1.0,1.3335216533675034,0.000319,0.000251189,0.000398107,0.173,0.15,0.2,0.154,0.1,0.2,128000000.0,150000.0,113000000.0,1.0,True,0.01,0.95,10.0,39600.0,0.938,0.139
572,1 - 1 - 2022,19800.0,1.1532562594670797,1.0,1.3335216533675034,0.000319,0.000251189,0.000398107,0.173,0.15,0.2,0.25,0.2,0.3,171000000.0,173000.0,137000000.0,1.0,True,0.01,0.95,10.0,39600.0,0.938,0.139
573,1 - 1 - 2022,19800.0,1.1489125293076057,1.0,1.3335216533675034,0.000319,0.000251189,0.000398107,0.173,0.15,0.2,0.349,0.3,0.4,177000000.0,176000.0,117000000.0,1.0,True,0.01,0.95,10.0,39600.0,0.938,0.139
574,1 - 1 - 2022,19800.0,1.1532562594670797,1.0,1.3335216533675034,0.000319,0.000251189,0.000398107,0.174,0.15,0.2,0.449,0.4,0.5,159000000.0,167000.0,86200000.0,1.0,True,0.01,0.95,10.0,39600.0,0.938,0.139
575,1 - 1 - 2022,19800.0,1.1489125293076057,1.0,1.3335216533675034,0.000319,0.000251189,0.000398107,0.173,0.15,0.2,0.548,0.5,0.6,126000000.0,148000.0,62100000.0,1.0,True,0.01,0.95,10.0,39600.0,0.938,0.139
576,1 - 1 - 2022,19800.0,1.1489125293076057,1.0,1.3335216533675034,0.000319,0.000251189,0.000398107,0.173,0.15,0.2,0.647,0.6,0.7,98900000.0,132000.0,37400000.0,1.0,True,0.01,0.95,10.0,39600.0,0.938,0.139
577,1 - 1 - 2022,19800.0,1.1532562594670797,1.0,1.3335216533675034,0.000316,0.000251189,0.000398107,0.173,0.15,0.2,0.748,0.7,0.8,71000000.0,111000.0,18800000.0,1.0,True,0.01,0.95,10.0,39600.0,0.938,0.139
578,1 - 1 - 2022,19800.0,1.1532562594670797,1.0,1.3335216533675034,0.00032,0.000251189,0.000398107,0.174,0.15,0.2,0.848,0.8,0.9,51200000.0,94600.0,9690000.0,1.0,True,0.01,0.95,10.0,39600.0,0.938,0.139
579,1 - 1 - 2022,19800.0,1.1489125293076057,1.0,1.3335216533675034,0.000319,0.000251189,0.000398107,0.174,0.15,0.2,0.948,0.9,1.0,37000000.0,80400.0,2240000.0,1.0,True,0.01,0.95,10.0,39600.0,0.938,0.139
580,1 - 1 - 2022,19800.0,1.1575836902790226,1.0,1.3335216533675034,0.000319,0.000251189,0.000398107,0.174,0.15,0.2,1.18,1.0,1.5,13200000.0,21500.0,116000.0,1.0,True,0.01,0.95,10.0,39600.0,0.938,0.139
581,1 - 1 - 2022,19800.0,1.1445523142259597,1.0,1.3335216533675034,0.000319,0.000251189,0.000398107,0.174,0.15,0.2,1.7,1.5,2.0,2740000.0,9790.0,23200.0,1.0,True,0.01,0.95,10.0,39600.0,0.938,0.139
582,1 - 1 - 2022,19800.0,1.1704699910719625,1.0,1.3335216533675034,0.000314,0.000251189,0.000398107,0.174,0.15,0.2,2.45,2.0,4.0,317000.0,1660.0,23200.0,1.0,True,0.01,0.95,10.0,39600.0,0.938,0.139
583,1 - 1 - 2022,19800.0,1.1489125293076057,1.0,1.3335216533675034,0.000323,0.000251189,0.000398107,0.226,0.2,0.25,0.035,0.0,0.05,18400000.0,80200.0,17800000.0,1.0,True,0.01,0.95,10.0,39600.0,0.938,0.139
584,1 - 1 - 2022,19800.0,1.1532562594670797,1.0,1.3335216533675034,0.000319,0.000251189,0.000398107,0.224,0.2,0.25,0.078,0.05,0.1,50700000.0,133000.0,48300000.0,1.0,True,0.01,0.95,10.0,39600.0,0.938,0.139
585,1 - 1 - 2022,19800.0,1.1445523142259597,1.0,1.3335216533675034,0.000318,0.000251189,0.000398107,0.224,0.2,0.25,0.155,0.1,0.2,91400000.0,126000.0,85800000.0,1.0,True,0.01,0.95,10.0,39600.0,0.938,0.139
586,1 - 1 - 2022,19800.0,1.1445523142259597,1.0,1.3335216533675034,0.000319,0.000251189,0.000398107,0.223,0.2,0.25,0.251,0.2,0.3,118000000.0,143000.0,107000000.0,1.0,True,0.01,0.95,10.0,39600.0,0.938,0.139
587,1 - 1 - 2022,19800.0,1.1489125293076057,1.0,1.3335216533675034,0.000319,0.000251189,0.000398107,0.224,0.2,0.25,0.349,0.3,0.4,124000000.0,147000.0,106000000.0,1.0,True,0.01,0.95,10.0,39600.0,0.938,0.139
588,1 - 1 - 2022,19800.0,1.1445523142259597,1.0,1.3335216533675034,0.000318,0.000251189,0.000398107,0.224,0.2,0.25,0.449,0.4,0.5,110000000.0,139000.0,80200000.0,1.0,True,0.01,0.95,10.0,39600.0,0.938,0.139
589,1 - 1 - 2022,19800.0,1.1489125293076057,1.0,1.3335216533675034,0.000319,0.000251189,0.000398107,0.223,0.2,0.25,0.548,0.5,0.6,89600000.0,125000.0,54000000.0,1.0,True,0.01,0.95,10.0,39600.0,0.938,0.139
590,1 - 1 - 2022,19800.0,1.1445523142259597,1.0,1.3335216533675034,0.000319,0.000251189,0.000398107,0.224,0.2,0.25,0.647,0.6,0.7,66700000.0,108000.0,30800000.0,1.0,True,0.01,0.95,10.0,39600.0,0.938,0.139
591,1 - 1 - 2022,19800.0,1.1532562594670797,1.0,1.3335216533675034,0.000319,0.000251189,0.000398107,0.224,0.2,0.25,0.747,0.7,0.8,52900000.0,96200.0,17300000.0,1.0,True,0.01,0.95,10.0,39600.0,0.938,0.139
592,1 - 1 - 2022,19800.0,1.1489125293076057,1.0,1.3335216533675034,0.00032,0.000251189,0.000398107,0.223,0.2,0.25,0.846,0.8,0.9,35400000.0,78700.0,6450000.0,1.0,True,0.01,0.95,10.0,39600.0,0.938,0.139
593,1 - 1 - 2022,19800.0,1.1532562594670797,1.0,1.3335216533675034,0.000316,0.000251189,0.000398107,0.224,0.2,0.25,0.948,0.9,1.0,25600000.0,66900.0,2010000.0,1.0,True,0.01,0.95,10.0,39600.0,0.938,0.139
594,1 - 1 - 2022,19800.0,1.1532562594670797,1.0,1.3335216533675034,0.000318,0.000251189,0.000398107,0.224,0.2,0.25,1.18,1.0,1.5,10300000.0,19000.0,170000.0,1.0,True,0.01,0.95,10.0,39600.0,0.938,0.139
595,1 - 1 - 2022,19800.0,1.1575836902790226,1.0,1.3335216533675034,0.000314,0.000251189,0.000398107,0.223,0.2,0.25,1.69,1.5,2.0,2320000.0,9000.0,23200.0,1.0,True,0.01,0.95,10.0,39600.0,0.938,0.139
596,1 - 1 - 2022,19800.0,1.161895003862225,1.0,1.3335216533675034,0.000314,0.000251189,0.000398107,0.224,0.2,0.25,2.46,2.0,4.0,263000.0,1520.0,21200.0,1.0,True,0.01,0.95,10.0,39600.0,0.938,0.139
597,1 - 1 - 2022,19800.0,1.1489125293076057,1.0,1.3335216533675034,0.000313,0.000251189,0.000398107,0.274,0.25,0.3,0.0337,0.0,0.05,10500000.0,60600.0,10400000.0,1.0,True,0.01,0.95,10.0,39600.0,0.938,0.139
598,1 - 1 - 2022,19800.0,1.140175425099138,1.0,1.3335216533675034,0.000322,0.000251189,0.000398107,0.273,0.25,0.3,0.078,0.05,0.1,32000000.0,106000.0,31600000.0,1.0,True,0.01,0.95,10.0,39600.0,0.938,0.139
599,1 - 1 - 2022,19800.0,1.1489125293076057,1.0,1.3335216533675034,0.00032,0.000251189,0.000398107,0.274,0.25,0.3,0.154,0.1,0.2,63900000.0,106000.0,62700000.0,1.0,True,0.01,0.95,10.0,39600.0,0.938,0.139
600,1 - 1 - 2022,19800.0,1.1489125293076057,1.0,1.3335216533675034,0.00032,0.000251189,0.000398107,0.274,0.25,0.3,0.252,0.2,0.3,85600000.0,122000.0,83400000.0,1.0,True,0.01,0.95,10.0,39600.0,0.938,0.139
601,1 - 1 - 2022,19800.0,1.1445523142259597,1.0,1.3335216533675034,0.00032,0.000251189,0.000398107,0.274,0.25,0.3,0.349,0.3,0.4,90000000.0,125000.0,82700000.0,1.0,True,0.01,0.95,10.0,39600.0,0.938,0.139
602,1 - 1 - 2022,19800.0,1.1489125293076057,1.0,1.3335216533675034,0.00032,0.000251189,0.000398107,0.274,0.25,0.3,0.447,0.4,0.5,82000000.0,120000.0,65400000.0,1.0,True,0.01,0.95,10.0,39600.0,0.938,0.139
603,1 - 1 - 2022,19800.0,1.1489125293076057,1.0,1.3335216533675034,0.000318,0.000251189,0.000398107,0.273,0.25,0.3,0.547,0.5,0.6,66600000.0,108000.0,44700000.0,1.0,True,0.01,0.95,10.0,39600.0,0.938,0.139
604,1 - 1 - 2022,19800.0,1.1489125293076057,1.0,1.3335216533675034,0.000319,0.000251189,0.000398107,0.274,0.25,0.3,0.648,0.6,0.7,51500000.0,94900.0,27400000.0,1.0,True,0.01,0.95,10.0,39600.0,0.938,0.139
605,1 - 1 - 2022,19800.0,1.1532562594670797,1.0,1.3335216533675034,0.000322,0.000251189,0.000398107,0.273,0.25,0.3,0.748,0.7,0.8,36900000.0,80400.0,14900000.0,1.0,True,0.01,0.95,10.0,39600.0,0.938,0.139
606,1 - 1 - 2022,19800.0,1.1489125293076057,1.0,1.3335216533675034,0.000318,0.000251189,0.000398107,0.274,0.25,0.3,0.847,0.8,0.9,27800000.0,69800.0,7260000.0,1.0,True,0.01,0.95,10.0,39600.0,0.938,0.139
607,1 - 1 - 2022,19800.0,1.1489125293076057,1.0,1.3335216533675034,0.000316,0.000251189,0.000398107,0.273,0.25,0.3,0.948,0.9,1.0,18000000.0,56100.0,3550000.0,1.0,True,0.01,0.95,10.0,39600.0,0.938,0.139
608,1 - 1 - 2022,19800.0,1.1575836902790226,1.0,1.3335216533675034,0.00032,0.000251189,0.000398107,0.273,0.25,0.3,1.18,1.0,1.5,7200000.0,15900.0,402000.0,1.0,True,0.01,0.95,10.0,39600.0,0.938,0.139
609,1 - 1 - 2022,19800.0,1.161895003862225,1.0,1.3335216533675034,0.000315,0.000251189,0.000398107,0.275,0.25,0.3,1.68,1.5,2.0,1840000.0,8020.0,0.0,1.0,True,0.01,0.95,10.0,39600.0,0.938,0.139
610,1 - 1 - 2022,19800.0,1.1532562594670797,1.0,1.3335216533675034,0.000322,0.000251189,0.000398107,0.275,0.25,0.3,2.45,2.0,4.0,288000.0,1590.0,17400.0,1.0,True,0.01,0.95,10.0,39600.0,0.938,0.139
611,1 - 1 - 2022,19800.0,1.140175425099138,1.0,1.3335216533675034,0.000317,0.000251189,0.000398107,0.348,0.3,0.4,0.0346,0.0,0.05,7530000.0,36300.0,6100000.0,1.0,True,0.01,0.95,10.0,39600.0,0.938,0.139
612,1 - 1 - 2022,19800.0,1.140175425099138,1.0,1.3335216533675034,0.000318,0.000251189,0.000398107,0.35,0.3,0.4,0.078,0.05,0.1,21700000.0,61600.0,18100000.0,1.0,True,0.01,0.95,10.0,39600.0,0.938,0.139
613,1 - 1 - 2022,19800.0,1.1445523142259597,1.0,1.3335216533675034,0.000317,0.000251189,0.000398107,0.346,0.3,0.4,0.154,0.1,0.2,41600000.0,60300.0,34200000.0,1.0,True,0.01,0.95,10.0,39600.0,0.938,0.139
614,1 - 1 - 2022,19800.0,1.1489125293076057,1.0,1.3335216533675034,0.000319,0.000251189,0.000398107,0.347,0.3,0.4,0.252,0.2,0.3,56400000.0,70300.0,46700000.0,1.0,True,0.01,0.95,10.0,39600.0,0.938,0.139
615,1 - 1 - 2022,19800.0,1.1489125293076057,1.0,1.3335216533675034,0.000318,0.000251189,0.000398107,0.345,0.3,0.4,0.35,0.3,0.4,60200000.0,72500.0,47900000.0,1.0,True,0.01,0.95,10.0,39600.0,0.938,0.139
616,1 - 1 - 2022,19800.0,1.1489125293076057,1.0,1.3335216533675034,0.00032,0.000251189,0.000398107,0.346,0.3,0.4,0.449,0.4,0.5,53300000.0,68300.0,40000000.0,1.0,True,0.01,0.95,10.0,39600.0,0.938,0.139
617,1 - 1 - 2022,19800.0,1.1489125293076057,1.0,1.3335216533675034,0.00032,0.000251189,0.000398107,0.345,0.3,0.4,0.549,0.5,0.6,43200000.0,61500.0,27000000.0,1.0,True,0.01,0.95,10.0,39600.0,0.938,0.139
618,1 - 1 - 2022,19800.0,1.1445523142259597,1.0,1.3335216533675034,0.000317,0.000251189,0.000398107,0.344,0.3,0.4,0.647,0.6,0.7,33600000.0,54200.0,17500000.0,1.0,True,0.01,0.95,10.0,39600.0,0.938,0.139
619,1 - 1 - 2022,19800.0,1.1489125293076057,1.0,1.3335216533675034,0.000321,0.000251189,0.000398107,0.345,0.3,0.4,0.748,0.7,0.8,23900000.0,45700.0,10000000.0,1.0,True,0.01,0.95,10.0,39600.0,0.938,0.139
620,1 - 1 - 2022,19800.0,1.1445523142259597,1.0,1.3335216533675034,0.000318,0.000251189,0.000398107,0.347,0.3,0.4,0.846,0.8,0.9,17200000.0,38800.0,6040000.0,1.0,True,0.01,0.95,10.0,39600.0,0.938,0.139
621,1 - 1 - 2022,19800.0,1.1575836902790226,1.0,1.3335216533675034,0.000317,0.000251189,0.000398107,0.347,0.3,0.4,0.947,0.9,1.0,12700000.0,33400.0,3340000.0,1.0,True,0.01,0.95,10.0,39600.0,0.938,0.139
622,1 - 1 - 2022,19800.0,1.1575836902790226,1.0,1.3335216533675034,0.00032,0.000251189,0.000398107,0.347,0.3,0.4,1.18,1.0,1.5,5030000.0,9380.0,556000.0,1.0,True,0.01,0.95,10.0,39600.0,0.938,0.139
623,1 - 1 - 2022,19800.0,1.161895003862225,1.0,1.3335216533675034,0.000319,0.000251189,0.000398107,0.347,0.3,0.4,1.7,1.5,2.0,1360000.0,4870.0,11600.0,1.0,True,0.01,0.95,10.0,39600.0,0.938,0.139
624,1 - 1 - 2022,19800.0,1.1704699910719625,1.0,1.3335216533675034,0.000314,0.000251189,0.000398107,0.348,0.3,0.4,2.48,2.0,4.0,200000.0,935.0,8690.0,1.0,True,0.01,0.95,10.0,39600.0,0.938,0.139
625,1 - 1 - 2022,19800.0,1.1269427669584644,1.0,1.3335216533675034,0.000311,0.000251189,0.000398107,0.439,0.4,0.5,0.0328,0.0,0.05,5480000.0,31000.0,2820000.0,1.0,True,0.01,0.95,10.0,39600.0,0.938,0.139
626,1 - 1 - 2022,19800.0,1.140175425099138,1.0,1.3335216533675034,0.000317,0.000251189,0.000398107,0.443,0.4,0.5,0.0778,0.05,0.1,17500000.0,55400.0,7920000.0,1.0,True,0.01,0.95,10.0,39600.0,0.938,0.139
627,1 - 1 - 2022,19800.0,1.1445523142259597,1.0,1.3335216533675034,0.000319,0.000251189,0.000398107,0.446,0.4,0.5,0.153,0.1,0.2,30300000.0,51500.0,13300000.0,1.0,True,0.01,0.95,10.0,39600.0,0.938,0.139
628,1 - 1 - 2022,19800.0,1.140175425099138,1.0,1.3335216533675034,0.00032,0.000251189,0.000398107,0.447,0.4,0.5,0.251,0.2,0.3,34700000.0,55100.0,16000000.0,1.0,True,0.01,0.95,10.0,39600.0,0.938,0.139
629,1 - 1 - 2022,19800.0,1.1489125293076057,1.0,1.3335216533675034,0.000321,0.000251189,0.000398107,0.446,0.4,0.5,0.349,0.3,0.4,36400000.0,56400.0,15800000.0,1.0,True,0.01,0.95,10.0,39600.0,0.938,0.139
630,1 - 1 - 2022,19800.0,1.1489125293076057,1.0,1.3335216533675034,0.00032,0.000251189,0.000398107,0.446,0.4,0.5,0.449,0.4,0.5,32300000.0,53100.0,13600000.0,1.0,True,0.01,0.95,10.0,39600.0,0.938,0.139
631,1 - 1 - 2022,19800.0,1.1489125293076057,1.0,1.3335216533675034,0.00032,0.000251189,0.000398107,0.446,0.4,0.5,0.551,0.5,0.6,27000000.0,48500.0,9400000.0,1.0,True,0.01,0.95,10.0,39600.0,0.938,0.139
632,1 - 1 - 2022,19800.0,1.1445523142259597,1.0,1.3335216533675034,0.000318,0.000251189,0.000398107,0.446,0.4,0.5,0.646,0.6,0.7,20400000.0,42200.0,6200000.0,1.0,True,0.01,0.95,10.0,39600.0,0.938,0.139
633,1 - 1 - 2022,19800.0,1.1489125293076057,1.0,1.3335216533675034,0.000318,0.000251189,0.000398107,0.446,0.4,0.5,0.748,0.7,0.8,12900000.0,33600.0,2640000.0,1.0,True,0.01,0.95,10.0,39600.0,0.938,0.139
634,1 - 1 - 2022,19800.0,1.1575836902790226,1.0,1.3335216533675034,0.000316,0.000251189,0.000398107,0.446,0.4,0.5,0.847,0.8,0.9,10800000.0,30700.0,2180000.0,1.0,True,0.01,0.95,10.0,39600.0,0.938,0.139
635,1 - 1 - 2022,19800.0,1.1532562594670797,1.0,1.3335216533675034,0.000318,0.000251189,0.000398107,0.444,0.4,0.5,0.946,0.9,1.0,7090000.0,24900.0,1140000.0,1.0,True,0.01,0.95,10.0,39600.0,0.938,0.139
636,1 - 1 - 2022,19800.0,1.1489125293076057,1.0,1.3335216533675034,0.000317,0.000251189,0.000398107,0.445,0.4,0.5,1.19,1.0,1.5,3000000.0,7240.0,270000.0,1.0,True,0.01,0.95,10.0,39600.0,0.938,0.139
637,1 - 1 - 2022,19800.0,1.1704699910719625,1.0,1.3335216533675034,0.000324,0.000251189,0.000398107,0.445,0.4,0.5,1.7,1.5,2.0,695000.0,3490.0,7720.0,1.0,True,0.01,0.95,10.0,39600.0,0.938,0.139
638,1 - 1 - 2022,19800.0,1.161895003862225,1.0,1.3335216533675034,0.000316,0.000251189,0.000398107,0.446,0.4,0.5,2.52,2.0,4.0,120000.0,723.0,1930.0,1.0,True,0.01,0.95,10.0,39600.0,0.938,0.139
639,1 - 1 - 2022,19800.0,1.161895003862225,1.0,1.3335216533675034,0.000325,0.000251189,0.000398107,0.546,0.5,0.6,0.0331,0.0,0.05,3670000.0,25300.0,502000.0,1.0,True,0.01,0.95,10.0,39600.0,0.938,0.139
640,1 - 1 - 2022,19800.0,1.1489125293076057,1.0,1.3335216533675034,0.000319,0.000251189,0.000398107,0.547,0.5,0.6,0.0783,0.05,0.1,11000000.0,43800.0,1810000.0,1.0,True,0.01,0.95,10.0,39600.0,0.938,0.139
641,1 - 1 - 2022,19800.0,1.1445523142259597,1.0,1.3335216533675034,0.000321,0.000251189,0.000398107,0.548,0.5,0.6,0.152,0.1,0.2,18200000.0,39900.0,2320000.0,1.0,True,0.01,0.95,10.0,39600.0,0.938,0.139
642,1 - 1 - 2022,19800.0,1.1445523142259597,1.0,1.3335216533675034,0.000317,0.000251189,0.000398107,0.545,0.5,0.6,0.249,0.2,0.3,22000000.0,43900.0,2930000.0,1.0,True,0.01,0.95,10.0,39600.0,0.938,0.139
643,1 - 1 - 2022,19800.0,1.1532562594670797,1.0,1.3335216533675034,0.000318,0.000251189,0.000398107,0.546,0.5,0.6,0.35,0.3,0.4,22000000.0,43900.0,2820000.0,1.0,True,0.01,0.95,10.0,39600.0,0.938,0.139
644,1 - 1 - 2022,19800.0,1.1445523142259597,1.0,1.3335216533675034,0.000316,0.000251189,0.000398107,0.546,0.5,0.6,0.448,0.4,0.5,20500000.0,42400.0,2970000.0,1.0,True,0.01,0.95,10.0,39600.0,0.938,0.139
645,1 - 1 - 2022,19800.0,1.1489125293076057,1.0,1.3335216533675034,0.000317,0.000251189,0.000398107,0.546,0.5,0.6,0.547,0.5,0.6,15500000.0,36900.0,2200000.0,1.0,True,0.01,0.95,10.0,39600.0,0.938,0.139
646,1 - 1 - 2022,19800.0,1.1445523142259597,1.0,1.3335216533675034,0.000316,0.000251189,0.000398107,0.548,0.5,0.6,0.647,0.6,0.7,11300000.0,31500.0,1040000.0,1.0,True,0.01,0.95,10.0,39600.0,0.938,0.139
647,1 - 1 - 2022,19800.0,1.1445523142259597,1.0,1.3335216533675034,0.000321,0.000251189,0.000398107,0.544,0.5,0.6,0.749,0.7,0.8,8510000.0,27300.0,830000.0,1.0,True,0.01,0.95,10.0,39600.0,0.938,0.139
648,1 - 1 - 2022,19800.0,1.1532562594670797,1.0,1.3335216533675034,0.000315,0.000251189,0.000398107,0.547,0.5,0.6,0.847,0.8,0.9,6700000.0,24200.0,347000.0,1.0,True,0.01,0.95,10.0,39600.0,0.938,0.139
649,1 - 1 - 2022,19800.0,1.140175425099138,1.0,1.3335216533675034,0.000316,0.000251189,0.000398107,0.544,0.5,0.6,0.95,0.9,1.0,4030000.0,18800.0,270000.0,1.0,True,0.01,0.95,10.0,39600.0,0.938,0.139
650,1 - 1 - 2022,19800.0,1.1575836902790226,1.0,1.3335216533675034,0.000316,0.000251189,0.000398107,0.545,0.5,0.6,1.19,1.0,1.5,1590000.0,5270.0,57900.0,1.0,True,0.01,0.95,10.0,39600.0,0.938,0.139
651,1 - 1 - 2022,19800.0,1.1445523142259597,1.0,1.3335216533675034,0.000315,0.000251189,0.000398107,0.546,0.5,0.6,1.69,1.5,2.0,413000.0,2690.0,3860.0,1.0,True,0.01,0.95,10.0,39600.0,0.938,0.139
652,1 - 1 - 2022,19800.0,1.1916375287812984,1.0,1.3335216533675034,0.000314,0.000251189,0.000398107,0.545,0.5,0.6,2.52,2.0,4.0,83000.0,603.0,1930.0,1.0,True,0.01,0.95,10.0,39600.0,0.938,0.139
653,1 - 1 - 2022,19800.0,1.1704699910719625,1.0,1.3335216533675034,0.000319,0.000251189,0.000398107,0.634,0.6,0.7,0.0343,0.0,0.05,1540000.0,16400.0,0.0,1.0,True,0.01,0.95,10.0,39600.0,0.938,0.139
654,1 - 1 - 2022,19800.0,1.1445523142259597,1.0,1.3335216533675034,0.000318,0.000251189,0.000398107,0.639,0.6,0.7,0.0774,0.05,0.1,4210000.0,27100.0,77200.0,1.0,True,0.01,0.95,10.0,39600.0,0.938,0.139
655,1 - 1 - 2022,19800.0,1.1489125293076057,1.0,1.3335216533675034,0.000319,0.000251189,0.000398107,0.639,0.6,0.7,0.156,0.1,0.2,8570000.0,27400.0,193000.0,1.0,True,0.01,0.95,10.0,39600.0,0.938,0.139
656,1 - 1 - 2022,19800.0,1.140175425099138,1.0,1.3335216533675034,0.000322,0.000251189,0.000398107,0.644,0.6,0.7,0.249,0.2,0.3,10600000.0,30500.0,251000.0,1.0,True,0.01,0.95,10.0,39600.0,0.938,0.139
657,1 - 1 - 2022,19800.0,1.1445523142259597,1.0,1.3335216533675034,0.00032,0.000251189,0.000398107,0.643,0.6,0.7,0.349,0.3,0.4,11900000.0,32200.0,251000.0,1.0,True,0.01,0.95,10.0,39600.0,0.938,0.139
658,1 - 1 - 2022,19800.0,1.1445523142259597,1.0,1.3335216533675034,0.000318,0.000251189,0.000398107,0.646,0.6,0.7,0.448,0.4,0.5,11300000.0,31400.0,212000.0,1.0,True,0.01,0.95,10.0,39600.0,0.938,0.139
659,1 - 1 - 2022,19800.0,1.140175425099138,1.0,1.3335216533675034,0.00032,0.000251189,0.000398107,0.647,0.6,0.7,0.549,0.5,0.6,9670000.0,29100.0,579000.0,1.0,True,0.01,0.95,10.0,39600.0,0.938,0.139
660,1 - 1 - 2022,19800.0,1.1575836902790226,1.0,1.3335216533675034,0.000317,0.000251189,0.000398107,0.645,0.6,0.7,0.647,0.6,0.7,7760000.0,26100.0,463000.0,1.0,True,0.01,0.95,10.0,39600.0,0.938,0.139
661,1 - 1 - 2022,19800.0,1.1575836902790226,1.0,1.3335216533675034,0.000322,0.000251189,0.000398107,0.645,0.6,0.7,0.748,0.7,0.8,6240000.0,23400.0,290000.0,1.0,True,0.01,0.95,10.0,39600.0,0.938,0.139
662,1 - 1 - 2022,19800.0,1.1489125293076057,1.0,1.3335216533675034,0.000322,0.000251189,0.000398107,0.645,0.6,0.7,0.846,0.8,0.9,3510000.0,17500.0,116000.0,1.0,True,0.01,0.95,10.0,39600.0,0.938,0.139
663,1 - 1 - 2022,19800.0,1.1445523142259597,1.0,1.3335216533675034,0.000316,0.000251189,0.000398107,0.645,0.6,0.7,0.948,0.9,1.0,2720000.0,15400.0,0.0,1.0,True,0.01,0.95,10.0,39600.0,0.938,0.139
664,1 - 1 - 2022,19800.0,1.1489125293076057,1.0,1.3335216533675034,0.00032,0.000251189,0.000398107,0.647,0.6,0.7,1.18,1.0,1.5,900000.0,3970.0,19300.0,1.0,True,0.01,0.95,10.0,39600.0,0.938,0.139
665,1 - 1 - 2022,19800.0,1.174734012447073,1.0,1.3335216533675034,0.000317,0.000251189,0.000398107,0.645,0.6,0.7,1.71,1.5,2.0,243000.0,2060.0,0.0,1.0,True,0.01,0.95,10.0,39600.0,0.938,0.139
666,1 - 1 - 2022,19800.0,1.161895003862225,1.0,1.3335216533675034,0.00032,0.000251189,0.000398107,0.641,0.6,0.7,2.57,2.0,4.0,31900.0,373.0,1930.0,1.0,True,0.01,0.95,10.0,39600.0,0.938,0.139
667,1 - 1 - 2022,19800.0,1.1445523142259597,1.0,1.3335216533675034,0.0003,0.000251189,0.000398107,0.736,0.7,0.8,0.0307,0.0,0.05,618000.0,10400.0,0.0,1.0,True,0.01,0.95,10.0,39600.0,0.938,0.139
668,1 - 1 - 2022,19800.0,1.1532562594670797,1.0,1.3335216533675034,0.000325,0.000251189,0.000398107,0.748,0.7,0.8,0.0748,0.05,0.1,2050000.0,18900.0,0.0,1.0,True,0.01,0.95,10.0,39600.0,0.938,0.139
669,1 - 1 - 2022,19800.0,1.140175425099138,1.0,1.3335216533675034,0.000321,0.000251189,0.000398107,0.746,0.7,0.8,0.152,0.1,0.2,4070000.0,18900.0,77200.0,1.0,True,0.01,0.95,10.0,39600.0,0.938,0.139
670,1 - 1 - 2022,19800.0,1.140175425099138,1.0,1.3335216533675034,0.00032,0.000251189,0.000398107,0.747,0.7,0.8,0.25,0.2,0.3,5540000.0,22000.0,135000.0,1.0,True,0.01,0.95,10.0,39600.0,0.938,0.139
671,1 - 1 - 2022,19800.0,1.1445523142259597,1.0,1.3335216533675034,0.000322,0.000251189,0.000398107,0.745,0.7,0.8,0.35,0.3,0.4,6240000.0,23400.0,116000.0,1.0,True,0.01,0.95,10.0,39600.0,0.938,0.139
672,1 - 1 - 2022,19800.0,1.1445523142259597,1.0,1.3335216533675034,0.000316,0.000251189,0.000398107,0.746,0.7,0.8,0.451,0.4,0.5,7430000.0,25500.0,96500.0,1.0,True,0.01,0.95,10.0,39600.0,0.938,0.139
673,1 - 1 - 2022,19800.0,1.1489125293076057,1.0,1.3335216533675034,0.000318,0.000251189,0.000398107,0.745,0.7,0.8,0.551,0.5,0.6,6780000.0,24300.0,212000.0,1.0,True,0.01,0.95,10.0,39600.0,0.938,0.139
674,1 - 1 - 2022,19800.0,1.140175425099138,1.0,1.3335216533675034,0.000319,0.000251189,0.000398107,0.748,0.7,0.8,0.646,0.6,0.7,4710000.0,20300.0,193000.0,1.0,True,0.01,0.95,10.0,39600.0,0.938,0.139
675,1 - 1 - 2022,19800.0,1.1357816691600546,1.0,1.3335216533675034,0.000319,0.000251189,0.000398107,0.751,0.7,0.8,0.747,0.7,0.8,3590000.0,17700.0,193000.0,1.0,True,0.01,0.95,10.0,39600.0,0.938,0.139
676,1 - 1 - 2022,19800.0,1.161895003862225,1.0,1.3335216533675034,0.000314,0.000251189,0.000398107,0.749,0.7,0.8,0.844,0.8,0.9,2700000.0,15400.0,77200.0,1.0,True,0.01,0.95,10.0,39600.0,0.938,0.139
677,1 - 1 - 2022,19800.0,1.1357816691600546,1.0,1.3335216533675034,0.000312,0.000251189,0.000398107,0.741,0.7,0.8,0.951,0.9,1.0,1640000.0,12000.0,38600.0,1.0,True,0.01,0.95,10.0,39600.0,0.938,0.139
678,1 - 1 - 2022,19800.0,1.1445523142259597,1.0,1.3335216533675034,0.000317,0.000251189,0.000398107,0.741,0.7,0.8,1.17,1.0,1.5,444000.0,2790.0,11600.0,1.0,True,0.01,0.95,10.0,39600.0,0.938,0.139
679,1 - 1 - 2022,19800.0,1.1575836902790226,1.0,1.3335216533675034,0.000326,0.000251189,0.000398107,0.736,0.7,0.8,1.69,1.5,2.0,84900.0,1220.0,0.0,1.0,True,0.01,0.95,10.0,39600.0,0.938,0.139
680,1 - 1 - 2022,19800.0,1.174734012447073,1.0,1.3335216533675034,0.00032,0.000251189,0.000398107,0.741,0.7,0.8,2.57,2.0,4.0,19300.0,291.0,4830.0,1.0,True,0.01,0.95,10.0,39600.0,0.938,0.139
681,1 - 1 - 2022,19800.0,1.1789826122551597,1.0,1.3335216533675034,0.000345,0.000251189,0.000398107,0.836,0.8,0.9,0.0299,0.0,0.05,386000.0,8220.0,0.0,1.0,True,0.01,0.95,10.0,39600.0,0.938,0.139
682,1 - 1 - 2022,19800.0,1.1269427669584644,1.0,1.3335216533675034,0.000315,0.000251189,0.000398107,0.835,0.8,0.9,0.0775,0.05,0.1,1000000.0,13300.0,0.0,1.0,True,0.01,0.95,10.0,39600.0,0.938,0.139
683,1 - 1 - 2022,19800.0,1.1532562594670797,1.0,1.3335216533675034,0.00032,0.000251189,0.000398107,0.842,0.8,0.9,0.156,0.1,0.2,2240000.0,14000.0,116000.0,1.0,True,0.01,0.95,10.0,39600.0,0.938,0.139
684,1 - 1 - 2022,19800.0,1.1532562594670797,1.0,1.3335216533675034,0.00032,0.000251189,0.000398107,0.844,0.8,0.9,0.252,0.2,0.3,3190000.0,16700.0,135000.0,1.0,True,0.01,0.95,10.0,39600.0,0.938,0.139
685,1 - 1 - 2022,19800.0,1.140175425099138,1.0,1.3335216533675034,0.000318,0.000251189,0.000398107,0.843,0.8,0.9,0.351,0.3,0.4,3530000.0,17600.0,77200.0,1.0,True,0.01,0.95,10.0,39600.0,0.938,0.139
686,1 - 1 - 2022,19800.0,1.1532562594670797,1.0,1.3335216533675034,0.000318,0.000251189,0.000398107,0.842,0.8,0.9,0.446,0.4,0.5,3650000.0,17900.0,174000.0,1.0,True,0.01,0.95,10.0,39600.0,0.938,0.139
687,1 - 1 - 2022,19800.0,1.1532562594670797,1.0,1.3335216533675034,0.000328,0.000251189,0.000398107,0.846,0.8,0.9,0.546,0.5,0.6,3260000.0,16900.0,77200.0,1.0,True,0.01,0.95,10.0,39600.0,0.938,0.139
688,1 - 1 - 2022,19800.0,1.1489125293076057,1.0,1.3335216533675034,0.000321,0.000251189,0.000398107,0.844,0.8,0.9,0.646,0.6,0.7,2900000.0,15900.0,38600.0,1.0,True,0.01,0.95,10.0,39600.0,0.938,0.139
689,1 - 1 - 2022,19800.0,1.1357816691600546,1.0,1.3335216533675034,0.000324,0.000251189,0.000398107,0.838,0.8,0.9,0.751,0.7,0.8,1970000.0,13100.0,135000.0,1.0,True,0.01,0.95,10.0,39600.0,0.938,0.139
690,1 - 1 - 2022,19800.0,1.140175425099138,1.0,1.3335216533675034,0.000321,0.000251189,0.000398107,0.841,0.8,0.9,0.845,0.8,0.9,1240000.0,10400.0,96500.0,1.0,True,0.01,0.95,10.0,39600.0,0.938,0.139
691,1 - 1 - 2022,19800.0,1.131370849898476,1.0,1.3335216533675034,0.000324,0.000251189,0.000398107,0.842,0.8,0.9,0.946,0.9,1.0,656000.0,7580.0,57900.0,1.0,True,0.01,0.95,10.0,39600.0,0.938,0.139
692,1 - 1 - 2022,19800.0,1.161895003862225,1.0,1.3335216533675034,0.000314,0.000251189,0.000398107,0.846,0.8,0.9,1.16,1.0,1.5,274000.0,2190.0,11600.0,1.0,True,0.01,0.95,10.0,39600.0,0.938,0.139
693,1 - 1 - 2022,19800.0,1.1874342087037917,1.0,1.3335216533675034,0.000322,0.000251189,0.000398107,0.826,0.8,0.9,1.64,1.5,2.0,30900.0,735.0,0.0,1.0,True,0.01,0.95,10.0,39600.0,0.938,0.139
694,1 - 1 - 2022,19800.0,1.1532562594670797,1.0,1.3335216533675034,0.000292,0.000251189,0.000398107,0.868,0.8,0.9,2.56,2.0,4.0,3860.0,130.0,965.0,1.0,True,0.01,0.95,10.0,39600.0,0.938,0.139
695,1 - 1 - 2022,19800.0,1.0630145812734648,1.0,1.3335216533675034,0.000324,0.000251189,0.000398107,0.925,0.9,1.0,0.0385,0.0,0.05,154000.0,5200.0,0.0,1.0,True,0.01,0.95,10.0,39600.0,0.938,0.139
696,1 - 1 - 2022,19800.0,1.1489125293076057,1.0,1.3335216533675034,0.000326,0.000251189,0.000398107,0.942,0.9,1.0,0.0713,0.05,0.1,309000.0,7350.0,0.0,1.0,True,0.01,0.95,10.0,39600.0,0.938,0.139
697,1 - 1 - 2022,19800.0,1.1704699910719625,1.0,1.3335216533675034,0.000318,0.000251189,0.000398107,0.937,0.9,1.0,0.158,0.1,0.2,927000.0,9000.0,116000.0,1.0,True,0.01,0.95,10.0,39600.0,0.938,0.139
698,1 - 1 - 2022,19800.0,1.1269427669584644,1.0,1.3335216533675034,0.000314,0.000251189,0.000398107,0.936,0.9,1.0,0.253,0.2,0.3,1180000.0,10100.0,96500.0,1.0,True,0.01,0.95,10.0,39600.0,0.938,0.139
699,1 - 1 - 2022,19800.0,1.1661903789690602,1.0,1.3335216533675034,0.000317,0.000251189,0.000398107,0.935,0.9,1.0,0.352,0.3,0.4,1430000.0,11200.0,135000.0,1.0,True,0.01,0.95,10.0,39600.0,0.938,0.139
700,1 - 1 - 2022,19800.0,1.1445523142259597,1.0,1.3335216533675034,0.000315,0.000251189,0.000398107,0.936,0.9,1.0,0.448,0.4,0.5,1580000.0,11800.0,77200.0,1.0,True,0.01,0.95,10.0,39600.0,0.938,0.139
701,1 - 1 - 2022,19800.0,1.140175425099138,1.0,1.3335216533675034,0.000319,0.000251189,0.000398107,0.928,0.9,1.0,0.547,0.5,0.6,1220000.0,10300.0,57900.0,1.0,True,0.01,0.95,10.0,39600.0,0.938,0.139
702,1 - 1 - 2022,19800.0,1.161895003862225,1.0,1.3335216533675034,0.000317,0.000251189,0.000398107,0.937,0.9,1.0,0.648,0.6,0.7,985000.0,9280.0,77200.0,1.0,True,0.01,0.95,10.0,39600.0,0.938,0.139
703,1 - 1 - 2022,19800.0,1.1489125293076057,1.0,1.3335216533675034,0.000316,0.000251189,0.000398107,0.937,0.9,1.0,0.743,0.7,0.8,811000.0,8420.0,57900.0,1.0,True,0.01,0.95,10.0,39600.0,0.938,0.139
704,1 - 1 - 2022,19800.0,1.1445523142259597,1.0,1.3335216533675034,0.00033,0.000251189,0.000398107,0.935,0.9,1.0,0.843,0.8,0.9,483000.0,6500.0,116000.0,1.0,True,0.01,0.95,10.0,39600.0,0.938,0.139
705,1 - 1 - 2022,19800.0,1.131370849898476,1.0,1.3335216533675034,0.000324,0.000251189,0.000398107,0.936,0.9,1.0,0.953,0.9,1.0,193000.0,4110.0,38600.0,1.0,True,0.01,0.95,10.0,39600.0,0.938,0.139
706,1 - 1 - 2022,19800.0,1.1135528725660044,1.0,1.3335216533675034,0.000297,0.000251189,0.000398107,0.933,0.9,1.0,1.14,1.0,1.5,77200.0,1160.0,0.0,1.0,True,0.01,0.95,10.0,39600.0,0.938,0.139
707,1 - 1 - 2022,19800.0,1.014889156509222,1.0,1.3335216533675034,0.000302,0.000251189,0.000398107,0.902,0.9,1.0,1.67,1.5,2.0,3860.0,260.0,0.0,1.0,True,0.01,0.95,10.0,39600.0,0.938,0.139
708,1 - 1 - 2022,19800.0,1.161895003862225,1.0,1.3335216533675034,0.000499,0.000398107,0.000630957,0.027,0.0,0.05,0.0798,0.05,0.1,230000000.0,225000.0,228000000.0,1.0,True,0.01,0.95,10.0,39600.0,0.938,0.139
709,1 - 1 - 2022,19800.0,1.1575836902790226,1.0,1.3335216533675034,0.000501,0.000398107,0.000630957,0.0225,0.0,0.05,0.156,0.1,0.2,578000000.0,252000.0,469000000.0,1.0,True,0.01,0.95,10.0,39600.0,0.938,0.139
710,1 - 1 - 2022,19800.0,1.1532562594670797,1.0,1.3335216533675034,0.000501,0.000398107,0.000630957,0.0204,0.0,0.05,0.251,0.2,0.3,849000000.0,306000.0,544000000.0,1.0,True,0.01,0.95,10.0,39600.0,0.938,0.139
711,1 - 1 - 2022,19800.0,1.1532562594670797,1.0,1.3335216533675034,0.000501,0.000398107,0.000630957,0.0197,0.0,0.05,0.35,0.3,0.4,886000000.0,313000.0,484000000.0,1.0,True,0.01,0.95,10.0,39600.0,0.938,0.139
712,1 - 1 - 2022,19800.0,1.1532562594670797,1.0,1.3335216533675034,0.000501,0.000398107,0.000630957,0.0194,0.0,0.05,0.448,0.4,0.5,774000000.0,292000.0,362000000.0,1.0,True,0.01,0.95,10.0,39600.0,0.938,0.139
713,1 - 1 - 2022,19800.0,1.1575836902790226,1.0,1.3335216533675034,0.000502,0.000398107,0.000630957,0.0196,0.0,0.05,0.548,0.5,0.6,593000000.0,256000.0,226000000.0,1.0,True,0.01,0.95,10.0,39600.0,0.938,0.139
714,1 - 1 - 2022,19800.0,1.1532562594670797,1.0,1.3335216533675034,0.000501,0.000398107,0.000630957,0.0202,0.0,0.05,0.646,0.6,0.7,422000000.0,216000.0,130000000.0,1.0,True,0.01,0.95,10.0,39600.0,0.938,0.139
715,1 - 1 - 2022,19800.0,1.1575836902790226,1.0,1.3335216533675034,0.000503,0.000398107,0.000630957,0.0204,0.0,0.05,0.747,0.7,0.8,285000000.0,177000.0,75400000.0,1.0,True,0.01,0.95,10.0,39600.0,0.938,0.139
716,1 - 1 - 2022,19800.0,1.1575836902790226,1.0,1.3335216533675034,0.000501,0.000398107,0.000630957,0.0208,0.0,0.05,0.846,0.8,0.9,185000000.0,143000.0,43000000.0,1.0,True,0.01,0.95,10.0,39600.0,0.938,0.139
717,1 - 1 - 2022,19800.0,1.1575836902790226,1.0,1.3335216533675034,0.000501,0.000398107,0.000630957,0.0209,0.0,0.05,0.946,0.9,1.0,113000000.0,112000.0,26500000.0,1.0,True,0.01,0.95,10.0,39600.0,0.938,0.139
718,1 - 1 - 2022,19800.0,1.1575836902790226,1.0,1.3335216533675034,0.000499,0.000398107,0.000630957,0.0226,0.0,0.05,1.16,1.0,1.5,31900000.0,26500.0,7190000.0,1.0,True,0.01,0.95,10.0,39600.0,0.938,0.139
719,1 - 1 - 2022,19800.0,1.1661903789690602,1.0,1.3335216533675034,0.000497,0.000398107,0.000630957,0.0266,0.0,0.05,1.67,1.5,2.0,3330000.0,8570.0,692000.0,1.0,True,0.01,0.95,10.0,39600.0,0.938,0.139
720,1 - 1 - 2022,19800.0,1.1704699910719625,1.0,1.3335216533675034,0.000491,0.000398107,0.000630957,0.0309,0.0,0.05,2.41,2.0,4.0,183000.0,1000.0,31700.0,1.0,True,0.01,0.95,10.0,39600.0,0.938,0.139
721,1 - 1 - 2022,19800.0,1.1489125293076057,1.0,1.3335216533675034,0.000506,0.000398107,0.000630957,0.0721,0.05,0.1,0.154,0.1,0.2,226000000.0,158000.0,224000000.0,1.0,True,0.01,0.95,10.0,39600.0,0.938,0.139
722,1 - 1 - 2022,19800.0,1.1489125293076057,1.0,1.3335216533675034,0.000504,0.000398107,0.000630957,0.072,0.05,0.1,0.251,0.2,0.3,294000000.0,180000.0,265000000.0,1.0,True,0.01,0.95,10.0,39600.0,0.938,0.139
723,1 - 1 - 2022,19800.0,1.1489125293076057,1.0,1.3335216533675034,0.000505,0.000398107,0.000630957,0.0724,0.05,0.1,0.349,0.3,0.4,293000000.0,180000.0,224000000.0,1.0,True,0.01,0.95,10.0,39600.0,0.938,0.139
724,1 - 1 - 2022,19800.0,1.1489125293076057,1.0,1.3335216533675034,0.000504,0.000398107,0.000630957,0.0722,0.05,0.1,0.449,0.4,0.5,255000000.0,168000.0,174000000.0,1.0,True,0.01,0.95,10.0,39600.0,0.938,0.139
725,1 - 1 - 2022,19800.0,1.1489125293076057,1.0,1.3335216533675034,0.000507,0.000398107,0.000630957,0.0723,0.05,0.1,0.547,0.5,0.6,202000000.0,149000.0,137000000.0,1.0,True,0.01,0.95,10.0,39600.0,0.938,0.139
726,1 - 1 - 2022,19800.0,1.1489125293076057,1.0,1.3335216533675034,0.000505,0.000398107,0.000630957,0.0725,0.05,0.1,0.647,0.6,0.7,150000000.0,129000.0,93800000.0,1.0,True,0.01,0.95,10.0,39600.0,0.938,0.139
727,1 - 1 - 2022,19800.0,1.1489125293076057,1.0,1.3335216533675034,0.000503,0.000398107,0.000630957,0.0725,0.05,0.1,0.746,0.7,0.8,103000000.0,107000.0,55100000.0,1.0,True,0.01,0.95,10.0,39600.0,0.938,0.139
728,1 - 1 - 2022,19800.0,1.1532562594670797,1.0,1.3335216533675034,0.000504,0.000398107,0.000630957,0.0728,0.05,0.1,0.846,0.8,0.9,71600000.0,88900.0,27600000.0,1.0,True,0.01,0.95,10.0,39600.0,0.938,0.139
729,1 - 1 - 2022,19800.0,1.1489125293076057,1.0,1.3335216533675034,0.000505,0.000398107,0.000630957,0.0727,0.05,0.1,0.945,0.9,1.0,47000000.0,72000.0,11400000.0,1.0,True,0.01,0.95,10.0,39600.0,0.938,0.139
730,1 - 1 - 2022,19800.0,1.1532562594670797,1.0,1.3335216533675034,0.000502,0.000398107,0.000630957,0.0726,0.05,0.1,1.18,1.0,1.5,15900000.0,18700.0,1860000.0,1.0,True,0.01,0.95,10.0,39600.0,0.938,0.139
731,1 - 1 - 2022,19800.0,1.161895003862225,1.0,1.3335216533675034,0.000508,0.000398107,0.000630957,0.0733,0.05,0.1,1.67,1.5,2.0,2590000.0,7560.0,229000.0,1.0,True,0.01,0.95,10.0,39600.0,0.938,0.139
732,1 - 1 - 2022,19800.0,1.1575836902790226,1.0,1.3335216533675034,0.000498,0.000398107,0.000630957,0.0728,0.05,0.1,2.41,2.0,4.0,191000.0,1030.0,21900.0,1.0,True,0.01,0.95,10.0,39600.0,0.938,0.139
733,1 - 1 - 2022,19800.0,1.1489125293076057,1.0,1.3335216533675034,0.000505,0.000398107,0.000630957,0.123,0.1,0.15,0.154,0.1,0.2,129000000.0,119000.0,129000000.0,1.0,True,0.01,0.95,10.0,39600.0,0.938,0.139
734,1 - 1 - 2022,19800.0,1.1489125293076057,1.0,1.3335216533675034,0.000506,0.000398107,0.000630957,0.123,0.1,0.15,0.252,0.2,0.3,166000000.0,135000.0,165000000.0,1.0,True,0.01,0.95,10.0,39600.0,0.938,0.139
735,1 - 1 - 2022,19800.0,1.1489125293076057,1.0,1.3335216533675034,0.000505,0.000398107,0.000630957,0.123,0.1,0.15,0.35,0.3,0.4,167000000.0,136000.0,143000000.0,1.0,True,0.01,0.95,10.0,39600.0,0.938,0.139
736,1 - 1 - 2022,19800.0,1.1489125293076057,1.0,1.3335216533675034,0.000506,0.000398107,0.000630957,0.123,0.1,0.15,0.448,0.4,0.5,145000000.0,127000.0,84600000.0,1.0,True,0.01,0.95,10.0,39600.0,0.938,0.139
737,1 - 1 - 2022,19800.0,1.1489125293076057,1.0,1.3335216533675034,0.000505,0.000398107,0.000630957,0.123,0.1,0.15,0.548,0.5,0.6,120000000.0,115000.0,59600000.0,1.0,True,0.01,0.95,10.0,39600.0,0.938,0.139
738,1 - 1 - 2022,19800.0,1.1489125293076057,1.0,1.3335216533675034,0.000506,0.000398107,0.000630957,0.123,0.1,0.15,0.647,0.6,0.7,90400000.0,99900.0,31200000.0,1.0,True,0.01,0.95,10.0,39600.0,0.938,0.139
739,1 - 1 - 2022,19800.0,1.1532562594670797,1.0,1.3335216533675034,0.000507,0.000398107,0.000630957,0.124,0.1,0.15,0.748,0.7,0.8,64100000.0,84100.0,17100000.0,1.0,True,0.01,0.95,10.0,39600.0,0.938,0.139
740,1 - 1 - 2022,19800.0,1.1489125293076057,1.0,1.3335216533675034,0.000504,0.000398107,0.000630957,0.124,0.1,0.15,0.847,0.8,0.9,44900000.0,70400.0,11100000.0,1.0,True,0.01,0.95,10.0,39600.0,0.938,0.139
741,1 - 1 - 2022,19800.0,1.1575836902790226,1.0,1.3335216533675034,0.000503,0.000398107,0.000630957,0.124,0.1,0.15,0.945,0.9,1.0,31200000.0,58700.0,4460000.0,1.0,True,0.01,0.95,10.0,39600.0,0.938,0.139
742,1 - 1 - 2022,19800.0,1.1575836902790226,1.0,1.3335216533675034,0.000503,0.000398107,0.000630957,0.124,0.1,0.15,1.18,1.0,1.5,10700000.0,15300.0,1100000.0,1.0,True,0.01,0.95,10.0,39600.0,0.938,0.139
743,1 - 1 - 2022,19800.0,1.161895003862225,1.0,1.3335216533675034,0.000499,0.000398107,0.000630957,0.123,0.1,0.15,1.7,1.5,2.0,2000000.0,6650.0,166000.0,1.0,True,0.01,0.95,10.0,39600.0,0.938,0.139
744,1 - 1 - 2022,19800.0,1.161895003862225,1.0,1.3335216533675034,0.000499,0.000398107,0.000630957,0.124,0.1,0.15,2.45,2.0,4.0,173000.0,977.0,18300.0,1.0,True,0.01,0.95,10.0,39600.0,0.938,0.139
745,1 - 1 - 2022,19800.0,1.1532562594670797,1.0,1.3335216533675034,0.000499,0.000398107,0.000630957,0.173,0.15,0.2,0.0341,0.0,0.05,14700000.0,57000.0,14400000.0,1.0,True,0.01,0.95,10.0,39600.0,0.938,0.139
746,1 - 1 - 2022,19800.0,1.1445523142259597,1.0,1.3335216533675034,0.000507,0.000398107,0.000630957,0.173,0.15,0.2,0.0779,0.05,0.1,41600000.0,95800.0,40600000.0,1.0,True,0.01,0.95,10.0,39600.0,0.938,0.139
747,1 - 1 - 2022,19800.0,1.1445523142259597,1.0,1.3335216533675034,0.000506,0.000398107,0.000630957,0.173,0.15,0.2,0.154,0.1,0.2,80700000.0,94400.0,76500000.0,1.0,True,0.01,0.95,10.0,39600.0,0.938,0.139
748,1 - 1 - 2022,19800.0,1.1489125293076057,1.0,1.3335216533675034,0.000506,0.000398107,0.000630957,0.173,0.15,0.2,0.251,0.2,0.3,104000000.0,107000.0,91600000.0,1.0,True,0.01,0.95,10.0,39600.0,0.938,0.139
749,1 - 1 - 2022,19800.0,1.1489125293076057,1.0,1.3335216533675034,0.000504,0.000398107,0.000630957,0.173,0.15,0.2,0.35,0.3,0.4,111000000.0,111000.0,77100000.0,1.0,True,0.01,0.95,10.0,39600.0,0.938,0.139
750,1 - 1 - 2022,19800.0,1.1489125293076057,1.0,1.3335216533675034,0.000504,0.000398107,0.000630957,0.173,0.15,0.2,0.45,0.4,0.5,98100000.0,104000.0,52100000.0,1.0,True,0.01,0.95,10.0,39600.0,0.938,0.139
751,1 - 1 - 2022,19800.0,1.1532562594670797,1.0,1.3335216533675034,0.000506,0.000398107,0.000630957,0.173,0.15,0.2,0.548,0.5,0.6,79400000.0,93600.0,44800000.0,1.0,True,0.01,0.95,10.0,39600.0,0.938,0.139
752,1 - 1 - 2022,19800.0,1.1489125293076057,1.0,1.3335216533675034,0.000503,0.000398107,0.000630957,0.174,0.15,0.2,0.647,0.6,0.7,59100000.0,80700.0,22400000.0,1.0,True,0.01,0.95,10.0,39600.0,0.938,0.139
753,1 - 1 - 2022,19800.0,1.1532562594670797,1.0,1.3335216533675034,0.000504,0.000398107,0.000630957,0.173,0.15,0.2,0.748,0.7,0.8,44100000.0,69800.0,12500000.0,1.0,True,0.01,0.95,10.0,39600.0,0.938,0.139
754,1 - 1 - 2022,19800.0,1.1532562594670797,1.0,1.3335216533675034,0.000505,0.000398107,0.000630957,0.174,0.15,0.2,0.847,0.8,0.9,33900000.0,61200.0,9940000.0,1.0,True,0.01,0.95,10.0,39600.0,0.938,0.139
755,1 - 1 - 2022,19800.0,1.1532562594670797,1.0,1.3335216533675034,0.000506,0.000398107,0.000630957,0.173,0.15,0.2,0.947,0.9,1.0,22400000.0,49700.0,4560000.0,1.0,True,0.01,0.95,10.0,39600.0,0.938,0.139
756,1 - 1 - 2022,19800.0,1.1532562594670797,1.0,1.3335216533675034,0.000505,0.000398107,0.000630957,0.174,0.15,0.2,1.18,1.0,1.5,8300000.0,13500.0,843000.0,1.0,True,0.01,0.95,10.0,39600.0,0.938,0.139
757,1 - 1 - 2022,19800.0,1.1575836902790226,1.0,1.3335216533675034,0.000498,0.000398107,0.000630957,0.174,0.15,0.2,1.69,1.5,2.0,1600000.0,5950.0,132000.0,1.0,True,0.01,0.95,10.0,39600.0,0.938,0.139
758,1 - 1 - 2022,19800.0,1.161895003862225,1.0,1.3335216533675034,0.000491,0.000398107,0.000630957,0.177,0.15,0.2,2.5,2.0,4.0,190000.0,1020.0,26800.0,1.0,True,0.01,0.95,10.0,39600.0,0.938,0.139
759,1 - 1 - 2022,19800.0,1.1532562594670797,1.0,1.3335216533675034,0.000517,0.000398107,0.000630957,0.224,0.2,0.25,0.0333,0.0,0.05,11100000.0,49400.0,9110000.0,1.0,True,0.01,0.95,10.0,39600.0,0.938,0.139
760,1 - 1 - 2022,19800.0,1.1489125293076057,1.0,1.3335216533675034,0.000504,0.000398107,0.000630957,0.224,0.2,0.25,0.0775,0.05,0.1,30000000.0,81300.0,25800000.0,1.0,True,0.01,0.95,10.0,39600.0,0.938,0.139
761,1 - 1 - 2022,19800.0,1.1489125293076057,1.0,1.3335216533675034,0.000505,0.000398107,0.000630957,0.224,0.2,0.25,0.155,0.1,0.2,55900000.0,78600.0,45800000.0,1.0,True,0.01,0.95,10.0,39600.0,0.938,0.139
762,1 - 1 - 2022,19800.0,1.1489125293076057,1.0,1.3335216533675034,0.000505,0.000398107,0.000630957,0.224,0.2,0.25,0.251,0.2,0.3,75000000.0,91000.0,52300000.0,1.0,True,0.01,0.95,10.0,39600.0,0.938,0.139
763,1 - 1 - 2022,19800.0,1.1489125293076057,1.0,1.3335216533675034,0.000506,0.000398107,0.000630957,0.224,0.2,0.25,0.349,0.3,0.4,76300000.0,91700.0,45400000.0,1.0,True,0.01,0.95,10.0,39600.0,0.938,0.139
764,1 - 1 - 2022,19800.0,1.1532562594670797,1.0,1.3335216533675034,0.000503,0.000398107,0.000630957,0.224,0.2,0.25,0.448,0.4,0.5,69200000.0,87400.0,37700000.0,1.0,True,0.01,0.95,10.0,39600.0,0.938,0.139
765,1 - 1 - 2022,19800.0,1.1489125293076057,1.0,1.3335216533675034,0.000505,0.000398107,0.000630957,0.223,0.2,0.25,0.548,0.5,0.6,56200000.0,78700.0,29300000.0,1.0,True,0.01,0.95,10.0,39600.0,0.938,0.139
766,1 - 1 - 2022,19800.0,1.1489125293076057,1.0,1.3335216533675034,0.000503,0.000398107,0.000630957,0.223,0.2,0.25,0.648,0.6,0.7,42400000.0,68400.0,15300000.0,1.0,True,0.01,0.95,10.0,39600.0,0.938,0.139
767,1 - 1 - 2022,19800.0,1.1532562594670797,1.0,1.3335216533675034,0.000504,0.000398107,0.000630957,0.223,0.2,0.25,0.748,0.7,0.8,31700000.0,59100.0,8400000.0,1.0,True,0.01,0.95,10.0,39600.0,0.938,0.139
768,1 - 1 - 2022,19800.0,1.1489125293076057,1.0,1.3335216533675034,0.000504,0.000398107,0.000630957,0.224,0.2,0.25,0.846,0.8,0.9,21700000.0,49000.0,5650000.0,1.0,True,0.01,0.95,10.0,39600.0,0.938,0.139
769,1 - 1 - 2022,19800.0,1.1489125293076057,1.0,1.3335216533675034,0.000508,0.000398107,0.000630957,0.223,0.2,0.25,0.945,0.9,1.0,15900000.0,41900.0,4210000.0,1.0,True,0.01,0.95,10.0,39600.0,0.938,0.139
770,1 - 1 - 2022,19800.0,1.1575836902790226,1.0,1.3335216533675034,0.000506,0.000398107,0.000630957,0.224,0.2,0.25,1.19,1.0,1.5,6150000.0,11600.0,633000.0,1.0,True,0.01,0.95,10.0,39600.0,0.938,0.139
771,1 - 1 - 2022,19800.0,1.161895003862225,1.0,1.3335216533675034,0.000507,0.000398107,0.000630957,0.224,0.2,0.25,1.69,1.5,2.0,1380000.0,5530.0,117000.0,1.0,True,0.01,0.95,10.0,39600.0,0.938,0.139
772,1 - 1 - 2022,19800.0,1.1489125293076057,1.0,1.3335216533675034,0.000497,0.000398107,0.000630957,0.226,0.2,0.25,2.46,2.0,4.0,130000.0,848.0,21900.0,1.0,True,0.01,0.95,10.0,39600.0,0.938,0.139
773,1 - 1 - 2022,19800.0,1.1445523142259597,1.0,1.3335216533675034,0.0005,0.000398107,0.000630957,0.274,0.25,0.3,0.033,0.0,0.05,7500000.0,40700.0,5800000.0,1.0,True,0.01,0.95,10.0,39600.0,0.938,0.139
774,1 - 1 - 2022,19800.0,1.1532562594670797,1.0,1.3335216533675034,0.000503,0.000398107,0.000630957,0.274,0.25,0.3,0.0771,0.05,0.1,23500000.0,72100.0,18900000.0,1.0,True,0.01,0.95,10.0,39600.0,0.938,0.139
775,1 - 1 - 2022,19800.0,1.1532562594670797,1.0,1.3335216533675034,0.000503,0.000398107,0.000630957,0.274,0.25,0.3,0.155,0.1,0.2,41900000.0,68000.0,33400000.0,1.0,True,0.01,0.95,10.0,39600.0,0.938,0.139
776,1 - 1 - 2022,19800.0,1.1489125293076057,1.0,1.3335216533675034,0.000507,0.000398107,0.000630957,0.274,0.25,0.3,0.251,0.2,0.3,55200000.0,78100.0,38700000.0,1.0,True,0.01,0.95,10.0,39600.0,0.938,0.139
777,1 - 1 - 2022,19800.0,1.1489125293076057,1.0,1.3335216533675034,0.000505,0.000398107,0.000630957,0.274,0.25,0.3,0.349,0.3,0.4,56400000.0,78900.0,37200000.0,1.0,True,0.01,0.95,10.0,39600.0,0.938,0.139
778,1 - 1 - 2022,19800.0,1.1489125293076057,1.0,1.3335216533675034,0.000505,0.000398107,0.000630957,0.274,0.25,0.3,0.449,0.4,0.5,48200000.0,72900.0,29100000.0,1.0,True,0.01,0.95,10.0,39600.0,0.938,0.139
779,1 - 1 - 2022,19800.0,1.1489125293076057,1.0,1.3335216533675034,0.000505,0.000398107,0.000630957,0.273,0.25,0.3,0.547,0.5,0.6,40400000.0,66800.0,20300000.0,1.0,True,0.01,0.95,10.0,39600.0,0.938,0.139
780,1 - 1 - 2022,19800.0,1.1489125293076057,1.0,1.3335216533675034,0.000504,0.000398107,0.000630957,0.274,0.25,0.3,0.648,0.6,0.7,29800000.0,57400.0,11300000.0,1.0,True,0.01,0.95,10.0,39600.0,0.938,0.139
781,1 - 1 - 2022,19800.0,1.1532562594670797,1.0,1.3335216533675034,0.000506,0.000398107,0.000630957,0.274,0.25,0.3,0.748,0.7,0.8,22600000.0,49900.0,7110000.0,1.0,True,0.01,0.95,10.0,39600.0,0.938,0.139
782,1 - 1 - 2022,19800.0,1.1489125293076057,1.0,1.3335216533675034,0.000507,0.000398107,0.000630957,0.273,0.25,0.3,0.846,0.8,0.9,16900000.0,43200.0,4390000.0,1.0,True,0.01,0.95,10.0,39600.0,0.938,0.139
783,1 - 1 - 2022,19800.0,1.1532562594670797,1.0,1.3335216533675034,0.000506,0.000398107,0.000630957,0.274,0.25,0.3,0.948,0.9,1.0,12200000.0,36700.0,2610000.0,1.0,True,0.01,0.95,10.0,39600.0,0.938,0.139
784,1 - 1 - 2022,19800.0,1.1575836902790226,1.0,1.3335216533675034,0.000505,0.000398107,0.000630957,0.274,0.25,0.3,1.18,1.0,1.5,4800000.0,10300.0,536000.0,1.0,True,0.01,0.95,10.0,39600.0,0.938,0.139
785,1 - 1 - 2022,19800.0,1.174734012447073,1.0,1.3335216533675034,0.000502,0.000398107,0.000630957,0.275,0.25,0.3,1.68,1.5,2.0,994000.0,4680.0,58500.0,1.0,True,0.01,0.95,10.0,39600.0,0.938,0.139
786,1 - 1 - 2022,19800.0,1.161895003862225,1.0,1.3335216533675034,0.000491,0.000398107,0.000630957,0.275,0.25,0.3,2.49,2.0,4.0,129000.0,844.0,18300.0,1.0,True,0.01,0.95,10.0,39600.0,0.938,0.139
787,1 - 1 - 2022,19800.0,1.1445523142259597,1.0,1.3335216533675034,0.000502,0.000398107,0.000630957,0.35,0.3,0.4,0.034,0.0,0.05,4750000.0,22900.0,4410000.0,1.0,True,0.01,0.95,10.0,39600.0,0.938,0.139
788,1 - 1 - 2022,19800.0,1.1445523142259597,1.0,1.3335216533675034,0.00051,0.000398107,0.000630957,0.347,0.3,0.4,0.0769,0.05,0.1,14000000.0,39200.0,12600000.0,1.0,True,0.01,0.95,10.0,39600.0,0.938,0.139
789,1 - 1 - 2022,19800.0,1.1445523142259597,1.0,1.3335216533675034,0.000507,0.000398107,0.000630957,0.347,0.3,0.4,0.154,0.1,0.2,26000000.0,37900.0,23300000.0,1.0,True,0.01,0.95,10.0,39600.0,0.938,0.139
790,1 - 1 - 2022,19800.0,1.1489125293076057,1.0,1.3335216533675034,0.000506,0.000398107,0.000630957,0.346,0.3,0.4,0.252,0.2,0.3,35700000.0,44400.0,30100000.0,1.0,True,0.01,0.95,10.0,39600.0,0.938,0.139
791,1 - 1 - 2022,19800.0,1.1489125293076057,1.0,1.3335216533675034,0.000505,0.000398107,0.000630957,0.346,0.3,0.4,0.349,0.3,0.4,36800000.0,45000.0,27500000.0,1.0,True,0.01,0.95,10.0,39600.0,0.938,0.139
792,1 - 1 - 2022,19800.0,1.1445523142259597,1.0,1.3335216533675034,0.000507,0.000398107,0.000630957,0.345,0.3,0.4,0.449,0.4,0.5,33400000.0,42900.0,21200000.0,1.0,True,0.01,0.95,10.0,39600.0,0.938,0.139
793,1 - 1 - 2022,19800.0,1.1445523142259597,1.0,1.3335216533675034,0.000506,0.000398107,0.000630957,0.346,0.3,0.4,0.549,0.5,0.6,27300000.0,38800.0,14900000.0,1.0,True,0.01,0.95,10.0,39600.0,0.938,0.139
794,1 - 1 - 2022,19800.0,1.1532562594670797,1.0,1.3335216533675034,0.000504,0.000398107,0.000630957,0.345,0.3,0.4,0.647,0.6,0.7,19300000.0,32700.0,9180000.0,1.0,True,0.01,0.95,10.0,39600.0,0.938,0.139
795,1 - 1 - 2022,19800.0,1.1489125293076057,1.0,1.3335216533675034,0.000504,0.000398107,0.000630957,0.345,0.3,0.4,0.747,0.7,0.8,14900000.0,28700.0,5680000.0,1.0,True,0.01,0.95,10.0,39600.0,0.938,0.139
796,1 - 1 - 2022,19800.0,1.1445523142259597,1.0,1.3335216533675034,0.00051,0.000398107,0.000630957,0.346,0.3,0.4,0.849,0.8,0.9,10400000.0,23900.0,3310000.0,1.0,True,0.01,0.95,10.0,39600.0,0.938,0.139
797,1 - 1 - 2022,19800.0,1.1575836902790226,1.0,1.3335216533675034,0.000509,0.000398107,0.000630957,0.344,0.3,0.4,0.947,0.9,1.0,7730000.0,20700.0,1770000.0,1.0,True,0.01,0.95,10.0,39600.0,0.938,0.139
798,1 - 1 - 2022,19800.0,1.1489125293076057,1.0,1.3335216533675034,0.000507,0.000398107,0.000630957,0.345,0.3,0.4,1.19,1.0,1.5,3180000.0,5920.0,468000.0,1.0,True,0.01,0.95,10.0,39600.0,0.938,0.139
799,1 - 1 - 2022,19800.0,1.1661903789690602,1.0,1.3335216533675034,0.000498,0.000398107,0.000630957,0.35,0.3,0.4,1.71,1.5,2.0,733000.0,2840.0,53600.0,1.0,True,0.01,0.95,10.0,39600.0,0.938,0.139
800,1 - 1 - 2022,19800.0,1.161895003862225,1.0,1.3335216533675034,0.000504,0.000398107,0.000630957,0.351,0.3,0.4,2.52,2.0,4.0,92000.0,504.0,13400.0,1.0,True,0.01,0.95,10.0,39600.0,0.938,0.139
801,1 - 1 - 2022,19800.0,1.1489125293076057,1.0,1.3335216533675034,0.000497,0.000398107,0.000630957,0.443,0.4,0.5,0.0323,0.0,0.05,3480000.0,19600.0,3390000.0,1.0,True,0.01,0.95,10.0,39600.0,0.938,0.139
802,1 - 1 - 2022,19800.0,1.1532562594670797,1.0,1.3335216533675034,0.000513,0.000398107,0.000630957,0.444,0.4,0.5,0.0769,0.05,0.1,10600000.0,34200.0,10200000.0,1.0,True,0.01,0.95,10.0,39600.0,0.938,0.139
803,1 - 1 - 2022,19800.0,1.1489125293076057,1.0,1.3335216533675034,0.000506,0.000398107,0.000630957,0.446,0.4,0.5,0.153,0.1,0.2,17300000.0,30900.0,16100000.0,1.0,True,0.01,0.95,10.0,39600.0,0.938,0.139
804,1 - 1 - 2022,19800.0,1.1445523142259597,1.0,1.3335216533675034,0.000509,0.000398107,0.000630957,0.446,0.4,0.5,0.249,0.2,0.3,22400000.0,35100.0,19100000.0,1.0,True,0.01,0.95,10.0,39600.0,0.938,0.139
805,1 - 1 - 2022,19800.0,1.1445523142259597,1.0,1.3335216533675034,0.000507,0.000398107,0.000630957,0.447,0.4,0.5,0.35,0.3,0.4,22400000.0,35100.0,16900000.0,1.0,True,0.01,0.95,10.0,39600.0,0.938,0.139
806,1 - 1 - 2022,19800.0,1.1489125293076057,1.0,1.3335216533675034,0.000508,0.000398107,0.000630957,0.444,0.4,0.5,0.448,0.4,0.5,19600000.0,32900.0,13000000.0,1.0,True,0.01,0.95,10.0,39600.0,0.938,0.139
807,1 - 1 - 2022,19800.0,1.1445523142259597,1.0,1.3335216533675034,0.000506,0.000398107,0.000630957,0.446,0.4,0.5,0.547,0.5,0.6,16600000.0,30300.0,9780000.0,1.0,True,0.01,0.95,10.0,39600.0,0.938,0.139
808,1 - 1 - 2022,19800.0,1.1532562594670797,1.0,1.3335216533675034,0.000503,0.000398107,0.000630957,0.446,0.4,0.5,0.648,0.6,0.7,12500000.0,26200.0,6740000.0,1.0,True,0.01,0.95,10.0,39600.0,0.938,0.139
809,1 - 1 - 2022,19800.0,1.1489125293076057,1.0,1.3335216533675034,0.000507,0.000398107,0.000630957,0.446,0.4,0.5,0.747,0.7,0.8,8480000.0,21600.0,3920000.0,1.0,True,0.01,0.95,10.0,39600.0,0.938,0.139
810,1 - 1 - 2022,19800.0,1.1489125293076057,1.0,1.3335216533675034,0.000503,0.000398107,0.000630957,0.444,0.4,0.5,0.846,0.8,0.9,7090000.0,19800.0,2670000.0,1.0,True,0.01,0.95,10.0,39600.0,0.938,0.139
811,1 - 1 - 2022,19800.0,1.1489125293076057,1.0,1.3335216533675034,0.000502,0.000398107,0.000630957,0.447,0.4,0.5,0.946,0.9,1.0,4490000.0,15700.0,1570000.0,1.0,True,0.01,0.95,10.0,39600.0,0.938,0.139
812,1 - 1 - 2022,19800.0,1.1489125293076057,1.0,1.3335216533675034,0.000504,0.000398107,0.000630957,0.446,0.4,0.5,1.19,1.0,1.5,1820000.0,4480.0,419000.0,1.0,True,0.01,0.95,10.0,39600.0,0.938,0.139
813,1 - 1 - 2022,19800.0,1.1661903789690602,1.0,1.3335216533675034,0.000497,0.000398107,0.000630957,0.445,0.4,0.5,1.69,1.5,2.0,431000.0,2180.0,36500.0,1.0,True,0.01,0.95,10.0,39600.0,0.938,0.139
814,1 - 1 - 2022,19800.0,1.1704699910719625,1.0,1.3335216533675034,0.000497,0.000398107,0.000630957,0.444,0.4,0.5,2.49,2.0,4.0,59700.0,406.0,8530.0,1.0,True,0.01,0.95,10.0,39600.0,0.938,0.139
815,1 - 1 - 2022,19800.0,1.1532562594670797,1.0,1.3335216533675034,0.000511,0.000398107,0.000630957,0.548,0.5,0.6,0.0332,0.0,0.05,2070000.0,15100.0,1780000.0,1.0,True,0.01,0.95,10.0,39600.0,0.938,0.139
816,1 - 1 - 2022,19800.0,1.140175425099138,1.0,1.3335216533675034,0.000503,0.000398107,0.000630957,0.547,0.5,0.6,0.0763,0.05,0.1,6380000.0,26500.0,5340000.0,1.0,True,0.01,0.95,10.0,39600.0,0.938,0.139
817,1 - 1 - 2022,19800.0,1.1489125293076057,1.0,1.3335216533675034,0.000506,0.000398107,0.000630957,0.547,0.5,0.6,0.154,0.1,0.2,11400000.0,25000.0,8650000.0,1.0,True,0.01,0.95,10.0,39600.0,0.938,0.139
818,1 - 1 - 2022,19800.0,1.1489125293076057,1.0,1.3335216533675034,0.000509,0.000398107,0.000630957,0.546,0.5,0.6,0.252,0.2,0.3,15100000.0,28800.0,11100000.0,1.0,True,0.01,0.95,10.0,39600.0,0.938,0.139
819,1 - 1 - 2022,19800.0,1.1445523142259597,1.0,1.3335216533675034,0.000507,0.000398107,0.000630957,0.546,0.5,0.6,0.349,0.3,0.4,13600000.0,27400.0,9260000.0,1.0,True,0.01,0.95,10.0,39600.0,0.938,0.139
820,1 - 1 - 2022,19800.0,1.1489125293076057,1.0,1.3335216533675034,0.000502,0.000398107,0.000630957,0.546,0.5,0.6,0.448,0.4,0.5,11700000.0,25400.0,6630000.0,1.0,True,0.01,0.95,10.0,39600.0,0.938,0.139
821,1 - 1 - 2022,19800.0,1.1445523142259597,1.0,1.3335216533675034,0.000507,0.000398107,0.000630957,0.546,0.5,0.6,0.547,0.5,0.6,9770000.0,23200.0,4900000.0,1.0,True,0.01,0.95,10.0,39600.0,0.938,0.139
822,1 - 1 - 2022,19800.0,1.1489125293076057,1.0,1.3335216533675034,0.000506,0.000398107,0.000630957,0.544,0.5,0.6,0.649,0.6,0.7,7690000.0,20600.0,3540000.0,1.0,True,0.01,0.95,10.0,39600.0,0.938,0.139
823,1 - 1 - 2022,19800.0,1.1575836902790226,1.0,1.3335216533675034,0.000503,0.000398107,0.000630957,0.545,0.5,0.6,0.747,0.7,0.8,5140000.0,16800.0,2060000.0,1.0,True,0.01,0.95,10.0,39600.0,0.938,0.139
824,1 - 1 - 2022,19800.0,1.1445523142259597,1.0,1.3335216533675034,0.000505,0.000398107,0.000630957,0.546,0.5,0.6,0.845,0.8,0.9,4100000.0,15100.0,1550000.0,1.0,True,0.01,0.95,10.0,39600.0,0.938,0.139
825,1 - 1 - 2022,19800.0,1.1532562594670797,1.0,1.3335216533675034,0.000506,0.000398107,0.000630957,0.544,0.5,0.6,0.946,0.9,1.0,2730000.0,12300.0,999000.0,1.0,True,0.01,0.95,10.0,39600.0,0.938,0.139
826,1 - 1 - 2022,19800.0,1.1489125293076057,1.0,1.3335216533675034,0.000502,0.000398107,0.000630957,0.545,0.5,0.6,1.18,1.0,1.5,1140000.0,3550.0,324000.0,1.0,True,0.01,0.95,10.0,39600.0,0.938,0.139
827,1 - 1 - 2022,19800.0,1.1575836902790226,1.0,1.3335216533675034,0.000502,0.000398107,0.000630957,0.55,0.5,0.6,1.71,1.5,2.0,295000.0,1800.0,21900.0,1.0,True,0.01,0.95,10.0,39600.0,0.938,0.139
828,1 - 1 - 2022,19800.0,1.1575836902790226,1.0,1.3335216533675034,0.000505,0.000398107,0.000630957,0.547,0.5,0.6,2.53,2.0,4.0,28600.0,281.0,1830.0,1.0,True,0.01,0.95,10.0,39600.0,0.938,0.139
829,1 - 1 - 2022,19800.0,1.161895003862225,1.0,1.3335216533675034,0.000501,0.000398107,0.000630957,0.645,0.6,0.7,0.0335,0.0,0.05,780000.0,9270.0,390000.0,1.0,True,0.01,0.95,10.0,39600.0,0.938,0.139
830,1 - 1 - 2022,19800.0,1.140175425099138,1.0,1.3335216533675034,0.000504,0.000398107,0.000630957,0.638,0.6,0.7,0.0746,0.05,0.1,3190000.0,18800.0,1970000.0,1.0,True,0.01,0.95,10.0,39600.0,0.938,0.139
831,1 - 1 - 2022,19800.0,1.1445523142259597,1.0,1.3335216533675034,0.000506,0.000398107,0.000630957,0.642,0.6,0.7,0.156,0.1,0.2,5580000.0,17500.0,3110000.0,1.0,True,0.01,0.95,10.0,39600.0,0.938,0.139
832,1 - 1 - 2022,19800.0,1.1445523142259597,1.0,1.3335216533675034,0.000506,0.000398107,0.000630957,0.643,0.6,0.7,0.251,0.2,0.3,6880000.0,19500.0,3410000.0,1.0,True,0.01,0.95,10.0,39600.0,0.938,0.139
833,1 - 1 - 2022,19800.0,1.140175425099138,1.0,1.3335216533675034,0.000505,0.000398107,0.000630957,0.646,0.6,0.7,0.35,0.3,0.4,7930000.0,20900.0,3750000.0,1.0,True,0.01,0.95,10.0,39600.0,0.938,0.139
834,1 - 1 - 2022,19800.0,1.140175425099138,1.0,1.3335216533675034,0.000506,0.000398107,0.000630957,0.644,0.6,0.7,0.448,0.4,0.5,7100000.0,19800.0,3020000.0,1.0,True,0.01,0.95,10.0,39600.0,0.938,0.139
835,1 - 1 - 2022,19800.0,1.1532562594670797,1.0,1.3335216533675034,0.000502,0.000398107,0.000630957,0.647,0.6,0.7,0.547,0.5,0.6,6250000.0,18600.0,2120000.0,1.0,True,0.01,0.95,10.0,39600.0,0.938,0.139
836,1 - 1 - 2022,19800.0,1.1489125293076057,1.0,1.3335216533675034,0.000507,0.000398107,0.000630957,0.647,0.6,0.7,0.649,0.6,0.7,4580000.0,15900.0,1620000.0,1.0,True,0.01,0.95,10.0,39600.0,0.938,0.139
837,1 - 1 - 2022,19800.0,1.1445523142259597,1.0,1.3335216533675034,0.000507,0.000398107,0.000630957,0.647,0.6,0.7,0.749,0.7,0.8,3700000.0,14300.0,1050000.0,1.0,True,0.01,0.95,10.0,39600.0,0.938,0.139
838,1 - 1 - 2022,19800.0,1.1532562594670797,1.0,1.3335216533675034,0.000503,0.000398107,0.000630957,0.648,0.6,0.7,0.844,0.8,0.9,2340000.0,11400.0,682000.0,1.0,True,0.01,0.95,10.0,39600.0,0.938,0.139
839,1 - 1 - 2022,19800.0,1.161895003862225,1.0,1.3335216533675034,0.000504,0.000398107,0.000630957,0.644,0.6,0.7,0.945,0.9,1.0,1780000.0,9910.0,426000.0,1.0,True,0.01,0.95,10.0,39600.0,0.938,0.139
840,1 - 1 - 2022,19800.0,1.1575836902790226,1.0,1.3335216533675034,0.000506,0.000398107,0.000630957,0.644,0.6,0.7,1.19,1.0,1.5,663000.0,2700.0,134000.0,1.0,True,0.01,0.95,10.0,39600.0,0.938,0.139
841,1 - 1 - 2022,19800.0,1.161895003862225,1.0,1.3335216533675034,0.000507,0.000398107,0.000630957,0.648,0.6,0.7,1.73,1.5,2.0,146000.0,1270.0,19500.0,1.0,True,0.01,0.95,10.0,39600.0,0.938,0.139
842,1 - 1 - 2022,19800.0,1.1269427669584644,1.0,1.3335216533675034,0.000518,0.000398107,0.000630957,0.643,0.6,0.7,2.53,2.0,4.0,14600.0,201.0,3040.0,1.0,True,0.01,0.95,10.0,39600.0,0.938,0.139
843,1 - 1 - 2022,19800.0,1.1224972160321824,1.0,1.3335216533675034,0.000491,0.000398107,0.000630957,0.733,0.7,0.8,0.0336,0.0,0.05,292000.0,5680.0,73100.0,1.0,True,0.01,0.95,10.0,39600.0,0.938,0.139
844,1 - 1 - 2022,19800.0,1.1489125293076057,1.0,1.3335216533675034,0.000493,0.000398107,0.000630957,0.745,0.7,0.8,0.0775,0.05,0.1,1460000.0,12700.0,414000.0,1.0,True,0.01,0.95,10.0,39600.0,0.938,0.139
845,1 - 1 - 2022,19800.0,1.1532562594670797,1.0,1.3335216533675034,0.000509,0.000398107,0.000630957,0.743,0.7,0.8,0.156,0.1,0.2,2640000.0,12100.0,707000.0,1.0,True,0.01,0.95,10.0,39600.0,0.938,0.139
846,1 - 1 - 2022,19800.0,1.1445523142259597,1.0,1.3335216533675034,0.000509,0.000398107,0.000630957,0.748,0.7,0.8,0.25,0.2,0.3,3800000.0,14500.0,974000.0,1.0,True,0.01,0.95,10.0,39600.0,0.938,0.139
847,1 - 1 - 2022,19800.0,1.1445523142259597,1.0,1.3335216533675034,0.000507,0.000398107,0.000630957,0.744,0.7,0.8,0.349,0.3,0.4,4180000.0,15200.0,1070000.0,1.0,True,0.01,0.95,10.0,39600.0,0.938,0.139
848,1 - 1 - 2022,19800.0,1.140175425099138,1.0,1.3335216533675034,0.000514,0.000398107,0.000630957,0.744,0.7,0.8,0.451,0.4,0.5,4530000.0,15800.0,1320000.0,1.0,True,0.01,0.95,10.0,39600.0,0.938,0.139
849,1 - 1 - 2022,19800.0,1.140175425099138,1.0,1.3335216533675034,0.000504,0.000398107,0.000630957,0.745,0.7,0.8,0.546,0.5,0.6,3730000.0,14300.0,914000.0,1.0,True,0.01,0.95,10.0,39600.0,0.938,0.139
850,1 - 1 - 2022,19800.0,1.1532562594670797,1.0,1.3335216533675034,0.000502,0.000398107,0.000630957,0.744,0.7,0.8,0.648,0.6,0.7,2900000.0,12600.0,597000.0,1.0,True,0.01,0.95,10.0,39600.0,0.938,0.139
851,1 - 1 - 2022,19800.0,1.1489125293076057,1.0,1.3335216533675034,0.00051,0.000398107,0.000630957,0.743,0.7,0.8,0.749,0.7,0.8,2290000.0,11200.0,646000.0,1.0,True,0.01,0.95,10.0,39600.0,0.938,0.139
852,1 - 1 - 2022,19800.0,1.1661903789690602,1.0,1.3335216533675034,0.000496,0.000398107,0.000630957,0.746,0.7,0.8,0.843,0.8,0.9,1570000.0,9310.0,244000.0,1.0,True,0.01,0.95,10.0,39600.0,0.938,0.139
853,1 - 1 - 2022,19800.0,1.140175425099138,1.0,1.3335216533675034,0.000514,0.000398107,0.000630957,0.741,0.7,0.8,0.943,0.9,1.0,974000.0,7330.0,219000.0,1.0,True,0.01,0.95,10.0,39600.0,0.938,0.139
854,1 - 1 - 2022,19800.0,1.1445523142259597,1.0,1.3335216533675034,0.000497,0.000398107,0.000630957,0.748,0.7,0.8,1.17,1.0,1.5,351000.0,1970.0,58500.0,1.0,True,0.01,0.95,10.0,39600.0,0.938,0.139
855,1 - 1 - 2022,19800.0,1.1489125293076057,1.0,1.3335216533675034,0.000503,0.000398107,0.000630957,0.744,0.7,0.8,1.69,1.5,2.0,78000.0,928.0,7310.0,1.0,True,0.01,0.95,10.0,39600.0,0.938,0.139
856,1 - 1 - 2022,19800.0,1.1661903789690602,1.0,1.3335216533675034,0.000503,0.000398107,0.000630957,0.757,0.7,0.8,2.53,2.0,4.0,11600.0,179.0,609.0,1.0,True,0.01,0.95,10.0,39600.0,0.938,0.139
857,1 - 1 - 2022,19800.0,1.1575836902790226,1.0,1.3335216533675034,0.000496,0.000398107,0.000630957,0.844,0.8,0.9,0.0323,0.0,0.05,219000.0,4920.0,0.0,1.0,True,0.01,0.95,10.0,39600.0,0.938,0.139
858,1 - 1 - 2022,19800.0,1.1269427669584644,1.0,1.3335216533675034,0.000526,0.000398107,0.000630957,0.846,0.8,0.9,0.0799,0.05,0.1,999000.0,10500.0,171000.0,1.0,True,0.01,0.95,10.0,39600.0,0.938,0.139
859,1 - 1 - 2022,19800.0,1.1357816691600546,1.0,1.3335216533675034,0.000504,0.000398107,0.000630957,0.845,0.8,0.9,0.156,0.1,0.2,1380000.0,8710.0,256000.0,1.0,True,0.01,0.95,10.0,39600.0,0.938,0.139
860,1 - 1 - 2022,19800.0,1.1357816691600546,1.0,1.3335216533675034,0.000496,0.000398107,0.000630957,0.845,0.8,0.9,0.252,0.2,0.3,1950000.0,10400.0,378000.0,1.0,True,0.01,0.95,10.0,39600.0,0.938,0.139
861,1 - 1 - 2022,19800.0,1.1532562594670797,1.0,1.3335216533675034,0.000516,0.000398107,0.000630957,0.847,0.8,0.9,0.352,0.3,0.4,2410000.0,11500.0,365000.0,1.0,True,0.01,0.95,10.0,39600.0,0.938,0.139
862,1 - 1 - 2022,19800.0,1.1445523142259597,1.0,1.3335216533675034,0.000509,0.000398107,0.000630957,0.844,0.8,0.9,0.452,0.4,0.5,2350000.0,11400.0,378000.0,1.0,True,0.01,0.95,10.0,39600.0,0.938,0.139
863,1 - 1 - 2022,19800.0,1.1445523142259597,1.0,1.3335216533675034,0.000503,0.000398107,0.000630957,0.839,0.8,0.9,0.551,0.5,0.6,2380000.0,11400.0,414000.0,1.0,True,0.01,0.95,10.0,39600.0,0.938,0.139
864,1 - 1 - 2022,19800.0,1.1489125293076057,1.0,1.3335216533675034,0.000499,0.000398107,0.000630957,0.841,0.8,0.9,0.645,0.6,0.7,1550000.0,9240.0,244000.0,1.0,True,0.01,0.95,10.0,39600.0,0.938,0.139
865,1 - 1 - 2022,19800.0,1.1489125293076057,1.0,1.3335216533675034,0.000507,0.000398107,0.000630957,0.841,0.8,0.9,0.75,0.7,0.8,1100000.0,7780.0,171000.0,1.0,True,0.01,0.95,10.0,39600.0,0.938,0.139
866,1 - 1 - 2022,19800.0,1.1269427669584644,1.0,1.3335216533675034,0.000489,0.000398107,0.000630957,0.841,0.8,0.9,0.848,0.8,0.9,804000.0,6660.0,146000.0,1.0,True,0.01,0.95,10.0,39600.0,0.938,0.139
867,1 - 1 - 2022,19800.0,1.1489125293076057,1.0,1.3335216533675034,0.000505,0.000398107,0.000630957,0.84,0.8,0.9,0.939,0.9,1.0,572000.0,5620.0,60900.0,1.0,True,0.01,0.95,10.0,39600.0,0.938,0.139
868,1 - 1 - 2022,19800.0,1.1575836902790226,1.0,1.3335216533675034,0.00051,0.000398107,0.000630957,0.844,0.8,0.9,1.17,1.0,1.5,134000.0,1220.0,24400.0,1.0,True,0.01,0.95,10.0,39600.0,0.938,0.139
869,1 - 1 - 2022,19800.0,1.118033988749895,1.0,1.3335216533675034,0.000503,0.000398107,0.000630957,0.837,0.8,0.9,1.76,1.5,2.0,17100.0,434.0,7310.0,1.0,True,0.01,0.95,10.0,39600.0,0.938,0.139
870,1 - 1 - 2022,19800.0,1.1704699910719625,1.0,1.3335216533675034,0.000499,0.000398107,0.000630957,0.833,0.8,0.9,2.17,2.0,4.0,4260.0,108.0,0.0,1.0,True,0.01,0.95,10.0,39600.0,0.938,0.139
871,1 - 1 - 2022,19800.0,1.1832159566199232,1.0,1.3335216533675034,0.000567,0.000398107,0.000630957,0.949,0.9,1.0,0.0335,0.0,0.05,97400.0,3280.0,24400.0,1.0,True,0.01,0.95,10.0,39600.0,0.938,0.139
872,1 - 1 - 2022,19800.0,1.1445523142259597,1.0,1.3335216533675034,0.000509,0.000398107,0.000630957,0.933,0.9,1.0,0.0777,0.05,0.1,365000.0,6350.0,97400.0,1.0,True,0.01,0.95,10.0,39600.0,0.938,0.139
873,1 - 1 - 2022,19800.0,1.1357816691600546,1.0,1.3335216533675034,0.000507,0.000398107,0.000630957,0.926,0.9,1.0,0.152,0.1,0.2,536000.0,5440.0,85300.0,1.0,True,0.01,0.95,10.0,39600.0,0.938,0.139
874,1 - 1 - 2022,19800.0,1.161895003862225,1.0,1.3335216533675034,0.000502,0.000398107,0.000630957,0.93,0.9,1.0,0.252,0.2,0.3,841000.0,6810.0,122000.0,1.0,True,0.01,0.95,10.0,39600.0,0.938,0.139
875,1 - 1 - 2022,19800.0,1.140175425099138,1.0,1.3335216533675034,0.000488,0.000398107,0.000630957,0.932,0.9,1.0,0.354,0.3,0.4,889000.0,7000.0,110000.0,1.0,True,0.01,0.95,10.0,39600.0,0.938,0.139
876,1 - 1 - 2022,19800.0,1.140175425099138,1.0,1.3335216533675034,0.000504,0.000398107,0.000630957,0.939,0.9,1.0,0.45,0.4,0.5,974000.0,7330.0,85300.0,1.0,True,0.01,0.95,10.0,39600.0,0.938,0.139
877,1 - 1 - 2022,19800.0,1.1445523142259597,1.0,1.3335216533675034,0.000512,0.000398107,0.000630957,0.928,0.9,1.0,0.551,0.5,0.6,865000.0,6910.0,85300.0,1.0,True,0.01,0.95,10.0,39600.0,0.938,0.139
878,1 - 1 - 2022,19800.0,1.1489125293076057,1.0,1.3335216533675034,0.000505,0.000398107,0.000630957,0.934,0.9,1.0,0.643,0.6,0.7,560000.0,5560.0,73100.0,1.0,True,0.01,0.95,10.0,39600.0,0.938,0.139
879,1 - 1 - 2022,19800.0,1.1269427669584644,1.0,1.3335216533675034,0.000495,0.000398107,0.000630957,0.932,0.9,1.0,0.742,0.7,0.8,609000.0,5800.0,122000.0,1.0,True,0.01,0.95,10.0,39600.0,0.938,0.139
880,1 - 1 - 2022,19800.0,1.1575836902790226,1.0,1.3335216533675034,0.000516,0.000398107,0.000630957,0.933,0.9,1.0,0.845,0.8,0.9,256000.0,3760.0,24400.0,1.0,True,0.01,0.95,10.0,39600.0,0.938,0.139
881,1 - 1 - 2022,19800.0,1.1532562594670797,1.0,1.3335216533675034,0.000523,0.000398107,0.000630957,0.922,0.9,1.0,0.928,0.9,1.0,183000.0,3180.0,36500.0,1.0,True,0.01,0.95,10.0,39600.0,0.938,0.139
882,1 - 1 - 2022,19800.0,1.1532562594670797,1.0,1.3335216533675034,0.000501,0.000398107,0.000630957,0.933,0.9,1.0,1.17,1.0,1.5,36500.0,635.0,9740.0,1.0,True,0.01,0.95,10.0,39600.0,0.938,0.139
883,1 - 1 - 2022,19800.0,1.0954451150103321,1.0,1.3335216533675034,0.00045,0.000398107,0.000630957,0.945,0.9,1.0,1.5,1.5,2.0,2440.0,164.0,0.0,1.0,True,0.01,0.95,10.0,39600.0,0.938,0.139
884,1 - 1 - 2022,19800.0,1.1489125293076057,1.0,1.3335216533675034,0.000479,0.000398107,0.000630957,0.91,0.9,1.0,2.4,2.0,4.0,609.0,41.0,0.0,1.0,True,0.01,0.95,10.0,39600.0,0.938,0.139
885,1 - 1 - 2022,19800.0,1.1661903789690602,1.0,1.3335216533675034,0.000784,0.000630957,0.001,0.0315,0.0,0.05,0.0805,0.05,0.1,91000000.0,113000.0,88400000.0,1.0,True,0.01,0.95,10.0,39600.0,0.938,0.139
886,1 - 1 - 2022,19800.0,1.1575836902790226,1.0,1.3335216533675034,0.00079,0.000630957,0.001,0.0263,0.0,0.05,0.157,0.1,0.2,269000000.0,137000.0,208000000.0,1.0,True,0.01,0.95,10.0,39600.0,0.938,0.139
887,1 - 1 - 2022,19800.0,1.1575836902790226,1.0,1.3335216533675034,0.000792,0.000630957,0.001,0.0234,0.0,0.05,0.252,0.2,0.3,410000000.0,169000.0,248000000.0,1.0,True,0.01,0.95,10.0,39600.0,0.938,0.139
888,1 - 1 - 2022,19800.0,1.1575836902790226,1.0,1.3335216533675034,0.000792,0.000630957,0.001,0.0223,0.0,0.05,0.349,0.3,0.4,436000000.0,174000.0,215000000.0,1.0,True,0.01,0.95,10.0,39600.0,0.938,0.139
889,1 - 1 - 2022,19800.0,1.1575836902790226,1.0,1.3335216533675034,0.000792,0.000630957,0.001,0.0222,0.0,0.05,0.448,0.4,0.5,377000000.0,162000.0,153000000.0,1.0,True,0.01,0.95,10.0,39600.0,0.938,0.139
890,1 - 1 - 2022,19800.0,1.1575836902790226,1.0,1.3335216533675034,0.000792,0.000630957,0.001,0.0222,0.0,0.05,0.547,0.5,0.6,295000000.0,143000.0,103000000.0,1.0,True,0.01,0.95,10.0,39600.0,0.938,0.139
891,1 - 1 - 2022,19800.0,1.1575836902790226,1.0,1.3335216533675034,0.000792,0.000630957,0.001,0.0224,0.0,0.05,0.647,0.6,0.7,205000000.0,119000.0,68200000.0,1.0,True,0.01,0.95,10.0,39600.0,0.938,0.139
892,1 - 1 - 2022,19800.0,1.1575836902790226,1.0,1.3335216533675034,0.000792,0.000630957,0.001,0.0231,0.0,0.05,0.747,0.7,0.8,139000000.0,98500.0,45600000.0,1.0,True,0.01,0.95,10.0,39600.0,0.938,0.139
893,1 - 1 - 2022,19800.0,1.1575836902790226,1.0,1.3335216533675034,0.00079,0.000630957,0.001,0.0237,0.0,0.05,0.846,0.8,0.9,86700000.0,77700.0,28900000.0,1.0,True,0.01,0.95,10.0,39600.0,0.938,0.139
894,1 - 1 - 2022,19800.0,1.1575836902790226,1.0,1.3335216533675034,0.00079,0.000630957,0.001,0.0243,0.0,0.05,0.945,0.9,1.0,54900000.0,61800.0,17600000.0,1.0,True,0.01,0.95,10.0,39600.0,0.938,0.139
895,1 - 1 - 2022,19800.0,1.1575836902790226,1.0,1.3335216533675034,0.000789,0.000630957,0.001,0.026,0.0,0.05,1.15,1.0,1.5,14900000.0,14400.0,4860000.0,1.0,True,0.01,0.95,10.0,39600.0,0.938,0.139
896,1 - 1 - 2022,19800.0,1.1704699910719625,1.0,1.3335216533675034,0.000791,0.000630957,0.001,0.0291,0.0,0.05,1.67,1.5,2.0,1440000.0,4480.0,390000.0,1.0,True,0.01,0.95,10.0,39600.0,0.938,0.139
897,1 - 1 - 2022,19800.0,1.1874342087037917,1.0,1.3335216533675034,0.000784,0.000630957,0.001,0.0338,0.0,0.05,2.28,2.0,4.0,65300.0,477.0,17700.0,1.0,True,0.01,0.95,10.0,39600.0,0.938,0.139
898,1 - 1 - 2022,19800.0,1.1489125293076057,1.0,1.3335216533675034,0.000797,0.000630957,0.001,0.0722,0.05,0.1,0.154,0.1,0.2,135000000.0,96900.0,131000000.0,1.0,True,0.01,0.95,10.0,39600.0,0.938,0.139
899,1 - 1 - 2022,19800.0,1.1489125293076057,1.0,1.3335216533675034,0.000799,0.000630957,0.001,0.0722,0.05,0.1,0.251,0.2,0.3,178000000.0,111000.0,163000000.0,1.0,True,0.01,0.95,10.0,39600.0,0.938,0.139
900,1 - 1 - 2022,19800.0,1.1489125293076057,1.0,1.3335216533675034,0.0008,0.000630957,0.001,0.0726,0.05,0.1,0.349,0.3,0.4,177000000.0,111000.0,159000000.0,1.0,True,0.01,0.95,10.0,39600.0,0.938,0.139
901,1 - 1 - 2022,19800.0,1.1532562594670797,1.0,1.3335216533675034,0.0008,0.000630957,0.001,0.0723,0.05,0.1,0.448,0.4,0.5,156000000.0,104000.0,140000000.0,1.0,True,0.01,0.95,10.0,39600.0,0.938,0.139
902,1 - 1 - 2022,19800.0,1.1489125293076057,1.0,1.3335216533675034,0.0008,0.000630957,0.001,0.0723,0.05,0.1,0.548,0.5,0.6,120000000.0,91400.0,94900000.0,1.0,True,0.01,0.95,10.0,39600.0,0.938,0.139
903,1 - 1 - 2022,19800.0,1.1489125293076057,1.0,1.3335216533675034,0.000796,0.000630957,0.001,0.0726,0.05,0.1,0.648,0.6,0.7,88000000.0,78300.0,54700000.0,1.0,True,0.01,0.95,10.0,39600.0,0.938,0.139
904,1 - 1 - 2022,19800.0,1.1489125293076057,1.0,1.3335216533675034,0.000801,0.000630957,0.001,0.0729,0.05,0.1,0.746,0.7,0.8,62300000.0,65800.0,26200000.0,1.0,True,0.01,0.95,10.0,39600.0,0.938,0.139
905,1 - 1 - 2022,19800.0,1.1489125293076057,1.0,1.3335216533675034,0.000797,0.000630957,0.001,0.0731,0.05,0.1,0.847,0.8,0.9,40600000.0,53200.0,12100000.0,1.0,True,0.01,0.95,10.0,39600.0,0.938,0.139
906,1 - 1 - 2022,19800.0,1.1489125293076057,1.0,1.3335216533675034,0.000803,0.000630957,0.001,0.073,0.05,0.1,0.947,0.9,1.0,27500000.0,43700.0,5610000.0,1.0,True,0.01,0.95,10.0,39600.0,0.938,0.139
907,1 - 1 - 2022,19800.0,1.1532562594670797,1.0,1.3335216533675034,0.000798,0.000630957,0.001,0.0729,0.05,0.1,1.17,1.0,1.5,9220000.0,11300.0,1750000.0,1.0,True,0.01,0.95,10.0,39600.0,0.938,0.139
908,1 - 1 - 2022,19800.0,1.161895003862225,1.0,1.3335216533675034,0.000794,0.000630957,0.001,0.0731,0.05,0.1,1.69,1.5,2.0,1450000.0,4500.0,218000.0,1.0,True,0.01,0.95,10.0,39600.0,0.938,0.139
909,1 - 1 - 2022,19800.0,1.1704699910719625,1.0,1.3335216533675034,0.000777,0.000630957,0.001,0.0747,0.05,0.1,2.4,2.0,4.0,97600.0,583.0,12300.0,1.0,True,0.01,0.95,10.0,39600.0,0.938,0.139
910,1 - 1 - 2022,19800.0,1.1489125293076057,1.0,1.3335216533675034,0.0008,0.000630957,0.001,0.123,0.1,0.15,0.153,0.1,0.2,76700000.0,73100.0,75300000.0,1.0,True,0.01,0.95,10.0,39600.0,0.938,0.139
911,1 - 1 - 2022,19800.0,1.1489125293076057,1.0,1.3335216533675034,0.000799,0.000630957,0.001,0.123,0.1,0.15,0.251,0.2,0.3,99100000.0,83100.0,88600000.0,1.0,True,0.01,0.95,10.0,39600.0,0.938,0.139
912,1 - 1 - 2022,19800.0,1.1489125293076057,1.0,1.3335216533675034,0.000799,0.000630957,0.001,0.123,0.1,0.15,0.349,0.3,0.4,102000000.0,84200.0,74700000.0,1.0,True,0.01,0.95,10.0,39600.0,0.938,0.139
913,1 - 1 - 2022,19800.0,1.1489125293076057,1.0,1.3335216533675034,0.000798,0.000630957,0.001,0.123,0.1,0.15,0.448,0.4,0.5,89200000.0,78800.0,61100000.0,1.0,True,0.01,0.95,10.0,39600.0,0.938,0.139
914,1 - 1 - 2022,19800.0,1.1532562594670797,1.0,1.3335216533675034,0.000799,0.000630957,0.001,0.123,0.1,0.15,0.549,0.5,0.6,70700000.0,70100.0,42100000.0,1.0,True,0.01,0.95,10.0,39600.0,0.938,0.139
915,1 - 1 - 2022,19800.0,1.1489125293076057,1.0,1.3335216533675034,0.000801,0.000630957,0.001,0.123,0.1,0.15,0.647,0.6,0.7,54500000.0,61600.0,31400000.0,1.0,True,0.01,0.95,10.0,39600.0,0.938,0.139
916,1 - 1 - 2022,19800.0,1.1532562594670797,1.0,1.3335216533675034,0.000801,0.000630957,0.001,0.123,0.1,0.15,0.747,0.7,0.8,38900000.0,52000.0,21000000.0,1.0,True,0.01,0.95,10.0,39600.0,0.938,0.139
917,1 - 1 - 2022,19800.0,1.1575836902790226,1.0,1.3335216533675034,0.000796,0.000630957,0.001,0.124,0.1,0.15,0.847,0.8,0.9,26000000.0,42500.0,11000000.0,1.0,True,0.01,0.95,10.0,39600.0,0.938,0.139
918,1 - 1 - 2022,19800.0,1.1489125293076057,1.0,1.3335216533675034,0.000797,0.000630957,0.001,0.123,0.1,0.15,0.947,0.9,1.0,17800000.0,35200.0,6190000.0,1.0,True,0.01,0.95,10.0,39600.0,0.938,0.139
919,1 - 1 - 2022,19800.0,1.1575836902790226,1.0,1.3335216533675034,0.000801,0.000630957,0.001,0.124,0.1,0.15,1.17,1.0,1.5,6210000.0,9300.0,1210000.0,1.0,True,0.01,0.95,10.0,39600.0,0.938,0.139
920,1 - 1 - 2022,19800.0,1.161895003862225,1.0,1.3335216533675034,0.0008,0.000630957,0.001,0.126,0.1,0.15,1.68,1.5,2.0,1050000.0,3830.0,157000.0,1.0,True,0.01,0.95,10.0,39600.0,0.938,0.139
921,1 - 1 - 2022,19800.0,1.1789826122551597,1.0,1.3335216533675034,0.000786,0.000630957,0.001,0.123,0.1,0.15,2.34,2.0,4.0,93800.0,571.0,8450.0,1.0,True,0.01,0.95,10.0,39600.0,0.938,0.139
922,1 - 1 - 2022,19800.0,1.1489125293076057,1.0,1.3335216533675034,0.000801,0.000630957,0.001,0.173,0.15,0.2,0.251,0.2,0.3,64000000.0,66700.0,60200000.0,1.0,True,0.01,0.95,10.0,39600.0,0.938,0.139
923,1 - 1 - 2022,19800.0,1.1489125293076057,1.0,1.3335216533675034,0.000799,0.000630957,0.001,0.173,0.15,0.2,0.349,0.3,0.4,67000000.0,68300.0,48800000.0,1.0,True,0.01,0.95,10.0,39600.0,0.938,0.139
924,1 - 1 - 2022,19800.0,1.1489125293076057,1.0,1.3335216533675034,0.000799,0.000630957,0.001,0.173,0.15,0.2,0.448,0.4,0.5,57800000.0,63400.0,37900000.0,1.0,True,0.01,0.95,10.0,39600.0,0.938,0.139
925,1 - 1 - 2022,19800.0,1.1489125293076057,1.0,1.3335216533675034,0.000797,0.000630957,0.001,0.174,0.15,0.2,0.548,0.5,0.6,47900000.0,57800.0,27500000.0,1.0,True,0.01,0.95,10.0,39600.0,0.938,0.139
926,1 - 1 - 2022,19800.0,1.1532562594670797,1.0,1.3335216533675034,0.000799,0.000630957,0.001,0.173,0.15,0.2,0.647,0.6,0.7,35700000.0,49900.0,14300000.0,1.0,True,0.01,0.95,10.0,39600.0,0.938,0.139
927,1 - 1 - 2022,19800.0,1.1489125293076057,1.0,1.3335216533675034,0.000801,0.000630957,0.001,0.173,0.15,0.2,0.747,0.7,0.8,26800000.0,43200.0,9270000.0,1.0,True,0.01,0.95,10.0,39600.0,0.938,0.139
928,1 - 1 - 2022,19800.0,1.1532562594670797,1.0,1.3335216533675034,0.000796,0.000630957,0.001,0.173,0.15,0.2,0.846,0.8,0.9,18100000.0,35500.0,5960000.0,1.0,True,0.01,0.95,10.0,39600.0,0.938,0.139
929,1 - 1 - 2022,19800.0,1.1532562594670797,1.0,1.3335216533675034,0.000795,0.000630957,0.001,0.173,0.15,0.2,0.947,0.9,1.0,12300000.0,29300.0,2980000.0,1.0,True,0.01,0.95,10.0,39600.0,0.938,0.139
930,1 - 1 - 2022,19800.0,1.1575836902790226,1.0,1.3335216533675034,0.000802,0.000630957,0.001,0.174,0.15,0.2,1.18,1.0,1.5,4670000.0,8060.0,879000.0,1.0,True,0.01,0.95,10.0,39600.0,0.938,0.139
931,1 - 1 - 2022,19800.0,1.161895003862225,1.0,1.3335216533675034,0.000786,0.000630957,0.001,0.174,0.15,0.2,1.7,1.5,2.0,932000.0,3600.0,169000.0,1.0,True,0.01,0.95,10.0,39600.0,0.938,0.139
932,1 - 1 - 2022,19800.0,1.1661903789690602,1.0,1.3335216533675034,0.000802,0.000630957,0.001,0.17,0.15,0.2,2.45,2.0,4.0,77600.0,520.0,11500.0,1.0,True,0.01,0.95,10.0,39600.0,0.938,0.139
933,1 - 1 - 2022,19800.0,1.1357816691600546,1.0,1.3335216533675034,0.000792,0.000630957,0.001,0.224,0.2,0.25,0.0348,0.0,0.05,6430000.0,29900.0,6360000.0,1.0,True,0.01,0.95,10.0,39600.0,0.938,0.139
934,1 - 1 - 2022,19800.0,1.1532562594670797,1.0,1.3335216533675034,0.0008,0.000630957,0.001,0.224,0.2,0.25,0.0774,0.05,0.1,18800000.0,51200.0,18600000.0,1.0,True,0.01,0.95,10.0,39600.0,0.938,0.139
935,1 - 1 - 2022,19800.0,1.1489125293076057,1.0,1.3335216533675034,0.0008,0.000630957,0.001,0.223,0.2,0.25,0.154,0.1,0.2,32900000.0,47800.0,32200000.0,1.0,True,0.01,0.95,10.0,39600.0,0.938,0.139
936,1 - 1 - 2022,19800.0,1.1445523142259597,1.0,1.3335216533675034,0.000797,0.000630957,0.001,0.224,0.2,0.25,0.252,0.2,0.3,43200000.0,54900.0,37400000.0,1.0,True,0.01,0.95,10.0,39600.0,0.938,0.139
937,1 - 1 - 2022,19800.0,1.1489125293076057,1.0,1.3335216533675034,0.000796,0.000630957,0.001,0.224,0.2,0.25,0.35,0.3,0.4,45000000.0,56000.0,29600000.0,1.0,True,0.01,0.95,10.0,39600.0,0.938,0.139
938,1 - 1 - 2022,19800.0,1.1489125293076057,1.0,1.3335216533675034,0.000804,0.000630957,0.001,0.224,0.2,0.25,0.449,0.4,0.5,40500000.0,53100.0,28100000.0,1.0,True,0.01,0.95,10.0,39600.0,0.938,0.139
939,1 - 1 - 2022,19800.0,1.1489125293076057,1.0,1.3335216533675034,0.0008,0.000630957,0.001,0.224,0.2,0.25,0.549,0.5,0.6,32900000.0,47900.0,20500000.0,1.0,True,0.01,0.95,10.0,39600.0,0.938,0.139
940,1 - 1 - 2022,19800.0,1.1489125293076057,1.0,1.3335216533675034,0.0008,0.000630957,0.001,0.223,0.2,0.25,0.648,0.6,0.7,25200000.0,41900.0,11500000.0,1.0,True,0.01,0.95,10.0,39600.0,0.938,0.139
941,1 - 1 - 2022,19800.0,1.1575836902790226,1.0,1.3335216533675034,0.000801,0.000630957,0.001,0.223,0.2,0.25,0.748,0.7,0.8,19100000.0,36400.0,5980000.0,1.0,True,0.01,0.95,10.0,39600.0,0.938,0.139
942,1 - 1 - 2022,19800.0,1.1489125293076057,1.0,1.3335216533675034,0.000799,0.000630957,0.001,0.222,0.2,0.25,0.848,0.8,0.9,13500000.0,30700.0,4040000.0,1.0,True,0.01,0.95,10.0,39600.0,0.938,0.139
943,1 - 1 - 2022,19800.0,1.1489125293076057,1.0,1.3335216533675034,0.000802,0.000630957,0.001,0.225,0.2,0.25,0.947,0.9,1.0,8880000.0,24900.0,3010000.0,1.0,True,0.01,0.95,10.0,39600.0,0.938,0.139
944,1 - 1 - 2022,19800.0,1.1532562594670797,1.0,1.3335216533675034,0.00079,0.000630957,0.001,0.224,0.2,0.25,1.17,1.0,1.5,3560000.0,7040.0,732000.0,1.0,True,0.01,0.95,10.0,39600.0,0.938,0.139
945,1 - 1 - 2022,19800.0,1.161895003862225,1.0,1.3335216533675034,0.000796,0.000630957,0.001,0.223,0.2,0.25,1.7,1.5,2.0,772000.0,3280.0,114000.0,1.0,True,0.01,0.95,10.0,39600.0,0.938,0.139
946,1 - 1 - 2022,19800.0,1.161895003862225,1.0,1.3335216533675034,0.000785,0.000630957,0.001,0.224,0.2,0.25,2.5,2.0,4.0,69900.0,493.0,11500.0,1.0,True,0.01,0.95,10.0,39600.0,0.938,0.139
947,1 - 1 - 2022,19800.0,1.1489125293076057,1.0,1.3335216533675034,0.000797,0.000630957,0.001,0.272,0.25,0.3,0.0307,0.0,0.05,4090000.0,23900.0,3780000.0,1.0,True,0.01,0.95,10.0,39600.0,0.938,0.139
948,1 - 1 - 2022,19800.0,1.1532562594670797,1.0,1.3335216533675034,0.000803,0.000630957,0.001,0.274,0.25,0.3,0.0786,0.05,0.1,12100000.0,41100.0,10500000.0,1.0,True,0.01,0.95,10.0,39600.0,0.938,0.139
949,1 - 1 - 2022,19800.0,1.1489125293076057,1.0,1.3335216533675034,0.000799,0.000630957,0.001,0.274,0.25,0.3,0.154,0.1,0.2,24700000.0,41400.0,20600000.0,1.0,True,0.01,0.95,10.0,39600.0,0.938,0.139
950,1 - 1 - 2022,19800.0,1.1489125293076057,1.0,1.3335216533675034,0.000799,0.000630957,0.001,0.274,0.25,0.3,0.251,0.2,0.3,32600000.0,47700.0,23300000.0,1.0,True,0.01,0.95,10.0,39600.0,0.938,0.139
951,1 - 1 - 2022,19800.0,1.1489125293076057,1.0,1.3335216533675034,0.0008,0.000630957,0.001,0.273,0.25,0.3,0.35,0.3,0.4,34400000.0,49000.0,21800000.0,1.0,True,0.01,0.95,10.0,39600.0,0.938,0.139
952,1 - 1 - 2022,19800.0,1.1532562594670797,1.0,1.3335216533675034,0.000802,0.000630957,0.001,0.274,0.25,0.3,0.448,0.4,0.5,30600000.0,46200.0,21100000.0,1.0,True,0.01,0.95,10.0,39600.0,0.938,0.139
953,1 - 1 - 2022,19800.0,1.1489125293076057,1.0,1.3335216533675034,0.0008,0.000630957,0.001,0.274,0.25,0.3,0.548,0.5,0.6,24700000.0,41500.0,14000000.0,1.0,True,0.01,0.95,10.0,39600.0,0.938,0.139
954,1 - 1 - 2022,19800.0,1.1489125293076057,1.0,1.3335216533675034,0.000802,0.000630957,0.001,0.273,0.25,0.3,0.648,0.6,0.7,19000000.0,36300.0,8470000.0,1.0,True,0.01,0.95,10.0,39600.0,0.938,0.139
955,1 - 1 - 2022,19800.0,1.1445523142259597,1.0,1.3335216533675034,0.000801,0.000630957,0.001,0.274,0.25,0.3,0.748,0.7,0.8,13700000.0,30900.0,4870000.0,1.0,True,0.01,0.95,10.0,39600.0,0.938,0.139
956,1 - 1 - 2022,19800.0,1.1532562594670797,1.0,1.3335216533675034,0.000795,0.000630957,0.001,0.274,0.25,0.3,0.846,0.8,0.9,9820000.0,26200.0,2670000.0,1.0,True,0.01,0.95,10.0,39600.0,0.938,0.139
957,1 - 1 - 2022,19800.0,1.1532562594670797,1.0,1.3335216533675034,0.000799,0.000630957,0.001,0.275,0.25,0.3,0.948,0.9,1.0,6860000.0,21800.0,2230000.0,1.0,True,0.01,0.95,10.0,39600.0,0.938,0.139
958,1 - 1 - 2022,19800.0,1.1575836902790226,1.0,1.3335216533675034,0.0008,0.000630957,0.001,0.275,0.25,0.3,1.19,1.0,1.5,2860000.0,6310.0,627000.0,1.0,True,0.01,0.95,10.0,39600.0,0.938,0.139
959,1 - 1 - 2022,19800.0,1.1575836902790226,1.0,1.3335216533675034,0.000792,0.000630957,0.001,0.275,0.25,0.3,1.69,1.5,2.0,670000.0,3060.0,129000.0,1.0,True,0.01,0.95,10.0,39600.0,0.938,0.139
960,1 - 1 - 2022,19800.0,1.1704699910719625,1.0,1.3335216533675034,0.000796,0.000630957,0.001,0.273,0.25,0.3,2.44,2.0,4.0,58400.0,451.0,9990.0,1.0,True,0.01,0.95,10.0,39600.0,0.938,0.139
961,1 - 1 - 2022,19800.0,1.1489125293076057,1.0,1.3335216533675034,0.000795,0.000630957,0.001,0.349,0.3,0.4,0.032,0.0,0.05,3200000.0,14900.0,1890000.0,1.0,True,0.01,0.95,10.0,39600.0,0.938,0.139
962,1 - 1 - 2022,19800.0,1.1489125293076057,1.0,1.3335216533675034,0.000798,0.000630957,0.001,0.349,0.3,0.4,0.0767,0.05,0.1,8410000.0,24200.0,5430000.0,1.0,True,0.01,0.95,10.0,39600.0,0.938,0.139
963,1 - 1 - 2022,19800.0,1.1489125293076057,1.0,1.3335216533675034,0.000802,0.000630957,0.001,0.346,0.3,0.4,0.154,0.1,0.2,15500000.0,23200.0,9580000.0,1.0,True,0.01,0.95,10.0,39600.0,0.938,0.139
964,1 - 1 - 2022,19800.0,1.1489125293076057,1.0,1.3335216533675034,0.000801,0.000630957,0.001,0.347,0.3,0.4,0.251,0.2,0.3,21500000.0,27400.0,13200000.0,1.0,True,0.01,0.95,10.0,39600.0,0.938,0.139
965,1 - 1 - 2022,19800.0,1.1489125293076057,1.0,1.3335216533675034,0.000798,0.000630957,0.001,0.345,0.3,0.4,0.349,0.3,0.4,22900000.0,28200.0,14700000.0,1.0,True,0.01,0.95,10.0,39600.0,0.938,0.139
966,1 - 1 - 2022,19800.0,1.1489125293076057,1.0,1.3335216533675034,0.000799,0.000630957,0.001,0.346,0.3,0.4,0.449,0.4,0.5,20000000.0,26400.0,12000000.0,1.0,True,0.01,0.95,10.0,39600.0,0.938,0.139
967,1 - 1 - 2022,19800.0,1.1489125293076057,1.0,1.3335216533675034,0.0008,0.000630957,0.001,0.346,0.3,0.4,0.547,0.5,0.6,16100000.0,23700.0,7930000.0,1.0,True,0.01,0.95,10.0,39600.0,0.938,0.139
968,1 - 1 - 2022,19800.0,1.1532562594670797,1.0,1.3335216533675034,0.000796,0.000630957,0.001,0.344,0.3,0.4,0.648,0.6,0.7,12400000.0,20700.0,5290000.0,1.0,True,0.01,0.95,10.0,39600.0,0.938,0.139
969,1 - 1 - 2022,19800.0,1.1489125293076057,1.0,1.3335216533675034,0.000801,0.000630957,0.001,0.345,0.3,0.4,0.746,0.7,0.8,8900000.0,17600.0,3160000.0,1.0,True,0.01,0.95,10.0,39600.0,0.938,0.139
970,1 - 1 - 2022,19800.0,1.1489125293076057,1.0,1.3335216533675034,0.000803,0.000630957,0.001,0.345,0.3,0.4,0.847,0.8,0.9,5930000.0,14400.0,1910000.0,1.0,True,0.01,0.95,10.0,39600.0,0.938,0.139
971,1 - 1 - 2022,19800.0,1.1532562594670797,1.0,1.3335216533675034,0.0008,0.000630957,0.001,0.345,0.3,0.4,0.948,0.9,1.0,4570000.0,12600.0,1270000.0,1.0,True,0.01,0.95,10.0,39600.0,0.938,0.139
972,1 - 1 - 2022,19800.0,1.1532562594670797,1.0,1.3335216533675034,0.000804,0.000630957,0.001,0.346,0.3,0.4,1.19,1.0,1.5,1780000.0,3520.0,383000.0,1.0,True,0.01,0.95,10.0,39600.0,0.938,0.139
973,1 - 1 - 2022,19800.0,1.161895003862225,1.0,1.3335216533675034,0.000799,0.000630957,0.001,0.344,0.3,0.4,1.7,1.5,2.0,417000.0,1700.0,73800.0,1.0,True,0.01,0.95,10.0,39600.0,0.938,0.139
974,1 - 1 - 2022,19800.0,1.1789826122551597,1.0,1.3335216533675034,0.000794,0.000630957,0.001,0.35,0.3,0.4,2.46,2.0,4.0,44600.0,279.0,9610.0,1.0,True,0.01,0.95,10.0,39600.0,0.938,0.139
975,1 - 1 - 2022,19800.0,1.1532562594670797,1.0,1.3335216533675034,0.000787,0.000630957,0.001,0.443,0.4,0.5,0.034,0.0,0.05,2540000.0,13300.0,1550000.0,1.0,True,0.01,0.95,10.0,39600.0,0.938,0.139
976,1 - 1 - 2022,19800.0,1.1445523142259597,1.0,1.3335216533675034,0.000799,0.000630957,0.001,0.447,0.4,0.5,0.0764,0.05,0.1,6040000.0,20500.0,3970000.0,1.0,True,0.01,0.95,10.0,39600.0,0.938,0.139
977,1 - 1 - 2022,19800.0,1.1489125293076057,1.0,1.3335216533675034,0.000801,0.000630957,0.001,0.447,0.4,0.5,0.154,0.1,0.2,10300000.0,18900.0,6680000.0,1.0,True,0.01,0.95,10.0,39600.0,0.938,0.139
978,1 - 1 - 2022,19800.0,1.1445523142259597,1.0,1.3335216533675034,0.000798,0.000630957,0.001,0.448,0.4,0.5,0.25,0.2,0.3,13900000.0,22000.0,8580000.0,1.0,True,0.01,0.95,10.0,39600.0,0.938,0.139
979,1 - 1 - 2022,19800.0,1.1489125293076057,1.0,1.3335216533675034,0.000798,0.000630957,0.001,0.445,0.4,0.5,0.349,0.3,0.4,13400000.0,21600.0,7840000.0,1.0,True,0.01,0.95,10.0,39600.0,0.938,0.139
980,1 - 1 - 2022,19800.0,1.1445523142259597,1.0,1.3335216533675034,0.0008,0.000630957,0.001,0.445,0.4,0.5,0.448,0.4,0.5,12500000.0,20800.0,6540000.0,1.0,True,0.01,0.95,10.0,39600.0,0.938,0.139
981,1 - 1 - 2022,19800.0,1.1489125293076057,1.0,1.3335216533675034,0.000803,0.000630957,0.001,0.446,0.4,0.5,0.549,0.5,0.6,9780000.0,18500.0,4680000.0,1.0,True,0.01,0.95,10.0,39600.0,0.938,0.139
982,1 - 1 - 2022,19800.0,1.1489125293076057,1.0,1.3335216533675034,0.0008,0.000630957,0.001,0.446,0.4,0.5,0.646,0.6,0.7,7410000.0,16100.0,3040000.0,1.0,True,0.01,0.95,10.0,39600.0,0.938,0.139
983,1 - 1 - 2022,19800.0,1.1489125293076057,1.0,1.3335216533675034,0.000795,0.000630957,0.001,0.446,0.4,0.5,0.747,0.7,0.8,5710000.0,14100.0,2190000.0,1.0,True,0.01,0.95,10.0,39600.0,0.938,0.139
984,1 - 1 - 2022,19800.0,1.1532562594670797,1.0,1.3335216533675034,0.0008,0.000630957,0.001,0.448,0.4,0.5,0.846,0.8,0.9,4040000.0,11900.0,1410000.0,1.0,True,0.01,0.95,10.0,39600.0,0.938,0.139
985,1 - 1 - 2022,19800.0,1.1489125293076057,1.0,1.3335216533675034,0.000799,0.000630957,0.001,0.445,0.4,0.5,0.948,0.9,1.0,2490000.0,9310.0,868000.0,1.0,True,0.01,0.95,10.0,39600.0,0.938,0.139
986,1 - 1 - 2022,19800.0,1.1489125293076057,1.0,1.3335216533675034,0.000802,0.000630957,0.001,0.447,0.4,0.5,1.19,1.0,1.5,1090000.0,2760.0,274000.0,1.0,True,0.01,0.95,10.0,39600.0,0.938,0.139
987,1 - 1 - 2022,19800.0,1.1704699910719625,1.0,1.3335216533675034,0.000811,0.000630957,0.001,0.441,0.4,0.5,1.7,1.5,2.0,252000.0,1320.0,41500.0,1.0,True,0.01,0.95,10.0,39600.0,0.938,0.139
988,1 - 1 - 2022,19800.0,1.1661903789690602,1.0,1.3335216533675034,0.000802,0.000630957,0.001,0.447,0.4,0.5,2.5,2.0,4.0,33800.0,243.0,9610.0,1.0,True,0.01,0.95,10.0,39600.0,0.938,0.139
989,1 - 1 - 2022,19800.0,1.1661903789690602,1.0,1.3335216533675034,0.000791,0.000630957,0.001,0.543,0.5,0.6,0.0333,0.0,0.05,1400000.0,9870.0,1030000.0,1.0,True,0.01,0.95,10.0,39600.0,0.938,0.139
990,1 - 1 - 2022,19800.0,1.1532562594670797,1.0,1.3335216533675034,0.000814,0.000630957,0.001,0.547,0.5,0.6,0.0774,0.05,0.1,3940000.0,16600.0,2550000.0,1.0,True,0.01,0.95,10.0,39600.0,0.938,0.139
991,1 - 1 - 2022,19800.0,1.140175425099138,1.0,1.3335216533675034,0.000797,0.000630957,0.001,0.548,0.5,0.6,0.153,0.1,0.2,7250000.0,15900.0,4610000.0,1.0,True,0.01,0.95,10.0,39600.0,0.938,0.139
992,1 - 1 - 2022,19800.0,1.1532562594670797,1.0,1.3335216533675034,0.000802,0.000630957,0.001,0.545,0.5,0.6,0.25,0.2,0.3,9210000.0,17900.0,5290000.0,1.0,True,0.01,0.95,10.0,39600.0,0.938,0.139
993,1 - 1 - 2022,19800.0,1.1489125293076057,1.0,1.3335216533675034,0.000792,0.000630957,0.001,0.547,0.5,0.6,0.349,0.3,0.4,8160000.0,16900.0,4520000.0,1.0,True,0.01,0.95,10.0,39600.0,0.938,0.139
994,1 - 1 - 2022,19800.0,1.1489125293076057,1.0,1.3335216533675034,0.000803,0.000630957,0.001,0.546,0.5,0.6,0.448,0.4,0.5,7920000.0,16600.0,4200000.0,1.0,True,0.01,0.95,10.0,39600.0,0.938,0.139
995,1 - 1 - 2022,19800.0,1.1445523142259597,1.0,1.3335216533675034,0.000798,0.000630957,0.001,0.547,0.5,0.6,0.549,0.5,0.6,6390000.0,14900.0,3120000.0,1.0,True,0.01,0.95,10.0,39600.0,0.938,0.139
996,1 - 1 - 2022,19800.0,1.1489125293076057,1.0,1.3335216533675034,0.000798,0.000630957,0.001,0.547,0.5,0.6,0.646,0.6,0.7,4500000.0,12500.0,2060000.0,1.0,True,0.01,0.95,10.0,39600.0,0.938,0.139
997,1 - 1 - 2022,19800.0,1.1489125293076057,1.0,1.3335216533675034,0.000804,0.000630957,0.001,0.547,0.5,0.6,0.749,0.7,0.8,3270000.0,10700.0,1350000.0,1.0,True,0.01,0.95,10.0,39600.0,0.938,0.139
998,1 - 1 - 2022,19800.0,1.140175425099138,1.0,1.3335216533675034,0.00081,0.000630957,0.001,0.544,0.5,0.6,0.847,0.8,0.9,2290000.0,8930.0,984000.0,1.0,True,0.01,0.95,10.0,39600.0,0.938,0.139
999,1 - 1 - 2022,19800.0,1.1532562594670797,1.0,1.3335216533675034,0.000802,0.000630957,0.001,0.544,0.5,0.6,0.946,0.9,1.0,1730000.0,7760.0,622000.0,1.0,True,0.01,0.95,10.0,39600.0,0.938,0.139
1000,1 - 1 - 2022,19800.0,1.1532562594670797,1.0,1.3335216533675034,0.000795,0.000630957,0.001,0.544,0.5,0.6,1.18,1.0,1.5,630000.0,2090.0,172000.0,1.0,True,0.01,0.95,10.0,39600.0,0.938,0.139
1001,1 - 1 - 2022,19800.0,1.1489125293076057,1.0,1.3335216533675034,0.000802,0.000630957,0.001,0.545,0.5,0.6,1.69,1.5,2.0,138000.0,981.0,20000.0,1.0,True,0.01,0.95,10.0,39600.0,0.938,0.139
1002,1 - 1 - 2022,19800.0,1.1789826122551597,1.0,1.3335216533675034,0.000775,0.000630957,0.001,0.549,0.5,0.6,2.55,2.0,4.0,18400.0,179.0,3460.0,1.0,True,0.01,0.95,10.0,39600.0,0.938,0.139
1003,1 - 1 - 2022,19800.0,1.1532562594670797,1.0,1.3335216533675034,0.000788,0.000630957,0.001,0.639,0.6,0.7,0.0345,0.0,0.05,753000.0,7240.0,461000.0,1.0,True,0.01,0.95,10.0,39600.0,0.938,0.139
1004,1 - 1 - 2022,19800.0,1.1489125293076057,1.0,1.3335216533675034,0.0008,0.000630957,0.001,0.641,0.6,0.7,0.0796,0.05,0.1,2030000.0,11900.0,1180000.0,1.0,True,0.01,0.95,10.0,39600.0,0.938,0.139
1005,1 - 1 - 2022,19800.0,1.1445523142259597,1.0,1.3335216533675034,0.000798,0.000630957,0.001,0.64,0.6,0.7,0.156,0.1,0.2,3040000.0,10300.0,1750000.0,1.0,True,0.01,0.95,10.0,39600.0,0.938,0.139
1006,1 - 1 - 2022,19800.0,1.1489125293076057,1.0,1.3335216533675034,0.000805,0.000630957,0.001,0.643,0.6,0.7,0.253,0.2,0.3,4370000.0,12300.0,2370000.0,1.0,True,0.01,0.95,10.0,39600.0,0.938,0.139
1007,1 - 1 - 2022,19800.0,1.1445523142259597,1.0,1.3335216533675034,0.000807,0.000630957,0.001,0.644,0.6,0.7,0.35,0.3,0.4,4950000.0,13100.0,2770000.0,1.0,True,0.01,0.95,10.0,39600.0,0.938,0.139
1008,1 - 1 - 2022,19800.0,1.140175425099138,1.0,1.3335216533675034,0.000801,0.000630957,0.001,0.646,0.6,0.7,0.45,0.4,0.5,4400000.0,12400.0,2290000.0,1.0,True,0.01,0.95,10.0,39600.0,0.938,0.139
1009,1 - 1 - 2022,19800.0,1.1489125293076057,1.0,1.3335216533675034,0.000804,0.000630957,0.001,0.644,0.6,0.7,0.547,0.5,0.6,3750000.0,11400.0,1810000.0,1.0,True,0.01,0.95,10.0,39600.0,0.938,0.139
1010,1 - 1 - 2022,19800.0,1.1489125293076057,1.0,1.3335216533675034,0.000795,0.000630957,0.001,0.645,0.6,0.7,0.649,0.6,0.7,2880000.0,10000.0,1350000.0,1.0,True,0.01,0.95,10.0,39600.0,0.938,0.139
1011,1 - 1 - 2022,19800.0,1.1357816691600546,1.0,1.3335216533675034,0.000796,0.000630957,0.001,0.644,0.6,0.7,0.748,0.7,0.8,2250000.0,8850.0,1080000.0,1.0,True,0.01,0.95,10.0,39600.0,0.938,0.139
1012,1 - 1 - 2022,19800.0,1.1532562594670797,1.0,1.3335216533675034,0.000809,0.000630957,0.001,0.646,0.6,0.7,0.847,0.8,0.9,1380000.0,6940.0,653000.0,1.0,True,0.01,0.95,10.0,39600.0,0.938,0.139
1013,1 - 1 - 2022,19800.0,1.1445523142259597,1.0,1.3335216533675034,0.000789,0.000630957,0.001,0.647,0.6,0.7,0.947,0.9,1.0,1050000.0,6030.0,423000.0,1.0,True,0.01,0.95,10.0,39600.0,0.938,0.139
1014,1 - 1 - 2022,19800.0,1.1575836902790226,1.0,1.3335216533675034,0.000794,0.000630957,0.001,0.647,0.6,0.7,1.19,1.0,1.5,366000.0,1600.0,114000.0,1.0,True,0.01,0.95,10.0,39600.0,0.938,0.139
1015,1 - 1 - 2022,19800.0,1.1575836902790226,1.0,1.3335216533675034,0.000808,0.000630957,0.001,0.647,0.6,0.7,1.71,1.5,2.0,106000.0,859.0,20000.0,1.0,True,0.01,0.95,10.0,39600.0,0.938,0.139
1016,1 - 1 - 2022,19800.0,1.1489125293076057,1.0,1.3335216533675034,0.000784,0.000630957,0.001,0.647,0.6,0.7,2.34,2.0,4.0,11900.0,144.0,3460.0,1.0,True,0.01,0.95,10.0,39600.0,0.938,0.139
1017,1 - 1 - 2022,19800.0,1.140175425099138,1.0,1.3335216533675034,0.000737,0.000630957,0.001,0.742,0.7,0.8,0.0309,0.0,0.05,277000.0,4390.0,138000.0,1.0,True,0.01,0.95,10.0,39600.0,0.938,0.139
1018,1 - 1 - 2022,19800.0,1.131370849898476,1.0,1.3335216533675034,0.000798,0.000630957,0.001,0.744,0.7,0.8,0.0759,0.05,0.1,630000.0,6620.0,415000.0,1.0,True,0.01,0.95,10.0,39600.0,0.938,0.139
1019,1 - 1 - 2022,19800.0,1.1532562594670797,1.0,1.3335216533675034,0.000806,0.000630957,0.001,0.75,0.7,0.8,0.156,0.1,0.2,1780000.0,7880.0,868000.0,1.0,True,0.01,0.95,10.0,39600.0,0.938,0.139
1020,1 - 1 - 2022,19800.0,1.1532562594670797,1.0,1.3335216533675034,0.000809,0.000630957,0.001,0.746,0.7,0.8,0.252,0.2,0.3,2290000.0,8930.0,1110000.0,1.0,True,0.01,0.95,10.0,39600.0,0.938,0.139
1021,1 - 1 - 2022,19800.0,1.1489125293076057,1.0,1.3335216533675034,0.000794,0.000630957,0.001,0.747,0.7,0.8,0.349,0.3,0.4,2760000.0,9800.0,1410000.0,1.0,True,0.01,0.95,10.0,39600.0,0.938,0.139
1022,1 - 1 - 2022,19800.0,1.1445523142259597,1.0,1.3335216533675034,0.000799,0.000630957,0.001,0.748,0.7,0.8,0.45,0.4,0.5,2590000.0,9500.0,1390000.0,1.0,True,0.01,0.95,10.0,39600.0,0.938,0.139
1023,1 - 1 - 2022,19800.0,1.1489125293076057,1.0,1.3335216533675034,0.000802,0.000630957,0.001,0.747,0.7,0.8,0.55,0.5,0.6,2390000.0,9120.0,1110000.0,1.0,True,0.01,0.95,10.0,39600.0,0.938,0.139
1024,1 - 1 - 2022,19800.0,1.1445523142259597,1.0,1.3335216533675034,0.000788,0.000630957,0.001,0.748,0.7,0.8,0.646,0.6,0.7,1700000.0,7690.0,815000.0,1.0,True,0.01,0.95,10.0,39600.0,0.938,0.139
1025,1 - 1 - 2022,19800.0,1.1489125293076057,1.0,1.3335216533675034,0.0008,0.000630957,0.001,0.751,0.7,0.8,0.751,0.7,0.8,1390000.0,6960.0,623000.0,1.0,True,0.01,0.95,10.0,39600.0,0.938,0.139
1026,1 - 1 - 2022,19800.0,1.140175425099138,1.0,1.3335216533675034,0.000795,0.000630957,0.001,0.746,0.7,0.8,0.846,0.8,0.9,868000.0,5500.0,438000.0,1.0,True,0.01,0.95,10.0,39600.0,0.938,0.139
1027,1 - 1 - 2022,19800.0,1.1445523142259597,1.0,1.3335216533675034,0.00081,0.000630957,0.001,0.744,0.7,0.8,0.948,0.9,1.0,722000.0,5020.0,300000.0,1.0,True,0.01,0.95,10.0,39600.0,0.938,0.139
1028,1 - 1 - 2022,19800.0,1.1532562594670797,1.0,1.3335216533675034,0.000797,0.000630957,0.001,0.746,0.7,0.8,1.18,1.0,1.5,206000.0,1200.0,66100.0,1.0,True,0.01,0.95,10.0,39600.0,0.938,0.139
1029,1 - 1 - 2022,19800.0,1.140175425099138,1.0,1.3335216533675034,0.000814,0.000630957,0.001,0.754,0.7,0.8,1.67,1.5,2.0,41500.0,538.0,6150.0,1.0,True,0.01,0.95,10.0,39600.0,0.938,0.139
1030,1 - 1 - 2022,19800.0,1.1532562594670797,1.0,1.3335216533675034,0.000807,0.000630957,0.001,0.736,0.7,0.8,2.53,2.0,4.0,6150.0,103.0,1920.0,1.0,True,0.01,0.95,10.0,39600.0,0.938,0.139
1031,1 - 1 - 2022,19800.0,1.1489125293076057,1.0,1.3335216533675034,0.000848,0.000630957,0.001,0.835,0.8,0.9,0.0301,0.0,0.05,169000.0,3430.0,61500.0,1.0,True,0.01,0.95,10.0,39600.0,0.938,0.139
1032,1 - 1 - 2022,19800.0,1.1532562594670797,1.0,1.3335216533675034,0.000798,0.000630957,0.001,0.843,0.8,0.9,0.0774,0.05,0.1,292000.0,4510.0,108000.0,1.0,True,0.01,0.95,10.0,39600.0,0.938,0.139
1033,1 - 1 - 2022,19800.0,1.1532562594670797,1.0,1.3335216533675034,0.000787,0.000630957,0.001,0.84,0.8,0.9,0.156,0.1,0.2,976000.0,5830.0,400000.0,1.0,True,0.01,0.95,10.0,39600.0,0.938,0.139
1034,1 - 1 - 2022,19800.0,1.1532562594670797,1.0,1.3335216533675034,0.000799,0.000630957,0.001,0.843,0.8,0.9,0.253,0.2,0.3,1420000.0,7040.0,630000.0,1.0,True,0.01,0.95,10.0,39600.0,0.938,0.139
1035,1 - 1 - 2022,19800.0,1.1445523142259597,1.0,1.3335216533675034,0.000797,0.000630957,0.001,0.842,0.8,0.9,0.356,0.3,0.4,1380000.0,6920.0,630000.0,1.0,True,0.01,0.95,10.0,39600.0,0.938,0.139
1036,1 - 1 - 2022,19800.0,1.1489125293076057,1.0,1.3335216533675034,0.000809,0.000630957,0.001,0.84,0.8,0.9,0.447,0.4,0.5,1440000.0,7090.0,684000.0,1.0,True,0.01,0.95,10.0,39600.0,0.938,0.139
1037,1 - 1 - 2022,19800.0,1.1357816691600546,1.0,1.3335216533675034,0.00081,0.000630957,0.001,0.843,0.8,0.9,0.55,0.5,0.6,1360000.0,6880.0,738000.0,1.0,True,0.01,0.95,10.0,39600.0,0.938,0.139
1038,1 - 1 - 2022,19800.0,1.140175425099138,1.0,1.3335216533675034,0.000804,0.000630957,0.001,0.841,0.8,0.9,0.648,0.6,0.7,1100000.0,6190.0,461000.0,1.0,True,0.01,0.95,10.0,39600.0,0.938,0.139
1039,1 - 1 - 2022,19800.0,1.1532562594670797,1.0,1.3335216533675034,0.000787,0.000630957,0.001,0.844,0.8,0.9,0.751,0.7,0.8,884000.0,5550.0,307000.0,1.0,True,0.01,0.95,10.0,39600.0,0.938,0.139
1040,1 - 1 - 2022,19800.0,1.161895003862225,1.0,1.3335216533675034,0.000781,0.000630957,0.001,0.846,0.8,0.9,0.855,0.8,0.9,477000.0,4070.0,131000.0,1.0,True,0.01,0.95,10.0,39600.0,0.938,0.139
1041,1 - 1 - 2022,19800.0,1.1575836902790226,1.0,1.3335216533675034,0.00083,0.000630957,0.001,0.846,0.8,0.9,0.949,0.9,1.0,315000.0,3310.0,115000.0,1.0,True,0.01,0.95,10.0,39600.0,0.938,0.139
1042,1 - 1 - 2022,19800.0,1.1532562594670797,1.0,1.3335216533675034,0.000814,0.000630957,0.001,0.849,0.8,0.9,1.16,1.0,1.5,99900.0,834.0,38400.0,1.0,True,0.01,0.95,10.0,39600.0,0.938,0.139
1043,1 - 1 - 2022,19800.0,1.1445523142259597,1.0,1.3335216533675034,0.000765,0.000630957,0.001,0.827,0.8,0.9,1.64,1.5,2.0,9220.0,253.0,3070.0,1.0,True,0.01,0.95,10.0,39600.0,0.938,0.139
1044,1 - 1 - 2022,19800.0,1.2041594578792296,1.0,1.3335216533675034,0.000767,0.000630957,0.001,0.862,0.8,0.9,2.08,2.0,4.0,1150.0,44.8,0.0,1.0,True,0.01,0.95,10.0,39600.0,0.938,0.139
1045,1 - 1 - 2022,19800.0,1.1224972160321824,1.0,1.3335216533675034,0.000878,0.000630957,0.001,0.926,0.9,1.0,0.0288,0.0,0.05,76900.0,2310.0,30800.0,1.0,True,0.01,0.95,10.0,39600.0,0.938,0.139
1046,1 - 1 - 2022,19800.0,1.1489125293076057,1.0,1.3335216533675034,0.000751,0.000630957,0.001,0.932,0.9,1.0,0.0807,0.05,0.1,138000.0,3100.0,30700.0,1.0,True,0.01,0.95,10.0,39600.0,0.938,0.139
1047,1 - 1 - 2022,19800.0,1.131370849898476,1.0,1.3335216533675034,0.00079,0.000630957,0.001,0.935,0.9,1.0,0.15,0.1,0.2,323000.0,3350.0,84600.0,1.0,True,0.01,0.95,10.0,39600.0,0.938,0.139
1048,1 - 1 - 2022,19800.0,1.140175425099138,1.0,1.3335216533675034,0.000801,0.000630957,0.001,0.933,0.9,1.0,0.252,0.2,0.3,523000.0,4270.0,138000.0,1.0,True,0.01,0.95,10.0,39600.0,0.938,0.139
1049,1 - 1 - 2022,19800.0,1.1445523142259597,1.0,1.3335216533675034,0.000809,0.000630957,0.001,0.932,0.9,1.0,0.354,0.3,0.4,561000.0,4420.0,184000.0,1.0,True,0.01,0.95,10.0,39600.0,0.938,0.139
1050,1 - 1 - 2022,19800.0,1.1489125293076057,1.0,1.3335216533675034,0.000803,0.000630957,0.001,0.932,0.9,1.0,0.445,0.4,0.5,500000.0,4170.0,223000.0,1.0,True,0.01,0.95,10.0,39600.0,0.938,0.139
1051,1 - 1 - 2022,19800.0,1.1661903789690602,1.0,1.3335216533675034,0.000804,0.000630957,0.001,0.931,0.9,1.0,0.547,0.5,0.6,323000.0,3350.0,92200.0,1.0,True,0.01,0.95,10.0,39600.0,0.938,0.139
1052,1 - 1 - 2022,19800.0,1.1575836902790226,1.0,1.3335216533675034,0.000803,0.000630957,0.001,0.926,0.9,1.0,0.653,0.6,0.7,346000.0,3470.0,154000.0,1.0,True,0.01,0.95,10.0,39600.0,0.938,0.139
1053,1 - 1 - 2022,19800.0,1.140175425099138,1.0,1.3335216533675034,0.000796,0.000630957,0.001,0.93,0.9,1.0,0.747,0.7,0.8,208000.0,2690.0,76900.0,1.0,True,0.01,0.95,10.0,39600.0,0.938,0.139
1054,1 - 1 - 2022,19800.0,1.1445523142259597,1.0,1.3335216533675034,0.000808,0.000630957,0.001,0.93,0.9,1.0,0.845,0.8,0.9,184000.0,2530.0,61500.0,1.0,True,0.01,0.95,10.0,39600.0,0.938,0.139
1055,1 - 1 - 2022,19800.0,1.1704699910719625,1.0,1.3335216533675034,0.00074,0.000630957,0.001,0.947,0.9,1.0,0.948,0.9,1.0,76900.0,1640.0,15400.0,1.0,True,0.01,0.95,10.0,39600.0,0.938,0.139
1056,1 - 1 - 2022,19800.0,1.1661903789690602,1.0,1.3335216533675034,0.000796,0.000630957,0.001,0.926,0.9,1.0,1.1,1.0,1.5,29200.0,451.0,10800.0,1.0,True,0.01,0.95,10.0,39600.0,0.938,0.139
1057,1 - 1 - 2022,19800.0,1.1489125293076057,1.0,1.3335216533675034,0.000773,0.000630957,0.001,0.937,0.9,1.0,1.69,1.5,2.0,6150.0,207.0,1540.0,1.0,True,0.01,0.95,10.0,39600.0,0.938,0.139
1058,1 - 1 - 2022,19800.0,1.174734012447073,1.0,1.3335216533675034,0.00123,0.001,0.00158489,0.0362,0.0,0.05,0.081,0.05,0.1,29800000.0,51200.0,27400000.0,1.0,True,0.01,0.95,10.0,39600.0,0.938,0.139
1059,1 - 1 - 2022,19800.0,1.161895003862225,1.0,1.3335216533675034,0.00125,0.001,0.00158489,0.0307,0.0,0.05,0.158,0.1,0.2,111000000.0,69900.0,76600000.0,1.0,True,0.01,0.95,10.0,39600.0,0.938,0.139
1060,1 - 1 - 2022,19800.0,1.161895003862225,1.0,1.3335216533675034,0.00125,0.001,0.00158489,0.0273,0.0,0.05,0.251,0.2,0.3,185000000.0,90300.0,95200000.0,1.0,True,0.01,0.95,10.0,39600.0,0.938,0.139
1061,1 - 1 - 2022,19800.0,1.1575836902790226,1.0,1.3335216533675034,0.00125,0.001,0.00158489,0.0259,0.0,0.05,0.35,0.3,0.4,197000000.0,93000.0,87300000.0,1.0,True,0.01,0.95,10.0,39600.0,0.938,0.139
1062,1 - 1 - 2022,19800.0,1.1575836902790226,1.0,1.3335216533675034,0.00125,0.001,0.00158489,0.0257,0.0,0.05,0.448,0.4,0.5,174000000.0,87500.0,73600000.0,1.0,True,0.01,0.95,10.0,39600.0,0.938,0.139
1063,1 - 1 - 2022,19800.0,1.1575836902790226,1.0,1.3335216533675034,0.00125,0.001,0.00158489,0.0258,0.0,0.05,0.548,0.5,0.6,135000000.0,77100.0,54700000.0,1.0,True,0.01,0.95,10.0,39600.0,0.938,0.139
1064,1 - 1 - 2022,19800.0,1.161895003862225,1.0,1.3335216533675034,0.00125,0.001,0.00158489,0.0258,0.0,0.05,0.647,0.6,0.7,95300000.0,64700.0,39400000.0,1.0,True,0.01,0.95,10.0,39600.0,0.938,0.139
1065,1 - 1 - 2022,19800.0,1.161895003862225,1.0,1.3335216533675034,0.00125,0.001,0.00158489,0.0263,0.0,0.05,0.746,0.7,0.8,61800000.0,52100.0,25600000.0,1.0,True,0.01,0.95,10.0,39600.0,0.938,0.139
1066,1 - 1 - 2022,19800.0,1.161895003862225,1.0,1.3335216533675034,0.00125,0.001,0.00158489,0.0273,0.0,0.05,0.846,0.8,0.9,38700000.0,41200.0,15600000.0,1.0,True,0.01,0.95,10.0,39600.0,0.938,0.139
1067,1 - 1 - 2022,19800.0,1.161895003862225,1.0,1.3335216533675034,0.00125,0.001,0.00158489,0.0277,0.0,0.05,0.945,0.9,1.0,23900000.0,32400.0,10300000.0,1.0,True,0.01,0.95,10.0,39600.0,0.938,0.139
1068,1 - 1 - 2022,19800.0,1.1661903789690602,1.0,1.3335216533675034,0.00125,0.001,0.00158489,0.0294,0.0,0.05,1.15,1.0,1.5,6130000.0,7340.0,2530000.0,1.0,True,0.01,0.95,10.0,39600.0,0.938,0.139
1069,1 - 1 - 2022,19800.0,1.1704699910719625,1.0,1.3335216533675034,0.00126,0.001,0.00158489,0.0346,0.0,0.05,1.66,1.5,2.0,512000.0,2120.0,198000.0,1.0,True,0.01,0.95,10.0,39600.0,0.938,0.139
1070,1 - 1 - 2022,19800.0,1.1916375287812984,1.0,1.3335216533675034,0.00125,0.001,0.00158489,0.0368,0.0,0.05,2.25,2.0,4.0,16500.0,190.0,7270.0,1.0,True,0.01,0.95,10.0,39600.0,0.938,0.139
1071,1 - 1 - 2022,19800.0,1.1575836902790226,1.0,1.3335216533675034,0.00127,0.001,0.00158489,0.0731,0.05,0.1,0.0775,0.05,0.1,40100000.0,59400.0,40000000.0,1.0,True,0.01,0.95,10.0,39600.0,0.938,0.139
1072,1 - 1 - 2022,19800.0,1.1489125293076057,1.0,1.3335216533675034,0.00127,0.001,0.00158489,0.0719,0.05,0.1,0.154,0.1,0.2,79100000.0,59000.0,77500000.0,1.0,True,0.01,0.95,10.0,39600.0,0.938,0.139
1073,1 - 1 - 2022,19800.0,1.1489125293076057,1.0,1.3335216533675034,0.00127,0.001,0.00158489,0.0721,0.05,0.1,0.251,0.2,0.3,104000000.0,67400.0,96400000.0,1.0,True,0.01,0.95,10.0,39600.0,0.938,0.139
1074,1 - 1 - 2022,19800.0,1.1489125293076057,1.0,1.3335216533675034,0.00127,0.001,0.00158489,0.0721,0.05,0.1,0.35,0.3,0.4,104000000.0,67600.0,84900000.0,1.0,True,0.01,0.95,10.0,39600.0,0.938,0.139
1075,1 - 1 - 2022,19800.0,1.1489125293076057,1.0,1.3335216533675034,0.00127,0.001,0.00158489,0.0722,0.05,0.1,0.449,0.4,0.5,90000000.0,62900.0,58100000.0,1.0,True,0.01,0.95,10.0,39600.0,0.938,0.139
1076,1 - 1 - 2022,19800.0,1.1489125293076057,1.0,1.3335216533675034,0.00127,0.001,0.00158489,0.0728,0.05,0.1,0.547,0.5,0.6,71600000.0,56100.0,33300000.0,1.0,True,0.01,0.95,10.0,39600.0,0.938,0.139
1077,1 - 1 - 2022,19800.0,1.1532562594670797,1.0,1.3335216533675034,0.00127,0.001,0.00158489,0.0724,0.05,0.1,0.647,0.6,0.7,51400000.0,47500.0,17000000.0,1.0,True,0.01,0.95,10.0,39600.0,0.938,0.139
1078,1 - 1 - 2022,19800.0,1.1532562594670797,1.0,1.3335216533675034,0.00126,0.001,0.00158489,0.0723,0.05,0.1,0.747,0.7,0.8,36100000.0,39800.0,9240000.0,1.0,True,0.01,0.95,10.0,39600.0,0.938,0.139
1079,1 - 1 - 2022,19800.0,1.1532562594670797,1.0,1.3335216533675034,0.00127,0.001,0.00158489,0.0725,0.05,0.1,0.846,0.8,0.9,24800000.0,33000.0,6290000.0,1.0,True,0.01,0.95,10.0,39600.0,0.938,0.139
1080,1 - 1 - 2022,19800.0,1.1532562594670797,1.0,1.3335216533675034,0.00127,0.001,0.00158489,0.0726,0.05,0.1,0.947,0.9,1.0,16100000.0,26600.0,3870000.0,1.0,True,0.01,0.95,10.0,39600.0,0.938,0.139
1081,1 - 1 - 2022,19800.0,1.1575836902790226,1.0,1.3335216533675034,0.00126,0.001,0.00158489,0.073,0.05,0.1,1.17,1.0,1.5,4860000.0,6540.0,1080000.0,1.0,True,0.01,0.95,10.0,39600.0,0.938,0.139
1082,1 - 1 - 2022,19800.0,1.161895003862225,1.0,1.3335216533675034,0.00125,0.001,0.00158489,0.0752,0.05,0.1,1.68,1.5,2.0,658000.0,2400.0,145000.0,1.0,True,0.01,0.95,10.0,39600.0,0.938,0.139
1083,1 - 1 - 2022,19800.0,1.1789826122551597,1.0,1.3335216533675034,0.00125,0.001,0.00158489,0.0756,0.05,0.1,2.37,2.0,4.0,36400.0,283.0,4850.0,1.0,True,0.01,0.95,10.0,39600.0,0.938,0.139
1084,1 - 1 - 2022,19800.0,1.1445523142259597,1.0,1.3335216533675034,0.00127,0.001,0.00158489,0.123,0.1,0.15,0.0777,0.05,0.1,25500000.0,47300.0,25200000.0,1.0,True,0.01,0.95,10.0,39600.0,0.938,0.139
1085,1 - 1 - 2022,19800.0,1.1532562594670797,1.0,1.3335216533675034,0.00127,0.001,0.00158489,0.123,0.1,0.15,0.154,0.1,0.2,43900000.0,43900.0,40400000.0,1.0,True,0.01,0.95,10.0,39600.0,0.938,0.139
1086,1 - 1 - 2022,19800.0,1.1489125293076057,1.0,1.3335216533675034,0.00127,0.001,0.00158489,0.123,0.1,0.15,0.251,0.2,0.3,57400000.0,50200.0,51800000.0,1.0,True,0.01,0.95,10.0,39600.0,0.938,0.139
1087,1 - 1 - 2022,19800.0,1.1532562594670797,1.0,1.3335216533675034,0.00127,0.001,0.00158489,0.123,0.1,0.15,0.349,0.3,0.4,59400000.0,51100.0,53900000.0,1.0,True,0.01,0.95,10.0,39600.0,0.938,0.139
1088,1 - 1 - 2022,19800.0,1.1489125293076057,1.0,1.3335216533675034,0.00127,0.001,0.00158489,0.123,0.1,0.15,0.448,0.4,0.5,53500000.0,48500.0,48200000.0,1.0,True,0.01,0.95,10.0,39600.0,0.938,0.139
1089,1 - 1 - 2022,19800.0,1.1489125293076057,1.0,1.3335216533675034,0.00127,0.001,0.00158489,0.123,0.1,0.15,0.548,0.5,0.6,43200000.0,43600.0,36300000.0,1.0,True,0.01,0.95,10.0,39600.0,0.938,0.139
1090,1 - 1 - 2022,19800.0,1.1489125293076057,1.0,1.3335216533675034,0.00126,0.001,0.00158489,0.123,0.1,0.15,0.648,0.6,0.7,32400000.0,37800.0,22900000.0,1.0,True,0.01,0.95,10.0,39600.0,0.938,0.139
1091,1 - 1 - 2022,19800.0,1.1489125293076057,1.0,1.3335216533675034,0.00126,0.001,0.00158489,0.123,0.1,0.15,0.747,0.7,0.8,23100000.0,31900.0,12200000.0,1.0,True,0.01,0.95,10.0,39600.0,0.938,0.139
1092,1 - 1 - 2022,19800.0,1.1532562594670797,1.0,1.3335216533675034,0.00126,0.001,0.00158489,0.123,0.1,0.15,0.847,0.8,0.9,16200000.0,26700.0,6240000.0,1.0,True,0.01,0.95,10.0,39600.0,0.938,0.139
1093,1 - 1 - 2022,19800.0,1.1575836902790226,1.0,1.3335216533675034,0.00126,0.001,0.00158489,0.124,0.1,0.15,0.947,0.9,1.0,10300000.0,21300.0,2940000.0,1.0,True,0.01,0.95,10.0,39600.0,0.938,0.139
1094,1 - 1 - 2022,19800.0,1.1575836902790226,1.0,1.3335216533675034,0.00126,0.001,0.00158489,0.123,0.1,0.15,1.17,1.0,1.5,3410000.0,5470.0,718000.0,1.0,True,0.01,0.95,10.0,39600.0,0.938,0.139
1095,1 - 1 - 2022,19800.0,1.1532562594670797,1.0,1.3335216533675034,0.00125,0.001,0.00158489,0.123,0.1,0.15,1.7,1.5,2.0,605000.0,2310.0,126000.0,1.0,True,0.01,0.95,10.0,39600.0,0.938,0.139
1096,1 - 1 - 2022,19800.0,1.1489125293076057,1.0,1.3335216533675034,0.00126,0.001,0.00158489,0.127,0.1,0.15,2.37,2.0,4.0,39800.0,296.0,8730.0,1.0,True,0.01,0.95,10.0,39600.0,0.938,0.139
1097,1 - 1 - 2022,19800.0,1.1532562594670797,1.0,1.3335216533675034,0.00126,0.001,0.00158489,0.173,0.15,0.2,0.0775,0.05,0.1,16200000.0,37700.0,15800000.0,1.0,True,0.01,0.95,10.0,39600.0,0.938,0.139
1098,1 - 1 - 2022,19800.0,1.1532562594670797,1.0,1.3335216533675034,0.00127,0.001,0.00158489,0.173,0.15,0.2,0.154,0.1,0.2,29400000.0,35900.0,26600000.0,1.0,True,0.01,0.95,10.0,39600.0,0.938,0.139
1099,1 - 1 - 2022,19800.0,1.1489125293076057,1.0,1.3335216533675034,0.00127,0.001,0.00158489,0.174,0.15,0.2,0.251,0.2,0.3,37800000.0,40700.0,30300000.0,1.0,True,0.01,0.95,10.0,39600.0,0.938,0.139
1100,1 - 1 - 2022,19800.0,1.1489125293076057,1.0,1.3335216533675034,0.00126,0.001,0.00158489,0.173,0.15,0.2,0.35,0.3,0.4,39000000.0,41400.0,30900000.0,1.0,True,0.01,0.95,10.0,39600.0,0.938,0.139
1101,1 - 1 - 2022,19800.0,1.1532562594670797,1.0,1.3335216533675034,0.00127,0.001,0.00158489,0.174,0.15,0.2,0.45,0.4,0.5,34000000.0,38600.0,25000000.0,1.0,True,0.01,0.95,10.0,39600.0,0.938,0.139
1102,1 - 1 - 2022,19800.0,1.1489125293076057,1.0,1.3335216533675034,0.00127,0.001,0.00158489,0.174,0.15,0.2,0.548,0.5,0.6,28600000.0,35500.0,20400000.0,1.0,True,0.01,0.95,10.0,39600.0,0.938,0.139
1103,1 - 1 - 2022,19800.0,1.1489125293076057,1.0,1.3335216533675034,0.00127,0.001,0.00158489,0.174,0.15,0.2,0.647,0.6,0.7,21200000.0,30500.0,14400000.0,1.0,True,0.01,0.95,10.0,39600.0,0.938,0.139
1104,1 - 1 - 2022,19800.0,1.1489125293076057,1.0,1.3335216533675034,0.00127,0.001,0.00158489,0.174,0.15,0.2,0.748,0.7,0.8,15800000.0,26300.0,9410000.0,1.0,True,0.01,0.95,10.0,39600.0,0.938,0.139
1105,1 - 1 - 2022,19800.0,1.1532562594670797,1.0,1.3335216533675034,0.00126,0.001,0.00158489,0.174,0.15,0.2,0.847,0.8,0.9,10700000.0,21700.0,5250000.0,1.0,True,0.01,0.95,10.0,39600.0,0.938,0.139
1106,1 - 1 - 2022,19800.0,1.1575836902790226,1.0,1.3335216533675034,0.00127,0.001,0.00158489,0.172,0.15,0.2,0.948,0.9,1.0,7500000.0,18100.0,3110000.0,1.0,True,0.01,0.95,10.0,39600.0,0.938,0.139
1107,1 - 1 - 2022,19800.0,1.161895003862225,1.0,1.3335216533675034,0.00126,0.001,0.00158489,0.174,0.15,0.2,1.18,1.0,1.5,2660000.0,4830.0,696000.0,1.0,True,0.01,0.95,10.0,39600.0,0.938,0.139
1108,1 - 1 - 2022,19800.0,1.161895003862225,1.0,1.3335216533675034,0.00128,0.001,0.00158489,0.174,0.15,0.2,1.67,1.5,2.0,495000.0,2080.0,101000.0,1.0,True,0.01,0.95,10.0,39600.0,0.938,0.139
1109,1 - 1 - 2022,19800.0,1.1832159566199232,1.0,1.3335216533675034,0.00127,0.001,0.00158489,0.172,0.15,0.2,2.32,2.0,4.0,28600.0,251.0,3390.0,1.0,True,0.01,0.95,10.0,39600.0,0.938,0.139
1110,1 - 1 - 2022,19800.0,1.1489125293076057,1.0,1.3335216533675034,0.00126,0.001,0.00158489,0.224,0.2,0.25,0.0774,0.05,0.1,11400000.0,31600.0,11300000.0,1.0,True,0.01,0.95,10.0,39600.0,0.938,0.139
1111,1 - 1 - 2022,19800.0,1.1532562594670797,1.0,1.3335216533675034,0.00127,0.001,0.00158489,0.223,0.2,0.25,0.153,0.1,0.2,19100000.0,29000.0,17900000.0,1.0,True,0.01,0.95,10.0,39600.0,0.938,0.139
1112,1 - 1 - 2022,19800.0,1.1445523142259597,1.0,1.3335216533675034,0.00127,0.001,0.00158489,0.224,0.2,0.25,0.251,0.2,0.3,26200000.0,33900.0,20200000.0,1.0,True,0.01,0.95,10.0,39600.0,0.938,0.139
1113,1 - 1 - 2022,19800.0,1.1489125293076057,1.0,1.3335216533675034,0.00127,0.001,0.00158489,0.224,0.2,0.25,0.349,0.3,0.4,26900000.0,34400.0,19800000.0,1.0,True,0.01,0.95,10.0,39600.0,0.938,0.139
1114,1 - 1 - 2022,19800.0,1.1532562594670797,1.0,1.3335216533675034,0.00127,0.001,0.00158489,0.224,0.2,0.25,0.448,0.4,0.5,23900000.0,32400.0,16100000.0,1.0,True,0.01,0.95,10.0,39600.0,0.938,0.139
1115,1 - 1 - 2022,19800.0,1.1489125293076057,1.0,1.3335216533675034,0.00126,0.001,0.00158489,0.224,0.2,0.25,0.548,0.5,0.6,20300000.0,29800.0,12000000.0,1.0,True,0.01,0.95,10.0,39600.0,0.938,0.139
1116,1 - 1 - 2022,19800.0,1.1532562594670797,1.0,1.3335216533675034,0.00127,0.001,0.00158489,0.224,0.2,0.25,0.649,0.6,0.7,15600000.0,26100.0,7670000.0,1.0,True,0.01,0.95,10.0,39600.0,0.938,0.139
1117,1 - 1 - 2022,19800.0,1.1489125293076057,1.0,1.3335216533675034,0.00127,0.001,0.00158489,0.224,0.2,0.25,0.749,0.7,0.8,11000000.0,22000.0,4940000.0,1.0,True,0.01,0.95,10.0,39600.0,0.938,0.139
1118,1 - 1 - 2022,19800.0,1.1532562594670797,1.0,1.3335216533675034,0.00127,0.001,0.00158489,0.224,0.2,0.25,0.846,0.8,0.9,7790000.0,18500.0,2960000.0,1.0,True,0.01,0.95,10.0,39600.0,0.938,0.139
1119,1 - 1 - 2022,19800.0,1.1532562594670797,1.0,1.3335216533675034,0.00128,0.001,0.00158489,0.225,0.2,0.25,0.947,0.9,1.0,4880000.0,14600.0,1730000.0,1.0,True,0.01,0.95,10.0,39600.0,0.938,0.139
1120,1 - 1 - 2022,19800.0,1.1575836902790226,1.0,1.3335216533675034,0.00126,0.001,0.00158489,0.224,0.2,0.25,1.18,1.0,1.5,2090000.0,4280.0,522000.0,1.0,True,0.01,0.95,10.0,39600.0,0.938,0.139
1121,1 - 1 - 2022,19800.0,1.1661903789690602,1.0,1.3335216533675034,0.00125,0.001,0.00158489,0.225,0.2,0.25,1.7,1.5,2.0,413000.0,1910.0,91200.0,1.0,True,0.01,0.95,10.0,39600.0,0.938,0.139
1122,1 - 1 - 2022,19800.0,1.161895003862225,1.0,1.3335216533675034,0.00126,0.001,0.00158489,0.223,0.2,0.25,2.37,2.0,4.0,34400.0,275.0,7270.0,1.0,True,0.01,0.95,10.0,39600.0,0.938,0.139
1123,1 - 1 - 2022,19800.0,1.1445523142259597,1.0,1.3335216533675034,0.00126,0.001,0.00158489,0.274,0.25,0.3,0.153,0.1,0.2,14400000.0,25100.0,13200000.0,1.0,True,0.01,0.95,10.0,39600.0,0.938,0.139
1124,1 - 1 - 2022,19800.0,1.1489125293076057,1.0,1.3335216533675034,0.00127,0.001,0.00158489,0.274,0.25,0.3,0.251,0.2,0.3,18200000.0,28300.0,13200000.0,1.0,True,0.01,0.95,10.0,39600.0,0.938,0.139
1125,1 - 1 - 2022,19800.0,1.1489125293076057,1.0,1.3335216533675034,0.00127,0.001,0.00158489,0.273,0.25,0.3,0.35,0.3,0.4,19100000.0,29000.0,13800000.0,1.0,True,0.01,0.95,10.0,39600.0,0.938,0.139
1126,1 - 1 - 2022,19800.0,1.1489125293076057,1.0,1.3335216533675034,0.00127,0.001,0.00158489,0.274,0.25,0.3,0.449,0.4,0.5,17500000.0,27700.0,11300000.0,1.0,True,0.01,0.95,10.0,39600.0,0.938,0.139
1127,1 - 1 - 2022,19800.0,1.1489125293076057,1.0,1.3335216533675034,0.00126,0.001,0.00158489,0.274,0.25,0.3,0.548,0.5,0.6,14400000.0,25200.0,8120000.0,1.0,True,0.01,0.95,10.0,39600.0,0.938,0.139
1128,1 - 1 - 2022,19800.0,1.1489125293076057,1.0,1.3335216533675034,0.00126,0.001,0.00158489,0.274,0.25,0.3,0.647,0.6,0.7,10500000.0,21500.0,5390000.0,1.0,True,0.01,0.95,10.0,39600.0,0.938,0.139
1129,1 - 1 - 2022,19800.0,1.1489125293076057,1.0,1.3335216533675034,0.00127,0.001,0.00158489,0.274,0.25,0.3,0.747,0.7,0.8,8040000.0,18800.0,3300000.0,1.0,True,0.01,0.95,10.0,39600.0,0.938,0.139
1130,1 - 1 - 2022,19800.0,1.1489125293076057,1.0,1.3335216533675034,0.00127,0.001,0.00158489,0.274,0.25,0.3,0.847,0.8,0.9,6050000.0,16300.0,2090000.0,1.0,True,0.01,0.95,10.0,39600.0,0.938,0.139
1131,1 - 1 - 2022,19800.0,1.1575836902790226,1.0,1.3335216533675034,0.00126,0.001,0.00158489,0.273,0.25,0.3,0.948,0.9,1.0,4480000.0,14000.0,1310000.0,1.0,True,0.01,0.95,10.0,39600.0,0.938,0.139
1132,1 - 1 - 2022,19800.0,1.1575836902790226,1.0,1.3335216533675034,0.00128,0.001,0.00158489,0.273,0.25,0.3,1.17,1.0,1.5,1720000.0,3890.0,421000.0,1.0,True,0.01,0.95,10.0,39600.0,0.938,0.139
1133,1 - 1 - 2022,19800.0,1.161895003862225,1.0,1.3335216533675034,0.00125,0.001,0.00158489,0.273,0.25,0.3,1.71,1.5,2.0,338000.0,1720.0,75600.0,1.0,True,0.01,0.95,10.0,39600.0,0.938,0.139
1134,1 - 1 - 2022,19800.0,1.161895003862225,1.0,1.3335216533675034,0.00128,0.001,0.00158489,0.272,0.25,0.3,2.4,2.0,4.0,32500.0,267.0,7760.0,1.0,True,0.01,0.95,10.0,39600.0,0.938,0.139
1135,1 - 1 - 2022,19800.0,1.1357816691600546,1.0,1.3335216533675034,0.00126,0.001,0.00158489,0.348,0.3,0.4,0.0335,0.0,0.05,1730000.0,8710.0,1640000.0,1.0,True,0.01,0.95,10.0,39600.0,0.938,0.139
1136,1 - 1 - 2022,19800.0,1.161895003862225,1.0,1.3335216533675034,0.00126,0.001,0.00158489,0.35,0.3,0.4,0.077,0.05,0.1,5110000.0,15000.0,4390000.0,1.0,True,0.01,0.95,10.0,39600.0,0.938,0.139
1137,1 - 1 - 2022,19800.0,1.1489125293076057,1.0,1.3335216533675034,0.00127,0.001,0.00158489,0.348,0.3,0.4,0.154,0.1,0.2,9370000.0,14300.0,6990000.0,1.0,True,0.01,0.95,10.0,39600.0,0.938,0.139
1138,1 - 1 - 2022,19800.0,1.1489125293076057,1.0,1.3335216533675034,0.00126,0.001,0.00158489,0.346,0.3,0.4,0.251,0.2,0.3,12600000.0,16600.0,8750000.0,1.0,True,0.01,0.95,10.0,39600.0,0.938,0.139
1139,1 - 1 - 2022,19800.0,1.1489125293076057,1.0,1.3335216533675034,0.00126,0.001,0.00158489,0.346,0.3,0.4,0.35,0.3,0.4,13300000.0,17100.0,9820000.0,1.0,True,0.01,0.95,10.0,39600.0,0.938,0.139
1140,1 - 1 - 2022,19800.0,1.1489125293076057,1.0,1.3335216533675034,0.00127,0.001,0.00158489,0.346,0.3,0.4,0.45,0.4,0.5,11700000.0,16000.0,7340000.0,1.0,True,0.01,0.95,10.0,39600.0,0.938,0.139
1141,1 - 1 - 2022,19800.0,1.1489125293076057,1.0,1.3335216533675034,0.00127,0.001,0.00158489,0.346,0.3,0.4,0.548,0.5,0.6,9780000.0,14700.0,5370000.0,1.0,True,0.01,0.95,10.0,39600.0,0.938,0.139
1142,1 - 1 - 2022,19800.0,1.1489125293076057,1.0,1.3335216533675034,0.00127,0.001,0.00158489,0.346,0.3,0.4,0.649,0.6,0.7,7240000.0,12600.0,3640000.0,1.0,True,0.01,0.95,10.0,39600.0,0.938,0.139
1143,1 - 1 - 2022,19800.0,1.1532562594670797,1.0,1.3335216533675034,0.00127,0.001,0.00158489,0.345,0.3,0.4,0.748,0.7,0.8,5410000.0,10900.0,2230000.0,1.0,True,0.01,0.95,10.0,39600.0,0.938,0.139
1144,1 - 1 - 2022,19800.0,1.1489125293076057,1.0,1.3335216533675034,0.00126,0.001,0.00158489,0.347,0.3,0.4,0.846,0.8,0.9,3810000.0,9150.0,1480000.0,1.0,True,0.01,0.95,10.0,39600.0,0.938,0.139
1145,1 - 1 - 2022,19800.0,1.1445523142259597,1.0,1.3335216533675034,0.00126,0.001,0.00158489,0.345,0.3,0.4,0.946,0.9,1.0,2950000.0,8050.0,1010000.0,1.0,True,0.01,0.95,10.0,39600.0,0.938,0.139
1146,1 - 1 - 2022,19800.0,1.1532562594670797,1.0,1.3335216533675034,0.00126,0.001,0.00158489,0.345,0.3,0.4,1.18,1.0,1.5,1060000.0,2150.0,290000.0,1.0,True,0.01,0.95,10.0,39600.0,0.938,0.139
1147,1 - 1 - 2022,19800.0,1.161895003862225,1.0,1.3335216533675034,0.00128,0.001,0.00158489,0.344,0.3,0.4,1.7,1.5,2.0,206000.0,950.0,39800.0,1.0,True,0.01,0.95,10.0,39600.0,0.938,0.139
1148,1 - 1 - 2022,19800.0,1.1874342087037917,1.0,1.3335216533675034,0.00123,0.001,0.00158489,0.348,0.3,0.4,2.48,2.0,4.0,24000.0,162.0,4360.0,1.0,True,0.01,0.95,10.0,39600.0,0.938,0.139
1149,1 - 1 - 2022,19800.0,1.1489125293076057,1.0,1.3335216533675034,0.0013,0.001,0.00158489,0.447,0.4,0.5,0.0342,0.0,0.05,1440000.0,7940.0,679000.0,1.0,True,0.01,0.95,10.0,39600.0,0.938,0.139
1150,1 - 1 - 2022,19800.0,1.140175425099138,1.0,1.3335216533675034,0.00128,0.001,0.00158489,0.444,0.4,0.5,0.0781,0.05,0.1,3990000.0,13200.0,2200000.0,1.0,True,0.01,0.95,10.0,39600.0,0.938,0.139
1151,1 - 1 - 2022,19800.0,1.1489125293076057,1.0,1.3335216533675034,0.00127,0.001,0.00158489,0.445,0.4,0.5,0.153,0.1,0.2,6450000.0,11900.0,3510000.0,1.0,True,0.01,0.95,10.0,39600.0,0.938,0.139
1152,1 - 1 - 2022,19800.0,1.1489125293076057,1.0,1.3335216533675034,0.00127,0.001,0.00158489,0.447,0.4,0.5,0.25,0.2,0.3,7870000.0,13100.0,4990000.0,1.0,True,0.01,0.95,10.0,39600.0,0.938,0.139
1153,1 - 1 - 2022,19800.0,1.1489125293076057,1.0,1.3335216533675034,0.00127,0.001,0.00158489,0.446,0.4,0.5,0.349,0.3,0.4,8010000.0,13300.0,4860000.0,1.0,True,0.01,0.95,10.0,39600.0,0.938,0.139
1154,1 - 1 - 2022,19800.0,1.1489125293076057,1.0,1.3335216533675034,0.00126,0.001,0.00158489,0.446,0.4,0.5,0.449,0.4,0.5,7170000.0,12600.0,3990000.0,1.0,True,0.01,0.95,10.0,39600.0,0.938,0.139
1155,1 - 1 - 2022,19800.0,1.1489125293076057,1.0,1.3335216533675034,0.00127,0.001,0.00158489,0.446,0.4,0.5,0.546,0.5,0.6,6010000.0,11500.0,3210000.0,1.0,True,0.01,0.95,10.0,39600.0,0.938,0.139
1156,1 - 1 - 2022,19800.0,1.1489125293076057,1.0,1.3335216533675034,0.00127,0.001,0.00158489,0.446,0.4,0.5,0.647,0.6,0.7,4510000.0,9950.0,2100000.0,1.0,True,0.01,0.95,10.0,39600.0,0.938,0.139
1157,1 - 1 - 2022,19800.0,1.1489125293076057,1.0,1.3335216533675034,0.00127,0.001,0.00158489,0.446,0.4,0.5,0.747,0.7,0.8,3120000.0,8280.0,1430000.0,1.0,True,0.01,0.95,10.0,39600.0,0.938,0.139
1158,1 - 1 - 2022,19800.0,1.1445523142259597,1.0,1.3335216533675034,0.00127,0.001,0.00158489,0.447,0.4,0.5,0.845,0.8,0.9,2290000.0,7090.0,965000.0,1.0,True,0.01,0.95,10.0,39600.0,0.938,0.139
1159,1 - 1 - 2022,19800.0,1.1489125293076057,1.0,1.3335216533675034,0.00126,0.001,0.00158489,0.446,0.4,0.5,0.948,0.9,1.0,1430000.0,5610.0,451000.0,1.0,True,0.01,0.95,10.0,39600.0,0.938,0.139
1160,1 - 1 - 2022,19800.0,1.1489125293076057,1.0,1.3335216533675034,0.00127,0.001,0.00158489,0.444,0.4,0.5,1.18,1.0,1.5,603000.0,1630.0,184000.0,1.0,True,0.01,0.95,10.0,39600.0,0.938,0.139
1161,1 - 1 - 2022,19800.0,1.1489125293076057,1.0,1.3335216533675034,0.00127,0.001,0.00158489,0.447,0.4,0.5,1.7,1.5,2.0,115000.0,712.0,28100.0,1.0,True,0.01,0.95,10.0,39600.0,0.938,0.139
1162,1 - 1 - 2022,19800.0,1.1532562594670797,1.0,1.3335216533675034,0.00126,0.001,0.00158489,0.439,0.4,0.5,2.44,2.0,4.0,13100.0,120.0,2910.0,1.0,True,0.01,0.95,10.0,39600.0,0.938,0.139
1163,1 - 1 - 2022,19800.0,1.131370849898476,1.0,1.3335216533675034,0.00127,0.001,0.00158489,0.545,0.5,0.6,0.0345,0.0,0.05,863000.0,6160.0,398000.0,1.0,True,0.01,0.95,10.0,39600.0,0.938,0.139
1164,1 - 1 - 2022,19800.0,1.1445523142259597,1.0,1.3335216533675034,0.00127,0.001,0.00158489,0.545,0.5,0.6,0.0778,0.05,0.1,2570000.0,10600.0,1330000.0,1.0,True,0.01,0.95,10.0,39600.0,0.938,0.139
1165,1 - 1 - 2022,19800.0,1.1489125293076057,1.0,1.3335216533675034,0.00128,0.001,0.00158489,0.547,0.5,0.6,0.155,0.1,0.2,4080000.0,9470.0,2170000.0,1.0,True,0.01,0.95,10.0,39600.0,0.938,0.139
1166,1 - 1 - 2022,19800.0,1.1445523142259597,1.0,1.3335216533675034,0.00126,0.001,0.00158489,0.545,0.5,0.6,0.25,0.2,0.3,5330000.0,10800.0,2720000.0,1.0,True,0.01,0.95,10.0,39600.0,0.938,0.139
1167,1 - 1 - 2022,19800.0,1.1489125293076057,1.0,1.3335216533675034,0.00126,0.001,0.00158489,0.545,0.5,0.6,0.349,0.3,0.4,5170000.0,10700.0,2460000.0,1.0,True,0.01,0.95,10.0,39600.0,0.938,0.139
1168,1 - 1 - 2022,19800.0,1.1532562594670797,1.0,1.3335216533675034,0.00126,0.001,0.00158489,0.547,0.5,0.6,0.45,0.4,0.5,4510000.0,9960.0,1930000.0,1.0,True,0.01,0.95,10.0,39600.0,0.938,0.139
1169,1 - 1 - 2022,19800.0,1.140175425099138,1.0,1.3335216533675034,0.00126,0.001,0.00158489,0.546,0.5,0.6,0.548,0.5,0.6,3780000.0,9110.0,1840000.0,1.0,True,0.01,0.95,10.0,39600.0,0.938,0.139
1170,1 - 1 - 2022,19800.0,1.1532562594670797,1.0,1.3335216533675034,0.00127,0.001,0.00158489,0.544,0.5,0.6,0.647,0.6,0.7,2880000.0,7950.0,1310000.0,1.0,True,0.01,0.95,10.0,39600.0,0.938,0.139
1171,1 - 1 - 2022,19800.0,1.1532562594670797,1.0,1.3335216533675034,0.00126,0.001,0.00158489,0.546,0.5,0.6,0.746,0.7,0.8,1890000.0,6440.0,849000.0,1.0,True,0.01,0.95,10.0,39600.0,0.938,0.139
1172,1 - 1 - 2022,19800.0,1.1532562594670797,1.0,1.3335216533675034,0.00127,0.001,0.00158489,0.546,0.5,0.6,0.846,0.8,0.9,1310000.0,5370.0,495000.0,1.0,True,0.01,0.95,10.0,39600.0,0.938,0.139
1173,1 - 1 - 2022,19800.0,1.1532562594670797,1.0,1.3335216533675034,0.00125,0.001,0.00158489,0.547,0.5,0.6,0.947,0.9,1.0,931000.0,4520.0,349000.0,1.0,True,0.01,0.95,10.0,39600.0,0.938,0.139
1174,1 - 1 - 2022,19800.0,1.1532562594670797,1.0,1.3335216533675034,0.00126,0.001,0.00158489,0.546,0.5,0.6,1.18,1.0,1.5,376000.0,1290.0,119000.0,1.0,True,0.01,0.95,10.0,39600.0,0.938,0.139
1175,1 - 1 - 2022,19800.0,1.1575836902790226,1.0,1.3335216533675034,0.00129,0.001,0.00158489,0.546,0.5,0.6,1.69,1.5,2.0,103000.0,672.0,29100.0,1.0,True,0.01,0.95,10.0,39600.0,0.938,0.139
1176,1 - 1 - 2022,19800.0,1.1575836902790226,1.0,1.3335216533675034,0.00129,0.001,0.00158489,0.549,0.5,0.6,2.45,2.0,4.0,8240.0,95.2,1700.0,1.0,True,0.01,0.95,10.0,39600.0,0.938,0.139
1177,1 - 1 - 2022,19800.0,1.140175425099138,1.0,1.3335216533675034,0.00127,0.001,0.00158489,0.641,0.6,0.7,0.0365,0.0,0.05,369000.0,4020.0,233000.0,1.0,True,0.01,0.95,10.0,39600.0,0.938,0.139
1178,1 - 1 - 2022,19800.0,1.140175425099138,1.0,1.3335216533675034,0.00128,0.001,0.00158489,0.64,0.6,0.7,0.0784,0.05,0.1,1270000.0,7470.0,689000.0,1.0,True,0.01,0.95,10.0,39600.0,0.938,0.139
1179,1 - 1 - 2022,19800.0,1.1489125293076057,1.0,1.3335216533675034,0.00127,0.001,0.00158489,0.642,0.6,0.7,0.153,0.1,0.2,2070000.0,6740.0,863000.0,1.0,True,0.01,0.95,10.0,39600.0,0.938,0.139
1180,1 - 1 - 2022,19800.0,1.1489125293076057,1.0,1.3335216533675034,0.00127,0.001,0.00158489,0.643,0.6,0.7,0.252,0.2,0.3,2800000.0,7840.0,1130000.0,1.0,True,0.01,0.95,10.0,39600.0,0.938,0.139
1181,1 - 1 - 2022,19800.0,1.140175425099138,1.0,1.3335216533675034,0.00127,0.001,0.00158489,0.645,0.6,0.7,0.35,0.3,0.4,2850000.0,7910.0,1280000.0,1.0,True,0.01,0.95,10.0,39600.0,0.938,0.139
1182,1 - 1 - 2022,19800.0,1.1357816691600546,1.0,1.3335216533675034,0.00126,0.001,0.00158489,0.647,0.6,0.7,0.45,0.4,0.5,2330000.0,7160.0,1210000.0,1.0,True,0.01,0.95,10.0,39600.0,0.938,0.139
1183,1 - 1 - 2022,19800.0,1.140175425099138,1.0,1.3335216533675034,0.00127,0.001,0.00158489,0.646,0.6,0.7,0.544,0.5,0.6,2370000.0,7210.0,1120000.0,1.0,True,0.01,0.95,10.0,39600.0,0.938,0.139
1184,1 - 1 - 2022,19800.0,1.1445523142259597,1.0,1.3335216533675034,0.00127,0.001,0.00158489,0.644,0.6,0.7,0.649,0.6,0.7,1670000.0,6060.0,761000.0,1.0,True,0.01,0.95,10.0,39600.0,0.938,0.139
1185,1 - 1 - 2022,19800.0,1.1575836902790226,1.0,1.3335216533675034,0.00128,0.001,0.00158489,0.646,0.6,0.7,0.749,0.7,0.8,1320000.0,5380.0,480000.0,1.0,True,0.01,0.95,10.0,39600.0,0.938,0.139
1186,1 - 1 - 2022,19800.0,1.1532562594670797,1.0,1.3335216533675034,0.00127,0.001,0.00158489,0.647,0.6,0.7,0.845,0.8,0.9,844000.0,4310.0,378000.0,1.0,True,0.01,0.95,10.0,39600.0,0.938,0.139
1187,1 - 1 - 2022,19800.0,1.1704699910719625,1.0,1.3335216533675034,0.00125,0.001,0.00158489,0.647,0.6,0.7,0.944,0.9,1.0,543000.0,3450.0,218000.0,1.0,True,0.01,0.95,10.0,39600.0,0.938,0.139
1188,1 - 1 - 2022,19800.0,1.1532562594670797,1.0,1.3335216533675034,0.00126,0.001,0.00158489,0.644,0.6,0.7,1.18,1.0,1.5,221000.0,986.0,72700.0,1.0,True,0.01,0.95,10.0,39600.0,0.938,0.139
1189,1 - 1 - 2022,19800.0,1.1704699910719625,1.0,1.3335216533675034,0.00124,0.001,0.00158489,0.643,0.6,0.7,1.71,1.5,2.0,43600.0,438.0,9700.0,1.0,True,0.01,0.95,10.0,39600.0,0.938,0.139
1190,1 - 1 - 2022,19800.0,1.1789826122551597,1.0,1.3335216533675034,0.00122,0.001,0.00158489,0.633,0.6,0.7,2.34,2.0,4.0,5820.0,79.9,2420.0,1.0,True,0.01,0.95,10.0,39600.0,0.938,0.139
1191,1 - 1 - 2022,19800.0,1.140175425099138,1.0,1.3335216533675034,0.00125,0.001,0.00158489,0.75,0.7,0.8,0.0346,0.0,0.05,233000.0,3200.0,58200.0,1.0,True,0.01,0.95,10.0,39600.0,0.938,0.139
1192,1 - 1 - 2022,19800.0,1.1532562594670797,1.0,1.3335216533675034,0.0013,0.001,0.00158489,0.745,0.7,0.8,0.0799,0.05,0.1,669000.0,5420.0,184000.0,1.0,True,0.01,0.95,10.0,39600.0,0.938,0.139
1193,1 - 1 - 2022,19800.0,1.1445523142259597,1.0,1.3335216533675034,0.00128,0.001,0.00158489,0.747,0.7,0.8,0.155,0.1,0.2,1020000.0,4730.0,296000.0,1.0,True,0.01,0.95,10.0,39600.0,0.938,0.139
1194,1 - 1 - 2022,19800.0,1.140175425099138,1.0,1.3335216533675034,0.00128,0.001,0.00158489,0.749,0.7,0.8,0.255,0.2,0.3,1540000.0,5810.0,548000.0,1.0,True,0.01,0.95,10.0,39600.0,0.938,0.139
1195,1 - 1 - 2022,19800.0,1.1357816691600546,1.0,1.3335216533675034,0.00126,0.001,0.00158489,0.748,0.7,0.8,0.348,0.3,0.4,1860000.0,6400.0,786000.0,1.0,True,0.01,0.95,10.0,39600.0,0.938,0.139
1196,1 - 1 - 2022,19800.0,1.1489125293076057,1.0,1.3335216533675034,0.00128,0.001,0.00158489,0.748,0.7,0.8,0.452,0.4,0.5,1780000.0,6260.0,684000.0,1.0,True,0.01,0.95,10.0,39600.0,0.938,0.139
1197,1 - 1 - 2022,19800.0,1.1489125293076057,1.0,1.3335216533675034,0.00127,0.001,0.00158489,0.743,0.7,0.8,0.547,0.5,0.6,1380000.0,5500.0,621000.0,1.0,True,0.01,0.95,10.0,39600.0,0.938,0.139
1198,1 - 1 - 2022,19800.0,1.140175425099138,1.0,1.3335216533675034,0.00127,0.001,0.00158489,0.745,0.7,0.8,0.646,0.6,0.7,1140000.0,5000.0,456000.0,1.0,True,0.01,0.95,10.0,39600.0,0.938,0.139
1199,1 - 1 - 2022,19800.0,1.1489125293076057,1.0,1.3335216533675034,0.00127,0.001,0.00158489,0.745,0.7,0.8,0.749,0.7,0.8,834000.0,4280.0,383000.0,1.0,True,0.01,0.95,10.0,39600.0,0.938,0.139
1200,1 - 1 - 2022,19800.0,1.1532562594670797,1.0,1.3335216533675034,0.00127,0.001,0.00158489,0.749,0.7,0.8,0.845,0.8,0.9,446000.0,3130.0,184000.0,1.0,True,0.01,0.95,10.0,39600.0,0.938,0.139
1201,1 - 1 - 2022,19800.0,1.140175425099138,1.0,1.3335216533675034,0.00125,0.001,0.00158489,0.741,0.7,0.8,0.946,0.9,1.0,388000.0,2920.0,165000.0,1.0,True,0.01,0.95,10.0,39600.0,0.938,0.139
1202,1 - 1 - 2022,19800.0,1.1532562594670797,1.0,1.3335216533675034,0.00129,0.001,0.00158489,0.745,0.7,0.8,1.17,1.0,1.5,119000.0,724.0,38800.0,1.0,True,0.01,0.95,10.0,39600.0,0.938,0.139
1203,1 - 1 - 2022,19800.0,1.2083045973594573,1.0,1.3335216533675034,0.00126,0.001,0.00158489,0.744,0.7,0.8,1.71,1.5,2.0,21300.0,306.0,1940.0,1.0,True,0.01,0.95,10.0,39600.0,0.938,0.139
1204,1 - 1 - 2022,19800.0,1.1489125293076057,1.0,1.3335216533675034,0.0012,0.001,0.00158489,0.736,0.7,0.8,2.41,2.0,4.0,1940.0,46.2,242.0,1.0,True,0.01,0.95,10.0,39600.0,0.938,0.139
1205,1 - 1 - 2022,19800.0,1.1704699910719625,1.0,1.3335216533675034,0.00122,0.001,0.00158489,0.847,0.8,0.9,0.0301,0.0,0.05,58200.0,1600.0,19400.0,1.0,True,0.01,0.95,10.0,39600.0,0.938,0.139
1206,1 - 1 - 2022,19800.0,1.1357816691600546,1.0,1.3335216533675034,0.00126,0.001,0.00158489,0.842,0.8,0.9,0.0747,0.05,0.1,233000.0,3200.0,67900.0,1.0,True,0.01,0.95,10.0,39600.0,0.938,0.139
1207,1 - 1 - 2022,19800.0,1.1445523142259597,1.0,1.3335216533675034,0.00129,0.001,0.00158489,0.841,0.8,0.9,0.157,0.1,0.2,558000.0,3500.0,145000.0,1.0,True,0.01,0.95,10.0,39600.0,0.938,0.139
1208,1 - 1 - 2022,19800.0,1.1445523142259597,1.0,1.3335216533675034,0.00126,0.001,0.00158489,0.848,0.8,0.9,0.252,0.2,0.3,790000.0,4170.0,199000.0,1.0,True,0.01,0.95,10.0,39600.0,0.938,0.139
1209,1 - 1 - 2022,19800.0,1.1575836902790226,1.0,1.3335216533675034,0.00127,0.001,0.00158489,0.842,0.8,0.9,0.348,0.3,0.4,984000.0,4650.0,330000.0,1.0,True,0.01,0.95,10.0,39600.0,0.938,0.139
1210,1 - 1 - 2022,19800.0,1.1532562594670797,1.0,1.3335216533675034,0.00126,0.001,0.00158489,0.844,0.8,0.9,0.449,0.4,0.5,965000.0,4600.0,349000.0,1.0,True,0.01,0.95,10.0,39600.0,0.938,0.139
1211,1 - 1 - 2022,19800.0,1.1489125293076057,1.0,1.3335216533675034,0.00128,0.001,0.00158489,0.841,0.8,0.9,0.552,0.5,0.6,907000.0,4460.0,369000.0,1.0,True,0.01,0.95,10.0,39600.0,0.938,0.139
1212,1 - 1 - 2022,19800.0,1.1445523142259597,1.0,1.3335216533675034,0.0013,0.001,0.00158489,0.843,0.8,0.9,0.647,0.6,0.7,635000.0,3740.0,262000.0,1.0,True,0.01,0.95,10.0,39600.0,0.938,0.139
1213,1 - 1 - 2022,19800.0,1.1489125293076057,1.0,1.3335216533675034,0.00126,0.001,0.00158489,0.845,0.8,0.9,0.748,0.7,0.8,466000.0,3200.0,194000.0,1.0,True,0.01,0.95,10.0,39600.0,0.938,0.139
1214,1 - 1 - 2022,19800.0,1.140175425099138,1.0,1.3335216533675034,0.0013,0.001,0.00158489,0.85,0.8,0.9,0.844,0.8,0.9,286000.0,2510.0,145000.0,1.0,True,0.01,0.95,10.0,39600.0,0.938,0.139
1215,1 - 1 - 2022,19800.0,1.1532562594670797,1.0,1.3335216533675034,0.00128,0.001,0.00158489,0.848,0.8,0.9,0.945,0.9,1.0,238000.0,2280.0,77600.0,1.0,True,0.01,0.95,10.0,39600.0,0.938,0.139
1216,1 - 1 - 2022,19800.0,1.1489125293076057,1.0,1.3335216533675034,0.00129,0.001,0.00158489,0.844,0.8,0.9,1.17,1.0,1.5,66900.0,542.0,29100.0,1.0,True,0.01,0.95,10.0,39600.0,0.938,0.139
1217,1 - 1 - 2022,19800.0,1.1489125293076057,1.0,1.3335216533675034,0.0012,0.001,0.00158489,0.863,0.8,0.9,1.64,1.5,2.0,4850.0,146.0,970.0,1.0,True,0.01,0.95,10.0,39600.0,0.938,0.139
1218,1 - 1 - 2022,19800.0,1.140175425099138,1.0,1.3335216533675034,0.00117,0.001,0.00158489,0.819,0.8,0.9,2.51,2.0,4.0,1210.0,36.5,242.0,1.0,True,0.01,0.95,10.0,39600.0,0.938,0.139
1219,1 - 1 - 2022,19800.0,1.1357816691600546,1.0,1.3335216533675034,0.00131,0.001,0.00158489,0.92,0.9,1.0,0.0361,0.0,0.05,48500.0,1460.0,9700.0,1.0,True,0.01,0.95,10.0,39600.0,0.938,0.139
1220,1 - 1 - 2022,19800.0,1.1532562594670797,1.0,1.3335216533675034,0.0013,0.001,0.00158489,0.935,0.9,1.0,0.0769,0.05,0.1,126000.0,2350.0,19400.0,1.0,True,0.01,0.95,10.0,39600.0,0.938,0.139
1221,1 - 1 - 2022,19800.0,1.140175425099138,1.0,1.3335216533675034,0.00129,0.001,0.00158489,0.932,0.9,1.0,0.163,0.1,0.2,209000.0,2140.0,43600.0,1.0,True,0.01,0.95,10.0,39600.0,0.938,0.139
1222,1 - 1 - 2022,19800.0,1.131370849898476,1.0,1.3335216533675034,0.00124,0.001,0.00158489,0.926,0.9,1.0,0.249,0.2,0.3,242000.0,2310.0,77600.0,1.0,True,0.01,0.95,10.0,39600.0,0.938,0.139
1223,1 - 1 - 2022,19800.0,1.161895003862225,1.0,1.3335216533675034,0.00126,0.001,0.00158489,0.93,0.9,1.0,0.349,0.3,0.4,281000.0,2490.0,87300.0,1.0,True,0.01,0.95,10.0,39600.0,0.938,0.139
1224,1 - 1 - 2022,19800.0,1.1575836902790226,1.0,1.3335216533675034,0.00129,0.001,0.00158489,0.929,0.9,1.0,0.447,0.4,0.5,344000.0,2750.0,107000.0,1.0,True,0.01,0.95,10.0,39600.0,0.938,0.139
1225,1 - 1 - 2022,19800.0,1.1661903789690602,1.0,1.3335216533675034,0.00123,0.001,0.00158489,0.927,0.9,1.0,0.548,0.5,0.6,218000.0,2190.0,67900.0,1.0,True,0.01,0.95,10.0,39600.0,0.938,0.139
1226,1 - 1 - 2022,19800.0,1.1489125293076057,1.0,1.3335216533675034,0.00126,0.001,0.00158489,0.927,0.9,1.0,0.649,0.6,0.7,175000.0,1960.0,82400.0,1.0,True,0.01,0.95,10.0,39600.0,0.938,0.139
1227,1 - 1 - 2022,19800.0,1.140175425099138,1.0,1.3335216533675034,0.00126,0.001,0.00158489,0.928,0.9,1.0,0.741,0.7,0.8,170000.0,1930.0,67900.0,1.0,True,0.01,0.95,10.0,39600.0,0.938,0.139
1228,1 - 1 - 2022,19800.0,1.1357816691600546,1.0,1.3335216533675034,0.0012,0.001,0.00158489,0.927,0.9,1.0,0.848,0.8,0.9,53300.0,1080.0,33900.0,1.0,True,0.01,0.95,10.0,39600.0,0.938,0.139
1229,1 - 1 - 2022,19800.0,1.1357816691600546,1.0,1.3335216533675034,0.00129,0.001,0.00158489,0.928,0.9,1.0,0.948,0.9,1.0,43600.0,979.0,19400.0,1.0,True,0.01,0.95,10.0,39600.0,0.938,0.139
1230,1 - 1 - 2022,19800.0,1.104536101718726,1.0,1.3335216533675034,0.00126,0.001,0.00158489,0.926,0.9,1.0,1.14,1.0,1.5,7760.0,185.0,1940.0,1.0,True,0.01,0.95,10.0,39600.0,0.938,0.139
1231,1 - 1 - 2022,19800.0,1.1958260743101399,1.0,1.3335216533675034,0.00191,0.00158489,0.00251189,0.0409,0.0,0.05,0.0815,0.05,0.1,7020000.0,19700.0,6180000.0,1.0,True,0.01,0.95,10.0,39600.0,0.938,0.139
1232,1 - 1 - 2022,19800.0,1.174734012447073,1.0,1.3335216533675034,0.00195,0.00158489,0.00251189,0.0359,0.0,0.05,0.161,0.1,0.2,36600000.0,31900.0,26100000.0,1.0,True,0.01,0.95,10.0,39600.0,0.938,0.139
1233,1 - 1 - 2022,19800.0,1.1661903789690602,1.0,1.3335216533675034,0.00197,0.00158489,0.00251189,0.0322,0.0,0.05,0.252,0.2,0.3,74100000.0,45300.0,42100000.0,1.0,True,0.01,0.95,10.0,39600.0,0.938,0.139
1234,1 - 1 - 2022,19800.0,1.161895003862225,1.0,1.3335216533675034,0.00198,0.00158489,0.00251189,0.0305,0.0,0.05,0.35,0.3,0.4,83000000.0,48000.0,43700000.0,1.0,True,0.01,0.95,10.0,39600.0,0.938,0.139
1235,1 - 1 - 2022,19800.0,1.161895003862225,1.0,1.3335216533675034,0.00197,0.00158489,0.00251189,0.0299,0.0,0.05,0.448,0.4,0.5,73200000.0,45100.0,36000000.0,1.0,True,0.01,0.95,10.0,39600.0,0.938,0.139
1236,1 - 1 - 2022,19800.0,1.1661903789690602,1.0,1.3335216533675034,0.00197,0.00158489,0.00251189,0.0301,0.0,0.05,0.547,0.5,0.6,55900000.0,39400.0,27700000.0,1.0,True,0.01,0.95,10.0,39600.0,0.938,0.139
1237,1 - 1 - 2022,19800.0,1.161895003862225,1.0,1.3335216533675034,0.00197,0.00158489,0.00251189,0.0303,0.0,0.05,0.647,0.6,0.7,39100000.0,32900.0,19800000.0,1.0,True,0.01,0.95,10.0,39600.0,0.938,0.139
1238,1 - 1 - 2022,19800.0,1.161895003862225,1.0,1.3335216533675034,0.00198,0.00158489,0.00251189,0.031,0.0,0.05,0.746,0.7,0.8,25100000.0,26400.0,12900000.0,1.0,True,0.01,0.95,10.0,39600.0,0.938,0.139
1239,1 - 1 - 2022,19800.0,1.161895003862225,1.0,1.3335216533675034,0.00197,0.00158489,0.00251189,0.0314,0.0,0.05,0.846,0.8,0.9,15500000.0,20700.0,8380000.0,1.0,True,0.01,0.95,10.0,39600.0,0.938,0.139
1240,1 - 1 - 2022,19800.0,1.1661903789690602,1.0,1.3335216533675034,0.00197,0.00158489,0.00251189,0.0323,0.0,0.05,0.945,0.9,1.0,8790000.0,15600.0,4750000.0,1.0,True,0.01,0.95,10.0,39600.0,0.938,0.139
1241,1 - 1 - 2022,19800.0,1.1661903789690602,1.0,1.3335216533675034,0.00196,0.00158489,0.00251189,0.0341,0.0,0.05,1.15,1.0,1.5,2270000.0,3550.0,1310000.0,1.0,True,0.01,0.95,10.0,39600.0,0.938,0.139
1242,1 - 1 - 2022,19800.0,1.1958260743101399,1.0,1.3335216533675034,0.00196,0.00158489,0.00251189,0.0387,0.0,0.05,1.67,1.5,2.0,147000.0,902.0,96700.0,1.0,True,0.01,0.95,10.0,39600.0,0.938,0.139
1243,1 - 1 - 2022,19800.0,1.174734012447073,1.0,1.3335216533675034,0.00183,0.00158489,0.00251189,0.0412,0.0,0.05,2.29,2.0,4.0,3980.0,74.2,3670.0,1.0,True,0.01,0.95,10.0,39600.0,0.938,0.139
1244,1 - 1 - 2022,19800.0,1.161895003862225,1.0,1.3335216533675034,0.00198,0.00158489,0.00251189,0.075,0.05,0.1,0.0339,0.0,0.05,7380000.0,20200.0,7170000.0,1.0,True,0.01,0.95,10.0,39600.0,0.938,0.139
1245,1 - 1 - 2022,19800.0,1.1575836902790226,1.0,1.3335216533675034,0.002,0.00158489,0.00251189,0.0739,0.05,0.1,0.0776,0.05,0.1,21400000.0,34400.0,18700000.0,1.0,True,0.01,0.95,10.0,39600.0,0.938,0.139
1246,1 - 1 - 2022,19800.0,1.1489125293076057,1.0,1.3335216533675034,0.002,0.00158489,0.00251189,0.0723,0.05,0.1,0.154,0.1,0.2,45300000.0,35400.0,34500000.0,1.0,True,0.01,0.95,10.0,39600.0,0.938,0.139
1247,1 - 1 - 2022,19800.0,1.1532562594670797,1.0,1.3335216533675034,0.002,0.00158489,0.00251189,0.0721,0.05,0.1,0.251,0.2,0.3,60800000.0,41100.0,35800000.0,1.0,True,0.01,0.95,10.0,39600.0,0.938,0.139
1248,1 - 1 - 2022,19800.0,1.1489125293076057,1.0,1.3335216533675034,0.002,0.00158489,0.00251189,0.0721,0.05,0.1,0.349,0.3,0.4,59800000.0,40700.0,26400000.0,1.0,True,0.01,0.95,10.0,39600.0,0.938,0.139
1249,1 - 1 - 2022,19800.0,1.1532562594670797,1.0,1.3335216533675034,0.00201,0.00158489,0.00251189,0.0726,0.05,0.1,0.449,0.4,0.5,50800000.0,37500.0,17800000.0,1.0,True,0.01,0.95,10.0,39600.0,0.938,0.139
1250,1 - 1 - 2022,19800.0,1.1532562594670797,1.0,1.3335216533675034,0.002,0.00158489,0.00251189,0.0724,0.05,0.1,0.548,0.5,0.6,40000000.0,33300.0,11400000.0,1.0,True,0.01,0.95,10.0,39600.0,0.938,0.139
1251,1 - 1 - 2022,19800.0,1.1532562594670797,1.0,1.3335216533675034,0.002,0.00158489,0.00251189,0.0725,0.05,0.1,0.646,0.6,0.7,30300000.0,29000.0,8150000.0,1.0,True,0.01,0.95,10.0,39600.0,0.938,0.139
1252,1 - 1 - 2022,19800.0,1.1532562594670797,1.0,1.3335216533675034,0.00201,0.00158489,0.00251189,0.0732,0.05,0.1,0.747,0.7,0.8,19900000.0,23500.0,5450000.0,1.0,True,0.01,0.95,10.0,39600.0,0.938,0.139
1253,1 - 1 - 2022,19800.0,1.1489125293076057,1.0,1.3335216533675034,0.002,0.00158489,0.00251189,0.0727,0.05,0.1,0.848,0.8,0.9,13500000.0,19400.0,3780000.0,1.0,True,0.01,0.95,10.0,39600.0,0.938,0.139
1254,1 - 1 - 2022,19800.0,1.1532562594670797,1.0,1.3335216533675034,0.00201,0.00158489,0.00251189,0.0733,0.05,0.1,0.947,0.9,1.0,8270000.0,15100.0,2340000.0,1.0,True,0.01,0.95,10.0,39600.0,0.938,0.139
1255,1 - 1 - 2022,19800.0,1.1532562594670797,1.0,1.3335216533675034,0.002,0.00158489,0.00251189,0.0732,0.05,0.1,1.16,1.0,1.5,2790000.0,3930.0,755000.0,1.0,True,0.01,0.95,10.0,39600.0,0.938,0.139
1256,1 - 1 - 2022,19800.0,1.1532562594670797,1.0,1.3335216533675034,0.00198,0.00158489,0.00251189,0.0744,0.05,0.1,1.68,1.5,2.0,318000.0,1330.0,95500.0,1.0,True,0.01,0.95,10.0,39600.0,0.938,0.139
1257,1 - 1 - 2022,19800.0,1.2,1.0,1.3335216533675034,0.00192,0.00158489,0.00251189,0.0771,0.05,0.1,2.38,2.0,4.0,15600.0,147.0,3670.0,1.0,True,0.01,0.95,10.0,39600.0,0.938,0.139
1258,1 - 1 - 2022,19800.0,1.1575836902790226,1.0,1.3335216533675034,0.00201,0.00158489,0.00251189,0.123,0.1,0.15,0.077,0.05,0.1,15100000.0,28900.0,15100000.0,1.0,True,0.01,0.95,10.0,39600.0,0.938,0.139
1259,1 - 1 - 2022,19800.0,1.1489125293076057,1.0,1.3335216533675034,0.002,0.00158489,0.00251189,0.123,0.1,0.15,0.154,0.1,0.2,25500000.0,26600.0,25300000.0,1.0,True,0.01,0.95,10.0,39600.0,0.938,0.139
1260,1 - 1 - 2022,19800.0,1.1489125293076057,1.0,1.3335216533675034,0.00201,0.00158489,0.00251189,0.123,0.1,0.15,0.25,0.2,0.3,34400000.0,30900.0,33500000.0,1.0,True,0.01,0.95,10.0,39600.0,0.938,0.139
1261,1 - 1 - 2022,19800.0,1.1489125293076057,1.0,1.3335216533675034,0.00201,0.00158489,0.00251189,0.123,0.1,0.15,0.35,0.3,0.4,34900000.0,31100.0,30600000.0,1.0,True,0.01,0.95,10.0,39600.0,0.938,0.139
1262,1 - 1 - 2022,19800.0,1.1532562594670797,1.0,1.3335216533675034,0.00201,0.00158489,0.00251189,0.123,0.1,0.15,0.448,0.4,0.5,31200000.0,29400.0,22000000.0,1.0,True,0.01,0.95,10.0,39600.0,0.938,0.139
1263,1 - 1 - 2022,19800.0,1.1489125293076057,1.0,1.3335216533675034,0.00201,0.00158489,0.00251189,0.123,0.1,0.15,0.548,0.5,0.6,24300000.0,26000.0,13300000.0,1.0,True,0.01,0.95,10.0,39600.0,0.938,0.139
1264,1 - 1 - 2022,19800.0,1.1489125293076057,1.0,1.3335216533675034,0.002,0.00158489,0.00251189,0.123,0.1,0.15,0.647,0.6,0.7,18700000.0,22700.0,7730000.0,1.0,True,0.01,0.95,10.0,39600.0,0.938,0.139
1265,1 - 1 - 2022,19800.0,1.1532562594670797,1.0,1.3335216533675034,0.00199,0.00158489,0.00251189,0.124,0.1,0.15,0.747,0.7,0.8,13200000.0,19100.0,4280000.0,1.0,True,0.01,0.95,10.0,39600.0,0.938,0.139
1266,1 - 1 - 2022,19800.0,1.1489125293076057,1.0,1.3335216533675034,0.00201,0.00158489,0.00251189,0.123,0.1,0.15,0.846,0.8,0.9,8680000.0,15500.0,2520000.0,1.0,True,0.01,0.95,10.0,39600.0,0.938,0.139
1267,1 - 1 - 2022,19800.0,1.1532562594670797,1.0,1.3335216533675034,0.00201,0.00158489,0.00251189,0.124,0.1,0.15,0.948,0.9,1.0,5750000.0,12600.0,1540000.0,1.0,True,0.01,0.95,10.0,39600.0,0.938,0.139
1268,1 - 1 - 2022,19800.0,1.1575836902790226,1.0,1.3335216533675034,0.002,0.00158489,0.00251189,0.124,0.1,0.15,1.16,1.0,1.5,1980000.0,3320.0,531000.0,1.0,True,0.01,0.95,10.0,39600.0,0.938,0.139
1269,1 - 1 - 2022,19800.0,1.1661903789690602,1.0,1.3335216533675034,0.00197,0.00158489,0.00251189,0.123,0.1,0.15,1.68,1.5,2.0,273000.0,1230.0,67300.0,1.0,True,0.01,0.95,10.0,39600.0,0.938,0.139
1270,1 - 1 - 2022,19800.0,1.140175425099138,1.0,1.3335216533675034,0.00197,0.00158489,0.00251189,0.125,0.1,0.15,2.31,2.0,4.0,19300.0,163.0,6430.0,1.0,True,0.01,0.95,10.0,39600.0,0.938,0.139
1271,1 - 1 - 2022,19800.0,1.1575836902790226,1.0,1.3335216533675034,0.00201,0.00158489,0.00251189,0.175,0.15,0.2,0.0322,0.0,0.05,3340000.0,13600.0,3190000.0,1.0,True,0.01,0.95,10.0,39600.0,0.938,0.139
1272,1 - 1 - 2022,19800.0,1.1532562594670797,1.0,1.3335216533675034,0.002,0.00158489,0.00251189,0.173,0.15,0.2,0.0777,0.05,0.1,9720000.0,23200.0,9030000.0,1.0,True,0.01,0.95,10.0,39600.0,0.938,0.139
1273,1 - 1 - 2022,19800.0,1.1489125293076057,1.0,1.3335216533675034,0.002,0.00158489,0.00251189,0.173,0.15,0.2,0.153,0.1,0.2,16700000.0,21500.0,15700000.0,1.0,True,0.01,0.95,10.0,39600.0,0.938,0.139
1274,1 - 1 - 2022,19800.0,1.1489125293076057,1.0,1.3335216533675034,0.00201,0.00158489,0.00251189,0.173,0.15,0.2,0.252,0.2,0.3,22600000.0,25000.0,21900000.0,1.0,True,0.01,0.95,10.0,39600.0,0.938,0.139
1275,1 - 1 - 2022,19800.0,1.1532562594670797,1.0,1.3335216533675034,0.00201,0.00158489,0.00251189,0.174,0.15,0.2,0.349,0.3,0.4,22900000.0,25200.0,21700000.0,1.0,True,0.01,0.95,10.0,39600.0,0.938,0.139
1276,1 - 1 - 2022,19800.0,1.1532562594670797,1.0,1.3335216533675034,0.00201,0.00158489,0.00251189,0.174,0.15,0.2,0.448,0.4,0.5,19100000.0,23000.0,16800000.0,1.0,True,0.01,0.95,10.0,39600.0,0.938,0.139
1277,1 - 1 - 2022,19800.0,1.1532562594670797,1.0,1.3335216533675034,0.002,0.00158489,0.00251189,0.173,0.15,0.2,0.548,0.5,0.6,16600000.0,21500.0,12600000.0,1.0,True,0.01,0.95,10.0,39600.0,0.938,0.139
1278,1 - 1 - 2022,19800.0,1.1532562594670797,1.0,1.3335216533675034,0.00201,0.00158489,0.00251189,0.173,0.15,0.2,0.648,0.6,0.7,12800000.0,18900.0,8050000.0,1.0,True,0.01,0.95,10.0,39600.0,0.938,0.139
1279,1 - 1 - 2022,19800.0,1.1532562594670797,1.0,1.3335216533675034,0.00201,0.00158489,0.00251189,0.173,0.15,0.2,0.747,0.7,0.8,9200000.0,16000.0,4450000.0,1.0,True,0.01,0.95,10.0,39600.0,0.938,0.139
1280,1 - 1 - 2022,19800.0,1.1532562594670797,1.0,1.3335216533675034,0.00201,0.00158489,0.00251189,0.173,0.15,0.2,0.847,0.8,0.9,6720000.0,13600.0,2590000.0,1.0,True,0.01,0.95,10.0,39600.0,0.938,0.139
1281,1 - 1 - 2022,19800.0,1.1489125293076057,1.0,1.3335216533675034,0.00199,0.00158489,0.00251189,0.174,0.15,0.2,0.945,0.9,1.0,4230000.0,10800.0,1500000.0,1.0,True,0.01,0.95,10.0,39600.0,0.938,0.139
1282,1 - 1 - 2022,19800.0,1.1532562594670797,1.0,1.3335216533675034,0.00199,0.00158489,0.00251189,0.174,0.15,0.2,1.17,1.0,1.5,1460000.0,2840.0,398000.0,1.0,True,0.01,0.95,10.0,39600.0,0.938,0.139
1283,1 - 1 - 2022,19800.0,1.1532562594670797,1.0,1.3335216533675034,0.002,0.00158489,0.00251189,0.174,0.15,0.2,1.7,1.5,2.0,244000.0,1160.0,61200.0,1.0,True,0.01,0.95,10.0,39600.0,0.938,0.139
1284,1 - 1 - 2022,19800.0,1.1789826122551597,1.0,1.3335216533675034,0.00195,0.00158489,0.00251189,0.174,0.15,0.2,2.28,2.0,4.0,17700.0,157.0,3670.0,1.0,True,0.01,0.95,10.0,39600.0,0.938,0.139
1285,1 - 1 - 2022,19800.0,1.161895003862225,1.0,1.3335216533675034,0.00199,0.00158489,0.00251189,0.223,0.2,0.25,0.0338,0.0,0.05,2130000.0,10900.0,1750000.0,1.0,True,0.01,0.95,10.0,39600.0,0.938,0.139
1286,1 - 1 - 2022,19800.0,1.1445523142259597,1.0,1.3335216533675034,0.00198,0.00158489,0.00251189,0.224,0.2,0.25,0.0773,0.05,0.1,6500000.0,19000.0,5480000.0,1.0,True,0.01,0.95,10.0,39600.0,0.938,0.139
1287,1 - 1 - 2022,19800.0,1.1489125293076057,1.0,1.3335216533675034,0.00201,0.00158489,0.00251189,0.223,0.2,0.25,0.155,0.1,0.2,11700000.0,18000.0,9900000.0,1.0,True,0.01,0.95,10.0,39600.0,0.938,0.139
1288,1 - 1 - 2022,19800.0,1.1489125293076057,1.0,1.3335216533675034,0.002,0.00158489,0.00251189,0.224,0.2,0.25,0.252,0.2,0.3,15500000.0,20700.0,13600000.0,1.0,True,0.01,0.95,10.0,39600.0,0.938,0.139
1289,1 - 1 - 2022,19800.0,1.1489125293076057,1.0,1.3335216533675034,0.00202,0.00158489,0.00251189,0.223,0.2,0.25,0.349,0.3,0.4,15600000.0,20800.0,13800000.0,1.0,True,0.01,0.95,10.0,39600.0,0.938,0.139
1290,1 - 1 - 2022,19800.0,1.1489125293076057,1.0,1.3335216533675034,0.00201,0.00158489,0.00251189,0.223,0.2,0.25,0.449,0.4,0.5,13900000.0,19600.0,11800000.0,1.0,True,0.01,0.95,10.0,39600.0,0.938,0.139
1291,1 - 1 - 2022,19800.0,1.1489125293076057,1.0,1.3335216533675034,0.00201,0.00158489,0.00251189,0.224,0.2,0.25,0.548,0.5,0.6,11800000.0,18100.0,9090000.0,1.0,True,0.01,0.95,10.0,39600.0,0.938,0.139
1292,1 - 1 - 2022,19800.0,1.1489125293076057,1.0,1.3335216533675034,0.002,0.00158489,0.00251189,0.224,0.2,0.25,0.649,0.6,0.7,8710000.0,15500.0,5980000.0,1.0,True,0.01,0.95,10.0,39600.0,0.938,0.139
1293,1 - 1 - 2022,19800.0,1.1532562594670797,1.0,1.3335216533675034,0.002,0.00158489,0.00251189,0.223,0.2,0.25,0.747,0.7,0.8,6390000.0,13300.0,3840000.0,1.0,True,0.01,0.95,10.0,39600.0,0.938,0.139
1294,1 - 1 - 2022,19800.0,1.1532562594670797,1.0,1.3335216533675034,0.002,0.00158489,0.00251189,0.224,0.2,0.25,0.846,0.8,0.9,4830000.0,11600.0,2360000.0,1.0,True,0.01,0.95,10.0,39600.0,0.938,0.139
1295,1 - 1 - 2022,19800.0,1.1532562594670797,1.0,1.3335216533675034,0.002,0.00158489,0.00251189,0.224,0.2,0.25,0.949,0.9,1.0,3080000.0,9250.0,1320000.0,1.0,True,0.01,0.95,10.0,39600.0,0.938,0.139
1296,1 - 1 - 2022,19800.0,1.1532562594670797,1.0,1.3335216533675034,0.00201,0.00158489,0.00251189,0.223,0.2,0.25,1.17,1.0,1.5,1160000.0,2530.0,373000.0,1.0,True,0.01,0.95,10.0,39600.0,0.938,0.139
1297,1 - 1 - 2022,19800.0,1.1704699910719625,1.0,1.3335216533675034,0.00205,0.00158489,0.00251189,0.225,0.2,0.25,1.68,1.5,2.0,197000.0,1050.0,46500.0,1.0,True,0.01,0.95,10.0,39600.0,0.938,0.139
1298,1 - 1 - 2022,19800.0,1.1874342087037917,1.0,1.3335216533675034,0.00198,0.00158489,0.00251189,0.226,0.2,0.25,2.39,2.0,4.0,16200.0,150.0,1840.0,1.0,True,0.01,0.95,10.0,39600.0,0.938,0.139
1299,1 - 1 - 2022,19800.0,1.140175425099138,1.0,1.3335216533675034,0.00207,0.00158489,0.00251189,0.275,0.25,0.3,0.0324,0.0,0.05,1420000.0,8870.0,1100000.0,1.0,True,0.01,0.95,10.0,39600.0,0.938,0.139
1300,1 - 1 - 2022,19800.0,1.1489125293076057,1.0,1.3335216533675034,0.00199,0.00158489,0.00251189,0.273,0.25,0.3,0.0773,0.05,0.1,4490000.0,15800.0,3760000.0,1.0,True,0.01,0.95,10.0,39600.0,0.938,0.139
1301,1 - 1 - 2022,19800.0,1.1489125293076057,1.0,1.3335216533675034,0.002,0.00158489,0.00251189,0.274,0.25,0.3,0.154,0.1,0.2,8380000.0,15200.0,6310000.0,1.0,True,0.01,0.95,10.0,39600.0,0.938,0.139
1302,1 - 1 - 2022,19800.0,1.1489125293076057,1.0,1.3335216533675034,0.00201,0.00158489,0.00251189,0.274,0.25,0.3,0.251,0.2,0.3,10900000.0,17400.0,8810000.0,1.0,True,0.01,0.95,10.0,39600.0,0.938,0.139
1303,1 - 1 - 2022,19800.0,1.1489125293076057,1.0,1.3335216533675034,0.00201,0.00158489,0.00251189,0.273,0.25,0.3,0.35,0.3,0.4,11900000.0,18100.0,9250000.0,1.0,True,0.01,0.95,10.0,39600.0,0.938,0.139
1304,1 - 1 - 2022,19800.0,1.1489125293076057,1.0,1.3335216533675034,0.00201,0.00158489,0.00251189,0.274,0.25,0.3,0.448,0.4,0.5,9830000.0,16500.0,7390000.0,1.0,True,0.01,0.95,10.0,39600.0,0.938,0.139
1305,1 - 1 - 2022,19800.0,1.1489125293076057,1.0,1.3335216533675034,0.002,0.00158489,0.00251189,0.273,0.25,0.3,0.55,0.5,0.6,8190000.0,15100.0,5760000.0,1.0,True,0.01,0.95,10.0,39600.0,0.938,0.139
1306,1 - 1 - 2022,19800.0,1.1489125293076057,1.0,1.3335216533675034,0.00202,0.00158489,0.00251189,0.274,0.25,0.3,0.648,0.6,0.7,6290000.0,13200.0,3890000.0,1.0,True,0.01,0.95,10.0,39600.0,0.938,0.139
1307,1 - 1 - 2022,19800.0,1.1532562594670797,1.0,1.3335216533675034,0.00201,0.00158489,0.00251189,0.273,0.25,0.3,0.746,0.7,0.8,4790000.0,11500.0,2510000.0,1.0,True,0.01,0.95,10.0,39600.0,0.938,0.139
1308,1 - 1 - 2022,19800.0,1.1575836902790226,1.0,1.3335216533675034,0.00203,0.00158489,0.00251189,0.275,0.25,0.3,0.846,0.8,0.9,3140000.0,9330.0,1480000.0,1.0,True,0.01,0.95,10.0,39600.0,0.938,0.139
1309,1 - 1 - 2022,19800.0,1.161895003862225,1.0,1.3335216533675034,0.002,0.00158489,0.00251189,0.273,0.25,0.3,0.947,0.9,1.0,2380000.0,8120.0,942000.0,1.0,True,0.01,0.95,10.0,39600.0,0.938,0.139
1310,1 - 1 - 2022,19800.0,1.1532562594670797,1.0,1.3335216533675034,0.00198,0.00158489,0.00251189,0.274,0.25,0.3,1.18,1.0,1.5,901000.0,2230.0,289000.0,1.0,True,0.01,0.95,10.0,39600.0,0.938,0.139
1311,1 - 1 - 2022,19800.0,1.1704699910719625,1.0,1.3335216533675034,0.00202,0.00158489,0.00251189,0.274,0.25,0.3,1.69,1.5,2.0,141000.0,883.0,35500.0,1.0,True,0.01,0.95,10.0,39600.0,0.938,0.139
1312,1 - 1 - 2022,19800.0,1.1661903789690602,1.0,1.3335216533675034,0.002,0.00158489,0.00251189,0.274,0.25,0.3,2.46,2.0,4.0,11300.0,125.0,1840.0,1.0,True,0.01,0.95,10.0,39600.0,0.938,0.139
1313,1 - 1 - 2022,19800.0,1.1445523142259597,1.0,1.3335216533675034,0.002,0.00158489,0.00251189,0.355,0.3,0.4,0.0344,0.0,0.05,1020000.0,5320.0,765000.0,1.0,True,0.01,0.95,10.0,39600.0,0.938,0.139
1314,1 - 1 - 2022,19800.0,1.1489125293076057,1.0,1.3335216533675034,0.002,0.00158489,0.00251189,0.35,0.3,0.4,0.0784,0.05,0.1,3240000.0,9480.0,2320000.0,1.0,True,0.01,0.95,10.0,39600.0,0.938,0.139
1315,1 - 1 - 2022,19800.0,1.1489125293076057,1.0,1.3335216533675034,0.00202,0.00158489,0.00251189,0.347,0.3,0.4,0.155,0.1,0.2,5410000.0,8660.0,3780000.0,1.0,True,0.01,0.95,10.0,39600.0,0.938,0.139
1316,1 - 1 - 2022,19800.0,1.1445523142259597,1.0,1.3335216533675034,0.00201,0.00158489,0.00251189,0.346,0.3,0.4,0.251,0.2,0.3,7370000.0,10100.0,5480000.0,1.0,True,0.01,0.95,10.0,39600.0,0.938,0.139
1317,1 - 1 - 2022,19800.0,1.1489125293076057,1.0,1.3335216533675034,0.00201,0.00158489,0.00251189,0.345,0.3,0.4,0.35,0.3,0.4,7580000.0,10300.0,5220000.0,1.0,True,0.01,0.95,10.0,39600.0,0.938,0.139
1318,1 - 1 - 2022,19800.0,1.1489125293076057,1.0,1.3335216533675034,0.00201,0.00158489,0.00251189,0.346,0.3,0.4,0.449,0.4,0.5,6800000.0,9710.0,4410000.0,1.0,True,0.01,0.95,10.0,39600.0,0.938,0.139
1319,1 - 1 - 2022,19800.0,1.1489125293076057,1.0,1.3335216533675034,0.00201,0.00158489,0.00251189,0.346,0.3,0.4,0.548,0.5,0.6,5600000.0,8810.0,3490000.0,1.0,True,0.01,0.95,10.0,39600.0,0.938,0.139
1320,1 - 1 - 2022,19800.0,1.1489125293076057,1.0,1.3335216533675034,0.002,0.00158489,0.00251189,0.345,0.3,0.4,0.647,0.6,0.7,4330000.0,7750.0,2350000.0,1.0,True,0.01,0.95,10.0,39600.0,0.938,0.139
1321,1 - 1 - 2022,19800.0,1.1489125293076057,1.0,1.3335216533675034,0.00201,0.00158489,0.00251189,0.347,0.3,0.4,0.747,0.7,0.8,3090000.0,6550.0,1550000.0,1.0,True,0.01,0.95,10.0,39600.0,0.938,0.139
1322,1 - 1 - 2022,19800.0,1.1489125293076057,1.0,1.3335216533675034,0.00201,0.00158489,0.00251189,0.345,0.3,0.4,0.846,0.8,0.9,2290000.0,5630.0,979000.0,1.0,True,0.01,0.95,10.0,39600.0,0.938,0.139
1323,1 - 1 - 2022,19800.0,1.1445523142259597,1.0,1.3335216533675034,0.00199,0.00158489,0.00251189,0.344,0.3,0.4,0.945,0.9,1.0,1360000.0,4340.0,554000.0,1.0,True,0.01,0.95,10.0,39600.0,0.938,0.139
1324,1 - 1 - 2022,19800.0,1.1532562594670797,1.0,1.3335216533675034,0.00201,0.00158489,0.00251189,0.345,0.3,0.4,1.18,1.0,1.5,626000.0,1320.0,220000.0,1.0,True,0.01,0.95,10.0,39600.0,0.938,0.139
1325,1 - 1 - 2022,19800.0,1.174734012447073,1.0,1.3335216533675034,0.00199,0.00158489,0.00251189,0.344,0.3,0.4,1.71,1.5,2.0,118000.0,572.0,23900.0,1.0,True,0.01,0.95,10.0,39600.0,0.938,0.139
1326,1 - 1 - 2022,19800.0,1.1789826122551597,1.0,1.3335216533675034,0.002,0.00158489,0.00251189,0.35,0.3,0.4,2.35,2.0,4.0,11500.0,89.2,1380.0,1.0,True,0.01,0.95,10.0,39600.0,0.938,0.139
1327,1 - 1 - 2022,19800.0,1.1445523142259597,1.0,1.3335216533675034,0.00204,0.00158489,0.00251189,0.445,0.4,0.5,0.0339,0.0,0.05,728000.0,4490.0,281000.0,1.0,True,0.01,0.95,10.0,39600.0,0.938,0.139
1328,1 - 1 - 2022,19800.0,1.1489125293076057,1.0,1.3335216533675034,0.00201,0.00158489,0.00251189,0.444,0.4,0.5,0.0778,0.05,0.1,2360000.0,8080.0,1170000.0,1.0,True,0.01,0.95,10.0,39600.0,0.938,0.139
1329,1 - 1 - 2022,19800.0,1.1489125293076057,1.0,1.3335216533675034,0.00199,0.00158489,0.00251189,0.447,0.4,0.5,0.151,0.1,0.2,4040000.0,7480.0,2610000.0,1.0,True,0.01,0.95,10.0,39600.0,0.938,0.139
1330,1 - 1 - 2022,19800.0,1.1489125293076057,1.0,1.3335216533675034,0.00201,0.00158489,0.00251189,0.445,0.4,0.5,0.25,0.2,0.3,4860000.0,8210.0,3210000.0,1.0,True,0.01,0.95,10.0,39600.0,0.938,0.139
1331,1 - 1 - 2022,19800.0,1.1489125293076057,1.0,1.3335216533675034,0.00201,0.00158489,0.00251189,0.447,0.4,0.5,0.349,0.3,0.4,4680000.0,8050.0,2780000.0,1.0,True,0.01,0.95,10.0,39600.0,0.938,0.139
1332,1 - 1 - 2022,19800.0,1.1489125293076057,1.0,1.3335216533675034,0.00201,0.00158489,0.00251189,0.447,0.4,0.5,0.448,0.4,0.5,4190000.0,7630.0,2430000.0,1.0,True,0.01,0.95,10.0,39600.0,0.938,0.139
1333,1 - 1 - 2022,19800.0,1.1489125293076057,1.0,1.3335216533675034,0.00201,0.00158489,0.00251189,0.446,0.4,0.5,0.55,0.5,0.6,3330000.0,6790.0,1840000.0,1.0,True,0.01,0.95,10.0,39600.0,0.938,0.139
1334,1 - 1 - 2022,19800.0,1.1489125293076057,1.0,1.3335216533675034,0.00201,0.00158489,0.00251189,0.445,0.4,0.5,0.649,0.6,0.7,2650000.0,6060.0,1290000.0,1.0,True,0.01,0.95,10.0,39600.0,0.938,0.139
1335,1 - 1 - 2022,19800.0,1.1445523142259597,1.0,1.3335216533675034,0.002,0.00158489,0.00251189,0.446,0.4,0.5,0.748,0.7,0.8,1840000.0,5050.0,866000.0,1.0,True,0.01,0.95,10.0,39600.0,0.938,0.139
1336,1 - 1 - 2022,19800.0,1.1489125293076057,1.0,1.3335216533675034,0.00202,0.00158489,0.00251189,0.445,0.4,0.5,0.847,0.8,0.9,1300000.0,4240.0,554000.0,1.0,True,0.01,0.95,10.0,39600.0,0.938,0.139
1337,1 - 1 - 2022,19800.0,1.1445523142259597,1.0,1.3335216533675034,0.00201,0.00158489,0.00251189,0.444,0.4,0.5,0.949,0.9,1.0,933000.0,3600.0,379000.0,1.0,True,0.01,0.95,10.0,39600.0,0.938,0.139
1338,1 - 1 - 2022,19800.0,1.1575836902790226,1.0,1.3335216533675034,0.00202,0.00158489,0.00251189,0.446,0.4,0.5,1.18,1.0,1.5,376000.0,1020.0,116000.0,1.0,True,0.01,0.95,10.0,39600.0,0.938,0.139
1339,1 - 1 - 2022,19800.0,1.161895003862225,1.0,1.3335216533675034,0.00199,0.00158489,0.00251189,0.445,0.4,0.5,1.69,1.5,2.0,78900.0,468.0,19600.0,1.0,True,0.01,0.95,10.0,39600.0,0.938,0.139
1340,1 - 1 - 2022,19800.0,1.1832159566199232,1.0,1.3335216533675034,0.00194,0.00158489,0.00251189,0.448,0.4,0.5,2.46,2.0,4.0,7650.0,72.8,1220.0,1.0,True,0.01,0.95,10.0,39600.0,0.938,0.139
1341,1 - 1 - 2022,19800.0,1.1489125293076057,1.0,1.3335216533675034,0.00204,0.00158489,0.00251189,0.543,0.5,0.6,0.0345,0.0,0.05,502000.0,3730.0,251000.0,1.0,True,0.01,0.95,10.0,39600.0,0.938,0.139
1342,1 - 1 - 2022,19800.0,1.1532562594670797,1.0,1.3335216533675034,0.00201,0.00158489,0.00251189,0.547,0.5,0.6,0.0774,0.05,0.1,1350000.0,6110.0,691000.0,1.0,True,0.01,0.95,10.0,39600.0,0.938,0.139
1343,1 - 1 - 2022,19800.0,1.1445523142259597,1.0,1.3335216533675034,0.002,0.00158489,0.00251189,0.548,0.5,0.6,0.152,0.1,0.2,2480000.0,5870.0,1400000.0,1.0,True,0.01,0.95,10.0,39600.0,0.938,0.139
1344,1 - 1 - 2022,19800.0,1.1489125293076057,1.0,1.3335216533675034,0.00201,0.00158489,0.00251189,0.546,0.5,0.6,0.249,0.2,0.3,3010000.0,6460.0,1630000.0,1.0,True,0.01,0.95,10.0,39600.0,0.938,0.139
1345,1 - 1 - 2022,19800.0,1.1445523142259597,1.0,1.3335216533675034,0.002,0.00158489,0.00251189,0.545,0.5,0.6,0.348,0.3,0.4,2970000.0,6420.0,1520000.0,1.0,True,0.01,0.95,10.0,39600.0,0.938,0.139
1346,1 - 1 - 2022,19800.0,1.1445523142259597,1.0,1.3335216533675034,0.002,0.00158489,0.00251189,0.547,0.5,0.6,0.449,0.4,0.5,2660000.0,6070.0,1380000.0,1.0,True,0.01,0.95,10.0,39600.0,0.938,0.139
1347,1 - 1 - 2022,19800.0,1.1532562594670797,1.0,1.3335216533675034,0.00202,0.00158489,0.00251189,0.545,0.5,0.6,0.548,0.5,0.6,2140000.0,5440.0,1020000.0,1.0,True,0.01,0.95,10.0,39600.0,0.938,0.139
1348,1 - 1 - 2022,19800.0,1.1445523142259597,1.0,1.3335216533675034,0.002,0.00158489,0.00251189,0.546,0.5,0.6,0.647,0.6,0.7,1620000.0,4730.0,789000.0,1.0,True,0.01,0.95,10.0,39600.0,0.938,0.139
1349,1 - 1 - 2022,19800.0,1.1532562594670797,1.0,1.3335216533675034,0.00199,0.00158489,0.00251189,0.547,0.5,0.6,0.745,0.7,0.8,1290000.0,4220.0,612000.0,1.0,True,0.01,0.95,10.0,39600.0,0.938,0.139
1350,1 - 1 - 2022,19800.0,1.1532562594670797,1.0,1.3335216533675034,0.00201,0.00158489,0.00251189,0.546,0.5,0.6,0.845,0.8,0.9,805000.0,3340.0,364000.0,1.0,True,0.01,0.95,10.0,39600.0,0.938,0.139
1351,1 - 1 - 2022,19800.0,1.1489125293076057,1.0,1.3335216533675034,0.00201,0.00158489,0.00251189,0.546,0.5,0.6,0.945,0.9,1.0,597000.0,2880.0,239000.0,1.0,True,0.01,0.95,10.0,39600.0,0.938,0.139
1352,1 - 1 - 2022,19800.0,1.1445523142259597,1.0,1.3335216533675034,0.00201,0.00158489,0.00251189,0.548,0.5,0.6,1.18,1.0,1.5,214000.0,771.0,68500.0,1.0,True,0.01,0.95,10.0,39600.0,0.938,0.139
1353,1 - 1 - 2022,19800.0,1.1704699910719625,1.0,1.3335216533675034,0.002,0.00158489,0.00251189,0.543,0.5,0.6,1.68,1.5,2.0,59400.0,406.0,9180.0,1.0,True,0.01,0.95,10.0,39600.0,0.938,0.139
1354,1 - 1 - 2022,19800.0,1.1704699910719625,1.0,1.3335216533675034,0.00202,0.00158489,0.00251189,0.539,0.5,0.6,2.35,2.0,4.0,3370.0,48.3,612.0,1.0,True,0.01,0.95,10.0,39600.0,0.938,0.139
1355,1 - 1 - 2022,19800.0,1.1704699910719625,1.0,1.3335216533675034,0.00203,0.00158489,0.00251189,0.635,0.6,0.7,0.0307,0.0,0.05,184000.0,2260.0,147000.0,1.0,True,0.01,0.95,10.0,39600.0,0.938,0.139
1356,1 - 1 - 2022,19800.0,1.1489125293076057,1.0,1.3335216533675034,0.00201,0.00158489,0.00251189,0.642,0.6,0.7,0.0751,0.05,0.1,636000.0,4200.0,398000.0,1.0,True,0.01,0.95,10.0,39600.0,0.938,0.139
1357,1 - 1 - 2022,19800.0,1.1532562594670797,1.0,1.3335216533675034,0.00202,0.00158489,0.00251189,0.641,0.6,0.7,0.155,0.1,0.2,1140000.0,3980.0,477000.0,1.0,True,0.01,0.95,10.0,39600.0,0.938,0.139
1358,1 - 1 - 2022,19800.0,1.1445523142259597,1.0,1.3335216533675034,0.00201,0.00158489,0.00251189,0.643,0.6,0.7,0.252,0.2,0.3,1620000.0,4750.0,676000.0,1.0,True,0.01,0.95,10.0,39600.0,0.938,0.139
1359,1 - 1 - 2022,19800.0,1.140175425099138,1.0,1.3335216533675034,0.00202,0.00158489,0.00251189,0.645,0.6,0.7,0.349,0.3,0.4,1620000.0,4750.0,768000.0,1.0,True,0.01,0.95,10.0,39600.0,0.938,0.139
1360,1 - 1 - 2022,19800.0,1.1445523142259597,1.0,1.3335216533675034,0.00201,0.00158489,0.00251189,0.647,0.6,0.7,0.447,0.4,0.5,1510000.0,4570.0,698000.0,1.0,True,0.01,0.95,10.0,39600.0,0.938,0.139
1361,1 - 1 - 2022,19800.0,1.1445523142259597,1.0,1.3335216533675034,0.00201,0.00158489,0.00251189,0.644,0.6,0.7,0.546,0.5,0.6,1410000.0,4430.0,698000.0,1.0,True,0.01,0.95,10.0,39600.0,0.938,0.139
1362,1 - 1 - 2022,19800.0,1.1575836902790226,1.0,1.3335216533675034,0.002,0.00158489,0.00251189,0.647,0.6,0.7,0.646,0.6,0.7,1100000.0,3900.0,462000.0,1.0,True,0.01,0.95,10.0,39600.0,0.938,0.139
1363,1 - 1 - 2022,19800.0,1.1532562594670797,1.0,1.3335216533675034,0.00202,0.00158489,0.00251189,0.648,0.6,0.7,0.747,0.7,0.8,771000.0,3270.0,343000.0,1.0,True,0.01,0.95,10.0,39600.0,0.938,0.139
1364,1 - 1 - 2022,19800.0,1.1269427669584644,1.0,1.3335216533675034,0.00201,0.00158489,0.00251189,0.645,0.6,0.7,0.846,0.8,0.9,480000.0,2580.0,254000.0,1.0,True,0.01,0.95,10.0,39600.0,0.938,0.139
1365,1 - 1 - 2022,19800.0,1.1445523142259597,1.0,1.3335216533675034,0.00202,0.00158489,0.00251189,0.646,0.6,0.7,0.945,0.9,1.0,327000.0,2130.0,138000.0,1.0,True,0.01,0.95,10.0,39600.0,0.938,0.139
1366,1 - 1 - 2022,19800.0,1.1489125293076057,1.0,1.3335216533675034,0.00204,0.00158489,0.00251189,0.645,0.6,0.7,1.17,1.0,1.5,119000.0,575.0,39200.0,1.0,True,0.01,0.95,10.0,39600.0,0.938,0.139
1367,1 - 1 - 2022,19800.0,1.1445523142259597,1.0,1.3335216533675034,0.00191,0.00158489,0.00251189,0.639,0.6,0.7,1.69,1.5,2.0,22000.0,247.0,6120.0,1.0,True,0.01,0.95,10.0,39600.0,0.938,0.139
1368,1 - 1 - 2022,19800.0,1.2041594578792296,1.0,1.3335216533675034,0.00194,0.00158489,0.00251189,0.639,0.6,0.7,2.21,2.0,4.0,2290.0,39.9,153.0,1.0,True,0.01,0.95,10.0,39600.0,0.938,0.139
1369,1 - 1 - 2022,19800.0,1.1090536506409416,1.0,1.3335216533675034,0.00188,0.00158489,0.00251189,0.765,0.7,0.8,0.0325,0.0,0.05,116000.0,1800.0,67300.0,1.0,True,0.01,0.95,10.0,39600.0,0.938,0.139
1370,1 - 1 - 2022,19800.0,1.1489125293076057,1.0,1.3335216533675034,0.00205,0.00158489,0.00251189,0.745,0.7,0.8,0.0744,0.05,0.1,361000.0,3160.0,165000.0,1.0,True,0.01,0.95,10.0,39600.0,0.938,0.139
1371,1 - 1 - 2022,19800.0,1.140175425099138,1.0,1.3335216533675034,0.00206,0.00158489,0.00251189,0.748,0.7,0.8,0.155,0.1,0.2,621000.0,2930.0,266000.0,1.0,True,0.01,0.95,10.0,39600.0,0.938,0.139
1372,1 - 1 - 2022,19800.0,1.140175425099138,1.0,1.3335216533675034,0.00205,0.00158489,0.00251189,0.747,0.7,0.8,0.249,0.2,0.3,893000.0,3520.0,386000.0,1.0,True,0.01,0.95,10.0,39600.0,0.938,0.139
1373,1 - 1 - 2022,19800.0,1.1445523142259597,1.0,1.3335216533675034,0.00198,0.00158489,0.00251189,0.745,0.7,0.8,0.352,0.3,0.4,1010000.0,3740.0,389000.0,1.0,True,0.01,0.95,10.0,39600.0,0.938,0.139
1374,1 - 1 - 2022,19800.0,1.1445523142259597,1.0,1.3335216533675034,0.00201,0.00158489,0.00251189,0.749,0.7,0.8,0.451,0.4,0.5,933000.0,3600.0,379000.0,1.0,True,0.01,0.95,10.0,39600.0,0.938,0.139
1375,1 - 1 - 2022,19800.0,1.1532562594670797,1.0,1.3335216533675034,0.00203,0.00158489,0.00251189,0.742,0.7,0.8,0.549,0.5,0.6,952000.0,3630.0,407000.0,1.0,True,0.01,0.95,10.0,39600.0,0.938,0.139
1376,1 - 1 - 2022,19800.0,1.1445523142259597,1.0,1.3335216533675034,0.002,0.00158489,0.00251189,0.743,0.7,0.8,0.65,0.6,0.7,646000.0,2990.0,291000.0,1.0,True,0.01,0.95,10.0,39600.0,0.938,0.139
1377,1 - 1 - 2022,19800.0,1.1445523142259597,1.0,1.3335216533675034,0.00201,0.00158489,0.00251189,0.744,0.7,0.8,0.748,0.7,0.8,545000.0,2750.0,260000.0,1.0,True,0.01,0.95,10.0,39600.0,0.938,0.139
1378,1 - 1 - 2022,19800.0,1.1489125293076057,1.0,1.3335216533675034,0.00206,0.00158489,0.00251189,0.746,0.7,0.8,0.842,0.8,0.9,361000.0,2240.0,168000.0,1.0,True,0.01,0.95,10.0,39600.0,0.938,0.139
1379,1 - 1 - 2022,19800.0,1.161895003862225,1.0,1.3335216533675034,0.00202,0.00158489,0.00251189,0.749,0.7,0.8,0.947,0.9,1.0,257000.0,1890.0,110000.0,1.0,True,0.01,0.95,10.0,39600.0,0.938,0.139
1380,1 - 1 - 2022,19800.0,1.1575836902790226,1.0,1.3335216533675034,0.002,0.00158489,0.00251189,0.745,0.7,0.8,1.17,1.0,1.5,59400.0,406.0,19600.0,1.0,True,0.01,0.95,10.0,39600.0,0.938,0.139
1381,1 - 1 - 2022,19800.0,1.1661903789690602,1.0,1.3335216533675034,0.00195,0.00158489,0.00251189,0.74,0.7,0.8,1.75,1.5,2.0,12900.0,189.0,4280.0,1.0,True,0.01,0.95,10.0,39600.0,0.938,0.139
1382,1 - 1 - 2022,19800.0,1.1489125293076057,1.0,1.3335216533675034,0.00201,0.00158489,0.00251189,0.747,0.7,0.8,2.44,2.0,4.0,1070.0,27.2,306.0,1.0,True,0.01,0.95,10.0,39600.0,0.938,0.139
1383,1 - 1 - 2022,19800.0,1.1135528725660044,1.0,1.3335216533675034,0.00201,0.00158489,0.00251189,0.845,0.8,0.9,0.0353,0.0,0.05,61200.0,1300.0,12200.0,1.0,True,0.01,0.95,10.0,39600.0,0.938,0.139
1384,1 - 1 - 2022,19800.0,1.1532562594670797,1.0,1.3335216533675034,0.00205,0.00158489,0.00251189,0.836,0.8,0.9,0.078,0.05,0.1,141000.0,1980.0,36700.0,1.0,True,0.01,0.95,10.0,39600.0,0.938,0.139
1385,1 - 1 - 2022,19800.0,1.1445523142259597,1.0,1.3335216533675034,0.00206,0.00158489,0.00251189,0.845,0.8,0.9,0.156,0.1,0.2,346000.0,2190.0,116000.0,1.0,True,0.01,0.95,10.0,39600.0,0.938,0.139
1386,1 - 1 - 2022,19800.0,1.1489125293076057,1.0,1.3335216533675034,0.00205,0.00158489,0.00251189,0.847,0.8,0.9,0.253,0.2,0.3,508000.0,2650.0,184000.0,1.0,True,0.01,0.95,10.0,39600.0,0.938,0.139
1387,1 - 1 - 2022,19800.0,1.131370849898476,1.0,1.3335216533675034,0.00203,0.00158489,0.00251189,0.842,0.8,0.9,0.345,0.3,0.4,649000.0,3000.0,260000.0,1.0,True,0.01,0.95,10.0,39600.0,0.938,0.139
1388,1 - 1 - 2022,19800.0,1.1489125293076057,1.0,1.3335216533675034,0.00203,0.00158489,0.00251189,0.839,0.8,0.9,0.449,0.4,0.5,554000.0,2770.0,214000.0,1.0,True,0.01,0.95,10.0,39600.0,0.938,0.139
1389,1 - 1 - 2022,19800.0,1.1445523142259597,1.0,1.3335216533675034,0.00199,0.00158489,0.00251189,0.844,0.8,0.9,0.552,0.5,0.6,465000.0,2540.0,162000.0,1.0,True,0.01,0.95,10.0,39600.0,0.938,0.139
1390,1 - 1 - 2022,19800.0,1.140175425099138,1.0,1.3335216533675034,0.00201,0.00158489,0.00251189,0.841,0.8,0.9,0.65,0.6,0.7,349000.0,2200.0,147000.0,1.0,True,0.01,0.95,10.0,39600.0,0.938,0.139
1391,1 - 1 - 2022,19800.0,1.1489125293076057,1.0,1.3335216533675034,0.00202,0.00158489,0.00251189,0.843,0.8,0.9,0.747,0.7,0.8,254000.0,1880.0,101000.0,1.0,True,0.01,0.95,10.0,39600.0,0.938,0.139
1392,1 - 1 - 2022,19800.0,1.140175425099138,1.0,1.3335216533675034,0.00204,0.00158489,0.00251189,0.847,0.8,0.9,0.842,0.8,0.9,184000.0,1600.0,67300.0,1.0,True,0.01,0.95,10.0,39600.0,0.938,0.139
1393,1 - 1 - 2022,19800.0,1.1445523142259597,1.0,1.3335216533675034,0.00202,0.00158489,0.00251189,0.843,0.8,0.9,0.951,0.9,1.0,94900.0,1150.0,42800.0,1.0,True,0.01,0.95,10.0,39600.0,0.938,0.139
1394,1 - 1 - 2022,19800.0,1.140175425099138,1.0,1.3335216533675034,0.00198,0.00158489,0.00251189,0.847,0.8,0.9,1.17,1.0,1.5,37900.0,324.0,13500.0,1.0,True,0.01,0.95,10.0,39600.0,0.938,0.139
1395,1 - 1 - 2022,19800.0,1.1575836902790226,1.0,1.3335216533675034,0.00188,0.00158489,0.00251189,0.845,0.8,0.9,1.73,1.5,2.0,3060.0,92.1,0.0,1.0,True,0.01,0.95,10.0,39600.0,0.938,0.139
1396,1 - 1 - 2022,19800.0,1.118033988749895,1.0,1.3335216533675034,0.00198,0.00158489,0.00251189,0.921,0.9,1.0,0.0408,0.0,0.05,30600.0,921.0,0.0,1.0,True,0.01,0.95,10.0,39600.0,0.938,0.139
1397,1 - 1 - 2022,19800.0,1.161895003862225,1.0,1.3335216533675034,0.00191,0.00158489,0.00251189,0.931,0.9,1.0,0.0768,0.05,0.1,61200.0,1300.0,6120.0,1.0,True,0.01,0.95,10.0,39600.0,0.938,0.139
1398,1 - 1 - 2022,19800.0,1.1224972160321824,1.0,1.3335216533675034,0.00199,0.00158489,0.00251189,0.927,0.9,1.0,0.156,0.1,0.2,159000.0,1490.0,55100.0,1.0,True,0.01,0.95,10.0,39600.0,0.938,0.139
1399,1 - 1 - 2022,19800.0,1.1135528725660044,1.0,1.3335216533675034,0.00205,0.00158489,0.00251189,0.931,0.9,1.0,0.253,0.2,0.3,162000.0,1500.0,76500.0,1.0,True,0.01,0.95,10.0,39600.0,0.938,0.139
1400,1 - 1 - 2022,19800.0,1.1357816691600546,1.0,1.3335216533675034,0.00202,0.00158489,0.00251189,0.926,0.9,1.0,0.354,0.3,0.4,181000.0,1580.0,64300.0,1.0,True,0.01,0.95,10.0,39600.0,0.938,0.139
1401,1 - 1 - 2022,19800.0,1.140175425099138,1.0,1.3335216533675034,0.00204,0.00158489,0.00251189,0.929,0.9,1.0,0.457,0.4,0.5,171000.0,1540.0,67300.0,1.0,True,0.01,0.95,10.0,39600.0,0.938,0.139
1402,1 - 1 - 2022,19800.0,1.140175425099138,1.0,1.3335216533675034,0.00196,0.00158489,0.00251189,0.924,0.9,1.0,0.55,0.5,0.6,156000.0,1470.0,64300.0,1.0,True,0.01,0.95,10.0,39600.0,0.938,0.139
1403,1 - 1 - 2022,19800.0,1.1445523142259597,1.0,1.3335216533675034,0.00194,0.00158489,0.00251189,0.924,0.9,1.0,0.645,0.6,0.7,107000.0,1220.0,27500.0,1.0,True,0.01,0.95,10.0,39600.0,0.938,0.139
1404,1 - 1 - 2022,19800.0,1.1489125293076057,1.0,1.3335216533675034,0.00196,0.00158489,0.00251189,0.923,0.9,1.0,0.739,0.7,0.8,82600.0,1070.0,30600.0,1.0,True,0.01,0.95,10.0,39600.0,0.938,0.139
1405,1 - 1 - 2022,19800.0,1.1445523142259597,1.0,1.3335216533675034,0.00194,0.00158489,0.00251189,0.93,0.9,1.0,0.849,0.8,0.9,58100.0,898.0,21400.0,1.0,True,0.01,0.95,10.0,39600.0,0.938,0.139
1406,1 - 1 - 2022,19800.0,1.1357816691600546,1.0,1.3335216533675034,0.00198,0.00158489,0.00251189,0.94,0.9,1.0,0.938,0.9,1.0,18400.0,504.0,12200.0,1.0,True,0.01,0.95,10.0,39600.0,0.938,0.139
1407,1 - 1 - 2022,19800.0,1.1661903789690602,1.0,1.3335216533675034,0.00208,0.00158489,0.00251189,0.923,0.9,1.0,1.17,1.0,1.5,8570.0,154.0,3060.0,1.0,True,0.01,0.95,10.0,39600.0,0.938,0.139
1408,1 - 1 - 2022,19800.0,1.2529964086141667,1.0,1.3335216533675034,0.00297,0.00251189,0.00398107,0.0452,0.0,0.05,0.0837,0.05,0.1,811000.0,5330.0,803000.0,1.0,True,0.01,0.95,10.0,39600.0,0.938,0.139
1409,1 - 1 - 2022,19800.0,1.2041594578792296,1.0,1.3335216533675034,0.00303,0.00251189,0.00398107,0.0412,0.0,0.05,0.165,0.1,0.2,7480000.0,11400.0,6730000.0,1.0,True,0.01,0.95,10.0,39600.0,0.938,0.139
1410,1 - 1 - 2022,19800.0,1.1789826122551597,1.0,1.3335216533675034,0.00307,0.00251189,0.00398107,0.0379,0.0,0.05,0.255,0.2,0.3,22600000.0,19900.0,18200000.0,1.0,True,0.01,0.95,10.0,39600.0,0.938,0.139
1411,1 - 1 - 2022,19800.0,1.174734012447073,1.0,1.3335216533675034,0.0031,0.00251189,0.00398107,0.036,0.0,0.05,0.35,0.3,0.4,28300000.0,22200.0,20100000.0,1.0,True,0.01,0.95,10.0,39600.0,0.938,0.139
1412,1 - 1 - 2022,19800.0,1.1704699910719625,1.0,1.3335216533675034,0.0031,0.00251189,0.00398107,0.0353,0.0,0.05,0.448,0.4,0.5,25700000.0,21200.0,17500000.0,1.0,True,0.01,0.95,10.0,39600.0,0.938,0.139
1413,1 - 1 - 2022,19800.0,1.174734012447073,1.0,1.3335216533675034,0.0031,0.00251189,0.00398107,0.0353,0.0,0.05,0.547,0.5,0.6,20100000.0,18700.0,13500000.0,1.0,True,0.01,0.95,10.0,39600.0,0.938,0.139
1414,1 - 1 - 2022,19800.0,1.174734012447073,1.0,1.3335216533675034,0.00311,0.00251189,0.00398107,0.0359,0.0,0.05,0.646,0.6,0.7,13300000.0,15200.0,9080000.0,1.0,True,0.01,0.95,10.0,39600.0,0.938,0.139
1415,1 - 1 - 2022,19800.0,1.1789826122551597,1.0,1.3335216533675034,0.0031,0.00251189,0.00398107,0.0365,0.0,0.05,0.745,0.7,0.8,8520000.0,12200.0,6030000.0,1.0,True,0.01,0.95,10.0,39600.0,0.938,0.139
1416,1 - 1 - 2022,19800.0,1.174734012447073,1.0,1.3335216533675034,0.00309,0.00251189,0.00398107,0.0374,0.0,0.05,0.844,0.8,0.9,5180000.0,9520.0,3950000.0,1.0,True,0.01,0.95,10.0,39600.0,0.938,0.139
1417,1 - 1 - 2022,19800.0,1.1789826122551597,1.0,1.3335216533675034,0.00307,0.00251189,0.00398107,0.0383,0.0,0.05,0.944,0.9,1.0,2930000.0,7150.0,2230000.0,1.0,True,0.01,0.95,10.0,39600.0,0.938,0.139
1418,1 - 1 - 2022,19800.0,1.1874342087037917,1.0,1.3335216533675034,0.00306,0.00251189,0.00398107,0.0397,0.0,0.05,1.14,1.0,1.5,610000.0,1460.0,521000.0,1.0,True,0.01,0.95,10.0,39600.0,0.938,0.139
1419,1 - 1 - 2022,19800.0,1.2449899597988732,1.0,1.3335216533675034,0.00293,0.00251189,0.00398107,0.0431,0.0,0.05,1.61,1.5,2.0,15400.0,232.0,14700.0,1.0,True,0.01,0.95,10.0,39600.0,0.938,0.139
1420,1 - 1 - 2022,19800.0,1.1874342087037917,1.0,1.3335216533675034,0.00311,0.00251189,0.00398107,0.0816,0.05,0.1,0.034,0.0,0.05,2530000.0,9400.0,2150000.0,1.0,True,0.01,0.95,10.0,39600.0,0.938,0.139
1421,1 - 1 - 2022,19800.0,1.174734012447073,1.0,1.3335216533675034,0.0031,0.00251189,0.00398107,0.0756,0.05,0.1,0.0793,0.05,0.1,9340000.0,18100.0,6390000.0,1.0,True,0.01,0.95,10.0,39600.0,0.938,0.139
1422,1 - 1 - 2022,19800.0,1.1575836902790226,1.0,1.3335216533675034,0.00314,0.00251189,0.00398107,0.0733,0.05,0.1,0.158,0.1,0.2,22900000.0,20000.0,12800000.0,1.0,True,0.01,0.95,10.0,39600.0,0.938,0.139
1423,1 - 1 - 2022,19800.0,1.1532562594670797,1.0,1.3335216533675034,0.00318,0.00251189,0.00398107,0.0727,0.05,0.1,0.252,0.2,0.3,34700000.0,24600.0,13300000.0,1.0,True,0.01,0.95,10.0,39600.0,0.938,0.139
1424,1 - 1 - 2022,19800.0,1.1532562594670797,1.0,1.3335216533675034,0.00318,0.00251189,0.00398107,0.0726,0.05,0.1,0.349,0.3,0.4,33800000.0,24300.0,10500000.0,1.0,True,0.01,0.95,10.0,39600.0,0.938,0.139
1425,1 - 1 - 2022,19800.0,1.1532562594670797,1.0,1.3335216533675034,0.00317,0.00251189,0.00398107,0.0727,0.05,0.1,0.448,0.4,0.5,29600000.0,22700.0,8660000.0,1.0,True,0.01,0.95,10.0,39600.0,0.938,0.139
1426,1 - 1 - 2022,19800.0,1.1532562594670797,1.0,1.3335216533675034,0.00318,0.00251189,0.00398107,0.0728,0.05,0.1,0.548,0.5,0.6,22900000.0,20000.0,6980000.0,1.0,True,0.01,0.95,10.0,39600.0,0.938,0.139
1427,1 - 1 - 2022,19800.0,1.1532562594670797,1.0,1.3335216533675034,0.00318,0.00251189,0.00398107,0.0727,0.05,0.1,0.647,0.6,0.7,16600000.0,17000.0,4900000.0,1.0,True,0.01,0.95,10.0,39600.0,0.938,0.139
1428,1 - 1 - 2022,19800.0,1.1532562594670797,1.0,1.3335216533675034,0.00318,0.00251189,0.00398107,0.0733,0.05,0.1,0.746,0.7,0.8,11400000.0,14100.0,3340000.0,1.0,True,0.01,0.95,10.0,39600.0,0.938,0.139
1429,1 - 1 - 2022,19800.0,1.1575836902790226,1.0,1.3335216533675034,0.00317,0.00251189,0.00398107,0.0734,0.05,0.1,0.847,0.8,0.9,7430000.0,11400.0,2110000.0,1.0,True,0.01,0.95,10.0,39600.0,0.938,0.139
1430,1 - 1 - 2022,19800.0,1.1575836902790226,1.0,1.3335216533675034,0.00315,0.00251189,0.00398107,0.0736,0.05,0.1,0.946,0.9,1.0,4620000.0,8990.0,1350000.0,1.0,True,0.01,0.95,10.0,39600.0,0.938,0.139
1431,1 - 1 - 2022,19800.0,1.1575836902790226,1.0,1.3335216533675034,0.00316,0.00251189,0.00398107,0.0742,0.05,0.1,1.15,1.0,1.5,1410000.0,2220.0,479000.0,1.0,True,0.01,0.95,10.0,39600.0,0.938,0.139
1432,1 - 1 - 2022,19800.0,1.1661903789690602,1.0,1.3335216533675034,0.00307,0.00251189,0.00398107,0.0761,0.05,0.1,1.67,1.5,2.0,146000.0,715.0,59500.0,1.0,True,0.01,0.95,10.0,39600.0,0.938,0.139
1433,1 - 1 - 2022,19800.0,1.1789826122551597,1.0,1.3335216533675034,0.00305,0.00251189,0.00398107,0.075,0.05,0.1,2.3,2.0,4.0,3280.0,53.6,2510.0,1.0,True,0.01,0.95,10.0,39600.0,0.938,0.139
1434,1 - 1 - 2022,19800.0,1.1489125293076057,1.0,1.3335216533675034,0.00315,0.00251189,0.00398107,0.122,0.1,0.15,0.0339,0.0,0.05,2970000.0,10200.0,2640000.0,1.0,True,0.01,0.95,10.0,39600.0,0.938,0.139
1435,1 - 1 - 2022,19800.0,1.1489125293076057,1.0,1.3335216533675034,0.00316,0.00251189,0.00398107,0.123,0.1,0.15,0.0775,0.05,0.1,8740000.0,17500.0,7640000.0,1.0,True,0.01,0.95,10.0,39600.0,0.938,0.139
1436,1 - 1 - 2022,19800.0,1.1489125293076057,1.0,1.3335216533675034,0.00317,0.00251189,0.00398107,0.123,0.1,0.15,0.155,0.1,0.2,13900000.0,15600.0,11000000.0,1.0,True,0.01,0.95,10.0,39600.0,0.938,0.139
1437,1 - 1 - 2022,19800.0,1.1489125293076057,1.0,1.3335216533675034,0.00317,0.00251189,0.00398107,0.123,0.1,0.15,0.251,0.2,0.3,19300000.0,18400.0,12500000.0,1.0,True,0.01,0.95,10.0,39600.0,0.938,0.139
1438,1 - 1 - 2022,19800.0,1.1489125293076057,1.0,1.3335216533675034,0.00318,0.00251189,0.00398107,0.124,0.1,0.15,0.35,0.3,0.4,20000000.0,18700.0,10100000.0,1.0,True,0.01,0.95,10.0,39600.0,0.938,0.139
1439,1 - 1 - 2022,19800.0,1.1532562594670797,1.0,1.3335216533675034,0.00318,0.00251189,0.00398107,0.123,0.1,0.15,0.449,0.4,0.5,18300000.0,17900.0,7180000.0,1.0,True,0.01,0.95,10.0,39600.0,0.938,0.139
1440,1 - 1 - 2022,19800.0,1.1532562594670797,1.0,1.3335216533675034,0.00318,0.00251189,0.00398107,0.123,0.1,0.15,0.549,0.5,0.6,14300000.0,15800.0,4520000.0,1.0,True,0.01,0.95,10.0,39600.0,0.938,0.139
1441,1 - 1 - 2022,19800.0,1.1532562594670797,1.0,1.3335216533675034,0.00317,0.00251189,0.00398107,0.123,0.1,0.15,0.648,0.6,0.7,10700000.0,13700.0,3170000.0,1.0,True,0.01,0.95,10.0,39600.0,0.938,0.139
1442,1 - 1 - 2022,19800.0,1.1489125293076057,1.0,1.3335216533675034,0.00318,0.00251189,0.00398107,0.124,0.1,0.15,0.746,0.7,0.8,7880000.0,11700.0,2390000.0,1.0,True,0.01,0.95,10.0,39600.0,0.938,0.139
1443,1 - 1 - 2022,19800.0,1.1532562594670797,1.0,1.3335216533675034,0.00315,0.00251189,0.00398107,0.124,0.1,0.15,0.846,0.8,0.9,5070000.0,9420.0,1490000.0,1.0,True,0.01,0.95,10.0,39600.0,0.938,0.139
1444,1 - 1 - 2022,19800.0,1.1575836902790226,1.0,1.3335216533675034,0.00315,0.00251189,0.00398107,0.124,0.1,0.15,0.946,0.9,1.0,3320000.0,7620.0,888000.0,1.0,True,0.01,0.95,10.0,39600.0,0.938,0.139
1445,1 - 1 - 2022,19800.0,1.1575836902790226,1.0,1.3335216533675034,0.00316,0.00251189,0.00398107,0.124,0.1,0.15,1.17,1.0,1.5,1020000.0,1890.0,258000.0,1.0,True,0.01,0.95,10.0,39600.0,0.938,0.139
1446,1 - 1 - 2022,19800.0,1.1704699910719625,1.0,1.3335216533675034,0.00316,0.00251189,0.00398107,0.125,0.1,0.15,1.67,1.5,2.0,126000.0,664.0,24700.0,1.0,True,0.01,0.95,10.0,39600.0,0.938,0.139
1447,1 - 1 - 2022,19800.0,1.174734012447073,1.0,1.3335216533675034,0.00321,0.00251189,0.00398107,0.128,0.1,0.15,2.3,2.0,4.0,5210.0,67.5,772.0,1.0,True,0.01,0.95,10.0,39600.0,0.938,0.139
1448,1 - 1 - 2022,19800.0,1.1532562594670797,1.0,1.3335216533675034,0.00318,0.00251189,0.00398107,0.174,0.15,0.2,0.154,0.1,0.2,9600000.0,13000.0,9390000.0,1.0,True,0.01,0.95,10.0,39600.0,0.938,0.139
1449,1 - 1 - 2022,19800.0,1.1489125293076057,1.0,1.3335216533675034,0.00319,0.00251189,0.00398107,0.174,0.15,0.2,0.252,0.2,0.3,12400000.0,14800.0,11000000.0,1.0,True,0.01,0.95,10.0,39600.0,0.938,0.139
1450,1 - 1 - 2022,19800.0,1.1489125293076057,1.0,1.3335216533675034,0.00318,0.00251189,0.00398107,0.173,0.15,0.2,0.35,0.3,0.4,13000000.0,15100.0,9630000.0,1.0,True,0.01,0.95,10.0,39600.0,0.938,0.139
1451,1 - 1 - 2022,19800.0,1.1489125293076057,1.0,1.3335216533675034,0.00318,0.00251189,0.00398107,0.174,0.15,0.2,0.448,0.4,0.5,11600000.0,14200.0,7020000.0,1.0,True,0.01,0.95,10.0,39600.0,0.938,0.139
1452,1 - 1 - 2022,19800.0,1.1489125293076057,1.0,1.3335216533675034,0.00317,0.00251189,0.00398107,0.173,0.15,0.2,0.548,0.5,0.6,9480000.0,12900.0,4870000.0,1.0,True,0.01,0.95,10.0,39600.0,0.938,0.139
1453,1 - 1 - 2022,19800.0,1.1489125293076057,1.0,1.3335216533675034,0.00318,0.00251189,0.00398107,0.174,0.15,0.2,0.647,0.6,0.7,6840000.0,10900.0,2690000.0,1.0,True,0.01,0.95,10.0,39600.0,0.938,0.139
1454,1 - 1 - 2022,19800.0,1.1445523142259597,1.0,1.3335216533675034,0.00318,0.00251189,0.00398107,0.173,0.15,0.2,0.747,0.7,0.8,5390000.0,9710.0,1950000.0,1.0,True,0.01,0.95,10.0,39600.0,0.938,0.139
1455,1 - 1 - 2022,19800.0,1.1489125293076057,1.0,1.3335216533675034,0.00317,0.00251189,0.00398107,0.173,0.15,0.2,0.846,0.8,0.9,3590000.0,7920.0,1140000.0,1.0,True,0.01,0.95,10.0,39600.0,0.938,0.139
1456,1 - 1 - 2022,19800.0,1.1445523142259597,1.0,1.3335216533675034,0.00315,0.00251189,0.00398107,0.174,0.15,0.2,0.945,0.9,1.0,2450000.0,6550.0,741000.0,1.0,True,0.01,0.95,10.0,39600.0,0.938,0.139
1457,1 - 1 - 2022,19800.0,1.1575836902790226,1.0,1.3335216533675034,0.00316,0.00251189,0.00398107,0.174,0.15,0.2,1.17,1.0,1.5,787000.0,1660.0,216000.0,1.0,True,0.01,0.95,10.0,39600.0,0.938,0.139
1458,1 - 1 - 2022,19800.0,1.1532562594670797,1.0,1.3335216533675034,0.00315,0.00251189,0.00398107,0.175,0.15,0.2,1.69,1.5,2.0,104000.0,604.0,29300.0,1.0,True,0.01,0.95,10.0,39600.0,0.938,0.139
1459,1 - 1 - 2022,19800.0,1.1789826122551597,1.0,1.3335216533675034,0.00317,0.00251189,0.00398107,0.174,0.15,0.2,2.26,2.0,4.0,6180.0,73.5,1160.0,1.0,True,0.01,0.95,10.0,39600.0,0.938,0.139
1460,1 - 1 - 2022,19800.0,1.140175425099138,1.0,1.3335216533675034,0.00313,0.00251189,0.00398107,0.222,0.2,0.25,0.0331,0.0,0.05,1500000.0,7240.0,1470000.0,1.0,True,0.01,0.95,10.0,39600.0,0.938,0.139
1461,1 - 1 - 2022,19800.0,1.1489125293076057,1.0,1.3335216533675034,0.00316,0.00251189,0.00398107,0.224,0.2,0.25,0.0774,0.05,0.1,3880000.0,11700.0,3800000.0,1.0,True,0.01,0.95,10.0,39600.0,0.938,0.139
1462,1 - 1 - 2022,19800.0,1.1532562594670797,1.0,1.3335216533675034,0.00319,0.00251189,0.00398107,0.224,0.2,0.25,0.155,0.1,0.2,6530000.0,10700.0,6450000.0,1.0,True,0.01,0.95,10.0,39600.0,0.938,0.139
1463,1 - 1 - 2022,19800.0,1.1489125293076057,1.0,1.3335216533675034,0.00319,0.00251189,0.00398107,0.224,0.2,0.25,0.252,0.2,0.3,8470000.0,12200.0,8080000.0,1.0,True,0.01,0.95,10.0,39600.0,0.938,0.139
1464,1 - 1 - 2022,19800.0,1.1489125293076057,1.0,1.3335216533675034,0.00316,0.00251189,0.00398107,0.224,0.2,0.25,0.349,0.3,0.4,9350000.0,12800.0,7960000.0,1.0,True,0.01,0.95,10.0,39600.0,0.938,0.139
1465,1 - 1 - 2022,19800.0,1.1489125293076057,1.0,1.3335216533675034,0.00318,0.00251189,0.00398107,0.224,0.2,0.25,0.449,0.4,0.5,8440000.0,12100.0,6170000.0,1.0,True,0.01,0.95,10.0,39600.0,0.938,0.139
1466,1 - 1 - 2022,19800.0,1.1532562594670797,1.0,1.3335216533675034,0.00318,0.00251189,0.00398107,0.223,0.2,0.25,0.547,0.5,0.6,6500000.0,10700.0,4110000.0,1.0,True,0.01,0.95,10.0,39600.0,0.938,0.139
1467,1 - 1 - 2022,19800.0,1.1532562594670797,1.0,1.3335216533675034,0.00316,0.00251189,0.00398107,0.224,0.2,0.25,0.649,0.6,0.7,5140000.0,9480.0,2810000.0,1.0,True,0.01,0.95,10.0,39600.0,0.938,0.139
1468,1 - 1 - 2022,19800.0,1.1489125293076057,1.0,1.3335216533675034,0.00317,0.00251189,0.00398107,0.224,0.2,0.25,0.748,0.7,0.8,3710000.0,8060.0,1700000.0,1.0,True,0.01,0.95,10.0,39600.0,0.938,0.139
1469,1 - 1 - 2022,19800.0,1.1489125293076057,1.0,1.3335216533675034,0.00319,0.00251189,0.00398107,0.223,0.2,0.25,0.847,0.8,0.9,2660000.0,6820.0,1070000.0,1.0,True,0.01,0.95,10.0,39600.0,0.938,0.139
1470,1 - 1 - 2022,19800.0,1.1575836902790226,1.0,1.3335216533675034,0.00316,0.00251189,0.00398107,0.224,0.2,0.25,0.946,0.9,1.0,1820000.0,5640.0,517000.0,1.0,True,0.01,0.95,10.0,39600.0,0.938,0.139
1471,1 - 1 - 2022,19800.0,1.1575836902790226,1.0,1.3335216533675034,0.0032,0.00251189,0.00398107,0.223,0.2,0.25,1.18,1.0,1.5,622000.0,1480.0,173000.0,1.0,True,0.01,0.95,10.0,39600.0,0.938,0.139
1472,1 - 1 - 2022,19800.0,1.1661903789690602,1.0,1.3335216533675034,0.00314,0.00251189,0.00398107,0.224,0.2,0.25,1.67,1.5,2.0,84200.0,543.0,17800.0,1.0,True,0.01,0.95,10.0,39600.0,0.938,0.139
1473,1 - 1 - 2022,19800.0,1.1832159566199232,1.0,1.3335216533675034,0.0031,0.00251189,0.00398107,0.224,0.2,0.25,2.37,2.0,4.0,7340.0,80.1,1160.0,1.0,True,0.01,0.95,10.0,39600.0,0.938,0.139
1474,1 - 1 - 2022,19800.0,1.140175425099138,1.0,1.3335216533675034,0.00317,0.00251189,0.00398107,0.276,0.25,0.3,0.0332,0.0,0.05,795000.0,5270.0,734000.0,1.0,True,0.01,0.95,10.0,39600.0,0.938,0.139
1475,1 - 1 - 2022,19800.0,1.1489125293076057,1.0,1.3335216533675034,0.00319,0.00251189,0.00398107,0.273,0.25,0.3,0.0772,0.05,0.1,2560000.0,9460.0,2290000.0,1.0,True,0.01,0.95,10.0,39600.0,0.938,0.139
1476,1 - 1 - 2022,19800.0,1.1489125293076057,1.0,1.3335216533675034,0.00318,0.00251189,0.00398107,0.274,0.25,0.3,0.155,0.1,0.2,5100000.0,9450.0,4850000.0,1.0,True,0.01,0.95,10.0,39600.0,0.938,0.139
1477,1 - 1 - 2022,19800.0,1.1489125293076057,1.0,1.3335216533675034,0.00319,0.00251189,0.00398107,0.274,0.25,0.3,0.253,0.2,0.3,6350000.0,10500.0,6090000.0,1.0,True,0.01,0.95,10.0,39600.0,0.938,0.139
1478,1 - 1 - 2022,19800.0,1.1532562594670797,1.0,1.3335216533675034,0.00317,0.00251189,0.00398107,0.274,0.25,0.3,0.35,0.3,0.4,6980000.0,11100.0,6190000.0,1.0,True,0.01,0.95,10.0,39600.0,0.938,0.139
1479,1 - 1 - 2022,19800.0,1.1489125293076057,1.0,1.3335216533675034,0.00319,0.00251189,0.00398107,0.273,0.25,0.3,0.448,0.4,0.5,5860000.0,10100.0,4520000.0,1.0,True,0.01,0.95,10.0,39600.0,0.938,0.139
1480,1 - 1 - 2022,19800.0,1.1489125293076057,1.0,1.3335216533675034,0.00318,0.00251189,0.00398107,0.274,0.25,0.3,0.549,0.5,0.6,4730000.0,9100.0,3190000.0,1.0,True,0.01,0.95,10.0,39600.0,0.938,0.139
1481,1 - 1 - 2022,19800.0,1.1489125293076057,1.0,1.3335216533675034,0.00318,0.00251189,0.00398107,0.275,0.25,0.3,0.647,0.6,0.7,3750000.0,8100.0,2250000.0,1.0,True,0.01,0.95,10.0,39600.0,0.938,0.139
1482,1 - 1 - 2022,19800.0,1.1489125293076057,1.0,1.3335216533675034,0.00318,0.00251189,0.00398107,0.275,0.25,0.3,0.747,0.7,0.8,2720000.0,6900.0,1440000.0,1.0,True,0.01,0.95,10.0,39600.0,0.938,0.139
1483,1 - 1 - 2022,19800.0,1.1489125293076057,1.0,1.3335216533675034,0.00319,0.00251189,0.00398107,0.273,0.25,0.3,0.848,0.8,0.9,1960000.0,5850.0,923000.0,1.0,True,0.01,0.95,10.0,39600.0,0.938,0.139
1484,1 - 1 - 2022,19800.0,1.140175425099138,1.0,1.3335216533675034,0.00313,0.00251189,0.00398107,0.273,0.25,0.3,0.947,0.9,1.0,1250000.0,4680.0,533000.0,1.0,True,0.01,0.95,10.0,39600.0,0.938,0.139
1485,1 - 1 - 2022,19800.0,1.1532562594670797,1.0,1.3335216533675034,0.00315,0.00251189,0.00398107,0.274,0.25,0.3,1.17,1.0,1.5,500000.0,1320.0,160000.0,1.0,True,0.01,0.95,10.0,39600.0,0.938,0.139
1486,1 - 1 - 2022,19800.0,1.1832159566199232,1.0,1.3335216533675034,0.00314,0.00251189,0.00398107,0.275,0.25,0.3,1.68,1.5,2.0,61800.0,465.0,8490.0,1.0,True,0.01,0.95,10.0,39600.0,0.938,0.139
1487,1 - 1 - 2022,19800.0,1.1789826122551597,1.0,1.3335216533675034,0.00316,0.00251189,0.00398107,0.274,0.25,0.3,2.33,2.0,4.0,5210.0,67.5,965.0,1.0,True,0.01,0.95,10.0,39600.0,0.938,0.139
1488,1 - 1 - 2022,19800.0,1.1445523142259597,1.0,1.3335216533675034,0.00322,0.00251189,0.00398107,0.347,0.3,0.4,0.0334,0.0,0.05,649000.0,3370.0,525000.0,1.0,True,0.01,0.95,10.0,39600.0,0.938,0.139
1489,1 - 1 - 2022,19800.0,1.140175425099138,1.0,1.3335216533675034,0.00318,0.00251189,0.00398107,0.349,0.3,0.4,0.0769,0.05,0.1,1810000.0,5620.0,1500000.0,1.0,True,0.01,0.95,10.0,39600.0,0.938,0.139
1490,1 - 1 - 2022,19800.0,1.1489125293076057,1.0,1.3335216533675034,0.00319,0.00251189,0.00398107,0.347,0.3,0.4,0.155,0.1,0.2,3300000.0,5370.0,2800000.0,1.0,True,0.01,0.95,10.0,39600.0,0.938,0.139
1491,1 - 1 - 2022,19800.0,1.1489125293076057,1.0,1.3335216533675034,0.00319,0.00251189,0.00398107,0.346,0.3,0.4,0.251,0.2,0.3,4310000.0,6140.0,3870000.0,1.0,True,0.01,0.95,10.0,39600.0,0.938,0.139
1492,1 - 1 - 2022,19800.0,1.1489125293076057,1.0,1.3335216533675034,0.0032,0.00251189,0.00398107,0.346,0.3,0.4,0.348,0.3,0.4,4420000.0,6220.0,3830000.0,1.0,True,0.01,0.95,10.0,39600.0,0.938,0.139
1493,1 - 1 - 2022,19800.0,1.1532562594670797,1.0,1.3335216533675034,0.00317,0.00251189,0.00398107,0.346,0.3,0.4,0.449,0.4,0.5,4060000.0,5960.0,3190000.0,1.0,True,0.01,0.95,10.0,39600.0,0.938,0.139
1494,1 - 1 - 2022,19800.0,1.1532562594670797,1.0,1.3335216533675034,0.00319,0.00251189,0.00398107,0.347,0.3,0.4,0.548,0.5,0.6,3360000.0,5420.0,2240000.0,1.0,True,0.01,0.95,10.0,39600.0,0.938,0.139
1495,1 - 1 - 2022,19800.0,1.1489125293076057,1.0,1.3335216533675034,0.00319,0.00251189,0.00398107,0.346,0.3,0.4,0.647,0.6,0.7,2490000.0,4660.0,1580000.0,1.0,True,0.01,0.95,10.0,39600.0,0.938,0.139
1496,1 - 1 - 2022,19800.0,1.1489125293076057,1.0,1.3335216533675034,0.00318,0.00251189,0.00398107,0.345,0.3,0.4,0.747,0.7,0.8,1750000.0,3920.0,996000.0,1.0,True,0.01,0.95,10.0,39600.0,0.938,0.139
1497,1 - 1 - 2022,19800.0,1.1532562594670797,1.0,1.3335216533675034,0.00318,0.00251189,0.00398107,0.347,0.3,0.4,0.847,0.8,0.9,1260000.0,3320.0,606000.0,1.0,True,0.01,0.95,10.0,39600.0,0.938,0.139
1498,1 - 1 - 2022,19800.0,1.1532562594670797,1.0,1.3335216533675034,0.00321,0.00251189,0.00398107,0.344,0.3,0.4,0.948,0.9,1.0,900000.0,2800.0,415000.0,1.0,True,0.01,0.95,10.0,39600.0,0.938,0.139
1499,1 - 1 - 2022,19800.0,1.1532562594670797,1.0,1.3335216533675034,0.00317,0.00251189,0.00398107,0.346,0.3,0.4,1.18,1.0,1.5,324000.0,753.0,116000.0,1.0,True,0.01,0.95,10.0,39600.0,0.938,0.139
1500,1 - 1 - 2022,19800.0,1.1789826122551597,1.0,1.3335216533675034,0.00321,0.00251189,0.00398107,0.347,0.3,0.4,1.7,1.5,2.0,59500.0,322.0,12400.0,1.0,True,0.01,0.95,10.0,39600.0,0.938,0.139
1501,1 - 1 - 2022,19800.0,1.1532562594670797,1.0,1.3335216533675034,0.00319,0.00251189,0.00398107,0.346,0.3,0.4,2.45,2.0,4.0,4830.0,45.9,1250.0,1.0,True,0.01,0.95,10.0,39600.0,0.938,0.139
1502,1 - 1 - 2022,19800.0,1.1445523142259597,1.0,1.3335216533675034,0.00315,0.00251189,0.00398107,0.449,0.4,0.5,0.0323,0.0,0.05,502000.0,2960.0,371000.0,1.0,True,0.01,0.95,10.0,39600.0,0.938,0.139
1503,1 - 1 - 2022,19800.0,1.1532562594670797,1.0,1.3335216533675034,0.0032,0.00251189,0.00398107,0.446,0.4,0.5,0.0766,0.05,0.1,1540000.0,5190.0,1020000.0,1.0,True,0.01,0.95,10.0,39600.0,0.938,0.139
1504,1 - 1 - 2022,19800.0,1.1489125293076057,1.0,1.3335216533675034,0.00318,0.00251189,0.00398107,0.446,0.4,0.5,0.153,0.1,0.2,2220000.0,4410.0,1470000.0,1.0,True,0.01,0.95,10.0,39600.0,0.938,0.139
1505,1 - 1 - 2022,19800.0,1.1489125293076057,1.0,1.3335216533675034,0.00321,0.00251189,0.00398107,0.447,0.4,0.5,0.251,0.2,0.3,2740000.0,4890.0,1980000.0,1.0,True,0.01,0.95,10.0,39600.0,0.938,0.139
1506,1 - 1 - 2022,19800.0,1.1489125293076057,1.0,1.3335216533675034,0.00319,0.00251189,0.00398107,0.446,0.4,0.5,0.349,0.3,0.4,2760000.0,4910.0,1990000.0,1.0,True,0.01,0.95,10.0,39600.0,0.938,0.139
1507,1 - 1 - 2022,19800.0,1.1489125293076057,1.0,1.3335216533675034,0.00317,0.00251189,0.00398107,0.445,0.4,0.5,0.448,0.4,0.5,2400000.0,4580.0,1630000.0,1.0,True,0.01,0.95,10.0,39600.0,0.938,0.139
1508,1 - 1 - 2022,19800.0,1.1445523142259597,1.0,1.3335216533675034,0.0032,0.00251189,0.00398107,0.448,0.4,0.5,0.548,0.5,0.6,1950000.0,4130.0,1270000.0,1.0,True,0.01,0.95,10.0,39600.0,0.938,0.139
1509,1 - 1 - 2022,19800.0,1.1445523142259597,1.0,1.3335216533675034,0.00319,0.00251189,0.00398107,0.446,0.4,0.5,0.647,0.6,0.7,1430000.0,3540.0,820000.0,1.0,True,0.01,0.95,10.0,39600.0,0.938,0.139
1510,1 - 1 - 2022,19800.0,1.1489125293076057,1.0,1.3335216533675034,0.00318,0.00251189,0.00398107,0.447,0.4,0.5,0.749,0.7,0.8,1130000.0,3150.0,610000.0,1.0,True,0.01,0.95,10.0,39600.0,0.938,0.139
1511,1 - 1 - 2022,19800.0,1.1445523142259597,1.0,1.3335216533675034,0.00318,0.00251189,0.00398107,0.447,0.4,0.5,0.848,0.8,0.9,780000.0,2610.0,417000.0,1.0,True,0.01,0.95,10.0,39600.0,0.938,0.139
1512,1 - 1 - 2022,19800.0,1.1357816691600546,1.0,1.3335216533675034,0.00322,0.00251189,0.00398107,0.448,0.4,0.5,0.95,0.9,1.0,467000.0,2020.0,218000.0,1.0,True,0.01,0.95,10.0,39600.0,0.938,0.139
1513,1 - 1 - 2022,19800.0,1.1532562594670797,1.0,1.3335216533675034,0.00318,0.00251189,0.00398107,0.446,0.4,0.5,1.18,1.0,1.5,198000.0,589.0,77200.0,1.0,True,0.01,0.95,10.0,39600.0,0.938,0.139
1514,1 - 1 - 2022,19800.0,1.1661903789690602,1.0,1.3335216533675034,0.00313,0.00251189,0.00398107,0.446,0.4,0.5,1.67,1.5,2.0,37100.0,255.0,10400.0,1.0,True,0.01,0.95,10.0,39600.0,0.938,0.139
1515,1 - 1 - 2022,19800.0,1.1704699910719625,1.0,1.3335216533675034,0.00316,0.00251189,0.00398107,0.443,0.4,0.5,2.24,2.0,4.0,3090.0,36.8,290.0,1.0,True,0.01,0.95,10.0,39600.0,0.938,0.139
1516,1 - 1 - 2022,19800.0,1.1532562594670797,1.0,1.3335216533675034,0.00323,0.00251189,0.00398107,0.551,0.5,0.6,0.0342,0.0,0.05,293000.0,2270.0,166000.0,1.0,True,0.01,0.95,10.0,39600.0,0.938,0.139
1517,1 - 1 - 2022,19800.0,1.1445523142259597,1.0,1.3335216533675034,0.00324,0.00251189,0.00398107,0.548,0.5,0.6,0.0772,0.05,0.1,950000.0,4080.0,552000.0,1.0,True,0.01,0.95,10.0,39600.0,0.938,0.139
1518,1 - 1 - 2022,19800.0,1.1489125293076057,1.0,1.3335216533675034,0.00319,0.00251189,0.00398107,0.548,0.5,0.6,0.153,0.1,0.2,1580000.0,3720.0,805000.0,1.0,True,0.01,0.95,10.0,39600.0,0.938,0.139
1519,1 - 1 - 2022,19800.0,1.1532562594670797,1.0,1.3335216533675034,0.00317,0.00251189,0.00398107,0.548,0.5,0.6,0.252,0.2,0.3,1970000.0,4150.0,1020000.0,1.0,True,0.01,0.95,10.0,39600.0,0.938,0.139
1520,1 - 1 - 2022,19800.0,1.1489125293076057,1.0,1.3335216533675034,0.00317,0.00251189,0.00398107,0.548,0.5,0.6,0.349,0.3,0.4,1870000.0,4040.0,1090000.0,1.0,True,0.01,0.95,10.0,39600.0,0.938,0.139
1521,1 - 1 - 2022,19800.0,1.1489125293076057,1.0,1.3335216533675034,0.00318,0.00251189,0.00398107,0.544,0.5,0.6,0.45,0.4,0.5,1560000.0,3690.0,902000.0,1.0,True,0.01,0.95,10.0,39600.0,0.938,0.139
1522,1 - 1 - 2022,19800.0,1.1489125293076057,1.0,1.3335216533675034,0.00317,0.00251189,0.00398107,0.547,0.5,0.6,0.549,0.5,0.6,1430000.0,3530.0,807000.0,1.0,True,0.01,0.95,10.0,39600.0,0.938,0.139
1523,1 - 1 - 2022,19800.0,1.1445523142259597,1.0,1.3335216533675034,0.00319,0.00251189,0.00398107,0.547,0.5,0.6,0.647,0.6,0.7,963000.0,2900.0,535000.0,1.0,True,0.01,0.95,10.0,39600.0,0.938,0.139
1524,1 - 1 - 2022,19800.0,1.1532562594670797,1.0,1.3335216533675034,0.00321,0.00251189,0.00398107,0.548,0.5,0.6,0.747,0.7,0.8,788000.0,2620.0,390000.0,1.0,True,0.01,0.95,10.0,39600.0,0.938,0.139
1525,1 - 1 - 2022,19800.0,1.140175425099138,1.0,1.3335216533675034,0.00317,0.00251189,0.00398107,0.546,0.5,0.6,0.844,0.8,0.9,463000.0,2010.0,249000.0,1.0,True,0.01,0.95,10.0,39600.0,0.938,0.139
1526,1 - 1 - 2022,19800.0,1.1532562594670797,1.0,1.3335216533675034,0.00315,0.00251189,0.00398107,0.547,0.5,0.6,0.951,0.9,1.0,301000.0,1620.0,118000.0,1.0,True,0.01,0.95,10.0,39600.0,0.938,0.139
1527,1 - 1 - 2022,19800.0,1.1445523142259597,1.0,1.3335216533675034,0.00317,0.00251189,0.00398107,0.545,0.5,0.6,1.18,1.0,1.5,117000.0,452.0,51400.0,1.0,True,0.01,0.95,10.0,39600.0,0.938,0.139
1528,1 - 1 - 2022,19800.0,1.161895003862225,1.0,1.3335216533675034,0.0031,0.00251189,0.00398107,0.544,0.5,0.6,1.7,1.5,2.0,26300.0,214.0,7340.0,1.0,True,0.01,0.95,10.0,39600.0,0.938,0.139
1529,1 - 1 - 2022,19800.0,1.1789826122551597,1.0,1.3335216533675034,0.00324,0.00251189,0.00398107,0.549,0.5,0.6,2.38,2.0,4.0,1540.0,26.0,386.0,1.0,True,0.01,0.95,10.0,39600.0,0.938,0.139
1530,1 - 1 - 2022,19800.0,1.1357816691600546,1.0,1.3335216533675034,0.00317,0.00251189,0.00398107,0.648,0.6,0.7,0.0371,0.0,0.05,112000.0,1400.0,54100.0,1.0,True,0.01,0.95,10.0,39600.0,0.938,0.139
1531,1 - 1 - 2022,19800.0,1.140175425099138,1.0,1.3335216533675034,0.0031,0.00251189,0.00398107,0.638,0.6,0.7,0.0789,0.05,0.1,490000.0,2930.0,232000.0,1.0,True,0.01,0.95,10.0,39600.0,0.938,0.139
1532,1 - 1 - 2022,19800.0,1.1489125293076057,1.0,1.3335216533675034,0.00318,0.00251189,0.00398107,0.641,0.6,0.7,0.157,0.1,0.2,699000.0,2470.0,297000.0,1.0,True,0.01,0.95,10.0,39600.0,0.938,0.139
1533,1 - 1 - 2022,19800.0,1.1489125293076057,1.0,1.3335216533675034,0.0032,0.00251189,0.00398107,0.642,0.6,0.7,0.25,0.2,0.3,965000.0,2910.0,396000.0,1.0,True,0.01,0.95,10.0,39600.0,0.938,0.139
1534,1 - 1 - 2022,19800.0,1.140175425099138,1.0,1.3335216533675034,0.0032,0.00251189,0.00398107,0.645,0.6,0.7,0.349,0.3,0.4,1010000.0,2980.0,467000.0,1.0,True,0.01,0.95,10.0,39600.0,0.938,0.139
1535,1 - 1 - 2022,19800.0,1.1489125293076057,1.0,1.3335216533675034,0.00318,0.00251189,0.00398107,0.648,0.6,0.7,0.449,0.4,0.5,971000.0,2910.0,496000.0,1.0,True,0.01,0.95,10.0,39600.0,0.938,0.139
1536,1 - 1 - 2022,19800.0,1.1489125293076057,1.0,1.3335216533675034,0.00316,0.00251189,0.00398107,0.644,0.6,0.7,0.549,0.5,0.6,788000.0,2620.0,382000.0,1.0,True,0.01,0.95,10.0,39600.0,0.938,0.139
1537,1 - 1 - 2022,19800.0,1.1489125293076057,1.0,1.3335216533675034,0.00318,0.00251189,0.00398107,0.645,0.6,0.7,0.644,0.6,0.7,604000.0,2300.0,319000.0,1.0,True,0.01,0.95,10.0,39600.0,0.938,0.139
1538,1 - 1 - 2022,19800.0,1.1532562594670797,1.0,1.3335216533675034,0.00321,0.00251189,0.00398107,0.647,0.6,0.7,0.749,0.7,0.8,425000.0,1930.0,183000.0,1.0,True,0.01,0.95,10.0,39600.0,0.938,0.139
1539,1 - 1 - 2022,19800.0,1.1445523142259597,1.0,1.3335216533675034,0.00323,0.00251189,0.00398107,0.644,0.6,0.7,0.849,0.8,0.9,313000.0,1650.0,145000.0,1.0,True,0.01,0.95,10.0,39600.0,0.938,0.139
1540,1 - 1 - 2022,19800.0,1.1575836902790226,1.0,1.3335216533675034,0.00318,0.00251189,0.00398107,0.646,0.6,0.7,0.943,0.9,1.0,154000.0,1160.0,59800.0,1.0,True,0.01,0.95,10.0,39600.0,0.938,0.139
1541,1 - 1 - 2022,19800.0,1.1445523142259597,1.0,1.3335216533675034,0.0032,0.00251189,0.00398107,0.647,0.6,0.7,1.17,1.0,1.5,71000.0,353.0,29300.0,1.0,True,0.01,0.95,10.0,39600.0,0.938,0.139
1542,1 - 1 - 2022,19800.0,1.1661903789690602,1.0,1.3335216533675034,0.00318,0.00251189,0.00398107,0.636,0.6,0.7,1.74,1.5,2.0,9650.0,130.0,1930.0,1.0,True,0.01,0.95,10.0,39600.0,0.938,0.139
1543,1 - 1 - 2022,19800.0,1.1874342087037917,1.0,1.3335216533675034,0.00314,0.00251189,0.00398107,0.659,0.6,0.7,2.5,2.0,4.0,579.0,15.9,193.0,1.0,True,0.01,0.95,10.0,39600.0,0.938,0.139
1544,1 - 1 - 2022,19800.0,1.1661903789690602,1.0,1.3335216533675034,0.0032,0.00251189,0.00398107,0.756,0.7,0.8,0.0319,0.0,0.05,54100.0,972.0,19300.0,1.0,True,0.01,0.95,10.0,39600.0,0.938,0.139
1545,1 - 1 - 2022,19800.0,1.131370849898476,1.0,1.3335216533675034,0.00308,0.00251189,0.00398107,0.74,0.7,0.8,0.0774,0.05,0.1,224000.0,1980.0,81100.0,1.0,True,0.01,0.95,10.0,39600.0,0.938,0.139
1546,1 - 1 - 2022,19800.0,1.1489125293076057,1.0,1.3335216533675034,0.0032,0.00251189,0.00398107,0.748,0.7,0.8,0.157,0.1,0.2,390000.0,1850.0,137000.0,1.0,True,0.01,0.95,10.0,39600.0,0.938,0.139
1547,1 - 1 - 2022,19800.0,1.1489125293076057,1.0,1.3335216533675034,0.00318,0.00251189,0.00398107,0.748,0.7,0.8,0.252,0.2,0.3,598000.0,2290.0,236000.0,1.0,True,0.01,0.95,10.0,39600.0,0.938,0.139
1548,1 - 1 - 2022,19800.0,1.140175425099138,1.0,1.3335216533675034,0.0032,0.00251189,0.00398107,0.747,0.7,0.8,0.349,0.3,0.4,587000.0,2270.0,237000.0,1.0,True,0.01,0.95,10.0,39600.0,0.938,0.139
1549,1 - 1 - 2022,19800.0,1.1445523142259597,1.0,1.3335216533675034,0.00316,0.00251189,0.00398107,0.747,0.7,0.8,0.446,0.4,0.5,629000.0,2350.0,261000.0,1.0,True,0.01,0.95,10.0,39600.0,0.938,0.139
1550,1 - 1 - 2022,19800.0,1.1532562594670797,1.0,1.3335216533675034,0.00318,0.00251189,0.00398107,0.748,0.7,0.8,0.544,0.5,0.6,535000.0,2160.0,218000.0,1.0,True,0.01,0.95,10.0,39600.0,0.938,0.139
1551,1 - 1 - 2022,19800.0,1.1532562594670797,1.0,1.3335216533675034,0.00317,0.00251189,0.00398107,0.746,0.7,0.8,0.65,0.6,0.7,432000.0,1940.0,189000.0,1.0,True,0.01,0.95,10.0,39600.0,0.938,0.139
1552,1 - 1 - 2022,19800.0,1.1532562594670797,1.0,1.3335216533675034,0.00317,0.00251189,0.00398107,0.749,0.7,0.8,0.744,0.7,0.8,297000.0,1610.0,143000.0,1.0,True,0.01,0.95,10.0,39600.0,0.938,0.139
1553,1 - 1 - 2022,19800.0,1.1789826122551597,1.0,1.3335216533675034,0.00319,0.00251189,0.00398107,0.744,0.7,0.8,0.847,0.8,0.9,151000.0,1150.0,63700.0,1.0,True,0.01,0.95,10.0,39600.0,0.938,0.139
1554,1 - 1 - 2022,19800.0,1.1489125293076057,1.0,1.3335216533675034,0.00315,0.00251189,0.00398107,0.746,0.7,0.8,0.945,0.9,1.0,98500.0,928.0,44400.0,1.0,True,0.01,0.95,10.0,39600.0,0.938,0.139
1555,1 - 1 - 2022,19800.0,1.1575836902790226,1.0,1.3335216533675034,0.00318,0.00251189,0.00398107,0.742,0.7,0.8,1.15,1.0,1.5,37800.0,257.0,13900.0,1.0,True,0.01,0.95,10.0,39600.0,0.938,0.139
1556,1 - 1 - 2022,19800.0,1.1704699910719625,1.0,1.3335216533675034,0.00324,0.00251189,0.00398107,0.764,0.7,0.8,1.67,1.5,2.0,5020.0,93.7,1540.0,1.0,True,0.01,0.95,10.0,39600.0,0.938,0.139
1557,1 - 1 - 2022,19800.0,1.1445523142259597,1.0,1.3335216533675034,0.00313,0.00251189,0.00398107,0.727,0.7,0.8,2.21,2.0,4.0,483.0,14.5,96.6,1.0,True,0.01,0.95,10.0,39600.0,0.938,0.139
1558,1 - 1 - 2022,19800.0,1.1575836902790226,1.0,1.3335216533675034,0.00336,0.00251189,0.00398107,0.848,0.8,0.9,0.039,0.0,0.05,23200.0,636.0,7720.0,1.0,True,0.01,0.95,10.0,39600.0,0.938,0.139
1559,1 - 1 - 2022,19800.0,1.140175425099138,1.0,1.3335216533675034,0.00309,0.00251189,0.00398107,0.842,0.8,0.9,0.0791,0.05,0.1,147000.0,1600.0,57900.0,1.0,True,0.01,0.95,10.0,39600.0,0.938,0.139
1560,1 - 1 - 2022,19800.0,1.1575836902790226,1.0,1.3335216533675034,0.00321,0.00251189,0.00398107,0.847,0.8,0.9,0.153,0.1,0.2,232000.0,1420.0,69500.0,1.0,True,0.01,0.95,10.0,39600.0,0.938,0.139
1561,1 - 1 - 2022,19800.0,1.1269427669584644,1.0,1.3335216533675034,0.00324,0.00251189,0.00398107,0.84,0.8,0.9,0.253,0.2,0.3,322000.0,1680.0,147000.0,1.0,True,0.01,0.95,10.0,39600.0,0.938,0.139
1562,1 - 1 - 2022,19800.0,1.131370849898476,1.0,1.3335216533675034,0.00318,0.00251189,0.00398107,0.843,0.8,0.9,0.35,0.3,0.4,419000.0,1910.0,160000.0,1.0,True,0.01,0.95,10.0,39600.0,0.938,0.139
1563,1 - 1 - 2022,19800.0,1.1532562594670797,1.0,1.3335216533675034,0.00321,0.00251189,0.00398107,0.841,0.8,0.9,0.45,0.4,0.5,376000.0,1810.0,141000.0,1.0,True,0.01,0.95,10.0,39600.0,0.938,0.139
1564,1 - 1 - 2022,19800.0,1.140175425099138,1.0,1.3335216533675034,0.00319,0.00251189,0.00398107,0.845,0.8,0.9,0.551,0.5,0.6,303000.0,1630.0,133000.0,1.0,True,0.01,0.95,10.0,39600.0,0.938,0.139
1565,1 - 1 - 2022,19800.0,1.1445523142259597,1.0,1.3335216533675034,0.00316,0.00251189,0.00398107,0.839,0.8,0.9,0.644,0.6,0.7,228000.0,1410.0,118000.0,1.0,True,0.01,0.95,10.0,39600.0,0.938,0.139
1566,1 - 1 - 2022,19800.0,1.1445523142259597,1.0,1.3335216533675034,0.00326,0.00251189,0.00398107,0.837,0.8,0.9,0.743,0.7,0.8,156000.0,1170.0,73400.0,1.0,True,0.01,0.95,10.0,39600.0,0.938,0.139
1567,1 - 1 - 2022,19800.0,1.161895003862225,1.0,1.3335216533675034,0.00313,0.00251189,0.00398107,0.841,0.8,0.9,0.845,0.8,0.9,116000.0,1010.0,42500.0,1.0,True,0.01,0.95,10.0,39600.0,0.938,0.139
1568,1 - 1 - 2022,19800.0,1.161895003862225,1.0,1.3335216533675034,0.00312,0.00251189,0.00398107,0.836,0.8,0.9,0.952,0.9,1.0,65600.0,758.0,27000.0,1.0,True,0.01,0.95,10.0,39600.0,0.938,0.139
1569,1 - 1 - 2022,19800.0,1.1532562594670797,1.0,1.3335216533675034,0.00321,0.00251189,0.00398107,0.843,0.8,0.9,1.14,1.0,1.5,24300.0,206.0,8880.0,1.0,True,0.01,0.95,10.0,39600.0,0.938,0.139
1570,1 - 1 - 2022,19800.0,1.2688577540449522,1.0,1.3335216533675034,0.00356,0.00251189,0.00398107,0.843,0.8,0.9,1.62,1.5,2.0,772.0,36.8,0.0,1.0,True,0.01,0.95,10.0,39600.0,0.938,0.139
1571,1 - 1 - 2022,19800.0,1.131370849898476,1.0,1.3335216533675034,0.00324,0.00251189,0.00398107,0.928,0.9,1.0,0.0798,0.05,0.1,23200.0,637.0,7720.0,1.0,True,0.01,0.95,10.0,39600.0,0.938,0.139
1572,1 - 1 - 2022,19800.0,1.1532562594670797,1.0,1.3335216533675034,0.0031,0.00251189,0.00398107,0.928,0.9,1.0,0.157,0.1,0.2,79200.0,832.0,27000.0,1.0,True,0.01,0.95,10.0,39600.0,0.938,0.139
1573,1 - 1 - 2022,19800.0,1.140175425099138,1.0,1.3335216533675034,0.00323,0.00251189,0.00398107,0.929,0.9,1.0,0.255,0.2,0.3,100000.0,937.0,36700.0,1.0,True,0.01,0.95,10.0,39600.0,0.938,0.139
1574,1 - 1 - 2022,19800.0,1.1445523142259597,1.0,1.3335216533675034,0.00327,0.00251189,0.00398107,0.927,0.9,1.0,0.348,0.3,0.4,114000.0,998.0,46300.0,1.0,True,0.01,0.95,10.0,39600.0,0.938,0.139
1575,1 - 1 - 2022,19800.0,1.161895003862225,1.0,1.3335216533675034,0.00317,0.00251189,0.00398107,0.932,0.9,1.0,0.449,0.4,0.5,129000.0,1060.0,40500.0,1.0,True,0.01,0.95,10.0,39600.0,0.938,0.139
1576,1 - 1 - 2022,19800.0,1.1489125293076057,1.0,1.3335216533675034,0.00317,0.00251189,0.00398107,0.926,0.9,1.0,0.553,0.5,0.6,94600.0,910.0,38600.0,1.0,True,0.01,0.95,10.0,39600.0,0.938,0.139
1577,1 - 1 - 2022,19800.0,1.131370849898476,1.0,1.3335216533675034,0.00324,0.00251189,0.00398107,0.93,0.9,1.0,0.647,0.6,0.7,75300.0,811.0,38600.0,1.0,True,0.01,0.95,10.0,39600.0,0.938,0.139
1578,1 - 1 - 2022,19800.0,1.174734012447073,1.0,1.3335216533675034,0.00348,0.00251189,0.00398107,0.921,0.9,1.0,0.743,0.7,0.8,32800.0,536.0,9650.0,1.0,True,0.01,0.95,10.0,39600.0,0.938,0.139
1579,1 - 1 - 2022,19800.0,1.131370849898476,1.0,1.3335216533675034,0.00323,0.00251189,0.00398107,0.919,0.9,1.0,0.854,0.8,0.9,50200.0,663.0,29000.0,1.0,True,0.01,0.95,10.0,39600.0,0.938,0.139
1580,1 - 1 - 2022,19800.0,1.1661903789690602,1.0,1.3335216533675034,0.00315,0.00251189,0.00398107,0.93,0.9,1.0,0.938,0.9,1.0,23200.0,450.0,11600.0,1.0,True,0.01,0.95,10.0,39600.0,0.938,0.139
1581,1 - 1 - 2022,19800.0,1.1224972160321824,1.0,1.3335216533675034,0.00315,0.00251189,0.00398107,0.927,0.9,1.0,1.15,1.0,1.5,3470.0,78.0,2320.0,1.0,True,0.01,0.95,10.0,39600.0,0.938,0.139
1582,1 - 1 - 2022,19800.0,1.2288205727444508,1.0,1.3335216533675034,0.00464,0.00398107,0.00630957,0.0432,0.0,0.05,0.259,0.2,0.3,3070000.0,5820.0,3010000.0,1.0,True,0.01,0.95,10.0,39600.0,0.938,0.139
1583,1 - 1 - 2022,19800.0,1.2124355652982142,1.0,1.3335216533675034,0.00472,0.00398107,0.00630957,0.042,0.0,0.05,0.352,0.3,0.4,5530000.0,7810.0,5300000.0,1.0,True,0.01,0.95,10.0,39600.0,0.938,0.139
1584,1 - 1 - 2022,19800.0,1.2,1.0,1.3335216533675034,0.00477,0.00398107,0.00630957,0.0415,0.0,0.05,0.449,0.4,0.5,5410000.0,7730.0,5120000.0,1.0,True,0.01,0.95,10.0,39600.0,0.938,0.139
1585,1 - 1 - 2022,19800.0,1.2041594578792296,1.0,1.3335216533675034,0.00474,0.00398107,0.00630957,0.0411,0.0,0.05,0.549,0.5,0.6,4220000.0,6830.0,3960000.0,1.0,True,0.01,0.95,10.0,39600.0,0.938,0.139
1586,1 - 1 - 2022,19800.0,1.2041594578792296,1.0,1.3335216533675034,0.00473,0.00398107,0.00630957,0.0419,0.0,0.05,0.646,0.6,0.7,2880000.0,5630.0,2730000.0,1.0,True,0.01,0.95,10.0,39600.0,0.938,0.139
1587,1 - 1 - 2022,19800.0,1.2083045973594573,1.0,1.3335216533675034,0.00473,0.00398107,0.00630957,0.0427,0.0,0.05,0.744,0.7,0.8,1350000.0,3870.0,1310000.0,1.0,True,0.01,0.95,10.0,39600.0,0.938,0.139
1588,1 - 1 - 2022,19800.0,1.224744871391589,1.0,1.3335216533675034,0.00464,0.00398107,0.00630957,0.0429,0.0,0.05,0.843,0.8,0.9,758000.0,2890.0,745000.0,1.0,True,0.01,0.95,10.0,39600.0,0.938,0.139
1589,1 - 1 - 2022,19800.0,1.2369316876852983,1.0,1.3335216533675034,0.00464,0.00398107,0.00630957,0.0432,0.0,0.05,0.945,0.9,1.0,351000.0,1970.0,346000.0,1.0,True,0.01,0.95,10.0,39600.0,0.938,0.139
1590,1 - 1 - 2022,19800.0,1.224744871391589,1.0,1.3335216533675034,0.00478,0.00398107,0.00630957,0.0874,0.05,0.1,0.0338,0.0,0.05,443000.0,3130.0,404000.0,1.0,True,0.01,0.95,10.0,39600.0,0.938,0.139
1591,1 - 1 - 2022,19800.0,1.2041594578792296,1.0,1.3335216533675034,0.00485,0.00398107,0.00630957,0.0823,0.05,0.1,0.079,0.05,0.1,2470000.0,7380.0,1970000.0,1.0,True,0.01,0.95,10.0,39600.0,0.938,0.139
1592,1 - 1 - 2022,19800.0,1.1789826122551597,1.0,1.3335216533675034,0.00486,0.00398107,0.00630957,0.077,0.05,0.1,0.159,0.1,0.2,7870000.0,9320.0,5530000.0,1.0,True,0.01,0.95,10.0,39600.0,0.938,0.139
1593,1 - 1 - 2022,19800.0,1.1704699910719625,1.0,1.3335216533675034,0.00489,0.00398107,0.00630957,0.0737,0.05,0.1,0.252,0.2,0.3,16000000.0,13300.0,9590000.0,1.0,True,0.01,0.95,10.0,39600.0,0.938,0.139
1594,1 - 1 - 2022,19800.0,1.161895003862225,1.0,1.3335216533675034,0.00491,0.00398107,0.00630957,0.073,0.05,0.1,0.349,0.3,0.4,17100000.0,13700.0,8060000.0,1.0,True,0.01,0.95,10.0,39600.0,0.938,0.139
1595,1 - 1 - 2022,19800.0,1.161895003862225,1.0,1.3335216533675034,0.00494,0.00398107,0.00630957,0.0728,0.05,0.1,0.448,0.4,0.5,14700000.0,12700.0,6110000.0,1.0,True,0.01,0.95,10.0,39600.0,0.938,0.139
1596,1 - 1 - 2022,19800.0,1.1661903789690602,1.0,1.3335216533675034,0.00494,0.00398107,0.00630957,0.0728,0.05,0.1,0.548,0.5,0.6,11400000.0,11200.0,4640000.0,1.0,True,0.01,0.95,10.0,39600.0,0.938,0.139
1597,1 - 1 - 2022,19800.0,1.161895003862225,1.0,1.3335216533675034,0.00493,0.00398107,0.00630957,0.0727,0.05,0.1,0.647,0.6,0.7,8000000.0,9400.0,3450000.0,1.0,True,0.01,0.95,10.0,39600.0,0.938,0.139
1598,1 - 1 - 2022,19800.0,1.161895003862225,1.0,1.3335216533675034,0.00494,0.00398107,0.00630957,0.0735,0.05,0.1,0.746,0.7,0.8,5340000.0,7680.0,2510000.0,1.0,True,0.01,0.95,10.0,39600.0,0.938,0.139
1599,1 - 1 - 2022,19800.0,1.1661903789690602,1.0,1.3335216533675034,0.0049,0.00398107,0.00630957,0.0731,0.05,0.1,0.845,0.8,0.9,3490000.0,6210.0,1830000.0,1.0,True,0.01,0.95,10.0,39600.0,0.938,0.139
1600,1 - 1 - 2022,19800.0,1.1661903789690602,1.0,1.3335216533675034,0.00498,0.00398107,0.00630957,0.0742,0.05,0.1,0.944,0.9,1.0,2180000.0,4910.0,1320000.0,1.0,True,0.01,0.95,10.0,39600.0,0.938,0.139
1601,1 - 1 - 2022,19800.0,1.174734012447073,1.0,1.3335216533675034,0.0049,0.00398107,0.00630957,0.0762,0.05,0.1,1.15,1.0,1.5,547000.0,1100.0,357000.0,1.0,True,0.01,0.95,10.0,39600.0,0.938,0.139
1602,1 - 1 - 2022,19800.0,1.2124355652982142,1.0,1.3335216533675034,0.00482,0.00398107,0.00630957,0.0802,0.05,0.1,1.64,1.5,2.0,31700.0,264.0,24800.0,1.0,True,0.01,0.95,10.0,39600.0,0.938,0.139
1603,1 - 1 - 2022,19800.0,1.1661903789690602,1.0,1.3335216533675034,0.00488,0.00398107,0.00630957,0.124,0.1,0.15,0.0322,0.0,0.05,1450000.0,5660.0,794000.0,1.0,True,0.01,0.95,10.0,39600.0,0.938,0.139
1604,1 - 1 - 2022,19800.0,1.1704699910719625,1.0,1.3335216533675034,0.00489,0.00398107,0.00630957,0.125,0.1,0.15,0.0761,0.05,0.1,3840000.0,9210.0,1910000.0,1.0,True,0.01,0.95,10.0,39600.0,0.938,0.139
1605,1 - 1 - 2022,19800.0,1.1704699910719625,1.0,1.3335216533675034,0.00494,0.00398107,0.00630957,0.124,0.1,0.15,0.154,0.1,0.2,6520000.0,8480.0,2550000.0,1.0,True,0.01,0.95,10.0,39600.0,0.938,0.139
1606,1 - 1 - 2022,19800.0,1.161895003862225,1.0,1.3335216533675034,0.00495,0.00398107,0.00630957,0.123,0.1,0.15,0.253,0.2,0.3,9830000.0,10400.0,3310000.0,1.0,True,0.01,0.95,10.0,39600.0,0.938,0.139
1607,1 - 1 - 2022,19800.0,1.161895003862225,1.0,1.3335216533675034,0.00494,0.00398107,0.00630957,0.124,0.1,0.15,0.35,0.3,0.4,10400000.0,10700.0,2650000.0,1.0,True,0.01,0.95,10.0,39600.0,0.938,0.139
1608,1 - 1 - 2022,19800.0,1.1661903789690602,1.0,1.3335216533675034,0.00494,0.00398107,0.00630957,0.123,0.1,0.15,0.449,0.4,0.5,9260000.0,10100.0,2210000.0,1.0,True,0.01,0.95,10.0,39600.0,0.938,0.139
1609,1 - 1 - 2022,19800.0,1.1661903789690602,1.0,1.3335216533675034,0.00494,0.00398107,0.00630957,0.123,0.1,0.15,0.549,0.5,0.6,7170000.0,8900.0,1690000.0,1.0,True,0.01,0.95,10.0,39600.0,0.938,0.139
1610,1 - 1 - 2022,19800.0,1.1575836902790226,1.0,1.3335216533675034,0.00493,0.00398107,0.00630957,0.124,0.1,0.15,0.647,0.6,0.7,5310000.0,7650.0,1340000.0,1.0,True,0.01,0.95,10.0,39600.0,0.938,0.139
1611,1 - 1 - 2022,19800.0,1.1661903789690602,1.0,1.3335216533675034,0.00494,0.00398107,0.00630957,0.124,0.1,0.15,0.747,0.7,0.8,3900000.0,6560.0,901000.0,1.0,True,0.01,0.95,10.0,39600.0,0.938,0.139
1612,1 - 1 - 2022,19800.0,1.161895003862225,1.0,1.3335216533675034,0.00491,0.00398107,0.00630957,0.123,0.1,0.15,0.846,0.8,0.9,2360000.0,5100.0,560000.0,1.0,True,0.01,0.95,10.0,39600.0,0.938,0.139
1613,1 - 1 - 2022,19800.0,1.1704699910719625,1.0,1.3335216533675034,0.00489,0.00398107,0.00630957,0.124,0.1,0.15,0.946,0.9,1.0,1520000.0,4090.0,336000.0,1.0,True,0.01,0.95,10.0,39600.0,0.938,0.139
1614,1 - 1 - 2022,19800.0,1.1704699910719625,1.0,1.3335216533675034,0.00495,0.00398107,0.00630957,0.125,0.1,0.15,1.16,1.0,1.5,493000.0,1040.0,113000.0,1.0,True,0.01,0.95,10.0,39600.0,0.938,0.139
1615,1 - 1 - 2022,19800.0,1.1916375287812984,1.0,1.3335216533675034,0.00499,0.00398107,0.00630957,0.125,0.1,0.15,1.68,1.5,2.0,54100.0,346.0,19500.0,1.0,True,0.01,0.95,10.0,39600.0,0.938,0.139
1616,1 - 1 - 2022,19800.0,1.1916375287812984,1.0,1.3335216533675034,0.00502,0.00398107,0.00630957,0.126,0.1,0.15,2.33,2.0,4.0,1830.0,31.7,1220.0,1.0,True,0.01,0.95,10.0,39600.0,0.938,0.139
1617,1 - 1 - 2022,19800.0,1.1661903789690602,1.0,1.3335216533675034,0.00492,0.00398107,0.00630957,0.172,0.15,0.2,0.032,0.0,0.05,858000.0,4350.0,516000.0,1.0,True,0.01,0.95,10.0,39600.0,0.938,0.139
1618,1 - 1 - 2022,19800.0,1.1661903789690602,1.0,1.3335216533675034,0.00494,0.00398107,0.00630957,0.173,0.15,0.2,0.0767,0.05,0.1,2990000.0,8120.0,1880000.0,1.0,True,0.01,0.95,10.0,39600.0,0.938,0.139
1619,1 - 1 - 2022,19800.0,1.1661903789690602,1.0,1.3335216533675034,0.00493,0.00398107,0.00630957,0.173,0.15,0.2,0.154,0.1,0.2,4870000.0,7330.0,2890000.0,1.0,True,0.01,0.95,10.0,39600.0,0.938,0.139
1620,1 - 1 - 2022,19800.0,1.161895003862225,1.0,1.3335216533675034,0.00492,0.00398107,0.00630957,0.173,0.15,0.2,0.251,0.2,0.3,6540000.0,8490.0,3130000.0,1.0,True,0.01,0.95,10.0,39600.0,0.938,0.139
1621,1 - 1 - 2022,19800.0,1.161895003862225,1.0,1.3335216533675034,0.00494,0.00398107,0.00630957,0.173,0.15,0.2,0.348,0.3,0.4,6600000.0,8540.0,2590000.0,1.0,True,0.01,0.95,10.0,39600.0,0.938,0.139
1622,1 - 1 - 2022,19800.0,1.161895003862225,1.0,1.3335216533675034,0.00493,0.00398107,0.00630957,0.174,0.15,0.2,0.449,0.4,0.5,5970000.0,8120.0,1880000.0,1.0,True,0.01,0.95,10.0,39600.0,0.938,0.139
1623,1 - 1 - 2022,19800.0,1.1661903789690602,1.0,1.3335216533675034,0.00496,0.00398107,0.00630957,0.173,0.15,0.2,0.549,0.5,0.6,4780000.0,7260.0,1160000.0,1.0,True,0.01,0.95,10.0,39600.0,0.938,0.139
1624,1 - 1 - 2022,19800.0,1.1661903789690602,1.0,1.3335216533675034,0.00494,0.00398107,0.00630957,0.173,0.15,0.2,0.648,0.6,0.7,3740000.0,6420.0,911000.0,1.0,True,0.01,0.95,10.0,39600.0,0.938,0.139
1625,1 - 1 - 2022,19800.0,1.161895003862225,1.0,1.3335216533675034,0.00489,0.00398107,0.00630957,0.173,0.15,0.2,0.747,0.7,0.8,2740000.0,5500.0,643000.0,1.0,True,0.01,0.95,10.0,39600.0,0.938,0.139
1626,1 - 1 - 2022,19800.0,1.1661903789690602,1.0,1.3335216533675034,0.00494,0.00398107,0.00630957,0.173,0.15,0.2,0.846,0.8,0.9,1870000.0,4540.0,446000.0,1.0,True,0.01,0.95,10.0,39600.0,0.938,0.139
1627,1 - 1 - 2022,19800.0,1.161895003862225,1.0,1.3335216533675034,0.00494,0.00398107,0.00630957,0.174,0.15,0.2,0.947,0.9,1.0,1230000.0,3680.0,283000.0,1.0,True,0.01,0.95,10.0,39600.0,0.938,0.139
1628,1 - 1 - 2022,19800.0,1.1661903789690602,1.0,1.3335216533675034,0.00496,0.00398107,0.00630957,0.174,0.15,0.2,1.16,1.0,1.5,385000.0,922.0,88700.0,1.0,True,0.01,0.95,10.0,39600.0,0.938,0.139
1629,1 - 1 - 2022,19800.0,1.1704699910719625,1.0,1.3335216533675034,0.00493,0.00398107,0.00630957,0.174,0.15,0.2,1.66,1.5,2.0,41400.0,302.0,10700.0,1.0,True,0.01,0.95,10.0,39600.0,0.938,0.139
1630,1 - 1 - 2022,19800.0,1.1704699910719625,1.0,1.3335216533675034,0.00509,0.00398107,0.00630957,0.176,0.15,0.2,2.46,2.0,4.0,1460.0,28.4,609.0,1.0,True,0.01,0.95,10.0,39600.0,0.938,0.139
1631,1 - 1 - 2022,19800.0,1.161895003862225,1.0,1.3335216533675034,0.00489,0.00398107,0.00630957,0.224,0.2,0.25,0.0333,0.0,0.05,594000.0,3620.0,536000.0,1.0,True,0.01,0.95,10.0,39600.0,0.938,0.139
1632,1 - 1 - 2022,19800.0,1.161895003862225,1.0,1.3335216533675034,0.00495,0.00398107,0.00630957,0.223,0.2,0.25,0.0778,0.05,0.1,1810000.0,6330.0,1570000.0,1.0,True,0.01,0.95,10.0,39600.0,0.938,0.139
1633,1 - 1 - 2022,19800.0,1.161895003862225,1.0,1.3335216533675034,0.00491,0.00398107,0.00630957,0.223,0.2,0.25,0.155,0.1,0.2,3430000.0,6150.0,2620000.0,1.0,True,0.01,0.95,10.0,39600.0,0.938,0.139
1634,1 - 1 - 2022,19800.0,1.161895003862225,1.0,1.3335216533675034,0.00494,0.00398107,0.00630957,0.224,0.2,0.25,0.251,0.2,0.3,4330000.0,6910.0,2620000.0,1.0,True,0.01,0.95,10.0,39600.0,0.938,0.139
1635,1 - 1 - 2022,19800.0,1.161895003862225,1.0,1.3335216533675034,0.00492,0.00398107,0.00630957,0.224,0.2,0.25,0.349,0.3,0.4,4720000.0,7220.0,2470000.0,1.0,True,0.01,0.95,10.0,39600.0,0.938,0.139
1636,1 - 1 - 2022,19800.0,1.1661903789690602,1.0,1.3335216533675034,0.00495,0.00398107,0.00630957,0.224,0.2,0.25,0.448,0.4,0.5,4160000.0,6780.0,1830000.0,1.0,True,0.01,0.95,10.0,39600.0,0.938,0.139
1637,1 - 1 - 2022,19800.0,1.1575836902790226,1.0,1.3335216533675034,0.00492,0.00398107,0.00630957,0.224,0.2,0.25,0.548,0.5,0.6,3500000.0,6220.0,1260000.0,1.0,True,0.01,0.95,10.0,39600.0,0.938,0.139
1638,1 - 1 - 2022,19800.0,1.1661903789690602,1.0,1.3335216533675034,0.00495,0.00398107,0.00630957,0.224,0.2,0.25,0.647,0.6,0.7,2600000.0,5360.0,731000.0,1.0,True,0.01,0.95,10.0,39600.0,0.938,0.139
1639,1 - 1 - 2022,19800.0,1.1661903789690602,1.0,1.3335216533675034,0.00495,0.00398107,0.00630957,0.224,0.2,0.25,0.747,0.7,0.8,1770000.0,4420.0,417000.0,1.0,True,0.01,0.95,10.0,39600.0,0.938,0.139
1640,1 - 1 - 2022,19800.0,1.1661903789690602,1.0,1.3335216533675034,0.00496,0.00398107,0.00630957,0.224,0.2,0.25,0.846,0.8,0.9,1360000.0,3880.0,331000.0,1.0,True,0.01,0.95,10.0,39600.0,0.938,0.139
1641,1 - 1 - 2022,19800.0,1.1661903789690602,1.0,1.3335216533675034,0.00487,0.00398107,0.00630957,0.223,0.2,0.25,0.947,0.9,1.0,840000.0,3050.0,214000.0,1.0,True,0.01,0.95,10.0,39600.0,0.938,0.139
1642,1 - 1 - 2022,19800.0,1.1704699910719625,1.0,1.3335216533675034,0.00493,0.00398107,0.00630957,0.224,0.2,0.25,1.17,1.0,1.5,309000.0,826.0,67700.0,1.0,True,0.01,0.95,10.0,39600.0,0.938,0.139
1643,1 - 1 - 2022,19800.0,1.161895003862225,1.0,1.3335216533675034,0.0048,0.00398107,0.00630957,0.224,0.2,0.25,1.68,1.5,2.0,41900.0,304.0,13200.0,1.0,True,0.01,0.95,10.0,39600.0,0.938,0.139
1644,1 - 1 - 2022,19800.0,1.1832159566199232,1.0,1.3335216533675034,0.00483,0.00398107,0.00630957,0.227,0.2,0.25,2.25,2.0,4.0,2190.0,34.8,244.0,1.0,True,0.01,0.95,10.0,39600.0,0.938,0.139
1645,1 - 1 - 2022,19800.0,1.1489125293076057,1.0,1.3335216533675034,0.00499,0.00398107,0.00630957,0.271,0.25,0.3,0.0337,0.0,0.05,507000.0,3340.0,482000.0,1.0,True,0.01,0.95,10.0,39600.0,0.938,0.139
1646,1 - 1 - 2022,19800.0,1.161895003862225,1.0,1.3335216533675034,0.00498,0.00398107,0.00630957,0.272,0.25,0.3,0.0772,0.05,0.1,1340000.0,5440.0,1250000.0,1.0,True,0.01,0.95,10.0,39600.0,0.938,0.139
1647,1 - 1 - 2022,19800.0,1.161895003862225,1.0,1.3335216533675034,0.00493,0.00398107,0.00630957,0.274,0.25,0.3,0.154,0.1,0.2,2560000.0,5320.0,2190000.0,1.0,True,0.01,0.95,10.0,39600.0,0.938,0.139
1648,1 - 1 - 2022,19800.0,1.161895003862225,1.0,1.3335216533675034,0.00493,0.00398107,0.00630957,0.274,0.25,0.3,0.251,0.2,0.3,3330000.0,6060.0,2380000.0,1.0,True,0.01,0.95,10.0,39600.0,0.938,0.139
1649,1 - 1 - 2022,19800.0,1.161895003862225,1.0,1.3335216533675034,0.00497,0.00398107,0.00630957,0.274,0.25,0.3,0.349,0.3,0.4,3510000.0,6230.0,2170000.0,1.0,True,0.01,0.95,10.0,39600.0,0.938,0.139
1650,1 - 1 - 2022,19800.0,1.161895003862225,1.0,1.3335216533675034,0.00492,0.00398107,0.00630957,0.274,0.25,0.3,0.449,0.4,0.5,3030000.0,5780.0,1640000.0,1.0,True,0.01,0.95,10.0,39600.0,0.938,0.139
1651,1 - 1 - 2022,19800.0,1.1661903789690602,1.0,1.3335216533675034,0.00493,0.00398107,0.00630957,0.273,0.25,0.3,0.549,0.5,0.6,2440000.0,5190.0,1100000.0,1.0,True,0.01,0.95,10.0,39600.0,0.938,0.139
1652,1 - 1 - 2022,19800.0,1.161895003862225,1.0,1.3335216533675034,0.00491,0.00398107,0.00630957,0.274,0.25,0.3,0.648,0.6,0.7,1970000.0,4660.0,821000.0,1.0,True,0.01,0.95,10.0,39600.0,0.938,0.139
1653,1 - 1 - 2022,19800.0,1.161895003862225,1.0,1.3335216533675034,0.00494,0.00398107,0.00630957,0.273,0.25,0.3,0.748,0.7,0.8,1500000.0,4060.0,492000.0,1.0,True,0.01,0.95,10.0,39600.0,0.938,0.139
1654,1 - 1 - 2022,19800.0,1.1575836902790226,1.0,1.3335216533675034,0.00495,0.00398107,0.00630957,0.274,0.25,0.3,0.848,0.8,0.9,1080000.0,3450.0,295000.0,1.0,True,0.01,0.95,10.0,39600.0,0.938,0.139
1655,1 - 1 - 2022,19800.0,1.161895003862225,1.0,1.3335216533675034,0.00491,0.00398107,0.00630957,0.275,0.25,0.3,0.947,0.9,1.0,646000.0,2670.0,171000.0,1.0,True,0.01,0.95,10.0,39600.0,0.938,0.139
1656,1 - 1 - 2022,19800.0,1.1661903789690602,1.0,1.3335216533675034,0.00497,0.00398107,0.00630957,0.274,0.25,0.3,1.17,1.0,1.5,244000.0,734.0,55500.0,1.0,True,0.01,0.95,10.0,39600.0,0.938,0.139
1657,1 - 1 - 2022,19800.0,1.174734012447073,1.0,1.3335216533675034,0.00489,0.00398107,0.00630957,0.271,0.25,0.3,1.66,1.5,2.0,33600.0,272.0,6330.0,1.0,True,0.01,0.95,10.0,39600.0,0.938,0.139
1658,1 - 1 - 2022,19800.0,1.1958260743101399,1.0,1.3335216533675034,0.00482,0.00398107,0.00630957,0.275,0.25,0.3,2.36,2.0,4.0,2070.0,33.8,365.0,1.0,True,0.01,0.95,10.0,39600.0,0.938,0.139
1659,1 - 1 - 2022,19800.0,1.1532562594670797,1.0,1.3335216533675034,0.00492,0.00398107,0.00630957,0.349,0.3,0.4,0.0772,0.05,0.1,999000.0,3320.0,972000.0,1.0,True,0.01,0.95,10.0,39600.0,0.938,0.139
1660,1 - 1 - 2022,19800.0,1.161895003862225,1.0,1.3335216533675034,0.0049,0.00398107,0.00630957,0.348,0.3,0.4,0.155,0.1,0.2,1650000.0,3020.0,1490000.0,1.0,True,0.01,0.95,10.0,39600.0,0.938,0.139
1661,1 - 1 - 2022,19800.0,1.1661903789690602,1.0,1.3335216533675034,0.00494,0.00398107,0.00630957,0.346,0.3,0.4,0.251,0.2,0.3,2180000.0,3470.0,1640000.0,1.0,True,0.01,0.95,10.0,39600.0,0.938,0.139
1662,1 - 1 - 2022,19800.0,1.1575836902790226,1.0,1.3335216533675034,0.00494,0.00398107,0.00630957,0.346,0.3,0.4,0.35,0.3,0.4,2240000.0,3510.0,1460000.0,1.0,True,0.01,0.95,10.0,39600.0,0.938,0.139
1663,1 - 1 - 2022,19800.0,1.1575836902790226,1.0,1.3335216533675034,0.00493,0.00398107,0.00630957,0.346,0.3,0.4,0.449,0.4,0.5,2060000.0,3370.0,1240000.0,1.0,True,0.01,0.95,10.0,39600.0,0.938,0.139
1664,1 - 1 - 2022,19800.0,1.161895003862225,1.0,1.3335216533675034,0.00496,0.00398107,0.00630957,0.345,0.3,0.4,0.548,0.5,0.6,1670000.0,3040.0,937000.0,1.0,True,0.01,0.95,10.0,39600.0,0.938,0.139
1665,1 - 1 - 2022,19800.0,1.1575836902790226,1.0,1.3335216533675034,0.00498,0.00398107,0.00630957,0.347,0.3,0.4,0.646,0.6,0.7,1260000.0,2630.0,626000.0,1.0,True,0.01,0.95,10.0,39600.0,0.938,0.139
1666,1 - 1 - 2022,19800.0,1.1575836902790226,1.0,1.3335216533675034,0.00497,0.00398107,0.00630957,0.346,0.3,0.4,0.747,0.7,0.8,904000.0,2230.0,409000.0,1.0,True,0.01,0.95,10.0,39600.0,0.938,0.139
1667,1 - 1 - 2022,19800.0,1.1575836902790226,1.0,1.3335216533675034,0.00497,0.00398107,0.00630957,0.345,0.3,0.4,0.85,0.8,0.9,652000.0,1900.0,251000.0,1.0,True,0.01,0.95,10.0,39600.0,0.938,0.139
1668,1 - 1 - 2022,19800.0,1.1661903789690602,1.0,1.3335216533675034,0.00492,0.00398107,0.00630957,0.345,0.3,0.4,0.945,0.9,1.0,469000.0,1610.0,145000.0,1.0,True,0.01,0.95,10.0,39600.0,0.938,0.139
1669,1 - 1 - 2022,19800.0,1.1661903789690602,1.0,1.3335216533675034,0.00494,0.00398107,0.00630957,0.346,0.3,0.4,1.18,1.0,1.5,171000.0,434.0,40700.0,1.0,True,0.01,0.95,10.0,39600.0,0.938,0.139
1670,1 - 1 - 2022,19800.0,1.1789826122551597,1.0,1.3335216533675034,0.00489,0.00398107,0.00630957,0.349,0.3,0.4,1.67,1.5,2.0,25600.0,168.0,4870.0,1.0,True,0.01,0.95,10.0,39600.0,0.938,0.139
1671,1 - 1 - 2022,19800.0,1.1789826122551597,1.0,1.3335216533675034,0.00493,0.00398107,0.00630957,0.348,0.3,0.4,2.36,2.0,4.0,1100.0,17.4,244.0,1.0,True,0.01,0.95,10.0,39600.0,0.938,0.139
1672,1 - 1 - 2022,19800.0,1.1704699910719625,1.0,1.3335216533675034,0.00483,0.00398107,0.00630957,0.452,0.4,0.5,0.0347,0.0,0.05,246000.0,1650.0,241000.0,1.0,True,0.01,0.95,10.0,39600.0,0.938,0.139
1673,1 - 1 - 2022,19800.0,1.161895003862225,1.0,1.3335216533675034,0.00499,0.00398107,0.00630957,0.445,0.4,0.5,0.0786,0.05,0.1,724000.0,2830.0,682000.0,1.0,True,0.01,0.95,10.0,39600.0,0.938,0.139
1674,1 - 1 - 2022,19800.0,1.1661903789690602,1.0,1.3335216533675034,0.00492,0.00398107,0.00630957,0.446,0.4,0.5,0.155,0.1,0.2,1220000.0,2600.0,1080000.0,1.0,True,0.01,0.95,10.0,39600.0,0.938,0.139
1675,1 - 1 - 2022,19800.0,1.161895003862225,1.0,1.3335216533675034,0.00493,0.00398107,0.00630957,0.446,0.4,0.5,0.25,0.2,0.3,1360000.0,2740.0,1000000.0,1.0,True,0.01,0.95,10.0,39600.0,0.938,0.139
1676,1 - 1 - 2022,19800.0,1.161895003862225,1.0,1.3335216533675034,0.00496,0.00398107,0.00630957,0.447,0.4,0.5,0.35,0.3,0.4,1430000.0,2800.0,923000.0,1.0,True,0.01,0.95,10.0,39600.0,0.938,0.139
1677,1 - 1 - 2022,19800.0,1.161895003862225,1.0,1.3335216533675034,0.00495,0.00398107,0.00630957,0.447,0.4,0.5,0.448,0.4,0.5,1260000.0,2640.0,782000.0,1.0,True,0.01,0.95,10.0,39600.0,0.938,0.139
1678,1 - 1 - 2022,19800.0,1.161895003862225,1.0,1.3335216533675034,0.00495,0.00398107,0.00630957,0.446,0.4,0.5,0.549,0.5,0.6,1000000.0,2350.0,568000.0,1.0,True,0.01,0.95,10.0,39600.0,0.938,0.139
1679,1 - 1 - 2022,19800.0,1.161895003862225,1.0,1.3335216533675034,0.00497,0.00398107,0.00630957,0.446,0.4,0.5,0.647,0.6,0.7,802000.0,2100.0,439000.0,1.0,True,0.01,0.95,10.0,39600.0,0.938,0.139
1680,1 - 1 - 2022,19800.0,1.1532562594670797,1.0,1.3335216533675034,0.00492,0.00398107,0.00630957,0.445,0.4,0.5,0.747,0.7,0.8,599000.0,1820.0,313000.0,1.0,True,0.01,0.95,10.0,39600.0,0.938,0.139
1681,1 - 1 - 2022,19800.0,1.1661903789690602,1.0,1.3335216533675034,0.0049,0.00398107,0.00630957,0.445,0.4,0.5,0.848,0.8,0.9,408000.0,1500.0,179000.0,1.0,True,0.01,0.95,10.0,39600.0,0.938,0.139
1682,1 - 1 - 2022,19800.0,1.161895003862225,1.0,1.3335216533675034,0.00504,0.00398107,0.00630957,0.448,0.4,0.5,0.946,0.9,1.0,280000.0,1240.0,121000.0,1.0,True,0.01,0.95,10.0,39600.0,0.938,0.139
1683,1 - 1 - 2022,19800.0,1.161895003862225,1.0,1.3335216533675034,0.00493,0.00398107,0.00630957,0.442,0.4,0.5,1.18,1.0,1.5,104000.0,338.0,36500.0,1.0,True,0.01,0.95,10.0,39600.0,0.938,0.139
1684,1 - 1 - 2022,19800.0,1.1575836902790226,1.0,1.3335216533675034,0.00493,0.00398107,0.00630957,0.443,0.4,0.5,1.7,1.5,2.0,15300.0,130.0,3410.0,1.0,True,0.01,0.95,10.0,39600.0,0.938,0.139
1685,1 - 1 - 2022,19800.0,1.2,1.0,1.3335216533675034,0.00499,0.00398107,0.00630957,0.437,0.4,0.5,2.4,2.0,4.0,1160.0,17.9,122.0,1.0,True,0.01,0.95,10.0,39600.0,0.938,0.139
1686,1 - 1 - 2022,19800.0,1.1704699910719625,1.0,1.3335216533675034,0.00489,0.00398107,0.00630957,0.549,0.5,0.6,0.0335,0.0,0.05,105000.0,1080.0,95000.0,1.0,True,0.01,0.95,10.0,39600.0,0.938,0.139
1687,1 - 1 - 2022,19800.0,1.1532562594670797,1.0,1.3335216533675034,0.00484,0.00398107,0.00630957,0.547,0.5,0.6,0.0773,0.05,0.1,468000.0,2270.0,414000.0,1.0,True,0.01,0.95,10.0,39600.0,0.938,0.139
1688,1 - 1 - 2022,19800.0,1.161895003862225,1.0,1.3335216533675034,0.00492,0.00398107,0.00630957,0.546,0.5,0.6,0.154,0.1,0.2,782000.0,2080.0,629000.0,1.0,True,0.01,0.95,10.0,39600.0,0.938,0.139
1689,1 - 1 - 2022,19800.0,1.161895003862225,1.0,1.3335216533675034,0.00494,0.00398107,0.00630957,0.548,0.5,0.6,0.25,0.2,0.3,982000.0,2330.0,678000.0,1.0,True,0.01,0.95,10.0,39600.0,0.938,0.139
1690,1 - 1 - 2022,19800.0,1.1661903789690602,1.0,1.3335216533675034,0.00496,0.00398107,0.00630957,0.547,0.5,0.6,0.349,0.3,0.4,945000.0,2280.0,538000.0,1.0,True,0.01,0.95,10.0,39600.0,0.938,0.139
1691,1 - 1 - 2022,19800.0,1.161895003862225,1.0,1.3335216533675034,0.00493,0.00398107,0.00630957,0.546,0.5,0.6,0.449,0.4,0.5,840000.0,2150.0,457000.0,1.0,True,0.01,0.95,10.0,39600.0,0.938,0.139
1692,1 - 1 - 2022,19800.0,1.1661903789690602,1.0,1.3335216533675034,0.00496,0.00398107,0.00630957,0.547,0.5,0.6,0.55,0.5,0.6,668000.0,1920.0,326000.0,1.0,True,0.01,0.95,10.0,39600.0,0.938,0.139
1693,1 - 1 - 2022,19800.0,1.161895003862225,1.0,1.3335216533675034,0.00495,0.00398107,0.00630957,0.546,0.5,0.6,0.645,0.6,0.7,518000.0,1690.0,261000.0,1.0,True,0.01,0.95,10.0,39600.0,0.938,0.139
1694,1 - 1 - 2022,19800.0,1.1661903789690602,1.0,1.3335216533675034,0.00493,0.00398107,0.00630957,0.545,0.5,0.6,0.749,0.7,0.8,386000.0,1460.0,180000.0,1.0,True,0.01,0.95,10.0,39600.0,0.938,0.139
1695,1 - 1 - 2022,19800.0,1.1532562594670797,1.0,1.3335216533675034,0.00487,0.00398107,0.00630957,0.545,0.5,0.6,0.846,0.8,0.9,239000.0,1150.0,106000.0,1.0,True,0.01,0.95,10.0,39600.0,0.938,0.139
1696,1 - 1 - 2022,19800.0,1.161895003862225,1.0,1.3335216533675034,0.00488,0.00398107,0.00630957,0.544,0.5,0.6,0.949,0.9,1.0,168000.0,963.0,80400.0,1.0,True,0.01,0.95,10.0,39600.0,0.938,0.139
1697,1 - 1 - 2022,19800.0,1.174734012447073,1.0,1.3335216533675034,0.00505,0.00398107,0.00630957,0.547,0.5,0.6,1.17,1.0,1.5,61600.0,261.0,20500.0,1.0,True,0.01,0.95,10.0,39600.0,0.938,0.139
1698,1 - 1 - 2022,19800.0,1.1958260743101399,1.0,1.3335216533675034,0.0049,0.00398107,0.00630957,0.555,0.5,0.6,1.68,1.5,2.0,9010.0,99.7,1220.0,1.0,True,0.01,0.95,10.0,39600.0,0.938,0.139
1699,1 - 1 - 2022,19800.0,1.1661903789690602,1.0,1.3335216533675034,0.00508,0.00398107,0.00630957,0.541,0.5,0.6,2.14,2.0,4.0,609.0,13.0,60.9,1.0,True,0.01,0.95,10.0,39600.0,0.938,0.139
1700,1 - 1 - 2022,19800.0,1.1575836902790226,1.0,1.3335216533675034,0.00491,0.00398107,0.00630957,0.646,0.6,0.7,0.0286,0.0,0.05,60900.0,820.0,46300.0,1.0,True,0.01,0.95,10.0,39600.0,0.938,0.139
1701,1 - 1 - 2022,19800.0,1.1575836902790226,1.0,1.3335216533675034,0.00487,0.00398107,0.00630957,0.649,0.6,0.7,0.0761,0.05,0.1,185000.0,1430.0,127000.0,1.0,True,0.01,0.95,10.0,39600.0,0.938,0.139
1702,1 - 1 - 2022,19800.0,1.1704699910719625,1.0,1.3335216533675034,0.00495,0.00398107,0.00630957,0.644,0.6,0.7,0.154,0.1,0.2,357000.0,1400.0,228000.0,1.0,True,0.01,0.95,10.0,39600.0,0.938,0.139
1703,1 - 1 - 2022,19800.0,1.1532562594670797,1.0,1.3335216533675034,0.00498,0.00398107,0.00630957,0.644,0.6,0.7,0.251,0.2,0.3,540000.0,1730.0,305000.0,1.0,True,0.01,0.95,10.0,39600.0,0.938,0.139
1704,1 - 1 - 2022,19800.0,1.161895003862225,1.0,1.3335216533675034,0.00501,0.00398107,0.00630957,0.645,0.6,0.7,0.351,0.3,0.4,581000.0,1790.0,300000.0,1.0,True,0.01,0.95,10.0,39600.0,0.938,0.139
1705,1 - 1 - 2022,19800.0,1.161895003862225,1.0,1.3335216533675034,0.005,0.00398107,0.00630957,0.645,0.6,0.7,0.45,0.4,0.5,509000.0,1680.0,229000.0,1.0,True,0.01,0.95,10.0,39600.0,0.938,0.139
1706,1 - 1 - 2022,19800.0,1.161895003862225,1.0,1.3335216533675034,0.00493,0.00398107,0.00630957,0.646,0.6,0.7,0.548,0.5,0.6,402000.0,1490.0,201000.0,1.0,True,0.01,0.95,10.0,39600.0,0.938,0.139
1707,1 - 1 - 2022,19800.0,1.1661903789690602,1.0,1.3335216533675034,0.00499,0.00398107,0.00630957,0.649,0.6,0.7,0.647,0.6,0.7,362000.0,1410.0,186000.0,1.0,True,0.01,0.95,10.0,39600.0,0.938,0.139
1708,1 - 1 - 2022,19800.0,1.1704699910719625,1.0,1.3335216533675034,0.00492,0.00398107,0.00630957,0.648,0.6,0.7,0.75,0.7,0.8,266000.0,1210.0,124000.0,1.0,True,0.01,0.95,10.0,39600.0,0.938,0.139
1709,1 - 1 - 2022,19800.0,1.1661903789690602,1.0,1.3335216533675034,0.00489,0.00398107,0.00630957,0.643,0.6,0.7,0.85,0.8,0.9,181000.0,1000.0,80400.0,1.0,True,0.01,0.95,10.0,39600.0,0.938,0.139
1710,1 - 1 - 2022,19800.0,1.1532562594670797,1.0,1.3335216533675034,0.00497,0.00398107,0.00630957,0.645,0.6,0.7,0.947,0.9,1.0,114000.0,795.0,45100.0,1.0,True,0.01,0.95,10.0,39600.0,0.938,0.139
1711,1 - 1 - 2022,19800.0,1.1661903789690602,1.0,1.3335216533675034,0.00496,0.00398107,0.00630957,0.645,0.6,0.7,1.18,1.0,1.5,40000.0,210.0,16300.0,1.0,True,0.01,0.95,10.0,39600.0,0.938,0.139
1712,1 - 1 - 2022,19800.0,1.1704699910719625,1.0,1.3335216533675034,0.00493,0.00398107,0.00630957,0.634,0.6,0.7,1.65,1.5,2.0,6330.0,83.6,1220.0,1.0,True,0.01,0.95,10.0,39600.0,0.938,0.139
1713,1 - 1 - 2022,19800.0,1.1958260743101399,1.0,1.3335216533675034,0.00514,0.00398107,0.00630957,0.648,0.6,0.7,2.37,2.0,4.0,365.0,10.0,0.0,1.0,True,0.01,0.95,10.0,39600.0,0.938,0.139
1714,1 - 1 - 2022,19800.0,1.1704699910719625,1.0,1.3335216533675034,0.00468,0.00398107,0.00630957,0.748,0.7,0.8,0.0374,0.0,0.05,51200.0,751.0,21900.0,1.0,True,0.01,0.95,10.0,39600.0,0.938,0.139
1715,1 - 1 - 2022,19800.0,1.1445523142259597,1.0,1.3335216533675034,0.00493,0.00398107,0.00630957,0.745,0.7,0.8,0.077,0.05,0.1,129000.0,1190.0,78000.0,1.0,True,0.01,0.95,10.0,39600.0,0.938,0.139
1716,1 - 1 - 2022,19800.0,1.1575836902790226,1.0,1.3335216533675034,0.005,0.00398107,0.00630957,0.746,0.7,0.8,0.156,0.1,0.2,218000.0,1100.0,107000.0,1.0,True,0.01,0.95,10.0,39600.0,0.938,0.139
1717,1 - 1 - 2022,19800.0,1.161895003862225,1.0,1.3335216533675034,0.00501,0.00398107,0.00630957,0.747,0.7,0.8,0.253,0.2,0.3,320000.0,1330.0,139000.0,1.0,True,0.01,0.95,10.0,39600.0,0.938,0.139
1718,1 - 1 - 2022,19800.0,1.161895003862225,1.0,1.3335216533675034,0.00498,0.00398107,0.00630957,0.745,0.7,0.8,0.349,0.3,0.4,341000.0,1370.0,141000.0,1.0,True,0.01,0.95,10.0,39600.0,0.938,0.139
1719,1 - 1 - 2022,19800.0,1.1532562594670797,1.0,1.3335216533675034,0.00495,0.00398107,0.00630957,0.744,0.7,0.8,0.45,0.4,0.5,336000.0,1360.0,138000.0,1.0,True,0.01,0.95,10.0,39600.0,0.938,0.139
1720,1 - 1 - 2022,19800.0,1.1532562594670797,1.0,1.3335216533675034,0.00498,0.00398107,0.00630957,0.745,0.7,0.8,0.549,0.5,0.6,294000.0,1270.0,128000.0,1.0,True,0.01,0.95,10.0,39600.0,0.938,0.139
1721,1 - 1 - 2022,19800.0,1.174734012447073,1.0,1.3335216533675034,0.00489,0.00398107,0.00630957,0.748,0.7,0.8,0.648,0.6,0.7,228000.0,1120.0,91400.0,1.0,True,0.01,0.95,10.0,39600.0,0.938,0.139
1722,1 - 1 - 2022,19800.0,1.1789826122551597,1.0,1.3335216533675034,0.00493,0.00398107,0.00630957,0.749,0.7,0.8,0.748,0.7,0.8,150000.0,909.0,64600.0,1.0,True,0.01,0.95,10.0,39600.0,0.938,0.139
1723,1 - 1 - 2022,19800.0,1.1661903789690602,1.0,1.3335216533675034,0.00494,0.00398107,0.00630957,0.747,0.7,0.8,0.844,0.8,0.9,85300.0,686.0,35300.0,1.0,True,0.01,0.95,10.0,39600.0,0.938,0.139
1724,1 - 1 - 2022,19800.0,1.1489125293076057,1.0,1.3335216533675034,0.0049,0.00398107,0.00630957,0.751,0.7,0.8,0.944,0.9,1.0,58500.0,568.0,31700.0,1.0,True,0.01,0.95,10.0,39600.0,0.938,0.139
1725,1 - 1 - 2022,19800.0,1.1575836902790226,1.0,1.3335216533675034,0.00491,0.00398107,0.00630957,0.744,0.7,0.8,1.17,1.0,1.5,20000.0,148.0,7310.0,1.0,True,0.01,0.95,10.0,39600.0,0.938,0.139
1726,1 - 1 - 2022,19800.0,1.1874342087037917,1.0,1.3335216533675034,0.00497,0.00398107,0.00630957,0.736,0.7,0.8,1.66,1.5,2.0,3650.0,63.5,731.0,1.0,True,0.01,0.95,10.0,39600.0,0.938,0.139
1727,1 - 1 - 2022,19800.0,1.0816653826391966,1.0,1.3335216533675034,0.00445,0.00398107,0.00630957,0.709,0.7,0.8,2.8,2.0,4.0,60.9,4.1,0.0,1.0,True,0.01,0.95,10.0,39600.0,0.938,0.139
1728,1 - 1 - 2022,19800.0,1.2041594578792296,1.0,1.3335216533675034,0.0053,0.00398107,0.00630957,0.846,0.8,0.9,0.0246,0.0,0.05,19500.0,464.0,0.0,1.0,True,0.01,0.95,10.0,39600.0,0.938,0.139
1729,1 - 1 - 2022,19800.0,1.1789826122551597,1.0,1.3335216533675034,0.00515,0.00398107,0.00630957,0.847,0.8,0.9,0.0755,0.05,0.1,51200.0,751.0,17100.0,1.0,True,0.01,0.95,10.0,39600.0,0.938,0.139
1730,1 - 1 - 2022,19800.0,1.174734012447073,1.0,1.3335216533675034,0.00494,0.00398107,0.00630957,0.849,0.8,0.9,0.159,0.1,0.2,110000.0,778.0,42600.0,1.0,True,0.01,0.95,10.0,39600.0,0.938,0.139
1731,1 - 1 - 2022,19800.0,1.1532562594670797,1.0,1.3335216533675034,0.00501,0.00398107,0.00630957,0.845,0.8,0.9,0.251,0.2,0.3,203000.0,1060.0,71900.0,1.0,True,0.01,0.95,10.0,39600.0,0.938,0.139
1732,1 - 1 - 2022,19800.0,1.1704699910719625,1.0,1.3335216533675034,0.00496,0.00398107,0.00630957,0.843,0.8,0.9,0.351,0.3,0.4,230000.0,1130.0,73100.0,1.0,True,0.01,0.95,10.0,39600.0,0.938,0.139
1733,1 - 1 - 2022,19800.0,1.1575836902790226,1.0,1.3335216533675034,0.00499,0.00398107,0.00630957,0.842,0.8,0.9,0.448,0.4,0.5,234000.0,1140.0,95000.0,1.0,True,0.01,0.95,10.0,39600.0,0.938,0.139
1734,1 - 1 - 2022,19800.0,1.1704699910719625,1.0,1.3335216533675034,0.00494,0.00398107,0.00630957,0.847,0.8,0.9,0.551,0.5,0.6,160000.0,938.0,47500.0,1.0,True,0.01,0.95,10.0,39600.0,0.938,0.139
1735,1 - 1 - 2022,19800.0,1.174734012447073,1.0,1.3335216533675034,0.005,0.00398107,0.00630957,0.846,0.8,0.9,0.647,0.6,0.7,130000.0,848.0,36500.0,1.0,True,0.01,0.95,10.0,39600.0,0.938,0.139
1736,1 - 1 - 2022,19800.0,1.1445523142259597,1.0,1.3335216533675034,0.00479,0.00398107,0.00630957,0.848,0.8,0.9,0.745,0.7,0.8,91400.0,710.0,41400.0,1.0,True,0.01,0.95,10.0,39600.0,0.938,0.139
1737,1 - 1 - 2022,19800.0,1.1661903789690602,1.0,1.3335216533675034,0.00497,0.00398107,0.00630957,0.846,0.8,0.9,0.85,0.8,0.9,63300.0,591.0,26800.0,1.0,True,0.01,0.95,10.0,39600.0,0.938,0.139
1738,1 - 1 - 2022,19800.0,1.1135528725660044,1.0,1.3335216533675034,0.00479,0.00398107,0.00630957,0.839,0.8,0.9,0.935,0.9,1.0,26800.0,385.0,12200.0,1.0,True,0.01,0.95,10.0,39600.0,0.938,0.139
1739,1 - 1 - 2022,19800.0,1.174734012447073,1.0,1.3335216533675034,0.005,0.00398107,0.00630957,0.831,0.8,0.9,1.14,1.0,1.5,9260.0,101.0,2440.0,1.0,True,0.01,0.95,10.0,39600.0,0.938,0.139
1740,1 - 1 - 2022,19800.0,1.2649110640673518,1.0,1.3335216533675034,0.0051,0.00398107,0.00630957,0.812,0.8,0.9,1.57,1.5,2.0,244.0,16.4,0.0,1.0,True,0.01,0.95,10.0,39600.0,0.938,0.139
1741,1 - 1 - 2022,19800.0,1.161895003862225,1.0,1.3335216533675034,0.00473,0.00398107,0.00630957,0.823,0.8,0.9,2.31,2.0,4.0,60.9,4.1,0.0,1.0,True,0.01,0.95,10.0,39600.0,0.938,0.139
1742,1 - 1 - 2022,19800.0,1.1357816691600546,1.0,1.3335216533675034,0.00477,0.00398107,0.00630957,0.924,0.9,1.0,0.0374,0.0,0.05,17100.0,434.0,7310.0,1.0,True,0.01,0.95,10.0,39600.0,0.938,0.139
1743,1 - 1 - 2022,19800.0,1.0954451150103321,1.0,1.3335216533675034,0.00432,0.00398107,0.00630957,0.921,0.9,1.0,0.0775,0.05,0.1,14600.0,402.0,4870.0,1.0,True,0.01,0.95,10.0,39600.0,0.938,0.139
1744,1 - 1 - 2022,19800.0,1.1832159566199232,1.0,1.3335216533675034,0.00521,0.00398107,0.00630957,0.929,0.9,1.0,0.157,0.1,0.2,29200.0,402.0,4870.0,1.0,True,0.01,0.95,10.0,39600.0,0.938,0.139
1745,1 - 1 - 2022,19800.0,1.1489125293076057,1.0,1.3335216533675034,0.00487,0.00398107,0.00630957,0.929,0.9,1.0,0.249,0.2,0.3,79200.0,661.0,28000.0,1.0,True,0.01,0.95,10.0,39600.0,0.938,0.139
1746,1 - 1 - 2022,19800.0,1.1661903789690602,1.0,1.3335216533675034,0.00499,0.00398107,0.00630957,0.927,0.9,1.0,0.346,0.3,0.4,68200.0,614.0,14600.0,1.0,True,0.01,0.95,10.0,39600.0,0.938,0.139
1747,1 - 1 - 2022,19800.0,1.1832159566199232,1.0,1.3335216533675034,0.00513,0.00398107,0.00630957,0.93,0.9,1.0,0.452,0.4,0.5,54800.0,550.0,11000.0,1.0,True,0.01,0.95,10.0,39600.0,0.938,0.139
1748,1 - 1 - 2022,19800.0,1.1532562594670797,1.0,1.3335216533675034,0.005,0.00398107,0.00630957,0.92,0.9,1.0,0.546,0.5,0.6,51200.0,531.0,18300.0,1.0,True,0.01,0.95,10.0,39600.0,0.938,0.139
1749,1 - 1 - 2022,19800.0,1.1789826122551597,1.0,1.3335216533675034,0.00498,0.00398107,0.00630957,0.917,0.9,1.0,0.653,0.6,0.7,40200.0,471.0,6090.0,1.0,True,0.01,0.95,10.0,39600.0,0.938,0.139
1750,1 - 1 - 2022,19800.0,1.1958260743101399,1.0,1.3335216533675034,0.00496,0.00398107,0.00630957,0.933,0.9,1.0,0.746,0.7,0.8,13400.0,272.0,3650.0,1.0,True,0.01,0.95,10.0,39600.0,0.938,0.139
1751,1 - 1 - 2022,19800.0,1.1832159566199232,1.0,1.3335216533675034,0.00509,0.00398107,0.00630957,0.918,0.9,1.0,0.86,0.8,0.9,8530.0,217.0,3650.0,1.0,True,0.01,0.95,10.0,39600.0,0.938,0.139
1752,1 - 1 - 2022,19800.0,1.1224972160321824,1.0,1.3335216533675034,0.0049,0.00398107,0.00630957,0.918,0.9,1.0,0.943,0.9,1.0,8530.0,217.0,3650.0,1.0,True,0.01,0.95,10.0,39600.0,0.938,0.139
1753,1 - 1 - 2022,19800.0,1.1445523142259597,1.0,1.3335216533675034,0.00478,0.00398107,0.00630957,0.908,0.9,1.0,1.21,1.0,1.5,731.0,28.4,487.0,1.0,True,0.01,0.95,10.0,39600.0,0.938,0.139
1754,1 - 1 - 2022,19800.0,1.2649110640673518,1.0,1.3335216533675034,0.00699,0.00630957,0.01,0.0871,0.05,0.1,0.0817,0.05,0.1,283000.0,1980.0,267000.0,1.0,True,0.01,0.95,10.0,39600.0,0.938,0.139
1755,1 - 1 - 2022,19800.0,1.2609520212918492,1.0,1.3335216533675034,0.00703,0.00630957,0.01,0.081,0.05,0.1,0.158,0.1,0.2,773000.0,2320.0,653000.0,1.0,True,0.01,0.95,10.0,39600.0,0.938,0.139
1756,1 - 1 - 2022,19800.0,1.2609520212918492,1.0,1.3335216533675034,0.00707,0.00630957,0.01,0.0763,0.05,0.1,0.255,0.2,0.3,1750000.0,3490.0,1300000.0,1.0,True,0.01,0.95,10.0,39600.0,0.938,0.139
1757,1 - 1 - 2022,19800.0,1.2569805089976536,1.0,1.3335216533675034,0.0071,0.00630957,0.01,0.0734,0.05,0.1,0.351,0.3,0.4,2150000.0,3870.0,1440000.0,1.0,True,0.01,0.95,10.0,39600.0,0.938,0.139
1758,1 - 1 - 2022,19800.0,1.2529964086141667,1.0,1.3335216533675034,0.00707,0.00630957,0.01,0.0729,0.05,0.1,0.448,0.4,0.5,1900000.0,3630.0,1080000.0,1.0,True,0.01,0.95,10.0,39600.0,0.938,0.139
1759,1 - 1 - 2022,19800.0,1.2569805089976536,1.0,1.3335216533675034,0.00708,0.00630957,0.01,0.0729,0.05,0.1,0.547,0.5,0.6,1440000.0,3160.0,775000.0,1.0,True,0.01,0.95,10.0,39600.0,0.938,0.139
1760,1 - 1 - 2022,19800.0,1.2569805089976536,1.0,1.3335216533675034,0.00708,0.00630957,0.01,0.0734,0.05,0.1,0.647,0.6,0.7,996000.0,2630.0,587000.0,1.0,True,0.01,0.95,10.0,39600.0,0.938,0.139
1761,1 - 1 - 2022,19800.0,1.2529964086141667,1.0,1.3335216533675034,0.00705,0.00630957,0.01,0.0742,0.05,0.1,0.746,0.7,0.8,639000.0,2110.0,426000.0,1.0,True,0.01,0.95,10.0,39600.0,0.938,0.139
1762,1 - 1 - 2022,19800.0,1.2569805089976536,1.0,1.3335216533675034,0.00705,0.00630957,0.01,0.0732,0.05,0.1,0.841,0.8,0.9,387000.0,1640.0,301000.0,1.0,True,0.01,0.95,10.0,39600.0,0.938,0.139
1763,1 - 1 - 2022,19800.0,1.2529964086141667,1.0,1.3335216533675034,0.00703,0.00630957,0.01,0.0777,0.05,0.1,0.944,0.9,1.0,266000.0,1360.0,212000.0,1.0,True,0.01,0.95,10.0,39600.0,0.938,0.139
1764,1 - 1 - 2022,19800.0,1.2569805089976536,1.0,1.3335216533675034,0.00704,0.00630957,0.01,0.0796,0.05,0.1,1.14,1.0,1.5,60300.0,290.0,55600.0,1.0,True,0.01,0.95,10.0,39600.0,0.938,0.139
1765,1 - 1 - 2022,19800.0,1.2569805089976536,1.0,1.3335216533675034,0.00701,0.00630957,0.01,0.124,0.1,0.15,0.0328,0.0,0.05,237000.0,1820.0,123000.0,1.0,True,0.01,0.95,10.0,39600.0,0.938,0.139
1766,1 - 1 - 2022,19800.0,1.2569805089976536,1.0,1.3335216533675034,0.00712,0.00630957,0.01,0.125,0.1,0.15,0.0776,0.05,0.1,486000.0,2600.0,212000.0,1.0,True,0.01,0.95,10.0,39600.0,0.938,0.139
1767,1 - 1 - 2022,19800.0,1.2609520212918492,1.0,1.3335216533675034,0.00709,0.00630957,0.01,0.124,0.1,0.15,0.155,0.1,0.2,807000.0,2370.0,198000.0,1.0,True,0.01,0.95,10.0,39600.0,0.938,0.139
1768,1 - 1 - 2022,19800.0,1.2529964086141667,1.0,1.3335216533675034,0.00709,0.00630957,0.01,0.123,0.1,0.15,0.253,0.2,0.3,1330000.0,3040.0,263000.0,1.0,True,0.01,0.95,10.0,39600.0,0.938,0.139
1769,1 - 1 - 2022,19800.0,1.2529964086141667,1.0,1.3335216533675034,0.00707,0.00630957,0.01,0.123,0.1,0.15,0.35,0.3,0.4,1460000.0,3190.0,23100.0,1.0,True,0.01,0.95,10.0,39600.0,0.938,0.139
1770,1 - 1 - 2022,19800.0,1.2569805089976536,1.0,1.3335216533675034,0.0071,0.00630957,0.01,0.123,0.1,0.15,0.449,0.4,0.5,1160000.0,2840.0,9220.0,1.0,True,0.01,0.95,10.0,39600.0,0.938,0.139
1771,1 - 1 - 2022,19800.0,1.2569805089976536,1.0,1.3335216533675034,0.00712,0.00630957,0.01,0.123,0.1,0.15,0.548,0.5,0.6,936000.0,2550.0,9220.0,1.0,True,0.01,0.95,10.0,39600.0,0.938,0.139
1772,1 - 1 - 2022,19800.0,1.2529964086141667,1.0,1.3335216533675034,0.00708,0.00630957,0.01,0.126,0.1,0.15,0.647,0.6,0.7,719000.0,2240.0,4610.0,1.0,True,0.01,0.95,10.0,39600.0,0.938,0.139
1773,1 - 1 - 2022,19800.0,1.2569805089976536,1.0,1.3335216533675034,0.00713,0.00630957,0.01,0.123,0.1,0.15,0.747,0.7,0.8,509000.0,1880.0,1540.0,1.0,True,0.01,0.95,10.0,39600.0,0.938,0.139
1774,1 - 1 - 2022,19800.0,1.2529964086141667,1.0,1.3335216533675034,0.00709,0.00630957,0.01,0.123,0.1,0.15,0.851,0.8,0.9,335000.0,1530.0,0.697,1.0,True,0.01,0.95,10.0,39600.0,0.938,0.139
1775,1 - 1 - 2022,19800.0,1.2569805089976536,1.0,1.3335216533675034,0.00709,0.00630957,0.01,0.123,0.1,0.15,0.947,0.9,1.0,198000.0,1180.0,1540.0,1.0,True,0.01,0.95,10.0,39600.0,0.938,0.139
1776,1 - 1 - 2022,19800.0,1.2569805089976536,1.0,1.3335216533675034,0.00709,0.00630957,0.01,0.123,0.1,0.15,1.15,1.0,1.5,65800.0,303.0,7990.0,1.0,True,0.01,0.95,10.0,39600.0,0.938,0.139
1777,1 - 1 - 2022,19800.0,1.2529964086141667,1.0,1.3335216533675034,0.00697,0.00630957,0.01,0.126,0.1,0.15,1.65,1.5,2.0,6760.0,97.1,3380.0,1.0,True,0.01,0.95,10.0,39600.0,0.938,0.139
1778,1 - 1 - 2022,19800.0,1.2688577540449522,1.0,1.3335216533675034,0.00712,0.00630957,0.01,0.174,0.15,0.2,0.033,0.0,0.05,117000.0,1280.0,0.0,1.0,True,0.01,0.95,10.0,39600.0,0.938,0.139
1779,1 - 1 - 2022,19800.0,1.2569805089976536,1.0,1.3335216533675034,0.00707,0.00630957,0.01,0.175,0.15,0.2,0.0769,0.05,0.1,378000.0,2290.0,21500.0,1.0,True,0.01,0.95,10.0,39600.0,0.938,0.139
1780,1 - 1 - 2022,19800.0,1.2569805089976536,1.0,1.3335216533675034,0.00706,0.00630957,0.01,0.173,0.15,0.2,0.155,0.1,0.2,656000.0,2140.0,86100.0,1.0,True,0.01,0.95,10.0,39600.0,0.938,0.139
1781,1 - 1 - 2022,19800.0,1.2529964086141667,1.0,1.3335216533675034,0.00707,0.00630957,0.01,0.174,0.15,0.2,0.25,0.2,0.3,864000.0,2450.0,87600.0,1.0,True,0.01,0.95,10.0,39600.0,0.938,0.139
1782,1 - 1 - 2022,19800.0,1.2569805089976536,1.0,1.3335216533675034,0.00705,0.00630957,0.01,0.173,0.15,0.2,0.351,0.3,0.4,888000.0,2490.0,21500.0,1.0,True,0.01,0.95,10.0,39600.0,0.938,0.139
1783,1 - 1 - 2022,19800.0,1.2529964086141667,1.0,1.3335216533675034,0.00707,0.00630957,0.01,0.174,0.15,0.2,0.45,0.4,0.5,872000.0,2460.0,1540.0,1.0,True,0.01,0.95,10.0,39600.0,0.938,0.139
1784,1 - 1 - 2022,19800.0,1.2569805089976536,1.0,1.3335216533675034,0.00708,0.00630957,0.01,0.173,0.15,0.2,0.548,0.5,0.6,610000.0,2060.0,4610.0,1.0,True,0.01,0.95,10.0,39600.0,0.938,0.139
1785,1 - 1 - 2022,19800.0,1.2569805089976536,1.0,1.3335216533675034,0.00713,0.00630957,0.01,0.173,0.15,0.2,0.645,0.6,0.7,521000.0,1900.0,3070.0,1.0,True,0.01,0.95,10.0,39600.0,0.938,0.139
1786,1 - 1 - 2022,19800.0,1.2569805089976536,1.0,1.3335216533675034,0.00711,0.00630957,0.01,0.172,0.15,0.2,0.75,0.7,0.8,334000.0,1520.0,1540.0,1.0,True,0.01,0.95,10.0,39600.0,0.938,0.139
1787,1 - 1 - 2022,19800.0,1.2609520212918492,1.0,1.3335216533675034,0.00714,0.00630957,0.01,0.175,0.15,0.2,0.849,0.8,0.9,271000.0,1370.0,3070.0,1.0,True,0.01,0.95,10.0,39600.0,0.938,0.139
1788,1 - 1 - 2022,19800.0,1.2569805089976536,1.0,1.3335216533675034,0.00717,0.00630957,0.01,0.173,0.15,0.2,0.947,0.9,1.0,172000.0,1090.0,0.0,1.0,True,0.01,0.95,10.0,39600.0,0.938,0.139
1789,1 - 1 - 2022,19800.0,1.2609520212918492,1.0,1.3335216533675034,0.00705,0.00630957,0.01,0.172,0.15,0.2,1.16,1.0,1.5,50100.0,264.0,922.0,1.0,True,0.01,0.95,10.0,39600.0,0.938,0.139
1790,1 - 1 - 2022,19800.0,1.2529964086141667,1.0,1.3335216533675034,0.00712,0.00630957,0.01,0.175,0.15,0.2,1.65,1.5,2.0,4300.0,77.4,0.0,1.0,True,0.01,0.95,10.0,39600.0,0.938,0.139
1791,1 - 1 - 2022,19800.0,1.2489995996796797,1.0,1.3335216533675034,0.00677,0.00630957,0.01,0.175,0.15,0.2,2.21,2.0,4.0,384.0,11.6,76.9,1.0,True,0.01,0.95,10.0,39600.0,0.938,0.139
1792,1 - 1 - 2022,19800.0,1.2409673645990857,1.0,1.3335216533675034,0.00713,0.00630957,0.01,0.225,0.2,0.25,0.0352,0.0,0.05,79900.0,1050.0,6150.0,1.0,True,0.01,0.95,10.0,39600.0,0.938,0.139
1793,1 - 1 - 2022,19800.0,1.2609520212918492,1.0,1.3335216533675034,0.00706,0.00630957,0.01,0.224,0.2,0.25,0.0781,0.05,0.1,301000.0,2050.0,70700.0,1.0,True,0.01,0.95,10.0,39600.0,0.938,0.139
1794,1 - 1 - 2022,19800.0,1.2569805089976536,1.0,1.3335216533675034,0.00712,0.00630957,0.01,0.225,0.2,0.25,0.154,0.1,0.2,486000.0,1840.0,111000.0,1.0,True,0.01,0.95,10.0,39600.0,0.938,0.139
1795,1 - 1 - 2022,19800.0,1.2529964086141667,1.0,1.3335216533675034,0.00712,0.00630957,0.01,0.224,0.2,0.25,0.25,0.2,0.3,603000.0,2050.0,143000.0,1.0,True,0.01,0.95,10.0,39600.0,0.938,0.139
1796,1 - 1 - 2022,19800.0,1.2569805089976536,1.0,1.3335216533675034,0.00712,0.00630957,0.01,0.224,0.2,0.25,0.351,0.3,0.4,610000.0,2060.0,106000.0,1.0,True,0.01,0.95,10.0,39600.0,0.938,0.139
1797,1 - 1 - 2022,19800.0,1.2529964086141667,1.0,1.3335216533675034,0.00705,0.00630957,0.01,0.224,0.2,0.25,0.45,0.4,0.5,532000.0,1920.0,56900.0,1.0,True,0.01,0.95,10.0,39600.0,0.938,0.139
1798,1 - 1 - 2022,19800.0,1.2529964086141667,1.0,1.3335216533675034,0.00708,0.00630957,0.01,0.224,0.2,0.25,0.547,0.5,0.6,458000.0,1790.0,20000.0,1.0,True,0.01,0.95,10.0,39600.0,0.938,0.139
1799,1 - 1 - 2022,19800.0,1.2489995996796797,1.0,1.3335216533675034,0.00703,0.00630957,0.01,0.223,0.2,0.25,0.651,0.6,0.7,395000.0,1660.0,1540.0,1.0,True,0.01,0.95,10.0,39600.0,0.938,0.139
1800,1 - 1 - 2022,19800.0,1.2489995996796797,1.0,1.3335216533675034,0.00702,0.00630957,0.01,0.225,0.2,0.25,0.751,0.7,0.8,243000.0,1300.0,0.0,1.0,True,0.01,0.95,10.0,39600.0,0.938,0.139
1801,1 - 1 - 2022,19800.0,1.2449899597988732,1.0,1.3335216533675034,0.00706,0.00630957,0.01,0.222,0.2,0.25,0.848,0.8,0.9,164000.0,1070.0,3070.0,1.0,True,0.01,0.95,10.0,39600.0,0.938,0.139
1802,1 - 1 - 2022,19800.0,1.2529964086141667,1.0,1.3335216533675034,0.00709,0.00630957,0.01,0.223,0.2,0.25,0.947,0.9,1.0,132000.0,959.0,0.0,1.0,True,0.01,0.95,10.0,39600.0,0.938,0.139
1803,1 - 1 - 2022,19800.0,1.2569805089976536,1.0,1.3335216533675034,0.00712,0.00630957,0.01,0.225,0.2,0.25,1.15,1.0,1.5,35700.0,223.0,307.0,1.0,True,0.01,0.95,10.0,39600.0,0.938,0.139
1804,1 - 1 - 2022,19800.0,1.2449899597988732,1.0,1.3335216533675034,0.0069,0.00630957,0.01,0.229,0.2,0.25,1.64,1.5,2.0,6460.0,94.8,0.0,1.0,True,0.01,0.95,10.0,39600.0,0.938,0.139
1805,1 - 1 - 2022,19800.0,1.2609520212918492,1.0,1.3335216533675034,0.00687,0.00630957,0.01,0.222,0.2,0.25,2.35,2.0,4.0,538.0,13.7,76.8,1.0,True,0.01,0.95,10.0,39600.0,0.938,0.139
1806,1 - 1 - 2022,19800.0,1.2529964086141667,1.0,1.3335216533675034,0.00699,0.00630957,0.01,0.269,0.25,0.3,0.0341,0.0,0.05,83000.0,1080.0,49200.0,1.0,True,0.01,0.95,10.0,39600.0,0.938,0.139
1807,1 - 1 - 2022,19800.0,1.2649110640673518,1.0,1.3335216533675034,0.00711,0.00630957,0.01,0.274,0.25,0.3,0.0821,0.05,0.1,188000.0,1620.0,73800.0,1.0,True,0.01,0.95,10.0,39600.0,0.938,0.139
1808,1 - 1 - 2022,19800.0,1.2449899597988732,1.0,1.3335216533675034,0.00706,0.00630957,0.01,0.272,0.25,0.3,0.157,0.1,0.2,312000.0,1470.0,120000.0,1.0,True,0.01,0.95,10.0,39600.0,0.938,0.139
1809,1 - 1 - 2022,19800.0,1.2609520212918492,1.0,1.3335216533675034,0.00714,0.00630957,0.01,0.274,0.25,0.3,0.251,0.2,0.3,415000.0,1700.0,169000.0,1.0,True,0.01,0.95,10.0,39600.0,0.938,0.139
1810,1 - 1 - 2022,19800.0,1.2609520212918492,1.0,1.3335216533675034,0.00713,0.00630957,0.01,0.272,0.25,0.3,0.351,0.3,0.4,407000.0,1680.0,111000.0,1.0,True,0.01,0.95,10.0,39600.0,0.938,0.139
1811,1 - 1 - 2022,19800.0,1.2569805089976536,1.0,1.3335216533675034,0.00708,0.00630957,0.01,0.273,0.25,0.3,0.447,0.4,0.5,455000.0,1780.0,115000.0,1.0,True,0.01,0.95,10.0,39600.0,0.938,0.139
1812,1 - 1 - 2022,19800.0,1.2569805089976536,1.0,1.3335216533675034,0.007,0.00630957,0.01,0.275,0.25,0.3,0.547,0.5,0.6,390000.0,1650.0,72200.0,1.0,True,0.01,0.95,10.0,39600.0,0.938,0.139
1813,1 - 1 - 2022,19800.0,1.2609520212918492,1.0,1.3335216533675034,0.00709,0.00630957,0.01,0.274,0.25,0.3,0.647,0.6,0.7,249000.0,1320.0,20000.0,1.0,True,0.01,0.95,10.0,39600.0,0.938,0.139
1814,1 - 1 - 2022,19800.0,1.2569805089976536,1.0,1.3335216533675034,0.00716,0.00630957,0.01,0.273,0.25,0.3,0.749,0.7,0.8,183000.0,1130.0,3070.0,1.0,True,0.01,0.95,10.0,39600.0,0.938,0.139
1815,1 - 1 - 2022,19800.0,1.2569805089976536,1.0,1.3335216533675034,0.00708,0.00630957,0.01,0.274,0.25,0.3,0.85,0.8,0.9,138000.0,981.0,0.0,1.0,True,0.01,0.95,10.0,39600.0,0.938,0.139
1816,1 - 1 - 2022,19800.0,1.2569805089976536,1.0,1.3335216533675034,0.00712,0.00630957,0.01,0.277,0.25,0.3,0.949,0.9,1.0,81500.0,753.0,0.0,1.0,True,0.01,0.95,10.0,39600.0,0.938,0.139
1817,1 - 1 - 2022,19800.0,1.2569805089976536,1.0,1.3335216533675034,0.00715,0.00630957,0.01,0.272,0.25,0.3,1.17,1.0,1.5,34700.0,220.0,615.0,1.0,True,0.01,0.95,10.0,39600.0,0.938,0.139
1818,1 - 1 - 2022,19800.0,1.2529964086141667,1.0,1.3335216533675034,0.0069,0.00630957,0.01,0.275,0.25,0.3,1.68,1.5,2.0,4920.0,82.8,0.0,1.0,True,0.01,0.95,10.0,39600.0,0.938,0.139
1819,1 - 1 - 2022,19800.0,1.3228756555322954,1.0,1.3335216533675034,0.00726,0.00630957,0.01,0.282,0.25,0.3,2.11,2.0,4.0,154.0,7.32,0.0,1.0,True,0.01,0.95,10.0,39600.0,0.938,0.139
1820,1 - 1 - 2022,19800.0,1.2328828005937953,1.0,1.3335216533675034,0.00702,0.00630957,0.01,0.343,0.3,0.4,0.0355,0.0,0.05,46100.0,567.0,30700.0,1.0,True,0.01,0.95,10.0,39600.0,0.938,0.139
1821,1 - 1 - 2022,19800.0,1.2529964086141667,1.0,1.3335216533675034,0.00711,0.00630957,0.01,0.35,0.3,0.4,0.0783,0.05,0.1,135000.0,971.0,83000.0,1.0,True,0.01,0.95,10.0,39600.0,0.938,0.139
1822,1 - 1 - 2022,19800.0,1.2609520212918492,1.0,1.3335216533675034,0.00706,0.00630957,0.01,0.348,0.3,0.4,0.152,0.1,0.2,237000.0,909.0,128000.0,1.0,True,0.01,0.95,10.0,39600.0,0.938,0.139
1823,1 - 1 - 2022,19800.0,1.2569805089976536,1.0,1.3335216533675034,0.0071,0.00630957,0.01,0.342,0.3,0.4,0.249,0.2,0.3,270000.0,969.0,111000.0,1.0,True,0.01,0.95,10.0,39600.0,0.938,0.139
1824,1 - 1 - 2022,19800.0,1.2609520212918492,1.0,1.3335216533675034,0.00714,0.00630957,0.01,0.348,0.3,0.4,0.35,0.3,0.4,301000.0,1020.0,109000.0,1.0,True,0.01,0.95,10.0,39600.0,0.938,0.139
1825,1 - 1 - 2022,19800.0,1.2529964086141667,1.0,1.3335216533675034,0.0071,0.00630957,0.01,0.347,0.3,0.4,0.449,0.4,0.5,282000.0,991.0,99100.0,1.0,True,0.01,0.95,10.0,39600.0,0.938,0.139
1826,1 - 1 - 2022,19800.0,1.2529964086141667,1.0,1.3335216533675034,0.00706,0.00630957,0.01,0.345,0.3,0.4,0.547,0.5,0.6,237000.0,908.0,65300.0,1.0,True,0.01,0.95,10.0,39600.0,0.938,0.139
1827,1 - 1 - 2022,19800.0,1.2529964086141667,1.0,1.3335216533675034,0.00702,0.00630957,0.01,0.346,0.3,0.4,0.649,0.6,0.7,164000.0,757.0,42300.0,1.0,True,0.01,0.95,10.0,39600.0,0.938,0.139
1828,1 - 1 - 2022,19800.0,1.2529964086141667,1.0,1.3335216533675034,0.00707,0.00630957,0.01,0.344,0.3,0.4,0.743,0.7,0.8,128000.0,666.0,16900.0,1.0,True,0.01,0.95,10.0,39600.0,0.938,0.139
1829,1 - 1 - 2022,19800.0,1.2649110640673518,1.0,1.3335216533675034,0.00716,0.00630957,0.01,0.347,0.3,0.4,0.843,0.8,0.9,85300.0,545.0,6920.0,1.0,True,0.01,0.95,10.0,39600.0,0.938,0.139
1830,1 - 1 - 2022,19800.0,1.2449899597988732,1.0,1.3335216533675034,0.00705,0.00630957,0.01,0.342,0.3,0.4,0.949,0.9,1.0,65300.0,477.0,3070.0,1.0,True,0.01,0.95,10.0,39600.0,0.938,0.139
1831,1 - 1 - 2022,19800.0,1.2489995996796797,1.0,1.3335216533675034,0.00708,0.00630957,0.01,0.346,0.3,0.4,1.18,1.0,1.5,22100.0,124.0,0.0,1.0,True,0.01,0.95,10.0,39600.0,0.938,0.139
1832,1 - 1 - 2022,19800.0,1.2569805089976536,1.0,1.3335216533675034,0.00719,0.00630957,0.01,0.343,0.3,0.4,1.69,1.5,2.0,3840.0,51.7,0.0,1.0,True,0.01,0.95,10.0,39600.0,0.938,0.139
1833,1 - 1 - 2022,19800.0,1.2206555615733703,1.0,1.3335216533675034,0.00685,0.00630957,0.01,0.341,0.3,0.4,2.4,2.0,4.0,269.0,6.84,0.0,1.0,True,0.01,0.95,10.0,39600.0,0.938,0.139
1834,1 - 1 - 2022,19800.0,1.2727922061357855,1.0,1.3335216533675034,0.00712,0.00630957,0.01,0.444,0.4,0.5,0.0309,0.0,0.05,35400.0,496.0,24600.0,1.0,True,0.01,0.95,10.0,39600.0,0.938,0.139
1835,1 - 1 - 2022,19800.0,1.2649110640673518,1.0,1.3335216533675034,0.00712,0.00630957,0.01,0.447,0.4,0.5,0.0755,0.05,0.1,93800.0,808.0,50700.0,1.0,True,0.01,0.95,10.0,39600.0,0.938,0.139
1836,1 - 1 - 2022,19800.0,1.2529964086141667,1.0,1.3335216533675034,0.00703,0.00630957,0.01,0.445,0.4,0.5,0.157,0.1,0.2,161000.0,748.0,77600.0,1.0,True,0.01,0.95,10.0,39600.0,0.938,0.139
1837,1 - 1 - 2022,19800.0,1.2569805089976536,1.0,1.3335216533675034,0.00706,0.00630957,0.01,0.446,0.4,0.5,0.252,0.2,0.3,217000.0,870.0,96100.0,1.0,True,0.01,0.95,10.0,39600.0,0.938,0.139
1838,1 - 1 - 2022,19800.0,1.2569805089976536,1.0,1.3335216533675034,0.00715,0.00630957,0.01,0.448,0.4,0.5,0.347,0.3,0.4,183000.0,798.0,76900.0,1.0,True,0.01,0.95,10.0,39600.0,0.938,0.139
1839,1 - 1 - 2022,19800.0,1.2569805089976536,1.0,1.3335216533675034,0.00711,0.00630957,0.01,0.446,0.4,0.5,0.449,0.4,0.5,179000.0,790.0,81500.0,1.0,True,0.01,0.95,10.0,39600.0,0.938,0.139
1840,1 - 1 - 2022,19800.0,1.2529964086141667,1.0,1.3335216533675034,0.00706,0.00630957,0.01,0.447,0.4,0.5,0.552,0.5,0.6,128000.0,666.0,44600.0,1.0,True,0.01,0.95,10.0,39600.0,0.938,0.139
1841,1 - 1 - 2022,19800.0,1.2569805089976536,1.0,1.3335216533675034,0.00703,0.00630957,0.01,0.446,0.4,0.5,0.654,0.6,0.7,111000.0,623.0,36900.0,1.0,True,0.01,0.95,10.0,39600.0,0.938,0.139
1842,1 - 1 - 2022,19800.0,1.2649110640673518,1.0,1.3335216533675034,0.00722,0.00630957,0.01,0.449,0.4,0.5,0.744,0.7,0.8,79900.0,528.0,23100.0,1.0,True,0.01,0.95,10.0,39600.0,0.938,0.139
1843,1 - 1 - 2022,19800.0,1.2529964086141667,1.0,1.3335216533675034,0.00713,0.00630957,0.01,0.44,0.4,0.5,0.842,0.8,0.9,50000.0,417.0,15400.0,1.0,True,0.01,0.95,10.0,39600.0,0.938,0.139
1844,1 - 1 - 2022,19800.0,1.2609520212918492,1.0,1.3335216533675034,0.00704,0.00630957,0.01,0.447,0.4,0.5,0.94,0.9,1.0,25400.0,297.0,5380.0,1.0,True,0.01,0.95,10.0,39600.0,0.938,0.139
1845,1 - 1 - 2022,19800.0,1.2649110640673518,1.0,1.3335216533675034,0.00712,0.00630957,0.01,0.445,0.4,0.5,1.14,1.0,1.5,13200.0,95.9,769.0,1.0,True,0.01,0.95,10.0,39600.0,0.938,0.139
1846,1 - 1 - 2022,19800.0,1.2369316876852983,1.0,1.3335216533675034,0.00691,0.00630957,0.01,0.45,0.4,0.5,1.74,1.5,2.0,2000.0,37.3,0.0,1.0,True,0.01,0.95,10.0,39600.0,0.938,0.139
1847,1 - 1 - 2022,19800.0,1.2884098726725126,1.0,1.3335216533675034,0.00716,0.00630957,0.01,0.459,0.4,0.5,2.49,2.0,4.0,154.0,5.17,0.0,1.0,True,0.01,0.95,10.0,39600.0,0.938,0.139
1848,1 - 1 - 2022,19800.0,1.2529964086141667,1.0,1.3335216533675034,0.00699,0.00630957,0.01,0.537,0.5,0.6,0.0369,0.0,0.05,15400.0,327.0,7690.0,1.0,True,0.01,0.95,10.0,39600.0,0.938,0.139
1849,1 - 1 - 2022,19800.0,1.2369316876852983,1.0,1.3335216533675034,0.00696,0.00630957,0.01,0.551,0.5,0.6,0.0775,0.05,0.1,56900.0,629.0,20000.0,1.0,True,0.01,0.95,10.0,39600.0,0.938,0.139
1850,1 - 1 - 2022,19800.0,1.2569805089976536,1.0,1.3335216533675034,0.00707,0.00630957,0.01,0.545,0.5,0.6,0.15,0.1,0.2,112000.0,625.0,49200.0,1.0,True,0.01,0.95,10.0,39600.0,0.938,0.139
1851,1 - 1 - 2022,19800.0,1.2569805089976536,1.0,1.3335216533675034,0.00703,0.00630957,0.01,0.55,0.5,0.6,0.252,0.2,0.3,144000.0,709.0,65300.0,1.0,True,0.01,0.95,10.0,39600.0,0.938,0.139
1852,1 - 1 - 2022,19800.0,1.2529964086141667,1.0,1.3335216533675034,0.00708,0.00630957,0.01,0.549,0.5,0.6,0.348,0.3,0.4,121000.0,650.0,40700.0,1.0,True,0.01,0.95,10.0,39600.0,0.938,0.139
1853,1 - 1 - 2022,19800.0,1.2529964086141667,1.0,1.3335216533675034,0.00708,0.00630957,0.01,0.55,0.5,0.6,0.451,0.4,0.5,105000.0,605.0,43000.0,1.0,True,0.01,0.95,10.0,39600.0,0.938,0.139
1854,1 - 1 - 2022,19800.0,1.2649110640673518,1.0,1.3335216533675034,0.00719,0.00630957,0.01,0.545,0.5,0.6,0.547,0.5,0.6,93800.0,571.0,35400.0,1.0,True,0.01,0.95,10.0,39600.0,0.938,0.139
1855,1 - 1 - 2022,19800.0,1.2529964086141667,1.0,1.3335216533675034,0.00717,0.00630957,0.01,0.545,0.5,0.6,0.65,0.6,0.7,75300.0,512.0,24600.0,1.0,True,0.01,0.95,10.0,39600.0,0.938,0.139
1856,1 - 1 - 2022,19800.0,1.2449899597988732,1.0,1.3335216533675034,0.00704,0.00630957,0.01,0.547,0.5,0.6,0.748,0.7,0.8,53800.0,433.0,19200.0,1.0,True,0.01,0.95,10.0,39600.0,0.938,0.139
1857,1 - 1 - 2022,19800.0,1.2649110640673518,1.0,1.3335216533675034,0.00712,0.00630957,0.01,0.547,0.5,0.6,0.852,0.8,0.9,40700.0,377.0,11500.0,1.0,True,0.01,0.95,10.0,39600.0,0.938,0.139
1858,1 - 1 - 2022,19800.0,1.2569805089976536,1.0,1.3335216533675034,0.00704,0.00630957,0.01,0.536,0.5,0.6,0.949,0.9,1.0,24600.0,293.0,3840.0,1.0,True,0.01,0.95,10.0,39600.0,0.938,0.139
1859,1 - 1 - 2022,19800.0,1.2529964086141667,1.0,1.3335216533675034,0.00698,0.00630957,0.01,0.545,0.5,0.6,1.17,1.0,1.5,7840.0,73.9,1840.0,1.0,True,0.01,0.95,10.0,39600.0,0.938,0.139
1860,1 - 1 - 2022,19800.0,1.2609520212918492,1.0,1.3335216533675034,0.00699,0.00630957,0.01,0.555,0.5,0.6,1.59,1.5,2.0,1840.0,35.8,0.0,1.0,True,0.01,0.95,10.0,39600.0,0.938,0.139
1861,1 - 1 - 2022,19800.0,1.296148139681572,1.0,1.3335216533675034,0.00711,0.00630957,0.01,0.564,0.5,0.6,2.35,2.0,4.0,38.4,2.59,0.0,1.0,True,0.01,0.95,10.0,39600.0,0.938,0.139
1862,1 - 1 - 2022,19800.0,1.2649110640673518,1.0,1.3335216533675034,0.00711,0.00630957,0.01,0.635,0.6,0.7,0.0367,0.0,0.05,16900.0,343.0,4610.0,1.0,True,0.01,0.95,10.0,39600.0,0.938,0.139
1863,1 - 1 - 2022,19800.0,1.2688577540449522,1.0,1.3335216533675034,0.00726,0.00630957,0.01,0.637,0.6,0.7,0.0773,0.05,0.1,29200.0,451.0,3070.0,1.0,True,0.01,0.95,10.0,39600.0,0.938,0.139
1864,1 - 1 - 2022,19800.0,1.2489995996796797,1.0,1.3335216533675034,0.00703,0.00630957,0.01,0.641,0.6,0.7,0.149,0.1,0.2,40000.0,373.0,19200.0,1.0,True,0.01,0.95,10.0,39600.0,0.938,0.139
1865,1 - 1 - 2022,19800.0,1.2489995996796797,1.0,1.3335216533675034,0.00708,0.00630957,0.01,0.646,0.6,0.7,0.249,0.2,0.3,60700.0,460.0,23100.0,1.0,True,0.01,0.95,10.0,39600.0,0.938,0.139
1866,1 - 1 - 2022,19800.0,1.2529964086141667,1.0,1.3335216533675034,0.00705,0.00630957,0.01,0.641,0.6,0.7,0.351,0.3,0.4,78400.0,522.0,33000.0,1.0,True,0.01,0.95,10.0,39600.0,0.938,0.139
1867,1 - 1 - 2022,19800.0,1.2569805089976536,1.0,1.3335216533675034,0.00703,0.00630957,0.01,0.649,0.6,0.7,0.452,0.4,0.5,66100.0,480.0,19200.0,1.0,True,0.01,0.95,10.0,39600.0,0.938,0.139
1868,1 - 1 - 2022,19800.0,1.2449899597988732,1.0,1.3335216533675034,0.00696,0.00630957,0.01,0.646,0.6,0.7,0.547,0.5,0.6,52300.0,427.0,19200.0,1.0,True,0.01,0.95,10.0,39600.0,0.938,0.139
1869,1 - 1 - 2022,19800.0,1.2489995996796797,1.0,1.3335216533675034,0.00707,0.00630957,0.01,0.646,0.6,0.7,0.65,0.6,0.7,51500.0,423.0,9990.0,1.0,True,0.01,0.95,10.0,39600.0,0.938,0.139
1870,1 - 1 - 2022,19800.0,1.2529964086141667,1.0,1.3335216533675034,0.00707,0.00630957,0.01,0.644,0.6,0.7,0.746,0.7,0.8,40000.0,373.0,10800.0,1.0,True,0.01,0.95,10.0,39600.0,0.938,0.139
1871,1 - 1 - 2022,19800.0,1.2569805089976536,1.0,1.3335216533675034,0.00704,0.00630957,0.01,0.656,0.6,0.7,0.845,0.8,0.9,18400.0,253.0,4610.0,1.0,True,0.01,0.95,10.0,39600.0,0.938,0.139
1872,1 - 1 - 2022,19800.0,1.2649110640673518,1.0,1.3335216533675034,0.00703,0.00630957,0.01,0.653,0.6,0.7,0.942,0.9,1.0,18400.0,253.0,6150.0,1.0,True,0.01,0.95,10.0,39600.0,0.938,0.139
1873,1 - 1 - 2022,19800.0,1.2529964086141667,1.0,1.3335216533675034,0.00702,0.00630957,0.01,0.645,0.6,0.7,1.17,1.0,1.5,5690.0,62.9,1230.0,1.0,True,0.01,0.95,10.0,39600.0,0.938,0.139
1874,1 - 1 - 2022,19800.0,1.2529964086141667,1.0,1.3335216533675034,0.00712,0.00630957,0.01,0.636,0.6,0.7,1.73,1.5,2.0,461.0,17.9,0.0,1.0,True,0.01,0.95,10.0,39600.0,0.938,0.139
1875,1 - 1 - 2022,19800.0,1.3,1.0,1.3335216533675034,0.00768,0.00630957,0.01,0.666,0.6,0.7,2.24,2.0,4.0,76.9,3.66,0.0,1.0,True,0.01,0.95,10.0,39600.0,0.938,0.139
1876,1 - 1 - 2022,19800.0,1.2165525060596438,1.0,1.3335216533675034,0.00673,0.00630957,0.01,0.751,0.7,0.8,0.0288,0.0,0.05,9220.0,253.0,0.0,1.0,True,0.01,0.95,10.0,39600.0,0.938,0.139
1877,1 - 1 - 2022,19800.0,1.2449899597988732,1.0,1.3335216533675034,0.00703,0.00630957,0.01,0.739,0.7,0.8,0.0821,0.05,0.1,15400.0,327.0,0.0,1.0,True,0.01,0.95,10.0,39600.0,0.938,0.139
1878,1 - 1 - 2022,19800.0,1.2688577540449522,1.0,1.3335216533675034,0.00715,0.00630957,0.01,0.752,0.7,0.8,0.159,0.1,0.2,31500.0,331.0,6920.0,1.0,True,0.01,0.95,10.0,39600.0,0.938,0.139
1879,1 - 1 - 2022,19800.0,1.2569805089976536,1.0,1.3335216533675034,0.00716,0.00630957,0.01,0.755,0.7,0.8,0.246,0.2,0.3,33800.0,343.0,9220.0,1.0,True,0.01,0.95,10.0,39600.0,0.938,0.139
1880,1 - 1 - 2022,19800.0,1.2489995996796797,1.0,1.3335216533675034,0.00705,0.00630957,0.01,0.751,0.7,0.8,0.35,0.3,0.4,46900.0,404.0,19200.0,1.0,True,0.01,0.95,10.0,39600.0,0.938,0.139
1881,1 - 1 - 2022,19800.0,1.2569805089976536,1.0,1.3335216533675034,0.007,0.00630957,0.01,0.748,0.7,0.8,0.449,0.4,0.5,54600.0,436.0,25400.0,1.0,True,0.01,0.95,10.0,39600.0,0.938,0.139
1882,1 - 1 - 2022,19800.0,1.2609520212918492,1.0,1.3335216533675034,0.00717,0.00630957,0.01,0.746,0.7,0.8,0.55,0.5,0.6,46100.0,401.0,11500.0,1.0,True,0.01,0.95,10.0,39600.0,0.938,0.139
1883,1 - 1 - 2022,19800.0,1.2409673645990857,1.0,1.3335216533675034,0.00703,0.00630957,0.01,0.746,0.7,0.8,0.643,0.6,0.7,39200.0,369.0,14600.0,1.0,True,0.01,0.95,10.0,39600.0,0.938,0.139
1884,1 - 1 - 2022,19800.0,1.2569805089976536,1.0,1.3335216533675034,0.00723,0.00630957,0.01,0.745,0.7,0.8,0.746,0.7,0.8,28400.0,315.0,9220.0,1.0,True,0.01,0.95,10.0,39600.0,0.938,0.139
1885,1 - 1 - 2022,19800.0,1.2609520212918492,1.0,1.3335216533675034,0.00711,0.00630957,0.01,0.75,0.7,0.8,0.836,0.8,0.9,13800.0,219.0,1540.0,1.0,True,0.01,0.95,10.0,39600.0,0.938,0.139
1886,1 - 1 - 2022,19800.0,1.2369316876852983,1.0,1.3335216533675034,0.00711,0.00630957,0.01,0.75,0.7,0.8,0.934,0.9,1.0,8450.0,172.0,4610.0,1.0,True,0.01,0.95,10.0,39600.0,0.938,0.139
1887,1 - 1 - 2022,19800.0,1.2449899597988732,1.0,1.3335216533675034,0.00712,0.00630957,0.01,0.739,0.7,0.8,1.11,1.0,1.5,2000.0,37.3,615.0,1.0,True,0.01,0.95,10.0,39600.0,0.938,0.139
1888,1 - 1 - 2022,19800.0,1.3228756555322954,1.0,1.3335216533675034,0.00636,0.00630957,0.01,0.756,0.7,0.8,2.12,2.0,4.0,38.4,2.59,0.0,1.0,True,0.01,0.95,10.0,39600.0,0.938,0.139
1889,1 - 1 - 2022,19800.0,1.2806248474865698,1.0,1.3335216533675034,0.00717,0.00630957,0.01,0.846,0.8,0.9,0.0743,0.05,0.1,10800.0,274.0,0.0,1.0,True,0.01,0.95,10.0,39600.0,0.938,0.139
1890,1 - 1 - 2022,19800.0,1.2609520212918492,1.0,1.3335216533675034,0.00712,0.00630957,0.01,0.838,0.8,0.9,0.149,0.1,0.2,12300.0,207.0,768.0,1.0,True,0.01,0.95,10.0,39600.0,0.938,0.139
1891,1 - 1 - 2022,19800.0,1.2609520212918492,1.0,1.3335216533675034,0.00719,0.00630957,0.01,0.836,0.8,0.9,0.246,0.2,0.3,18400.0,253.0,1540.0,1.0,True,0.01,0.95,10.0,39600.0,0.938,0.139
1892,1 - 1 - 2022,19800.0,1.2409673645990857,1.0,1.3335216533675034,0.00702,0.00630957,0.01,0.846,0.8,0.9,0.349,0.3,0.4,26900.0,306.0,8450.0,1.0,True,0.01,0.95,10.0,39600.0,0.938,0.139
1893,1 - 1 - 2022,19800.0,1.2569805089976536,1.0,1.3335216533675034,0.00719,0.00630957,0.01,0.842,0.8,0.9,0.451,0.4,0.5,26900.0,306.0,6920.0,1.0,True,0.01,0.95,10.0,39600.0,0.938,0.139
1894,1 - 1 - 2022,19800.0,1.2449899597988732,1.0,1.3335216533675034,0.00702,0.00630957,0.01,0.838,0.8,0.9,0.542,0.5,0.6,26900.0,306.0,5380.0,1.0,True,0.01,0.95,10.0,39600.0,0.938,0.139
1895,1 - 1 - 2022,19800.0,1.2489995996796797,1.0,1.3335216533675034,0.0073,0.00630957,0.01,0.855,0.8,0.9,0.649,0.6,0.7,19200.0,259.0,3070.0,1.0,True,0.01,0.95,10.0,39600.0,0.938,0.139
1896,1 - 1 - 2022,19800.0,1.2206555615733703,1.0,1.3335216533675034,0.00685,0.00630957,0.01,0.849,0.8,0.9,0.747,0.7,0.8,13100.0,213.0,3840.0,1.0,True,0.01,0.95,10.0,39600.0,0.938,0.139
1897,1 - 1 - 2022,19800.0,1.2569805089976536,1.0,1.3335216533675034,0.00727,0.00630957,0.01,0.855,0.8,0.9,0.852,0.8,0.9,7690.0,164.0,769.0,1.0,True,0.01,0.95,10.0,39600.0,0.938,0.139
1898,1 - 1 - 2022,19800.0,1.2727922061357855,1.0,1.3335216533675034,0.00703,0.00630957,0.01,0.83,0.8,0.9,0.924,0.9,1.0,3840.0,116.0,769.0,1.0,True,0.01,0.95,10.0,39600.0,0.938,0.139
1899,1 - 1 - 2022,19800.0,1.2884098726725126,1.0,1.3335216533675034,0.00737,0.00630957,0.01,0.81,0.8,0.9,1.07,1.0,1.5,615.0,20.7,0.0,1.0,True,0.01,0.95,10.0,39600.0,0.938,0.139
1900,1 - 1 - 2022,19800.0,1.2529964086141667,1.0,1.3335216533675034,0.00735,0.00630957,0.01,0.92,0.9,1.0,0.0381,0.0,0.05,4610.0,179.0,0.0,1.0,True,0.01,0.95,10.0,39600.0,0.938,0.139
1901,1 - 1 - 2022,19800.0,1.2489995996796797,1.0,1.3335216533675034,0.0076,0.00630957,0.01,0.929,0.9,1.0,0.165,0.1,0.2,6150.0,146.0,0.0,1.0,True,0.01,0.95,10.0,39600.0,0.938,0.139
1902,1 - 1 - 2022,19800.0,1.2409673645990857,1.0,1.3335216533675034,0.00677,0.00630957,0.01,0.93,0.9,1.0,0.254,0.2,0.3,11500.0,200.0,2310.0,1.0,True,0.01,0.95,10.0,39600.0,0.938,0.139
1903,1 - 1 - 2022,19800.0,1.284523257866513,1.0,1.3335216533675034,0.00744,0.00630957,0.01,0.929,0.9,1.0,0.353,0.3,0.4,9990.0,187.0,769.0,1.0,True,0.01,0.95,10.0,39600.0,0.938,0.139
1904,1 - 1 - 2022,19800.0,1.2449899597988732,1.0,1.3335216533675034,0.00693,0.00630957,0.01,0.922,0.9,1.0,0.462,0.4,0.5,9990.0,187.0,1540.0,1.0,True,0.01,0.95,10.0,39600.0,0.938,0.139
1905,1 - 1 - 2022,19800.0,1.2489995996796797,1.0,1.3335216533675034,0.00707,0.00630957,0.01,0.927,0.9,1.0,0.554,0.5,0.6,6150.0,146.0,769.0,1.0,True,0.01,0.95,10.0,39600.0,0.938,0.139
1906,1 - 1 - 2022,19800.0,1.2529964086141667,1.0,1.3335216533675034,0.00739,0.00630957,0.01,0.942,0.9,1.0,0.64,0.6,0.7,2310.0,89.6,769.0,1.0,True,0.01,0.95,10.0,39600.0,0.938,0.139
1907,1 - 1 - 2022,19800.0,1.2884098726725126,1.0,1.3335216533675034,0.00711,0.00630957,0.01,0.92,0.9,1.0,0.733,0.7,0.8,5380.0,137.0,0.0,1.0,True,0.01,0.95,10.0,39600.0,0.938,0.139
1908,1 - 1 - 2022,19800.0,1.2083045973594573,1.0,1.3335216533675034,0.00658,0.00630957,0.01,0.909,0.9,1.0,0.838,0.8,0.9,2310.0,89.6,0.0,1.0,True,0.01,0.95,10.0,39600.0,0.938,0.139
1909,1 - 1 - 2022,19800.0,1.2767145334803705,1.0,1.3335216533675034,0.00743,0.00630957,0.01,0.936,0.9,1.0,0.948,0.9,1.0,2310.0,89.6,768.0,1.0,True,0.01,0.95,10.0,39600.0,0.938,0.139
1910,1 - 1 - 2022,19800.0,1.2449899597988732,1.0,1.3335216533675034,0.00695,0.00630957,0.01,0.916,0.9,1.0,1.06,1.0,1.5,154.0,10.3,0.0,1.0,True,0.01,0.95,10.0,39600.0,0.938,0.139
1911,1 - 1 - 2022,19800.0,1.3453624047073711,1.3335216533675034,1.7782800679308082,9.81e-05,6.30957e-05,0.0001,0.0127,0.0,0.05,0.152,0.1,0.2,14000000.0,74000.0,12600000.0,1.0,True,0.01,0.95,10.0,39600.0,0.938,0.139
1912,1 - 1 - 2022,19800.0,1.3453624047073711,1.3335216533675034,1.7782800679308082,9.81e-05,6.30957e-05,0.0001,0.0117,0.0,0.05,0.253,0.2,0.3,21200000.0,91100.0,16700000.0,1.0,True,0.01,0.95,10.0,39600.0,0.938,0.139
1913,1 - 1 - 2022,19800.0,1.3453624047073711,1.3335216533675034,1.7782800679308082,9.8e-05,6.30957e-05,0.0001,0.012,0.0,0.05,0.348,0.3,0.4,22000000.0,92900.0,15100000.0,1.0,True,0.01,0.95,10.0,39600.0,0.938,0.139
1914,1 - 1 - 2022,19800.0,1.3453624047073711,1.3335216533675034,1.7782800679308082,9.83e-05,6.30957e-05,0.0001,0.0134,0.0,0.05,0.451,0.4,0.5,16500000.0,80400.0,7870000.0,1.0,True,0.01,0.95,10.0,39600.0,0.938,0.139
1915,1 - 1 - 2022,19800.0,1.3453624047073711,1.3335216533675034,1.7782800679308082,9.8e-05,6.30957e-05,0.0001,0.0111,0.0,0.05,0.552,0.5,0.6,14300000.0,74700.0,4670000.0,1.0,True,0.01,0.95,10.0,39600.0,0.938,0.139
1916,1 - 1 - 2022,19800.0,1.3490737563232043,1.3335216533675034,1.7782800679308082,9.8e-05,6.30957e-05,0.0001,0.0135,0.0,0.05,0.642,0.6,0.7,10100000.0,62900.0,3630000.0,1.0,True,0.01,0.95,10.0,39600.0,0.938,0.139
1917,1 - 1 - 2022,19800.0,1.3453624047073711,1.3335216533675034,1.7782800679308082,9.78e-05,6.30957e-05,0.0001,0.0131,0.0,0.05,0.747,0.7,0.8,7870000.0,55500.0,2070000.0,1.0,True,0.01,0.95,10.0,39600.0,0.938,0.139
1918,1 - 1 - 2022,19800.0,1.3453624047073711,1.3335216533675034,1.7782800679308082,9.84e-05,6.30957e-05,0.0001,0.0149,0.0,0.05,0.846,0.8,0.9,4410000.0,41500.0,691000.0,1.0,True,0.01,0.95,10.0,39600.0,0.938,0.139
1919,1 - 1 - 2022,19800.0,1.3416407864998738,1.3335216533675034,1.7782800679308082,9.76e-05,6.30957e-05,0.0001,0.0129,0.0,0.05,0.95,0.9,1.0,2770000.0,32900.0,173000.0,1.0,True,0.01,0.95,10.0,39600.0,0.938,0.139
1920,1 - 1 - 2022,19800.0,1.3453624047073711,1.3335216533675034,1.7782800679308082,9.8e-05,6.30957e-05,0.0001,0.0145,0.0,0.05,1.16,1.0,1.5,847000.0,8150.0,17300.0,1.0,True,0.01,0.95,10.0,39600.0,0.938,0.139
1921,1 - 1 - 2022,19800.0,1.3416407864998738,1.3335216533675034,1.7782800679308082,9.79e-05,6.30957e-05,0.0001,0.0145,0.0,0.05,1.7,1.5,2.0,225000.0,4200.0,51900.0,1.0,True,0.01,0.95,10.0,39600.0,0.938,0.139
1922,1 - 1 - 2022,19800.0,1.42828568570857,1.3335216533675034,1.7782800679308082,9.88e-05,6.30957e-05,0.0001,0.0235,0.0,0.05,2.79,2.0,4.0,21600.0,651.0,4320.0,1.0,True,0.01,0.95,10.0,39600.0,0.938,0.139
1923,1 - 1 - 2022,19800.0,1.3453624047073711,1.3335216533675034,1.7782800679308082,9.81e-05,6.30957e-05,0.0001,0.0759,0.05,0.1,0.153,0.1,0.2,2330000.0,30200.0,1900000.0,1.0,True,0.01,0.95,10.0,39600.0,0.938,0.139
1924,1 - 1 - 2022,19800.0,1.3453624047073711,1.3335216533675034,1.7782800679308082,9.82e-05,6.30957e-05,0.0001,0.0744,0.05,0.1,0.255,0.2,0.3,4230000.0,40700.0,3800000.0,1.0,True,0.01,0.95,10.0,39600.0,0.938,0.139
1925,1 - 1 - 2022,19800.0,1.3453624047073711,1.3335216533675034,1.7782800679308082,9.81e-05,6.30957e-05,0.0001,0.0751,0.05,0.1,0.357,0.3,0.4,3630000.0,37700.0,3370000.0,1.0,True,0.01,0.95,10.0,39600.0,0.938,0.139
1926,1 - 1 - 2022,19800.0,1.3453624047073711,1.3335216533675034,1.7782800679308082,9.85e-05,6.30957e-05,0.0001,0.0706,0.05,0.1,0.548,0.5,0.6,2510000.0,31300.0,2250000.0,1.0,True,0.01,0.95,10.0,39600.0,0.938,0.139
1927,1 - 1 - 2022,19800.0,1.3453624047073711,1.3335216533675034,1.7782800679308082,9.78e-05,6.30957e-05,0.0001,0.0771,0.05,0.1,0.636,0.6,0.7,2160000.0,29100.0,1470000.0,1.0,True,0.01,0.95,10.0,39600.0,0.938,0.139
1928,1 - 1 - 2022,19800.0,1.3453624047073711,1.3335216533675034,1.7782800679308082,9.79e-05,6.30957e-05,0.0001,0.0706,0.05,0.1,0.75,0.7,0.8,778000.0,17500.0,259000.0,1.0,True,0.01,0.95,10.0,39600.0,0.938,0.139
1929,1 - 1 - 2022,19800.0,1.3490737563232043,1.3335216533675034,1.7782800679308082,9.84e-05,6.30957e-05,0.0001,0.07,0.05,0.1,0.861,0.8,0.9,692000.0,16500.0,432000.0,1.0,True,0.01,0.95,10.0,39600.0,0.938,0.139
1930,1 - 1 - 2022,19800.0,1.3490737563232043,1.3335216533675034,1.7782800679308082,9.84e-05,6.30957e-05,0.0001,0.0799,0.05,0.1,0.947,0.9,1.0,605000.0,15400.0,259000.0,1.0,True,0.01,0.95,10.0,39600.0,0.938,0.139
1931,1 - 1 - 2022,19800.0,1.3490737563232043,1.3335216533675034,1.7782800679308082,9.82e-05,6.30957e-05,0.0001,0.0764,0.05,0.1,1.2,1.0,1.5,346000.0,5200.0,34600.0,1.0,True,0.01,0.95,10.0,39600.0,0.938,0.139
1932,1 - 1 - 2022,19800.0,1.3527749258468684,1.3335216533675034,1.7782800679308082,9.89e-05,6.30957e-05,0.0001,0.0745,0.05,0.1,1.69,1.5,2.0,86400.0,2600.0,51800.0,1.0,True,0.01,0.95,10.0,39600.0,0.938,0.139
1933,1 - 1 - 2022,19800.0,1.4352700094407325,1.3335216533675034,1.7782800679308082,9.86e-05,6.30957e-05,0.0001,0.0687,0.05,0.1,2.64,2.0,4.0,13000.0,504.0,4320.0,1.0,True,0.01,0.95,10.0,39600.0,0.938,0.139
1934,1 - 1 - 2022,19800.0,1.3490737563232043,1.3335216533675034,1.7782800679308082,9.77e-05,6.30957e-05,0.0001,0.129,0.1,0.15,0.0767,0.05,0.1,1040000.0,28500.0,691000.0,1.0,True,0.01,0.95,10.0,39600.0,0.938,0.139
1935,1 - 1 - 2022,19800.0,1.3490737563232043,1.3335216533675034,1.7782800679308082,9.8e-05,6.30957e-05,0.0001,0.127,0.1,0.15,0.156,0.1,0.2,1640000.0,25400.0,76.8,1.0,True,0.01,0.95,10.0,39600.0,0.938,0.139
1936,1 - 1 - 2022,19800.0,1.3453624047073711,1.3335216533675034,1.7782800679308082,9.82e-05,6.30957e-05,0.0001,0.123,0.1,0.15,0.262,0.2,0.3,2070000.0,28500.0,173000.0,1.0,True,0.01,0.95,10.0,39600.0,0.938,0.139
1937,1 - 1 - 2022,19800.0,1.3453624047073711,1.3335216533675034,1.7782800679308082,9.81e-05,6.30957e-05,0.0001,0.121,0.1,0.15,0.354,0.3,0.4,2510000.0,31300.0,86300.0,1.0,True,0.01,0.95,10.0,39600.0,0.938,0.139
1938,1 - 1 - 2022,19800.0,1.3453624047073711,1.3335216533675034,1.7782800679308082,9.82e-05,6.30957e-05,0.0001,0.119,0.1,0.15,0.448,0.4,0.5,1640000.0,25400.0,259000.0,1.0,True,0.01,0.95,10.0,39600.0,0.938,0.139
1939,1 - 1 - 2022,19800.0,1.3453624047073711,1.3335216533675034,1.7782800679308082,9.8e-05,6.30957e-05,0.0001,0.121,0.1,0.15,0.557,0.5,0.6,2250000.0,29700.0,346000.0,1.0,True,0.01,0.95,10.0,39600.0,0.938,0.139
1940,1 - 1 - 2022,19800.0,1.3453624047073711,1.3335216533675034,1.7782800679308082,9.78e-05,6.30957e-05,0.0001,0.122,0.1,0.15,0.648,0.6,0.7,1120000.0,21000.0,35.4,1.0,True,0.01,0.95,10.0,39600.0,0.938,0.139
1941,1 - 1 - 2022,19800.0,1.3453624047073711,1.3335216533675034,1.7782800679308082,9.84e-05,6.30957e-05,0.0001,0.119,0.1,0.15,0.756,0.7,0.8,1120000.0,21000.0,86500.0,1.0,True,0.01,0.95,10.0,39600.0,0.938,0.139
1942,1 - 1 - 2022,19800.0,1.3379088160259651,1.3335216533675034,1.7782800679308082,9.77e-05,6.30957e-05,0.0001,0.117,0.1,0.15,0.83,0.8,0.9,864000.0,18400.0,28.6,1.0,True,0.01,0.95,10.0,39600.0,0.938,0.139
1943,1 - 1 - 2022,19800.0,1.3453624047073711,1.3335216533675034,1.7782800679308082,9.85e-05,6.30957e-05,0.0001,0.112,0.1,0.15,0.932,0.9,1.0,519000.0,14200.0,2.86,1.0,True,0.01,0.95,10.0,39600.0,0.938,0.139
1944,1 - 1 - 2022,19800.0,1.3416407864998738,1.3335216533675034,1.7782800679308082,9.77e-05,6.30957e-05,0.0001,0.122,0.1,0.15,1.19,1.0,1.5,138000.0,3290.0,51900.0,1.0,True,0.01,0.95,10.0,39600.0,0.938,0.139
1945,1 - 1 - 2022,19800.0,1.4317821063276353,1.3335216533675034,1.7782800679308082,9.81e-05,6.30957e-05,0.0001,0.133,0.1,0.15,2.22,2.0,4.0,4320.0,291.0,0.0,1.0,True,0.01,0.95,10.0,39600.0,0.938,0.139
1946,1 - 1 - 2022,19800.0,1.3453624047073711,1.3335216533675034,1.7782800679308082,9.82e-05,6.30957e-05,0.0001,0.176,0.15,0.2,0.162,0.1,0.2,864000.0,18400.0,519000.0,1.0,True,0.01,0.95,10.0,39600.0,0.938,0.139
1947,1 - 1 - 2022,19800.0,1.3453624047073711,1.3335216533675034,1.7782800679308082,9.84e-05,6.30957e-05,0.0001,0.176,0.15,0.2,0.25,0.2,0.3,1640000.0,25400.0,259000.0,1.0,True,0.01,0.95,10.0,39600.0,0.938,0.139
1948,1 - 1 - 2022,19800.0,1.3490737563232043,1.3335216533675034,1.7782800679308082,9.87e-05,6.30957e-05,0.0001,0.174,0.15,0.2,0.349,0.3,0.4,1640000.0,25400.0,346000.0,1.0,True,0.01,0.95,10.0,39600.0,0.938,0.139
1949,1 - 1 - 2022,19800.0,1.3490737563232043,1.3335216533675034,1.7782800679308082,9.87e-05,6.30957e-05,0.0001,0.178,0.15,0.2,0.449,0.4,0.5,951000.0,19300.0,14.2,1.0,True,0.01,0.95,10.0,39600.0,0.938,0.139
1950,1 - 1 - 2022,19800.0,1.3453624047073711,1.3335216533675034,1.7782800679308082,9.82e-05,6.30957e-05,0.0001,0.173,0.15,0.2,0.551,0.5,0.6,1640000.0,25400.0,346000.0,1.0,True,0.01,0.95,10.0,39600.0,0.938,0.139
1951,1 - 1 - 2022,19800.0,1.3490737563232043,1.3335216533675034,1.7782800679308082,9.84e-05,6.30957e-05,0.0001,0.177,0.15,0.2,0.668,0.6,0.7,691000.0,16500.0,173000.0,1.0,True,0.01,0.95,10.0,39600.0,0.938,0.139
1952,1 - 1 - 2022,19800.0,1.3453624047073711,1.3335216533675034,1.7782800679308082,9.83e-05,6.30957e-05,0.0001,0.175,0.15,0.2,0.76,0.7,0.8,519000.0,14200.0,86400.0,1.0,True,0.01,0.95,10.0,39600.0,0.938,0.139
1953,1 - 1 - 2022,19800.0,1.3490737563232043,1.3335216533675034,1.7782800679308082,9.82e-05,6.30957e-05,0.0001,0.178,0.15,0.2,0.846,0.8,0.9,432000.0,13000.0,173000.0,1.0,True,0.01,0.95,10.0,39600.0,0.938,0.139
1954,1 - 1 - 2022,19800.0,1.3490737563232043,1.3335216533675034,1.7782800679308082,9.88e-05,6.30957e-05,0.0001,0.171,0.15,0.2,0.964,0.9,1.0,173000.0,8230.0,86500.0,1.0,True,0.01,0.95,10.0,39600.0,0.938,0.139
1955,1 - 1 - 2022,19800.0,1.3490737563232043,1.3335216533675034,1.7782800679308082,9.79e-05,6.30957e-05,0.0001,0.178,0.15,0.2,1.19,1.0,1.5,104000.0,2850.0,2.11,1.0,True,0.01,0.95,10.0,39600.0,0.938,0.139
1956,1 - 1 - 2022,19800.0,1.3453624047073711,1.3335216533675034,1.7782800679308082,9.69e-05,6.30957e-05,0.0001,0.159,0.15,0.2,1.72,1.5,2.0,17300.0,1160.0,17300.0,1.0,True,0.01,0.95,10.0,39600.0,0.938,0.139
1957,1 - 1 - 2022,19800.0,1.3490737563232043,1.3335216533675034,1.7782800679308082,9.89e-05,6.30957e-05,0.0001,0.236,0.2,0.25,0.133,0.1,0.2,86400.0,5820.0,9.99,1.0,True,0.01,0.95,10.0,39600.0,0.938,0.139
1958,1 - 1 - 2022,19800.0,1.3490737563232043,1.3335216533675034,1.7782800679308082,9.84e-05,6.30957e-05,0.0001,0.219,0.2,0.25,0.25,0.2,0.3,951000.0,19300.0,86400.0,1.0,True,0.01,0.95,10.0,39600.0,0.938,0.139
1959,1 - 1 - 2022,19800.0,1.3416407864998738,1.3335216533675034,1.7782800679308082,9.79e-05,6.30957e-05,0.0001,0.222,0.2,0.25,0.351,0.3,0.4,1040000.0,20200.0,259000.0,1.0,True,0.01,0.95,10.0,39600.0,0.938,0.139
1960,1 - 1 - 2022,19800.0,1.3416407864998738,1.3335216533675034,1.7782800679308082,9.78e-05,6.30957e-05,0.0001,0.227,0.2,0.25,0.448,0.4,0.5,519000.0,14200.0,8.46,1.0,True,0.01,0.95,10.0,39600.0,0.938,0.139
1961,1 - 1 - 2022,19800.0,1.3490737563232043,1.3335216533675034,1.7782800679308082,9.83e-05,6.30957e-05,0.0001,0.221,0.2,0.25,0.563,0.5,0.6,432000.0,13000.0,86500.0,1.0,True,0.01,0.95,10.0,39600.0,0.938,0.139
1962,1 - 1 - 2022,19800.0,1.3490737563232043,1.3335216533675034,1.7782800679308082,9.87e-05,6.30957e-05,0.0001,0.222,0.2,0.25,0.629,0.6,0.7,951000.0,19300.0,432000.0,1.0,True,0.01,0.95,10.0,39600.0,0.938,0.139
1963,1 - 1 - 2022,19800.0,1.3453624047073711,1.3335216533675034,1.7782800679308082,9.8e-05,6.30957e-05,0.0001,0.222,0.2,0.25,0.737,0.7,0.8,519000.0,14300.0,86500.0,1.0,True,0.01,0.95,10.0,39600.0,0.938,0.139
1964,1 - 1 - 2022,19800.0,1.3416407864998738,1.3335216533675034,1.7782800679308082,9.7e-05,6.30957e-05,0.0001,0.209,0.2,0.25,0.821,0.8,0.9,259000.0,10100.0,0.0,1.0,True,0.01,0.95,10.0,39600.0,0.938,0.139
1965,1 - 1 - 2022,19800.0,1.3416407864998738,1.3335216533675034,1.7782800679308082,9.9e-05,6.30957e-05,0.0001,0.242,0.2,0.25,0.988,0.9,1.0,86400.0,5820.0,0.0,1.0,True,0.01,0.95,10.0,39600.0,0.938,0.139
1966,1 - 1 - 2022,19800.0,1.3416407864998738,1.3335216533675034,1.7782800679308082,9.84e-05,6.30957e-05,0.0001,0.23,0.2,0.25,1.13,1.0,1.5,138000.0,3290.0,34600.0,1.0,True,0.01,0.95,10.0,39600.0,0.938,0.139
1967,1 - 1 - 2022,19800.0,1.3341664064126333,1.3335216533675034,1.7782800679308082,9.75e-05,6.30957e-05,0.0001,0.223,0.2,0.25,1.71,1.5,2.0,17300.0,1160.0,0.0,1.0,True,0.01,0.95,10.0,39600.0,0.938,0.139
1968,1 - 1 - 2022,19800.0,1.3453624047073711,1.3335216533675034,1.7782800679308082,9.8e-05,6.30957e-05,0.0001,0.273,0.25,0.3,0.258,0.2,0.3,864000.0,18400.0,346000.0,1.0,True,0.01,0.95,10.0,39600.0,0.938,0.139
1969,1 - 1 - 2022,19800.0,1.3453624047073711,1.3335216533675034,1.7782800679308082,9.81e-05,6.30957e-05,0.0001,0.266,0.25,0.3,0.338,0.3,0.4,691000.0,16500.0,259000.0,1.0,True,0.01,0.95,10.0,39600.0,0.938,0.139
1970,1 - 1 - 2022,19800.0,1.3453624047073711,1.3335216533675034,1.7782800679308082,9.79e-05,6.30957e-05,0.0001,0.27,0.25,0.3,0.451,0.4,0.5,951000.0,19300.0,10.9,1.0,True,0.01,0.95,10.0,39600.0,0.938,0.139
1971,1 - 1 - 2022,19800.0,1.3453624047073711,1.3335216533675034,1.7782800679308082,9.75e-05,6.30957e-05,0.0001,0.281,0.25,0.3,0.547,0.5,0.6,951000.0,19300.0,86400.0,1.0,True,0.01,0.95,10.0,39600.0,0.938,0.139
1972,1 - 1 - 2022,19800.0,1.3601470508735443,1.3335216533675034,1.7782800679308082,9.85e-05,6.30957e-05,0.0001,0.265,0.25,0.3,0.645,0.6,0.7,173000.0,8230.0,346000.0,1.0,True,0.01,0.95,10.0,39600.0,0.938,0.139
1973,1 - 1 - 2022,19800.0,1.3379088160259651,1.3335216533675034,1.7782800679308082,9.87e-05,6.30957e-05,0.0001,0.28,0.25,0.3,0.725,0.7,0.8,173000.0,8230.0,173000.0,1.0,True,0.01,0.95,10.0,39600.0,0.938,0.139
1974,1 - 1 - 2022,19800.0,1.3416407864998738,1.3335216533675034,1.7782800679308082,9.68e-05,6.30957e-05,0.0001,0.262,0.25,0.3,0.846,0.8,0.9,346000.0,11600.0,0.0,1.0,True,0.01,0.95,10.0,39600.0,0.938,0.139
1975,1 - 1 - 2022,19800.0,1.3379088160259651,1.3335216533675034,1.7782800679308082,9.72e-05,6.30957e-05,0.0001,0.27,0.25,0.3,0.968,0.9,1.0,173000.0,8230.0,0.0,1.0,True,0.01,0.95,10.0,39600.0,0.938,0.139
1976,1 - 1 - 2022,19800.0,1.3527749258468684,1.3335216533675034,1.7782800679308082,9.79e-05,6.30957e-05,0.0001,0.276,0.25,0.3,1.66,1.5,2.0,34600.0,1650.0,17300.0,1.0,True,0.01,0.95,10.0,39600.0,0.938,0.139
1977,1 - 1 - 2022,19800.0,1.4560219778561037,1.3335216533675034,1.7782800679308082,9.9e-05,6.30957e-05,0.0001,0.271,0.25,0.3,2.21,2.0,4.0,4320.0,291.0,4320.0,1.0,True,0.01,0.95,10.0,39600.0,0.938,0.139
1978,1 - 1 - 2022,19800.0,1.3453624047073711,1.3335216533675034,1.7782800679308082,9.77e-05,6.30957e-05,0.0001,0.345,0.3,0.4,0.448,0.4,0.5,432000.0,9200.0,389000.0,1.0,True,0.01,0.95,10.0,39600.0,0.938,0.139
1979,1 - 1 - 2022,19800.0,1.452583904633395,1.3335216533675034,1.7782800679308082,0.000134,0.0001,0.000158489,0.0159,0.0,0.05,0.0777,0.05,0.1,334000000.0,406000.0,334000000.0,1.0,True,0.01,0.95,10.0,39600.0,0.938,0.139
1980,1 - 1 - 2022,19800.0,1.449137674618944,1.3335216533675034,1.7782800679308082,0.000134,0.0001,0.000158489,0.0138,0.0,0.05,0.155,0.1,0.2,687000000.0,412000.0,615000000.0,1.0,True,0.01,0.95,10.0,39600.0,0.938,0.139
1981,1 - 1 - 2022,19800.0,1.452583904633395,1.3335216533675034,1.7782800679308082,0.000134,0.0001,0.000158489,0.013,0.0,0.05,0.251,0.2,0.3,954000000.0,486000.0,708000000.0,1.0,True,0.01,0.95,10.0,39600.0,0.938,0.139
1982,1 - 1 - 2022,19800.0,1.452583904633395,1.3335216533675034,1.7782800679308082,0.000134,0.0001,0.000158489,0.0125,0.0,0.05,0.35,0.3,0.4,956000000.0,486000.0,608000000.0,1.0,True,0.01,0.95,10.0,39600.0,0.938,0.139
1983,1 - 1 - 2022,19800.0,1.452583904633395,1.3335216533675034,1.7782800679308082,0.000134,0.0001,0.000158489,0.0129,0.0,0.05,0.448,0.4,0.5,838000000.0,455000.0,399000000.0,1.0,True,0.01,0.95,10.0,39600.0,0.938,0.139
1984,1 - 1 - 2022,19800.0,1.452583904633395,1.3335216533675034,1.7782800679308082,0.000134,0.0001,0.000158489,0.0128,0.0,0.05,0.548,0.5,0.6,663000000.0,405000.0,212000000.0,1.0,True,0.01,0.95,10.0,39600.0,0.938,0.139
1985,1 - 1 - 2022,19800.0,1.452583904633395,1.3335216533675034,1.7782800679308082,0.000134,0.0001,0.000158489,0.0129,0.0,0.05,0.647,0.6,0.7,476000000.0,343000.0,157000000.0,1.0,True,0.01,0.95,10.0,39600.0,0.938,0.139
1986,1 - 1 - 2022,19800.0,1.452583904633395,1.3335216533675034,1.7782800679308082,0.000134,0.0001,0.000158489,0.0135,0.0,0.05,0.747,0.7,0.8,320000000.0,281000.0,107000000.0,1.0,True,0.01,0.95,10.0,39600.0,0.938,0.139
1987,1 - 1 - 2022,19800.0,1.452583904633395,1.3335216533675034,1.7782800679308082,0.000134,0.0001,0.000158489,0.0139,0.0,0.05,0.846,0.8,0.9,210000000.0,228000.0,32700000.0,1.0,True,0.01,0.95,10.0,39600.0,0.938,0.139
1988,1 - 1 - 2022,19800.0,1.449137674618944,1.3335216533675034,1.7782800679308082,0.000134,0.0001,0.000158489,0.0137,0.0,0.05,0.947,0.9,1.0,136000000.0,183000.0,15400000.0,1.0,True,0.01,0.95,10.0,39600.0,0.938,0.139
1989,1 - 1 - 2022,19800.0,1.452583904633395,1.3335216533675034,1.7782800679308082,0.000134,0.0001,0.000158489,0.016,0.0,0.05,1.16,1.0,1.5,40900000.0,45000.0,2530000.0,1.0,True,0.01,0.95,10.0,39600.0,0.938,0.139
1990,1 - 1 - 2022,19800.0,1.4594519519326423,1.3335216533675034,1.7782800679308082,0.000134,0.0001,0.000158489,0.0192,0.0,0.05,1.69,1.5,2.0,6650000.0,18100.0,164000.0,1.0,True,0.01,0.95,10.0,39600.0,0.938,0.139
1991,1 - 1 - 2022,19800.0,1.4628738838327795,1.3335216533675034,1.7782800679308082,0.000136,0.0001,0.000158489,0.0235,0.0,0.05,2.48,2.0,4.0,695000.0,2930.0,27300.0,1.0,True,0.01,0.95,10.0,39600.0,0.938,0.139
1992,1 - 1 - 2022,19800.0,1.449137674618944,1.3335216533675034,1.7782800679308082,0.000135,0.0001,0.000158489,0.0709,0.05,0.1,0.0791,0.05,0.1,75500000.0,193000.0,75300000.0,1.0,True,0.01,0.95,10.0,39600.0,0.938,0.139
1993,1 - 1 - 2022,19800.0,1.449137674618944,1.3335216533675034,1.7782800679308082,0.000134,0.0001,0.000158489,0.0722,0.05,0.1,0.154,0.1,0.2,140000000.0,186000.0,139000000.0,1.0,True,0.01,0.95,10.0,39600.0,0.938,0.139
1994,1 - 1 - 2022,19800.0,1.449137674618944,1.3335216533675034,1.7782800679308082,0.000134,0.0001,0.000158489,0.0721,0.05,0.1,0.252,0.2,0.3,186000000.0,215000.0,182000000.0,1.0,True,0.01,0.95,10.0,39600.0,0.938,0.139
1995,1 - 1 - 2022,19800.0,1.452583904633395,1.3335216533675034,1.7782800679308082,0.000134,0.0001,0.000158489,0.0723,0.05,0.1,0.349,0.3,0.4,191000000.0,217000.0,187000000.0,1.0,True,0.01,0.95,10.0,39600.0,0.938,0.139
1996,1 - 1 - 2022,19800.0,1.452583904633395,1.3335216533675034,1.7782800679308082,0.000134,0.0001,0.000158489,0.0724,0.05,0.1,0.449,0.4,0.5,171000000.0,206000.0,163000000.0,1.0,True,0.01,0.95,10.0,39600.0,0.938,0.139
1997,1 - 1 - 2022,19800.0,1.452583904633395,1.3335216533675034,1.7782800679308082,0.000134,0.0001,0.000158489,0.0725,0.05,0.1,0.548,0.5,0.6,128000000.0,178000.0,113000000.0,1.0,True,0.01,0.95,10.0,39600.0,0.938,0.139
1998,1 - 1 - 2022,19800.0,1.452583904633395,1.3335216533675034,1.7782800679308082,0.000135,0.0001,0.000158489,0.0725,0.05,0.1,0.647,0.6,0.7,96100000.0,154000.0,61700000.0,1.0,True,0.01,0.95,10.0,39600.0,0.938,0.139
1999,1 - 1 - 2022,19800.0,1.452583904633395,1.3335216533675034,1.7782800679308082,0.000135,0.0001,0.000158489,0.0724,0.05,0.1,0.745,0.7,0.8,69600000.0,131000.0,29800000.0,1.0,True,0.01,0.95,10.0,39600.0,0.938,0.139
2000,1 - 1 - 2022,19800.0,1.449137674618944,1.3335216533675034,1.7782800679308082,0.000134,0.0001,0.000158489,0.0724,0.05,0.1,0.848,0.8,0.9,50300000.0,111000.0,11700000.0,1.0,True,0.01,0.95,10.0,39600.0,0.938,0.139
2001,1 - 1 - 2022,19800.0,1.449137674618944,1.3335216533675034,1.7782800679308082,0.000134,0.0001,0.000158489,0.073,0.05,0.1,0.947,0.9,1.0,33200000.0,90500.0,2670000.0,1.0,True,0.01,0.95,10.0,39600.0,0.938,0.139
2002,1 - 1 - 2022,19800.0,1.445683229480096,1.3335216533675034,1.7782800679308082,0.000134,0.0001,0.000158489,0.074,0.05,0.1,1.18,1.0,1.5,12600000.0,25000.0,21800.0,1.0,True,0.01,0.95,10.0,39600.0,0.938,0.139
2003,1 - 1 - 2022,19800.0,1.4560219778561037,1.3335216533675034,1.7782800679308082,0.000136,0.0001,0.000158489,0.0738,0.05,0.1,1.68,1.5,2.0,2560000.0,11300.0,32700.0,1.0,True,0.01,0.95,10.0,39600.0,0.938,0.139
2004,1 - 1 - 2022,19800.0,1.4628738838327795,1.3335216533675034,1.7782800679308082,0.000135,0.0001,0.000158489,0.0734,0.05,0.1,2.47,2.0,4.0,431000.0,2310.0,32700.0,1.0,True,0.01,0.95,10.0,39600.0,0.938,0.139
2005,1 - 1 - 2022,19800.0,1.4387494569938157,1.3335216533675034,1.7782800679308082,0.000139,0.0001,0.000158489,0.125,0.1,0.15,0.0358,0.0,0.05,9600000.0,68900.0,8070000.0,1.0,True,0.01,0.95,10.0,39600.0,0.938,0.139
2006,1 - 1 - 2022,19800.0,1.449137674618944,1.3335216533675034,1.7782800679308082,0.000135,0.0001,0.000158489,0.122,0.1,0.15,0.0779,0.05,0.1,35200000.0,132000.0,21600000.0,1.0,True,0.01,0.95,10.0,39600.0,0.938,0.139
2007,1 - 1 - 2022,19800.0,1.4560219778561037,1.3335216533675034,1.7782800679308082,0.000134,0.0001,0.000158489,0.123,0.1,0.15,0.156,0.1,0.2,78200000.0,139000.0,35100000.0,1.0,True,0.01,0.95,10.0,39600.0,0.938,0.139
2008,1 - 1 - 2022,19800.0,1.452583904633395,1.3335216533675034,1.7782800679308082,0.000134,0.0001,0.000158489,0.123,0.1,0.15,0.251,0.2,0.3,102000000.0,158000.0,36900000.0,1.0,True,0.01,0.95,10.0,39600.0,0.938,0.139
2009,1 - 1 - 2022,19800.0,1.452583904633395,1.3335216533675034,1.7782800679308082,0.000134,0.0001,0.000158489,0.123,0.1,0.15,0.35,0.3,0.4,107000000.0,163000.0,35100000.0,1.0,True,0.01,0.95,10.0,39600.0,0.938,0.139
2010,1 - 1 - 2022,19800.0,1.452583904633395,1.3335216533675034,1.7782800679308082,0.000134,0.0001,0.000158489,0.123,0.1,0.15,0.448,0.4,0.5,98000000.0,156000.0,30100000.0,1.0,True,0.01,0.95,10.0,39600.0,0.938,0.139
2011,1 - 1 - 2022,19800.0,1.452583904633395,1.3335216533675034,1.7782800679308082,0.000134,0.0001,0.000158489,0.124,0.1,0.15,0.549,0.5,0.6,78900000.0,140000.0,21200000.0,1.0,True,0.01,0.95,10.0,39600.0,0.938,0.139
2012,1 - 1 - 2022,19800.0,1.452583904633395,1.3335216533675034,1.7782800679308082,0.000135,0.0001,0.000158489,0.123,0.1,0.15,0.647,0.6,0.7,62500000.0,124000.0,17300000.0,1.0,True,0.01,0.95,10.0,39600.0,0.938,0.139
2013,1 - 1 - 2022,19800.0,1.452583904633395,1.3335216533675034,1.7782800679308082,0.000134,0.0001,0.000158489,0.123,0.1,0.15,0.748,0.7,0.8,46600000.0,107000.0,10300000.0,1.0,True,0.01,0.95,10.0,39600.0,0.938,0.139
2014,1 - 1 - 2022,19800.0,1.449137674618944,1.3335216533675034,1.7782800679308082,0.000134,0.0001,0.000158489,0.124,0.1,0.15,0.845,0.8,0.9,33200000.0,90500.0,5730000.0,1.0,True,0.01,0.95,10.0,39600.0,0.938,0.139
2015,1 - 1 - 2022,19800.0,1.452583904633395,1.3335216533675034,1.7782800679308082,0.000133,0.0001,0.000158489,0.123,0.1,0.15,0.947,0.9,1.0,21500000.0,73000.0,1750000.0,1.0,True,0.01,0.95,10.0,39600.0,0.938,0.139
2016,1 - 1 - 2022,19800.0,1.4560219778561037,1.3335216533675034,1.7782800679308082,0.000135,0.0001,0.000158489,0.124,0.1,0.15,1.19,1.0,1.5,9040000.0,21100.0,10.4,1.0,True,0.01,0.95,10.0,39600.0,0.938,0.139
2017,1 - 1 - 2022,19800.0,1.4422205101855958,1.3335216533675034,1.7782800679308082,0.000135,0.0001,0.000158489,0.123,0.1,0.15,1.7,1.5,2.0,2210000.0,10500.0,0.0,1.0,True,0.01,0.95,10.0,39600.0,0.938,0.139
2018,1 - 1 - 2022,19800.0,1.47648230602334,1.3335216533675034,1.7782800679308082,0.000134,0.0001,0.000158489,0.125,0.1,0.15,2.47,2.0,4.0,349000.0,2080.0,0.0,1.0,True,0.01,0.95,10.0,39600.0,0.938,0.139
2019,1 - 1 - 2022,19800.0,1.4422205101855958,1.3335216533675034,1.7782800679308082,0.00014,0.0001,0.000158489,0.174,0.15,0.2,0.0335,0.0,0.05,7420000.0,60500.0,5340000.0,1.0,True,0.01,0.95,10.0,39600.0,0.938,0.139
2020,1 - 1 - 2022,19800.0,1.452583904633395,1.3335216533675034,1.7782800679308082,0.000137,0.0001,0.000158489,0.173,0.15,0.2,0.0783,0.05,0.1,22900000.0,106000.0,10500000.0,1.0,True,0.01,0.95,10.0,39600.0,0.938,0.139
2021,1 - 1 - 2022,19800.0,1.4560219778561037,1.3335216533675034,1.7782800679308082,0.000135,0.0001,0.000158489,0.173,0.15,0.2,0.157,0.1,0.2,45800000.0,106000.0,12500000.0,1.0,True,0.01,0.95,10.0,39600.0,0.938,0.139
2022,1 - 1 - 2022,19800.0,1.449137674618944,1.3335216533675034,1.7782800679308082,0.000134,0.0001,0.000158489,0.173,0.15,0.2,0.251,0.2,0.3,69100000.0,131000.0,6540000.0,1.0,True,0.01,0.95,10.0,39600.0,0.938,0.139
2023,1 - 1 - 2022,19800.0,1.452583904633395,1.3335216533675034,1.7782800679308082,0.000134,0.0001,0.000158489,0.173,0.15,0.2,0.35,0.3,0.4,70900000.0,132000.0,164000.0,1.0,True,0.01,0.95,10.0,39600.0,0.938,0.139
2024,1 - 1 - 2022,19800.0,1.4560219778561037,1.3335216533675034,1.7782800679308082,0.000135,0.0001,0.000158489,0.173,0.15,0.2,0.447,0.4,0.5,61200000.0,123000.0,273000.0,1.0,True,0.01,0.95,10.0,39600.0,0.938,0.139
2025,1 - 1 - 2022,19800.0,1.445683229480096,1.3335216533675034,1.7782800679308082,0.000133,0.0001,0.000158489,0.174,0.15,0.2,0.548,0.5,0.6,49600000.0,111000.0,70.7,1.0,True,0.01,0.95,10.0,39600.0,0.938,0.139
2026,1 - 1 - 2022,19800.0,1.449137674618944,1.3335216533675034,1.7782800679308082,0.000134,0.0001,0.000158489,0.173,0.15,0.2,0.648,0.6,0.7,40800000.0,100000.0,54500.0,1.0,True,0.01,0.95,10.0,39600.0,0.938,0.139
2027,1 - 1 - 2022,19800.0,1.452583904633395,1.3335216533675034,1.7782800679308082,0.000134,0.0001,0.000158489,0.173,0.15,0.2,0.747,0.7,0.8,31200000.0,87800.0,109000.0,1.0,True,0.01,0.95,10.0,39600.0,0.938,0.139
2028,1 - 1 - 2022,19800.0,1.452583904633395,1.3335216533675034,1.7782800679308082,0.000134,0.0001,0.000158489,0.173,0.15,0.2,0.848,0.8,0.9,21100000.0,72200.0,11.8,1.0,True,0.01,0.95,10.0,39600.0,0.938,0.139
2029,1 - 1 - 2022,19800.0,1.466287829861518,1.3335216533675034,1.7782800679308082,0.000136,0.0001,0.000158489,0.174,0.15,0.2,0.945,0.9,1.0,15800000.0,62500.0,164000.0,1.0,True,0.01,0.95,10.0,39600.0,0.938,0.139
2030,1 - 1 - 2022,19800.0,1.4594519519326423,1.3335216533675034,1.7782800679308082,0.000135,0.0001,0.000158489,0.174,0.15,0.2,1.19,1.0,1.5,6840000.0,18400.0,32700.0,1.0,True,0.01,0.95,10.0,39600.0,0.938,0.139
2031,1 - 1 - 2022,19800.0,1.466287829861518,1.3335216533675034,1.7782800679308082,0.000136,0.0001,0.000158489,0.174,0.15,0.2,1.71,1.5,2.0,1650000.0,9020.0,10900.0,1.0,True,0.01,0.95,10.0,39600.0,0.938,0.139
2032,1 - 1 - 2022,19800.0,1.469693845669907,1.3335216533675034,1.7782800679308082,0.000136,0.0001,0.000158489,0.173,0.15,0.2,2.52,2.0,4.0,267000.0,1820.0,8180.0,1.0,True,0.01,0.95,10.0,39600.0,0.938,0.139
2033,1 - 1 - 2022,19800.0,1.4212670403551895,1.3335216533675034,1.7782800679308082,0.000137,0.0001,0.000158489,0.226,0.2,0.25,0.0336,0.0,0.05,4140000.0,45300.0,3050000.0,1.0,True,0.01,0.95,10.0,39600.0,0.938,0.139
2034,1 - 1 - 2022,19800.0,1.4352700094407325,1.3335216533675034,1.7782800679308082,0.000137,0.0001,0.000158489,0.226,0.2,0.25,0.0779,0.05,0.1,13500000.0,81800.0,6870000.0,1.0,True,0.01,0.95,10.0,39600.0,0.938,0.139
2035,1 - 1 - 2022,19800.0,1.445683229480096,1.3335216533675034,1.7782800679308082,0.000135,0.0001,0.000158489,0.224,0.2,0.25,0.155,0.1,0.2,26300000.0,80700.0,8180000.0,1.0,True,0.01,0.95,10.0,39600.0,0.938,0.139
2036,1 - 1 - 2022,19800.0,1.452583904633395,1.3335216533675034,1.7782800679308082,0.000134,0.0001,0.000158489,0.223,0.2,0.25,0.252,0.2,0.3,41500000.0,101000.0,9600000.0,1.0,True,0.01,0.95,10.0,39600.0,0.938,0.139
2037,1 - 1 - 2022,19800.0,1.452583904633395,1.3335216533675034,1.7782800679308082,0.000135,0.0001,0.000158489,0.223,0.2,0.25,0.349,0.3,0.4,48400000.0,109000.0,1960000.0,1.0,True,0.01,0.95,10.0,39600.0,0.938,0.139
2038,1 - 1 - 2022,19800.0,1.449137674618944,1.3335216533675034,1.7782800679308082,0.000134,0.0001,0.000158489,0.223,0.2,0.25,0.45,0.4,0.5,44000000.0,104000.0,218000.0,1.0,True,0.01,0.95,10.0,39600.0,0.938,0.139
2039,1 - 1 - 2022,19800.0,1.445683229480096,1.3335216533675034,1.7782800679308082,0.000133,0.0001,0.000158489,0.224,0.2,0.25,0.549,0.5,0.6,36500000.0,95000.0,164000.0,1.0,True,0.01,0.95,10.0,39600.0,0.938,0.139
2040,1 - 1 - 2022,19800.0,1.4594519519326423,1.3335216533675034,1.7782800679308082,0.000135,0.0001,0.000158489,0.223,0.2,0.25,0.648,0.6,0.7,30400000.0,86600.0,164000.0,1.0,True,0.01,0.95,10.0,39600.0,0.938,0.139
2041,1 - 1 - 2022,19800.0,1.452583904633395,1.3335216533675034,1.7782800679308082,0.000134,0.0001,0.000158489,0.224,0.2,0.25,0.749,0.7,0.8,20300000.0,70800.0,109000.0,1.0,True,0.01,0.95,10.0,39600.0,0.938,0.139
2042,1 - 1 - 2022,19800.0,1.449137674618944,1.3335216533675034,1.7782800679308082,0.000134,0.0001,0.000158489,0.222,0.2,0.25,0.849,0.8,0.9,17300000.0,65500.0,54500.0,1.0,True,0.01,0.95,10.0,39600.0,0.938,0.139
2043,1 - 1 - 2022,19800.0,1.4594519519326423,1.3335216533675034,1.7782800679308082,0.000136,0.0001,0.000158489,0.225,0.2,0.25,0.948,0.9,1.0,11600000.0,53600.0,109000.0,1.0,True,0.01,0.95,10.0,39600.0,0.938,0.139
2044,1 - 1 - 2022,19800.0,1.452583904633395,1.3335216533675034,1.7782800679308082,0.000135,0.0001,0.000158489,0.224,0.2,0.25,1.19,1.0,1.5,5580000.0,16600.0,10900.0,1.0,True,0.01,0.95,10.0,39600.0,0.938,0.139
2045,1 - 1 - 2022,19800.0,1.4628738838327795,1.3335216533675034,1.7782800679308082,0.000136,0.0001,0.000158489,0.223,0.2,0.25,1.7,1.5,2.0,1490000.0,8590.0,0.0,1.0,True,0.01,0.95,10.0,39600.0,0.938,0.139
2046,1 - 1 - 2022,19800.0,1.466287829861518,1.3335216533675034,1.7782800679308082,0.000134,0.0001,0.000158489,0.223,0.2,0.25,2.49,2.0,4.0,207000.0,1600.0,21800.0,1.0,True,0.01,0.95,10.0,39600.0,0.938,0.139
2047,1 - 1 - 2022,19800.0,1.4247806848775006,1.3335216533675034,1.7782800679308082,0.000143,0.0001,0.000158489,0.275,0.25,0.3,0.0335,0.0,0.05,2950000.0,38100.0,1420000.0,1.0,True,0.01,0.95,10.0,39600.0,0.938,0.139
2048,1 - 1 - 2022,19800.0,1.4247806848775006,1.3335216533675034,1.7782800679308082,0.000138,0.0001,0.000158489,0.277,0.25,0.3,0.081,0.05,0.1,9160000.0,67300.0,5780000.0,1.0,True,0.01,0.95,10.0,39600.0,0.938,0.139
2049,1 - 1 - 2022,19800.0,1.4422205101855958,1.3335216533675034,1.7782800679308082,0.000137,0.0001,0.000158489,0.272,0.25,0.3,0.155,0.1,0.2,16800000.0,64400.0,6270000.0,1.0,True,0.01,0.95,10.0,39600.0,0.938,0.139
2050,1 - 1 - 2022,19800.0,1.452583904633395,1.3335216533675034,1.7782800679308082,0.000134,0.0001,0.000158489,0.273,0.25,0.3,0.255,0.2,0.3,25400000.0,79200.0,6440000.0,1.0,True,0.01,0.95,10.0,39600.0,0.938,0.139
2051,1 - 1 - 2022,19800.0,1.452583904633395,1.3335216533675034,1.7782800679308082,0.000134,0.0001,0.000158489,0.274,0.25,0.3,0.351,0.3,0.4,37000000.0,95700.0,6820000.0,1.0,True,0.01,0.95,10.0,39600.0,0.938,0.139
2052,1 - 1 - 2022,19800.0,1.449137674618944,1.3335216533675034,1.7782800679308082,0.000134,0.0001,0.000158489,0.273,0.25,0.3,0.451,0.4,0.5,33500000.0,91000.0,818000.0,1.0,True,0.01,0.95,10.0,39600.0,0.938,0.139
2053,1 - 1 - 2022,19800.0,1.4560219778561037,1.3335216533675034,1.7782800679308082,0.000134,0.0001,0.000158489,0.273,0.25,0.3,0.548,0.5,0.6,28300000.0,83600.0,382000.0,1.0,True,0.01,0.95,10.0,39600.0,0.938,0.139
2054,1 - 1 - 2022,19800.0,1.449137674618944,1.3335216533675034,1.7782800679308082,0.000134,0.0001,0.000158489,0.274,0.25,0.3,0.649,0.6,0.7,20200000.0,70700.0,109000.0,1.0,True,0.01,0.95,10.0,39600.0,0.938,0.139
2055,1 - 1 - 2022,19800.0,1.4560219778561037,1.3335216533675034,1.7782800679308082,0.000135,0.0001,0.000158489,0.273,0.25,0.3,0.744,0.7,0.8,14800000.0,60500.0,164000.0,1.0,True,0.01,0.95,10.0,39600.0,0.938,0.139
2056,1 - 1 - 2022,19800.0,1.452583904633395,1.3335216533675034,1.7782800679308082,0.000135,0.0001,0.000158489,0.275,0.25,0.3,0.849,0.8,0.9,11700000.0,53800.0,273000.0,1.0,True,0.01,0.95,10.0,39600.0,0.938,0.139
2057,1 - 1 - 2022,19800.0,1.445683229480096,1.3335216533675034,1.7782800679308082,0.000133,0.0001,0.000158489,0.274,0.25,0.3,0.944,0.9,1.0,8840000.0,46700.0,109000.0,1.0,True,0.01,0.95,10.0,39600.0,0.938,0.139
2058,1 - 1 - 2022,19800.0,1.4594519519326423,1.3335216533675034,1.7782800679308082,0.000136,0.0001,0.000158489,0.274,0.25,0.3,1.19,1.0,1.5,4050000.0,14100.0,54500.0,1.0,True,0.01,0.95,10.0,39600.0,0.938,0.139
2059,1 - 1 - 2022,19800.0,1.445683229480096,1.3335216533675034,1.7782800679308082,0.000131,0.0001,0.000158489,0.274,0.25,0.3,1.72,1.5,2.0,1170000.0,7590.0,10900.0,1.0,True,0.01,0.95,10.0,39600.0,0.938,0.139
2060,1 - 1 - 2022,19800.0,1.4798648586948742,1.3335216533675034,1.7782800679308082,0.00013,0.0001,0.000158489,0.273,0.25,0.3,2.61,2.0,4.0,153000.0,1370.0,51800.0,1.0,True,0.01,0.95,10.0,39600.0,0.938,0.139
2061,1 - 1 - 2022,19800.0,1.4387494569938157,1.3335216533675034,1.7782800679308082,0.000142,0.0001,0.000158489,0.353,0.3,0.4,0.0287,0.0,0.05,1640000.0,20100.0,1040000.0,1.0,True,0.01,0.95,10.0,39600.0,0.938,0.139
2062,1 - 1 - 2022,19800.0,1.4422205101855958,1.3335216533675034,1.7782800679308082,0.000137,0.0001,0.000158489,0.343,0.3,0.4,0.0784,0.05,0.1,6380000.0,39700.0,4470000.0,1.0,True,0.01,0.95,10.0,39600.0,0.938,0.139
2063,1 - 1 - 2022,19800.0,1.4422205101855958,1.3335216533675034,1.7782800679308082,0.000137,0.0001,0.000158489,0.346,0.3,0.4,0.154,0.1,0.2,9460000.0,34200.0,5290000.0,1.0,True,0.01,0.95,10.0,39600.0,0.938,0.139
2064,1 - 1 - 2022,19800.0,1.445683229480096,1.3335216533675034,1.7782800679308082,0.000135,0.0001,0.000158489,0.344,0.3,0.4,0.251,0.2,0.3,14900000.0,43000.0,8240000.0,1.0,True,0.01,0.95,10.0,39600.0,0.938,0.139
2065,1 - 1 - 2022,19800.0,1.445683229480096,1.3335216533675034,1.7782800679308082,0.000134,0.0001,0.000158489,0.343,0.3,0.4,0.352,0.3,0.4,21000000.0,50900.0,11500000.0,1.0,True,0.01,0.95,10.0,39600.0,0.938,0.139
2066,1 - 1 - 2022,19800.0,1.449137674618944,1.3335216533675034,1.7782800679308082,0.000134,0.0001,0.000158489,0.345,0.3,0.4,0.452,0.4,0.5,20400000.0,50200.0,11500000.0,1.0,True,0.01,0.95,10.0,39600.0,0.938,0.139
2067,1 - 1 - 2022,19800.0,1.449137674618944,1.3335216533675034,1.7782800679308082,0.000134,0.0001,0.000158489,0.346,0.3,0.4,0.547,0.5,0.6,16900000.0,45700.0,8480000.0,1.0,True,0.01,0.95,10.0,39600.0,0.938,0.139
2068,1 - 1 - 2022,19800.0,1.4560219778561037,1.3335216533675034,1.7782800679308082,0.000135,0.0001,0.000158489,0.344,0.3,0.4,0.646,0.6,0.7,14900000.0,42900.0,7500000.0,1.0,True,0.01,0.95,10.0,39600.0,0.938,0.139
2069,1 - 1 - 2022,19800.0,1.449137674618944,1.3335216533675034,1.7782800679308082,0.000135,0.0001,0.000158489,0.345,0.3,0.4,0.749,0.7,0.8,10000000.0,35200.0,4580000.0,1.0,True,0.01,0.95,10.0,39600.0,0.938,0.139
2070,1 - 1 - 2022,19800.0,1.452583904633395,1.3335216533675034,1.7782800679308082,0.000136,0.0001,0.000158489,0.347,0.3,0.4,0.847,0.8,0.9,6840000.0,29100.0,3220000.0,1.0,True,0.01,0.95,10.0,39600.0,0.938,0.139
2071,1 - 1 - 2022,19800.0,1.445683229480096,1.3335216533675034,1.7782800679308082,0.000136,0.0001,0.000158489,0.344,0.3,0.4,0.947,0.9,1.0,5320000.0,25600.0,2070000.0,1.0,True,0.01,0.95,10.0,39600.0,0.938,0.139
2072,1 - 1 - 2022,19800.0,1.4594519519326423,1.3335216533675034,1.7782800679308082,0.000134,0.0001,0.000158489,0.346,0.3,0.4,1.19,1.0,1.5,2270000.0,7500.0,1280000.0,1.0,True,0.01,0.95,10.0,39600.0,0.938,0.139
2073,1 - 1 - 2022,19800.0,1.449137674618944,1.3335216533675034,1.7782800679308082,0.000135,0.0001,0.000158489,0.346,0.3,0.4,1.71,1.5,2.0,676000.0,4090.0,382000.0,1.0,True,0.01,0.95,10.0,39600.0,0.938,0.139
2074,1 - 1 - 2022,19800.0,1.4628738838327795,1.3335216533675034,1.7782800679308082,0.000133,0.0001,0.000158489,0.341,0.3,0.4,2.52,2.0,4.0,116000.0,846.0,69500.0,1.0,True,0.01,0.95,10.0,39600.0,0.938,0.139
2075,1 - 1 - 2022,19800.0,1.449137674618944,1.3335216533675034,1.7782800679308082,0.00014,0.0001,0.000158489,0.451,0.4,0.5,0.0283,0.0,0.05,982000.0,15600.0,927000.0,1.0,True,0.01,0.95,10.0,39600.0,0.938,0.139
2076,1 - 1 - 2022,19800.0,1.4177446878757824,1.3335216533675034,1.7782800679308082,0.000135,0.0001,0.000158489,0.447,0.4,0.5,0.0757,0.05,0.1,4140000.0,32000.0,4040000.0,1.0,True,0.01,0.95,10.0,39600.0,0.938,0.139
2077,1 - 1 - 2022,19800.0,1.4247806848775006,1.3335216533675034,1.7782800679308082,0.000137,0.0001,0.000158489,0.446,0.4,0.5,0.154,0.1,0.2,6900000.0,29200.0,6270000.0,1.0,True,0.01,0.95,10.0,39600.0,0.938,0.139
2078,1 - 1 - 2022,19800.0,1.4422205101855958,1.3335216533675034,1.7782800679308082,0.000134,0.0001,0.000158489,0.443,0.4,0.5,0.253,0.2,0.3,8430000.0,32300.0,7830000.0,1.0,True,0.01,0.95,10.0,39600.0,0.938,0.139
2079,1 - 1 - 2022,19800.0,1.445683229480096,1.3335216533675034,1.7782800679308082,0.000135,0.0001,0.000158489,0.445,0.4,0.5,0.351,0.3,0.4,10200000.0,35500.0,9460000.0,1.0,True,0.01,0.95,10.0,39600.0,0.938,0.139
2080,1 - 1 - 2022,19800.0,1.445683229480096,1.3335216533675034,1.7782800679308082,0.000134,0.0001,0.000158489,0.442,0.4,0.5,0.449,0.4,0.5,9950000.0,35100.0,9380000.0,1.0,True,0.01,0.95,10.0,39600.0,0.938,0.139
2081,1 - 1 - 2022,19800.0,1.452583904633395,1.3335216533675034,1.7782800679308082,0.000134,0.0001,0.000158489,0.445,0.4,0.5,0.55,0.5,0.6,9110000.0,33500.0,8540000.0,1.0,True,0.01,0.95,10.0,39600.0,0.938,0.139
2082,1 - 1 - 2022,19800.0,1.452583904633395,1.3335216533675034,1.7782800679308082,0.000134,0.0001,0.000158489,0.448,0.4,0.5,0.647,0.6,0.7,7640000.0,30700.0,7250000.0,1.0,True,0.01,0.95,10.0,39600.0,0.938,0.139
2083,1 - 1 - 2022,19800.0,1.449137674618944,1.3335216533675034,1.7782800679308082,0.000135,0.0001,0.000158489,0.446,0.4,0.5,0.75,0.7,0.8,6030000.0,27300.0,5590000.0,1.0,True,0.01,0.95,10.0,39600.0,0.938,0.139
2084,1 - 1 - 2022,19800.0,1.445683229480096,1.3335216533675034,1.7782800679308082,0.000132,0.0001,0.000158489,0.448,0.4,0.5,0.851,0.8,0.9,4340000.0,23100.0,4140000.0,1.0,True,0.01,0.95,10.0,39600.0,0.938,0.139
2085,1 - 1 - 2022,19800.0,1.449137674618944,1.3335216533675034,1.7782800679308082,0.000134,0.0001,0.000158489,0.447,0.4,0.5,0.948,0.9,1.0,3030000.0,19300.0,2840000.0,1.0,True,0.01,0.95,10.0,39600.0,0.938,0.139
2086,1 - 1 - 2022,19800.0,1.4560219778561037,1.3335216533675034,1.7782800679308082,0.000137,0.0001,0.000158489,0.446,0.4,0.5,1.19,1.0,1.5,1470000.0,6030.0,1410000.0,1.0,True,0.01,0.95,10.0,39600.0,0.938,0.139
2087,1 - 1 - 2022,19800.0,1.452583904633395,1.3335216533675034,1.7782800679308082,0.000136,0.0001,0.000158489,0.449,0.4,0.5,1.71,1.5,2.0,529000.0,3620.0,496000.0,1.0,True,0.01,0.95,10.0,39600.0,0.938,0.139
2088,1 - 1 - 2022,19800.0,1.5362291495737217,1.3335216533675034,1.7782800679308082,0.000201,0.000158489,0.000251189,0.0173,0.0,0.05,0.0786,0.05,0.1,379000000.0,344000.0,378000000.0,1.0,True,0.01,0.95,10.0,39600.0,0.938,0.139
2089,1 - 1 - 2022,19800.0,1.5329709716755893,1.3335216533675034,1.7782800679308082,0.000201,0.000158489,0.000251189,0.0147,0.0,0.05,0.155,0.1,0.2,769000000.0,346000.0,679000000.0,1.0,True,0.01,0.95,10.0,39600.0,0.938,0.139
2090,1 - 1 - 2022,19800.0,1.5329709716755893,1.3335216533675034,1.7782800679308082,0.000201,0.000158489,0.000251189,0.0139,0.0,0.05,0.251,0.2,0.3,1070000000.0,408000.0,787000000.0,1.0,True,0.01,0.95,10.0,39600.0,0.938,0.139
2091,1 - 1 - 2022,19800.0,1.5329709716755893,1.3335216533675034,1.7782800679308082,0.000201,0.000158489,0.000251189,0.0136,0.0,0.05,0.349,0.3,0.4,1090000000.0,413000.0,697000000.0,1.0,True,0.01,0.95,10.0,39600.0,0.938,0.139
2092,1 - 1 - 2022,19800.0,1.5329709716755893,1.3335216533675034,1.7782800679308082,0.000201,0.000158489,0.000251189,0.0135,0.0,0.05,0.449,0.4,0.5,945000000.0,384000.0,459000000.0,1.0,True,0.01,0.95,10.0,39600.0,0.938,0.139
2093,1 - 1 - 2022,19800.0,1.5362291495737217,1.3335216533675034,1.7782800679308082,0.000201,0.000158489,0.000251189,0.0139,0.0,0.05,0.548,0.5,0.6,732000000.0,338000.0,246000000.0,1.0,True,0.01,0.95,10.0,39600.0,0.938,0.139
2094,1 - 1 - 2022,19800.0,1.5362291495737217,1.3335216533675034,1.7782800679308082,0.000202,0.000158489,0.000251189,0.014,0.0,0.05,0.647,0.6,0.7,524000000.0,286000.0,171000000.0,1.0,True,0.01,0.95,10.0,39600.0,0.938,0.139
2095,1 - 1 - 2022,19800.0,1.5329709716755893,1.3335216533675034,1.7782800679308082,0.000202,0.000158489,0.000251189,0.0145,0.0,0.05,0.747,0.7,0.8,369000000.0,240000.0,114000000.0,1.0,True,0.01,0.95,10.0,39600.0,0.938,0.139
2096,1 - 1 - 2022,19800.0,1.5329709716755893,1.3335216533675034,1.7782800679308082,0.000201,0.000158489,0.000251189,0.015,0.0,0.05,0.846,0.8,0.9,236000000.0,192000.0,40500000.0,1.0,True,0.01,0.95,10.0,39600.0,0.938,0.139
2097,1 - 1 - 2022,19800.0,1.5329709716755893,1.3335216533675034,1.7782800679308082,0.000201,0.000158489,0.000251189,0.0156,0.0,0.05,0.947,0.9,1.0,152000000.0,154000.0,17800000.0,1.0,True,0.01,0.95,10.0,39600.0,0.938,0.139
2098,1 - 1 - 2022,19800.0,1.5362291495737217,1.3335216533675034,1.7782800679308082,0.000201,0.000158489,0.000251189,0.0171,0.0,0.05,1.17,1.0,1.5,45400000.0,37600.0,3300000.0,1.0,True,0.01,0.95,10.0,39600.0,0.938,0.139
2099,1 - 1 - 2022,19800.0,1.5394804318340654,1.3335216533675034,1.7782800679308082,0.000202,0.000158489,0.000251189,0.0214,0.0,0.05,1.69,1.5,2.0,6570000.0,14300.0,206000.0,1.0,True,0.01,0.95,10.0,39600.0,0.938,0.139
2100,1 - 1 - 2022,19800.0,1.5524174696260025,1.3335216533675034,1.7782800679308082,0.000199,0.000158489,0.000251189,0.0252,0.0,0.05,2.43,2.0,4.0,668000.0,2280.0,25800.0,1.0,True,0.01,0.95,10.0,39600.0,0.938,0.139
2101,1 - 1 - 2022,19800.0,1.5329709716755893,1.3335216533675034,1.7782800679308082,0.000202,0.000158489,0.000251189,0.0725,0.05,0.1,0.154,0.1,0.2,180000000.0,167000.0,177000000.0,1.0,True,0.01,0.95,10.0,39600.0,0.938,0.139
2102,1 - 1 - 2022,19800.0,1.5297058540778354,1.3335216533675034,1.7782800679308082,0.000203,0.000158489,0.000251189,0.072,0.05,0.1,0.25,0.2,0.3,228000000.0,189000.0,204000000.0,1.0,True,0.01,0.95,10.0,39600.0,0.938,0.139
2103,1 - 1 - 2022,19800.0,1.5297058540778354,1.3335216533675034,1.7782800679308082,0.000202,0.000158489,0.000251189,0.0723,0.05,0.1,0.35,0.3,0.4,228000000.0,188000.0,185000000.0,1.0,True,0.01,0.95,10.0,39600.0,0.938,0.139
2104,1 - 1 - 2022,19800.0,1.5329709716755893,1.3335216533675034,1.7782800679308082,0.000202,0.000158489,0.000251189,0.0723,0.05,0.1,0.449,0.4,0.5,204000000.0,178000.0,141000000.0,1.0,True,0.01,0.95,10.0,39600.0,0.938,0.139
2105,1 - 1 - 2022,19800.0,1.5264337522473748,1.3335216533675034,1.7782800679308082,0.000202,0.000158489,0.000251189,0.0721,0.05,0.1,0.548,0.5,0.6,162000000.0,159000.0,92100000.0,1.0,True,0.01,0.95,10.0,39600.0,0.938,0.139
2106,1 - 1 - 2022,19800.0,1.5329709716755893,1.3335216533675034,1.7782800679308082,0.000202,0.000158489,0.000251189,0.0729,0.05,0.1,0.648,0.6,0.7,122000000.0,138000.0,59300000.0,1.0,True,0.01,0.95,10.0,39600.0,0.938,0.139
2107,1 - 1 - 2022,19800.0,1.5329709716755893,1.3335216533675034,1.7782800679308082,0.000202,0.000158489,0.000251189,0.0723,0.05,0.1,0.747,0.7,0.8,89500000.0,118000.0,28900000.0,1.0,True,0.01,0.95,10.0,39600.0,0.938,0.139
2108,1 - 1 - 2022,19800.0,1.5297058540778354,1.3335216533675034,1.7782800679308082,0.000201,0.000158489,0.000251189,0.0728,0.05,0.1,0.847,0.8,0.9,59700000.0,96400.0,4780000.0,1.0,True,0.01,0.95,10.0,39600.0,0.938,0.139
2109,1 - 1 - 2022,19800.0,1.5297058540778354,1.3335216533675034,1.7782800679308082,0.000202,0.000158489,0.000251189,0.073,0.05,0.1,0.948,0.9,1.0,43500000.0,82300.0,860000.0,1.0,True,0.01,0.95,10.0,39600.0,0.938,0.139
2110,1 - 1 - 2022,19800.0,1.5297058540778354,1.3335216533675034,1.7782800679308082,0.000202,0.000158489,0.000251189,0.0732,0.05,0.1,1.18,1.0,1.5,15200000.0,21800.0,20600.0,1.0,True,0.01,0.95,10.0,39600.0,0.938,0.139
2111,1 - 1 - 2022,19800.0,1.5394804318340654,1.3335216533675034,1.7782800679308082,0.000202,0.000158489,0.000251189,0.0727,0.05,0.1,1.7,1.5,2.0,3230000.0,10000.0,13800.0,1.0,True,0.01,0.95,10.0,39600.0,0.938,0.139
2112,1 - 1 - 2022,19800.0,1.5620499351813308,1.3335216533675034,1.7782800679308082,0.000203,0.000158489,0.000251189,0.0727,0.05,0.1,2.54,2.0,4.0,473000.0,1920.0,39600.0,1.0,True,0.01,0.95,10.0,39600.0,0.938,0.139
2113,1 - 1 - 2022,19800.0,1.5264337522473748,1.3335216533675034,1.7782800679308082,0.000204,0.000158489,0.000251189,0.124,0.1,0.15,0.0331,0.0,0.05,20200000.0,79400.0,18700000.0,1.0,True,0.01,0.95,10.0,39600.0,0.938,0.139
2114,1 - 1 - 2022,19800.0,1.5329709716755893,1.3335216533675034,1.7782800679308082,0.000205,0.000158489,0.000251189,0.123,0.1,0.15,0.0768,0.05,0.1,54200000.0,130000.0,47800000.0,1.0,True,0.01,0.95,10.0,39600.0,0.938,0.139
2115,1 - 1 - 2022,19800.0,1.5394804318340654,1.3335216533675034,1.7782800679308082,0.000203,0.000158489,0.000251189,0.122,0.1,0.15,0.156,0.1,0.2,93200000.0,121000.0,79500000.0,1.0,True,0.01,0.95,10.0,39600.0,0.938,0.139
2116,1 - 1 - 2022,19800.0,1.5329709716755893,1.3335216533675034,1.7782800679308082,0.000202,0.000158489,0.000251189,0.123,0.1,0.15,0.251,0.2,0.3,131000000.0,143000.0,108000000.0,1.0,True,0.01,0.95,10.0,39600.0,0.938,0.139
2117,1 - 1 - 2022,19800.0,1.5329709716755893,1.3335216533675034,1.7782800679308082,0.000202,0.000158489,0.000251189,0.123,0.1,0.15,0.349,0.3,0.4,135000000.0,145000.0,110000000.0,1.0,True,0.01,0.95,10.0,39600.0,0.938,0.139
2118,1 - 1 - 2022,19800.0,1.5329709716755893,1.3335216533675034,1.7782800679308082,0.000202,0.000158489,0.000251189,0.123,0.1,0.15,0.449,0.4,0.5,123000000.0,138000.0,99700000.0,1.0,True,0.01,0.95,10.0,39600.0,0.938,0.139
2119,1 - 1 - 2022,19800.0,1.5329709716755893,1.3335216533675034,1.7782800679308082,0.000201,0.000158489,0.000251189,0.123,0.1,0.15,0.548,0.5,0.6,96600000.0,123000.0,71600000.0,1.0,True,0.01,0.95,10.0,39600.0,0.938,0.139
2120,1 - 1 - 2022,19800.0,1.5297058540778354,1.3335216533675034,1.7782800679308082,0.000202,0.000158489,0.000251189,0.123,0.1,0.15,0.648,0.6,0.7,78700000.0,111000.0,51500000.0,1.0,True,0.01,0.95,10.0,39600.0,0.938,0.139
2121,1 - 1 - 2022,19800.0,1.5362291495737217,1.3335216533675034,1.7782800679308082,0.000203,0.000158489,0.000251189,0.123,0.1,0.15,0.747,0.7,0.8,53700000.0,91500.0,27400000.0,1.0,True,0.01,0.95,10.0,39600.0,0.938,0.139
2122,1 - 1 - 2022,19800.0,1.5362291495737217,1.3335216533675034,1.7782800679308082,0.000202,0.000158489,0.000251189,0.125,0.1,0.15,0.847,0.8,0.9,38500000.0,77500.0,12900000.0,1.0,True,0.01,0.95,10.0,39600.0,0.938,0.139
2123,1 - 1 - 2022,19800.0,1.5427248620541512,1.3335216533675034,1.7782800679308082,0.000202,0.000158489,0.000251189,0.124,0.1,0.15,0.946,0.9,1.0,28300000.0,66400.0,4920000.0,1.0,True,0.01,0.95,10.0,39600.0,0.938,0.139
2124,1 - 1 - 2022,19800.0,1.5362291495737217,1.3335216533675034,1.7782800679308082,0.000202,0.000158489,0.000251189,0.123,0.1,0.15,1.18,1.0,1.5,10600000.0,18200.0,255000.0,1.0,True,0.01,0.95,10.0,39600.0,0.938,0.139
2125,1 - 1 - 2022,19800.0,1.5362291495737217,1.3335216533675034,1.7782800679308082,0.000201,0.000158489,0.000251189,0.123,0.1,0.15,1.7,1.5,2.0,2840000.0,9400.0,0.0,1.0,True,0.01,0.95,10.0,39600.0,0.938,0.139
2126,1 - 1 - 2022,19800.0,1.5652475842498528,1.3335216533675034,1.7782800679308082,0.000202,0.000158489,0.000251189,0.126,0.1,0.15,2.48,2.0,4.0,446000.0,1860.0,13800.0,1.0,True,0.01,0.95,10.0,39600.0,0.938,0.139
2127,1 - 1 - 2022,19800.0,1.5394804318340654,1.3335216533675034,1.7782800679308082,0.000205,0.000158489,0.000251189,0.173,0.15,0.2,0.0332,0.0,0.05,13000000.0,63700.0,6400000.0,1.0,True,0.01,0.95,10.0,39600.0,0.938,0.139
2128,1 - 1 - 2022,19800.0,1.5329709716755893,1.3335216533675034,1.7782800679308082,0.000204,0.000158489,0.000251189,0.173,0.15,0.2,0.0775,0.05,0.1,36700000.0,107000.0,17300000.0,1.0,True,0.01,0.95,10.0,39600.0,0.938,0.139
2129,1 - 1 - 2022,19800.0,1.5329709716755893,1.3335216533675034,1.7782800679308082,0.000203,0.000158489,0.000251189,0.173,0.15,0.2,0.154,0.1,0.2,58600000.0,95600.0,25400000.0,1.0,True,0.01,0.95,10.0,39600.0,0.938,0.139
2130,1 - 1 - 2022,19800.0,1.5362291495737217,1.3335216533675034,1.7782800679308082,0.000202,0.000158489,0.000251189,0.173,0.15,0.2,0.252,0.2,0.3,87200000.0,117000.0,33400000.0,1.0,True,0.01,0.95,10.0,39600.0,0.938,0.139
2131,1 - 1 - 2022,19800.0,1.5362291495737217,1.3335216533675034,1.7782800679308082,0.000202,0.000158489,0.000251189,0.174,0.15,0.2,0.349,0.3,0.4,84100000.0,114000.0,25800000.0,1.0,True,0.01,0.95,10.0,39600.0,0.938,0.139
2132,1 - 1 - 2022,19800.0,1.5297058540778354,1.3335216533675034,1.7782800679308082,0.000201,0.000158489,0.000251189,0.173,0.15,0.2,0.449,0.4,0.5,80900000.0,112000.0,24700000.0,1.0,True,0.01,0.95,10.0,39600.0,0.938,0.139
2133,1 - 1 - 2022,19800.0,1.5394804318340654,1.3335216533675034,1.7782800679308082,0.000202,0.000158489,0.000251189,0.174,0.15,0.2,0.547,0.5,0.6,66600000.0,102000.0,17400000.0,1.0,True,0.01,0.95,10.0,39600.0,0.938,0.139
2134,1 - 1 - 2022,19800.0,1.5394804318340654,1.3335216533675034,1.7782800679308082,0.000202,0.000158489,0.000251189,0.174,0.15,0.2,0.647,0.6,0.7,50200000.0,88400.0,13000000.0,1.0,True,0.01,0.95,10.0,39600.0,0.938,0.139
2135,1 - 1 - 2022,19800.0,1.5362291495737217,1.3335216533675034,1.7782800679308082,0.000203,0.000158489,0.000251189,0.173,0.15,0.2,0.748,0.7,0.8,38400000.0,77300.0,8500000.0,1.0,True,0.01,0.95,10.0,39600.0,0.938,0.139
2136,1 - 1 - 2022,19800.0,1.5362291495737217,1.3335216533675034,1.7782800679308082,0.000203,0.000158489,0.000251189,0.174,0.15,0.2,0.848,0.8,0.9,26700000.0,64600.0,4300000.0,1.0,True,0.01,0.95,10.0,39600.0,0.938,0.139
2137,1 - 1 - 2022,19800.0,1.5198684153570663,1.3335216533675034,1.7782800679308082,0.000203,0.000158489,0.000251189,0.172,0.15,0.2,0.946,0.9,1.0,20500000.0,56500.0,2170000.0,1.0,True,0.01,0.95,10.0,39600.0,0.938,0.139
2138,1 - 1 - 2022,19800.0,1.5362291495737217,1.3335216533675034,1.7782800679308082,0.000202,0.000158489,0.000251189,0.174,0.15,0.2,1.19,1.0,1.5,7850000.0,15600.0,89500.0,1.0,True,0.01,0.95,10.0,39600.0,0.938,0.139
2139,1 - 1 - 2022,19800.0,1.5362291495737217,1.3335216533675034,1.7782800679308082,0.0002,0.000158489,0.000251189,0.174,0.15,0.2,1.7,1.5,2.0,2410000.0,8670.0,6880.0,1.0,True,0.01,0.95,10.0,39600.0,0.938,0.139
2140,1 - 1 - 2022,19800.0,1.5459624833740306,1.3335216533675034,1.7782800679308082,0.000203,0.000158489,0.000251189,0.174,0.15,0.2,2.56,2.0,4.0,291000.0,1510.0,1720.0,1.0,True,0.01,0.95,10.0,39600.0,0.938,0.139
2141,1 - 1 - 2022,19800.0,1.5329709716755893,1.3335216533675034,1.7782800679308082,0.000204,0.000158489,0.000251189,0.222,0.2,0.25,0.0344,0.0,0.05,7500000.0,48400.0,964000.0,1.0,True,0.01,0.95,10.0,39600.0,0.938,0.139
2142,1 - 1 - 2022,19800.0,1.5231546211727816,1.3335216533675034,1.7782800679308082,0.0002,0.000158489,0.000251189,0.223,0.2,0.25,0.0775,0.05,0.1,24000000.0,86400.0,4680000.0,1.0,True,0.01,0.95,10.0,39600.0,0.938,0.139
2143,1 - 1 - 2022,19800.0,1.5329709716755893,1.3335216533675034,1.7782800679308082,0.000202,0.000158489,0.000251189,0.223,0.2,0.25,0.155,0.1,0.2,39600000.0,78600.0,7470000.0,1.0,True,0.01,0.95,10.0,39600.0,0.938,0.139
2144,1 - 1 - 2022,19800.0,1.5264337522473748,1.3335216533675034,1.7782800679308082,0.000201,0.000158489,0.000251189,0.223,0.2,0.25,0.253,0.2,0.3,53700000.0,91500.0,8530000.0,1.0,True,0.01,0.95,10.0,39600.0,0.938,0.139
2145,1 - 1 - 2022,19800.0,1.5362291495737217,1.3335216533675034,1.7782800679308082,0.000202,0.000158489,0.000251189,0.223,0.2,0.25,0.348,0.3,0.4,63000000.0,99100.0,6130000.0,1.0,True,0.01,0.95,10.0,39600.0,0.938,0.139
2146,1 - 1 - 2022,19800.0,1.5329709716755893,1.3335216533675034,1.7782800679308082,0.000202,0.000158489,0.000251189,0.223,0.2,0.25,0.449,0.4,0.5,54600000.0,92300.0,2410000.0,1.0,True,0.01,0.95,10.0,39600.0,0.938,0.139
2147,1 - 1 - 2022,19800.0,1.5362291495737217,1.3335216533675034,1.7782800679308082,0.000201,0.000158489,0.000251189,0.224,0.2,0.25,0.549,0.5,0.6,44600000.0,83400.0,1240000.0,1.0,True,0.01,0.95,10.0,39600.0,0.938,0.139
2148,1 - 1 - 2022,19800.0,1.5427248620541512,1.3335216533675034,1.7782800679308082,0.000202,0.000158489,0.000251189,0.223,0.2,0.25,0.648,0.6,0.7,35600000.0,74500.0,792000.0,1.0,True,0.01,0.95,10.0,39600.0,0.938,0.139
2149,1 - 1 - 2022,19800.0,1.5427248620541512,1.3335216533675034,1.7782800679308082,0.000202,0.000158489,0.000251189,0.223,0.2,0.25,0.747,0.7,0.8,25800000.0,63400.0,550000.0,1.0,True,0.01,0.95,10.0,39600.0,0.938,0.139
2150,1 - 1 - 2022,19800.0,1.5362291495737217,1.3335216533675034,1.7782800679308082,0.000201,0.000158489,0.000251189,0.223,0.2,0.25,0.846,0.8,0.9,19800000.0,55500.0,275000.0,1.0,True,0.01,0.95,10.0,39600.0,0.938,0.139
2151,1 - 1 - 2022,19800.0,1.5427248620541512,1.3335216533675034,1.7782800679308082,0.000202,0.000158489,0.000251189,0.225,0.2,0.25,0.947,0.9,1.0,14100000.0,46900.0,206000.0,1.0,True,0.01,0.95,10.0,39600.0,0.938,0.139
2152,1 - 1 - 2022,19800.0,1.5394804318340654,1.3335216533675034,1.7782800679308082,0.000203,0.000158489,0.000251189,0.224,0.2,0.25,1.19,1.0,1.5,6100000.0,13800.0,1.78,1.0,True,0.01,0.95,10.0,39600.0,0.938,0.139
2153,1 - 1 - 2022,19800.0,1.5459624833740306,1.3335216533675034,1.7782800679308082,0.000202,0.000158489,0.000251189,0.224,0.2,0.25,1.7,1.5,2.0,1570000.0,6990.0,0.0,1.0,True,0.01,0.95,10.0,39600.0,0.938,0.139
2154,1 - 1 - 2022,19800.0,1.5620499351813308,1.3335216533675034,1.7782800679308082,0.000199,0.000158489,0.000251189,0.223,0.2,0.25,2.58,2.0,4.0,272000.0,1460.0,15500.0,1.0,True,0.01,0.95,10.0,39600.0,0.938,0.139
2155,1 - 1 - 2022,19800.0,1.5132745950421556,1.3335216533675034,1.7782800679308082,0.000201,0.000158489,0.000251189,0.27,0.25,0.3,0.0315,0.0,0.05,6330000.0,44400.0,482000.0,1.0,True,0.01,0.95,10.0,39600.0,0.938,0.139
2156,1 - 1 - 2022,19800.0,1.5231546211727816,1.3335216533675034,1.7782800679308082,0.000204,0.000158489,0.000251189,0.273,0.25,0.3,0.0769,0.05,0.1,16900000.0,72500.0,2410000.0,1.0,True,0.01,0.95,10.0,39600.0,0.938,0.139
2157,1 - 1 - 2022,19800.0,1.5198684153570663,1.3335216533675034,1.7782800679308082,0.000206,0.000158489,0.000251189,0.273,0.25,0.3,0.154,0.1,0.2,28900000.0,67100.0,4090000.0,1.0,True,0.01,0.95,10.0,39600.0,0.938,0.139
2158,1 - 1 - 2022,19800.0,1.5198684153570663,1.3335216533675034,1.7782800679308082,0.000203,0.000158489,0.000251189,0.272,0.25,0.3,0.251,0.2,0.3,35800000.0,74700.0,4850000.0,1.0,True,0.01,0.95,10.0,39600.0,0.938,0.139
2159,1 - 1 - 2022,19800.0,1.5329709716755893,1.3335216533675034,1.7782800679308082,0.000201,0.000158489,0.000251189,0.273,0.25,0.3,0.35,0.3,0.4,40300000.0,79200.0,4960000.0,1.0,True,0.01,0.95,10.0,39600.0,0.938,0.139
2160,1 - 1 - 2022,19800.0,1.5329709716755893,1.3335216533675034,1.7782800679308082,0.000201,0.000158489,0.000251189,0.274,0.25,0.3,0.448,0.4,0.5,41400000.0,80300.0,1240000.0,1.0,True,0.01,0.95,10.0,39600.0,0.938,0.139
2161,1 - 1 - 2022,19800.0,1.5329709716755893,1.3335216533675034,1.7782800679308082,0.000204,0.000158489,0.000251189,0.273,0.25,0.3,0.549,0.5,0.6,34400000.0,73300.0,172000.0,1.0,True,0.01,0.95,10.0,39600.0,0.938,0.139
2162,1 - 1 - 2022,19800.0,1.5297058540778354,1.3335216533675034,1.7782800679308082,0.000202,0.000158489,0.000251189,0.273,0.25,0.3,0.649,0.6,0.7,26000000.0,63700.0,34400.0,1.0,True,0.01,0.95,10.0,39600.0,0.938,0.139
2163,1 - 1 - 2022,19800.0,1.5427248620541512,1.3335216533675034,1.7782800679308082,0.000203,0.000158489,0.000251189,0.274,0.25,0.3,0.749,0.7,0.8,18400000.0,53600.0,34400.0,1.0,True,0.01,0.95,10.0,39600.0,0.938,0.139
2164,1 - 1 - 2022,19800.0,1.5394804318340654,1.3335216533675034,1.7782800679308082,0.000203,0.000158489,0.000251189,0.274,0.25,0.3,0.848,0.8,0.9,14000000.0,46700.0,68800.0,1.0,True,0.01,0.95,10.0,39600.0,0.938,0.139
2165,1 - 1 - 2022,19800.0,1.5362291495737217,1.3335216533675034,1.7782800679308082,0.000202,0.000158489,0.000251189,0.275,0.25,0.3,0.947,0.9,1.0,9940000.0,39400.0,34400.0,1.0,True,0.01,0.95,10.0,39600.0,0.938,0.139
2166,1 - 1 - 2022,19800.0,1.5264337522473748,1.3335216533675034,1.7782800679308082,0.000201,0.000158489,0.000251189,0.275,0.25,0.3,1.2,1.0,1.5,4160000.0,11400.0,6890.0,1.0,True,0.01,0.95,10.0,39600.0,0.938,0.139
2167,1 - 1 - 2022,19800.0,1.5362291495737217,1.3335216533675034,1.7782800679308082,0.000202,0.000158489,0.000251189,0.275,0.25,0.3,1.72,1.5,2.0,1490000.0,6810.0,6880.0,1.0,True,0.01,0.95,10.0,39600.0,0.938,0.139
2168,1 - 1 - 2022,19800.0,1.5427248620541512,1.3335216533675034,1.7782800679308082,0.000203,0.000158489,0.000251189,0.276,0.25,0.3,2.5,2.0,4.0,194000.0,1230.0,15500.0,1.0,True,0.01,0.95,10.0,39600.0,0.938,0.139
2169,1 - 1 - 2022,19800.0,1.5231546211727816,1.3335216533675034,1.7782800679308082,0.000202,0.000158489,0.000251189,0.349,0.3,0.4,0.0338,0.0,0.05,3610000.0,23700.0,551000.0,1.0,True,0.01,0.95,10.0,39600.0,0.938,0.139
2170,1 - 1 - 2022,19800.0,1.5231546211727816,1.3335216533675034,1.7782800679308082,0.000205,0.000158489,0.000251189,0.348,0.3,0.4,0.0782,0.05,0.1,10200000.0,39900.0,1310000.0,1.0,True,0.01,0.95,10.0,39600.0,0.938,0.139
2171,1 - 1 - 2022,19800.0,1.5198684153570663,1.3335216533675034,1.7782800679308082,0.000205,0.000158489,0.000251189,0.346,0.3,0.4,0.155,0.1,0.2,17800000.0,37300.0,2860000.0,1.0,True,0.01,0.95,10.0,39600.0,0.938,0.139
2172,1 - 1 - 2022,19800.0,1.5264337522473748,1.3335216533675034,1.7782800679308082,0.000205,0.000158489,0.000251189,0.345,0.3,0.4,0.251,0.2,0.3,22800000.0,42200.0,4220000.0,1.0,True,0.01,0.95,10.0,39600.0,0.938,0.139
2173,1 - 1 - 2022,19800.0,1.5231546211727816,1.3335216533675034,1.7782800679308082,0.000202,0.000158489,0.000251189,0.345,0.3,0.4,0.35,0.3,0.4,24000000.0,43300.0,4150000.0,1.0,True,0.01,0.95,10.0,39600.0,0.938,0.139
2174,1 - 1 - 2022,19800.0,1.5297058540778354,1.3335216533675034,1.7782800679308082,0.000201,0.000158489,0.000251189,0.345,0.3,0.4,0.45,0.4,0.5,23900000.0,43200.0,4160000.0,1.0,True,0.01,0.95,10.0,39600.0,0.938,0.139
2175,1 - 1 - 2022,19800.0,1.5362291495737217,1.3335216533675034,1.7782800679308082,0.000202,0.000158489,0.000251189,0.346,0.3,0.4,0.549,0.5,0.6,22500000.0,41900.0,2990000.0,1.0,True,0.01,0.95,10.0,39600.0,0.938,0.139
2176,1 - 1 - 2022,19800.0,1.5362291495737217,1.3335216533675034,1.7782800679308082,0.0002,0.000158489,0.000251189,0.346,0.3,0.4,0.647,0.6,0.7,16700000.0,36100.0,1890000.0,1.0,True,0.01,0.95,10.0,39600.0,0.938,0.139
2177,1 - 1 - 2022,19800.0,1.5297058540778354,1.3335216533675034,1.7782800679308082,0.000204,0.000158489,0.000251189,0.346,0.3,0.4,0.749,0.7,0.8,12500000.0,31200.0,1030000.0,1.0,True,0.01,0.95,10.0,39600.0,0.938,0.139
2178,1 - 1 - 2022,19800.0,1.5329709716755893,1.3335216533675034,1.7782800679308082,0.000203,0.000158489,0.000251189,0.344,0.3,0.4,0.849,0.8,0.9,9360000.0,27000.0,895000.0,1.0,True,0.01,0.95,10.0,39600.0,0.938,0.139
2179,1 - 1 - 2022,19800.0,1.5459624833740306,1.3335216533675034,1.7782800679308082,0.000201,0.000158489,0.000251189,0.346,0.3,0.4,0.948,0.9,1.0,6930000.0,23200.0,774000.0,1.0,True,0.01,0.95,10.0,39600.0,0.938,0.139
2180,1 - 1 - 2022,19800.0,1.5362291495737217,1.3335216533675034,1.7782800679308082,0.000203,0.000158489,0.000251189,0.344,0.3,0.4,1.2,1.0,1.5,2960000.0,6790.0,275000.0,1.0,True,0.01,0.95,10.0,39600.0,0.938,0.139
2181,1 - 1 - 2022,19800.0,1.5362291495737217,1.3335216533675034,1.7782800679308082,0.000202,0.000158489,0.000251189,0.344,0.3,0.4,1.71,1.5,2.0,998000.0,3940.0,72300.0,1.0,True,0.01,0.95,10.0,39600.0,0.938,0.139
2182,1 - 1 - 2022,19800.0,1.5491933384829668,1.3335216533675034,1.7782800679308082,0.000205,0.000158489,0.000251189,0.348,0.3,0.4,2.52,2.0,4.0,169000.0,813.0,53300.0,1.0,True,0.01,0.95,10.0,39600.0,0.938,0.139
2183,1 - 1 - 2022,19800.0,1.5066519173319364,1.3335216533675034,1.7782800679308082,0.0002,0.000158489,0.000251189,0.447,0.4,0.5,0.0356,0.0,0.05,2130000.0,18200.0,791000.0,1.0,True,0.01,0.95,10.0,39600.0,0.938,0.139
2184,1 - 1 - 2022,19800.0,1.5132745950421556,1.3335216533675034,1.7782800679308082,0.000205,0.000158489,0.000251189,0.444,0.4,0.5,0.0781,0.05,0.1,7230000.0,33600.0,2270000.0,1.0,True,0.01,0.95,10.0,39600.0,0.938,0.139
2185,1 - 1 - 2022,19800.0,1.5198684153570663,1.3335216533675034,1.7782800679308082,0.000205,0.000158489,0.000251189,0.448,0.4,0.5,0.152,0.1,0.2,11200000.0,29500.0,4040000.0,1.0,True,0.01,0.95,10.0,39600.0,0.938,0.139
2186,1 - 1 - 2022,19800.0,1.51657508881031,1.3335216533675034,1.7782800679308082,0.000205,0.000158489,0.000251189,0.446,0.4,0.5,0.251,0.2,0.3,15500000.0,34700.0,5970000.0,1.0,True,0.01,0.95,10.0,39600.0,0.938,0.139
2187,1 - 1 - 2022,19800.0,1.51657508881031,1.3335216533675034,1.7782800679308082,0.000203,0.000158489,0.000251189,0.446,0.4,0.5,0.35,0.3,0.4,14600000.0,33700.0,6110000.0,1.0,True,0.01,0.95,10.0,39600.0,0.938,0.139
2188,1 - 1 - 2022,19800.0,1.5231546211727816,1.3335216533675034,1.7782800679308082,0.000202,0.000158489,0.000251189,0.445,0.4,0.5,0.45,0.4,0.5,12600000.0,31300.0,5390000.0,1.0,True,0.01,0.95,10.0,39600.0,0.938,0.139
2189,1 - 1 - 2022,19800.0,1.5362291495737217,1.3335216533675034,1.7782800679308082,0.000203,0.000158489,0.000251189,0.444,0.4,0.5,0.548,0.5,0.6,11500000.0,30000.0,4710000.0,1.0,True,0.01,0.95,10.0,39600.0,0.938,0.139
2190,1 - 1 - 2022,19800.0,1.5329709716755893,1.3335216533675034,1.7782800679308082,0.000201,0.000158489,0.000251189,0.445,0.4,0.5,0.648,0.6,0.7,10100000.0,28100.0,4350000.0,1.0,True,0.01,0.95,10.0,39600.0,0.938,0.139
2191,1 - 1 - 2022,19800.0,1.5329709716755893,1.3335216533675034,1.7782800679308082,0.000203,0.000158489,0.000251189,0.444,0.4,0.5,0.747,0.7,0.8,7240000.0,23800.0,2740000.0,1.0,True,0.01,0.95,10.0,39600.0,0.938,0.139
2192,1 - 1 - 2022,19800.0,1.5264337522473748,1.3335216533675034,1.7782800679308082,0.000203,0.000158489,0.000251189,0.444,0.4,0.5,0.849,0.8,0.9,4990000.0,19700.0,1890000.0,1.0,True,0.01,0.95,10.0,39600.0,0.938,0.139
2193,1 - 1 - 2022,19800.0,1.5264337522473748,1.3335216533675034,1.7782800679308082,0.000203,0.000158489,0.000251189,0.438,0.4,0.5,0.946,0.9,1.0,3750000.0,17100.0,1290000.0,1.0,True,0.01,0.95,10.0,39600.0,0.938,0.139
2194,1 - 1 - 2022,19800.0,1.5297058540778354,1.3335216533675034,1.7782800679308082,0.000203,0.000158489,0.000251189,0.446,0.4,0.5,1.19,1.0,1.5,1570000.0,4950.0,633000.0,1.0,True,0.01,0.95,10.0,39600.0,0.938,0.139
2195,1 - 1 - 2022,19800.0,1.5,1.3335216533675034,1.7782800679308082,0.000202,0.000158489,0.000251189,0.446,0.4,0.5,1.71,1.5,2.0,557000.0,2950.0,203000.0,1.0,True,0.01,0.95,10.0,39600.0,0.938,0.139
2196,1 - 1 - 2022,19800.0,1.5297058540778354,1.3335216533675034,1.7782800679308082,0.000203,0.000158489,0.000251189,0.444,0.4,0.5,2.62,2.0,4.0,92000.0,599.0,59400.0,1.0,True,0.01,0.95,10.0,39600.0,0.938,0.139
2197,1 - 1 - 2022,19800.0,1.4866068747318506,1.3335216533675034,1.7782800679308082,0.000199,0.000158489,0.000251189,0.547,0.5,0.6,0.0312,0.0,0.05,1310000.0,14300.0,895000.0,1.0,True,0.01,0.95,10.0,39600.0,0.938,0.139
2198,1 - 1 - 2022,19800.0,1.5198684153570663,1.3335216533675034,1.7782800679308082,0.000199,0.000158489,0.000251189,0.549,0.5,0.6,0.0769,0.05,0.1,4990000.0,27900.0,3650000.0,1.0,True,0.01,0.95,10.0,39600.0,0.938,0.139
2199,1 - 1 - 2022,19800.0,1.5066519173319364,1.3335216533675034,1.7782800679308082,0.000204,0.000158489,0.000251189,0.544,0.5,0.6,0.152,0.1,0.2,6810000.0,23000.0,4250000.0,1.0,True,0.01,0.95,10.0,39600.0,0.938,0.139
2200,1 - 1 - 2022,19800.0,1.5198684153570663,1.3335216533675034,1.7782800679308082,0.000202,0.000158489,0.000251189,0.544,0.5,0.6,0.251,0.2,0.3,8710000.0,26000.0,6260000.0,1.0,True,0.01,0.95,10.0,39600.0,0.938,0.139
2201,1 - 1 - 2022,19800.0,1.51657508881031,1.3335216533675034,1.7782800679308082,0.000206,0.000158489,0.000251189,0.544,0.5,0.6,0.349,0.3,0.4,8760000.0,26100.0,6130000.0,1.0,True,0.01,0.95,10.0,39600.0,0.938,0.139
2202,1 - 1 - 2022,19800.0,1.5198684153570663,1.3335216533675034,1.7782800679308082,0.000204,0.000158489,0.000251189,0.545,0.5,0.6,0.45,0.4,0.5,7980000.0,24900.0,5610000.0,1.0,True,0.01,0.95,10.0,39600.0,0.938,0.139
2203,1 - 1 - 2022,19800.0,1.5264337522473748,1.3335216533675034,1.7782800679308082,0.000203,0.000158489,0.000251189,0.545,0.5,0.6,0.551,0.5,0.6,6070000.0,21800.0,4400000.0,1.0,True,0.01,0.95,10.0,39600.0,0.938,0.139
2204,1 - 1 - 2022,19800.0,1.5231546211727816,1.3335216533675034,1.7782800679308082,0.000201,0.000158489,0.000251189,0.545,0.5,0.6,0.649,0.6,0.7,5820000.0,21300.0,4300000.0,1.0,True,0.01,0.95,10.0,39600.0,0.938,0.139
2205,1 - 1 - 2022,19800.0,1.5362291495737217,1.3335216533675034,1.7782800679308082,0.000198,0.000158489,0.000251189,0.544,0.5,0.6,0.746,0.7,0.8,4370000.0,18500.0,3420000.0,1.0,True,0.01,0.95,10.0,39600.0,0.938,0.139
2206,1 - 1 - 2022,19800.0,1.5329709716755893,1.3335216533675034,1.7782800679308082,0.0002,0.000158489,0.000251189,0.547,0.5,0.6,0.851,0.8,0.9,3410000.0,16300.0,2580000.0,1.0,True,0.01,0.95,10.0,39600.0,0.938,0.139
2207,1 - 1 - 2022,19800.0,1.5427248620541512,1.3335216533675034,1.7782800679308082,0.000197,0.000158489,0.000251189,0.544,0.5,0.6,0.947,0.9,1.0,2080000.0,12700.0,1700000.0,1.0,True,0.01,0.95,10.0,39600.0,0.938,0.139
2208,1 - 1 - 2022,19800.0,1.5231546211727816,1.3335216533675034,1.7782800679308082,0.000205,0.000158489,0.000251189,0.545,0.5,0.6,1.2,1.0,1.5,826000.0,3590.0,585000.0,1.0,True,0.01,0.95,10.0,39600.0,0.938,0.139
2209,1 - 1 - 2022,19800.0,1.5264337522473748,1.3335216533675034,1.7782800679308082,0.000197,0.000158489,0.000251189,0.552,0.5,0.6,1.73,1.5,2.0,265000.0,2030.0,224000.0,1.0,True,0.01,0.95,10.0,39600.0,0.938,0.139
2210,1 - 1 - 2022,19800.0,1.5394804318340654,1.3335216533675034,1.7782800679308082,0.000204,0.000158489,0.000251189,0.55,0.5,0.6,2.51,2.0,4.0,61900.0,491.0,52500.0,1.0,True,0.01,0.95,10.0,39600.0,0.938,0.139
2211,1 - 1 - 2022,19800.0,1.5099668870541498,1.3335216533675034,1.7782800679308082,0.000203,0.000158489,0.000251189,0.636,0.6,0.7,0.079,0.05,0.1,2000000.0,17600.0,1820000.0,1.0,True,0.01,0.95,10.0,39600.0,0.938,0.139
2212,1 - 1 - 2022,19800.0,1.51657508881031,1.3335216533675034,1.7782800679308082,0.000207,0.000158489,0.000251189,0.636,0.6,0.7,0.153,0.1,0.2,3340000.0,16100.0,2870000.0,1.0,True,0.01,0.95,10.0,39600.0,0.938,0.139
2213,1 - 1 - 2022,19800.0,1.51657508881031,1.3335216533675034,1.7782800679308082,0.000204,0.000158489,0.000251189,0.644,0.6,0.7,0.249,0.2,0.3,4090000.0,17900.0,3770000.0,1.0,True,0.01,0.95,10.0,39600.0,0.938,0.139
2214,1 - 1 - 2022,19800.0,1.51657508881031,1.3335216533675034,1.7782800679308082,0.000203,0.000158489,0.000251189,0.645,0.6,0.7,0.349,0.3,0.4,4440000.0,18600.0,4180000.0,1.0,True,0.01,0.95,10.0,39600.0,0.938,0.139
2215,1 - 1 - 2022,19800.0,1.5132745950421556,1.3335216533675034,1.7782800679308082,0.000203,0.000158489,0.000251189,0.645,0.6,0.7,0.452,0.4,0.5,4350000.0,18400.0,3940000.0,1.0,True,0.01,0.95,10.0,39600.0,0.938,0.139
2216,1 - 1 - 2022,19800.0,1.5132745950421556,1.3335216533675034,1.7782800679308082,0.000204,0.000158489,0.000251189,0.646,0.6,0.7,0.55,0.5,0.6,3870000.0,17400.0,3560000.0,1.0,True,0.01,0.95,10.0,39600.0,0.938,0.139
2217,1 - 1 - 2022,19800.0,1.5362291495737217,1.3335216533675034,1.7782800679308082,0.000202,0.000158489,0.000251189,0.642,0.6,0.7,0.651,0.6,0.7,2680000.0,14500.0,2560000.0,1.0,True,0.01,0.95,10.0,39600.0,0.938,0.139
2218,1 - 1 - 2022,19800.0,1.5231546211727816,1.3335216533675034,1.7782800679308082,0.000202,0.000158489,0.000251189,0.643,0.6,0.7,0.746,0.7,0.8,2480000.0,13900.0,2270000.0,1.0,True,0.01,0.95,10.0,39600.0,0.938,0.139
2219,1 - 1 - 2022,19800.0,1.5556349186104046,1.3335216533675034,1.7782800679308082,0.000201,0.000158489,0.000251189,0.654,0.6,0.7,0.844,0.8,0.9,1620000.0,11200.0,1480000.0,1.0,True,0.01,0.95,10.0,39600.0,0.938,0.139
2220,1 - 1 - 2022,19800.0,1.5231546211727816,1.3335216533675034,1.7782800679308082,0.000208,0.000158489,0.000251189,0.648,0.6,0.7,0.95,0.9,1.0,1170000.0,9550.0,1050000.0,1.0,True,0.01,0.95,10.0,39600.0,0.938,0.139
2221,1 - 1 - 2022,19800.0,1.5297058540778354,1.3335216533675034,1.7782800679308082,0.000205,0.000158489,0.000251189,0.644,0.6,0.7,1.16,1.0,1.5,554000.0,2940.0,499000.0,1.0,True,0.01,0.95,10.0,39600.0,0.938,0.139
2222,1 - 1 - 2022,19800.0,1.5684387141358123,1.3335216533675034,1.7782800679308082,0.000206,0.000158489,0.000251189,0.642,0.6,0.7,1.68,1.5,2.0,155000.0,1550.0,148000.0,1.0,True,0.01,0.95,10.0,39600.0,0.938,0.139
2223,1 - 1 - 2022,19800.0,1.5329709716755893,1.3335216533675034,1.7782800679308082,0.000209,0.000158489,0.000251189,0.648,0.6,0.7,2.47,2.0,4.0,31000.0,347.0,28400.0,1.0,True,0.01,0.95,10.0,39600.0,0.938,0.139
2224,1 - 1 - 2022,19800.0,1.5,1.3335216533675034,1.7782800679308082,0.000206,0.000158489,0.000251189,0.745,0.7,0.8,0.451,0.4,0.5,2390000.0,13700.0,2340000.0,1.0,True,0.01,0.95,10.0,39600.0,0.938,0.139
2225,1 - 1 - 2022,19800.0,1.5099668870541498,1.3335216533675034,1.7782800679308082,0.000206,0.000158489,0.000251189,0.744,0.7,0.8,0.547,0.5,0.6,2080000.0,12700.0,2060000.0,1.0,True,0.01,0.95,10.0,39600.0,0.938,0.139
2226,1 - 1 - 2022,19800.0,1.5099668870541498,1.3335216533675034,1.7782800679308082,0.000205,0.000158489,0.000251189,0.747,0.7,0.8,0.744,0.7,0.8,1530000.0,10900.0,1480000.0,1.0,True,0.01,0.95,10.0,39600.0,0.938,0.139
2227,1 - 1 - 2022,19800.0,1.5394804318340654,1.3335216533675034,1.7782800679308082,0.000318,0.000251189,0.000398107,0.0194,0.0,0.05,0.0786,0.05,0.1,218000000.0,207000.0,218000000.0,1.0,True,0.01,0.95,10.0,39600.0,0.938,0.139
2228,1 - 1 - 2022,19800.0,1.5394804318340654,1.3335216533675034,1.7782800679308082,0.000318,0.000251189,0.000398107,0.0166,0.0,0.05,0.155,0.1,0.2,457000000.0,212000.0,395000000.0,1.0,True,0.01,0.95,10.0,39600.0,0.938,0.139
2229,1 - 1 - 2022,19800.0,1.5362291495737217,1.3335216533675034,1.7782800679308082,0.000317,0.000251189,0.000398107,0.0155,0.0,0.05,0.251,0.2,0.3,641000000.0,251000.0,454000000.0,1.0,True,0.01,0.95,10.0,39600.0,0.938,0.139
2230,1 - 1 - 2022,19800.0,1.5362291495737217,1.3335216533675034,1.7782800679308082,0.000318,0.000251189,0.000398107,0.0151,0.0,0.05,0.35,0.3,0.4,661000000.0,255000.0,398000000.0,1.0,True,0.01,0.95,10.0,39600.0,0.938,0.139
2231,1 - 1 - 2022,19800.0,1.5362291495737217,1.3335216533675034,1.7782800679308082,0.000318,0.000251189,0.000398107,0.0151,0.0,0.05,0.448,0.4,0.5,571000000.0,237000.0,270000000.0,1.0,True,0.01,0.95,10.0,39600.0,0.938,0.139
2232,1 - 1 - 2022,19800.0,1.5362291495737217,1.3335216533675034,1.7782800679308082,0.000318,0.000251189,0.000398107,0.0153,0.0,0.05,0.548,0.5,0.6,445000000.0,209000.0,167000000.0,1.0,True,0.01,0.95,10.0,39600.0,0.938,0.139
2233,1 - 1 - 2022,19800.0,1.5362291495737217,1.3335216533675034,1.7782800679308082,0.000318,0.000251189,0.000398107,0.0154,0.0,0.05,0.647,0.6,0.7,319000000.0,177000.0,103000000.0,1.0,True,0.01,0.95,10.0,39600.0,0.938,0.139
2234,1 - 1 - 2022,19800.0,1.5394804318340654,1.3335216533675034,1.7782800679308082,0.000318,0.000251189,0.000398107,0.0158,0.0,0.05,0.746,0.7,0.8,218000000.0,147000.0,55200000.0,1.0,True,0.01,0.95,10.0,39600.0,0.938,0.139
2235,1 - 1 - 2022,19800.0,1.5362291495737217,1.3335216533675034,1.7782800679308082,0.000318,0.000251189,0.000398107,0.0163,0.0,0.05,0.846,0.8,0.9,143000000.0,118000.0,25200000.0,1.0,True,0.01,0.95,10.0,39600.0,0.938,0.139
2236,1 - 1 - 2022,19800.0,1.5362291495737217,1.3335216533675034,1.7782800679308082,0.000318,0.000251189,0.000398107,0.0168,0.0,0.05,0.945,0.9,1.0,89800000.0,94000.0,12000000.0,1.0,True,0.01,0.95,10.0,39600.0,0.938,0.139
2237,1 - 1 - 2022,19800.0,1.5394804318340654,1.3335216533675034,1.7782800679308082,0.000318,0.000251189,0.000398107,0.0187,0.0,0.05,1.16,1.0,1.5,27100000.0,23100.0,2320000.0,1.0,True,0.01,0.95,10.0,39600.0,0.938,0.139
2238,1 - 1 - 2022,19800.0,1.5491933384829668,1.3335216533675034,1.7782800679308082,0.000315,0.000251189,0.000398107,0.0226,0.0,0.05,1.69,1.5,2.0,3590000.0,8400.0,156000.0,1.0,True,0.01,0.95,10.0,39600.0,0.938,0.139
2239,1 - 1 - 2022,19800.0,1.5524174696260025,1.3335216533675034,1.7782800679308082,0.000315,0.000251189,0.000398107,0.025,0.0,0.05,2.43,2.0,4.0,325000.0,1260.0,9770.0,1.0,True,0.01,0.95,10.0,39600.0,0.938,0.139
2240,1 - 1 - 2022,19800.0,1.5297058540778354,1.3335216533675034,1.7782800679308082,0.000319,0.000251189,0.000398107,0.072,0.05,0.1,0.154,0.1,0.2,121000000.0,109000.0,117000000.0,1.0,True,0.01,0.95,10.0,39600.0,0.938,0.139
2241,1 - 1 - 2022,19800.0,1.5329709716755893,1.3335216533675034,1.7782800679308082,0.000319,0.000251189,0.000398107,0.0726,0.05,0.1,0.251,0.2,0.3,157000000.0,124000.0,141000000.0,1.0,True,0.01,0.95,10.0,39600.0,0.938,0.139
2242,1 - 1 - 2022,19800.0,1.5329709716755893,1.3335216533675034,1.7782800679308082,0.00032,0.000251189,0.000398107,0.0722,0.05,0.1,0.35,0.3,0.4,161000000.0,126000.0,125000000.0,1.0,True,0.01,0.95,10.0,39600.0,0.938,0.139
2243,1 - 1 - 2022,19800.0,1.5329709716755893,1.3335216533675034,1.7782800679308082,0.000321,0.000251189,0.000398107,0.072,0.05,0.1,0.448,0.4,0.5,138000000.0,116000.0,70200000.0,1.0,True,0.01,0.95,10.0,39600.0,0.938,0.139
2244,1 - 1 - 2022,19800.0,1.5329709716755893,1.3335216533675034,1.7782800679308082,0.000321,0.000251189,0.000398107,0.0722,0.05,0.1,0.548,0.5,0.6,111000000.0,104000.0,27100000.0,1.0,True,0.01,0.95,10.0,39600.0,0.938,0.139
2245,1 - 1 - 2022,19800.0,1.5329709716755893,1.3335216533675034,1.7782800679308082,0.00032,0.000251189,0.000398107,0.0721,0.05,0.1,0.647,0.6,0.7,83000000.0,90400.0,30700000.0,1.0,True,0.01,0.95,10.0,39600.0,0.938,0.139
2246,1 - 1 - 2022,19800.0,1.5362291495737217,1.3335216533675034,1.7782800679308082,0.00032,0.000251189,0.000398107,0.0725,0.05,0.1,0.748,0.7,0.8,59200000.0,76300.0,22400000.0,1.0,True,0.01,0.95,10.0,39600.0,0.938,0.139
2247,1 - 1 - 2022,19800.0,1.5329709716755893,1.3335216533675034,1.7782800679308082,0.000318,0.000251189,0.000398107,0.0726,0.05,0.1,0.846,0.8,0.9,40700000.0,63300.0,5750000.0,1.0,True,0.01,0.95,10.0,39600.0,0.938,0.139
2248,1 - 1 - 2022,19800.0,1.5329709716755893,1.3335216533675034,1.7782800679308082,0.000319,0.000251189,0.000398107,0.0736,0.05,0.1,0.947,0.9,1.0,28600000.0,53100.0,21700.0,1.0,True,0.01,0.95,10.0,39600.0,0.938,0.139
2249,1 - 1 - 2022,19800.0,1.5394804318340654,1.3335216533675034,1.7782800679308082,0.00032,0.000251189,0.000398107,0.0733,0.05,0.1,1.18,1.0,1.5,10400000.0,14300.0,4340.0,1.0,True,0.01,0.95,10.0,39600.0,0.938,0.139
2250,1 - 1 - 2022,19800.0,1.5427248620541512,1.3335216533675034,1.7782800679308082,0.000319,0.000251189,0.000398107,0.0725,0.05,0.1,1.71,1.5,2.0,2180000.0,6560.0,0.0,1.0,True,0.01,0.95,10.0,39600.0,0.938,0.139
2251,1 - 1 - 2022,19800.0,1.5394804318340654,1.3335216533675034,1.7782800679308082,0.00032,0.000251189,0.000398107,0.0735,0.05,0.1,2.46,2.0,4.0,281000.0,1180.0,8690.0,1.0,True,0.01,0.95,10.0,39600.0,0.938,0.139
2252,1 - 1 - 2022,19800.0,1.5362291495737217,1.3335216533675034,1.7782800679308082,0.000318,0.000251189,0.000398107,0.123,0.1,0.15,0.0772,0.05,0.1,39700000.0,88400.0,39400000.0,1.0,True,0.01,0.95,10.0,39600.0,0.938,0.139
2253,1 - 1 - 2022,19800.0,1.5362291495737217,1.3335216533675034,1.7782800679308082,0.000321,0.000251189,0.000398107,0.123,0.1,0.15,0.155,0.1,0.2,67000000.0,81200.0,63400000.0,1.0,True,0.01,0.95,10.0,39600.0,0.938,0.139
2254,1 - 1 - 2022,19800.0,1.5394804318340654,1.3335216533675034,1.7782800679308082,0.000319,0.000251189,0.000398107,0.123,0.1,0.15,0.251,0.2,0.3,91500000.0,94900.0,84700000.0,1.0,True,0.01,0.95,10.0,39600.0,0.938,0.139
2255,1 - 1 - 2022,19800.0,1.5329709716755893,1.3335216533675034,1.7782800679308082,0.000321,0.000251189,0.000398107,0.123,0.1,0.15,0.35,0.3,0.4,92300000.0,95300.0,78700000.0,1.0,True,0.01,0.95,10.0,39600.0,0.938,0.139
2256,1 - 1 - 2022,19800.0,1.5329709716755893,1.3335216533675034,1.7782800679308082,0.00032,0.000251189,0.000398107,0.123,0.1,0.15,0.448,0.4,0.5,81100000.0,89300.0,61900000.0,1.0,True,0.01,0.95,10.0,39600.0,0.938,0.139
2257,1 - 1 - 2022,19800.0,1.5362291495737217,1.3335216533675034,1.7782800679308082,0.000321,0.000251189,0.000398107,0.123,0.1,0.15,0.547,0.5,0.6,64500000.0,79700.0,41800000.0,1.0,True,0.01,0.95,10.0,39600.0,0.938,0.139
2258,1 - 1 - 2022,19800.0,1.5394804318340654,1.3335216533675034,1.7782800679308082,0.000318,0.000251189,0.000398107,0.123,0.1,0.15,0.647,0.6,0.7,50900000.0,70800.0,24500000.0,1.0,True,0.01,0.95,10.0,39600.0,0.938,0.139
2259,1 - 1 - 2022,19800.0,1.5329709716755893,1.3335216533675034,1.7782800679308082,0.00032,0.000251189,0.000398107,0.123,0.1,0.15,0.747,0.7,0.8,37000000.0,60300.0,10300000.0,1.0,True,0.01,0.95,10.0,39600.0,0.938,0.139
2260,1 - 1 - 2022,19800.0,1.5297058540778354,1.3335216533675034,1.7782800679308082,0.000319,0.000251189,0.000398107,0.124,0.1,0.15,0.847,0.8,0.9,25600000.0,50200.0,3670000.0,1.0,True,0.01,0.95,10.0,39600.0,0.938,0.139
2261,1 - 1 - 2022,19800.0,1.5362291495737217,1.3335216533675034,1.7782800679308082,0.000319,0.000251189,0.000398107,0.124,0.1,0.15,0.949,0.9,1.0,18300000.0,42400.0,521000.0,1.0,True,0.01,0.95,10.0,39600.0,0.938,0.139
2262,1 - 1 - 2022,19800.0,1.5329709716755893,1.3335216533675034,1.7782800679308082,0.00032,0.000251189,0.000398107,0.123,0.1,0.15,1.19,1.0,1.5,7040000.0,11800.0,17400.0,1.0,True,0.01,0.95,10.0,39600.0,0.938,0.139
2263,1 - 1 - 2022,19800.0,1.5459624833740306,1.3335216533675034,1.7782800679308082,0.000318,0.000251189,0.000398107,0.125,0.1,0.15,1.71,1.5,2.0,1690000.0,5770.0,0.0,1.0,True,0.01,0.95,10.0,39600.0,0.938,0.139
2264,1 - 1 - 2022,19800.0,1.5362291495737217,1.3335216533675034,1.7782800679308082,0.000317,0.000251189,0.000398107,0.126,0.1,0.15,2.58,2.0,4.0,242000.0,1090.0,29300.0,1.0,True,0.01,0.95,10.0,39600.0,0.938,0.139
2265,1 - 1 - 2022,19800.0,1.5394804318340654,1.3335216533675034,1.7782800679308082,0.000323,0.000251189,0.000398107,0.171,0.15,0.2,0.0338,0.0,0.05,9120000.0,42400.0,8600000.0,1.0,True,0.01,0.95,10.0,39600.0,0.938,0.139
2266,1 - 1 - 2022,19800.0,1.5459624833740306,1.3335216533675034,1.7782800679308082,0.000318,0.000251189,0.000398107,0.174,0.15,0.2,0.077,0.05,0.1,25800000.0,71200.0,23700000.0,1.0,True,0.01,0.95,10.0,39600.0,0.938,0.139
2267,1 - 1 - 2022,19800.0,1.5362291495737217,1.3335216533675034,1.7782800679308082,0.000322,0.000251189,0.000398107,0.174,0.15,0.2,0.154,0.1,0.2,42600000.0,64800.0,40300000.0,1.0,True,0.01,0.95,10.0,39600.0,0.938,0.139
2268,1 - 1 - 2022,19800.0,1.5394804318340654,1.3335216533675034,1.7782800679308082,0.00032,0.000251189,0.000398107,0.173,0.15,0.2,0.251,0.2,0.3,59300000.0,76400.0,55300000.0,1.0,True,0.01,0.95,10.0,39600.0,0.938,0.139
2269,1 - 1 - 2022,19800.0,1.5362291495737217,1.3335216533675034,1.7782800679308082,0.000318,0.000251189,0.000398107,0.173,0.15,0.2,0.35,0.3,0.4,61700000.0,77900.0,56000000.0,1.0,True,0.01,0.95,10.0,39600.0,0.938,0.139
2270,1 - 1 - 2022,19800.0,1.5362291495737217,1.3335216533675034,1.7782800679308082,0.000319,0.000251189,0.000398107,0.173,0.15,0.2,0.449,0.4,0.5,53800000.0,72700.0,46300000.0,1.0,True,0.01,0.95,10.0,39600.0,0.938,0.139
2271,1 - 1 - 2022,19800.0,1.5329709716755893,1.3335216533675034,1.7782800679308082,0.000319,0.000251189,0.000398107,0.173,0.15,0.2,0.549,0.5,0.6,44500000.0,66200.0,33900000.0,1.0,True,0.01,0.95,10.0,39600.0,0.938,0.139
2272,1 - 1 - 2022,19800.0,1.5394804318340654,1.3335216533675034,1.7782800679308082,0.000322,0.000251189,0.000398107,0.174,0.15,0.2,0.648,0.6,0.7,34900000.0,58600.0,22400000.0,1.0,True,0.01,0.95,10.0,39600.0,0.938,0.139
2273,1 - 1 - 2022,19800.0,1.5394804318340654,1.3335216533675034,1.7782800679308082,0.000318,0.000251189,0.000398107,0.174,0.15,0.2,0.749,0.7,0.8,25500000.0,50100.0,12200000.0,1.0,True,0.01,0.95,10.0,39600.0,0.938,0.139
2274,1 - 1 - 2022,19800.0,1.5427248620541512,1.3335216533675034,1.7782800679308082,0.000319,0.000251189,0.000398107,0.174,0.15,0.2,0.849,0.8,0.9,18600000.0,42800.0,5950000.0,1.0,True,0.01,0.95,10.0,39600.0,0.938,0.139
2275,1 - 1 - 2022,19800.0,1.5297058540778354,1.3335216533675034,1.7782800679308082,0.00032,0.000251189,0.000398107,0.174,0.15,0.2,0.949,0.9,1.0,12000000.0,34300.0,2060000.0,1.0,True,0.01,0.95,10.0,39600.0,0.938,0.139
2276,1 - 1 - 2022,19800.0,1.5362291495737217,1.3335216533675034,1.7782800679308082,0.00032,0.000251189,0.000398107,0.174,0.15,0.2,1.18,1.0,1.5,5430000.0,10300.0,200000.0,1.0,True,0.01,0.95,10.0,39600.0,0.938,0.139
2277,1 - 1 - 2022,19800.0,1.5491933384829668,1.3335216533675034,1.7782800679308082,0.000317,0.000251189,0.000398107,0.174,0.15,0.2,1.71,1.5,2.0,1330000.0,5120.0,0.0,1.0,True,0.01,0.95,10.0,39600.0,0.938,0.139
2278,1 - 1 - 2022,19800.0,1.5297058540778354,1.3335216533675034,1.7782800679308082,0.000319,0.000251189,0.000398107,0.176,0.15,0.2,2.51,2.0,4.0,203000.0,999.0,8680.0,1.0,True,0.01,0.95,10.0,39600.0,0.938,0.139
2279,1 - 1 - 2022,19800.0,1.5231546211727816,1.3335216533675034,1.7782800679308082,0.000322,0.000251189,0.000398107,0.222,0.2,0.25,0.0327,0.0,0.05,6210000.0,35000.0,4130000.0,1.0,True,0.01,0.95,10.0,39600.0,0.938,0.139
2280,1 - 1 - 2022,19800.0,1.5231546211727816,1.3335216533675034,1.7782800679308082,0.000322,0.000251189,0.000398107,0.224,0.2,0.25,0.0791,0.05,0.1,16100000.0,56200.0,11100000.0,1.0,True,0.01,0.95,10.0,39600.0,0.938,0.139
2281,1 - 1 - 2022,19800.0,1.5394804318340654,1.3335216533675034,1.7782800679308082,0.000321,0.000251189,0.000398107,0.224,0.2,0.25,0.153,0.1,0.2,29600000.0,54000.0,19500000.0,1.0,True,0.01,0.95,10.0,39600.0,0.938,0.139
2282,1 - 1 - 2022,19800.0,1.5329709716755893,1.3335216533675034,1.7782800679308082,0.000321,0.000251189,0.000398107,0.224,0.2,0.25,0.251,0.2,0.3,39300000.0,62200.0,26900000.0,1.0,True,0.01,0.95,10.0,39600.0,0.938,0.139
2283,1 - 1 - 2022,19800.0,1.5362291495737217,1.3335216533675034,1.7782800679308082,0.000321,0.000251189,0.000398107,0.224,0.2,0.25,0.35,0.3,0.4,43700000.0,65600.0,28200000.0,1.0,True,0.01,0.95,10.0,39600.0,0.938,0.139
2284,1 - 1 - 2022,19800.0,1.5394804318340654,1.3335216533675034,1.7782800679308082,0.00032,0.000251189,0.000398107,0.224,0.2,0.25,0.448,0.4,0.5,37500000.0,60700.0,22700000.0,1.0,True,0.01,0.95,10.0,39600.0,0.938,0.139
2285,1 - 1 - 2022,19800.0,1.5427248620541512,1.3335216533675034,1.7782800679308082,0.00032,0.000251189,0.000398107,0.224,0.2,0.25,0.548,0.5,0.6,29300000.0,53700.0,16200000.0,1.0,True,0.01,0.95,10.0,39600.0,0.938,0.139
2286,1 - 1 - 2022,19800.0,1.5427248620541512,1.3335216533675034,1.7782800679308082,0.00032,0.000251189,0.000398107,0.224,0.2,0.25,0.649,0.6,0.7,23200000.0,47700.0,10700000.0,1.0,True,0.01,0.95,10.0,39600.0,0.938,0.139
2287,1 - 1 - 2022,19800.0,1.5362291495737217,1.3335216533675034,1.7782800679308082,0.00032,0.000251189,0.000398107,0.223,0.2,0.25,0.748,0.7,0.8,18500000.0,42700.0,7270000.0,1.0,True,0.01,0.95,10.0,39600.0,0.938,0.139
2288,1 - 1 - 2022,19800.0,1.5264337522473748,1.3335216533675034,1.7782800679308082,0.000318,0.000251189,0.000398107,0.223,0.2,0.25,0.847,0.8,0.9,14200000.0,37400.0,4130000.0,1.0,True,0.01,0.95,10.0,39600.0,0.938,0.139
2289,1 - 1 - 2022,19800.0,1.5231546211727816,1.3335216533675034,1.7782800679308082,0.00032,0.000251189,0.000398107,0.223,0.2,0.25,0.949,0.9,1.0,10100000.0,31600.0,1930000.0,1.0,True,0.01,0.95,10.0,39600.0,0.938,0.139
2290,1 - 1 - 2022,19800.0,1.5362291495737217,1.3335216533675034,1.7782800679308082,0.000319,0.000251189,0.000398107,0.224,0.2,0.25,1.19,1.0,1.5,4030000.0,8910.0,252000.0,1.0,True,0.01,0.95,10.0,39600.0,0.938,0.139
2291,1 - 1 - 2022,19800.0,1.5394804318340654,1.3335216533675034,1.7782800679308082,0.000319,0.000251189,0.000398107,0.225,0.2,0.25,1.71,1.5,2.0,1120000.0,4700.0,0.0,1.0,True,0.01,0.95,10.0,39600.0,0.938,0.139
2292,1 - 1 - 2022,19800.0,1.5652475842498528,1.3335216533675034,1.7782800679308082,0.000315,0.000251189,0.000398107,0.223,0.2,0.25,2.55,2.0,4.0,167000.0,907.0,1090.0,1.0,True,0.01,0.95,10.0,39600.0,0.938,0.139
2293,1 - 1 - 2022,19800.0,1.5297058540778354,1.3335216533675034,1.7782800679308082,0.000323,0.000251189,0.000398107,0.272,0.25,0.3,0.0346,0.0,0.05,3600000.0,26600.0,1350000.0,1.0,True,0.01,0.95,10.0,39600.0,0.938,0.139
2294,1 - 1 - 2022,19800.0,1.5231546211727816,1.3335216533675034,1.7782800679308082,0.000318,0.000251189,0.000398107,0.274,0.25,0.3,0.079,0.05,0.1,11900000.0,48400.0,3820000.0,1.0,True,0.01,0.95,10.0,39600.0,0.938,0.139
2295,1 - 1 - 2022,19800.0,1.5362291495737217,1.3335216533675034,1.7782800679308082,0.000317,0.000251189,0.000398107,0.273,0.25,0.3,0.154,0.1,0.2,20400000.0,44800.0,6010000.0,1.0,True,0.01,0.95,10.0,39600.0,0.938,0.139
2296,1 - 1 - 2022,19800.0,1.5264337522473748,1.3335216533675034,1.7782800679308082,0.000321,0.000251189,0.000398107,0.273,0.25,0.3,0.251,0.2,0.3,27600000.0,52100.0,10200000.0,1.0,True,0.01,0.95,10.0,39600.0,0.938,0.139
2297,1 - 1 - 2022,19800.0,1.5297058540778354,1.3335216533675034,1.7782800679308082,0.00032,0.000251189,0.000398107,0.274,0.25,0.3,0.35,0.3,0.4,28200000.0,52700.0,9310000.0,1.0,True,0.01,0.95,10.0,39600.0,0.938,0.139
2298,1 - 1 - 2022,19800.0,1.5362291495737217,1.3335216533675034,1.7782800679308082,0.000319,0.000251189,0.000398107,0.274,0.25,0.3,0.448,0.4,0.5,27100000.0,51700.0,8250000.0,1.0,True,0.01,0.95,10.0,39600.0,0.938,0.139
2299,1 - 1 - 2022,19800.0,1.5362291495737217,1.3335216533675034,1.7782800679308082,0.000318,0.000251189,0.000398107,0.274,0.25,0.3,0.548,0.5,0.6,23600000.0,48100.0,5840000.0,1.0,True,0.01,0.95,10.0,39600.0,0.938,0.139
2300,1 - 1 - 2022,19800.0,1.5427248620541512,1.3335216533675034,1.7782800679308082,0.00032,0.000251189,0.000398107,0.274,0.25,0.3,0.647,0.6,0.7,17300000.0,41300.0,3410000.0,1.0,True,0.01,0.95,10.0,39600.0,0.938,0.139
2301,1 - 1 - 2022,19800.0,1.5427248620541512,1.3335216533675034,1.7782800679308082,0.000318,0.000251189,0.000398107,0.274,0.25,0.3,0.748,0.7,0.8,13600000.0,36500.0,2190000.0,1.0,True,0.01,0.95,10.0,39600.0,0.938,0.139
2302,1 - 1 - 2022,19800.0,1.5362291495737217,1.3335216533675034,1.7782800679308082,0.000324,0.000251189,0.000398107,0.275,0.25,0.3,0.846,0.8,0.9,9230000.0,30100.0,1260000.0,1.0,True,0.01,0.95,10.0,39600.0,0.938,0.139
2303,1 - 1 - 2022,19800.0,1.5394804318340654,1.3335216533675034,1.7782800679308082,0.000319,0.000251189,0.000398107,0.275,0.25,0.3,0.945,0.9,1.0,6900000.0,26100.0,456000.0,1.0,True,0.01,0.95,10.0,39600.0,0.938,0.139
2304,1 - 1 - 2022,19800.0,1.5329709716755893,1.3335216533675034,1.7782800679308082,0.000322,0.000251189,0.000398107,0.274,0.25,0.3,1.19,1.0,1.5,3280000.0,8040.0,148000.0,1.0,True,0.01,0.95,10.0,39600.0,0.938,0.139
2305,1 - 1 - 2022,19800.0,1.5524174696260025,1.3335216533675034,1.7782800679308082,0.00032,0.000251189,0.000398107,0.275,0.25,0.3,1.7,1.5,2.0,734000.0,3800.0,0.0,1.0,True,0.01,0.95,10.0,39600.0,0.938,0.139
2306,1 - 1 - 2022,19800.0,1.5524174696260025,1.3335216533675034,1.7782800679308082,0.000319,0.000251189,0.000398107,0.274,0.25,0.3,2.57,2.0,4.0,128000.0,794.0,3260.0,1.0,True,0.01,0.95,10.0,39600.0,0.938,0.139
2307,1 - 1 - 2022,19800.0,1.5362291495737217,1.3335216533675034,1.7782800679308082,0.000318,0.000251189,0.000398107,0.348,0.3,0.4,0.0323,0.0,0.05,2520000.0,15700.0,130000.0,1.0,True,0.01,0.95,10.0,39600.0,0.938,0.139
2308,1 - 1 - 2022,19800.0,1.5329709716755893,1.3335216533675034,1.7782800679308082,0.000324,0.000251189,0.000398107,0.35,0.3,0.4,0.0792,0.05,0.1,7640000.0,27400.0,564000.0,1.0,True,0.01,0.95,10.0,39600.0,0.938,0.139
2309,1 - 1 - 2022,19800.0,1.5231546211727816,1.3335216533675034,1.7782800679308082,0.000319,0.000251189,0.000398107,0.345,0.3,0.4,0.155,0.1,0.2,13300000.0,25600.0,879000.0,1.0,True,0.01,0.95,10.0,39600.0,0.938,0.139
2310,1 - 1 - 2022,19800.0,1.5329709716755893,1.3335216533675034,1.7782800679308082,0.000321,0.000251189,0.000398107,0.345,0.3,0.4,0.25,0.2,0.3,18500000.0,30200.0,1380000.0,1.0,True,0.01,0.95,10.0,39600.0,0.938,0.139
2311,1 - 1 - 2022,19800.0,1.5362291495737217,1.3335216533675034,1.7782800679308082,0.000321,0.000251189,0.000398107,0.345,0.3,0.4,0.35,0.3,0.4,18500000.0,30100.0,2310000.0,1.0,True,0.01,0.95,10.0,39600.0,0.938,0.139
2312,1 - 1 - 2022,19800.0,1.5297058540778354,1.3335216533675034,1.7782800679308082,0.00032,0.000251189,0.000398107,0.345,0.3,0.4,0.45,0.4,0.5,17700000.0,29500.0,1700000.0,1.0,True,0.01,0.95,10.0,39600.0,0.938,0.139
2313,1 - 1 - 2022,19800.0,1.5362291495737217,1.3335216533675034,1.7782800679308082,0.000319,0.000251189,0.000398107,0.345,0.3,0.4,0.548,0.5,0.6,15300000.0,27400.0,988000.0,1.0,True,0.01,0.95,10.0,39600.0,0.938,0.139
2314,1 - 1 - 2022,19800.0,1.5394804318340654,1.3335216533675034,1.7782800679308082,0.00032,0.000251189,0.000398107,0.344,0.3,0.4,0.648,0.6,0.7,11700000.0,24000.0,521000.0,1.0,True,0.01,0.95,10.0,39600.0,0.938,0.139
2315,1 - 1 - 2022,19800.0,1.5459624833740306,1.3335216533675034,1.7782800679308082,0.000318,0.000251189,0.000398107,0.346,0.3,0.4,0.748,0.7,0.8,8920000.0,20900.0,206000.0,1.0,True,0.01,0.95,10.0,39600.0,0.938,0.139
2316,1 - 1 - 2022,19800.0,1.5394804318340654,1.3335216533675034,1.7782800679308082,0.000318,0.000251189,0.000398107,0.345,0.3,0.4,0.846,0.8,0.9,6430000.0,17800.0,185000.0,1.0,True,0.01,0.95,10.0,39600.0,0.938,0.139
2317,1 - 1 - 2022,19800.0,1.5394804318340654,1.3335216533675034,1.7782800679308082,0.000325,0.000251189,0.000398107,0.348,0.3,0.4,0.945,0.9,1.0,4470000.0,14800.0,43400.0,1.0,True,0.01,0.95,10.0,39600.0,0.938,0.139
2318,1 - 1 - 2022,19800.0,1.5362291495737217,1.3335216533675034,1.7782800679308082,0.000318,0.000251189,0.000398107,0.346,0.3,0.4,1.2,1.0,1.5,2000000.0,4430.0,4340.0,1.0,True,0.01,0.95,10.0,39600.0,0.938,0.139
2319,1 - 1 - 2022,19800.0,1.5362291495737217,1.3335216533675034,1.7782800679308082,0.000324,0.000251189,0.000398107,0.346,0.3,0.4,1.71,1.5,2.0,630000.0,2490.0,0.0,1.0,True,0.01,0.95,10.0,39600.0,0.938,0.139
2320,1 - 1 - 2022,19800.0,1.5556349186104046,1.3335216533675034,1.7782800679308082,0.000322,0.000251189,0.000398107,0.348,0.3,0.4,2.54,2.0,4.0,101000.0,498.0,3800.0,1.0,True,0.01,0.95,10.0,39600.0,0.938,0.139
2321,1 - 1 - 2022,19800.0,1.5297058540778354,1.3335216533675034,1.7782800679308082,0.000316,0.000251189,0.000398107,0.445,0.4,0.5,0.0315,0.0,0.05,1820000.0,13400.0,0.0,1.0,True,0.01,0.95,10.0,39600.0,0.938,0.139
2322,1 - 1 - 2022,19800.0,1.5297058540778354,1.3335216533675034,1.7782800679308082,0.000321,0.000251189,0.000398107,0.447,0.4,0.5,0.077,0.05,0.1,4360000.0,20700.0,21700.0,1.0,True,0.01,0.95,10.0,39600.0,0.938,0.139
2323,1 - 1 - 2022,19800.0,1.5329709716755893,1.3335216533675034,1.7782800679308082,0.000318,0.000251189,0.000398107,0.446,0.4,0.5,0.154,0.1,0.2,8150000.0,20000.0,76000.0,1.0,True,0.01,0.95,10.0,39600.0,0.938,0.139
2324,1 - 1 - 2022,19800.0,1.5329709716755893,1.3335216533675034,1.7782800679308082,0.00032,0.000251189,0.000398107,0.445,0.4,0.5,0.251,0.2,0.3,11200000.0,23500.0,65100.0,1.0,True,0.01,0.95,10.0,39600.0,0.938,0.139
2325,1 - 1 - 2022,19800.0,1.5231546211727816,1.3335216533675034,1.7782800679308082,0.00032,0.000251189,0.000398107,0.445,0.4,0.5,0.349,0.3,0.4,10900000.0,23100.0,564000.0,1.0,True,0.01,0.95,10.0,39600.0,0.938,0.139
2326,1 - 1 - 2022,19800.0,1.5329709716755893,1.3335216533675034,1.7782800679308082,0.000323,0.000251189,0.000398107,0.446,0.4,0.5,0.45,0.4,0.5,10300000.0,22500.0,684000.0,1.0,True,0.01,0.95,10.0,39600.0,0.938,0.139
2327,1 - 1 - 2022,19800.0,1.5362291495737217,1.3335216533675034,1.7782800679308082,0.000319,0.000251189,0.000398107,0.444,0.4,0.5,0.549,0.5,0.6,8490000.0,20400.0,641000.0,1.0,True,0.01,0.95,10.0,39600.0,0.938,0.139
2328,1 - 1 - 2022,19800.0,1.5427248620541512,1.3335216533675034,1.7782800679308082,0.000322,0.000251189,0.000398107,0.443,0.4,0.5,0.646,0.6,0.7,6740000.0,18200.0,337000.0,1.0,True,0.01,0.95,10.0,39600.0,0.938,0.139
2329,1 - 1 - 2022,19800.0,1.5459624833740306,1.3335216533675034,1.7782800679308082,0.000318,0.000251189,0.000398107,0.449,0.4,0.5,0.747,0.7,0.8,5210000.0,16000.0,141000.0,1.0,True,0.01,0.95,10.0,39600.0,0.938,0.139
2330,1 - 1 - 2022,19800.0,1.5329709716755893,1.3335216533675034,1.7782800679308082,0.000322,0.000251189,0.000398107,0.443,0.4,0.5,0.845,0.8,0.9,3380000.0,12900.0,21700.0,1.0,True,0.01,0.95,10.0,39600.0,0.938,0.139
2331,1 - 1 - 2022,19800.0,1.5459624833740306,1.3335216533675034,1.7782800679308082,0.000318,0.000251189,0.000398107,0.445,0.4,0.5,0.947,0.9,1.0,2720000.0,11600.0,32600.0,1.0,True,0.01,0.95,10.0,39600.0,0.938,0.139
2332,1 - 1 - 2022,19800.0,1.5329709716755893,1.3335216533675034,1.7782800679308082,0.000322,0.000251189,0.000398107,0.445,0.4,0.5,1.2,1.0,1.5,994000.0,3130.0,10900.0,1.0,True,0.01,0.95,10.0,39600.0,0.938,0.139
2333,1 - 1 - 2022,19800.0,1.5459624833740306,1.3335216533675034,1.7782800679308082,0.000322,0.000251189,0.000398107,0.445,0.4,0.5,1.71,1.5,2.0,332000.0,1810.0,2170.0,1.0,True,0.01,0.95,10.0,39600.0,0.938,0.139
2334,1 - 1 - 2022,19800.0,1.5427248620541512,1.3335216533675034,1.7782800679308082,0.000319,0.000251189,0.000398107,0.447,0.4,0.5,2.62,2.0,4.0,61300.0,388.0,11400.0,1.0,True,0.01,0.95,10.0,39600.0,0.938,0.139
2335,1 - 1 - 2022,19800.0,1.5,1.3335216533675034,1.7782800679308082,0.000321,0.000251189,0.000398107,0.547,0.5,0.6,0.0369,0.0,0.05,1150000.0,10600.0,65100.0,1.0,True,0.01,0.95,10.0,39600.0,0.938,0.139
2336,1 - 1 - 2022,19800.0,1.5329709716755893,1.3335216533675034,1.7782800679308082,0.000317,0.000251189,0.000398107,0.544,0.5,0.6,0.0762,0.05,0.1,3040000.0,17300.0,195000.0,1.0,True,0.01,0.95,10.0,39600.0,0.938,0.139
2337,1 - 1 - 2022,19800.0,1.5198684153570663,1.3335216533675034,1.7782800679308082,0.000323,0.000251189,0.000398107,0.548,0.5,0.6,0.156,0.1,0.2,5070000.0,15800.0,358000.0,1.0,True,0.01,0.95,10.0,39600.0,0.938,0.139
2338,1 - 1 - 2022,19800.0,1.5264337522473748,1.3335216533675034,1.7782800679308082,0.000317,0.000251189,0.000398107,0.545,0.5,0.6,0.251,0.2,0.3,6450000.0,17800.0,510000.0,1.0,True,0.01,0.95,10.0,39600.0,0.938,0.139
2339,1 - 1 - 2022,19800.0,1.5264337522473748,1.3335216533675034,1.7782800679308082,0.000319,0.000251189,0.000398107,0.546,0.5,0.6,0.35,0.3,0.4,6130000.0,17400.0,467000.0,1.0,True,0.01,0.95,10.0,39600.0,0.938,0.139
2340,1 - 1 - 2022,19800.0,1.5231546211727816,1.3335216533675034,1.7782800679308082,0.000322,0.000251189,0.000398107,0.545,0.5,0.6,0.447,0.4,0.5,6060000.0,17300.0,510000.0,1.0,True,0.01,0.95,10.0,39600.0,0.938,0.139
2341,1 - 1 - 2022,19800.0,1.5427248620541512,1.3335216533675034,1.7782800679308082,0.000316,0.000251189,0.000398107,0.546,0.5,0.6,0.548,0.5,0.6,5170000.0,15900.0,879000.0,1.0,True,0.01,0.95,10.0,39600.0,0.938,0.139
2342,1 - 1 - 2022,19800.0,1.5297058540778354,1.3335216533675034,1.7782800679308082,0.000323,0.000251189,0.000398107,0.546,0.5,0.6,0.648,0.6,0.7,3940000.0,13900.0,413000.0,1.0,True,0.01,0.95,10.0,39600.0,0.938,0.139
2343,1 - 1 - 2022,19800.0,1.5264337522473748,1.3335216533675034,1.7782800679308082,0.000318,0.000251189,0.000398107,0.543,0.5,0.6,0.752,0.7,0.8,2970000.0,12100.0,337000.0,1.0,True,0.01,0.95,10.0,39600.0,0.938,0.139
2344,1 - 1 - 2022,19800.0,1.5427248620541512,1.3335216533675034,1.7782800679308082,0.000317,0.000251189,0.000398107,0.545,0.5,0.6,0.847,0.8,0.9,2290000.0,10600.0,369000.0,1.0,True,0.01,0.95,10.0,39600.0,0.938,0.139
2345,1 - 1 - 2022,19800.0,1.5329709716755893,1.3335216533675034,1.7782800679308082,0.00032,0.000251189,0.000398107,0.546,0.5,0.6,0.942,0.9,1.0,1300000.0,8000.0,119000.0,1.0,True,0.01,0.95,10.0,39600.0,0.938,0.139
2346,1 - 1 - 2022,19800.0,1.5198684153570663,1.3335216533675034,1.7782800679308082,0.000318,0.000251189,0.000398107,0.542,0.5,0.6,1.19,1.0,1.5,543000.0,2310.0,30400.0,1.0,True,0.01,0.95,10.0,39600.0,0.938,0.139
2347,1 - 1 - 2022,19800.0,1.5297058540778354,1.3335216533675034,1.7782800679308082,0.00032,0.000251189,0.000398107,0.542,0.5,0.6,1.71,1.5,2.0,185000.0,1350.0,21700.0,1.0,True,0.01,0.95,10.0,39600.0,0.938,0.139
2348,1 - 1 - 2022,19800.0,1.5362291495737217,1.3335216533675034,1.7782800679308082,0.000317,0.000251189,0.000398107,0.547,0.5,0.6,2.56,2.0,4.0,34700.0,292.0,11900.0,1.0,True,0.01,0.95,10.0,39600.0,0.938,0.139
2349,1 - 1 - 2022,19800.0,1.5066519173319364,1.3335216533675034,1.7782800679308082,0.000303,0.000251189,0.000398107,0.635,0.6,0.7,0.0355,0.0,0.05,326000.0,5660.0,65100.0,1.0,True,0.01,0.95,10.0,39600.0,0.938,0.139
2350,1 - 1 - 2022,19800.0,1.5033296378372907,1.3335216533675034,1.7782800679308082,0.00032,0.000251189,0.000398107,0.638,0.6,0.7,0.08,0.05,0.1,1040000.0,10100.0,195000.0,1.0,True,0.01,0.95,10.0,39600.0,0.938,0.139
2351,1 - 1 - 2022,19800.0,1.5231546211727816,1.3335216533675034,1.7782800679308082,0.000319,0.000251189,0.000398107,0.64,0.6,0.7,0.153,0.1,0.2,2490000.0,11100.0,575000.0,1.0,True,0.01,0.95,10.0,39600.0,0.938,0.139
2352,1 - 1 - 2022,19800.0,1.5231546211727816,1.3335216533675034,1.7782800679308082,0.000318,0.000251189,0.000398107,0.641,0.6,0.7,0.254,0.2,0.3,2900000.0,11900.0,771000.0,1.0,True,0.01,0.95,10.0,39600.0,0.938,0.139
2353,1 - 1 - 2022,19800.0,1.5231546211727816,1.3335216533675034,1.7782800679308082,0.000319,0.000251189,0.000398107,0.644,0.6,0.7,0.349,0.3,0.4,3530000.0,13200.0,847000.0,1.0,True,0.01,0.95,10.0,39600.0,0.938,0.139
2354,1 - 1 - 2022,19800.0,1.5297058540778354,1.3335216533675034,1.7782800679308082,0.000318,0.000251189,0.000398107,0.644,0.6,0.7,0.451,0.4,0.5,3390000.0,12900.0,868000.0,1.0,True,0.01,0.95,10.0,39600.0,0.938,0.139
2355,1 - 1 - 2022,19800.0,1.5198684153570663,1.3335216533675034,1.7782800679308082,0.000327,0.000251189,0.000398107,0.648,0.6,0.7,0.551,0.5,0.6,2720000.0,11600.0,619000.0,1.0,True,0.01,0.95,10.0,39600.0,0.938,0.139
2356,1 - 1 - 2022,19800.0,1.5329709716755893,1.3335216533675034,1.7782800679308082,0.000322,0.000251189,0.000398107,0.65,0.6,0.7,0.649,0.6,0.7,2620000.0,11300.0,825000.0,1.0,True,0.01,0.95,10.0,39600.0,0.938,0.139
2357,1 - 1 - 2022,19800.0,1.5329709716755893,1.3335216533675034,1.7782800679308082,0.000316,0.000251189,0.000398107,0.645,0.6,0.7,0.744,0.7,0.8,1790000.0,9390.0,554000.0,1.0,True,0.01,0.95,10.0,39600.0,0.938,0.139
2358,1 - 1 - 2022,19800.0,1.5427248620541512,1.3335216533675034,1.7782800679308082,0.00032,0.000251189,0.000398107,0.641,0.6,0.7,0.846,0.8,0.9,1230000.0,7770.0,369000.0,1.0,True,0.01,0.95,10.0,39600.0,0.938,0.139
2359,1 - 1 - 2022,19800.0,1.5394804318340654,1.3335216533675034,1.7782800679308082,0.000322,0.000251189,0.000398107,0.645,0.6,0.7,0.949,0.9,1.0,944000.0,6820.0,315000.0,1.0,True,0.01,0.95,10.0,39600.0,0.938,0.139
2360,1 - 1 - 2022,19800.0,1.5231546211727816,1.3335216533675034,1.7782800679308082,0.000322,0.000251189,0.000398107,0.642,0.6,0.7,1.18,1.0,1.5,350000.0,1850.0,82500.0,1.0,True,0.01,0.95,10.0,39600.0,0.938,0.139
2361,1 - 1 - 2022,19800.0,1.5362291495737217,1.3335216533675034,1.7782800679308082,0.000323,0.000251189,0.000398107,0.643,0.6,0.7,1.69,1.5,2.0,106000.0,1020.0,34700.0,1.0,True,0.01,0.95,10.0,39600.0,0.938,0.139
2362,1 - 1 - 2022,19800.0,1.5748015748023623,1.3335216533675034,1.7782800679308082,0.000316,0.000251189,0.000398107,0.646,0.6,0.7,2.62,2.0,4.0,17400.0,207.0,10300.0,1.0,True,0.01,0.95,10.0,39600.0,0.938,0.139
2363,1 - 1 - 2022,19800.0,1.5132745950421556,1.3335216533675034,1.7782800679308082,0.000305,0.000251189,0.000398107,0.762,0.7,0.8,0.0374,0.0,0.05,239000.0,4850.0,130000.0,1.0,True,0.01,0.95,10.0,39600.0,0.938,0.139
2364,1 - 1 - 2022,19800.0,1.5427248620541512,1.3335216533675034,1.7782800679308082,0.000325,0.000251189,0.000398107,0.751,0.7,0.8,0.0783,0.05,0.1,543000.0,7310.0,369000.0,1.0,True,0.01,0.95,10.0,39600.0,0.938,0.139
2365,1 - 1 - 2022,19800.0,1.5329709716755893,1.3335216533675034,1.7782800679308082,0.000316,0.000251189,0.000398107,0.744,0.7,0.8,0.154,0.1,0.2,1060000.0,7230.0,499000.0,1.0,True,0.01,0.95,10.0,39600.0,0.938,0.139
2366,1 - 1 - 2022,19800.0,1.5198684153570663,1.3335216533675034,1.7782800679308082,0.00032,0.000251189,0.000398107,0.745,0.7,0.8,0.253,0.2,0.3,1420000.0,8360.0,641000.0,1.0,True,0.01,0.95,10.0,39600.0,0.938,0.139
2367,1 - 1 - 2022,19800.0,1.5132745950421556,1.3335216533675034,1.7782800679308082,0.000327,0.000251189,0.000398107,0.745,0.7,0.8,0.349,0.3,0.4,1680000.0,9100.0,619000.0,1.0,True,0.01,0.95,10.0,39600.0,0.938,0.139
2368,1 - 1 - 2022,19800.0,1.5297058540778354,1.3335216533675034,1.7782800679308082,0.000319,0.000251189,0.000398107,0.746,0.7,0.8,0.452,0.4,0.5,2120000.0,10200.0,1050000.0,1.0,True,0.01,0.95,10.0,39600.0,0.938,0.139
2369,1 - 1 - 2022,19800.0,1.5198684153570663,1.3335216533675034,1.7782800679308082,0.000319,0.000251189,0.000398107,0.745,0.7,0.8,0.551,0.5,0.6,1830000.0,9500.0,912000.0,1.0,True,0.01,0.95,10.0,39600.0,0.938,0.139
2370,1 - 1 - 2022,19800.0,1.5491933384829668,1.3335216533675034,1.7782800679308082,0.000321,0.000251189,0.000398107,0.747,0.7,0.8,0.645,0.6,0.7,1440000.0,8430.0,738000.0,1.0,True,0.01,0.95,10.0,39600.0,0.938,0.139
2371,1 - 1 - 2022,19800.0,1.5362291495737217,1.3335216533675034,1.7782800679308082,0.000326,0.000251189,0.000398107,0.746,0.7,0.8,0.75,0.7,0.8,1070000.0,7270.0,586000.0,1.0,True,0.01,0.95,10.0,39600.0,0.938,0.139
2372,1 - 1 - 2022,19800.0,1.5066519173319364,1.3335216533675034,1.7782800679308082,0.000313,0.000251189,0.000398107,0.748,0.7,0.8,0.846,0.8,0.9,782000.0,6200.0,347000.0,1.0,True,0.01,0.95,10.0,39600.0,0.938,0.139
2373,1 - 1 - 2022,19800.0,1.5362291495737217,1.3335216533675034,1.7782800679308082,0.000318,0.000251189,0.000398107,0.748,0.7,0.8,0.937,0.9,1.0,423000.0,4560.0,228000.0,1.0,True,0.01,0.95,10.0,39600.0,0.938,0.139
2374,1 - 1 - 2022,19800.0,1.5524174696260025,1.3335216533675034,1.7782800679308082,0.000325,0.000251189,0.000398107,0.745,0.7,0.8,1.16,1.0,1.5,159000.0,1250.0,80300.0,1.0,True,0.01,0.95,10.0,39600.0,0.938,0.139
2375,1 - 1 - 2022,19800.0,1.5652475842498528,1.3335216533675034,1.7782800679308082,0.000329,0.000251189,0.000398107,0.745,0.7,0.8,1.71,1.5,2.0,32600.0,566.0,19500.0,1.0,True,0.01,0.95,10.0,39600.0,0.938,0.139
2376,1 - 1 - 2022,19800.0,1.4966629547095767,1.3335216533675034,1.7782800679308082,0.00032,0.000251189,0.000398107,0.749,0.7,0.8,2.61,2.0,4.0,8690.0,146.0,4890.0,1.0,True,0.01,0.95,10.0,39600.0,0.938,0.139
2377,1 - 1 - 2022,19800.0,1.5394804318340654,1.3335216533675034,1.7782800679308082,0.000349,0.000251189,0.000398107,0.86,0.8,0.9,0.0401,0.0,0.05,152000.0,3870.0,109000.0,1.0,True,0.01,0.95,10.0,39600.0,0.938,0.139
2378,1 - 1 - 2022,19800.0,1.5198684153570663,1.3335216533675034,1.7782800679308082,0.000298,0.000251189,0.000398107,0.841,0.8,0.9,0.0755,0.05,0.1,347000.0,5840.0,261000.0,1.0,True,0.01,0.95,10.0,39600.0,0.938,0.139
2379,1 - 1 - 2022,19800.0,1.47648230602334,1.3335216533675034,1.7782800679308082,0.000313,0.000251189,0.000398107,0.847,0.8,0.9,0.157,0.1,0.2,554000.0,5220.0,337000.0,1.0,True,0.01,0.95,10.0,39600.0,0.938,0.139
2380,1 - 1 - 2022,19800.0,1.5,1.3335216533675034,1.7782800679308082,0.000322,0.000251189,0.000398107,0.849,0.8,0.9,0.25,0.2,0.3,944000.0,6820.0,565000.0,1.0,True,0.01,0.95,10.0,39600.0,0.938,0.139
2381,1 - 1 - 2022,19800.0,1.5394804318340654,1.3335216533675034,1.7782800679308082,0.000318,0.000251189,0.000398107,0.841,0.8,0.9,0.35,0.3,0.4,944000.0,6820.0,695000.0,1.0,True,0.01,0.95,10.0,39600.0,0.938,0.139
2382,1 - 1 - 2022,19800.0,1.4966629547095767,1.3335216533675034,1.7782800679308082,0.000318,0.000251189,0.000398107,0.839,0.8,0.9,0.449,0.4,0.5,1060000.0,7230.0,608000.0,1.0,True,0.01,0.95,10.0,39600.0,0.938,0.139
2383,1 - 1 - 2022,19800.0,1.5264337522473748,1.3335216533675034,1.7782800679308082,0.000323,0.000251189,0.000398107,0.85,0.8,0.9,0.548,0.5,0.6,988000.0,6970.0,630000.0,1.0,True,0.01,0.95,10.0,39600.0,0.938,0.139
2384,1 - 1 - 2022,19800.0,1.5427248620541512,1.3335216533675034,1.7782800679308082,0.00033,0.000251189,0.000398107,0.848,0.8,0.9,0.648,0.6,0.7,782000.0,6200.0,499000.0,1.0,True,0.01,0.95,10.0,39600.0,0.938,0.139
2385,1 - 1 - 2022,19800.0,1.5491933384829668,1.3335216533675034,1.7782800679308082,0.000318,0.000251189,0.000398107,0.842,0.8,0.9,0.745,0.7,0.8,597000.0,5420.0,423000.0,1.0,True,0.01,0.95,10.0,39600.0,0.938,0.139
2386,1 - 1 - 2022,19800.0,1.5231546211727816,1.3335216533675034,1.7782800679308082,0.000323,0.000251189,0.000398107,0.844,0.8,0.9,0.853,0.8,0.9,358000.0,4200.0,239000.0,1.0,True,0.01,0.95,10.0,39600.0,0.938,0.139
2387,1 - 1 - 2022,19800.0,1.5362291495737217,1.3335216533675034,1.7782800679308082,0.000307,0.000251189,0.000398107,0.844,0.8,0.9,0.949,0.9,1.0,174000.0,2920.0,152000.0,1.0,True,0.01,0.95,10.0,39600.0,0.938,0.139
2388,1 - 1 - 2022,19800.0,1.4798648586948742,1.3335216533675034,1.7782800679308082,0.000321,0.000251189,0.000398107,0.839,0.8,0.9,1.2,1.0,1.5,86800.0,924.0,47800.0,1.0,True,0.01,0.95,10.0,39600.0,0.938,0.139
2389,1 - 1 - 2022,19800.0,1.4966629547095767,1.3335216533675034,1.7782800679308082,0.000353,0.000251189,0.000398107,0.85,0.8,0.9,1.76,1.5,2.0,13000.0,358.0,6510.0,1.0,True,0.01,0.95,10.0,39600.0,0.938,0.139
2390,1 - 1 - 2022,19800.0,1.5905973720586866,1.3335216533675034,1.7782800679308082,0.000322,0.000251189,0.000398107,0.824,0.8,0.9,2.32,2.0,4.0,4340.0,103.0,3800.0,1.0,True,0.01,0.95,10.0,39600.0,0.938,0.139
2391,1 - 1 - 2022,19800.0,1.606237840420901,1.3335216533675034,1.7782800679308082,0.000364,0.000251189,0.000398107,0.907,0.9,1.0,0.0326,0.0,0.05,43400.0,2070.0,21700.0,1.0,True,0.01,0.95,10.0,39600.0,0.938,0.139
2392,1 - 1 - 2022,19800.0,1.445683229480096,1.3335216533675034,1.7782800679308082,0.000299,0.000251189,0.000398107,0.929,0.9,1.0,0.0728,0.05,0.1,86800.0,2920.0,65100.0,1.0,True,0.01,0.95,10.0,39600.0,0.938,0.139
2393,1 - 1 - 2022,19800.0,1.5297058540778354,1.3335216533675034,1.7782800679308082,0.000332,0.000251189,0.000398107,0.935,0.9,1.0,0.147,0.1,0.2,206000.0,3190.0,152000.0,1.0,True,0.01,0.95,10.0,39600.0,0.938,0.139
2394,1 - 1 - 2022,19800.0,1.51657508881031,1.3335216533675034,1.7782800679308082,0.000312,0.000251189,0.000398107,0.934,0.9,1.0,0.241,0.2,0.3,402000.0,4440.0,326000.0,1.0,True,0.01,0.95,10.0,39600.0,0.938,0.139
2395,1 - 1 - 2022,19800.0,1.5231546211727816,1.3335216533675034,1.7782800679308082,0.000317,0.000251189,0.000398107,0.927,0.9,1.0,0.345,0.3,0.4,402000.0,4440.0,347000.0,1.0,True,0.01,0.95,10.0,39600.0,0.938,0.139
2396,1 - 1 - 2022,19800.0,1.4966629547095767,1.3335216533675034,1.7782800679308082,0.000329,0.000251189,0.000398107,0.932,0.9,1.0,0.448,0.4,0.5,489000.0,4900.0,358000.0,1.0,True,0.01,0.95,10.0,39600.0,0.938,0.139
2397,1 - 1 - 2022,19800.0,1.5231546211727816,1.3335216533675034,1.7782800679308082,0.000321,0.000251189,0.000398107,0.937,0.9,1.0,0.558,0.5,0.6,261000.0,3580.0,195000.0,1.0,True,0.01,0.95,10.0,39600.0,0.938,0.139
2398,1 - 1 - 2022,19800.0,1.5491933384829668,1.3335216533675034,1.7782800679308082,0.000313,0.000251189,0.000398107,0.933,0.9,1.0,0.642,0.6,0.7,261000.0,3580.0,228000.0,1.0,True,0.01,0.95,10.0,39600.0,0.938,0.139
2399,1 - 1 - 2022,19800.0,1.5132745950421556,1.3335216533675034,1.7782800679308082,0.000335,0.000251189,0.000398107,0.928,0.9,1.0,0.753,0.7,0.8,261000.0,3580.0,206000.0,1.0,True,0.01,0.95,10.0,39600.0,0.938,0.139
2400,1 - 1 - 2022,19800.0,1.47648230602334,1.3335216533675034,1.7782800679308082,0.000312,0.000251189,0.000398107,0.934,0.9,1.0,0.858,0.8,0.9,130000.0,2530.0,109000.0,1.0,True,0.01,0.95,10.0,39600.0,0.938,0.139
2401,1 - 1 - 2022,19800.0,1.5297058540778354,1.3335216533675034,1.7782800679308082,0.000306,0.000251189,0.000398107,0.934,0.9,1.0,0.938,0.9,1.0,163000.0,2830.0,152000.0,1.0,True,0.01,0.95,10.0,39600.0,0.938,0.139
2402,1 - 1 - 2022,19800.0,1.5459624833740306,1.3335216533675034,1.7782800679308082,0.000504,0.000398107,0.000630957,0.0224,0.0,0.05,0.0786,0.05,0.1,110000000.0,117000.0,110000000.0,1.0,True,0.01,0.95,10.0,39600.0,0.938,0.139
2403,1 - 1 - 2022,19800.0,1.5394804318340654,1.3335216533675034,1.7782800679308082,0.000502,0.000398107,0.000630957,0.0188,0.0,0.05,0.156,0.1,0.2,253000000.0,125000.0,211000000.0,1.0,True,0.01,0.95,10.0,39600.0,0.938,0.139
2404,1 - 1 - 2022,19800.0,1.5394804318340654,1.3335216533675034,1.7782800679308082,0.000502,0.000398107,0.000630957,0.0173,0.0,0.05,0.251,0.2,0.3,360000000.0,149000.0,236000000.0,1.0,True,0.01,0.95,10.0,39600.0,0.938,0.139
2405,1 - 1 - 2022,19800.0,1.5394804318340654,1.3335216533675034,1.7782800679308082,0.000502,0.000398107,0.000630957,0.017,0.0,0.05,0.349,0.3,0.4,375000000.0,153000.0,204000000.0,1.0,True,0.01,0.95,10.0,39600.0,0.938,0.139
2406,1 - 1 - 2022,19800.0,1.5394804318340654,1.3335216533675034,1.7782800679308082,0.000503,0.000398107,0.000630957,0.0169,0.0,0.05,0.448,0.4,0.5,320000000.0,141000.0,144000000.0,1.0,True,0.01,0.95,10.0,39600.0,0.938,0.139
2407,1 - 1 - 2022,19800.0,1.5394804318340654,1.3335216533675034,1.7782800679308082,0.000503,0.000398107,0.000630957,0.0172,0.0,0.05,0.548,0.5,0.6,249000000.0,124000.0,99300000.0,1.0,True,0.01,0.95,10.0,39600.0,0.938,0.139
2408,1 - 1 - 2022,19800.0,1.5394804318340654,1.3335216533675034,1.7782800679308082,0.000503,0.000398107,0.000630957,0.0173,0.0,0.05,0.647,0.6,0.7,179000000.0,105000.0,57900000.0,1.0,True,0.01,0.95,10.0,39600.0,0.938,0.139
2409,1 - 1 - 2022,19800.0,1.5394804318340654,1.3335216533675034,1.7782800679308082,0.000503,0.000398107,0.000630957,0.0179,0.0,0.05,0.747,0.7,0.8,117000000.0,85300.0,29300000.0,1.0,True,0.01,0.95,10.0,39600.0,0.938,0.139
2410,1 - 1 - 2022,19800.0,1.5394804318340654,1.3335216533675034,1.7782800679308082,0.000504,0.000398107,0.000630957,0.0184,0.0,0.05,0.847,0.8,0.9,78200000.0,69700.0,14400000.0,1.0,True,0.01,0.95,10.0,39600.0,0.938,0.139
2411,1 - 1 - 2022,19800.0,1.5427248620541512,1.3335216533675034,1.7782800679308082,0.000501,0.000398107,0.000630957,0.0188,0.0,0.05,0.948,0.9,1.0,50000000.0,55700.0,7080000.0,1.0,True,0.01,0.95,10.0,39600.0,0.938,0.139
2412,1 - 1 - 2022,19800.0,1.5427248620541512,1.3335216533675034,1.7782800679308082,0.000502,0.000398107,0.000630957,0.0203,0.0,0.05,1.16,1.0,1.5,14600000.0,13500.0,1610000.0,1.0,True,0.01,0.95,10.0,39600.0,0.938,0.139
2413,1 - 1 - 2022,19800.0,1.5491933384829668,1.3335216533675034,1.7782800679308082,0.000501,0.000398107,0.000630957,0.0244,0.0,0.05,1.68,1.5,2.0,1950000.0,4920.0,123000.0,1.0,True,0.01,0.95,10.0,39600.0,0.938,0.139
2414,1 - 1 - 2022,19800.0,1.5329709716755893,1.3335216533675034,1.7782800679308082,0.000489,0.000398107,0.000630957,0.0281,0.0,0.05,2.41,2.0,4.0,144000.0,668.0,8900.0,1.0,True,0.01,0.95,10.0,39600.0,0.938,0.139
2415,1 - 1 - 2022,19800.0,1.5329709716755893,1.3335216533675034,1.7782800679308082,0.000508,0.000398107,0.000630957,0.0726,0.05,0.1,0.0783,0.05,0.1,46000000.0,75600.0,46000000.0,1.0,True,0.01,0.95,10.0,39600.0,0.938,0.139
2416,1 - 1 - 2022,19800.0,1.5297058540778354,1.3335216533675034,1.7782800679308082,0.000505,0.000398107,0.000630957,0.0721,0.05,0.1,0.154,0.1,0.2,78800000.0,69900.0,78400000.0,1.0,True,0.01,0.95,10.0,39600.0,0.938,0.139
2417,1 - 1 - 2022,19800.0,1.5362291495737217,1.3335216533675034,1.7782800679308082,0.000506,0.000398107,0.000630957,0.0725,0.05,0.1,0.251,0.2,0.3,102000000.0,79700.0,101000000.0,1.0,True,0.01,0.95,10.0,39600.0,0.938,0.139
2418,1 - 1 - 2022,19800.0,1.5362291495737217,1.3335216533675034,1.7782800679308082,0.000506,0.000398107,0.000630957,0.0721,0.05,0.1,0.35,0.3,0.4,105000000.0,80800.0,92500000.0,1.0,True,0.01,0.95,10.0,39600.0,0.938,0.139
2419,1 - 1 - 2022,19800.0,1.5329709716755893,1.3335216533675034,1.7782800679308082,0.000506,0.000398107,0.000630957,0.0723,0.05,0.1,0.448,0.4,0.5,90100000.0,74800.0,47700000.0,1.0,True,0.01,0.95,10.0,39600.0,0.938,0.139
2420,1 - 1 - 2022,19800.0,1.5362291495737217,1.3335216533675034,1.7782800679308082,0.000505,0.000398107,0.000630957,0.0724,0.05,0.1,0.548,0.5,0.6,70700000.0,66200.0,23500000.0,1.0,True,0.01,0.95,10.0,39600.0,0.938,0.139
2421,1 - 1 - 2022,19800.0,1.5297058540778354,1.3335216533675034,1.7782800679308082,0.000506,0.000398107,0.000630957,0.0726,0.05,0.1,0.647,0.6,0.7,53000000.0,57400.0,17600000.0,1.0,True,0.01,0.95,10.0,39600.0,0.938,0.139
2422,1 - 1 - 2022,19800.0,1.5362291495737217,1.3335216533675034,1.7782800679308082,0.000504,0.000398107,0.000630957,0.0719,0.05,0.1,0.747,0.7,0.8,38200000.0,48700.0,10100000.0,1.0,True,0.01,0.95,10.0,39600.0,0.938,0.139
2423,1 - 1 - 2022,19800.0,1.5362291495737217,1.3335216533675034,1.7782800679308082,0.000505,0.000398107,0.000630957,0.0722,0.05,0.1,0.846,0.8,0.9,27900000.0,41600.0,4990000.0,1.0,True,0.01,0.95,10.0,39600.0,0.938,0.139
2424,1 - 1 - 2022,19800.0,1.5394804318340654,1.3335216533675034,1.7782800679308082,0.000503,0.000398107,0.000630957,0.0725,0.05,0.1,0.946,0.9,1.0,17900000.0,33400.0,1030000.0,1.0,True,0.01,0.95,10.0,39600.0,0.938,0.139
2425,1 - 1 - 2022,19800.0,1.5329709716755893,1.3335216533675034,1.7782800679308082,0.000504,0.000398107,0.000630957,0.0732,0.05,0.1,1.18,1.0,1.5,6270000.0,8820.0,38400.0,1.0,True,0.01,0.95,10.0,39600.0,0.938,0.139
2426,1 - 1 - 2022,19800.0,1.5394804318340654,1.3335216533675034,1.7782800679308082,0.000503,0.000398107,0.000630957,0.0727,0.05,0.1,1.7,1.5,2.0,1240000.0,3920.0,0.0,1.0,True,0.01,0.95,10.0,39600.0,0.938,0.139
2427,1 - 1 - 2022,19800.0,1.5588457268119895,1.3335216533675034,1.7782800679308082,0.000498,0.000398107,0.000630957,0.075,0.05,0.1,2.47,2.0,4.0,154000.0,692.0,0.0,1.0,True,0.01,0.95,10.0,39600.0,0.938,0.139
2428,1 - 1 - 2022,19800.0,1.5198684153570663,1.3335216533675034,1.7782800679308082,0.000504,0.000398107,0.000630957,0.122,0.1,0.15,0.0334,0.0,0.05,7890000.0,31300.0,7840000.0,1.0,True,0.01,0.95,10.0,39600.0,0.938,0.139
2429,1 - 1 - 2022,19800.0,1.5362291495737217,1.3335216533675034,1.7782800679308082,0.000503,0.000398107,0.000630957,0.123,0.1,0.15,0.0776,0.05,0.1,26300000.0,57200.0,25200000.0,1.0,True,0.01,0.95,10.0,39600.0,0.938,0.139
2430,1 - 1 - 2022,19800.0,1.5394804318340654,1.3335216533675034,1.7782800679308082,0.000505,0.000398107,0.000630957,0.123,0.1,0.15,0.153,0.1,0.2,45800000.0,53300.0,41200000.0,1.0,True,0.01,0.95,10.0,39600.0,0.938,0.139
2431,1 - 1 - 2022,19800.0,1.5394804318340654,1.3335216533675034,1.7782800679308082,0.000506,0.000398107,0.000630957,0.123,0.1,0.15,0.252,0.2,0.3,59900000.0,61000.0,48600000.0,1.0,True,0.01,0.95,10.0,39600.0,0.938,0.139
2432,1 - 1 - 2022,19800.0,1.5394804318340654,1.3335216533675034,1.7782800679308082,0.000506,0.000398107,0.000630957,0.123,0.1,0.15,0.349,0.3,0.4,60300000.0,61200.0,38200000.0,1.0,True,0.01,0.95,10.0,39600.0,0.938,0.139
2433,1 - 1 - 2022,19800.0,1.5362291495737217,1.3335216533675034,1.7782800679308082,0.000506,0.000398107,0.000630957,0.123,0.1,0.15,0.448,0.4,0.5,51800000.0,56700.0,23500000.0,1.0,True,0.01,0.95,10.0,39600.0,0.938,0.139
2434,1 - 1 - 2022,19800.0,1.5329709716755893,1.3335216533675034,1.7782800679308082,0.000506,0.000398107,0.000630957,0.123,0.1,0.15,0.548,0.5,0.6,43000000.0,51700.0,17600000.0,1.0,True,0.01,0.95,10.0,39600.0,0.938,0.139
2435,1 - 1 - 2022,19800.0,1.5362291495737217,1.3335216533675034,1.7782800679308082,0.000503,0.000398107,0.000630957,0.124,0.1,0.15,0.647,0.6,0.7,33100000.0,45300.0,11500000.0,1.0,True,0.01,0.95,10.0,39600.0,0.938,0.139
2436,1 - 1 - 2022,19800.0,1.5329709716755893,1.3335216533675034,1.7782800679308082,0.000504,0.000398107,0.000630957,0.123,0.1,0.15,0.747,0.7,0.8,23600000.0,38300.0,5820000.0,1.0,True,0.01,0.95,10.0,39600.0,0.938,0.139
2437,1 - 1 - 2022,19800.0,1.5362291495737217,1.3335216533675034,1.7782800679308082,0.000507,0.000398107,0.000630957,0.124,0.1,0.15,0.847,0.8,0.9,16700000.0,32200.0,3850000.0,1.0,True,0.01,0.95,10.0,39600.0,0.938,0.139
2438,1 - 1 - 2022,19800.0,1.5394804318340654,1.3335216533675034,1.7782800679308082,0.00051,0.000398107,0.000630957,0.123,0.1,0.15,0.948,0.9,1.0,11600000.0,26800.0,630000.0,1.0,True,0.01,0.95,10.0,39600.0,0.938,0.139
2439,1 - 1 - 2022,19800.0,1.5394804318340654,1.3335216533675034,1.7782800679308082,0.000508,0.000398107,0.000630957,0.124,0.1,0.15,1.19,1.0,1.5,4520000.0,7490.0,8220.0,1.0,True,0.01,0.95,10.0,39600.0,0.938,0.139
2440,1 - 1 - 2022,19800.0,1.5491933384829668,1.3335216533675034,1.7782800679308082,0.000504,0.000398107,0.000630957,0.125,0.1,0.15,1.7,1.5,2.0,1080000.0,3660.0,0.0,1.0,True,0.01,0.95,10.0,39600.0,0.938,0.139
2441,1 - 1 - 2022,19800.0,1.5620499351813308,1.3335216533675034,1.7782800679308082,0.000506,0.000398107,0.000630957,0.126,0.1,0.15,2.52,2.0,4.0,120000.0,610.0,6160.0,1.0,True,0.01,0.95,10.0,39600.0,0.938,0.139
2442,1 - 1 - 2022,19800.0,1.5329709716755893,1.3335216533675034,1.7782800679308082,0.000511,0.000398107,0.000630957,0.172,0.15,0.2,0.0339,0.0,0.05,5620000.0,26400.0,5100000.0,1.0,True,0.01,0.95,10.0,39600.0,0.938,0.139
2443,1 - 1 - 2022,19800.0,1.5427248620541512,1.3335216533675034,1.7782800679308082,0.000505,0.000398107,0.000630957,0.173,0.15,0.2,0.0775,0.05,0.1,16900000.0,45800.0,14800000.0,1.0,True,0.01,0.95,10.0,39600.0,0.938,0.139
2444,1 - 1 - 2022,19800.0,1.5362291495737217,1.3335216533675034,1.7782800679308082,0.000508,0.000398107,0.000630957,0.173,0.15,0.2,0.154,0.1,0.2,28200000.0,41800.0,24900000.0,1.0,True,0.01,0.95,10.0,39600.0,0.938,0.139
2445,1 - 1 - 2022,19800.0,1.5362291495737217,1.3335216533675034,1.7782800679308082,0.000505,0.000398107,0.000630957,0.173,0.15,0.2,0.252,0.2,0.3,38600000.0,48900.0,31400000.0,1.0,True,0.01,0.95,10.0,39600.0,0.938,0.139
2446,1 - 1 - 2022,19800.0,1.5394804318340654,1.3335216533675034,1.7782800679308082,0.000504,0.000398107,0.000630957,0.174,0.15,0.2,0.35,0.3,0.4,37900000.0,48500.0,28400000.0,1.0,True,0.01,0.95,10.0,39600.0,0.938,0.139
2447,1 - 1 - 2022,19800.0,1.5362291495737217,1.3335216533675034,1.7782800679308082,0.000507,0.000398107,0.000630957,0.173,0.15,0.2,0.448,0.4,0.5,35200000.0,46700.0,22000000.0,1.0,True,0.01,0.95,10.0,39600.0,0.938,0.139
2448,1 - 1 - 2022,19800.0,1.5394804318340654,1.3335216533675034,1.7782800679308082,0.000505,0.000398107,0.000630957,0.174,0.15,0.2,0.549,0.5,0.6,29000000.0,42400.0,15100000.0,1.0,True,0.01,0.95,10.0,39600.0,0.938,0.139
2449,1 - 1 - 2022,19800.0,1.5427248620541512,1.3335216533675034,1.7782800679308082,0.000505,0.000398107,0.000630957,0.173,0.15,0.2,0.648,0.6,0.7,22000000.0,37000.0,7600000.0,1.0,True,0.01,0.95,10.0,39600.0,0.938,0.139
2450,1 - 1 - 2022,19800.0,1.5362291495737217,1.3335216533675034,1.7782800679308082,0.000502,0.000398107,0.000630957,0.174,0.15,0.2,0.748,0.7,0.8,16600000.0,32100.0,4260000.0,1.0,True,0.01,0.95,10.0,39600.0,0.938,0.139
2451,1 - 1 - 2022,19800.0,1.5394804318340654,1.3335216533675034,1.7782800679308082,0.000507,0.000398107,0.000630957,0.175,0.15,0.2,0.846,0.8,0.9,11800000.0,27000.0,1890000.0,1.0,True,0.01,0.95,10.0,39600.0,0.938,0.139
2452,1 - 1 - 2022,19800.0,1.5394804318340654,1.3335216533675034,1.7782800679308082,0.000503,0.000398107,0.000630957,0.175,0.15,0.2,0.946,0.9,1.0,8120000.0,22500.0,575000.0,1.0,True,0.01,0.95,10.0,39600.0,0.938,0.139
2453,1 - 1 - 2022,19800.0,1.5394804318340654,1.3335216533675034,1.7782800679308082,0.000508,0.000398107,0.000630957,0.173,0.15,0.2,1.19,1.0,1.5,3410000.0,6500.0,2740.0,1.0,True,0.01,0.95,10.0,39600.0,0.938,0.139
2454,1 - 1 - 2022,19800.0,1.5362291495737217,1.3335216533675034,1.7782800679308082,0.000508,0.000398107,0.000630957,0.173,0.15,0.2,1.71,1.5,2.0,817000.0,3180.0,0.0,1.0,True,0.01,0.95,10.0,39600.0,0.938,0.139
2455,1 - 1 - 2022,19800.0,1.5491933384829668,1.3335216533675034,1.7782800679308082,0.0005,0.000398107,0.000630957,0.175,0.15,0.2,2.53,2.0,4.0,107000.0,576.0,11000.0,1.0,True,0.01,0.95,10.0,39600.0,0.938,0.139
2456,1 - 1 - 2022,19800.0,1.5652475842498528,1.3335216533675034,1.7782800679308082,0.0005,0.000398107,0.000630957,0.226,0.2,0.25,0.0334,0.0,0.05,3290000.0,20200.0,3180000.0,1.0,True,0.01,0.95,10.0,39600.0,0.938,0.139
2457,1 - 1 - 2022,19800.0,1.5329709716755893,1.3335216533675034,1.7782800679308082,0.000505,0.000398107,0.000630957,0.223,0.2,0.25,0.076,0.05,0.1,11300000.0,37400.0,10800000.0,1.0,True,0.01,0.95,10.0,39600.0,0.938,0.139
2458,1 - 1 - 2022,19800.0,1.5394804318340654,1.3335216533675034,1.7782800679308082,0.000511,0.000398107,0.000630957,0.223,0.2,0.25,0.154,0.1,0.2,19900000.0,35200.0,19300000.0,1.0,True,0.01,0.95,10.0,39600.0,0.938,0.139
2459,1 - 1 - 2022,19800.0,1.5427248620541512,1.3335216533675034,1.7782800679308082,0.000503,0.000398107,0.000630957,0.223,0.2,0.25,0.251,0.2,0.3,25500000.0,39800.0,24300000.0,1.0,True,0.01,0.95,10.0,39600.0,0.938,0.139
2460,1 - 1 - 2022,19800.0,1.5362291495737217,1.3335216533675034,1.7782800679308082,0.000506,0.000398107,0.000630957,0.224,0.2,0.25,0.35,0.3,0.4,27700000.0,41500.0,24000000.0,1.0,True,0.01,0.95,10.0,39600.0,0.938,0.139
2461,1 - 1 - 2022,19800.0,1.5394804318340654,1.3335216533675034,1.7782800679308082,0.000507,0.000398107,0.000630957,0.223,0.2,0.25,0.449,0.4,0.5,24300000.0,38800.0,17800000.0,1.0,True,0.01,0.95,10.0,39600.0,0.938,0.139
2462,1 - 1 - 2022,19800.0,1.5459624833740306,1.3335216533675034,1.7782800679308082,0.000504,0.000398107,0.000630957,0.223,0.2,0.25,0.548,0.5,0.6,20400000.0,35600.0,12200000.0,1.0,True,0.01,0.95,10.0,39600.0,0.938,0.139
2463,1 - 1 - 2022,19800.0,1.5394804318340654,1.3335216533675034,1.7782800679308082,0.000505,0.000398107,0.000630957,0.224,0.2,0.25,0.647,0.6,0.7,16300000.0,31800.0,7700000.0,1.0,True,0.01,0.95,10.0,39600.0,0.938,0.139
2464,1 - 1 - 2022,19800.0,1.5524174696260025,1.3335216533675034,1.7782800679308082,0.000507,0.000398107,0.000630957,0.224,0.2,0.25,0.748,0.7,0.8,12000000.0,27300.0,4520000.0,1.0,True,0.01,0.95,10.0,39600.0,0.938,0.139
2465,1 - 1 - 2022,19800.0,1.5329709716755893,1.3335216533675034,1.7782800679308082,0.000507,0.000398107,0.000630957,0.224,0.2,0.25,0.847,0.8,0.9,9160000.0,23800.0,2420000.0,1.0,True,0.01,0.95,10.0,39600.0,0.938,0.139
2466,1 - 1 - 2022,19800.0,1.5362291495737217,1.3335216533675034,1.7782800679308082,0.000506,0.000398107,0.000630957,0.223,0.2,0.25,0.948,0.9,1.0,5770000.0,18900.0,795000.0,1.0,True,0.01,0.95,10.0,39600.0,0.938,0.139
2467,1 - 1 - 2022,19800.0,1.5394804318340654,1.3335216533675034,1.7782800679308082,0.000509,0.000398107,0.000630957,0.223,0.2,0.25,1.19,1.0,1.5,2610000.0,5690.0,82200.0,1.0,True,0.01,0.95,10.0,39600.0,0.938,0.139
2468,1 - 1 - 2022,19800.0,1.5491933384829668,1.3335216533675034,1.7782800679308082,0.000503,0.000398107,0.000630957,0.225,0.2,0.25,1.71,1.5,2.0,647000.0,2830.0,0.0,1.0,True,0.01,0.95,10.0,39600.0,0.938,0.139
2469,1 - 1 - 2022,19800.0,1.5459624833740306,1.3335216533675034,1.7782800679308082,0.000507,0.000398107,0.000630957,0.225,0.2,0.25,2.47,2.0,4.0,88400.0,524.0,4790.0,1.0,True,0.01,0.95,10.0,39600.0,0.938,0.139
2470,1 - 1 - 2022,19800.0,1.5491933384829668,1.3335216533675034,1.7782800679308082,0.000498,0.000398107,0.000630957,0.273,0.25,0.3,0.0347,0.0,0.05,2580000.0,17900.0,2270000.0,1.0,True,0.01,0.95,10.0,39600.0,0.938,0.139
2471,1 - 1 - 2022,19800.0,1.5427248620541512,1.3335216533675034,1.7782800679308082,0.000509,0.000398107,0.000630957,0.274,0.25,0.3,0.0762,0.05,0.1,7400000.0,30300.0,6960000.0,1.0,True,0.01,0.95,10.0,39600.0,0.938,0.139
2472,1 - 1 - 2022,19800.0,1.5297058540778354,1.3335216533675034,1.7782800679308082,0.000507,0.000398107,0.000630957,0.274,0.25,0.3,0.153,0.1,0.2,14100000.0,29600.0,13300000.0,1.0,True,0.01,0.95,10.0,39600.0,0.938,0.139
2473,1 - 1 - 2022,19800.0,1.5394804318340654,1.3335216533675034,1.7782800679308082,0.000502,0.000398107,0.000630957,0.274,0.25,0.3,0.251,0.2,0.3,18900000.0,34200.0,16600000.0,1.0,True,0.01,0.95,10.0,39600.0,0.938,0.139
2474,1 - 1 - 2022,19800.0,1.5362291495737217,1.3335216533675034,1.7782800679308082,0.000502,0.000398107,0.000630957,0.274,0.25,0.3,0.35,0.3,0.4,20100000.0,35300.0,16700000.0,1.0,True,0.01,0.95,10.0,39600.0,0.938,0.139
2475,1 - 1 - 2022,19800.0,1.5362291495737217,1.3335216533675034,1.7782800679308082,0.000507,0.000398107,0.000630957,0.274,0.25,0.3,0.449,0.4,0.5,18400000.0,33800.0,13900000.0,1.0,True,0.01,0.95,10.0,39600.0,0.938,0.139
2476,1 - 1 - 2022,19800.0,1.5491933384829668,1.3335216533675034,1.7782800679308082,0.000508,0.000398107,0.000630957,0.274,0.25,0.3,0.548,0.5,0.6,14000000.0,29500.0,8810000.0,1.0,True,0.01,0.95,10.0,39600.0,0.938,0.139
2477,1 - 1 - 2022,19800.0,1.5394804318340654,1.3335216533675034,1.7782800679308082,0.000503,0.000398107,0.000630957,0.274,0.25,0.3,0.648,0.6,0.7,11600000.0,26800.0,5790000.0,1.0,True,0.01,0.95,10.0,39600.0,0.938,0.139
2478,1 - 1 - 2022,19800.0,1.5491933384829668,1.3335216533675034,1.7782800679308082,0.000508,0.000398107,0.000630957,0.273,0.25,0.3,0.748,0.7,0.8,8430000.0,22900.0,3580000.0,1.0,True,0.01,0.95,10.0,39600.0,0.938,0.139
2479,1 - 1 - 2022,19800.0,1.5264337522473748,1.3335216533675034,1.7782800679308082,0.000511,0.000398107,0.000630957,0.274,0.25,0.3,0.848,0.8,0.9,6320000.0,19800.0,2040000.0,1.0,True,0.01,0.95,10.0,39600.0,0.938,0.139
2480,1 - 1 - 2022,19800.0,1.5394804318340654,1.3335216533675034,1.7782800679308082,0.000506,0.000398107,0.000630957,0.272,0.25,0.3,0.948,0.9,1.0,4300000.0,16300.0,904000.0,1.0,True,0.01,0.95,10.0,39600.0,0.938,0.139
2481,1 - 1 - 2022,19800.0,1.5459624833740306,1.3335216533675034,1.7782800679308082,0.000505,0.000398107,0.000630957,0.273,0.25,0.3,1.19,1.0,1.5,1940000.0,4910.0,140000.0,1.0,True,0.01,0.95,10.0,39600.0,0.938,0.139
2482,1 - 1 - 2022,19800.0,1.5264337522473748,1.3335216533675034,1.7782800679308082,0.000499,0.000398107,0.000630957,0.274,0.25,0.3,1.71,1.5,2.0,551000.0,2610.0,0.0,1.0,True,0.01,0.95,10.0,39600.0,0.938,0.139
2483,1 - 1 - 2022,19800.0,1.5652475842498528,1.3335216533675034,1.7782800679308082,0.000508,0.000398107,0.000630957,0.275,0.25,0.3,2.6,2.0,4.0,69200.0,463.0,3430.0,1.0,True,0.01,0.95,10.0,39600.0,0.938,0.139
2484,1 - 1 - 2022,19800.0,1.5264337522473748,1.3335216533675034,1.7782800679308082,0.000511,0.000398107,0.000630957,0.348,0.3,0.4,0.0327,0.0,0.05,1770000.0,10500.0,1230000.0,1.0,True,0.01,0.95,10.0,39600.0,0.938,0.139
2485,1 - 1 - 2022,19800.0,1.5329709716755893,1.3335216533675034,1.7782800679308082,0.000501,0.000398107,0.000630957,0.346,0.3,0.4,0.0772,0.05,0.1,5000000.0,17600.0,3260000.0,1.0,True,0.01,0.95,10.0,39600.0,0.938,0.139
2486,1 - 1 - 2022,19800.0,1.5362291495737217,1.3335216533675034,1.7782800679308082,0.000508,0.000398107,0.000630957,0.347,0.3,0.4,0.155,0.1,0.2,8690000.0,16400.0,5690000.0,1.0,True,0.01,0.95,10.0,39600.0,0.938,0.139
2487,1 - 1 - 2022,19800.0,1.5297058540778354,1.3335216533675034,1.7782800679308082,0.000505,0.000398107,0.000630957,0.344,0.3,0.4,0.251,0.2,0.3,12000000.0,19300.0,8000000.0,1.0,True,0.01,0.95,10.0,39600.0,0.938,0.139
2488,1 - 1 - 2022,19800.0,1.5329709716755893,1.3335216533675034,1.7782800679308082,0.000507,0.000398107,0.000630957,0.344,0.3,0.4,0.349,0.3,0.4,12600000.0,19800.0,7790000.0,1.0,True,0.01,0.95,10.0,39600.0,0.938,0.139
2489,1 - 1 - 2022,19800.0,1.5362291495737217,1.3335216533675034,1.7782800679308082,0.000506,0.000398107,0.000630957,0.346,0.3,0.4,0.448,0.4,0.5,11400000.0,18800.0,6270000.0,1.0,True,0.01,0.95,10.0,39600.0,0.938,0.139
2490,1 - 1 - 2022,19800.0,1.5459624833740306,1.3335216533675034,1.7782800679308082,0.000504,0.000398107,0.000630957,0.345,0.3,0.4,0.549,0.5,0.6,9740000.0,17400.0,4390000.0,1.0,True,0.01,0.95,10.0,39600.0,0.938,0.139
2491,1 - 1 - 2022,19800.0,1.5427248620541512,1.3335216533675034,1.7782800679308082,0.000504,0.000398107,0.000630957,0.345,0.3,0.4,0.648,0.6,0.7,7620000.0,15400.0,2960000.0,1.0,True,0.01,0.95,10.0,39600.0,0.938,0.139
2492,1 - 1 - 2022,19800.0,1.5459624833740306,1.3335216533675034,1.7782800679308082,0.000506,0.000398107,0.000630957,0.347,0.3,0.4,0.747,0.7,0.8,5500000.0,13100.0,1600000.0,1.0,True,0.01,0.95,10.0,39600.0,0.938,0.139
2493,1 - 1 - 2022,19800.0,1.5427248620541512,1.3335216533675034,1.7782800679308082,0.000509,0.000398107,0.000630957,0.344,0.3,0.4,0.845,0.8,0.9,4150000.0,11300.0,1140000.0,1.0,True,0.01,0.95,10.0,39600.0,0.938,0.139
2494,1 - 1 - 2022,19800.0,1.5427248620541512,1.3335216533675034,1.7782800679308082,0.000508,0.000398107,0.000630957,0.343,0.3,0.4,0.945,0.9,1.0,3010000.0,9670.0,562000.0,1.0,True,0.01,0.95,10.0,39600.0,0.938,0.139
2495,1 - 1 - 2022,19800.0,1.5459624833740306,1.3335216533675034,1.7782800679308082,0.000508,0.000398107,0.000630957,0.345,0.3,0.4,1.2,1.0,1.5,1250000.0,2780.0,122000.0,1.0,True,0.01,0.95,10.0,39600.0,0.938,0.139
2496,1 - 1 - 2022,19800.0,1.5394804318340654,1.3335216533675034,1.7782800679308082,0.000505,0.000398107,0.000630957,0.346,0.3,0.4,1.7,1.5,2.0,384000.0,1540.0,0.0,1.0,True,0.01,0.95,10.0,39600.0,0.938,0.139
2497,1 - 1 - 2022,19800.0,1.5652475842498528,1.3335216533675034,1.7782800679308082,0.000498,0.000398107,0.000630957,0.344,0.3,0.4,2.53,2.0,4.0,61600.0,309.0,2050.0,1.0,True,0.01,0.95,10.0,39600.0,0.938,0.139
2498,1 - 1 - 2022,19800.0,1.5459624833740306,1.3335216533675034,1.7782800679308082,0.000505,0.000398107,0.000630957,0.446,0.4,0.5,0.0346,0.0,0.05,1470000.0,9540.0,288000.0,1.0,True,0.01,0.95,10.0,39600.0,0.938,0.139
2499,1 - 1 - 2022,19800.0,1.5394804318340654,1.3335216533675034,1.7782800679308082,0.000505,0.000398107,0.000630957,0.446,0.4,0.5,0.0774,0.05,0.1,3530000.0,14800.0,767000.0,1.0,True,0.01,0.95,10.0,39600.0,0.938,0.139
2500,1 - 1 - 2022,19800.0,1.5297058540778354,1.3335216533675034,1.7782800679308082,0.000508,0.000398107,0.000630957,0.446,0.4,0.5,0.156,0.1,0.2,5490000.0,13000.0,1290000.0,1.0,True,0.01,0.95,10.0,39600.0,0.938,0.139
2501,1 - 1 - 2022,19800.0,1.5264337522473748,1.3335216533675034,1.7782800679308082,0.000508,0.000398107,0.000630957,0.444,0.4,0.5,0.251,0.2,0.3,7030000.0,14800.0,1690000.0,1.0,True,0.01,0.95,10.0,39600.0,0.938,0.139
2502,1 - 1 - 2022,19800.0,1.5231546211727816,1.3335216533675034,1.7782800679308082,0.000506,0.000398107,0.000630957,0.445,0.4,0.5,0.349,0.3,0.4,7040000.0,14800.0,1660000.0,1.0,True,0.01,0.95,10.0,39600.0,0.938,0.139
2503,1 - 1 - 2022,19800.0,1.5362291495737217,1.3335216533675034,1.7782800679308082,0.000507,0.000398107,0.000630957,0.446,0.4,0.5,0.448,0.4,0.5,6810000.0,14500.0,1280000.0,1.0,True,0.01,0.95,10.0,39600.0,0.938,0.139
2504,1 - 1 - 2022,19800.0,1.5427248620541512,1.3335216533675034,1.7782800679308082,0.00051,0.000398107,0.000630957,0.444,0.4,0.5,0.549,0.5,0.6,5530000.0,13100.0,1000000.0,1.0,True,0.01,0.95,10.0,39600.0,0.938,0.139
2505,1 - 1 - 2022,19800.0,1.5329709716755893,1.3335216533675034,1.7782800679308082,0.000508,0.000398107,0.000630957,0.446,0.4,0.5,0.646,0.6,0.7,4230000.0,11500.0,658000.0,1.0,True,0.01,0.95,10.0,39600.0,0.938,0.139
2506,1 - 1 - 2022,19800.0,1.5427248620541512,1.3335216533675034,1.7782800679308082,0.000505,0.000398107,0.000630957,0.444,0.4,0.5,0.749,0.7,0.8,3260000.0,10100.0,336000.0,1.0,True,0.01,0.95,10.0,39600.0,0.938,0.139
2507,1 - 1 - 2022,19800.0,1.5329709716755893,1.3335216533675034,1.7782800679308082,0.000505,0.000398107,0.000630957,0.449,0.4,0.5,0.846,0.8,0.9,2420000.0,8670.0,253000.0,1.0,True,0.01,0.95,10.0,39600.0,0.938,0.139
2508,1 - 1 - 2022,19800.0,1.5427248620541512,1.3335216533675034,1.7782800679308082,0.000509,0.000398107,0.000630957,0.448,0.4,0.5,0.948,0.9,1.0,1560000.0,6960.0,171000.0,1.0,True,0.01,0.95,10.0,39600.0,0.938,0.139
2509,1 - 1 - 2022,19800.0,1.5362291495737217,1.3335216533675034,1.7782800679308082,0.000503,0.000398107,0.000630957,0.443,0.4,0.5,1.2,1.0,1.5,632000.0,1980.0,43800.0,1.0,True,0.01,0.95,10.0,39600.0,0.938,0.139
2510,1 - 1 - 2022,19800.0,1.5427248620541512,1.3335216533675034,1.7782800679308082,0.000503,0.000398107,0.000630957,0.446,0.4,0.5,1.69,1.5,2.0,211000.0,1140.0,1370.0,1.0,True,0.01,0.95,10.0,39600.0,0.938,0.139
2511,1 - 1 - 2022,19800.0,1.5684387141358123,1.3335216533675034,1.7782800679308082,0.00051,0.000398107,0.000630957,0.446,0.4,0.5,2.59,2.0,4.0,35300.0,234.0,1710.0,1.0,True,0.01,0.95,10.0,39600.0,0.938,0.139
2512,1 - 1 - 2022,19800.0,1.5427248620541512,1.3335216533675034,1.7782800679308082,0.000511,0.000398107,0.000630957,0.54,0.5,0.6,0.032,0.0,0.05,726000.0,6710.0,27400.0,1.0,True,0.01,0.95,10.0,39600.0,0.938,0.139
2513,1 - 1 - 2022,19800.0,1.5362291495737217,1.3335216533675034,1.7782800679308082,0.00051,0.000398107,0.000630957,0.54,0.5,0.6,0.0781,0.05,0.1,2210000.0,11700.0,41100.0,1.0,True,0.01,0.95,10.0,39600.0,0.938,0.139
2514,1 - 1 - 2022,19800.0,1.5329709716755893,1.3335216533675034,1.7782800679308082,0.00051,0.000398107,0.000630957,0.547,0.5,0.6,0.151,0.1,0.2,3530000.0,10500.0,75300.0,1.0,True,0.01,0.95,10.0,39600.0,0.938,0.139
2515,1 - 1 - 2022,19800.0,1.5231546211727816,1.3335216533675034,1.7782800679308082,0.000505,0.000398107,0.000630957,0.545,0.5,0.6,0.25,0.2,0.3,3880000.0,11000.0,95900.0,1.0,True,0.01,0.95,10.0,39600.0,0.938,0.139
2516,1 - 1 - 2022,19800.0,1.5362291495737217,1.3335216533675034,1.7782800679308082,0.000503,0.000398107,0.000630957,0.546,0.5,0.6,0.348,0.3,0.4,4280000.0,11500.0,95900.0,1.0,True,0.01,0.95,10.0,39600.0,0.938,0.139
2517,1 - 1 - 2022,19800.0,1.5231546211727816,1.3335216533675034,1.7782800679308082,0.000503,0.000398107,0.000630957,0.548,0.5,0.6,0.447,0.4,0.5,3960000.0,11100.0,110000.0,1.0,True,0.01,0.95,10.0,39600.0,0.938,0.139
2518,1 - 1 - 2022,19800.0,1.5329709716755893,1.3335216533675034,1.7782800679308082,0.00051,0.000398107,0.000630957,0.544,0.5,0.6,0.548,0.5,0.6,3500000.0,10400.0,130000.0,1.0,True,0.01,0.95,10.0,39600.0,0.938,0.139
2519,1 - 1 - 2022,19800.0,1.5362291495737217,1.3335216533675034,1.7782800679308082,0.000507,0.000398107,0.000630957,0.545,0.5,0.6,0.648,0.6,0.7,2320000.0,8490.0,89000.0,1.0,True,0.01,0.95,10.0,39600.0,0.938,0.139
2520,1 - 1 - 2022,19800.0,1.5427248620541512,1.3335216533675034,1.7782800679308082,0.000508,0.000398107,0.000630957,0.545,0.5,0.6,0.746,0.7,0.8,1750000.0,7380.0,47900.0,1.0,True,0.01,0.95,10.0,39600.0,0.938,0.139
2521,1 - 1 - 2022,19800.0,1.5394804318340654,1.3335216533675034,1.7782800679308082,0.000507,0.000398107,0.000630957,0.546,0.5,0.6,0.845,0.8,0.9,1360000.0,6500.0,27400.0,1.0,True,0.01,0.95,10.0,39600.0,0.938,0.139
2522,1 - 1 - 2022,19800.0,1.5264337522473748,1.3335216533675034,1.7782800679308082,0.000505,0.000398107,0.000630957,0.546,0.5,0.6,0.95,0.9,1.0,979000.0,5510.0,47900.0,1.0,True,0.01,0.95,10.0,39600.0,0.938,0.139
2523,1 - 1 - 2022,19800.0,1.5362291495737217,1.3335216533675034,1.7782800679308082,0.000504,0.000398107,0.000630957,0.546,0.5,0.6,1.19,1.0,1.5,395000.0,1560.0,4110.0,1.0,True,0.01,0.95,10.0,39600.0,0.938,0.139
2524,1 - 1 - 2022,19800.0,1.5652475842498528,1.3335216533675034,1.7782800679308082,0.000508,0.000398107,0.000630957,0.539,0.5,0.6,1.71,1.5,2.0,119000.0,860.0,0.0,1.0,True,0.01,0.95,10.0,39600.0,0.938,0.139
2525,1 - 1 - 2022,19800.0,1.5231546211727816,1.3335216533675034,1.7782800679308082,0.000494,0.000398107,0.000630957,0.544,0.5,0.6,2.48,2.0,4.0,20200.0,177.0,1370.0,1.0,True,0.01,0.95,10.0,39600.0,0.938,0.139
2526,1 - 1 - 2022,19800.0,1.5066519173319364,1.3335216533675034,1.7782800679308082,0.000497,0.000398107,0.000630957,0.627,0.6,0.7,0.0337,0.0,0.05,192000.0,3450.0,0.0,1.0,True,0.01,0.95,10.0,39600.0,0.938,0.139
2527,1 - 1 - 2022,19800.0,1.5198684153570663,1.3335216533675034,1.7782800679308082,0.000504,0.000398107,0.000630957,0.634,0.6,0.7,0.0794,0.05,0.1,1160000.0,8500.0,0.0,1.0,True,0.01,0.95,10.0,39600.0,0.938,0.139
2528,1 - 1 - 2022,19800.0,1.5329709716755893,1.3335216533675034,1.7782800679308082,0.000504,0.000398107,0.000630957,0.641,0.6,0.7,0.153,0.1,0.2,1540000.0,6920.0,0.0,1.0,True,0.01,0.95,10.0,39600.0,0.938,0.139
2529,1 - 1 - 2022,19800.0,1.5264337522473748,1.3335216533675034,1.7782800679308082,0.000505,0.000398107,0.000630957,0.643,0.6,0.7,0.251,0.2,0.3,2130000.0,8130.0,0.0,1.0,True,0.01,0.95,10.0,39600.0,0.938,0.139
2530,1 - 1 - 2022,19800.0,1.5394804318340654,1.3335216533675034,1.7782800679308082,0.000506,0.000398107,0.000630957,0.644,0.6,0.7,0.348,0.3,0.4,2190000.0,8230.0,0.0,1.0,True,0.01,0.95,10.0,39600.0,0.938,0.139
2531,1 - 1 - 2022,19800.0,1.5231546211727816,1.3335216533675034,1.7782800679308082,0.000514,0.000398107,0.000630957,0.646,0.6,0.7,0.446,0.4,0.5,2330000.0,8500.0,0.0,1.0,True,0.01,0.95,10.0,39600.0,0.938,0.139
2532,1 - 1 - 2022,19800.0,1.5297058540778354,1.3335216533675034,1.7782800679308082,0.000503,0.000398107,0.000630957,0.646,0.6,0.7,0.551,0.5,0.6,1900000.0,7690.0,0.0,1.0,True,0.01,0.95,10.0,39600.0,0.938,0.139
2533,1 - 1 - 2022,19800.0,1.5427248620541512,1.3335216533675034,1.7782800679308082,0.000507,0.000398107,0.000630957,0.643,0.6,0.7,0.646,0.6,0.7,1530000.0,6880.0,6850.0,1.0,True,0.01,0.95,10.0,39600.0,0.938,0.139
2534,1 - 1 - 2022,19800.0,1.5427248620541512,1.3335216533675034,1.7782800679308082,0.000514,0.000398107,0.000630957,0.649,0.6,0.7,0.743,0.7,0.8,1080000.0,5780.0,34300.0,1.0,True,0.01,0.95,10.0,39600.0,0.938,0.139
2535,1 - 1 - 2022,19800.0,1.5297058540778354,1.3335216533675034,1.7782800679308082,0.000512,0.000398107,0.000630957,0.648,0.6,0.7,0.846,0.8,0.9,918000.0,5340.0,27400.0,1.0,True,0.01,0.95,10.0,39600.0,0.938,0.139
2536,1 - 1 - 2022,19800.0,1.5329709716755893,1.3335216533675034,1.7782800679308082,0.000515,0.000398107,0.000630957,0.645,0.6,0.7,0.948,0.9,1.0,596000.0,4300.0,13700.0,1.0,True,0.01,0.95,10.0,39600.0,0.938,0.139
2537,1 - 1 - 2022,19800.0,1.5297058540778354,1.3335216533675034,1.7782800679308082,0.000508,0.000398107,0.000630957,0.648,0.6,0.7,1.2,1.0,1.5,237000.0,1210.0,6850.0,1.0,True,0.01,0.95,10.0,39600.0,0.938,0.139
2538,1 - 1 - 2022,19800.0,1.5231546211727816,1.3335216533675034,1.7782800679308082,0.000511,0.000398107,0.000630957,0.647,0.6,0.7,1.71,1.5,2.0,61600.0,619.0,0.0,1.0,True,0.01,0.95,10.0,39600.0,0.938,0.139
2539,1 - 1 - 2022,19800.0,1.5,1.3335216533675034,1.7782800679308082,0.000492,0.000398107,0.000630957,0.64,0.6,0.7,2.44,2.0,4.0,11300.0,132.0,685.0,1.0,True,0.01,0.95,10.0,39600.0,0.938,0.139
2540,1 - 1 - 2022,19800.0,1.5842979517754858,1.3335216533675034,1.7782800679308082,0.000521,0.000398107,0.000630957,0.734,0.7,0.8,0.0373,0.0,0.05,178000.0,3320.0,0.0,1.0,True,0.01,0.95,10.0,39600.0,0.938,0.139
2541,1 - 1 - 2022,19800.0,1.5,1.3335216533675034,1.7782800679308082,0.000474,0.000398107,0.000630957,0.742,0.7,0.8,0.0782,0.05,0.1,301000.0,4320.0,13700.0,1.0,True,0.01,0.95,10.0,39600.0,0.938,0.139
2542,1 - 1 - 2022,19800.0,1.5362291495737217,1.3335216533675034,1.7782800679308082,0.000509,0.000398107,0.000630957,0.744,0.7,0.8,0.156,0.1,0.2,740000.0,4790.0,20600.0,1.0,True,0.01,0.95,10.0,39600.0,0.938,0.139
2543,1 - 1 - 2022,19800.0,1.5099668870541498,1.3335216533675034,1.7782800679308082,0.000504,0.000398107,0.000630957,0.741,0.7,0.8,0.254,0.2,0.3,1200000.0,6100.0,0.0,1.0,True,0.01,0.95,10.0,39600.0,0.938,0.139
2544,1 - 1 - 2022,19800.0,1.5198684153570663,1.3335216533675034,1.7782800679308082,0.0005,0.000398107,0.000630957,0.747,0.7,0.8,0.354,0.3,0.4,1180000.0,6050.0,13700.0,1.0,True,0.01,0.95,10.0,39600.0,0.938,0.139
2545,1 - 1 - 2022,19800.0,1.5394804318340654,1.3335216533675034,1.7782800679308082,0.000515,0.000398107,0.000630957,0.746,0.7,0.8,0.45,0.4,0.5,1270000.0,6290.0,13700.0,1.0,True,0.01,0.95,10.0,39600.0,0.938,0.139
2546,1 - 1 - 2022,19800.0,1.5198684153570663,1.3335216533675034,1.7782800679308082,0.000497,0.000398107,0.000630957,0.746,0.7,0.8,0.55,0.5,0.6,1010000.0,5610.0,0.0,1.0,True,0.01,0.95,10.0,39600.0,0.938,0.139
2547,1 - 1 - 2022,19800.0,1.5231546211727816,1.3335216533675034,1.7782800679308082,0.000512,0.000398107,0.000630957,0.746,0.7,0.8,0.648,0.6,0.7,877000.0,5220.0,13700.0,1.0,True,0.01,0.95,10.0,39600.0,0.938,0.139
2548,1 - 1 - 2022,19800.0,1.5362291495737217,1.3335216533675034,1.7782800679308082,0.000515,0.000398107,0.000630957,0.743,0.7,0.8,0.748,0.7,0.8,788000.0,4940.0,13700.0,1.0,True,0.01,0.95,10.0,39600.0,0.938,0.139
2549,1 - 1 - 2022,19800.0,1.5198684153570663,1.3335216533675034,1.7782800679308082,0.00051,0.000398107,0.000630957,0.751,0.7,0.8,0.848,0.8,0.9,473000.0,3830.0,13700.0,1.0,True,0.01,0.95,10.0,39600.0,0.938,0.139
2550,1 - 1 - 2022,19800.0,1.5459624833740306,1.3335216533675034,1.7782800679308082,0.000492,0.000398107,0.000630957,0.738,0.7,0.8,0.953,0.9,1.0,322000.0,3160.0,13700.0,1.0,True,0.01,0.95,10.0,39600.0,0.938,0.139
2551,1 - 1 - 2022,19800.0,1.5033296378372907,1.3335216533675034,1.7782800679308082,0.000516,0.000398107,0.000630957,0.744,0.7,0.8,1.19,1.0,1.5,136000.0,917.0,2740.0,1.0,True,0.01,0.95,10.0,39600.0,0.938,0.139
2552,1 - 1 - 2022,19800.0,1.5524174696260025,1.3335216533675034,1.7782800679308082,0.00049,0.000398107,0.000630957,0.751,0.7,0.8,1.72,1.5,2.0,27400.0,412.0,4110.0,1.0,True,0.01,0.95,10.0,39600.0,0.938,0.139
2553,1 - 1 - 2022,19800.0,1.5198684153570663,1.3335216533675034,1.7782800679308082,0.000526,0.000398107,0.000630957,0.748,0.7,0.8,2.53,2.0,4.0,4110.0,79.9,1030.0,1.0,True,0.01,0.95,10.0,39600.0,0.938,0.139
2554,1 - 1 - 2022,19800.0,1.5231546211727816,1.3335216533675034,1.7782800679308082,0.000497,0.000398107,0.000630957,0.821,0.8,0.9,0.0314,0.0,0.05,110000.0,2610.0,0.0,1.0,True,0.01,0.95,10.0,39600.0,0.938,0.139
2555,1 - 1 - 2022,19800.0,1.5264337522473748,1.3335216533675034,1.7782800679308082,0.000503,0.000398107,0.000630957,0.835,0.8,0.9,0.0759,0.05,0.1,192000.0,3450.0,13700.0,1.0,True,0.01,0.95,10.0,39600.0,0.938,0.139
2556,1 - 1 - 2022,19800.0,1.5427248620541512,1.3335216533675034,1.7782800679308082,0.000503,0.000398107,0.000630957,0.843,0.8,0.9,0.162,0.1,0.2,473000.0,3830.0,41100.0,1.0,True,0.01,0.95,10.0,39600.0,0.938,0.139
2557,1 - 1 - 2022,19800.0,1.5459624833740306,1.3335216533675034,1.7782800679308082,0.000506,0.000398107,0.000630957,0.844,0.8,0.9,0.256,0.2,0.3,575000.0,4230.0,47900.0,1.0,True,0.01,0.95,10.0,39600.0,0.938,0.139
2558,1 - 1 - 2022,19800.0,1.5394804318340654,1.3335216533675034,1.7782800679308082,0.000511,0.000398107,0.000630957,0.844,0.8,0.9,0.345,0.3,0.4,637000.0,4450.0,41100.0,1.0,True,0.01,0.95,10.0,39600.0,0.938,0.139
2559,1 - 1 - 2022,19800.0,1.5231546211727816,1.3335216533675034,1.7782800679308082,0.00051,0.000398107,0.000630957,0.84,0.8,0.9,0.447,0.4,0.5,637000.0,4450.0,34200.0,1.0,True,0.01,0.95,10.0,39600.0,0.938,0.139
2560,1 - 1 - 2022,19800.0,1.51657508881031,1.3335216533675034,1.7782800679308082,0.000497,0.000398107,0.000630957,0.844,0.8,0.9,0.546,0.5,0.6,610000.0,4350.0,27400.0,1.0,True,0.01,0.95,10.0,39600.0,0.938,0.139
2561,1 - 1 - 2022,19800.0,1.5231546211727816,1.3335216533675034,1.7782800679308082,0.000493,0.000398107,0.000630957,0.847,0.8,0.9,0.651,0.6,0.7,569000.0,4200.0,41100.0,1.0,True,0.01,0.95,10.0,39600.0,0.938,0.139
2562,1 - 1 - 2022,19800.0,1.5459624833740306,1.3335216533675034,1.7782800679308082,0.000502,0.000398107,0.000630957,0.841,0.8,0.9,0.755,0.7,0.8,295000.0,3020.0,20500.0,1.0,True,0.01,0.95,10.0,39600.0,0.938,0.139
2563,1 - 1 - 2022,19800.0,1.5297058540778354,1.3335216533675034,1.7782800679308082,0.000506,0.000398107,0.000630957,0.844,0.8,0.9,0.844,0.8,0.9,253000.0,2800.0,20500.0,1.0,True,0.01,0.95,10.0,39600.0,0.938,0.139
2564,1 - 1 - 2022,19800.0,1.5842979517754858,1.3335216533675034,1.7782800679308082,0.000516,0.000398107,0.000630957,0.84,0.8,0.9,0.944,0.9,1.0,130000.0,2010.0,0.0,1.0,True,0.01,0.95,10.0,39600.0,0.938,0.139
2565,1 - 1 - 2022,19800.0,1.5684387141358123,1.3335216533675034,1.7782800679308082,0.000506,0.000398107,0.000630957,0.845,0.8,0.9,1.19,1.0,1.5,63000.0,625.0,8220.0,1.0,True,0.01,0.95,10.0,39600.0,0.938,0.139
2566,1 - 1 - 2022,19800.0,1.5,1.3335216533675034,1.7782800679308082,0.000489,0.000398107,0.000630957,0.814,0.8,0.9,1.81,1.5,2.0,4110.0,160.0,0.0,1.0,True,0.01,0.95,10.0,39600.0,0.938,0.139
2567,1 - 1 - 2022,19800.0,1.5459624833740306,1.3335216533675034,1.7782800679308082,0.000534,0.000398107,0.000630957,0.836,0.8,0.9,2.35,2.0,4.0,1710.0,51.5,0.0,1.0,True,0.01,0.95,10.0,39600.0,0.938,0.139
2568,1 - 1 - 2022,19800.0,1.5231546211727816,1.3335216533675034,1.7782800679308082,0.000504,0.000398107,0.000630957,0.925,0.9,1.0,0.0305,0.0,0.05,82200.0,2260.0,0.0,1.0,True,0.01,0.95,10.0,39600.0,0.938,0.139
2569,1 - 1 - 2022,19800.0,1.5297058540778354,1.3335216533675034,1.7782800679308082,0.000497,0.000398107,0.000630957,0.931,0.9,1.0,0.0668,0.05,0.1,41100.0,1600.0,13700.0,1.0,True,0.01,0.95,10.0,39600.0,0.938,0.139
2570,1 - 1 - 2022,19800.0,1.466287829861518,1.3335216533675034,1.7782800679308082,0.000524,0.000398107,0.000630957,0.934,0.9,1.0,0.142,0.1,0.2,95900.0,1720.0,0.0,1.0,True,0.01,0.95,10.0,39600.0,0.938,0.139
2571,1 - 1 - 2022,19800.0,1.5362291495737217,1.3335216533675034,1.7782800679308082,0.000506,0.000398107,0.000630957,0.934,0.9,1.0,0.255,0.2,0.3,178000.0,2350.0,34200.0,1.0,True,0.01,0.95,10.0,39600.0,0.938,0.139
2572,1 - 1 - 2022,19800.0,1.5362291495737217,1.3335216533675034,1.7782800679308082,0.000487,0.000398107,0.000630957,0.935,0.9,1.0,0.346,0.3,0.4,212000.0,2570.0,61600.0,1.0,True,0.01,0.95,10.0,39600.0,0.938,0.139
2573,1 - 1 - 2022,19800.0,1.5264337522473748,1.3335216533675034,1.7782800679308082,0.000499,0.000398107,0.000630957,0.94,0.9,1.0,0.454,0.4,0.5,253000.0,2800.0,54800.0,1.0,True,0.01,0.95,10.0,39600.0,0.938,0.139
2574,1 - 1 - 2022,19800.0,1.489966442575134,1.3335216533675034,1.7782800679308082,0.000501,0.000398107,0.000630957,0.931,0.9,1.0,0.546,0.5,0.6,233000.0,2690.0,20600.0,1.0,True,0.01,0.95,10.0,39600.0,0.938,0.139
2575,1 - 1 - 2022,19800.0,1.5427248620541512,1.3335216533675034,1.7782800679308082,0.000522,0.000398107,0.000630957,0.931,0.9,1.0,0.644,0.6,0.7,219000.0,2610.0,27400.0,1.0,True,0.01,0.95,10.0,39600.0,0.938,0.139
2576,1 - 1 - 2022,19800.0,1.5588457268119895,1.3335216533675034,1.7782800679308082,0.000489,0.000398107,0.000630957,0.939,0.9,1.0,0.742,0.7,0.8,171000.0,2310.0,54800.0,1.0,True,0.01,0.95,10.0,39600.0,0.938,0.139
2577,1 - 1 - 2022,19800.0,1.5394804318340654,1.3335216533675034,1.7782800679308082,0.000506,0.000398107,0.000630957,0.94,0.9,1.0,0.851,0.8,0.9,110000.0,1840.0,13700.0,1.0,True,0.01,0.95,10.0,39600.0,0.938,0.139
2578,1 - 1 - 2022,19800.0,1.5427248620541512,1.3335216533675034,1.7782800679308082,0.00052,0.000398107,0.000630957,0.937,0.9,1.0,0.953,0.9,1.0,89000.0,1660.0,6850.0,1.0,True,0.01,0.95,10.0,39600.0,0.938,0.139
2579,1 - 1 - 2022,19800.0,1.5132745950421556,1.3335216533675034,1.7782800679308082,0.000552,0.000398107,0.000630957,0.931,0.9,1.0,1.15,1.0,1.5,13700.0,292.0,0.0,1.0,True,0.01,0.95,10.0,39600.0,0.938,0.139
2580,1 - 1 - 2022,19800.0,1.3856406460551018,1.3335216533675034,1.7782800679308082,0.000615,0.000398107,0.000630957,0.922,0.9,1.0,1.78,1.5,2.0,1370.0,92.2,0.0,1.0,True,0.01,0.95,10.0,39600.0,0.938,0.139
2581,1 - 1 - 2022,19800.0,1.5491933384829668,1.3335216533675034,1.7782800679308082,0.000789,0.000630957,0.001,0.0262,0.0,0.05,0.0795,0.05,0.1,50800000.0,63100.0,50300000.0,1.0,True,0.01,0.95,10.0,39600.0,0.938,0.139
2582,1 - 1 - 2022,19800.0,1.5427248620541512,1.3335216533675034,1.7782800679308082,0.000794,0.000630957,0.001,0.0217,0.0,0.05,0.156,0.1,0.2,131000000.0,71600.0,104000000.0,1.0,True,0.01,0.95,10.0,39600.0,0.938,0.139
2583,1 - 1 - 2022,19800.0,1.5427248620541512,1.3335216533675034,1.7782800679308082,0.000796,0.000630957,0.001,0.0198,0.0,0.05,0.252,0.2,0.3,189000000.0,86100.0,116000000.0,1.0,True,0.01,0.95,10.0,39600.0,0.938,0.139
2584,1 - 1 - 2022,19800.0,1.5394804318340654,1.3335216533675034,1.7782800679308082,0.000795,0.000630957,0.001,0.0191,0.0,0.05,0.349,0.3,0.4,195000000.0,87400.0,99600000.0,1.0,True,0.01,0.95,10.0,39600.0,0.938,0.139
2585,1 - 1 - 2022,19800.0,1.5427248620541512,1.3335216533675034,1.7782800679308082,0.000796,0.000630957,0.001,0.0189,0.0,0.05,0.448,0.4,0.5,169000000.0,81400.0,72100000.0,1.0,True,0.01,0.95,10.0,39600.0,0.938,0.139
2586,1 - 1 - 2022,19800.0,1.5427248620541512,1.3335216533675034,1.7782800679308082,0.000795,0.000630957,0.001,0.019,0.0,0.05,0.547,0.5,0.6,131000000.0,71600.0,44200000.0,1.0,True,0.01,0.95,10.0,39600.0,0.938,0.139
2587,1 - 1 - 2022,19800.0,1.5427248620541512,1.3335216533675034,1.7782800679308082,0.000794,0.000630957,0.001,0.0196,0.0,0.05,0.647,0.6,0.7,91600000.0,59900.0,23200000.0,1.0,True,0.01,0.95,10.0,39600.0,0.938,0.139
2588,1 - 1 - 2022,19800.0,1.5427248620541512,1.3335216533675034,1.7782800679308082,0.000793,0.000630957,0.001,0.0202,0.0,0.05,0.747,0.7,0.8,63000000.0,49700.0,12100000.0,1.0,True,0.01,0.95,10.0,39600.0,0.938,0.139
2589,1 - 1 - 2022,19800.0,1.5459624833740306,1.3335216533675034,1.7782800679308082,0.000792,0.000630957,0.001,0.0203,0.0,0.05,0.846,0.8,0.9,39500000.0,39300.0,6400000.0,1.0,True,0.01,0.95,10.0,39600.0,0.938,0.139
2590,1 - 1 - 2022,19800.0,1.5427248620541512,1.3335216533675034,1.7782800679308082,0.000797,0.000630957,0.001,0.0208,0.0,0.05,0.947,0.9,1.0,25700000.0,31700.0,3620000.0,1.0,True,0.01,0.95,10.0,39600.0,0.938,0.139
2591,1 - 1 - 2022,19800.0,1.5427248620541512,1.3335216533675034,1.7782800679308082,0.000793,0.000630957,0.001,0.0228,0.0,0.05,1.16,1.0,1.5,7320000.0,7570.0,979000.0,1.0,True,0.01,0.95,10.0,39600.0,0.938,0.139
2592,1 - 1 - 2022,19800.0,1.5491933384829668,1.3335216533675034,1.7782800679308082,0.000783,0.000630957,0.001,0.0263,0.0,0.05,1.69,1.5,2.0,870000.0,2610.0,112000.0,1.0,True,0.01,0.95,10.0,39600.0,0.938,0.139
2593,1 - 1 - 2022,19800.0,1.5652475842498528,1.3335216533675034,1.7782800679308082,0.000791,0.000630957,0.001,0.0305,0.0,0.05,2.36,2.0,4.0,55300.0,329.0,7350.0,1.0,True,0.01,0.95,10.0,39600.0,0.938,0.139
2594,1 - 1 - 2022,19800.0,1.5362291495737217,1.3335216533675034,1.7782800679308082,0.000802,0.000630957,0.001,0.0721,0.05,0.1,0.154,0.1,0.2,50400000.0,44400.0,49600000.0,1.0,True,0.01,0.95,10.0,39600.0,0.938,0.139
2595,1 - 1 - 2022,19800.0,1.5362291495737217,1.3335216533675034,1.7782800679308082,0.000801,0.000630957,0.001,0.0722,0.05,0.1,0.251,0.2,0.3,63800000.0,50000.0,57500000.0,1.0,True,0.01,0.95,10.0,39600.0,0.938,0.139
2596,1 - 1 - 2022,19800.0,1.5362291495737217,1.3335216533675034,1.7782800679308082,0.000798,0.000630957,0.001,0.0722,0.05,0.1,0.349,0.3,0.4,63100000.0,49700.0,45700000.0,1.0,True,0.01,0.95,10.0,39600.0,0.938,0.139
2597,1 - 1 - 2022,19800.0,1.5362291495737217,1.3335216533675034,1.7782800679308082,0.000803,0.000630957,0.001,0.0723,0.05,0.1,0.449,0.4,0.5,56700000.0,47100.0,35700000.0,1.0,True,0.01,0.95,10.0,39600.0,0.938,0.139
2598,1 - 1 - 2022,19800.0,1.5362291495737217,1.3335216533675034,1.7782800679308082,0.000801,0.000630957,0.001,0.0724,0.05,0.1,0.548,0.5,0.6,45100000.0,42000.0,25900000.0,1.0,True,0.01,0.95,10.0,39600.0,0.938,0.139
2599,1 - 1 - 2022,19800.0,1.5329709716755893,1.3335216533675034,1.7782800679308082,0.000799,0.000630957,0.001,0.073,0.05,0.1,0.647,0.6,0.7,33700000.0,36300.0,17100000.0,1.0,True,0.01,0.95,10.0,39600.0,0.938,0.139
2600,1 - 1 - 2022,19800.0,1.5362291495737217,1.3335216533675034,1.7782800679308082,0.000799,0.000630957,0.001,0.0726,0.05,0.1,0.747,0.7,0.8,24000000.0,30600.0,10200000.0,1.0,True,0.01,0.95,10.0,39600.0,0.938,0.139
2601,1 - 1 - 2022,19800.0,1.5394804318340654,1.3335216533675034,1.7782800679308082,0.000801,0.000630957,0.001,0.0726,0.05,0.1,0.847,0.8,0.9,15700000.0,24800.0,4370000.0,1.0,True,0.01,0.95,10.0,39600.0,0.938,0.139
2602,1 - 1 - 2022,19800.0,1.5394804318340654,1.3335216533675034,1.7782800679308082,0.000805,0.000630957,0.001,0.073,0.05,0.1,0.947,0.9,1.0,10900000.0,20600.0,1410000.0,1.0,True,0.01,0.95,10.0,39600.0,0.938,0.139
2603,1 - 1 - 2022,19800.0,1.5394804318340654,1.3335216533675034,1.7782800679308082,0.000795,0.000630957,0.001,0.0735,0.05,0.1,1.18,1.0,1.5,3840000.0,5490.0,50100.0,1.0,True,0.01,0.95,10.0,39600.0,0.938,0.139
2604,1 - 1 - 2022,19800.0,1.5394804318340654,1.3335216533675034,1.7782800679308082,0.000796,0.000630957,0.001,0.0732,0.05,0.1,1.7,1.5,2.0,695000.0,2330.0,0.0,1.0,True,0.01,0.95,10.0,39600.0,0.938,0.139
2605,1 - 1 - 2022,19800.0,1.5652475842498528,1.3335216533675034,1.7782800679308082,0.000798,0.000630957,0.001,0.0749,0.05,0.1,2.45,2.0,4.0,67400.0,363.0,0.0,1.0,True,0.01,0.95,10.0,39600.0,0.938,0.139
2606,1 - 1 - 2022,19800.0,1.5459624833740306,1.3335216533675034,1.7782800679308082,0.000809,0.000630957,0.001,0.124,0.1,0.15,0.035,0.0,0.05,5430000.0,20600.0,5410000.0,1.0,True,0.01,0.95,10.0,39600.0,0.938,0.139
2607,1 - 1 - 2022,19800.0,1.5427248620541512,1.3335216533675034,1.7782800679308082,0.0008,0.000630957,0.001,0.123,0.1,0.15,0.0782,0.05,0.1,16000000.0,35400.0,15900000.0,1.0,True,0.01,0.95,10.0,39600.0,0.938,0.139
2608,1 - 1 - 2022,19800.0,1.5427248620541512,1.3335216533675034,1.7782800679308082,0.000801,0.000630957,0.001,0.123,0.1,0.15,0.154,0.1,0.2,28000000.0,33100.0,27700000.0,1.0,True,0.01,0.95,10.0,39600.0,0.938,0.139
2609,1 - 1 - 2022,19800.0,1.5394804318340654,1.3335216533675034,1.7782800679308082,0.000801,0.000630957,0.001,0.123,0.1,0.15,0.251,0.2,0.3,36900000.0,38000.0,35500000.0,1.0,True,0.01,0.95,10.0,39600.0,0.938,0.139
2610,1 - 1 - 2022,19800.0,1.5427248620541512,1.3335216533675034,1.7782800679308082,0.000801,0.000630957,0.001,0.123,0.1,0.15,0.349,0.3,0.4,37300000.0,38200.0,27200000.0,1.0,True,0.01,0.95,10.0,39600.0,0.938,0.139
2611,1 - 1 - 2022,19800.0,1.5427248620541512,1.3335216533675034,1.7782800679308082,0.0008,0.000630957,0.001,0.123,0.1,0.15,0.449,0.4,0.5,33400000.0,36200.0,17600000.0,1.0,True,0.01,0.95,10.0,39600.0,0.938,0.139
2612,1 - 1 - 2022,19800.0,1.5362291495737217,1.3335216533675034,1.7782800679308082,0.000801,0.000630957,0.001,0.123,0.1,0.15,0.548,0.5,0.6,26500000.0,32200.0,13900000.0,1.0,True,0.01,0.95,10.0,39600.0,0.938,0.139
2613,1 - 1 - 2022,19800.0,1.5362291495737217,1.3335216533675034,1.7782800679308082,0.000806,0.000630957,0.001,0.124,0.1,0.15,0.647,0.6,0.7,20300000.0,28200.0,5540000.0,1.0,True,0.01,0.95,10.0,39600.0,0.938,0.139
2614,1 - 1 - 2022,19800.0,1.5427248620541512,1.3335216533675034,1.7782800679308082,0.000804,0.000630957,0.001,0.123,0.1,0.15,0.747,0.7,0.8,15400000.0,24600.0,2510000.0,1.0,True,0.01,0.95,10.0,39600.0,0.938,0.139
2615,1 - 1 - 2022,19800.0,1.5394804318340654,1.3335216533675034,1.7782800679308082,0.000799,0.000630957,0.001,0.123,0.1,0.15,0.847,0.8,0.9,10400000.0,20200.0,1690000.0,1.0,True,0.01,0.95,10.0,39600.0,0.938,0.139
2616,1 - 1 - 2022,19800.0,1.5427248620541512,1.3335216533675034,1.7782800679308082,0.000798,0.000630957,0.001,0.124,0.1,0.15,0.948,0.9,1.0,6920000.0,16500.0,519000.0,1.0,True,0.01,0.95,10.0,39600.0,0.938,0.139
2617,1 - 1 - 2022,19800.0,1.5394804318340654,1.3335216533675034,1.7782800679308082,0.000803,0.000630957,0.001,0.124,0.1,0.15,1.18,1.0,1.5,2590000.0,4500.0,6920.0,1.0,True,0.01,0.95,10.0,39600.0,0.938,0.139
2618,1 - 1 - 2022,19800.0,1.5459624833740306,1.3335216533675034,1.7782800679308082,0.000803,0.000630957,0.001,0.124,0.1,0.15,1.7,1.5,2.0,555000.0,2080.0,0.0,1.0,True,0.01,0.95,10.0,39600.0,0.938,0.139
2619,1 - 1 - 2022,19800.0,1.5588457268119895,1.3335216533675034,1.7782800679308082,0.000813,0.000630957,0.001,0.125,0.1,0.15,2.45,2.0,4.0,64400.0,355.0,0.0,1.0,True,0.01,0.95,10.0,39600.0,0.938,0.139
2620,1 - 1 - 2022,19800.0,1.5491933384829668,1.3335216533675034,1.7782800679308082,0.000791,0.000630957,0.001,0.172,0.15,0.2,0.0342,0.0,0.05,3420000.0,16400.0,2960000.0,1.0,True,0.01,0.95,10.0,39600.0,0.938,0.139
2621,1 - 1 - 2022,19800.0,1.5427248620541512,1.3335216533675034,1.7782800679308082,0.0008,0.000630957,0.001,0.172,0.15,0.2,0.0772,0.05,0.1,9400000.0,27100.0,8350000.0,1.0,True,0.01,0.95,10.0,39600.0,0.938,0.139
2622,1 - 1 - 2022,19800.0,1.5427248620541512,1.3335216533675034,1.7782800679308082,0.000804,0.000630957,0.001,0.174,0.15,0.2,0.154,0.1,0.2,18500000.0,26900.0,16000000.0,1.0,True,0.01,0.95,10.0,39600.0,0.938,0.139
2623,1 - 1 - 2022,19800.0,1.5394804318340654,1.3335216533675034,1.7782800679308082,0.000799,0.000630957,0.001,0.173,0.15,0.2,0.251,0.2,0.3,23500000.0,30400.0,17300000.0,1.0,True,0.01,0.95,10.0,39600.0,0.938,0.139
2624,1 - 1 - 2022,19800.0,1.5427248620541512,1.3335216533675034,1.7782800679308082,0.000799,0.000630957,0.001,0.174,0.15,0.2,0.349,0.3,0.4,24800000.0,31200.0,14100000.0,1.0,True,0.01,0.95,10.0,39600.0,0.938,0.139
2625,1 - 1 - 2022,19800.0,1.5427248620541512,1.3335216533675034,1.7782800679308082,0.000799,0.000630957,0.001,0.173,0.15,0.2,0.448,0.4,0.5,21800000.0,29200.0,11200000.0,1.0,True,0.01,0.95,10.0,39600.0,0.938,0.139
2626,1 - 1 - 2022,19800.0,1.5427248620541512,1.3335216533675034,1.7782800679308082,0.0008,0.000630957,0.001,0.174,0.15,0.2,0.548,0.5,0.6,17800000.0,26400.0,8970000.0,1.0,True,0.01,0.95,10.0,39600.0,0.938,0.139
2627,1 - 1 - 2022,19800.0,1.5394804318340654,1.3335216533675034,1.7782800679308082,0.000797,0.000630957,0.001,0.173,0.15,0.2,0.647,0.6,0.7,13900000.0,23300.0,4130000.0,1.0,True,0.01,0.95,10.0,39600.0,0.938,0.139
2628,1 - 1 - 2022,19800.0,1.5394804318340654,1.3335216533675034,1.7782800679308082,0.000802,0.000630957,0.001,0.173,0.15,0.2,0.747,0.7,0.8,10200000.0,20000.0,1580000.0,1.0,True,0.01,0.95,10.0,39600.0,0.938,0.139
2629,1 - 1 - 2022,19800.0,1.5297058540778354,1.3335216533675034,1.7782800679308082,0.000798,0.000630957,0.001,0.174,0.15,0.2,0.848,0.8,0.9,7550000.0,17200.0,1420000.0,1.0,True,0.01,0.95,10.0,39600.0,0.938,0.139
2630,1 - 1 - 2022,19800.0,1.5459624833740306,1.3335216533675034,1.7782800679308082,0.0008,0.000630957,0.001,0.173,0.15,0.2,0.947,0.9,1.0,5440000.0,14600.0,1040000.0,1.0,True,0.01,0.95,10.0,39600.0,0.938,0.139
2631,1 - 1 - 2022,19800.0,1.5394804318340654,1.3335216533675034,1.7782800679308082,0.000797,0.000630957,0.001,0.174,0.15,0.2,1.18,1.0,1.5,2030000.0,3980.0,20700.0,1.0,True,0.01,0.95,10.0,39600.0,0.938,0.139
2632,1 - 1 - 2022,19800.0,1.5491933384829668,1.3335216533675034,1.7782800679308082,0.000794,0.000630957,0.001,0.176,0.15,0.2,1.7,1.5,2.0,462000.0,1900.0,0.0,1.0,True,0.01,0.95,10.0,39600.0,0.938,0.139
2633,1 - 1 - 2022,19800.0,1.5491933384829668,1.3335216533675034,1.7782800679308082,0.000797,0.000630957,0.001,0.174,0.15,0.2,2.52,2.0,4.0,51000.0,316.0,2590.0,1.0,True,0.01,0.95,10.0,39600.0,0.938,0.139
2634,1 - 1 - 2022,19800.0,1.5652475842498528,1.3335216533675034,1.7782800679308082,0.000801,0.000630957,0.001,0.223,0.2,0.25,0.0344,0.0,0.05,2390000.0,13700.0,1710000.0,1.0,True,0.01,0.95,10.0,39600.0,0.938,0.139
2635,1 - 1 - 2022,19800.0,1.5329709716755893,1.3335216533675034,1.7782800679308082,0.0008,0.000630957,0.001,0.223,0.2,0.25,0.0765,0.05,0.1,6660000.0,22800.0,4940000.0,1.0,True,0.01,0.95,10.0,39600.0,0.938,0.139
2636,1 - 1 - 2022,19800.0,1.5427248620541512,1.3335216533675034,1.7782800679308082,0.000804,0.000630957,0.001,0.223,0.2,0.25,0.153,0.1,0.2,12300000.0,21900.0,8560000.0,1.0,True,0.01,0.95,10.0,39600.0,0.938,0.139
2637,1 - 1 - 2022,19800.0,1.5394804318340654,1.3335216533675034,1.7782800679308082,0.000802,0.000630957,0.001,0.224,0.2,0.25,0.251,0.2,0.3,16600000.0,25500.0,10200000.0,1.0,True,0.01,0.95,10.0,39600.0,0.938,0.139
2638,1 - 1 - 2022,19800.0,1.5394804318340654,1.3335216533675034,1.7782800679308082,0.000801,0.000630957,0.001,0.223,0.2,0.25,0.349,0.3,0.4,17400000.0,26100.0,9690000.0,1.0,True,0.01,0.95,10.0,39600.0,0.938,0.139
2639,1 - 1 - 2022,19800.0,1.5427248620541512,1.3335216533675034,1.7782800679308082,0.000801,0.000630957,0.001,0.223,0.2,0.25,0.448,0.4,0.5,15200000.0,24400.0,8410000.0,1.0,True,0.01,0.95,10.0,39600.0,0.938,0.139
2640,1 - 1 - 2022,19800.0,1.5394804318340654,1.3335216533675034,1.7782800679308082,0.000803,0.000630957,0.001,0.224,0.2,0.25,0.548,0.5,0.6,12400000.0,22000.0,5190000.0,1.0,True,0.01,0.95,10.0,39600.0,0.938,0.139
2641,1 - 1 - 2022,19800.0,1.5329709716755893,1.3335216533675034,1.7782800679308082,0.000799,0.000630957,0.001,0.224,0.2,0.25,0.647,0.6,0.7,8950000.0,18700.0,2650000.0,1.0,True,0.01,0.95,10.0,39600.0,0.938,0.139
2642,1 - 1 - 2022,19800.0,1.5459624833740306,1.3335216533675034,1.7782800679308082,0.000803,0.000630957,0.001,0.224,0.2,0.25,0.747,0.7,0.8,7430000.0,17100.0,1390000.0,1.0,True,0.01,0.95,10.0,39600.0,0.938,0.139
2643,1 - 1 - 2022,19800.0,1.5362291495737217,1.3335216533675034,1.7782800679308082,0.0008,0.000630957,0.001,0.223,0.2,0.25,0.849,0.8,0.9,5470000.0,14600.0,908000.0,1.0,True,0.01,0.95,10.0,39600.0,0.938,0.139
2644,1 - 1 - 2022,19800.0,1.5459624833740306,1.3335216533675034,1.7782800679308082,0.000808,0.000630957,0.001,0.225,0.2,0.25,0.949,0.9,1.0,3720000.0,12100.0,614000.0,1.0,True,0.01,0.95,10.0,39600.0,0.938,0.139
2645,1 - 1 - 2022,19800.0,1.5362291495737217,1.3335216533675034,1.7782800679308082,0.000805,0.000630957,0.001,0.224,0.2,0.25,1.18,1.0,1.5,1530000.0,3470.0,55300.0,1.0,True,0.01,0.95,10.0,39600.0,0.938,0.139
2646,1 - 1 - 2022,19800.0,1.5427248620541512,1.3335216533675034,1.7782800679308082,0.000801,0.000630957,0.001,0.224,0.2,0.25,1.68,1.5,2.0,406000.0,1780.0,0.0,1.0,True,0.01,0.95,10.0,39600.0,0.938,0.139
2647,1 - 1 - 2022,19800.0,1.5491933384829668,1.3335216533675034,1.7782800679308082,0.000801,0.000630957,0.001,0.224,0.2,0.25,2.47,2.0,4.0,50100.0,313.0,3030.0,1.0,True,0.01,0.95,10.0,39600.0,0.938,0.139
2648,1 - 1 - 2022,19800.0,1.5491933384829668,1.3335216533675034,1.7782800679308082,0.000793,0.000630957,0.001,0.269,0.25,0.3,0.0336,0.0,0.05,1560000.0,11000.0,1280000.0,1.0,True,0.01,0.95,10.0,39600.0,0.938,0.139
2649,1 - 1 - 2022,19800.0,1.5459624833740306,1.3335216533675034,1.7782800679308082,0.000803,0.000630957,0.001,0.274,0.25,0.3,0.077,0.05,0.1,4700000.0,19200.0,3650000.0,1.0,True,0.01,0.95,10.0,39600.0,0.938,0.139
2650,1 - 1 - 2022,19800.0,1.5394804318340654,1.3335216533675034,1.7782800679308082,0.000802,0.000630957,0.001,0.274,0.25,0.3,0.154,0.1,0.2,8580000.0,18300.0,6250000.0,1.0,True,0.01,0.95,10.0,39600.0,0.938,0.139
2651,1 - 1 - 2022,19800.0,1.5362291495737217,1.3335216533675034,1.7782800679308082,0.000797,0.000630957,0.001,0.273,0.25,0.3,0.252,0.2,0.3,11700000.0,21400.0,7870000.0,1.0,True,0.01,0.95,10.0,39600.0,0.938,0.139
2652,1 - 1 - 2022,19800.0,1.5427248620541512,1.3335216533675034,1.7782800679308082,0.000802,0.000630957,0.001,0.273,0.25,0.3,0.35,0.3,0.4,11800000.0,21500.0,7230000.0,1.0,True,0.01,0.95,10.0,39600.0,0.938,0.139
2653,1 - 1 - 2022,19800.0,1.5394804318340654,1.3335216533675034,1.7782800679308082,0.0008,0.000630957,0.001,0.274,0.25,0.3,0.449,0.4,0.5,10800000.0,20600.0,5470000.0,1.0,True,0.01,0.95,10.0,39600.0,0.938,0.139
2654,1 - 1 - 2022,19800.0,1.5427248620541512,1.3335216533675034,1.7782800679308082,0.000801,0.000630957,0.001,0.274,0.25,0.3,0.548,0.5,0.6,8730000.0,18500.0,3400000.0,1.0,True,0.01,0.95,10.0,39600.0,0.938,0.139
2655,1 - 1 - 2022,19800.0,1.5459624833740306,1.3335216533675034,1.7782800679308082,0.000801,0.000630957,0.001,0.273,0.25,0.3,0.649,0.6,0.7,7230000.0,16800.0,2580000.0,1.0,True,0.01,0.95,10.0,39600.0,0.938,0.139
2656,1 - 1 - 2022,19800.0,1.5297058540778354,1.3335216533675034,1.7782800679308082,0.000797,0.000630957,0.001,0.274,0.25,0.3,0.75,0.7,0.8,5210000.0,14300.0,1310000.0,1.0,True,0.01,0.95,10.0,39600.0,0.938,0.139
2657,1 - 1 - 2022,19800.0,1.5427248620541512,1.3335216533675034,1.7782800679308082,0.000795,0.000630957,0.001,0.274,0.25,0.3,0.848,0.8,0.9,3730000.0,12100.0,787000.0,1.0,True,0.01,0.95,10.0,39600.0,0.938,0.139
2658,1 - 1 - 2022,19800.0,1.5427248620541512,1.3335216533675034,1.7782800679308082,0.0008,0.000630957,0.001,0.274,0.25,0.3,0.947,0.9,1.0,2710000.0,10300.0,467000.0,1.0,True,0.01,0.95,10.0,39600.0,0.938,0.139
2659,1 - 1 - 2022,19800.0,1.5427248620541512,1.3335216533675034,1.7782800679308082,0.000798,0.000630957,0.001,0.274,0.25,0.3,1.19,1.0,1.5,1160000.0,3020.0,39800.0,1.0,True,0.01,0.95,10.0,39600.0,0.938,0.139
2660,1 - 1 - 2022,19800.0,1.5394804318340654,1.3335216533675034,1.7782800679308082,0.000801,0.000630957,0.001,0.275,0.25,0.3,1.71,1.5,2.0,278000.0,1480.0,0.0,1.0,True,0.01,0.95,10.0,39600.0,0.938,0.139
2661,1 - 1 - 2022,19800.0,1.5491933384829668,1.3335216533675034,1.7782800679308082,0.000791,0.000630957,0.001,0.273,0.25,0.3,2.58,2.0,4.0,39300.0,277.0,4750.0,1.0,True,0.01,0.95,10.0,39600.0,0.938,0.139
2662,1 - 1 - 2022,19800.0,1.5394804318340654,1.3335216533675034,1.7782800679308082,0.000817,0.000630957,0.001,0.346,0.3,0.4,0.0312,0.0,0.05,1210000.0,6880.0,1090000.0,1.0,True,0.01,0.95,10.0,39600.0,0.938,0.139
2663,1 - 1 - 2022,19800.0,1.5329709716755893,1.3335216533675034,1.7782800679308082,0.000803,0.000630957,0.001,0.348,0.3,0.4,0.0784,0.05,0.1,3100000.0,11000.0,2680000.0,1.0,True,0.01,0.95,10.0,39600.0,0.938,0.139
2664,1 - 1 - 2022,19800.0,1.5394804318340654,1.3335216533675034,1.7782800679308082,0.000804,0.000630957,0.001,0.347,0.3,0.4,0.153,0.1,0.2,5250000.0,10100.0,4420000.0,1.0,True,0.01,0.95,10.0,39600.0,0.938,0.139
2665,1 - 1 - 2022,19800.0,1.5427248620541512,1.3335216533675034,1.7782800679308082,0.000799,0.000630957,0.001,0.346,0.3,0.4,0.251,0.2,0.3,7430000.0,12100.0,5480000.0,1.0,True,0.01,0.95,10.0,39600.0,0.938,0.139
2666,1 - 1 - 2022,19800.0,1.5362291495737217,1.3335216533675034,1.7782800679308082,0.000798,0.000630957,0.001,0.344,0.3,0.4,0.349,0.3,0.4,8080000.0,12600.0,5060000.0,1.0,True,0.01,0.95,10.0,39600.0,0.938,0.139
2667,1 - 1 - 2022,19800.0,1.5362291495737217,1.3335216533675034,1.7782800679308082,0.000802,0.000630957,0.001,0.346,0.3,0.4,0.447,0.4,0.5,7360000.0,12000.0,3770000.0,1.0,True,0.01,0.95,10.0,39600.0,0.938,0.139
2668,1 - 1 - 2022,19800.0,1.5427248620541512,1.3335216533675034,1.7782800679308082,0.0008,0.000630957,0.001,0.345,0.3,0.4,0.548,0.5,0.6,6000000.0,10800.0,2690000.0,1.0,True,0.01,0.95,10.0,39600.0,0.938,0.139
2669,1 - 1 - 2022,19800.0,1.5329709716755893,1.3335216533675034,1.7782800679308082,0.000802,0.000630957,0.001,0.348,0.3,0.4,0.647,0.6,0.7,4810000.0,9700.0,1850000.0,1.0,True,0.01,0.95,10.0,39600.0,0.938,0.139
2670,1 - 1 - 2022,19800.0,1.5459624833740306,1.3335216533675034,1.7782800679308082,0.000798,0.000630957,0.001,0.345,0.3,0.4,0.75,0.7,0.8,3710000.0,8520.0,1340000.0,1.0,True,0.01,0.95,10.0,39600.0,0.938,0.139
2671,1 - 1 - 2022,19800.0,1.5459624833740306,1.3335216533675034,1.7782800679308082,0.000805,0.000630957,0.001,0.346,0.3,0.4,0.844,0.8,0.9,2520000.0,7020.0,739000.0,1.0,True,0.01,0.95,10.0,39600.0,0.938,0.139
2672,1 - 1 - 2022,19800.0,1.5394804318340654,1.3335216533675034,1.7782800679308082,0.000797,0.000630957,0.001,0.344,0.3,0.4,0.947,0.9,1.0,1690000.0,5740.0,376000.0,1.0,True,0.01,0.95,10.0,39600.0,0.938,0.139
2673,1 - 1 - 2022,19800.0,1.5491933384829668,1.3335216533675034,1.7782800679308082,0.000793,0.000630957,0.001,0.347,0.3,0.4,1.19,1.0,1.5,775000.0,1740.0,74300.0,1.0,True,0.01,0.95,10.0,39600.0,0.938,0.139
2674,1 - 1 - 2022,19800.0,1.5459624833740306,1.3335216533675034,1.7782800679308082,0.000801,0.000630957,0.001,0.345,0.3,0.4,1.71,1.5,2.0,229000.0,947.0,865.0,1.0,True,0.01,0.95,10.0,39600.0,0.938,0.139
2675,1 - 1 - 2022,19800.0,1.5684387141358123,1.3335216533675034,1.7782800679308082,0.000792,0.000630957,0.001,0.346,0.3,0.4,2.54,2.0,4.0,32400.0,178.0,3670.0,1.0,True,0.01,0.95,10.0,39600.0,0.938,0.139
2676,1 - 1 - 2022,19800.0,1.5066519173319364,1.3335216533675034,1.7782800679308082,0.000793,0.000630957,0.001,0.446,0.4,0.5,0.0339,0.0,0.05,959000.0,6130.0,778000.0,1.0,True,0.01,0.95,10.0,39600.0,0.938,0.139
2677,1 - 1 - 2022,19800.0,1.5394804318340654,1.3335216533675034,1.7782800679308082,0.000799,0.000630957,0.001,0.444,0.4,0.5,0.0789,0.05,0.1,2100000.0,9070.0,1610000.0,1.0,True,0.01,0.95,10.0,39600.0,0.938,0.139
2678,1 - 1 - 2022,19800.0,1.5329709716755893,1.3335216533675034,1.7782800679308082,0.000798,0.000630957,0.001,0.445,0.4,0.5,0.151,0.1,0.2,3570000.0,8360.0,2600000.0,1.0,True,0.01,0.95,10.0,39600.0,0.938,0.139
2679,1 - 1 - 2022,19800.0,1.5362291495737217,1.3335216533675034,1.7782800679308082,0.0008,0.000630957,0.001,0.448,0.4,0.5,0.251,0.2,0.3,4540000.0,9430.0,2900000.0,1.0,True,0.01,0.95,10.0,39600.0,0.938,0.139
2680,1 - 1 - 2022,19800.0,1.5394804318340654,1.3335216533675034,1.7782800679308082,0.000804,0.000630957,0.001,0.444,0.4,0.5,0.35,0.3,0.4,4580000.0,9470.0,2590000.0,1.0,True,0.01,0.95,10.0,39600.0,0.938,0.139
2681,1 - 1 - 2022,19800.0,1.5394804318340654,1.3335216533675034,1.7782800679308082,0.000804,0.000630957,0.001,0.445,0.4,0.5,0.447,0.4,0.5,4430000.0,9310.0,2130000.0,1.0,True,0.01,0.95,10.0,39600.0,0.938,0.139
2682,1 - 1 - 2022,19800.0,1.5329709716755893,1.3335216533675034,1.7782800679308082,0.000799,0.000630957,0.001,0.447,0.4,0.5,0.548,0.5,0.6,3470000.0,8240.0,1430000.0,1.0,True,0.01,0.95,10.0,39600.0,0.938,0.139
2683,1 - 1 - 2022,19800.0,1.5394804318340654,1.3335216533675034,1.7782800679308082,0.000796,0.000630957,0.001,0.447,0.4,0.5,0.648,0.6,0.7,2740000.0,7320.0,1070000.0,1.0,True,0.01,0.95,10.0,39600.0,0.938,0.139
2684,1 - 1 - 2022,19800.0,1.5459624833740306,1.3335216533675034,1.7782800679308082,0.0008,0.000630957,0.001,0.446,0.4,0.5,0.746,0.7,0.8,1940000.0,6170.0,743000.0,1.0,True,0.01,0.95,10.0,39600.0,0.938,0.139
2685,1 - 1 - 2022,19800.0,1.5459624833740306,1.3335216533675034,1.7782800679308082,0.000808,0.000630957,0.001,0.445,0.4,0.5,0.852,0.8,0.9,1390000.0,5210.0,467000.0,1.0,True,0.01,0.95,10.0,39600.0,0.938,0.139
2686,1 - 1 - 2022,19800.0,1.5491933384829668,1.3335216533675034,1.7782800679308082,0.000801,0.000630957,0.001,0.445,0.4,0.5,0.95,0.9,1.0,1050000.0,4530.0,294000.0,1.0,True,0.01,0.95,10.0,39600.0,0.938,0.139
2687,1 - 1 - 2022,19800.0,1.5394804318340654,1.3335216533675034,1.7782800679308082,0.000805,0.000630957,0.001,0.446,0.4,0.5,1.2,1.0,1.5,433000.0,1300.0,70900.0,1.0,True,0.01,0.95,10.0,39600.0,0.938,0.139
2688,1 - 1 - 2022,19800.0,1.5264337522473748,1.3335216533675034,1.7782800679308082,0.000797,0.000630957,0.001,0.443,0.4,0.5,1.7,1.5,2.0,119000.0,683.0,0.0,1.0,True,0.01,0.95,10.0,39600.0,0.938,0.139
2689,1 - 1 - 2022,19800.0,1.5491933384829668,1.3335216533675034,1.7782800679308082,0.000822,0.000630957,0.001,0.444,0.4,0.5,2.51,2.0,4.0,19000.0,136.0,1080.0,1.0,True,0.01,0.95,10.0,39600.0,0.938,0.139
2690,1 - 1 - 2022,19800.0,1.5198684153570663,1.3335216533675034,1.7782800679308082,0.000817,0.000630957,0.001,0.541,0.5,0.6,0.0356,0.0,0.05,389000.0,3900.0,225000.0,1.0,True,0.01,0.95,10.0,39600.0,0.938,0.139
2691,1 - 1 - 2022,19800.0,1.5132745950421556,1.3335216533675034,1.7782800679308082,0.000792,0.000630957,0.001,0.545,0.5,0.6,0.0801,0.05,0.1,1460000.0,7560.0,692000.0,1.0,True,0.01,0.95,10.0,39600.0,0.938,0.139
2692,1 - 1 - 2022,19800.0,1.5264337522473748,1.3335216533675034,1.7782800679308082,0.000804,0.000630957,0.001,0.548,0.5,0.6,0.153,0.1,0.2,2310000.0,6730.0,1130000.0,1.0,True,0.01,0.95,10.0,39600.0,0.938,0.139
2693,1 - 1 - 2022,19800.0,1.5362291495737217,1.3335216533675034,1.7782800679308082,0.000794,0.000630957,0.001,0.547,0.5,0.6,0.251,0.2,0.3,2950000.0,7600.0,1290000.0,1.0,True,0.01,0.95,10.0,39600.0,0.938,0.139
2694,1 - 1 - 2022,19800.0,1.5329709716755893,1.3335216533675034,1.7782800679308082,0.000803,0.000630957,0.001,0.544,0.5,0.6,0.35,0.3,0.4,2710000.0,7280.0,947000.0,1.0,True,0.01,0.95,10.0,39600.0,0.938,0.139
2695,1 - 1 - 2022,19800.0,1.5297058540778354,1.3335216533675034,1.7782800679308082,0.000798,0.000630957,0.001,0.546,0.5,0.6,0.449,0.4,0.5,2440000.0,6910.0,817000.0,1.0,True,0.01,0.95,10.0,39600.0,0.938,0.139
2696,1 - 1 - 2022,19800.0,1.5297058540778354,1.3335216533675034,1.7782800679308082,0.000808,0.000630957,0.001,0.544,0.5,0.6,0.549,0.5,0.6,2020000.0,6290.0,627000.0,1.0,True,0.01,0.95,10.0,39600.0,0.938,0.139
2697,1 - 1 - 2022,19800.0,1.5394804318340654,1.3335216533675034,1.7782800679308082,0.000801,0.000630957,0.001,0.547,0.5,0.6,0.648,0.6,0.7,1670000.0,5720.0,437000.0,1.0,True,0.01,0.95,10.0,39600.0,0.938,0.139
2698,1 - 1 - 2022,19800.0,1.5459624833740306,1.3335216533675034,1.7782800679308082,0.00081,0.000630957,0.001,0.547,0.5,0.6,0.748,0.7,0.8,1150000.0,4750.0,346000.0,1.0,True,0.01,0.95,10.0,39600.0,0.938,0.139
2699,1 - 1 - 2022,19800.0,1.5427248620541512,1.3335216533675034,1.7782800679308082,0.000778,0.000630957,0.001,0.545,0.5,0.6,0.847,0.8,0.9,838000.0,4050.0,220000.0,1.0,True,0.01,0.95,10.0,39600.0,0.938,0.139
2700,1 - 1 - 2022,19800.0,1.5362291495737217,1.3335216533675034,1.7782800679308082,0.000796,0.000630957,0.001,0.547,0.5,0.6,0.951,0.9,1.0,614000.0,3470.0,134000.0,1.0,True,0.01,0.95,10.0,39600.0,0.938,0.139
2701,1 - 1 - 2022,19800.0,1.5556349186104046,1.3335216533675034,1.7782800679308082,0.000795,0.000630957,0.001,0.545,0.5,0.6,1.2,1.0,1.5,234000.0,958.0,35400.0,1.0,True,0.01,0.95,10.0,39600.0,0.938,0.139
2702,1 - 1 - 2022,19800.0,1.5329709716755893,1.3335216533675034,1.7782800679308082,0.000799,0.000630957,0.001,0.546,0.5,0.6,1.72,1.5,2.0,78700.0,555.0,864.0,1.0,True,0.01,0.95,10.0,39600.0,0.938,0.139
2703,1 - 1 - 2022,19800.0,1.5427248620541512,1.3335216533675034,1.7782800679308082,0.000794,0.000630957,0.001,0.548,0.5,0.6,2.67,2.0,4.0,13400.0,115.0,1300.0,1.0,True,0.01,0.95,10.0,39600.0,0.938,0.139
2704,1 - 1 - 2022,19800.0,1.51657508881031,1.3335216533675034,1.7782800679308082,0.000823,0.000630957,0.001,0.639,0.6,0.7,0.0342,0.0,0.05,190000.0,2730.0,86400.0,1.0,True,0.01,0.95,10.0,39600.0,0.938,0.139
2705,1 - 1 - 2022,19800.0,1.5394804318340654,1.3335216533675034,1.7782800679308082,0.000798,0.000630957,0.001,0.636,0.6,0.7,0.0767,0.05,0.1,622000.0,4940.0,147000.0,1.0,True,0.01,0.95,10.0,39600.0,0.938,0.139
2706,1 - 1 - 2022,19800.0,1.5329709716755893,1.3335216533675034,1.7782800679308082,0.000796,0.000630957,0.001,0.64,0.6,0.7,0.154,0.1,0.2,903000.0,4210.0,194000.0,1.0,True,0.01,0.95,10.0,39600.0,0.938,0.139
2707,1 - 1 - 2022,19800.0,1.5394804318340654,1.3335216533675034,1.7782800679308082,0.000805,0.000630957,0.001,0.643,0.6,0.7,0.252,0.2,0.3,1340000.0,5130.0,246000.0,1.0,True,0.01,0.95,10.0,39600.0,0.938,0.139
2708,1 - 1 - 2022,19800.0,1.5297058540778354,1.3335216533675034,1.7782800679308082,0.000808,0.000630957,0.001,0.646,0.6,0.7,0.351,0.3,0.4,1410000.0,5250.0,264000.0,1.0,True,0.01,0.95,10.0,39600.0,0.938,0.139
2709,1 - 1 - 2022,19800.0,1.5362291495737217,1.3335216533675034,1.7782800679308082,0.000801,0.000630957,0.001,0.644,0.6,0.7,0.45,0.4,0.5,1480000.0,5390.0,259000.0,1.0,True,0.01,0.95,10.0,39600.0,0.938,0.139
2710,1 - 1 - 2022,19800.0,1.5297058540778354,1.3335216533675034,1.7782800679308082,0.000799,0.000630957,0.001,0.65,0.6,0.7,0.549,0.5,0.6,1290000.0,5030.0,199000.0,1.0,True,0.01,0.95,10.0,39600.0,0.938,0.139
2711,1 - 1 - 2022,19800.0,1.5297058540778354,1.3335216533675034,1.7782800679308082,0.000791,0.000630957,0.001,0.644,0.6,0.7,0.648,0.6,0.7,1040000.0,4520.0,173000.0,1.0,True,0.01,0.95,10.0,39600.0,0.938,0.139
2712,1 - 1 - 2022,19800.0,1.5264337522473748,1.3335216533675034,1.7782800679308082,0.000807,0.000630957,0.001,0.648,0.6,0.7,0.747,0.7,0.8,722000.0,3760.0,130000.0,1.0,True,0.01,0.95,10.0,39600.0,0.938,0.139
2713,1 - 1 - 2022,19800.0,1.5297058540778354,1.3335216533675034,1.7782800679308082,0.000783,0.000630957,0.001,0.64,0.6,0.7,0.847,0.8,0.9,570000.0,3340.0,82100.0,1.0,True,0.01,0.95,10.0,39600.0,0.938,0.139
2714,1 - 1 - 2022,19800.0,1.5716233645501712,1.3335216533675034,1.7782800679308082,0.000818,0.000630957,0.001,0.646,0.6,0.7,0.949,0.9,1.0,277000.0,2330.0,34600.0,1.0,True,0.01,0.95,10.0,39600.0,0.938,0.139
2715,1 - 1 - 2022,19800.0,1.5329709716755893,1.3335216533675034,1.7782800679308082,0.000805,0.000630957,0.001,0.645,0.6,0.7,1.17,1.0,1.5,97700.0,618.0,13000.0,1.0,True,0.01,0.95,10.0,39600.0,0.938,0.139
2716,1 - 1 - 2022,19800.0,1.5556349186104046,1.3335216533675034,1.7782800679308082,0.000785,0.000630957,0.001,0.638,0.6,0.7,1.71,1.5,2.0,44100.0,415.0,864.0,1.0,True,0.01,0.95,10.0,39600.0,0.938,0.139
2717,1 - 1 - 2022,19800.0,1.5968719422671311,1.3335216533675034,1.7782800679308082,0.000811,0.000630957,0.001,0.637,0.6,0.7,2.38,2.0,4.0,7560.0,86.0,0.0,1.0,True,0.01,0.95,10.0,39600.0,0.938,0.139
2718,1 - 1 - 2022,19800.0,1.4387494569938157,1.3335216533675034,1.7782800679308082,0.000781,0.000630957,0.001,0.746,0.7,0.8,0.0393,0.0,0.05,43200.0,1300.0,0.0,1.0,True,0.01,0.95,10.0,39600.0,0.938,0.139
2719,1 - 1 - 2022,19800.0,1.5198684153570663,1.3335216533675034,1.7782800679308082,0.000805,0.000630957,0.001,0.75,0.7,0.8,0.0783,0.05,0.1,372000.0,3810.0,8640.0,1.0,True,0.01,0.95,10.0,39600.0,0.938,0.139
2720,1 - 1 - 2022,19800.0,1.5427248620541512,1.3335216533675034,1.7782800679308082,0.000807,0.000630957,0.001,0.747,0.7,0.8,0.154,0.1,0.2,562000.0,3320.0,30300.0,1.0,True,0.01,0.95,10.0,39600.0,0.938,0.139
2721,1 - 1 - 2022,19800.0,1.5132745950421556,1.3335216533675034,1.7782800679308082,0.000811,0.000630957,0.001,0.743,0.7,0.8,0.252,0.2,0.3,752000.0,3840.0,69200.0,1.0,True,0.01,0.95,10.0,39600.0,0.938,0.139
2722,1 - 1 - 2022,19800.0,1.5264337522473748,1.3335216533675034,1.7782800679308082,0.000803,0.000630957,0.001,0.742,0.7,0.8,0.349,0.3,0.4,860000.0,4100.0,51900.0,1.0,True,0.01,0.95,10.0,39600.0,0.938,0.139
2723,1 - 1 - 2022,19800.0,1.5329709716755893,1.3335216533675034,1.7782800679308082,0.000795,0.000630957,0.001,0.746,0.7,0.8,0.447,0.4,0.5,774000.0,3890.0,56200.0,1.0,True,0.01,0.95,10.0,39600.0,0.938,0.139
2724,1 - 1 - 2022,19800.0,1.5362291495737217,1.3335216533675034,1.7782800679308082,0.000803,0.000630957,0.001,0.746,0.7,0.8,0.545,0.5,0.6,692000.0,3680.0,64800.0,1.0,True,0.01,0.95,10.0,39600.0,0.938,0.139
2725,1 - 1 - 2022,19800.0,1.51657508881031,1.3335216533675034,1.7782800679308082,0.000797,0.000630957,0.001,0.748,0.7,0.8,0.646,0.6,0.7,640000.0,3540.0,30300.0,1.0,True,0.01,0.95,10.0,39600.0,0.938,0.139
2726,1 - 1 - 2022,19800.0,1.5362291495737217,1.3335216533675034,1.7782800679308082,0.000791,0.000630957,0.001,0.742,0.7,0.8,0.746,0.7,0.8,484000.0,3080.0,34600.0,1.0,True,0.01,0.95,10.0,39600.0,0.938,0.139
2727,1 - 1 - 2022,19800.0,1.5362291495737217,1.3335216533675034,1.7782800679308082,0.000785,0.000630957,0.001,0.743,0.7,0.8,0.848,0.8,0.9,307000.0,2450.0,13000.0,1.0,True,0.01,0.95,10.0,39600.0,0.938,0.139
2728,1 - 1 - 2022,19800.0,1.51657508881031,1.3335216533675034,1.7782800679308082,0.000796,0.000630957,0.001,0.741,0.7,0.8,0.945,0.9,1.0,173000.0,1840.0,8640.0,1.0,True,0.01,0.95,10.0,39600.0,0.938,0.139
2729,1 - 1 - 2022,19800.0,1.5427248620541512,1.3335216533675034,1.7782800679308082,0.00081,0.000630957,0.001,0.741,0.7,0.8,1.19,1.0,1.5,58800.0,480.0,5190.0,1.0,True,0.01,0.95,10.0,39600.0,0.938,0.139
2730,1 - 1 - 2022,19800.0,1.5684387141358123,1.3335216533675034,1.7782800679308082,0.00081,0.000630957,0.001,0.751,0.7,0.8,1.73,1.5,2.0,13000.0,225.0,0.0,1.0,True,0.01,0.95,10.0,39600.0,0.938,0.139
2731,1 - 1 - 2022,19800.0,1.5264337522473748,1.3335216533675034,1.7782800679308082,0.000808,0.000630957,0.001,0.729,0.7,0.8,2.53,2.0,4.0,2160.0,46.0,216.0,1.0,True,0.01,0.95,10.0,39600.0,0.938,0.139
2732,1 - 1 - 2022,19800.0,1.4966629547095767,1.3335216533675034,1.7782800679308082,0.000948,0.000630957,0.001,0.832,0.8,0.9,0.0362,0.0,0.05,8640.0,582.0,0.0,1.0,True,0.01,0.95,10.0,39600.0,0.938,0.139
2733,1 - 1 - 2022,19800.0,1.5231546211727816,1.3335216533675034,1.7782800679308082,0.000822,0.000630957,0.001,0.833,0.8,0.9,0.0778,0.05,0.1,147000.0,2400.0,0.0,1.0,True,0.01,0.95,10.0,39600.0,0.938,0.139
2734,1 - 1 - 2022,19800.0,1.5297058540778354,1.3335216533675034,1.7782800679308082,0.000833,0.000630957,0.001,0.843,0.8,0.9,0.152,0.1,0.2,233000.0,2140.0,0.0,1.0,True,0.01,0.95,10.0,39600.0,0.938,0.139
2735,1 - 1 - 2022,19800.0,1.51657508881031,1.3335216533675034,1.7782800679308082,0.000799,0.000630957,0.001,0.841,0.8,0.9,0.252,0.2,0.3,406000.0,2820.0,0.0,1.0,True,0.01,0.95,10.0,39600.0,0.938,0.139
2736,1 - 1 - 2022,19800.0,1.493318452306808,1.3335216533675034,1.7782800679308082,0.000808,0.000630957,0.001,0.843,0.8,0.9,0.351,0.3,0.4,424000.0,2880.0,4320.0,1.0,True,0.01,0.95,10.0,39600.0,0.938,0.139
2737,1 - 1 - 2022,19800.0,1.5099668870541498,1.3335216533675034,1.7782800679308082,0.000812,0.000630957,0.001,0.848,0.8,0.9,0.448,0.4,0.5,432000.0,2910.0,4320.0,1.0,True,0.01,0.95,10.0,39600.0,0.938,0.139
2738,1 - 1 - 2022,19800.0,1.51657508881031,1.3335216533675034,1.7782800679308082,0.000784,0.000630957,0.001,0.845,0.8,0.9,0.552,0.5,0.6,454000.0,2980.0,4320.0,1.0,True,0.01,0.95,10.0,39600.0,0.938,0.139
2739,1 - 1 - 2022,19800.0,1.5588457268119895,1.3335216533675034,1.7782800679308082,0.000799,0.000630957,0.001,0.843,0.8,0.9,0.653,0.6,0.7,298000.0,2420.0,0.0,1.0,True,0.01,0.95,10.0,39600.0,0.938,0.139
2740,1 - 1 - 2022,19800.0,1.5329709716755893,1.3335216533675034,1.7782800679308082,0.000778,0.000630957,0.001,0.836,0.8,0.9,0.743,0.7,0.8,259000.0,2250.0,4320.0,1.0,True,0.01,0.95,10.0,39600.0,0.938,0.139
2741,1 - 1 - 2022,19800.0,1.5524174696260025,1.3335216533675034,1.7782800679308082,0.000801,0.000630957,0.001,0.842,0.8,0.9,0.858,0.8,0.9,177000.0,1860.0,4320.0,1.0,True,0.01,0.95,10.0,39600.0,0.938,0.139
2742,1 - 1 - 2022,19800.0,1.5066519173319364,1.3335216533675034,1.7782800679308082,0.000795,0.000630957,0.001,0.845,0.8,0.9,0.955,0.9,1.0,125000.0,1570.0,0.0,1.0,True,0.01,0.95,10.0,39600.0,0.938,0.139
2743,1 - 1 - 2022,19800.0,1.5033296378372907,1.3335216533675034,1.7782800679308082,0.000813,0.000630957,0.001,0.839,0.8,0.9,1.15,1.0,1.5,44900.0,420.0,865.0,1.0,True,0.01,0.95,10.0,39600.0,0.938,0.139
2744,1 - 1 - 2022,19800.0,1.4317821063276353,1.3335216533675034,1.7782800679308082,0.00078,0.000630957,0.001,0.832,0.8,0.9,1.71,1.5,2.0,6920.0,165.0,0.0,1.0,True,0.01,0.95,10.0,39600.0,0.938,0.139
2745,1 - 1 - 2022,19800.0,1.5588457268119895,1.3335216533675034,1.7782800679308082,0.000866,0.000630957,0.001,0.817,0.8,0.9,2.56,2.0,4.0,648.0,25.2,0.0,1.0,True,0.01,0.95,10.0,39600.0,0.938,0.139
2746,1 - 1 - 2022,19800.0,1.452583904633395,1.3335216533675034,1.7782800679308082,0.000822,0.000630957,0.001,0.951,0.9,1.0,0.0309,0.0,0.05,17300.0,823.0,0.0,1.0,True,0.01,0.95,10.0,39600.0,0.938,0.139
2747,1 - 1 - 2022,19800.0,1.5588457268119895,1.3335216533675034,1.7782800679308082,0.000782,0.000630957,0.001,0.932,0.9,1.0,0.0866,0.05,0.1,34600.0,1160.0,0.0,1.0,True,0.01,0.95,10.0,39600.0,0.938,0.139
2748,1 - 1 - 2022,19800.0,1.5459624833740306,1.3335216533675034,1.7782800679308082,0.000811,0.000630957,0.001,0.933,0.9,1.0,0.154,0.1,0.2,108000.0,1450.0,0.0,1.0,True,0.01,0.95,10.0,39600.0,0.938,0.139
2749,1 - 1 - 2022,19800.0,1.5362291495737217,1.3335216533675034,1.7782800679308082,0.000815,0.000630957,0.001,0.929,0.9,1.0,0.265,0.2,0.3,164000.0,1790.0,0.0,1.0,True,0.01,0.95,10.0,39600.0,0.938,0.139
2750,1 - 1 - 2022,19800.0,1.5362291495737217,1.3335216533675034,1.7782800679308082,0.00079,0.000630957,0.001,0.935,0.9,1.0,0.347,0.3,0.4,190000.0,1930.0,0.0,1.0,True,0.01,0.95,10.0,39600.0,0.938,0.139
2751,1 - 1 - 2022,19800.0,1.5394804318340654,1.3335216533675034,1.7782800679308082,0.00081,0.000630957,0.001,0.937,0.9,1.0,0.442,0.4,0.5,177000.0,1860.0,0.0,1.0,True,0.01,0.95,10.0,39600.0,0.938,0.139
2752,1 - 1 - 2022,19800.0,1.5716233645501712,1.3335216533675034,1.7782800679308082,0.000804,0.000630957,0.001,0.934,0.9,1.0,0.552,0.5,0.6,90800.0,1330.0,0.0,1.0,True,0.01,0.95,10.0,39600.0,0.938,0.139
2753,1 - 1 - 2022,19800.0,1.5033296378372907,1.3335216533675034,1.7782800679308082,0.000803,0.000630957,0.001,0.926,0.9,1.0,0.65,0.6,0.7,104000.0,1430.0,0.0,1.0,True,0.01,0.95,10.0,39600.0,0.938,0.139
2754,1 - 1 - 2022,19800.0,1.4966629547095767,1.3335216533675034,1.7782800679308082,0.000795,0.000630957,0.001,0.931,0.9,1.0,0.761,0.7,0.8,77800.0,1230.0,0.0,1.0,True,0.01,0.95,10.0,39600.0,0.938,0.139
2755,1 - 1 - 2022,19800.0,1.5652475842498528,1.3335216533675034,1.7782800679308082,0.000868,0.000630957,0.001,0.931,0.9,1.0,0.861,0.8,0.9,34600.0,823.0,0.0,1.0,True,0.01,0.95,10.0,39600.0,0.938,0.139
2756,1 - 1 - 2022,19800.0,1.5066519173319364,1.3335216533675034,1.7782800679308082,0.000771,0.000630957,0.001,0.938,0.9,1.0,0.944,0.9,1.0,34600.0,823.0,0.0,1.0,True,0.01,0.95,10.0,39600.0,0.938,0.139
2757,1 - 1 - 2022,19800.0,1.5524174696260025,1.3335216533675034,1.7782800679308082,0.000773,0.000630957,0.001,0.93,0.9,1.0,1.18,1.0,1.5,13000.0,225.0,0.0,1.0,True,0.01,0.95,10.0,39600.0,0.938,0.139
2758,1 - 1 - 2022,19800.0,1.5556349186104046,1.3335216533675034,1.7782800679308082,0.00124,0.001,0.00158489,0.0303,0.0,0.05,0.0802,0.05,0.1,21100000.0,32300.0,20300000.0,1.0,True,0.01,0.95,10.0,39600.0,0.938,0.139
2759,1 - 1 - 2022,19800.0,1.5491933384829668,1.3335216533675034,1.7782800679308082,0.00126,0.001,0.00158489,0.0253,0.0,0.05,0.156,0.1,0.2,60800000.0,38700.0,44700000.0,1.0,True,0.01,0.95,10.0,39600.0,0.938,0.139
2760,1 - 1 - 2022,19800.0,1.5459624833740306,1.3335216533675034,1.7782800679308082,0.00126,0.001,0.00158489,0.0226,0.0,0.05,0.252,0.2,0.3,91600000.0,47600.0,48800000.0,1.0,True,0.01,0.95,10.0,39600.0,0.938,0.139
2761,1 - 1 - 2022,19800.0,1.5459624833740306,1.3335216533675034,1.7782800679308082,0.00126,0.001,0.00158489,0.0216,0.0,0.05,0.35,0.3,0.4,95200000.0,48500.0,37800000.0,1.0,True,0.01,0.95,10.0,39600.0,0.938,0.139
2762,1 - 1 - 2022,19800.0,1.5459624833740306,1.3335216533675034,1.7782800679308082,0.00125,0.001,0.00158489,0.0217,0.0,0.05,0.449,0.4,0.5,83700000.0,45500.0,24900000.0,1.0,True,0.01,0.95,10.0,39600.0,0.938,0.139
2763,1 - 1 - 2022,19800.0,1.5459624833740306,1.3335216533675034,1.7782800679308082,0.00126,0.001,0.00158489,0.0216,0.0,0.05,0.547,0.5,0.6,64400000.0,39900.0,14700000.0,1.0,True,0.01,0.95,10.0,39600.0,0.938,0.139
2764,1 - 1 - 2022,19800.0,1.5459624833740306,1.3335216533675034,1.7782800679308082,0.00126,0.001,0.00158489,0.0223,0.0,0.05,0.647,0.6,0.7,44800000.0,33300.0,8610000.0,1.0,True,0.01,0.95,10.0,39600.0,0.938,0.139
2765,1 - 1 - 2022,19800.0,1.5427248620541512,1.3335216533675034,1.7782800679308082,0.00125,0.001,0.00158489,0.0227,0.0,0.05,0.747,0.7,0.8,30400000.0,27400.0,5240000.0,1.0,True,0.01,0.95,10.0,39600.0,0.938,0.139
2766,1 - 1 - 2022,19800.0,1.5427248620541512,1.3335216533675034,1.7782800679308082,0.00125,0.001,0.00158489,0.0236,0.0,0.05,0.846,0.8,0.9,19400000.0,21900.0,3490000.0,1.0,True,0.01,0.95,10.0,39600.0,0.938,0.139
2767,1 - 1 - 2022,19800.0,1.5491933384829668,1.3335216533675034,1.7782800679308082,0.00125,0.001,0.00158489,0.0233,0.0,0.05,0.946,0.9,1.0,12000000.0,17200.0,2270000.0,1.0,True,0.01,0.95,10.0,39600.0,0.938,0.139
2768,1 - 1 - 2022,19800.0,1.5491933384829668,1.3335216533675034,1.7782800679308082,0.00125,0.001,0.00158489,0.0252,0.0,0.05,1.16,1.0,1.5,3340000.0,4060.0,641000.0,1.0,True,0.01,0.95,10.0,39600.0,0.938,0.139
2769,1 - 1 - 2022,19800.0,1.5620499351813308,1.3335216533675034,1.7782800679308082,0.00125,0.001,0.00158489,0.0292,0.0,0.05,1.68,1.5,2.0,361000.0,1340.0,54500.0,1.0,True,0.01,0.95,10.0,39600.0,0.938,0.139
2770,1 - 1 - 2022,19800.0,1.5748015748023623,1.3335216533675034,1.7782800679308082,0.00125,0.001,0.00158489,0.0332,0.0,0.05,2.33,2.0,4.0,19900.0,157.0,3000.0,1.0,True,0.01,0.95,10.0,39600.0,0.938,0.139
2771,1 - 1 - 2022,19800.0,1.5362291495737217,1.3335216533675034,1.7782800679308082,0.00127,0.001,0.00158489,0.0723,0.05,0.1,0.154,0.1,0.2,29200000.0,26900.0,27600000.0,1.0,True,0.01,0.95,10.0,39600.0,0.938,0.139
2772,1 - 1 - 2022,19800.0,1.5394804318340654,1.3335216533675034,1.7782800679308082,0.00126,0.001,0.00158489,0.0722,0.05,0.1,0.25,0.2,0.3,38500000.0,30900.0,34300000.0,1.0,True,0.01,0.95,10.0,39600.0,0.938,0.139
2773,1 - 1 - 2022,19800.0,1.5362291495737217,1.3335216533675034,1.7782800679308082,0.00127,0.001,0.00158489,0.0722,0.05,0.1,0.349,0.3,0.4,38800000.0,31000.0,33300000.0,1.0,True,0.01,0.95,10.0,39600.0,0.938,0.139
2774,1 - 1 - 2022,19800.0,1.5394804318340654,1.3335216533675034,1.7782800679308082,0.00126,0.001,0.00158489,0.0725,0.05,0.1,0.449,0.4,0.5,33400000.0,28700.0,28100000.0,1.0,True,0.01,0.95,10.0,39600.0,0.938,0.139
2775,1 - 1 - 2022,19800.0,1.5362291495737217,1.3335216533675034,1.7782800679308082,0.00126,0.001,0.00158489,0.0722,0.05,0.1,0.548,0.5,0.6,26000000.0,25400.0,19100000.0,1.0,True,0.01,0.95,10.0,39600.0,0.938,0.139
2776,1 - 1 - 2022,19800.0,1.5362291495737217,1.3335216533675034,1.7782800679308082,0.00126,0.001,0.00158489,0.0726,0.05,0.1,0.647,0.6,0.7,19600000.0,22000.0,11000000.0,1.0,True,0.01,0.95,10.0,39600.0,0.938,0.139
2777,1 - 1 - 2022,19800.0,1.5394804318340654,1.3335216533675034,1.7782800679308082,0.00127,0.001,0.00158489,0.0724,0.05,0.1,0.747,0.7,0.8,13800000.0,18400.0,4730000.0,1.0,True,0.01,0.95,10.0,39600.0,0.938,0.139
2778,1 - 1 - 2022,19800.0,1.5362291495737217,1.3335216533675034,1.7782800679308082,0.00127,0.001,0.00158489,0.0733,0.05,0.1,0.848,0.8,0.9,9360000.0,15200.0,1410000.0,1.0,True,0.01,0.95,10.0,39600.0,0.938,0.139
2779,1 - 1 - 2022,19800.0,1.5362291495737217,1.3335216533675034,1.7782800679308082,0.00126,0.001,0.00158489,0.0725,0.05,0.1,0.948,0.9,1.0,6090000.0,12300.0,387000.0,1.0,True,0.01,0.95,10.0,39600.0,0.938,0.139
2780,1 - 1 - 2022,19800.0,1.5362291495737217,1.3335216533675034,1.7782800679308082,0.00126,0.001,0.00158489,0.0729,0.05,0.1,1.18,1.0,1.5,2120000.0,3240.0,14200.0,1.0,True,0.01,0.95,10.0,39600.0,0.938,0.139
2781,1 - 1 - 2022,19800.0,1.5556349186104046,1.3335216533675034,1.7782800679308082,0.00127,0.001,0.00158489,0.0739,0.05,0.1,1.68,1.5,2.0,337000.0,1290.0,0.0,1.0,True,0.01,0.95,10.0,39600.0,0.938,0.139
2782,1 - 1 - 2022,19800.0,1.5491933384829668,1.3335216533675034,1.7782800679308082,0.00124,0.001,0.00158489,0.0747,0.05,0.1,2.42,2.0,4.0,40400.0,223.0,0.0,1.0,True,0.01,0.95,10.0,39600.0,0.938,0.139
2783,1 - 1 - 2022,19800.0,1.5459624833740306,1.3335216533675034,1.7782800679308082,0.00127,0.001,0.00158489,0.124,0.1,0.15,0.154,0.1,0.2,16800000.0,20400.0,16300000.0,1.0,True,0.01,0.95,10.0,39600.0,0.938,0.139
2784,1 - 1 - 2022,19800.0,1.5427248620541512,1.3335216533675034,1.7782800679308082,0.00127,0.001,0.00158489,0.123,0.1,0.15,0.251,0.2,0.3,21900000.0,23300.0,18300000.0,1.0,True,0.01,0.95,10.0,39600.0,0.938,0.139
2785,1 - 1 - 2022,19800.0,1.5362291495737217,1.3335216533675034,1.7782800679308082,0.00127,0.001,0.00158489,0.123,0.1,0.15,0.35,0.3,0.4,23000000.0,23800.0,15500000.0,1.0,True,0.01,0.95,10.0,39600.0,0.938,0.139
2786,1 - 1 - 2022,19800.0,1.5394804318340654,1.3335216533675034,1.7782800679308082,0.00127,0.001,0.00158489,0.123,0.1,0.15,0.448,0.4,0.5,20100000.0,22300.0,12500000.0,1.0,True,0.01,0.95,10.0,39600.0,0.938,0.139
2787,1 - 1 - 2022,19800.0,1.5427248620541512,1.3335216533675034,1.7782800679308082,0.00127,0.001,0.00158489,0.123,0.1,0.15,0.549,0.5,0.6,15400000.0,19500.0,7700000.0,1.0,True,0.01,0.95,10.0,39600.0,0.938,0.139
2788,1 - 1 - 2022,19800.0,1.5427248620541512,1.3335216533675034,1.7782800679308082,0.00127,0.001,0.00158489,0.123,0.1,0.15,0.648,0.6,0.7,12300000.0,17400.0,5160000.0,1.0,True,0.01,0.95,10.0,39600.0,0.938,0.139
2789,1 - 1 - 2022,19800.0,1.5394804318340654,1.3335216533675034,1.7782800679308082,0.00127,0.001,0.00158489,0.124,0.1,0.15,0.747,0.7,0.8,8820000.0,14800.0,3340000.0,1.0,True,0.01,0.95,10.0,39600.0,0.938,0.139
2790,1 - 1 - 2022,19800.0,1.5394804318340654,1.3335216533675034,1.7782800679308082,0.00126,0.001,0.00158489,0.123,0.1,0.15,0.848,0.8,0.9,6200000.0,12400.0,1730000.0,1.0,True,0.01,0.95,10.0,39600.0,0.938,0.139
2791,1 - 1 - 2022,19800.0,1.5329709716755893,1.3335216533675034,1.7782800679308082,0.00127,0.001,0.00158489,0.123,0.1,0.15,0.948,0.9,1.0,4140000.0,10100.0,671000.0,1.0,True,0.01,0.95,10.0,39600.0,0.938,0.139
2792,1 - 1 - 2022,19800.0,1.5394804318340654,1.3335216533675034,1.7782800679308082,0.00127,0.001,0.00158489,0.123,0.1,0.15,1.18,1.0,1.5,1430000.0,2660.0,55600.0,1.0,True,0.01,0.95,10.0,39600.0,0.938,0.139
2793,1 - 1 - 2022,19800.0,1.5524174696260025,1.3335216533675034,1.7782800679308082,0.00124,0.001,0.00158489,0.123,0.1,0.15,1.68,1.5,2.0,304000.0,1230.0,0.0,1.0,True,0.01,0.95,10.0,39600.0,0.938,0.139
2794,1 - 1 - 2022,19800.0,1.5362291495737217,1.3335216533675034,1.7782800679308082,0.00122,0.001,0.00158489,0.126,0.1,0.15,2.41,2.0,4.0,31900.0,199.0,0.0,1.0,True,0.01,0.95,10.0,39600.0,0.938,0.139
2795,1 - 1 - 2022,19800.0,1.5459624833740306,1.3335216533675034,1.7782800679308082,0.00127,0.001,0.00158489,0.174,0.15,0.2,0.153,0.1,0.2,11300000.0,16700.0,11100000.0,1.0,True,0.01,0.95,10.0,39600.0,0.938,0.139
2796,1 - 1 - 2022,19800.0,1.5427248620541512,1.3335216533675034,1.7782800679308082,0.00127,0.001,0.00158489,0.173,0.15,0.2,0.251,0.2,0.3,14200000.0,18700.0,11300000.0,1.0,True,0.01,0.95,10.0,39600.0,0.938,0.139
2797,1 - 1 - 2022,19800.0,1.5491933384829668,1.3335216533675034,1.7782800679308082,0.00127,0.001,0.00158489,0.173,0.15,0.2,0.35,0.3,0.4,14800000.0,19100.0,8770000.0,1.0,True,0.01,0.95,10.0,39600.0,0.938,0.139
2798,1 - 1 - 2022,19800.0,1.5394804318340654,1.3335216533675034,1.7782800679308082,0.00127,0.001,0.00158489,0.173,0.15,0.2,0.449,0.4,0.5,13000000.0,17900.0,7850000.0,1.0,True,0.01,0.95,10.0,39600.0,0.938,0.139
2799,1 - 1 - 2022,19800.0,1.5427248620541512,1.3335216533675034,1.7782800679308082,0.00127,0.001,0.00158489,0.173,0.15,0.2,0.549,0.5,0.6,10700000.0,16300.0,4940000.0,1.0,True,0.01,0.95,10.0,39600.0,0.938,0.139
2800,1 - 1 - 2022,19800.0,1.5427248620541512,1.3335216533675034,1.7782800679308082,0.00126,0.001,0.00158489,0.173,0.15,0.2,0.648,0.6,0.7,8720000.0,14700.0,2740000.0,1.0,True,0.01,0.95,10.0,39600.0,0.938,0.139
2801,1 - 1 - 2022,19800.0,1.5491933384829668,1.3335216533675034,1.7782800679308082,0.00126,0.001,0.00158489,0.174,0.15,0.2,0.747,0.7,0.8,6050000.0,12200.0,1100000.0,1.0,True,0.01,0.95,10.0,39600.0,0.938,0.139
2802,1 - 1 - 2022,19800.0,1.5491933384829668,1.3335216533675034,1.7782800679308082,0.00127,0.001,0.00158489,0.174,0.15,0.2,0.847,0.8,0.9,4490000.0,10500.0,671000.0,1.0,True,0.01,0.95,10.0,39600.0,0.938,0.139
2803,1 - 1 - 2022,19800.0,1.5459624833740306,1.3335216533675034,1.7782800679308082,0.00127,0.001,0.00158489,0.174,0.15,0.2,0.948,0.9,1.0,2900000.0,8460.0,311000.0,1.0,True,0.01,0.95,10.0,39600.0,0.938,0.139
2804,1 - 1 - 2022,19800.0,1.5394804318340654,1.3335216533675034,1.7782800679308082,0.00126,0.001,0.00158489,0.173,0.15,0.2,1.18,1.0,1.5,1140000.0,2370.0,8730.0,1.0,True,0.01,0.95,10.0,39600.0,0.938,0.139
2805,1 - 1 - 2022,19800.0,1.5459624833740306,1.3335216533675034,1.7782800679308082,0.00126,0.001,0.00158489,0.173,0.15,0.2,1.7,1.5,2.0,250000.0,1110.0,0.0,1.0,True,0.01,0.95,10.0,39600.0,0.938,0.139
2806,1 - 1 - 2022,19800.0,1.5329709716755893,1.3335216533675034,1.7782800679308082,0.00128,0.001,0.00158489,0.174,0.15,0.2,2.48,2.0,4.0,24300.0,173.0,0.0,1.0,True,0.01,0.95,10.0,39600.0,0.938,0.139
2807,1 - 1 - 2022,19800.0,1.5427248620541512,1.3335216533675034,1.7782800679308082,0.00126,0.001,0.00158489,0.223,0.2,0.25,0.0323,0.0,0.05,1560000.0,8780.0,1450000.0,1.0,True,0.01,0.95,10.0,39600.0,0.938,0.139
2808,1 - 1 - 2022,19800.0,1.5427248620541512,1.3335216533675034,1.7782800679308082,0.00128,0.001,0.00158489,0.224,0.2,0.25,0.0767,0.05,0.1,3700000.0,13500.0,3360000.0,1.0,True,0.01,0.95,10.0,39600.0,0.938,0.139
2809,1 - 1 - 2022,19800.0,1.5491933384829668,1.3335216533675034,1.7782800679308082,0.00127,0.001,0.00158489,0.223,0.2,0.25,0.154,0.1,0.2,7790000.0,13900.0,6500000.0,1.0,True,0.01,0.95,10.0,39600.0,0.938,0.139
2810,1 - 1 - 2022,19800.0,1.5491933384829668,1.3335216533675034,1.7782800679308082,0.00127,0.001,0.00158489,0.224,0.2,0.25,0.252,0.2,0.3,9890000.0,15600.0,6080000.0,1.0,True,0.01,0.95,10.0,39600.0,0.938,0.139
2811,1 - 1 - 2022,19800.0,1.5427248620541512,1.3335216533675034,1.7782800679308082,0.00127,0.001,0.00158489,0.223,0.2,0.25,0.349,0.3,0.4,10200000.0,15900.0,5940000.0,1.0,True,0.01,0.95,10.0,39600.0,0.938,0.139
2812,1 - 1 - 2022,19800.0,1.5459624833740306,1.3335216533675034,1.7782800679308082,0.00127,0.001,0.00158489,0.224,0.2,0.25,0.448,0.4,0.5,9150000.0,15000.0,5510000.0,1.0,True,0.01,0.95,10.0,39600.0,0.938,0.139
2813,1 - 1 - 2022,19800.0,1.5524174696260025,1.3335216533675034,1.7782800679308082,0.00127,0.001,0.00158489,0.224,0.2,0.25,0.547,0.5,0.6,7410000.0,13500.0,3260000.0,1.0,True,0.01,0.95,10.0,39600.0,0.938,0.139
2814,1 - 1 - 2022,19800.0,1.5427248620541512,1.3335216533675034,1.7782800679308082,0.00127,0.001,0.00158489,0.224,0.2,0.25,0.648,0.6,0.7,5750000.0,11900.0,1980000.0,1.0,True,0.01,0.95,10.0,39600.0,0.938,0.139
2815,1 - 1 - 2022,19800.0,1.5362291495737217,1.3335216533675034,1.7782800679308082,0.00127,0.001,0.00158489,0.223,0.2,0.25,0.748,0.7,0.8,4450000.0,10500.0,987000.0,1.0,True,0.01,0.95,10.0,39600.0,0.938,0.139
2816,1 - 1 - 2022,19800.0,1.5427248620541512,1.3335216533675034,1.7782800679308082,0.00127,0.001,0.00158489,0.224,0.2,0.25,0.847,0.8,0.9,3150000.0,8820.0,371000.0,1.0,True,0.01,0.95,10.0,39600.0,0.938,0.139
2817,1 - 1 - 2022,19800.0,1.5362291495737217,1.3335216533675034,1.7782800679308082,0.00125,0.001,0.00158489,0.224,0.2,0.25,0.947,0.9,1.0,2360000.0,7640.0,284000.0,1.0,True,0.01,0.95,10.0,39600.0,0.938,0.139
2818,1 - 1 - 2022,19800.0,1.5459624833740306,1.3335216533675034,1.7782800679308082,0.00126,0.001,0.00158489,0.224,0.2,0.25,1.18,1.0,1.5,939000.0,2150.0,37100.0,1.0,True,0.01,0.95,10.0,39600.0,0.938,0.139
2819,1 - 1 - 2022,19800.0,1.5491933384829668,1.3335216533675034,1.7782800679308082,0.00124,0.001,0.00158489,0.224,0.2,0.25,1.71,1.5,2.0,206000.0,1010.0,0.0,1.0,True,0.01,0.95,10.0,39600.0,0.938,0.139
2820,1 - 1 - 2022,19800.0,1.5524174696260025,1.3335216533675034,1.7782800679308082,0.00126,0.001,0.00158489,0.223,0.2,0.25,2.42,2.0,4.0,24300.0,173.0,0.0,1.0,True,0.01,0.95,10.0,39600.0,0.938,0.139
2821,1 - 1 - 2022,19800.0,1.5427248620541512,1.3335216533675034,1.7782800679308082,0.00125,0.001,0.00158489,0.273,0.25,0.3,0.035,0.0,0.05,1010000.0,7080.0,633000.0,1.0,True,0.01,0.95,10.0,39600.0,0.938,0.139
2822,1 - 1 - 2022,19800.0,1.5427248620541512,1.3335216533675034,1.7782800679308082,0.00125,0.001,0.00158489,0.274,0.25,0.3,0.0783,0.05,0.1,2960000.0,12100.0,1900000.0,1.0,True,0.01,0.95,10.0,39600.0,0.938,0.139
2823,1 - 1 - 2022,19800.0,1.5394804318340654,1.3335216533675034,1.7782800679308082,0.00128,0.001,0.00158489,0.274,0.25,0.3,0.154,0.1,0.2,4790000.0,10900.0,2640000.0,1.0,True,0.01,0.95,10.0,39600.0,0.938,0.139
2824,1 - 1 - 2022,19800.0,1.5427248620541512,1.3335216533675034,1.7782800679308082,0.00128,0.001,0.00158489,0.274,0.25,0.3,0.25,0.2,0.3,7000000.0,13100.0,3630000.0,1.0,True,0.01,0.95,10.0,39600.0,0.938,0.139
2825,1 - 1 - 2022,19800.0,1.5394804318340654,1.3335216533675034,1.7782800679308082,0.00126,0.001,0.00158489,0.273,0.25,0.3,0.349,0.3,0.4,7600000.0,13700.0,4420000.0,1.0,True,0.01,0.95,10.0,39600.0,0.938,0.139
2826,1 - 1 - 2022,19800.0,1.5459624833740306,1.3335216533675034,1.7782800679308082,0.00127,0.001,0.00158489,0.273,0.25,0.3,0.449,0.4,0.5,6890000.0,13000.0,3580000.0,1.0,True,0.01,0.95,10.0,39600.0,0.938,0.139
2827,1 - 1 - 2022,19800.0,1.5394804318340654,1.3335216533675034,1.7782800679308082,0.00127,0.001,0.00158489,0.274,0.25,0.3,0.547,0.5,0.6,5330000.0,11500.0,2060000.0,1.0,True,0.01,0.95,10.0,39600.0,0.938,0.139
2828,1 - 1 - 2022,19800.0,1.5459624833740306,1.3335216533675034,1.7782800679308082,0.00126,0.001,0.00158489,0.274,0.25,0.3,0.648,0.6,0.7,4320000.0,10300.0,1410000.0,1.0,True,0.01,0.95,10.0,39600.0,0.938,0.139
2829,1 - 1 - 2022,19800.0,1.5427248620541512,1.3335216533675034,1.7782800679308082,0.00125,0.001,0.00158489,0.274,0.25,0.3,0.747,0.7,0.8,3100000.0,8750.0,638000.0,1.0,True,0.01,0.95,10.0,39600.0,0.938,0.139
2830,1 - 1 - 2022,19800.0,1.5427248620541512,1.3335216533675034,1.7782800679308082,0.00126,0.001,0.00158489,0.273,0.25,0.3,0.849,0.8,0.9,2360000.0,7630.0,322000.0,1.0,True,0.01,0.95,10.0,39600.0,0.938,0.139
2831,1 - 1 - 2022,19800.0,1.5427248620541512,1.3335216533675034,1.7782800679308082,0.00125,0.001,0.00158489,0.273,0.25,0.3,0.944,0.9,1.0,1710000.0,6500.0,142000.0,1.0,True,0.01,0.95,10.0,39600.0,0.938,0.139
2832,1 - 1 - 2022,19800.0,1.5329709716755893,1.3335216533675034,1.7782800679308082,0.00127,0.001,0.00158489,0.274,0.25,0.3,1.18,1.0,1.5,683000.0,1840.0,40400.0,1.0,True,0.01,0.95,10.0,39600.0,0.938,0.139
2833,1 - 1 - 2022,19800.0,1.5524174696260025,1.3335216533675034,1.7782800679308082,0.00124,0.001,0.00158489,0.276,0.25,0.3,1.7,1.5,2.0,192000.0,974.0,0.0,1.0,True,0.01,0.95,10.0,39600.0,0.938,0.139
2834,1 - 1 - 2022,19800.0,1.57797338380595,1.3335216533675034,1.7782800679308082,0.00127,0.001,0.00158489,0.276,0.25,0.3,2.52,2.0,4.0,20500.0,159.0,545.0,1.0,True,0.01,0.95,10.0,39600.0,0.938,0.139
2835,1 - 1 - 2022,19800.0,1.5394804318340654,1.3335216533675034,1.7782800679308082,0.00129,0.001,0.00158489,0.348,0.3,0.4,0.0333,0.0,0.05,567000.0,3740.0,224000.0,1.0,True,0.01,0.95,10.0,39600.0,0.938,0.139
2836,1 - 1 - 2022,19800.0,1.5264337522473748,1.3335216533675034,1.7782800679308082,0.00126,0.001,0.00158489,0.348,0.3,0.4,0.0779,0.05,0.1,2010000.0,7040.0,824000.0,1.0,True,0.01,0.95,10.0,39600.0,0.938,0.139
2837,1 - 1 - 2022,19800.0,1.5362291495737217,1.3335216533675034,1.7782800679308082,0.00127,0.001,0.00158489,0.346,0.3,0.4,0.154,0.1,0.2,3340000.0,6420.0,1480000.0,1.0,True,0.01,0.95,10.0,39600.0,0.938,0.139
2838,1 - 1 - 2022,19800.0,1.5394804318340654,1.3335216533675034,1.7782800679308082,0.00126,0.001,0.00158489,0.345,0.3,0.4,0.252,0.2,0.3,4540000.0,7490.0,2110000.0,1.0,True,0.01,0.95,10.0,39600.0,0.938,0.139
2839,1 - 1 - 2022,19800.0,1.5427248620541512,1.3335216533675034,1.7782800679308082,0.00128,0.001,0.00158489,0.346,0.3,0.4,0.35,0.3,0.4,4940000.0,7810.0,2230000.0,1.0,True,0.01,0.95,10.0,39600.0,0.938,0.139
2840,1 - 1 - 2022,19800.0,1.5362291495737217,1.3335216533675034,1.7782800679308082,0.00127,0.001,0.00158489,0.344,0.3,0.4,0.449,0.4,0.5,4460000.0,7420.0,1760000.0,1.0,True,0.01,0.95,10.0,39600.0,0.938,0.139
2841,1 - 1 - 2022,19800.0,1.5394804318340654,1.3335216533675034,1.7782800679308082,0.00127,0.001,0.00158489,0.346,0.3,0.4,0.549,0.5,0.6,3630000.0,6700.0,1290000.0,1.0,True,0.01,0.95,10.0,39600.0,0.938,0.139
2842,1 - 1 - 2022,19800.0,1.5427248620541512,1.3335216533675034,1.7782800679308082,0.00126,0.001,0.00158489,0.345,0.3,0.4,0.647,0.6,0.7,2860000.0,5940.0,834000.0,1.0,True,0.01,0.95,10.0,39600.0,0.938,0.139
2843,1 - 1 - 2022,19800.0,1.5394804318340654,1.3335216533675034,1.7782800679308082,0.00127,0.001,0.00158489,0.344,0.3,0.4,0.748,0.7,0.8,2180000.0,5190.0,502000.0,1.0,True,0.01,0.95,10.0,39600.0,0.938,0.139
2844,1 - 1 - 2022,19800.0,1.5524174696260025,1.3335216533675034,1.7782800679308082,0.00127,0.001,0.00158489,0.344,0.3,0.4,0.847,0.8,0.9,1440000.0,4210.0,215000.0,1.0,True,0.01,0.95,10.0,39600.0,0.938,0.139
2845,1 - 1 - 2022,19800.0,1.5427248620541512,1.3335216533675034,1.7782800679308082,0.00127,0.001,0.00158489,0.346,0.3,0.4,0.946,0.9,1.0,1080000.0,3660.0,125000.0,1.0,True,0.01,0.95,10.0,39600.0,0.938,0.139
2846,1 - 1 - 2022,19800.0,1.5394804318340654,1.3335216533675034,1.7782800679308082,0.00127,0.001,0.00158489,0.345,0.3,0.4,1.2,1.0,1.5,459000.0,1070.0,33300.0,1.0,True,0.01,0.95,10.0,39600.0,0.938,0.139
2847,1 - 1 - 2022,19800.0,1.5297058540778354,1.3335216533675034,1.7782800679308082,0.00126,0.001,0.00158489,0.347,0.3,0.4,1.69,1.5,2.0,113000.0,528.0,0.0,1.0,True,0.01,0.95,10.0,39600.0,0.938,0.139
2848,1 - 1 - 2022,19800.0,1.5524174696260025,1.3335216533675034,1.7782800679308082,0.00126,0.001,0.00158489,0.345,0.3,0.4,2.55,2.0,4.0,19900.0,111.0,2320.0,1.0,True,0.01,0.95,10.0,39600.0,0.938,0.139
2849,1 - 1 - 2022,19800.0,1.5459624833740306,1.3335216533675034,1.7782800679308082,0.00125,0.001,0.00158489,0.447,0.4,0.5,0.0313,0.0,0.05,414000.0,3200.0,153000.0,1.0,True,0.01,0.95,10.0,39600.0,0.938,0.139
2850,1 - 1 - 2022,19800.0,1.5329709716755893,1.3335216533675034,1.7782800679308082,0.00126,0.001,0.00158489,0.447,0.4,0.5,0.0785,0.05,0.1,1330000.0,5730.0,404000.0,1.0,True,0.01,0.95,10.0,39600.0,0.938,0.139
2851,1 - 1 - 2022,19800.0,1.5264337522473748,1.3335216533675034,1.7782800679308082,0.00126,0.001,0.00158489,0.445,0.4,0.5,0.154,0.1,0.2,2340000.0,5380.0,900000.0,1.0,True,0.01,0.95,10.0,39600.0,0.938,0.139
2852,1 - 1 - 2022,19800.0,1.5329709716755893,1.3335216533675034,1.7782800679308082,0.00126,0.001,0.00158489,0.445,0.4,0.5,0.249,0.2,0.3,2790000.0,5870.0,1010000.0,1.0,True,0.01,0.95,10.0,39600.0,0.938,0.139
2853,1 - 1 - 2022,19800.0,1.5329709716755893,1.3335216533675034,1.7782800679308082,0.00127,0.001,0.00158489,0.445,0.4,0.5,0.35,0.3,0.4,2830000.0,5920.0,1000000.0,1.0,True,0.01,0.95,10.0,39600.0,0.938,0.139
2854,1 - 1 - 2022,19800.0,1.5427248620541512,1.3335216533675034,1.7782800679308082,0.00126,0.001,0.00158489,0.446,0.4,0.5,0.45,0.4,0.5,2410000.0,5450.0,810000.0,1.0,True,0.01,0.95,10.0,39600.0,0.938,0.139
2855,1 - 1 - 2022,19800.0,1.5427248620541512,1.3335216533675034,1.7782800679308082,0.00126,0.001,0.00158489,0.445,0.4,0.5,0.548,0.5,0.6,2160000.0,5170.0,671000.0,1.0,True,0.01,0.95,10.0,39600.0,0.938,0.139
2856,1 - 1 - 2022,19800.0,1.5394804318340654,1.3335216533675034,1.7782800679308082,0.00126,0.001,0.00158489,0.448,0.4,0.5,0.649,0.6,0.7,1590000.0,4430.0,442000.0,1.0,True,0.01,0.95,10.0,39600.0,0.938,0.139
2857,1 - 1 - 2022,19800.0,1.5427248620541512,1.3335216533675034,1.7782800679308082,0.00126,0.001,0.00158489,0.447,0.4,0.5,0.746,0.7,0.8,1240000.0,3910.0,319000.0,1.0,True,0.01,0.95,10.0,39600.0,0.938,0.139
2858,1 - 1 - 2022,19800.0,1.5524174696260025,1.3335216533675034,1.7782800679308082,0.00128,0.001,0.00158489,0.444,0.4,0.5,0.846,0.8,0.9,862000.0,3260.0,235000.0,1.0,True,0.01,0.95,10.0,39600.0,0.938,0.139
2859,1 - 1 - 2022,19800.0,1.5459624833740306,1.3335216533675034,1.7782800679308082,0.00129,0.001,0.00158489,0.443,0.4,0.5,0.945,0.9,1.0,630000.0,2790.0,101000.0,1.0,True,0.01,0.95,10.0,39600.0,0.938,0.139
2860,1 - 1 - 2022,19800.0,1.5362291495737217,1.3335216533675034,1.7782800679308082,0.00127,0.001,0.00158489,0.444,0.4,0.5,1.19,1.0,1.5,272000.0,820.0,25600.0,1.0,True,0.01,0.95,10.0,39600.0,0.938,0.139
2861,1 - 1 - 2022,19800.0,1.5329709716755893,1.3335216533675034,1.7782800679308082,0.00125,0.001,0.00158489,0.45,0.4,0.5,1.73,1.5,2.0,73600.0,427.0,545.0,1.0,True,0.01,0.95,10.0,39600.0,0.938,0.139
2862,1 - 1 - 2022,19800.0,1.5684387141358123,1.3335216533675034,1.7782800679308082,0.00124,0.001,0.00158489,0.444,0.4,0.5,2.47,2.0,4.0,9950.0,78.4,1360.0,1.0,True,0.01,0.95,10.0,39600.0,0.938,0.139
2863,1 - 1 - 2022,19800.0,1.5459624833740306,1.3335216533675034,1.7782800679308082,0.00128,0.001,0.00158489,0.55,0.5,0.6,0.0332,0.0,0.05,229000.0,2380.0,49100.0,1.0,True,0.01,0.95,10.0,39600.0,0.938,0.139
2864,1 - 1 - 2022,19800.0,1.5329709716755893,1.3335216533675034,1.7782800679308082,0.00128,0.001,0.00158489,0.548,0.5,0.6,0.0776,0.05,0.1,856000.0,4600.0,180000.0,1.0,True,0.01,0.95,10.0,39600.0,0.938,0.139
2865,1 - 1 - 2022,19800.0,1.5329709716755893,1.3335216533675034,1.7782800679308082,0.00127,0.001,0.00158489,0.545,0.5,0.6,0.155,0.1,0.2,1460000.0,4250.0,344000.0,1.0,True,0.01,0.95,10.0,39600.0,0.938,0.139
2866,1 - 1 - 2022,19800.0,1.5362291495737217,1.3335216533675034,1.7782800679308082,0.00127,0.001,0.00158489,0.547,0.5,0.6,0.249,0.2,0.3,1780000.0,4690.0,513000.0,1.0,True,0.01,0.95,10.0,39600.0,0.938,0.139
2867,1 - 1 - 2022,19800.0,1.5297058540778354,1.3335216533675034,1.7782800679308082,0.00127,0.001,0.00158489,0.549,0.5,0.6,0.348,0.3,0.4,1620000.0,4470.0,537000.0,1.0,True,0.01,0.95,10.0,39600.0,0.938,0.139
2868,1 - 1 - 2022,19800.0,1.5329709716755893,1.3335216533675034,1.7782800679308082,0.00127,0.001,0.00158489,0.545,0.5,0.6,0.447,0.4,0.5,1520000.0,4340.0,472000.0,1.0,True,0.01,0.95,10.0,39600.0,0.938,0.139
2869,1 - 1 - 2022,19800.0,1.5329709716755893,1.3335216533675034,1.7782800679308082,0.00127,0.001,0.00158489,0.545,0.5,0.6,0.547,0.5,0.6,1310000.0,4020.0,414000.0,1.0,True,0.01,0.95,10.0,39600.0,0.938,0.139
2870,1 - 1 - 2022,19800.0,1.5394804318340654,1.3335216533675034,1.7782800679308082,0.00126,0.001,0.00158489,0.545,0.5,0.6,0.647,0.6,0.7,1010000.0,3540.0,322000.0,1.0,True,0.01,0.95,10.0,39600.0,0.938,0.139
2871,1 - 1 - 2022,19800.0,1.5362291495737217,1.3335216533675034,1.7782800679308082,0.00126,0.001,0.00158489,0.545,0.5,0.6,0.746,0.7,0.8,750000.0,3040.0,191000.0,1.0,True,0.01,0.95,10.0,39600.0,0.938,0.139
2872,1 - 1 - 2022,19800.0,1.5231546211727816,1.3335216533675034,1.7782800679308082,0.00128,0.001,0.00158489,0.546,0.5,0.6,0.847,0.8,0.9,545000.0,2600.0,123000.0,1.0,True,0.01,0.95,10.0,39600.0,0.938,0.139
2873,1 - 1 - 2022,19800.0,1.5491933384829668,1.3335216533675034,1.7782800679308082,0.00125,0.001,0.00158489,0.547,0.5,0.6,0.949,0.9,1.0,401000.0,2230.0,139000.0,1.0,True,0.01,0.95,10.0,39600.0,0.938,0.139
2874,1 - 1 - 2022,19800.0,1.5427248620541512,1.3335216533675034,1.7782800679308082,0.00127,0.001,0.00158489,0.546,0.5,0.6,1.18,1.0,1.5,145000.0,598.0,24000.0,1.0,True,0.01,0.95,10.0,39600.0,0.938,0.139
2875,1 - 1 - 2022,19800.0,1.5427248620541512,1.3335216533675034,1.7782800679308082,0.00127,0.001,0.00158489,0.549,0.5,0.6,1.68,1.5,2.0,40900.0,318.0,1640.0,1.0,True,0.01,0.95,10.0,39600.0,0.938,0.139
2876,1 - 1 - 2022,19800.0,1.5491933384829668,1.3335216533675034,1.7782800679308082,0.00125,0.001,0.00158489,0.541,0.5,0.6,2.42,2.0,4.0,8320.0,71.7,682.0,1.0,True,0.01,0.95,10.0,39600.0,0.938,0.139
2877,1 - 1 - 2022,19800.0,1.4966629547095767,1.3335216533675034,1.7782800679308082,0.00124,0.001,0.00158489,0.649,0.6,0.7,0.0291,0.0,0.05,120000.0,1720.0,0.0,1.0,True,0.01,0.95,10.0,39600.0,0.938,0.139
2878,1 - 1 - 2022,19800.0,1.5099668870541498,1.3335216533675034,1.7782800679308082,0.0013,0.001,0.00158489,0.636,0.6,0.7,0.0765,0.05,0.1,387000.0,3090.0,5460.0,1.0,True,0.01,0.95,10.0,39600.0,0.938,0.139
2879,1 - 1 - 2022,19800.0,1.5329709716755893,1.3335216533675034,1.7782800679308082,0.00124,0.001,0.00158489,0.64,0.6,0.7,0.154,0.1,0.2,638000.0,2810.0,87300.0,1.0,True,0.01,0.95,10.0,39600.0,0.938,0.139
2880,1 - 1 - 2022,19800.0,1.5231546211727816,1.3335216533675034,1.7782800679308082,0.00126,0.001,0.00158489,0.642,0.6,0.7,0.249,0.2,0.3,889000.0,3310.0,202000.0,1.0,True,0.01,0.95,10.0,39600.0,0.938,0.139
2881,1 - 1 - 2022,19800.0,1.5264337522473748,1.3335216533675034,1.7782800679308082,0.00128,0.001,0.00158489,0.642,0.6,0.7,0.349,0.3,0.4,873000.0,3280.0,226000.0,1.0,True,0.01,0.95,10.0,39600.0,0.938,0.139
2882,1 - 1 - 2022,19800.0,1.5394804318340654,1.3335216533675034,1.7782800679308082,0.00126,0.001,0.00158489,0.647,0.6,0.7,0.45,0.4,0.5,864000.0,3270.0,289000.0,1.0,True,0.01,0.95,10.0,39600.0,0.938,0.139
2883,1 - 1 - 2022,19800.0,1.5329709716755893,1.3335216533675034,1.7782800679308082,0.00128,0.001,0.00158489,0.645,0.6,0.7,0.549,0.5,0.6,799000.0,3140.0,248000.0,1.0,True,0.01,0.95,10.0,39600.0,0.938,0.139
2884,1 - 1 - 2022,19800.0,1.5459624833740306,1.3335216533675034,1.7782800679308082,0.00127,0.001,0.00158489,0.644,0.6,0.7,0.649,0.6,0.7,624000.0,2780.0,185000.0,1.0,True,0.01,0.95,10.0,39600.0,0.938,0.139
2885,1 - 1 - 2022,19800.0,1.5297058540778354,1.3335216533675034,1.7782800679308082,0.00126,0.001,0.00158489,0.644,0.6,0.7,0.747,0.7,0.8,414000.0,2260.0,117000.0,1.0,True,0.01,0.95,10.0,39600.0,0.938,0.139
2886,1 - 1 - 2022,19800.0,1.5652475842498528,1.3335216533675034,1.7782800679308082,0.00126,0.001,0.00158489,0.646,0.6,0.7,0.847,0.8,0.9,330000.0,2020.0,92700.0,1.0,True,0.01,0.95,10.0,39600.0,0.938,0.139
2887,1 - 1 - 2022,19800.0,1.5329709716755893,1.3335216533675034,1.7782800679308082,0.00128,0.001,0.00158489,0.645,0.6,0.7,0.947,0.9,1.0,207000.0,1600.0,43600.0,1.0,True,0.01,0.95,10.0,39600.0,0.938,0.139
2888,1 - 1 - 2022,19800.0,1.5588457268119895,1.3335216533675034,1.7782800679308082,0.00127,0.001,0.00158489,0.643,0.6,0.7,1.18,1.0,1.5,79100.0,442.0,16400.0,1.0,True,0.01,0.95,10.0,39600.0,0.938,0.139
2889,1 - 1 - 2022,19800.0,1.5427248620541512,1.3335216533675034,1.7782800679308082,0.00123,0.001,0.00158489,0.644,0.6,0.7,1.69,1.5,2.0,22400.0,235.0,2180.0,1.0,True,0.01,0.95,10.0,39600.0,0.938,0.139
2890,1 - 1 - 2022,19800.0,1.5427248620541512,1.3335216533675034,1.7782800679308082,0.00126,0.001,0.00158489,0.647,0.6,0.7,2.54,2.0,4.0,3410.0,45.9,682.0,1.0,True,0.01,0.95,10.0,39600.0,0.938,0.139
2891,1 - 1 - 2022,19800.0,1.42828568570857,1.3335216533675034,1.7782800679308082,0.0012,0.001,0.00158489,0.734,0.7,0.8,0.0353,0.0,0.05,32700.0,899.0,5450.0,1.0,True,0.01,0.95,10.0,39600.0,0.938,0.139
2892,1 - 1 - 2022,19800.0,1.5716233645501712,1.3335216533675034,1.7782800679308082,0.0013,0.001,0.00158489,0.746,0.7,0.8,0.0743,0.05,0.1,142000.0,1870.0,0.0,1.0,True,0.01,0.95,10.0,39600.0,0.938,0.139
2893,1 - 1 - 2022,19800.0,1.5198684153570663,1.3335216533675034,1.7782800679308082,0.00128,0.001,0.00158489,0.753,0.7,0.8,0.154,0.1,0.2,308000.0,1950.0,24500.0,1.0,True,0.01,0.95,10.0,39600.0,0.938,0.139
2894,1 - 1 - 2022,19800.0,1.5362291495737217,1.3335216533675034,1.7782800679308082,0.00131,0.001,0.00158489,0.744,0.7,0.8,0.253,0.2,0.3,518000.0,2530.0,40900.0,1.0,True,0.01,0.95,10.0,39600.0,0.938,0.139
2895,1 - 1 - 2022,19800.0,1.5198684153570663,1.3335216533675034,1.7782800679308082,0.00127,0.001,0.00158489,0.743,0.7,0.8,0.349,0.3,0.4,491000.0,2460.0,65400.0,1.0,True,0.01,0.95,10.0,39600.0,0.938,0.139
2896,1 - 1 - 2022,19800.0,1.5231546211727816,1.3335216533675034,1.7782800679308082,0.00126,0.001,0.00158489,0.748,0.7,0.8,0.447,0.4,0.5,529000.0,2560.0,101000.0,1.0,True,0.01,0.95,10.0,39600.0,0.938,0.139
2897,1 - 1 - 2022,19800.0,1.5329709716755893,1.3335216533675034,1.7782800679308082,0.00125,0.001,0.00158489,0.745,0.7,0.8,0.546,0.5,0.6,513000.0,2520.0,128000.0,1.0,True,0.01,0.95,10.0,39600.0,0.938,0.139
2898,1 - 1 - 2022,19800.0,1.5459624833740306,1.3335216533675034,1.7782800679308082,0.00127,0.001,0.00158489,0.748,0.7,0.8,0.65,0.6,0.7,423000.0,2290.0,98200.0,1.0,True,0.01,0.95,10.0,39600.0,0.938,0.139
2899,1 - 1 - 2022,19800.0,1.5264337522473748,1.3335216533675034,1.7782800679308082,0.00129,0.001,0.00158489,0.744,0.7,0.8,0.748,0.7,0.8,284000.0,1870.0,76400.0,1.0,True,0.01,0.95,10.0,39600.0,0.938,0.139
2900,1 - 1 - 2022,19800.0,1.5556349186104046,1.3335216533675034,1.7782800679308082,0.00126,0.001,0.00158489,0.746,0.7,0.8,0.852,0.8,0.9,205000.0,1590.0,40900.0,1.0,True,0.01,0.95,10.0,39600.0,0.938,0.139
2901,1 - 1 - 2022,19800.0,1.5716233645501712,1.3335216533675034,1.7782800679308082,0.00128,0.001,0.00158489,0.748,0.7,0.8,0.949,0.9,1.0,166000.0,1430.0,46400.0,1.0,True,0.01,0.95,10.0,39600.0,0.938,0.139
2902,1 - 1 - 2022,19800.0,1.5264337522473748,1.3335216533675034,1.7782800679308082,0.00124,0.001,0.00158489,0.742,0.7,0.8,1.17,1.0,1.5,39800.0,314.0,7090.0,1.0,True,0.01,0.95,10.0,39600.0,0.938,0.139
2903,1 - 1 - 2022,19800.0,1.5394804318340654,1.3335216533675034,1.7782800679308082,0.00127,0.001,0.00158489,0.744,0.7,0.8,1.63,1.5,2.0,8730.0,147.0,546.0,1.0,True,0.01,0.95,10.0,39600.0,0.938,0.139
2904,1 - 1 - 2022,19800.0,1.6031219541881396,1.3335216533675034,1.7782800679308082,0.00132,0.001,0.00158489,0.735,0.7,0.8,2.38,2.0,4.0,1640.0,31.8,273.0,1.0,True,0.01,0.95,10.0,39600.0,0.938,0.139
2905,1 - 1 - 2022,19800.0,1.4317821063276353,1.3335216533675034,1.7782800679308082,0.00123,0.001,0.00158489,0.864,0.8,0.9,0.028,0.0,0.05,21800.0,734.0,0.0,1.0,True,0.01,0.95,10.0,39600.0,0.938,0.139
2906,1 - 1 - 2022,19800.0,1.5459624833740306,1.3335216533675034,1.7782800679308082,0.00122,0.001,0.00158489,0.85,0.8,0.9,0.0722,0.05,0.1,98200.0,1560.0,0.0,1.0,True,0.01,0.95,10.0,39600.0,0.938,0.139
2907,1 - 1 - 2022,19800.0,1.5,1.3335216533675034,1.7782800679308082,0.00127,0.001,0.00158489,0.844,0.8,0.9,0.157,0.1,0.2,142000.0,1320.0,2730.0,1.0,True,0.01,0.95,10.0,39600.0,0.938,0.139
2908,1 - 1 - 2022,19800.0,1.5231546211727816,1.3335216533675034,1.7782800679308082,0.00129,0.001,0.00158489,0.841,0.8,0.9,0.25,0.2,0.3,240000.0,1720.0,13600.0,1.0,True,0.01,0.95,10.0,39600.0,0.938,0.139
2909,1 - 1 - 2022,19800.0,1.5394804318340654,1.3335216533675034,1.7782800679308082,0.00126,0.001,0.00158489,0.844,0.8,0.9,0.345,0.3,0.4,305000.0,1940.0,21800.0,1.0,True,0.01,0.95,10.0,39600.0,0.938,0.139
2910,1 - 1 - 2022,19800.0,1.5231546211727816,1.3335216533675034,1.7782800679308082,0.00127,0.001,0.00158489,0.846,0.8,0.9,0.451,0.4,0.5,273000.0,1840.0,38200.0,1.0,True,0.01,0.95,10.0,39600.0,0.938,0.139
2911,1 - 1 - 2022,19800.0,1.5231546211727816,1.3335216533675034,1.7782800679308082,0.0013,0.001,0.00158489,0.841,0.8,0.9,0.548,0.5,0.6,273000.0,1840.0,49100.0,1.0,True,0.01,0.95,10.0,39600.0,0.938,0.139
2912,1 - 1 - 2022,19800.0,1.5427248620541512,1.3335216533675034,1.7782800679308082,0.00127,0.001,0.00158489,0.845,0.8,0.9,0.65,0.6,0.7,210000.0,1610.0,54500.0,1.0,True,0.01,0.95,10.0,39600.0,0.938,0.139
2913,1 - 1 - 2022,19800.0,1.5231546211727816,1.3335216533675034,1.7782800679308082,0.00129,0.001,0.00158489,0.838,0.8,0.9,0.751,0.7,0.8,155000.0,1390.0,16400.0,1.0,True,0.01,0.95,10.0,39600.0,0.938,0.139
2914,1 - 1 - 2022,19800.0,1.4966629547095767,1.3335216533675034,1.7782800679308082,0.00125,0.001,0.00158489,0.846,0.8,0.9,0.848,0.8,0.9,95400.0,1090.0,27300.0,1.0,True,0.01,0.95,10.0,39600.0,0.938,0.139
2915,1 - 1 - 2022,19800.0,1.5,1.3335216533675034,1.7782800679308082,0.00126,0.001,0.00158489,0.841,0.8,0.9,0.952,0.9,1.0,90000.0,1050.0,19100.0,1.0,True,0.01,0.95,10.0,39600.0,0.938,0.139
2916,1 - 1 - 2022,19800.0,1.5556349186104046,1.3335216533675034,1.7782800679308082,0.0012,0.001,0.00158489,0.839,0.8,0.9,1.16,1.0,1.5,22400.0,235.0,2730.0,1.0,True,0.01,0.95,10.0,39600.0,0.938,0.139
2917,1 - 1 - 2022,19800.0,1.6155494421403511,1.3335216533675034,1.7782800679308082,0.00126,0.001,0.00158489,0.828,0.8,0.9,1.63,1.5,2.0,2730.0,82.1,0.0,1.0,True,0.01,0.95,10.0,39600.0,0.938,0.139
2918,1 - 1 - 2022,19800.0,1.5748015748023623,1.3335216533675034,1.7782800679308082,0.00128,0.001,0.00158489,0.849,0.8,0.9,3.1,2.0,4.0,682.0,20.5,273.0,1.0,True,0.01,0.95,10.0,39600.0,0.938,0.139
2919,1 - 1 - 2022,19800.0,1.3674794331177345,1.3335216533675034,1.7782800679308082,0.00121,0.001,0.00158489,0.942,0.9,1.0,0.0315,0.0,0.05,5460.0,367.0,0.0,1.0,True,0.01,0.95,10.0,39600.0,0.938,0.139
2920,1 - 1 - 2022,19800.0,1.466287829861518,1.3335216533675034,1.7782800679308082,0.00132,0.001,0.00158489,0.925,0.9,1.0,0.0805,0.05,0.1,27300.0,821.0,0.0,1.0,True,0.01,0.95,10.0,39600.0,0.938,0.139
2921,1 - 1 - 2022,19800.0,1.5099668870541498,1.3335216533675034,1.7782800679308082,0.00125,0.001,0.00158489,0.928,0.9,1.0,0.155,0.1,0.2,62700.0,880.0,0.0,1.0,True,0.01,0.95,10.0,39600.0,0.938,0.139
2922,1 - 1 - 2022,19800.0,1.5297058540778354,1.3335216533675034,1.7782800679308082,0.00126,0.001,0.00158489,0.933,0.9,1.0,0.251,0.2,0.3,101000.0,1120.0,0.0,1.0,True,0.01,0.95,10.0,39600.0,0.938,0.139
2923,1 - 1 - 2022,19800.0,1.5297058540778354,1.3335216533675034,1.7782800679308082,0.00127,0.001,0.00158489,0.925,0.9,1.0,0.358,0.3,0.4,98200.0,1100.0,2730.0,1.0,True,0.01,0.95,10.0,39600.0,0.938,0.139
2924,1 - 1 - 2022,19800.0,1.493318452306808,1.3335216533675034,1.7782800679308082,0.00124,0.001,0.00158489,0.928,0.9,1.0,0.452,0.4,0.5,92700.0,1070.0,2730.0,1.0,True,0.01,0.95,10.0,39600.0,0.938,0.139
2925,1 - 1 - 2022,19800.0,1.5556349186104046,1.3335216533675034,1.7782800679308082,0.00127,0.001,0.00158489,0.93,0.9,1.0,0.541,0.5,0.6,95400.0,1090.0,8180.0,1.0,True,0.01,0.95,10.0,39600.0,0.938,0.139
2926,1 - 1 - 2022,19800.0,1.5264337522473748,1.3335216533675034,1.7782800679308082,0.00132,0.001,0.00158489,0.928,0.9,1.0,0.654,0.6,0.7,57300.0,841.0,8180.0,1.0,True,0.01,0.95,10.0,39600.0,0.938,0.139
2927,1 - 1 - 2022,19800.0,1.5394804318340654,1.3335216533675034,1.7782800679308082,0.00121,0.001,0.00158489,0.923,0.9,1.0,0.752,0.7,0.8,38200.0,687.0,0.0,1.0,True,0.01,0.95,10.0,39600.0,0.938,0.139
2928,1 - 1 - 2022,19800.0,1.5132745950421556,1.3335216533675034,1.7782800679308082,0.00123,0.001,0.00158489,0.936,0.9,1.0,0.858,0.8,0.9,38200.0,687.0,5450.0,1.0,True,0.01,0.95,10.0,39600.0,0.938,0.139
2929,1 - 1 - 2022,19800.0,1.5874507866387544,1.3335216533675034,1.7782800679308082,0.0013,0.001,0.00158489,0.942,0.9,1.0,0.934,0.9,1.0,19100.0,486.0,0.0,1.0,True,0.01,0.95,10.0,39600.0,0.938,0.139
2930,1 - 1 - 2022,19800.0,1.5491933384829668,1.3335216533675034,1.7782800679308082,0.00124,0.001,0.00158489,0.933,0.9,1.0,1.17,1.0,1.5,6000.0,122.0,1090.0,1.0,True,0.01,0.95,10.0,39600.0,0.938,0.139
2931,1 - 1 - 2022,19800.0,1.4628738838327795,1.3335216533675034,1.7782800679308082,0.00136,0.001,0.00158489,0.922,0.9,1.0,1.64,1.5,2.0,545.0,36.7,0.0,1.0,True,0.01,0.95,10.0,39600.0,0.938,0.139
2932,1 - 1 - 2022,19800.0,1.5684387141358123,1.3335216533675034,1.7782800679308082,0.00196,0.00158489,0.00251189,0.0351,0.0,0.05,0.0799,0.05,0.1,7600000.0,15400.0,6520000.0,1.0,True,0.01,0.95,10.0,39600.0,0.938,0.139
2933,1 - 1 - 2022,19800.0,1.5556349186104046,1.3335216533675034,1.7782800679308082,0.00197,0.00158489,0.00251189,0.0296,0.0,0.05,0.157,0.1,0.2,26100000.0,20200.0,16300000.0,1.0,True,0.01,0.95,10.0,39600.0,0.938,0.139
2934,1 - 1 - 2022,19800.0,1.5491933384829668,1.3335216533675034,1.7782800679308082,0.00198,0.00158489,0.00251189,0.0263,0.0,0.05,0.252,0.2,0.3,41900000.0,25500.0,16700000.0,1.0,True,0.01,0.95,10.0,39600.0,0.938,0.139
2935,1 - 1 - 2022,19800.0,1.5491933384829668,1.3335216533675034,1.7782800679308082,0.00199,0.00158489,0.00251189,0.0249,0.0,0.05,0.349,0.3,0.4,45300000.0,26600.0,13300000.0,1.0,True,0.01,0.95,10.0,39600.0,0.938,0.139
2936,1 - 1 - 2022,19800.0,1.5491933384829668,1.3335216533675034,1.7782800679308082,0.00199,0.00158489,0.00251189,0.0248,0.0,0.05,0.448,0.4,0.5,38500000.0,24500.0,9650000.0,1.0,True,0.01,0.95,10.0,39600.0,0.938,0.139
2937,1 - 1 - 2022,19800.0,1.5459624833740306,1.3335216533675034,1.7782800679308082,0.00199,0.00158489,0.00251189,0.0249,0.0,0.05,0.548,0.5,0.6,29800000.0,21600.0,7140000.0,1.0,True,0.01,0.95,10.0,39600.0,0.938,0.139
2938,1 - 1 - 2022,19800.0,1.5491933384829668,1.3335216533675034,1.7782800679308082,0.00198,0.00158489,0.00251189,0.0254,0.0,0.05,0.647,0.6,0.7,21100000.0,18100.0,5050000.0,1.0,True,0.01,0.95,10.0,39600.0,0.938,0.139
2939,1 - 1 - 2022,19800.0,1.5459624833740306,1.3335216533675034,1.7782800679308082,0.00199,0.00158489,0.00251189,0.0254,0.0,0.05,0.747,0.7,0.8,14300000.0,14900.0,3730000.0,1.0,True,0.01,0.95,10.0,39600.0,0.938,0.139
2940,1 - 1 - 2022,19800.0,1.5491933384829668,1.3335216533675034,1.7782800679308082,0.00199,0.00158489,0.00251189,0.0266,0.0,0.05,0.846,0.8,0.9,9000000.0,11800.0,2200000.0,1.0,True,0.01,0.95,10.0,39600.0,0.938,0.139
2941,1 - 1 - 2022,19800.0,1.5459624833740306,1.3335216533675034,1.7782800679308082,0.002,0.00158489,0.00251189,0.0272,0.0,0.05,0.945,0.9,1.0,5330000.0,9120.0,1260000.0,1.0,True,0.01,0.95,10.0,39600.0,0.938,0.139
2942,1 - 1 - 2022,19800.0,1.5556349186104046,1.3335216533675034,1.7782800679308082,0.00197,0.00158489,0.00251189,0.0284,0.0,0.05,1.15,1.0,1.5,1420000.0,2100.0,375000.0,1.0,True,0.01,0.95,10.0,39600.0,0.938,0.139
2943,1 - 1 - 2022,19800.0,1.5556349186104046,1.3335216533675034,1.7782800679308082,0.00196,0.00158489,0.00251189,0.0323,0.0,0.05,1.67,1.5,2.0,112000.0,591.0,34400.0,1.0,True,0.01,0.95,10.0,39600.0,0.938,0.139
2944,1 - 1 - 2022,19800.0,1.6155494421403511,1.3335216533675034,1.7782800679308082,0.00194,0.00158489,0.00251189,0.038,0.0,0.05,2.26,2.0,4.0,5850.0,67.5,1550.0,1.0,True,0.01,0.95,10.0,39600.0,0.938,0.139
2945,1 - 1 - 2022,19800.0,1.5427248620541512,1.3335216533675034,1.7782800679308082,0.002,0.00158489,0.00251189,0.0726,0.05,0.1,0.0773,0.05,0.1,8740000.0,16500.0,8660000.0,1.0,True,0.01,0.95,10.0,39600.0,0.938,0.139
2946,1 - 1 - 2022,19800.0,1.5394804318340654,1.3335216533675034,1.7782800679308082,0.002,0.00158489,0.00251189,0.0724,0.05,0.1,0.154,0.1,0.2,17000000.0,16300.0,16400000.0,1.0,True,0.01,0.95,10.0,39600.0,0.938,0.139
2947,1 - 1 - 2022,19800.0,1.5394804318340654,1.3335216533675034,1.7782800679308082,0.00201,0.00158489,0.00251189,0.0724,0.05,0.1,0.25,0.2,0.3,22400000.0,18700.0,20300000.0,1.0,True,0.01,0.95,10.0,39600.0,0.938,0.139
2948,1 - 1 - 2022,19800.0,1.5362291495737217,1.3335216533675034,1.7782800679308082,0.00201,0.00158489,0.00251189,0.0725,0.05,0.1,0.35,0.3,0.4,22400000.0,18700.0,17500000.0,1.0,True,0.01,0.95,10.0,39600.0,0.938,0.139
2949,1 - 1 - 2022,19800.0,1.5394804318340654,1.3335216533675034,1.7782800679308082,0.002,0.00158489,0.00251189,0.0728,0.05,0.1,0.449,0.4,0.5,19400000.0,17400.0,11200000.0,1.0,True,0.01,0.95,10.0,39600.0,0.938,0.139
2950,1 - 1 - 2022,19800.0,1.5329709716755893,1.3335216533675034,1.7782800679308082,0.002,0.00158489,0.00251189,0.0724,0.05,0.1,0.548,0.5,0.6,15500000.0,15600.0,5170000.0,1.0,True,0.01,0.95,10.0,39600.0,0.938,0.139
2951,1 - 1 - 2022,19800.0,1.5362291495737217,1.3335216533675034,1.7782800679308082,0.00201,0.00158489,0.00251189,0.0729,0.05,0.1,0.647,0.6,0.7,11300000.0,13300.0,1830000.0,1.0,True,0.01,0.95,10.0,39600.0,0.938,0.139
2952,1 - 1 - 2022,19800.0,1.5362291495737217,1.3335216533675034,1.7782800679308082,0.002,0.00158489,0.00251189,0.073,0.05,0.1,0.747,0.7,0.8,7970000.0,11100.0,482000.0,1.0,True,0.01,0.95,10.0,39600.0,0.938,0.139
2953,1 - 1 - 2022,19800.0,1.5362291495737217,1.3335216533675034,1.7782800679308082,0.002,0.00158489,0.00251189,0.0732,0.05,0.1,0.846,0.8,0.9,5180000.0,8990.0,86000.0,1.0,True,0.01,0.95,10.0,39600.0,0.938,0.139
2954,1 - 1 - 2022,19800.0,1.5427248620541512,1.3335216533675034,1.7782800679308082,0.00201,0.00158489,0.00251189,0.0727,0.05,0.1,0.945,0.9,1.0,3590000.0,7480.0,17200.0,1.0,True,0.01,0.95,10.0,39600.0,0.938,0.139
2955,1 - 1 - 2022,19800.0,1.5427248620541512,1.3335216533675034,1.7782800679308082,0.002,0.00158489,0.00251189,0.0735,0.05,0.1,1.17,1.0,1.5,1150000.0,1890.0,0.357,1.0,True,0.01,0.95,10.0,39600.0,0.938,0.139
2956,1 - 1 - 2022,19800.0,1.5427248620541512,1.3335216533675034,1.7782800679308082,0.00201,0.00158489,0.00251189,0.0749,0.05,0.1,1.68,1.5,2.0,198000.0,786.0,0.0,1.0,True,0.01,0.95,10.0,39600.0,0.938,0.139
2957,1 - 1 - 2022,19800.0,1.5394804318340654,1.3335216533675034,1.7782800679308082,0.00195,0.00158489,0.00251189,0.0756,0.05,0.1,2.37,2.0,4.0,16000.0,112.0,0.0,1.0,True,0.01,0.95,10.0,39600.0,0.938,0.139
2958,1 - 1 - 2022,19800.0,1.5556349186104046,1.3335216533675034,1.7782800679308082,0.00198,0.00158489,0.00251189,0.125,0.1,0.15,0.0335,0.0,0.05,1910000.0,7720.0,1890000.0,1.0,True,0.01,0.95,10.0,39600.0,0.938,0.139
2959,1 - 1 - 2022,19800.0,1.5427248620541512,1.3335216533675034,1.7782800679308082,0.00203,0.00158489,0.00251189,0.123,0.1,0.15,0.0778,0.05,0.1,5840000.0,13500.0,5380000.0,1.0,True,0.01,0.95,10.0,39600.0,0.938,0.139
2960,1 - 1 - 2022,19800.0,1.5427248620541512,1.3335216533675034,1.7782800679308082,0.00201,0.00158489,0.00251189,0.123,0.1,0.15,0.155,0.1,0.2,9840000.0,12400.0,8520000.0,1.0,True,0.01,0.95,10.0,39600.0,0.938,0.139
2961,1 - 1 - 2022,19800.0,1.5459624833740306,1.3335216533675034,1.7782800679308082,0.002,0.00158489,0.00251189,0.123,0.1,0.15,0.252,0.2,0.3,13300000.0,14400.0,11400000.0,1.0,True,0.01,0.95,10.0,39600.0,0.938,0.139
2962,1 - 1 - 2022,19800.0,1.5427248620541512,1.3335216533675034,1.7782800679308082,0.00201,0.00158489,0.00251189,0.124,0.1,0.15,0.35,0.3,0.4,13100000.0,14300.0,11400000.0,1.0,True,0.01,0.95,10.0,39600.0,0.938,0.139
2963,1 - 1 - 2022,19800.0,1.5427248620541512,1.3335216533675034,1.7782800679308082,0.00201,0.00158489,0.00251189,0.123,0.1,0.15,0.448,0.4,0.5,12100000.0,13700.0,9830000.0,1.0,True,0.01,0.95,10.0,39600.0,0.938,0.139
2964,1 - 1 - 2022,19800.0,1.5427248620541512,1.3335216533675034,1.7782800679308082,0.00201,0.00158489,0.00251189,0.123,0.1,0.15,0.548,0.5,0.6,9550000.0,12200.0,7020000.0,1.0,True,0.01,0.95,10.0,39600.0,0.938,0.139
2965,1 - 1 - 2022,19800.0,1.5362291495737217,1.3335216533675034,1.7782800679308082,0.00201,0.00158489,0.00251189,0.123,0.1,0.15,0.647,0.6,0.7,7260000.0,10600.0,4110000.0,1.0,True,0.01,0.95,10.0,39600.0,0.938,0.139
2966,1 - 1 - 2022,19800.0,1.5362291495737217,1.3335216533675034,1.7782800679308082,0.00201,0.00158489,0.00251189,0.123,0.1,0.15,0.748,0.7,0.8,5320000.0,9110.0,2160000.0,1.0,True,0.01,0.95,10.0,39600.0,0.938,0.139
2967,1 - 1 - 2022,19800.0,1.5362291495737217,1.3335216533675034,1.7782800679308082,0.002,0.00158489,0.00251189,0.124,0.1,0.15,0.847,0.8,0.9,3680000.0,7570.0,826000.0,1.0,True,0.01,0.95,10.0,39600.0,0.938,0.139
2968,1 - 1 - 2022,19800.0,1.5394804318340654,1.3335216533675034,1.7782800679308082,0.00201,0.00158489,0.00251189,0.124,0.1,0.15,0.945,0.9,1.0,2380000.0,6090.0,265000.0,1.0,True,0.01,0.95,10.0,39600.0,0.938,0.139
2969,1 - 1 - 2022,19800.0,1.5524174696260025,1.3335216533675034,1.7782800679308082,0.002,0.00158489,0.00251189,0.124,0.1,0.15,1.17,1.0,1.5,882000.0,1660.0,25500.0,1.0,True,0.01,0.95,10.0,39600.0,0.938,0.139
2970,1 - 1 - 2022,19800.0,1.5459624833740306,1.3335216533675034,1.7782800679308082,0.00197,0.00158489,0.00251189,0.125,0.1,0.15,1.67,1.5,2.0,140000.0,662.0,0.0,1.0,True,0.01,0.95,10.0,39600.0,0.938,0.139
2971,1 - 1 - 2022,19800.0,1.5842979517754858,1.3335216533675034,1.7782800679308082,0.00199,0.00158489,0.00251189,0.127,0.1,0.15,2.42,2.0,4.0,12600.0,98.9,0.0,1.0,True,0.01,0.95,10.0,39600.0,0.938,0.139
2972,1 - 1 - 2022,19800.0,1.5524174696260025,1.3335216533675034,1.7782800679308082,0.00201,0.00158489,0.00251189,0.174,0.15,0.2,0.0333,0.0,0.05,1500000.0,6840.0,1440000.0,1.0,True,0.01,0.95,10.0,39600.0,0.938,0.139
2973,1 - 1 - 2022,19800.0,1.5427248620541512,1.3335216533675034,1.7782800679308082,0.002,0.00158489,0.00251189,0.174,0.15,0.2,0.0775,0.05,0.1,3780000.0,10900.0,3490000.0,1.0,True,0.01,0.95,10.0,39600.0,0.938,0.139
2974,1 - 1 - 2022,19800.0,1.5427248620541512,1.3335216533675034,1.7782800679308082,0.00201,0.00158489,0.00251189,0.173,0.15,0.2,0.153,0.1,0.2,6670000.0,10200.0,5400000.0,1.0,True,0.01,0.95,10.0,39600.0,0.938,0.139
2975,1 - 1 - 2022,19800.0,1.5459624833740306,1.3335216533675034,1.7782800679308082,0.00201,0.00158489,0.00251189,0.174,0.15,0.2,0.251,0.2,0.3,8800000.0,11700.0,6170000.0,1.0,True,0.01,0.95,10.0,39600.0,0.938,0.139
2976,1 - 1 - 2022,19800.0,1.5459624833740306,1.3335216533675034,1.7782800679308082,0.00201,0.00158489,0.00251189,0.173,0.15,0.2,0.349,0.3,0.4,8670000.0,11600.0,6180000.0,1.0,True,0.01,0.95,10.0,39600.0,0.938,0.139
2977,1 - 1 - 2022,19800.0,1.5459624833740306,1.3335216533675034,1.7782800679308082,0.00201,0.00158489,0.00251189,0.173,0.15,0.2,0.448,0.4,0.5,8120000.0,11300.0,5370000.0,1.0,True,0.01,0.95,10.0,39600.0,0.938,0.139
2978,1 - 1 - 2022,19800.0,1.5329709716755893,1.3335216533675034,1.7782800679308082,0.00201,0.00158489,0.00251189,0.174,0.15,0.2,0.547,0.5,0.6,6270000.0,9880.0,3840000.0,1.0,True,0.01,0.95,10.0,39600.0,0.938,0.139
2979,1 - 1 - 2022,19800.0,1.5427248620541512,1.3335216533675034,1.7782800679308082,0.00201,0.00158489,0.00251189,0.173,0.15,0.2,0.647,0.6,0.7,5100000.0,8910.0,2530000.0,1.0,True,0.01,0.95,10.0,39600.0,0.938,0.139
2980,1 - 1 - 2022,19800.0,1.5394804318340654,1.3335216533675034,1.7782800679308082,0.00201,0.00158489,0.00251189,0.173,0.15,0.2,0.747,0.7,0.8,3730000.0,7620.0,1410000.0,1.0,True,0.01,0.95,10.0,39600.0,0.938,0.139
2981,1 - 1 - 2022,19800.0,1.5362291495737217,1.3335216533675034,1.7782800679308082,0.002,0.00158489,0.00251189,0.174,0.15,0.2,0.846,0.8,0.9,2580000.0,6340.0,685000.0,1.0,True,0.01,0.95,10.0,39600.0,0.938,0.139
2982,1 - 1 - 2022,19800.0,1.5362291495737217,1.3335216533675034,1.7782800679308082,0.002,0.00158489,0.00251189,0.174,0.15,0.2,0.947,0.9,1.0,1730000.0,5190.0,303000.0,1.0,True,0.01,0.95,10.0,39600.0,0.938,0.139
2983,1 - 1 - 2022,19800.0,1.5394804318340654,1.3335216533675034,1.7782800679308082,0.002,0.00158489,0.00251189,0.175,0.15,0.2,1.17,1.0,1.5,656000.0,1430.0,34400.0,1.0,True,0.01,0.95,10.0,39600.0,0.938,0.139
2984,1 - 1 - 2022,19800.0,1.5459624833740306,1.3335216533675034,1.7782800679308082,0.002,0.00158489,0.00251189,0.176,0.15,0.2,1.69,1.5,2.0,125000.0,625.0,0.0,1.0,True,0.01,0.95,10.0,39600.0,0.938,0.139
2985,1 - 1 - 2022,19800.0,1.5748015748023623,1.3335216533675034,1.7782800679308082,0.00199,0.00158489,0.00251189,0.175,0.15,0.2,2.33,2.0,4.0,12400.0,98.3,0.0,1.0,True,0.01,0.95,10.0,39600.0,0.938,0.139
2986,1 - 1 - 2022,19800.0,1.5066519173319364,1.3335216533675034,1.7782800679308082,0.00202,0.00158489,0.00251189,0.225,0.2,0.25,0.0342,0.0,0.05,771000.0,4900.0,750000.0,1.0,True,0.01,0.95,10.0,39600.0,0.938,0.139
2987,1 - 1 - 2022,19800.0,1.5459624833740306,1.3335216533675034,1.7782800679308082,0.00201,0.00158489,0.00251189,0.222,0.2,0.25,0.0767,0.05,0.1,2490000.0,8810.0,2320000.0,1.0,True,0.01,0.95,10.0,39600.0,0.938,0.139
2988,1 - 1 - 2022,19800.0,1.5427248620541512,1.3335216533675034,1.7782800679308082,0.002,0.00158489,0.00251189,0.224,0.2,0.25,0.154,0.1,0.2,4400000.0,8280.0,3240000.0,1.0,True,0.01,0.95,10.0,39600.0,0.938,0.139
2989,1 - 1 - 2022,19800.0,1.5394804318340654,1.3335216533675034,1.7782800679308082,0.002,0.00158489,0.00251189,0.223,0.2,0.25,0.25,0.2,0.3,5650000.0,9390.0,3590000.0,1.0,True,0.01,0.95,10.0,39600.0,0.938,0.139
2990,1 - 1 - 2022,19800.0,1.5427248620541512,1.3335216533675034,1.7782800679308082,0.002,0.00158489,0.00251189,0.224,0.2,0.25,0.348,0.3,0.4,6100000.0,9750.0,3880000.0,1.0,True,0.01,0.95,10.0,39600.0,0.938,0.139
2991,1 - 1 - 2022,19800.0,1.5459624833740306,1.3335216533675034,1.7782800679308082,0.00201,0.00158489,0.00251189,0.223,0.2,0.25,0.449,0.4,0.5,5640000.0,9380.0,3110000.0,1.0,True,0.01,0.95,10.0,39600.0,0.938,0.139
2992,1 - 1 - 2022,19800.0,1.5491933384829668,1.3335216533675034,1.7782800679308082,0.00201,0.00158489,0.00251189,0.224,0.2,0.25,0.547,0.5,0.6,4430000.0,8310.0,2060000.0,1.0,True,0.01,0.95,10.0,39600.0,0.938,0.139
2993,1 - 1 - 2022,19800.0,1.5459624833740306,1.3335216533675034,1.7782800679308082,0.00201,0.00158489,0.00251189,0.224,0.2,0.25,0.648,0.6,0.7,3470000.0,7360.0,1280000.0,1.0,True,0.01,0.95,10.0,39600.0,0.938,0.139
2994,1 - 1 - 2022,19800.0,1.5491933384829668,1.3335216533675034,1.7782800679308082,0.00202,0.00158489,0.00251189,0.225,0.2,0.25,0.748,0.7,0.8,2480000.0,6220.0,588000.0,1.0,True,0.01,0.95,10.0,39600.0,0.938,0.139
2995,1 - 1 - 2022,19800.0,1.5394804318340654,1.3335216533675034,1.7782800679308082,0.00201,0.00158489,0.00251189,0.223,0.2,0.25,0.85,0.8,0.9,1930000.0,5490.0,358000.0,1.0,True,0.01,0.95,10.0,39600.0,0.938,0.139
2996,1 - 1 - 2022,19800.0,1.5329709716755893,1.3335216533675034,1.7782800679308082,0.00201,0.00158489,0.00251189,0.225,0.2,0.25,0.95,0.9,1.0,1280000.0,4470.0,213000.0,1.0,True,0.01,0.95,10.0,39600.0,0.938,0.139
2997,1 - 1 - 2022,19800.0,1.5459624833740306,1.3335216533675034,1.7782800679308082,0.00201,0.00158489,0.00251189,0.225,0.2,0.25,1.18,1.0,1.5,485000.0,1230.0,25500.0,1.0,True,0.01,0.95,10.0,39600.0,0.938,0.139
2998,1 - 1 - 2022,19800.0,1.5459624833740306,1.3335216533675034,1.7782800679308082,0.00205,0.00158489,0.00251189,0.226,0.2,0.25,1.7,1.5,2.0,92200.0,536.0,0.0,1.0,True,0.01,0.95,10.0,39600.0,0.938,0.139
2999,1 - 1 - 2022,19800.0,1.5620499351813308,1.3335216533675034,1.7782800679308082,0.002,0.00158489,0.00251189,0.224,0.2,0.25,2.34,2.0,4.0,9810.0,87.4,0.0,1.0,True,0.01,0.95,10.0,39600.0,0.938,0.139
3000,1 - 1 - 2022,19800.0,1.5394804318340654,1.3335216533675034,1.7782800679308082,0.00191,0.00158489,0.00251189,0.275,0.25,0.3,0.0332,0.0,0.05,613000.0,4370.0,578000.0,1.0,True,0.01,0.95,10.0,39600.0,0.938,0.139
3001,1 - 1 - 2022,19800.0,1.5459624833740306,1.3335216533675034,1.7782800679308082,0.00199,0.00158489,0.00251189,0.274,0.25,0.3,0.0777,0.05,0.1,1610000.0,7090.0,1230000.0,1.0,True,0.01,0.95,10.0,39600.0,0.938,0.139
3002,1 - 1 - 2022,19800.0,1.5394804318340654,1.3335216533675034,1.7782800679308082,0.00202,0.00158489,0.00251189,0.273,0.25,0.3,0.152,0.1,0.2,3260000.0,7130.0,1960000.0,1.0,True,0.01,0.95,10.0,39600.0,0.938,0.139
3003,1 - 1 - 2022,19800.0,1.5491933384829668,1.3335216533675034,1.7782800679308082,0.00201,0.00158489,0.00251189,0.274,0.25,0.3,0.251,0.2,0.3,4230000.0,8120.0,2560000.0,1.0,True,0.01,0.95,10.0,39600.0,0.938,0.139
3004,1 - 1 - 2022,19800.0,1.5394804318340654,1.3335216533675034,1.7782800679308082,0.002,0.00158489,0.00251189,0.274,0.25,0.3,0.348,0.3,0.4,4190000.0,8090.0,2410000.0,1.0,True,0.01,0.95,10.0,39600.0,0.938,0.139
3005,1 - 1 - 2022,19800.0,1.5491933384829668,1.3335216533675034,1.7782800679308082,0.00201,0.00158489,0.00251189,0.273,0.25,0.3,0.448,0.4,0.5,4010000.0,7900.0,1900000.0,1.0,True,0.01,0.95,10.0,39600.0,0.938,0.139
3006,1 - 1 - 2022,19800.0,1.5459624833740306,1.3335216533675034,1.7782800679308082,0.00201,0.00158489,0.00251189,0.274,0.25,0.3,0.549,0.5,0.6,3400000.0,7280.0,1340000.0,1.0,True,0.01,0.95,10.0,39600.0,0.938,0.139
3007,1 - 1 - 2022,19800.0,1.5524174696260025,1.3335216533675034,1.7782800679308082,0.00201,0.00158489,0.00251189,0.274,0.25,0.3,0.647,0.6,0.7,2550000.0,6300.0,891000.0,1.0,True,0.01,0.95,10.0,39600.0,0.938,0.139
3008,1 - 1 - 2022,19800.0,1.5524174696260025,1.3335216533675034,1.7782800679308082,0.00202,0.00158489,0.00251189,0.273,0.25,0.3,0.747,0.7,0.8,1910000.0,5460.0,506000.0,1.0,True,0.01,0.95,10.0,39600.0,0.938,0.139
3009,1 - 1 - 2022,19800.0,1.5427248620541512,1.3335216533675034,1.7782800679308082,0.002,0.00158489,0.00251189,0.274,0.25,0.3,0.847,0.8,0.9,1370000.0,4630.0,231000.0,1.0,True,0.01,0.95,10.0,39600.0,0.938,0.139
3010,1 - 1 - 2022,19800.0,1.5427248620541512,1.3335216533675034,1.7782800679308082,0.00201,0.00158489,0.00251189,0.273,0.25,0.3,0.949,0.9,1.0,967000.0,3880.0,72300.0,1.0,True,0.01,0.95,10.0,39600.0,0.938,0.139
3011,1 - 1 - 2022,19800.0,1.5394804318340654,1.3335216533675034,1.7782800679308082,0.002,0.00158489,0.00251189,0.275,0.25,0.3,1.18,1.0,1.5,386000.0,1100.0,15100.0,1.0,True,0.01,0.95,10.0,39600.0,0.938,0.139
3012,1 - 1 - 2022,19800.0,1.5556349186104046,1.3335216533675034,1.7782800679308082,0.00198,0.00158489,0.00251189,0.275,0.25,0.3,1.71,1.5,2.0,99800.0,558.0,0.0,1.0,True,0.01,0.95,10.0,39600.0,0.938,0.139
3013,1 - 1 - 2022,19800.0,1.5556349186104046,1.3335216533675034,1.7782800679308082,0.00205,0.00158489,0.00251189,0.272,0.25,0.3,2.48,2.0,4.0,10200.0,89.0,0.0,1.0,True,0.01,0.95,10.0,39600.0,0.938,0.139
3014,1 - 1 - 2022,19800.0,1.5524174696260025,1.3335216533675034,1.7782800679308082,0.00199,0.00158489,0.00251189,0.351,0.3,0.4,0.0323,0.0,0.05,317000.0,2220.0,103000.0,1.0,True,0.01,0.95,10.0,39600.0,0.938,0.139
3015,1 - 1 - 2022,19800.0,1.5427248620541512,1.3335216533675034,1.7782800679308082,0.00199,0.00158489,0.00251189,0.345,0.3,0.4,0.0783,0.05,0.1,1110000.0,4160.0,409000.0,1.0,True,0.01,0.95,10.0,39600.0,0.938,0.139
3016,1 - 1 - 2022,19800.0,1.5427248620541512,1.3335216533675034,1.7782800679308082,0.00201,0.00158489,0.00251189,0.346,0.3,0.4,0.155,0.1,0.2,1890000.0,3840.0,893000.0,1.0,True,0.01,0.95,10.0,39600.0,0.938,0.139
3017,1 - 1 - 2022,19800.0,1.5394804318340654,1.3335216533675034,1.7782800679308082,0.002,0.00158489,0.00251189,0.346,0.3,0.4,0.252,0.2,0.3,2750000.0,4630.0,1550000.0,1.0,True,0.01,0.95,10.0,39600.0,0.938,0.139
3018,1 - 1 - 2022,19800.0,1.5394804318340654,1.3335216533675034,1.7782800679308082,0.00201,0.00158489,0.00251189,0.346,0.3,0.4,0.35,0.3,0.4,2820000.0,4690.0,1370000.0,1.0,True,0.01,0.95,10.0,39600.0,0.938,0.139
3019,1 - 1 - 2022,19800.0,1.5427248620541512,1.3335216533675034,1.7782800679308082,0.00201,0.00158489,0.00251189,0.345,0.3,0.4,0.449,0.4,0.5,2430000.0,4350.0,1020000.0,1.0,True,0.01,0.95,10.0,39600.0,0.938,0.139
3020,1 - 1 - 2022,19800.0,1.5459624833740306,1.3335216533675034,1.7782800679308082,0.00199,0.00158489,0.00251189,0.345,0.3,0.4,0.549,0.5,0.6,2200000.0,4140.0,747000.0,1.0,True,0.01,0.95,10.0,39600.0,0.938,0.139
3021,1 - 1 - 2022,19800.0,1.5459624833740306,1.3335216533675034,1.7782800679308082,0.00201,0.00158489,0.00251189,0.344,0.3,0.4,0.646,0.6,0.7,1710000.0,3650.0,602000.0,1.0,True,0.01,0.95,10.0,39600.0,0.938,0.139
3022,1 - 1 - 2022,19800.0,1.5427248620541512,1.3335216533675034,1.7782800679308082,0.00201,0.00158489,0.00251189,0.345,0.3,0.4,0.746,0.7,0.8,1150000.0,2990.0,289000.0,1.0,True,0.01,0.95,10.0,39600.0,0.938,0.139
3023,1 - 1 - 2022,19800.0,1.5394804318340654,1.3335216533675034,1.7782800679308082,0.00201,0.00158489,0.00251189,0.345,0.3,0.4,0.847,0.8,0.9,950000.0,2720.0,189000.0,1.0,True,0.01,0.95,10.0,39600.0,0.938,0.139
3024,1 - 1 - 2022,19800.0,1.5524174696260025,1.3335216533675034,1.7782800679308082,0.00201,0.00158489,0.00251189,0.344,0.3,0.4,0.948,0.9,1.0,618000.0,2190.0,77400.0,1.0,True,0.01,0.95,10.0,39600.0,0.938,0.139
3025,1 - 1 - 2022,19800.0,1.5427248620541512,1.3335216533675034,1.7782800679308082,0.002,0.00158489,0.00251189,0.346,0.3,0.4,1.19,1.0,1.5,248000.0,621.0,18900.0,1.0,True,0.01,0.95,10.0,39600.0,0.938,0.139
3026,1 - 1 - 2022,19800.0,1.5459624833740306,1.3335216533675034,1.7782800679308082,0.00201,0.00158489,0.00251189,0.349,0.3,0.4,1.69,1.5,2.0,58500.0,302.0,344.0,1.0,True,0.01,0.95,10.0,39600.0,0.938,0.139
3027,1 - 1 - 2022,19800.0,1.5652475842498528,1.3335216533675034,1.7782800679308082,0.00203,0.00158489,0.00251189,0.348,0.3,0.4,2.52,2.0,4.0,7140.0,52.8,86.0,1.0,True,0.01,0.95,10.0,39600.0,0.938,0.139
3028,1 - 1 - 2022,19800.0,1.5329709716755893,1.3335216533675034,1.7782800679308082,0.002,0.00158489,0.00251189,0.441,0.4,0.5,0.0343,0.0,0.05,275000.0,2070.0,44700.0,1.0,True,0.01,0.95,10.0,39600.0,0.938,0.139
3029,1 - 1 - 2022,19800.0,1.5297058540778354,1.3335216533675034,1.7782800679308082,0.00202,0.00158489,0.00251189,0.447,0.4,0.5,0.0769,0.05,0.1,802000.0,3540.0,234000.0,1.0,True,0.01,0.95,10.0,39600.0,0.938,0.139
3030,1 - 1 - 2022,19800.0,1.5394804318340654,1.3335216533675034,1.7782800679308082,0.00201,0.00158489,0.00251189,0.446,0.4,0.5,0.152,0.1,0.2,1290000.0,3180.0,423000.0,1.0,True,0.01,0.95,10.0,39600.0,0.938,0.139
3031,1 - 1 - 2022,19800.0,1.5264337522473748,1.3335216533675034,1.7782800679308082,0.00201,0.00158489,0.00251189,0.444,0.4,0.5,0.25,0.2,0.3,1660000.0,3600.0,518000.0,1.0,True,0.01,0.95,10.0,39600.0,0.938,0.139
3032,1 - 1 - 2022,19800.0,1.5297058540778354,1.3335216533675034,1.7782800679308082,0.002,0.00158489,0.00251189,0.446,0.4,0.5,0.351,0.3,0.4,1710000.0,3650.0,521000.0,1.0,True,0.01,0.95,10.0,39600.0,0.938,0.139
3033,1 - 1 - 2022,19800.0,1.5427248620541512,1.3335216533675034,1.7782800679308082,0.002,0.00158489,0.00251189,0.445,0.4,0.5,0.448,0.4,0.5,1510000.0,3430.0,439000.0,1.0,True,0.01,0.95,10.0,39600.0,0.938,0.139
3034,1 - 1 - 2022,19800.0,1.5459624833740306,1.3335216533675034,1.7782800679308082,0.00201,0.00158489,0.00251189,0.446,0.4,0.5,0.549,0.5,0.6,1230000.0,3100.0,336000.0,1.0,True,0.01,0.95,10.0,39600.0,0.938,0.139
3035,1 - 1 - 2022,19800.0,1.5459624833740306,1.3335216533675034,1.7782800679308082,0.00202,0.00158489,0.00251189,0.447,0.4,0.5,0.648,0.6,0.7,996000.0,2790.0,265000.0,1.0,True,0.01,0.95,10.0,39600.0,0.938,0.139
3036,1 - 1 - 2022,19800.0,1.5491933384829668,1.3335216533675034,1.7782800679308082,0.002,0.00158489,0.00251189,0.445,0.4,0.5,0.748,0.7,0.8,745000.0,2410.0,170000.0,1.0,True,0.01,0.95,10.0,39600.0,0.938,0.139
3037,1 - 1 - 2022,19800.0,1.5459624833740306,1.3335216533675034,1.7782800679308082,0.00201,0.00158489,0.00251189,0.444,0.4,0.5,0.847,0.8,0.9,482000.0,1940.0,94600.0,1.0,True,0.01,0.95,10.0,39600.0,0.938,0.139
3038,1 - 1 - 2022,19800.0,1.5459624833740306,1.3335216533675034,1.7782800679308082,0.00199,0.00158489,0.00251189,0.446,0.4,0.5,0.95,0.9,1.0,349000.0,1650.0,74000.0,1.0,True,0.01,0.95,10.0,39600.0,0.938,0.139
3039,1 - 1 - 2022,19800.0,1.5427248620541512,1.3335216533675034,1.7782800679308082,0.002,0.00158489,0.00251189,0.447,0.4,0.5,1.18,1.0,1.5,141000.0,470.0,9640.0,1.0,True,0.01,0.95,10.0,39600.0,0.938,0.139
3040,1 - 1 - 2022,19800.0,1.51657508881031,1.3335216533675034,1.7782800679308082,0.00198,0.00158489,0.00251189,0.449,0.4,0.5,1.72,1.5,2.0,36100.0,237.0,344.0,1.0,True,0.01,0.95,10.0,39600.0,0.938,0.139
3041,1 - 1 - 2022,19800.0,1.5588457268119895,1.3335216533675034,1.7782800679308082,0.00202,0.00158489,0.00251189,0.452,0.4,0.5,2.46,2.0,4.0,5330.0,45.6,430.0,1.0,True,0.01,0.95,10.0,39600.0,0.938,0.139
3042,1 - 1 - 2022,19800.0,1.5394804318340654,1.3335216533675034,1.7782800679308082,0.00203,0.00158489,0.00251189,0.546,0.5,0.6,0.0323,0.0,0.05,169000.0,1620.0,65400.0,1.0,True,0.01,0.95,10.0,39600.0,0.938,0.139
3043,1 - 1 - 2022,19800.0,1.5362291495737217,1.3335216533675034,1.7782800679308082,0.00203,0.00158489,0.00251189,0.549,0.5,0.6,0.0761,0.05,0.1,530000.0,2870.0,138000.0,1.0,True,0.01,0.95,10.0,39600.0,0.938,0.139
3044,1 - 1 - 2022,19800.0,1.5329709716755893,1.3335216533675034,1.7782800679308082,0.00202,0.00158489,0.00251189,0.547,0.5,0.6,0.153,0.1,0.2,902000.0,2650.0,162000.0,1.0,True,0.01,0.95,10.0,39600.0,0.938,0.139
3045,1 - 1 - 2022,19800.0,1.5297058540778354,1.3335216533675034,1.7782800679308082,0.00201,0.00158489,0.00251189,0.546,0.5,0.6,0.253,0.2,0.3,1070000.0,2880.0,162000.0,1.0,True,0.01,0.95,10.0,39600.0,0.938,0.139
3046,1 - 1 - 2022,19800.0,1.5329709716755893,1.3335216533675034,1.7782800679308082,0.00201,0.00158489,0.00251189,0.547,0.5,0.6,0.349,0.3,0.4,1070000.0,2890.0,193000.0,1.0,True,0.01,0.95,10.0,39600.0,0.938,0.139
3047,1 - 1 - 2022,19800.0,1.5329709716755893,1.3335216533675034,1.7782800679308082,0.00201,0.00158489,0.00251189,0.545,0.5,0.6,0.451,0.4,0.5,914000.0,2670.0,186000.0,1.0,True,0.01,0.95,10.0,39600.0,0.938,0.139
3048,1 - 1 - 2022,19800.0,1.5459624833740306,1.3335216533675034,1.7782800679308082,0.00201,0.00158489,0.00251189,0.546,0.5,0.6,0.549,0.5,0.6,759000.0,2430.0,153000.0,1.0,True,0.01,0.95,10.0,39600.0,0.938,0.139
3049,1 - 1 - 2022,19800.0,1.5459624833740306,1.3335216533675034,1.7782800679308082,0.002,0.00158489,0.00251189,0.545,0.5,0.6,0.648,0.6,0.7,649000.0,2250.0,136000.0,1.0,True,0.01,0.95,10.0,39600.0,0.938,0.139
3050,1 - 1 - 2022,19800.0,1.5427248620541512,1.3335216533675034,1.7782800679308082,0.00202,0.00158489,0.00251189,0.548,0.5,0.6,0.745,0.7,0.8,473000.0,1920.0,112000.0,1.0,True,0.01,0.95,10.0,39600.0,0.938,0.139
3051,1 - 1 - 2022,19800.0,1.5394804318340654,1.3335216533675034,1.7782800679308082,0.00201,0.00158489,0.00251189,0.548,0.5,0.6,0.851,0.8,0.9,341000.0,1630.0,79100.0,1.0,True,0.01,0.95,10.0,39600.0,0.938,0.139
3052,1 - 1 - 2022,19800.0,1.5362291495737217,1.3335216533675034,1.7782800679308082,0.00202,0.00158489,0.00251189,0.547,0.5,0.6,0.95,0.9,1.0,239000.0,1370.0,36100.0,1.0,True,0.01,0.95,10.0,39600.0,0.938,0.139
3053,1 - 1 - 2022,19800.0,1.5459624833740306,1.3335216533675034,1.7782800679308082,0.00202,0.00158489,0.00251189,0.546,0.5,0.6,1.17,1.0,1.5,90500.0,376.0,6880.0,1.0,True,0.01,0.95,10.0,39600.0,0.938,0.139
3054,1 - 1 - 2022,19800.0,1.5264337522473748,1.3335216533675034,1.7782800679308082,0.00194,0.00158489,0.00251189,0.547,0.5,0.6,1.71,1.5,2.0,21300.0,182.0,344.0,1.0,True,0.01,0.95,10.0,39600.0,0.938,0.139
3055,1 - 1 - 2022,19800.0,1.5842979517754858,1.3335216533675034,1.7782800679308082,0.00204,0.00158489,0.00251189,0.549,0.5,0.6,2.41,2.0,4.0,3010.0,34.3,430.0,1.0,True,0.01,0.95,10.0,39600.0,0.938,0.139
3056,1 - 1 - 2022,19800.0,1.47648230602334,1.3335216533675034,1.7782800679308082,0.00206,0.00158489,0.00251189,0.642,0.6,0.7,0.0332,0.0,0.05,79200.0,1110.0,6880.0,1.0,True,0.01,0.95,10.0,39600.0,0.938,0.139
3057,1 - 1 - 2022,19800.0,1.5427248620541512,1.3335216533675034,1.7782800679308082,0.00204,0.00158489,0.00251189,0.637,0.6,0.7,0.0753,0.05,0.1,182000.0,1690.0,10300.0,1.0,True,0.01,0.95,10.0,39600.0,0.938,0.139
3058,1 - 1 - 2022,19800.0,1.5362291495737217,1.3335216533675034,1.7782800679308082,0.00201,0.00158489,0.00251189,0.64,0.6,0.7,0.148,0.1,0.2,365000.0,1690.0,25800.0,1.0,True,0.01,0.95,10.0,39600.0,0.938,0.139
3059,1 - 1 - 2022,19800.0,1.5264337522473748,1.3335216533675034,1.7782800679308082,0.002,0.00158489,0.00251189,0.641,0.6,0.7,0.254,0.2,0.3,551000.0,2070.0,53300.0,1.0,True,0.01,0.95,10.0,39600.0,0.938,0.139
3060,1 - 1 - 2022,19800.0,1.5264337522473748,1.3335216533675034,1.7782800679308082,0.002,0.00158489,0.00251189,0.644,0.6,0.7,0.347,0.3,0.4,595000.0,2150.0,53300.0,1.0,True,0.01,0.95,10.0,39600.0,0.938,0.139
3061,1 - 1 - 2022,19800.0,1.5329709716755893,1.3335216533675034,1.7782800679308082,0.00201,0.00158489,0.00251189,0.645,0.6,0.7,0.451,0.4,0.5,483000.0,1940.0,58500.0,1.0,True,0.01,0.95,10.0,39600.0,0.938,0.139
3062,1 - 1 - 2022,19800.0,1.5394804318340654,1.3335216533675034,1.7782800679308082,0.00205,0.00158489,0.00251189,0.645,0.6,0.7,0.548,0.5,0.6,439000.0,1850.0,56800.0,1.0,True,0.01,0.95,10.0,39600.0,0.938,0.139
3063,1 - 1 - 2022,19800.0,1.5297058540778354,1.3335216533675034,1.7782800679308082,0.00202,0.00158489,0.00251189,0.648,0.6,0.7,0.648,0.6,0.7,336000.0,1620.0,56800.0,1.0,True,0.01,0.95,10.0,39600.0,0.938,0.139
3064,1 - 1 - 2022,19800.0,1.5231546211727816,1.3335216533675034,1.7782800679308082,0.00198,0.00158489,0.00251189,0.65,0.6,0.7,0.746,0.7,0.8,270000.0,1450.0,49900.0,1.0,True,0.01,0.95,10.0,39600.0,0.938,0.139
3065,1 - 1 - 2022,19800.0,1.5198684153570663,1.3335216533675034,1.7782800679308082,0.00203,0.00158489,0.00251189,0.649,0.6,0.7,0.844,0.8,0.9,167000.0,1140.0,27500.0,1.0,True,0.01,0.95,10.0,39600.0,0.938,0.139
3066,1 - 1 - 2022,19800.0,1.5297058540778354,1.3335216533675034,1.7782800679308082,0.00209,0.00158489,0.00251189,0.653,0.6,0.7,0.944,0.9,1.0,115000.0,948.0,13800.0,1.0,True,0.01,0.95,10.0,39600.0,0.938,0.139
3067,1 - 1 - 2022,19800.0,1.5394804318340654,1.3335216533675034,1.7782800679308082,0.00204,0.00158489,0.00251189,0.646,0.6,0.7,1.18,1.0,1.5,49200.0,277.0,7570.0,1.0,True,0.01,0.95,10.0,39600.0,0.938,0.139
3068,1 - 1 - 2022,19800.0,1.5394804318340654,1.3335216533675034,1.7782800679308082,0.00199,0.00158489,0.00251189,0.647,0.6,0.7,1.7,1.5,2.0,13100.0,143.0,344.0,1.0,True,0.01,0.95,10.0,39600.0,0.938,0.139
3069,1 - 1 - 2022,19800.0,1.6031219541881396,1.3335216533675034,1.7782800679308082,0.00201,0.00158489,0.00251189,0.658,0.6,0.7,2.41,2.0,4.0,1120.0,20.9,430.0,1.0,True,0.01,0.95,10.0,39600.0,0.938,0.139
3070,1 - 1 - 2022,19800.0,1.5198684153570663,1.3335216533675034,1.7782800679308082,0.00214,0.00158489,0.00251189,0.754,0.7,0.8,0.0327,0.0,0.05,27500.0,655.0,0.0,1.0,True,0.01,0.95,10.0,39600.0,0.938,0.139
3071,1 - 1 - 2022,19800.0,1.5427248620541512,1.3335216533675034,1.7782800679308082,0.00194,0.00158489,0.00251189,0.748,0.7,0.8,0.0765,0.05,0.1,107000.0,1290.0,0.0,1.0,True,0.01,0.95,10.0,39600.0,0.938,0.139
3072,1 - 1 - 2022,19800.0,1.5362291495737217,1.3335216533675034,1.7782800679308082,0.00204,0.00158489,0.00251189,0.744,0.7,0.8,0.157,0.1,0.2,189000.0,1210.0,1720.0,1.0,True,0.01,0.95,10.0,39600.0,0.938,0.139
3073,1 - 1 - 2022,19800.0,1.5297058540778354,1.3335216533675034,1.7782800679308082,0.00203,0.00158489,0.00251189,0.746,0.7,0.8,0.25,0.2,0.3,265000.0,1440.0,5160.0,1.0,True,0.01,0.95,10.0,39600.0,0.938,0.139
3074,1 - 1 - 2022,19800.0,1.5362291495737217,1.3335216533675034,1.7782800679308082,0.00203,0.00158489,0.00251189,0.744,0.7,0.8,0.349,0.3,0.4,317000.0,1570.0,13800.0,1.0,True,0.01,0.95,10.0,39600.0,0.938,0.139
3075,1 - 1 - 2022,19800.0,1.51657508881031,1.3335216533675034,1.7782800679308082,0.00198,0.00158489,0.00251189,0.742,0.7,0.8,0.451,0.4,0.5,301000.0,1530.0,22400.0,1.0,True,0.01,0.95,10.0,39600.0,0.938,0.139
3076,1 - 1 - 2022,19800.0,1.5427248620541512,1.3335216533675034,1.7782800679308082,0.00202,0.00158489,0.00251189,0.746,0.7,0.8,0.549,0.5,0.6,291000.0,1510.0,24100.0,1.0,True,0.01,0.95,10.0,39600.0,0.938,0.139
3077,1 - 1 - 2022,19800.0,1.5231546211727816,1.3335216533675034,1.7782800679308082,0.00198,0.00158489,0.00251189,0.744,0.7,0.8,0.648,0.6,0.7,220000.0,1310.0,36100.0,1.0,True,0.01,0.95,10.0,39600.0,0.938,0.139
3078,1 - 1 - 2022,19800.0,1.5329709716755893,1.3335216533675034,1.7782800679308082,0.00201,0.00158489,0.00251189,0.745,0.7,0.8,0.746,0.7,0.8,169000.0,1150.0,27500.0,1.0,True,0.01,0.95,10.0,39600.0,0.938,0.139
3079,1 - 1 - 2022,19800.0,1.5264337522473748,1.3335216533675034,1.7782800679308082,0.00204,0.00158489,0.00251189,0.743,0.7,0.8,0.838,0.8,0.9,115000.0,948.0,8600.0,1.0,True,0.01,0.95,10.0,39600.0,0.938,0.139
3080,1 - 1 - 2022,19800.0,1.5491933384829668,1.3335216533675034,1.7782800679308082,0.00202,0.00158489,0.00251189,0.744,0.7,0.8,0.945,0.9,1.0,72300.0,751.0,18900.0,1.0,True,0.01,0.95,10.0,39600.0,0.938,0.139
3081,1 - 1 - 2022,19800.0,1.5556349186104046,1.3335216533675034,1.7782800679308082,0.002,0.00158489,0.00251189,0.741,0.7,0.8,1.17,1.0,1.5,27200.0,206.0,5510.0,1.0,True,0.01,0.95,10.0,39600.0,0.938,0.139
3082,1 - 1 - 2022,19800.0,1.5033296378372907,1.3335216533675034,1.7782800679308082,0.002,0.00158489,0.00251189,0.739,0.7,0.8,1.8,1.5,2.0,6190.0,98.3,0.0,1.0,True,0.01,0.95,10.0,39600.0,0.938,0.139
3083,1 - 1 - 2022,19800.0,1.5524174696260025,1.3335216533675034,1.7782800679308082,0.00179,0.00158489,0.00251189,0.723,0.7,0.8,2.61,2.0,4.0,344.0,11.6,172.0,1.0,True,0.01,0.95,10.0,39600.0,0.938,0.139
3084,1 - 1 - 2022,19800.0,1.5588457268119895,1.3335216533675034,1.7782800679308082,0.00177,0.00158489,0.00251189,0.826,0.8,0.9,0.0137,0.0,0.05,3440.0,232.0,0.0,1.0,True,0.01,0.95,10.0,39600.0,0.938,0.139
3085,1 - 1 - 2022,19800.0,1.5716233645501712,1.3335216533675034,1.7782800679308082,0.00205,0.00158489,0.00251189,0.852,0.8,0.9,0.0785,0.05,0.1,79100.0,1110.0,0.0,1.0,True,0.01,0.95,10.0,39600.0,0.938,0.139
3086,1 - 1 - 2022,19800.0,1.5066519173319364,1.3335216533675034,1.7782800679308082,0.00202,0.00158489,0.00251189,0.846,0.8,0.9,0.152,0.1,0.2,84300.0,811.0,1720.0,1.0,True,0.01,0.95,10.0,39600.0,0.938,0.139
3087,1 - 1 - 2022,19800.0,1.5198684153570663,1.3335216533675034,1.7782800679308082,0.002,0.00158489,0.00251189,0.845,0.8,0.9,0.244,0.2,0.3,158000.0,1110.0,0.0,1.0,True,0.01,0.95,10.0,39600.0,0.938,0.139
3088,1 - 1 - 2022,19800.0,1.5198684153570663,1.3335216533675034,1.7782800679308082,0.00201,0.00158489,0.00251189,0.842,0.8,0.9,0.346,0.3,0.4,206000.0,1270.0,0.0,1.0,True,0.01,0.95,10.0,39600.0,0.938,0.139
3089,1 - 1 - 2022,19800.0,1.5231546211727816,1.3335216533675034,1.7782800679308082,0.002,0.00158489,0.00251189,0.845,0.8,0.9,0.449,0.4,0.5,165000.0,1130.0,0.0,1.0,True,0.01,0.95,10.0,39600.0,0.938,0.139
3090,1 - 1 - 2022,19800.0,1.5427248620541512,1.3335216533675034,1.7782800679308082,0.00204,0.00158489,0.00251189,0.841,0.8,0.9,0.55,0.5,0.6,170000.0,1150.0,10300.0,1.0,True,0.01,0.95,10.0,39600.0,0.938,0.139
3091,1 - 1 - 2022,19800.0,1.5297058540778354,1.3335216533675034,1.7782800679308082,0.00203,0.00158489,0.00251189,0.842,0.8,0.9,0.646,0.6,0.7,158000.0,1110.0,13800.0,1.0,True,0.01,0.95,10.0,39600.0,0.938,0.139
3092,1 - 1 - 2022,19800.0,1.5556349186104046,1.3335216533675034,1.7782800679308082,0.00201,0.00158489,0.00251189,0.849,0.8,0.9,0.749,0.7,0.8,92900.0,851.0,6880.0,1.0,True,0.01,0.95,10.0,39600.0,0.938,0.139
3093,1 - 1 - 2022,19800.0,1.5652475842498528,1.3335216533675034,1.7782800679308082,0.00197,0.00158489,0.00251189,0.849,0.8,0.9,0.854,0.8,0.9,61900.0,695.0,6880.0,1.0,True,0.01,0.95,10.0,39600.0,0.938,0.139
3094,1 - 1 - 2022,19800.0,1.5588457268119895,1.3335216533675034,1.7782800679308082,0.00195,0.00158489,0.00251189,0.847,0.8,0.9,0.952,0.9,1.0,46500.0,602.0,8600.0,1.0,True,0.01,0.95,10.0,39600.0,0.938,0.139
3095,1 - 1 - 2022,19800.0,1.5427248620541512,1.3335216533675034,1.7782800679308082,0.00211,0.00158489,0.00251189,0.841,0.8,0.9,1.13,1.0,1.5,10700.0,129.0,1030.0,1.0,True,0.01,0.95,10.0,39600.0,0.938,0.139
3096,1 - 1 - 2022,19800.0,1.469693845669907,1.3335216533675034,1.7782800679308082,0.00185,0.00158489,0.00251189,0.847,0.8,0.9,1.66,1.5,2.0,1030.0,40.1,0.0,1.0,True,0.01,0.95,10.0,39600.0,0.938,0.139
3097,1 - 1 - 2022,19800.0,1.5842979517754858,1.3335216533675034,1.7782800679308082,0.00195,0.00158489,0.00251189,0.838,0.8,0.9,2.54,2.0,4.0,258.0,10.0,86.0,1.0,True,0.01,0.95,10.0,39600.0,0.938,0.139
3098,1 - 1 - 2022,19800.0,1.5491933384829668,1.3335216533675034,1.7782800679308082,0.00185,0.00158489,0.00251189,0.957,0.9,1.0,0.0359,0.0,0.05,3440.0,232.0,0.0,1.0,True,0.01,0.95,10.0,39600.0,0.938,0.139
3099,1 - 1 - 2022,19800.0,1.5556349186104046,1.3335216533675034,1.7782800679308082,0.002,0.00158489,0.00251189,0.936,0.9,1.0,0.0705,0.05,0.1,13800.0,463.0,0.0,1.0,True,0.01,0.95,10.0,39600.0,0.938,0.139
3100,1 - 1 - 2022,19800.0,1.5297058540778354,1.3335216533675034,1.7782800679308082,0.00204,0.00158489,0.00251189,0.929,0.9,1.0,0.158,0.1,0.2,43000.0,579.0,0.0,1.0,True,0.01,0.95,10.0,39600.0,0.938,0.139
3101,1 - 1 - 2022,19800.0,1.5329709716755893,1.3335216533675034,1.7782800679308082,0.00202,0.00158489,0.00251189,0.925,0.9,1.0,0.249,0.2,0.3,77400.0,777.0,0.0,1.0,True,0.01,0.95,10.0,39600.0,0.938,0.139
3102,1 - 1 - 2022,19800.0,1.489966442575134,1.3335216533675034,1.7782800679308082,0.002,0.00158489,0.00251189,0.933,0.9,1.0,0.348,0.3,0.4,48200.0,613.0,0.0,1.0,True,0.01,0.95,10.0,39600.0,0.938,0.139
3103,1 - 1 - 2022,19800.0,1.5297058540778354,1.3335216533675034,1.7782800679308082,0.00196,0.00158489,0.00251189,0.929,0.9,1.0,0.462,0.4,0.5,51600.0,634.0,0.0,1.0,True,0.01,0.95,10.0,39600.0,0.938,0.139
3104,1 - 1 - 2022,19800.0,1.5132745950421556,1.3335216533675034,1.7782800679308082,0.00198,0.00158489,0.00251189,0.928,0.9,1.0,0.549,0.5,0.6,63700.0,704.0,3440.0,1.0,True,0.01,0.95,10.0,39600.0,0.938,0.139
3105,1 - 1 - 2022,19800.0,1.5459624833740306,1.3335216533675034,1.7782800679308082,0.00199,0.00158489,0.00251189,0.926,0.9,1.0,0.638,0.6,0.7,44700.0,590.0,1720.0,1.0,True,0.01,0.95,10.0,39600.0,0.938,0.139
3106,1 - 1 - 2022,19800.0,1.5459624833740306,1.3335216533675034,1.7782800679308082,0.0021,0.00158489,0.00251189,0.925,0.9,1.0,0.747,0.7,0.8,32700.0,505.0,3440.0,1.0,True,0.01,0.95,10.0,39600.0,0.938,0.139
3107,1 - 1 - 2022,19800.0,1.5362291495737217,1.3335216533675034,1.7782800679308082,0.00221,0.00158489,0.00251189,0.931,0.9,1.0,0.858,0.8,0.9,13800.0,328.0,3440.0,1.0,True,0.01,0.95,10.0,39600.0,0.938,0.139
3108,1 - 1 - 2022,19800.0,1.5132745950421556,1.3335216533675034,1.7782800679308082,0.00214,0.00158489,0.00251189,0.942,0.9,1.0,0.962,0.9,1.0,17200.0,366.0,1720.0,1.0,True,0.01,0.95,10.0,39600.0,0.938,0.139
3109,1 - 1 - 2022,19800.0,1.5,1.3335216533675034,1.7782800679308082,0.00193,0.00158489,0.00251189,0.925,0.9,1.0,1.12,1.0,1.5,3100.0,69.5,1380.0,1.0,True,0.01,0.95,10.0,39600.0,0.938,0.139
3110,1 - 1 - 2022,19800.0,1.6155494421403511,1.3335216533675034,1.7782800679308082,0.00311,0.00251189,0.00398107,0.0433,0.0,0.05,0.0346,0.0,0.05,356000.0,2650.0,339000.0,1.0,True,0.01,0.95,10.0,39600.0,0.938,0.139
3111,1 - 1 - 2022,19800.0,1.5874507866387544,1.3335216533675034,1.7782800679308082,0.00303,0.00251189,0.00398107,0.0392,0.0,0.05,0.0793,0.05,0.1,2310000.0,6740.0,1830000.0,1.0,True,0.01,0.95,10.0,39600.0,0.938,0.139
3112,1 - 1 - 2022,19800.0,1.5652475842498528,1.3335216533675034,1.7782800679308082,0.00311,0.00251189,0.00398107,0.0343,0.0,0.05,0.16,0.1,0.2,9310000.0,9570.0,5870000.0,1.0,True,0.01,0.95,10.0,39600.0,0.938,0.139
3113,1 - 1 - 2022,19800.0,1.5556349186104046,1.3335216533675034,1.7782800679308082,0.00313,0.00251189,0.00398107,0.0306,0.0,0.05,0.252,0.2,0.3,17300000.0,13000.0,7550000.0,1.0,True,0.01,0.95,10.0,39600.0,0.938,0.139
3114,1 - 1 - 2022,19800.0,1.5524174696260025,1.3335216533675034,1.7782800679308082,0.00314,0.00251189,0.00398107,0.0293,0.0,0.05,0.349,0.3,0.4,19500000.0,13800.0,7190000.0,1.0,True,0.01,0.95,10.0,39600.0,0.938,0.139
3115,1 - 1 - 2022,19800.0,1.5524174696260025,1.3335216533675034,1.7782800679308082,0.00315,0.00251189,0.00398107,0.0287,0.0,0.05,0.448,0.4,0.5,16600000.0,12800.0,5750000.0,1.0,True,0.01,0.95,10.0,39600.0,0.938,0.139
3116,1 - 1 - 2022,19800.0,1.5524174696260025,1.3335216533675034,1.7782800679308082,0.00314,0.00251189,0.00398107,0.0291,0.0,0.05,0.547,0.5,0.6,12700000.0,11200.0,4160000.0,1.0,True,0.01,0.95,10.0,39600.0,0.938,0.139
3117,1 - 1 - 2022,19800.0,1.5556349186104046,1.3335216533675034,1.7782800679308082,0.00313,0.00251189,0.00398107,0.029,0.0,0.05,0.647,0.6,0.7,9030000.0,9430.0,3100000.0,1.0,True,0.01,0.95,10.0,39600.0,0.938,0.139
3118,1 - 1 - 2022,19800.0,1.5524174696260025,1.3335216533675034,1.7782800679308082,0.00314,0.00251189,0.00398107,0.0299,0.0,0.05,0.746,0.7,0.8,5680000.0,7470.0,2010000.0,1.0,True,0.01,0.95,10.0,39600.0,0.938,0.139
3119,1 - 1 - 2022,19800.0,1.5588457268119895,1.3335216533675034,1.7782800679308082,0.00313,0.00251189,0.00398107,0.0298,0.0,0.05,0.847,0.8,0.9,3680000.0,6020.0,1430000.0,1.0,True,0.01,0.95,10.0,39600.0,0.938,0.139
3120,1 - 1 - 2022,19800.0,1.5588457268119895,1.3335216533675034,1.7782800679308082,0.00312,0.00251189,0.00398107,0.032,0.0,0.05,0.944,0.9,1.0,2180000.0,4630.0,771000.0,1.0,True,0.01,0.95,10.0,39600.0,0.938,0.139
3121,1 - 1 - 2022,19800.0,1.5588457268119895,1.3335216533675034,1.7782800679308082,0.00311,0.00251189,0.00398107,0.0327,0.0,0.05,1.14,1.0,1.5,551000.0,1040.0,245000.0,1.0,True,0.01,0.95,10.0,39600.0,0.938,0.139
3122,1 - 1 - 2022,19800.0,1.5716233645501712,1.3335216533675034,1.7782800679308082,0.00311,0.00251189,0.00398107,0.0364,0.0,0.05,1.65,1.5,2.0,36000.0,266.0,21700.0,1.0,True,0.01,0.95,10.0,39600.0,0.938,0.139
3123,1 - 1 - 2022,19800.0,1.5556349186104046,1.3335216533675034,1.7782800679308082,0.00289,0.00251189,0.00398107,0.0424,0.0,0.05,2.24,2.0,4.0,1090.0,23.1,651.0,1.0,True,0.01,0.95,10.0,39600.0,0.938,0.139
3124,1 - 1 - 2022,19800.0,1.5427248620541512,1.3335216533675034,1.7782800679308082,0.00315,0.00251189,0.00398107,0.0732,0.05,0.1,0.0331,0.0,0.05,1920000.0,6140.0,1760000.0,1.0,True,0.01,0.95,10.0,39600.0,0.938,0.139
3125,1 - 1 - 2022,19800.0,1.5524174696260025,1.3335216533675034,1.7782800679308082,0.00316,0.00251189,0.00398107,0.0739,0.05,0.1,0.0779,0.05,0.1,5160000.0,10100.0,4310000.0,1.0,True,0.01,0.95,10.0,39600.0,0.938,0.139
3126,1 - 1 - 2022,19800.0,1.5394804318340654,1.3335216533675034,1.7782800679308082,0.00316,0.00251189,0.00398107,0.0724,0.05,0.1,0.155,0.1,0.2,9830000.0,9830.0,6740000.0,1.0,True,0.01,0.95,10.0,39600.0,0.938,0.139
3127,1 - 1 - 2022,19800.0,1.5394804318340654,1.3335216533675034,1.7782800679308082,0.00317,0.00251189,0.00398107,0.0727,0.05,0.1,0.25,0.2,0.3,13000000.0,11300.0,6230000.0,1.0,True,0.01,0.95,10.0,39600.0,0.938,0.139
3128,1 - 1 - 2022,19800.0,1.5394804318340654,1.3335216533675034,1.7782800679308082,0.00318,0.00251189,0.00398107,0.0729,0.05,0.1,0.349,0.3,0.4,12900000.0,11300.0,3650000.0,1.0,True,0.01,0.95,10.0,39600.0,0.938,0.139
3129,1 - 1 - 2022,19800.0,1.5394804318340654,1.3335216533675034,1.7782800679308082,0.00318,0.00251189,0.00398107,0.0726,0.05,0.1,0.449,0.4,0.5,11200000.0,10500.0,1460000.0,1.0,True,0.01,0.95,10.0,39600.0,0.938,0.139
3130,1 - 1 - 2022,19800.0,1.5362291495737217,1.3335216533675034,1.7782800679308082,0.00318,0.00251189,0.00398107,0.0727,0.05,0.1,0.547,0.5,0.6,8720000.0,9260.0,436000.0,1.0,True,0.01,0.95,10.0,39600.0,0.938,0.139
3131,1 - 1 - 2022,19800.0,1.5394804318340654,1.3335216533675034,1.7782800679308082,0.00318,0.00251189,0.00398107,0.0728,0.05,0.1,0.647,0.6,0.7,6420000.0,7940.0,73800.0,1.0,True,0.01,0.95,10.0,39600.0,0.938,0.139
3132,1 - 1 - 2022,19800.0,1.5427248620541512,1.3335216533675034,1.7782800679308082,0.0032,0.00251189,0.00398107,0.0733,0.05,0.1,0.748,0.7,0.8,4640000.0,6760.0,15200.0,1.0,True,0.01,0.95,10.0,39600.0,0.938,0.139
3133,1 - 1 - 2022,19800.0,1.5394804318340654,1.3335216533675034,1.7782800679308082,0.00318,0.00251189,0.00398107,0.0731,0.05,0.1,0.848,0.8,0.9,2850000.0,5300.0,0.0,1.0,True,0.01,0.95,10.0,39600.0,0.938,0.139
3134,1 - 1 - 2022,19800.0,1.5362291495737217,1.3335216533675034,1.7782800679308082,0.00318,0.00251189,0.00398107,0.0731,0.05,0.1,0.946,0.9,1.0,1890000.0,4310.0,0.375,1.0,True,0.01,0.95,10.0,39600.0,0.938,0.139
3135,1 - 1 - 2022,19800.0,1.5459624833740306,1.3335216533675034,1.7782800679308082,0.00316,0.00251189,0.00398107,0.0729,0.05,0.1,1.16,1.0,1.5,613000.0,1100.0,434.0,1.0,True,0.01,0.95,10.0,39600.0,0.938,0.139
3136,1 - 1 - 2022,19800.0,1.5427248620541512,1.3335216533675034,1.7782800679308082,0.0031,0.00251189,0.00398107,0.0742,0.05,0.1,1.68,1.5,2.0,79900.0,396.0,1740.0,1.0,True,0.01,0.95,10.0,39600.0,0.938,0.139
3137,1 - 1 - 2022,19800.0,1.57797338380595,1.3335216533675034,1.7782800679308082,0.00312,0.00251189,0.00398107,0.0755,0.05,0.1,2.27,2.0,4.0,5210.0,50.6,869.0,1.0,True,0.01,0.95,10.0,39600.0,0.938,0.139
3138,1 - 1 - 2022,19800.0,1.5297058540778354,1.3335216533675034,1.7782800679308082,0.00321,0.00251189,0.00398107,0.123,0.1,0.15,0.0331,0.0,0.05,1160000.0,4780.0,1150000.0,1.0,True,0.01,0.95,10.0,39600.0,0.938,0.139
3139,1 - 1 - 2022,19800.0,1.5427248620541512,1.3335216533675034,1.7782800679308082,0.00318,0.00251189,0.00398107,0.123,0.1,0.15,0.0769,0.05,0.1,3380000.0,8150.0,3300000.0,1.0,True,0.01,0.95,10.0,39600.0,0.938,0.139
3140,1 - 1 - 2022,19800.0,1.5491933384829668,1.3335216533675034,1.7782800679308082,0.00319,0.00251189,0.00398107,0.123,0.1,0.15,0.154,0.1,0.2,5930000.0,7640.0,5820000.0,1.0,True,0.01,0.95,10.0,39600.0,0.938,0.139
3141,1 - 1 - 2022,19800.0,1.5362291495737217,1.3335216533675034,1.7782800679308082,0.00319,0.00251189,0.00398107,0.123,0.1,0.15,0.251,0.2,0.3,7650000.0,8670.0,7160000.0,1.0,True,0.01,0.95,10.0,39600.0,0.938,0.139
3142,1 - 1 - 2022,19800.0,1.5394804318340654,1.3335216533675034,1.7782800679308082,0.00319,0.00251189,0.00398107,0.123,0.1,0.15,0.349,0.3,0.4,7610000.0,8650.0,6090000.0,1.0,True,0.01,0.95,10.0,39600.0,0.938,0.139
3143,1 - 1 - 2022,19800.0,1.5394804318340654,1.3335216533675034,1.7782800679308082,0.00318,0.00251189,0.00398107,0.123,0.1,0.15,0.449,0.4,0.5,6620000.0,8070.0,3970000.0,1.0,True,0.01,0.95,10.0,39600.0,0.938,0.139
3144,1 - 1 - 2022,19800.0,1.5459624833740306,1.3335216533675034,1.7782800679308082,0.00318,0.00251189,0.00398107,0.123,0.1,0.15,0.547,0.5,0.6,5520000.0,7370.0,2170000.0,1.0,True,0.01,0.95,10.0,39600.0,0.938,0.139
3145,1 - 1 - 2022,19800.0,1.5427248620541512,1.3335216533675034,1.7782800679308082,0.0032,0.00251189,0.00398107,0.123,0.1,0.15,0.647,0.6,0.7,4170000.0,6400.0,986000.0,1.0,True,0.01,0.95,10.0,39600.0,0.938,0.139
3146,1 - 1 - 2022,19800.0,1.5362291495737217,1.3335216533675034,1.7782800679308082,0.0032,0.00251189,0.00398107,0.124,0.1,0.15,0.748,0.7,0.8,2930000.0,5370.0,328000.0,1.0,True,0.01,0.95,10.0,39600.0,0.938,0.139
3147,1 - 1 - 2022,19800.0,1.5459624833740306,1.3335216533675034,1.7782800679308082,0.00318,0.00251189,0.00398107,0.123,0.1,0.15,0.846,0.8,0.9,2070000.0,4510.0,102000.0,1.0,True,0.01,0.95,10.0,39600.0,0.938,0.139
3148,1 - 1 - 2022,19800.0,1.5427248620541512,1.3335216533675034,1.7782800679308082,0.00321,0.00251189,0.00398107,0.123,0.1,0.15,0.947,0.9,1.0,1330000.0,3620.0,23900.0,1.0,True,0.01,0.95,10.0,39600.0,0.938,0.139
3149,1 - 1 - 2022,19800.0,1.5394804318340654,1.3335216533675034,1.7782800679308082,0.00317,0.00251189,0.00398107,0.125,0.1,0.15,1.17,1.0,1.5,479000.0,971.0,0.0,1.0,True,0.01,0.95,10.0,39600.0,0.938,0.139
3150,1 - 1 - 2022,19800.0,1.5652475842498528,1.3335216533675034,1.7782800679308082,0.00316,0.00251189,0.00398107,0.123,0.1,0.15,1.68,1.5,2.0,76000.0,387.0,434.0,1.0,True,0.01,0.95,10.0,39600.0,0.938,0.139
3151,1 - 1 - 2022,19800.0,1.5716233645501712,1.3335216533675034,1.7782800679308082,0.0032,0.00251189,0.00398107,0.128,0.1,0.15,2.34,2.0,4.0,4230.0,45.6,109.0,1.0,True,0.01,0.95,10.0,39600.0,0.938,0.139
3152,1 - 1 - 2022,19800.0,1.5329709716755893,1.3335216533675034,1.7782800679308082,0.0032,0.00251189,0.00398107,0.171,0.15,0.2,0.0349,0.0,0.05,699000.0,3710.0,569000.0,1.0,True,0.01,0.95,10.0,39600.0,0.938,0.139
3153,1 - 1 - 2022,19800.0,1.5459624833740306,1.3335216533675034,1.7782800679308082,0.00318,0.00251189,0.00398107,0.173,0.15,0.2,0.0771,0.05,0.1,2120000.0,6460.0,1810000.0,1.0,True,0.01,0.95,10.0,39600.0,0.938,0.139
3154,1 - 1 - 2022,19800.0,1.5427248620541512,1.3335216533675034,1.7782800679308082,0.00318,0.00251189,0.00398107,0.174,0.15,0.2,0.154,0.1,0.2,3810000.0,6120.0,3440000.0,1.0,True,0.01,0.95,10.0,39600.0,0.938,0.139
3155,1 - 1 - 2022,19800.0,1.5491933384829668,1.3335216533675034,1.7782800679308082,0.00318,0.00251189,0.00398107,0.174,0.15,0.2,0.251,0.2,0.3,5000000.0,7020.0,4650000.0,1.0,True,0.01,0.95,10.0,39600.0,0.938,0.139
3156,1 - 1 - 2022,19800.0,1.5427248620541512,1.3335216533675034,1.7782800679308082,0.00317,0.00251189,0.00398107,0.173,0.15,0.2,0.35,0.3,0.4,5080000.0,7070.0,4570000.0,1.0,True,0.01,0.95,10.0,39600.0,0.938,0.139
3157,1 - 1 - 2022,19800.0,1.5427248620541512,1.3335216533675034,1.7782800679308082,0.00318,0.00251189,0.00398107,0.173,0.15,0.2,0.449,0.4,0.5,4520000.0,6670.0,3500000.0,1.0,True,0.01,0.95,10.0,39600.0,0.938,0.139
3158,1 - 1 - 2022,19800.0,1.5459624833740306,1.3335216533675034,1.7782800679308082,0.00318,0.00251189,0.00398107,0.173,0.15,0.2,0.548,0.5,0.6,3700000.0,6040.0,2240000.0,1.0,True,0.01,0.95,10.0,39600.0,0.938,0.139
3159,1 - 1 - 2022,19800.0,1.5394804318340654,1.3335216533675034,1.7782800679308082,0.00319,0.00251189,0.00398107,0.174,0.15,0.2,0.647,0.6,0.7,2630000.0,5090.0,1190000.0,1.0,True,0.01,0.95,10.0,39600.0,0.938,0.139
3160,1 - 1 - 2022,19800.0,1.5459624833740306,1.3335216533675034,1.7782800679308082,0.0032,0.00251189,0.00398107,0.173,0.15,0.2,0.746,0.7,0.8,2080000.0,4520.0,730000.0,1.0,True,0.01,0.95,10.0,39600.0,0.938,0.139
3161,1 - 1 - 2022,19800.0,1.5394804318340654,1.3335216533675034,1.7782800679308082,0.00317,0.00251189,0.00398107,0.173,0.15,0.2,0.848,0.8,0.9,1450000.0,3770.0,304000.0,1.0,True,0.01,0.95,10.0,39600.0,0.938,0.139
3162,1 - 1 - 2022,19800.0,1.5264337522473748,1.3335216533675034,1.7782800679308082,0.00321,0.00251189,0.00398107,0.173,0.15,0.2,0.945,0.9,1.0,892000.0,2960.0,122000.0,1.0,True,0.01,0.95,10.0,39600.0,0.938,0.139
3163,1 - 1 - 2022,19800.0,1.5394804318340654,1.3335216533675034,1.7782800679308082,0.00316,0.00251189,0.00398107,0.174,0.15,0.2,1.18,1.0,1.5,337000.0,814.0,9550.0,1.0,True,0.01,0.95,10.0,39600.0,0.938,0.139
3164,1 - 1 - 2022,19800.0,1.5524174696260025,1.3335216533675034,1.7782800679308082,0.00319,0.00251189,0.00398107,0.175,0.15,0.2,1.69,1.5,2.0,66900.0,363.0,0.0,1.0,True,0.01,0.95,10.0,39600.0,0.938,0.139
3165,1 - 1 - 2022,19800.0,1.57797338380595,1.3335216533675034,1.7782800679308082,0.00315,0.00251189,0.00398107,0.171,0.15,0.2,2.42,2.0,4.0,5750.0,53.2,0.0,1.0,True,0.01,0.95,10.0,39600.0,0.938,0.139
3166,1 - 1 - 2022,19800.0,1.5588457268119895,1.3335216533675034,1.7782800679308082,0.00313,0.00251189,0.00398107,0.222,0.2,0.25,0.0343,0.0,0.05,430000.0,2910.0,282000.0,1.0,True,0.01,0.95,10.0,39600.0,0.938,0.139
3167,1 - 1 - 2022,19800.0,1.5394804318340654,1.3335216533675034,1.7782800679308082,0.00319,0.00251189,0.00398107,0.223,0.2,0.25,0.0778,0.05,0.1,1380000.0,5210.0,1030000.0,1.0,True,0.01,0.95,10.0,39600.0,0.938,0.139
3168,1 - 1 - 2022,19800.0,1.5362291495737217,1.3335216533675034,1.7782800679308082,0.00318,0.00251189,0.00398107,0.223,0.2,0.25,0.153,0.1,0.2,2610000.0,5060.0,2040000.0,1.0,True,0.01,0.95,10.0,39600.0,0.938,0.139
3169,1 - 1 - 2022,19800.0,1.5394804318340654,1.3335216533675034,1.7782800679308082,0.00319,0.00251189,0.00398107,0.223,0.2,0.25,0.251,0.2,0.3,3610000.0,5960.0,2930000.0,1.0,True,0.01,0.95,10.0,39600.0,0.938,0.139
3170,1 - 1 - 2022,19800.0,1.5427248620541512,1.3335216533675034,1.7782800679308082,0.00317,0.00251189,0.00398107,0.224,0.2,0.25,0.348,0.3,0.4,3490000.0,5860.0,2740000.0,1.0,True,0.01,0.95,10.0,39600.0,0.938,0.139
3171,1 - 1 - 2022,19800.0,1.5427248620541512,1.3335216533675034,1.7782800679308082,0.00318,0.00251189,0.00398107,0.223,0.2,0.25,0.448,0.4,0.5,3150000.0,5560.0,2300000.0,1.0,True,0.01,0.95,10.0,39600.0,0.938,0.139
3172,1 - 1 - 2022,19800.0,1.5394804318340654,1.3335216533675034,1.7782800679308082,0.00318,0.00251189,0.00398107,0.223,0.2,0.25,0.548,0.5,0.6,2560000.0,5020.0,1570000.0,1.0,True,0.01,0.95,10.0,39600.0,0.938,0.139
3173,1 - 1 - 2022,19800.0,1.5491933384829668,1.3335216533675034,1.7782800679308082,0.00318,0.00251189,0.00398107,0.224,0.2,0.25,0.647,0.6,0.7,2030000.0,4470.0,1010000.0,1.0,True,0.01,0.95,10.0,39600.0,0.938,0.139
3174,1 - 1 - 2022,19800.0,1.5427248620541512,1.3335216533675034,1.7782800679308082,0.00319,0.00251189,0.00398107,0.224,0.2,0.25,0.748,0.7,0.8,1450000.0,3770.0,556000.0,1.0,True,0.01,0.95,10.0,39600.0,0.938,0.139
3175,1 - 1 - 2022,19800.0,1.5394804318340654,1.3335216533675034,1.7782800679308082,0.00318,0.00251189,0.00398107,0.224,0.2,0.25,0.847,0.8,0.9,1020000.0,3170.0,315000.0,1.0,True,0.01,0.95,10.0,39600.0,0.938,0.139
3176,1 - 1 - 2022,19800.0,1.5362291495737217,1.3335216533675034,1.7782800679308082,0.00315,0.00251189,0.00398107,0.223,0.2,0.25,0.947,0.9,1.0,766000.0,2750.0,169000.0,1.0,True,0.01,0.95,10.0,39600.0,0.938,0.139
3177,1 - 1 - 2022,19800.0,1.5427248620541512,1.3335216533675034,1.7782800679308082,0.00318,0.00251189,0.00398107,0.225,0.2,0.25,1.17,1.0,1.5,278000.0,740.0,20800.0,1.0,True,0.01,0.95,10.0,39600.0,0.938,0.139
3178,1 - 1 - 2022,19800.0,1.5620499351813308,1.3335216533675034,1.7782800679308082,0.00312,0.00251189,0.00398107,0.225,0.2,0.25,1.74,1.5,2.0,53800.0,325.0,0.0,1.0,True,0.01,0.95,10.0,39600.0,0.938,0.139
3179,1 - 1 - 2022,19800.0,1.5231546211727816,1.3335216533675034,1.7782800679308082,0.00312,0.00251189,0.00398107,0.222,0.2,0.25,2.41,2.0,4.0,5430.0,51.7,0.0,1.0,True,0.01,0.95,10.0,39600.0,0.938,0.139
3180,1 - 1 - 2022,19800.0,1.5427248620541512,1.3335216533675034,1.7782800679308082,0.00309,0.00251189,0.00398107,0.274,0.25,0.3,0.0324,0.0,0.05,347000.0,2610.0,204000.0,1.0,True,0.01,0.95,10.0,39600.0,0.938,0.139
3181,1 - 1 - 2022,19800.0,1.5459624833740306,1.3335216533675034,1.7782800679308082,0.00319,0.00251189,0.00398107,0.274,0.25,0.3,0.077,0.05,0.1,1000000.0,4440.0,478000.0,1.0,True,0.01,0.95,10.0,39600.0,0.938,0.139
3182,1 - 1 - 2022,19800.0,1.5394804318340654,1.3335216533675034,1.7782800679308082,0.0032,0.00251189,0.00398107,0.274,0.25,0.3,0.154,0.1,0.2,1930000.0,4350.0,1220000.0,1.0,True,0.01,0.95,10.0,39600.0,0.938,0.139
3183,1 - 1 - 2022,19800.0,1.5394804318340654,1.3335216533675034,1.7782800679308082,0.0032,0.00251189,0.00398107,0.274,0.25,0.3,0.252,0.2,0.3,2440000.0,4900.0,1610000.0,1.0,True,0.01,0.95,10.0,39600.0,0.938,0.139
3184,1 - 1 - 2022,19800.0,1.5427248620541512,1.3335216533675034,1.7782800679308082,0.00319,0.00251189,0.00398107,0.274,0.25,0.3,0.348,0.3,0.4,2620000.0,5070.0,1690000.0,1.0,True,0.01,0.95,10.0,39600.0,0.938,0.139
3185,1 - 1 - 2022,19800.0,1.5427248620541512,1.3335216533675034,1.7782800679308082,0.0032,0.00251189,0.00398107,0.273,0.25,0.3,0.449,0.4,0.5,2380000.0,4840.0,1490000.0,1.0,True,0.01,0.95,10.0,39600.0,0.938,0.139
3186,1 - 1 - 2022,19800.0,1.5362291495737217,1.3335216533675034,1.7782800679308082,0.00317,0.00251189,0.00398107,0.274,0.25,0.3,0.546,0.5,0.6,1860000.0,4280.0,979000.0,1.0,True,0.01,0.95,10.0,39600.0,0.938,0.139
3187,1 - 1 - 2022,19800.0,1.5524174696260025,1.3335216533675034,1.7782800679308082,0.00317,0.00251189,0.00398107,0.274,0.25,0.3,0.648,0.6,0.7,1440000.0,3760.0,601000.0,1.0,True,0.01,0.95,10.0,39600.0,0.938,0.139
3188,1 - 1 - 2022,19800.0,1.5524174696260025,1.3335216533675034,1.7782800679308082,0.00315,0.00251189,0.00398107,0.274,0.25,0.3,0.748,0.7,0.8,1050000.0,3210.0,339000.0,1.0,True,0.01,0.95,10.0,39600.0,0.938,0.139
3189,1 - 1 - 2022,19800.0,1.5491933384829668,1.3335216533675034,1.7782800679308082,0.00319,0.00251189,0.00398107,0.272,0.25,0.3,0.849,0.8,0.9,773000.0,2760.0,228000.0,1.0,True,0.01,0.95,10.0,39600.0,0.938,0.139
3190,1 - 1 - 2022,19800.0,1.5459624833740306,1.3335216533675034,1.7782800679308082,0.00316,0.00251189,0.00398107,0.272,0.25,0.3,0.948,0.9,1.0,515000.0,2250.0,99900.0,1.0,True,0.01,0.95,10.0,39600.0,0.938,0.139
3191,1 - 1 - 2022,19800.0,1.5362291495737217,1.3335216533675034,1.7782800679308082,0.0032,0.00251189,0.00398107,0.274,0.25,0.3,1.18,1.0,1.5,209000.0,642.0,21700.0,1.0,True,0.01,0.95,10.0,39600.0,0.938,0.139
3192,1 - 1 - 2022,19800.0,1.5394804318340654,1.3335216533675034,1.7782800679308082,0.00314,0.00251189,0.00398107,0.273,0.25,0.3,1.69,1.5,2.0,41300.0,285.0,0.0,1.0,True,0.01,0.95,10.0,39600.0,0.938,0.139
3193,1 - 1 - 2022,19800.0,1.5588457268119895,1.3335216533675034,1.7782800679308082,0.00318,0.00251189,0.00398107,0.272,0.25,0.3,2.4,2.0,4.0,3470.0,41.3,0.0,1.0,True,0.01,0.95,10.0,39600.0,0.938,0.139
3194,1 - 1 - 2022,19800.0,1.5427248620541512,1.3335216533675034,1.7782800679308082,0.00321,0.00251189,0.00398107,0.348,0.3,0.4,0.0328,0.0,0.05,211000.0,1440.0,60800.0,1.0,True,0.01,0.95,10.0,39600.0,0.938,0.139
3195,1 - 1 - 2022,19800.0,1.5394804318340654,1.3335216533675034,1.7782800679308082,0.0032,0.00251189,0.00398107,0.349,0.3,0.4,0.078,0.05,0.1,690000.0,2610.0,234000.0,1.0,True,0.01,0.95,10.0,39600.0,0.938,0.139
3196,1 - 1 - 2022,19800.0,1.5459624833740306,1.3335216533675034,1.7782800679308082,0.00317,0.00251189,0.00398107,0.348,0.3,0.4,0.155,0.1,0.2,1200000.0,2430.0,574000.0,1.0,True,0.01,0.95,10.0,39600.0,0.938,0.139
3197,1 - 1 - 2022,19800.0,1.5394804318340654,1.3335216533675034,1.7782800679308082,0.00319,0.00251189,0.00398107,0.345,0.3,0.4,0.251,0.2,0.3,1520000.0,2730.0,764000.0,1.0,True,0.01,0.95,10.0,39600.0,0.938,0.139
3198,1 - 1 - 2022,19800.0,1.5427248620541512,1.3335216533675034,1.7782800679308082,0.00316,0.00251189,0.00398107,0.343,0.3,0.4,0.35,0.3,0.4,1680000.0,2880.0,809000.0,1.0,True,0.01,0.95,10.0,39600.0,0.938,0.139
3199,1 - 1 - 2022,19800.0,1.5362291495737217,1.3335216533675034,1.7782800679308082,0.00318,0.00251189,0.00398107,0.346,0.3,0.4,0.449,0.4,0.5,1550000.0,2770.0,703000.0,1.0,True,0.01,0.95,10.0,39600.0,0.938,0.139
3200,1 - 1 - 2022,19800.0,1.5459624833740306,1.3335216533675034,1.7782800679308082,0.00317,0.00251189,0.00398107,0.346,0.3,0.4,0.548,0.5,0.6,1260000.0,2490.0,486000.0,1.0,True,0.01,0.95,10.0,39600.0,0.938,0.139
3201,1 - 1 - 2022,19800.0,1.5491933384829668,1.3335216533675034,1.7782800679308082,0.00318,0.00251189,0.00398107,0.345,0.3,0.4,0.649,0.6,0.7,1000000.0,2220.0,334000.0,1.0,True,0.01,0.95,10.0,39600.0,0.938,0.139
3202,1 - 1 - 2022,19800.0,1.5459624833740306,1.3335216533675034,1.7782800679308082,0.00318,0.00251189,0.00398107,0.345,0.3,0.4,0.746,0.7,0.8,739000.0,1910.0,214000.0,1.0,True,0.01,0.95,10.0,39600.0,0.938,0.139
3203,1 - 1 - 2022,19800.0,1.5427248620541512,1.3335216533675034,1.7782800679308082,0.0032,0.00251189,0.00398107,0.346,0.3,0.4,0.847,0.8,0.9,512000.0,1590.0,132000.0,1.0,True,0.01,0.95,10.0,39600.0,0.938,0.139
3204,1 - 1 - 2022,19800.0,1.5459624833740306,1.3335216533675034,1.7782800679308082,0.0032,0.00251189,0.00398107,0.35,0.3,0.4,0.945,0.9,1.0,338000.0,1290.0,47800.0,1.0,True,0.01,0.95,10.0,39600.0,0.938,0.139
3205,1 - 1 - 2022,19800.0,1.5362291495737217,1.3335216533675034,1.7782800679308082,0.00317,0.00251189,0.00398107,0.346,0.3,0.4,1.18,1.0,1.5,140000.0,371.0,12200.0,1.0,True,0.01,0.95,10.0,39600.0,0.938,0.139
3206,1 - 1 - 2022,19800.0,1.5524174696260025,1.3335216533675034,1.7782800679308082,0.00313,0.00251189,0.00398107,0.347,0.3,0.4,1.71,1.5,2.0,29100.0,169.0,217.0,1.0,True,0.01,0.95,10.0,39600.0,0.938,0.139
3207,1 - 1 - 2022,19800.0,1.5620499351813308,1.3335216533675034,1.7782800679308082,0.00312,0.00251189,0.00398107,0.349,0.3,0.4,2.42,2.0,4.0,3090.0,27.6,0.0,1.0,True,0.01,0.95,10.0,39600.0,0.938,0.139
3208,1 - 1 - 2022,19800.0,1.5427248620541512,1.3335216533675034,1.7782800679308082,0.00315,0.00251189,0.00398107,0.442,0.4,0.5,0.0318,0.0,0.05,124000.0,1100.0,60800.0,1.0,True,0.01,0.95,10.0,39600.0,0.938,0.139
3209,1 - 1 - 2022,19800.0,1.5362291495737217,1.3335216533675034,1.7782800679308082,0.0032,0.00251189,0.00398107,0.446,0.4,0.5,0.0773,0.05,0.1,519000.0,2260.0,204000.0,1.0,True,0.01,0.95,10.0,39600.0,0.938,0.139
3210,1 - 1 - 2022,19800.0,1.5362291495737217,1.3335216533675034,1.7782800679308082,0.00318,0.00251189,0.00398107,0.445,0.4,0.5,0.154,0.1,0.2,795000.0,1980.0,177000.0,1.0,True,0.01,0.95,10.0,39600.0,0.938,0.139
3211,1 - 1 - 2022,19800.0,1.5362291495737217,1.3335216533675034,1.7782800679308082,0.00318,0.00251189,0.00398107,0.446,0.4,0.5,0.251,0.2,0.3,987000.0,2200.0,255000.0,1.0,True,0.01,0.95,10.0,39600.0,0.938,0.139
3212,1 - 1 - 2022,19800.0,1.5329709716755893,1.3335216533675034,1.7782800679308082,0.00321,0.00251189,0.00398107,0.446,0.4,0.5,0.35,0.3,0.4,1040000.0,2260.0,330000.0,1.0,True,0.01,0.95,10.0,39600.0,0.938,0.139
3213,1 - 1 - 2022,19800.0,1.5394804318340654,1.3335216533675034,1.7782800679308082,0.00319,0.00251189,0.00398107,0.446,0.4,0.5,0.449,0.4,0.5,902000.0,2110.0,301000.0,1.0,True,0.01,0.95,10.0,39600.0,0.938,0.139
3214,1 - 1 - 2022,19800.0,1.5362291495737217,1.3335216533675034,1.7782800679308082,0.00321,0.00251189,0.00398107,0.448,0.4,0.5,0.547,0.5,0.6,765000.0,1940.0,231000.0,1.0,True,0.01,0.95,10.0,39600.0,0.938,0.139
3215,1 - 1 - 2022,19800.0,1.5459624833740306,1.3335216533675034,1.7782800679308082,0.00319,0.00251189,0.00398107,0.446,0.4,0.5,0.648,0.6,0.7,574000.0,1680.0,141000.0,1.0,True,0.01,0.95,10.0,39600.0,0.938,0.139
3216,1 - 1 - 2022,19800.0,1.5329709716755893,1.3335216533675034,1.7782800679308082,0.00318,0.00251189,0.00398107,0.448,0.4,0.5,0.747,0.7,0.8,426000.0,1450.0,110000.0,1.0,True,0.01,0.95,10.0,39600.0,0.938,0.139
3217,1 - 1 - 2022,19800.0,1.5427248620541512,1.3335216533675034,1.7782800679308082,0.00321,0.00251189,0.00398107,0.445,0.4,0.5,0.848,0.8,0.9,307000.0,1230.0,80300.0,1.0,True,0.01,0.95,10.0,39600.0,0.938,0.139
3218,1 - 1 - 2022,19800.0,1.5524174696260025,1.3335216533675034,1.7782800679308082,0.00319,0.00251189,0.00398107,0.444,0.4,0.5,0.947,0.9,1.0,201000.0,994.0,41300.0,1.0,True,0.01,0.95,10.0,39600.0,0.938,0.139
3219,1 - 1 - 2022,19800.0,1.5491933384829668,1.3335216533675034,1.7782800679308082,0.00322,0.00251189,0.00398107,0.446,0.4,0.5,1.18,1.0,1.5,86900.0,292.0,7820.0,1.0,True,0.01,0.95,10.0,39600.0,0.938,0.139
3220,1 - 1 - 2022,19800.0,1.5394804318340654,1.3335216533675034,1.7782800679308082,0.00319,0.00251189,0.00398107,0.44,0.4,0.5,1.69,1.5,2.0,20600.0,142.0,0.0,1.0,True,0.01,0.95,10.0,39600.0,0.938,0.139
3221,1 - 1 - 2022,19800.0,1.5394804318340654,1.3335216533675034,1.7782800679308082,0.00297,0.00251189,0.00398107,0.441,0.4,0.5,2.49,2.0,4.0,1740.0,20.7,0.0,1.0,True,0.01,0.95,10.0,39600.0,0.938,0.139
3222,1 - 1 - 2022,19800.0,1.5652475842498528,1.3335216533675034,1.7782800679308082,0.00306,0.00251189,0.00398107,0.542,0.5,0.6,0.0309,0.0,0.05,113000.0,1050.0,21700.0,1.0,True,0.01,0.95,10.0,39600.0,0.938,0.139
3223,1 - 1 - 2022,19800.0,1.5264337522473748,1.3335216533675034,1.7782800679308082,0.0032,0.00251189,0.00398107,0.545,0.5,0.6,0.0776,0.05,0.1,339000.0,1830.0,91200.0,1.0,True,0.01,0.95,10.0,39600.0,0.938,0.139
3224,1 - 1 - 2022,19800.0,1.5362291495737217,1.3335216533675034,1.7782800679308082,0.00318,0.00251189,0.00398107,0.544,0.5,0.6,0.153,0.1,0.2,507000.0,1580.0,101000.0,1.0,True,0.01,0.95,10.0,39600.0,0.938,0.139
3225,1 - 1 - 2022,19800.0,1.5394804318340654,1.3335216533675034,1.7782800679308082,0.0032,0.00251189,0.00398107,0.547,0.5,0.6,0.249,0.2,0.3,616000.0,1740.0,90100.0,1.0,True,0.01,0.95,10.0,39600.0,0.938,0.139
3226,1 - 1 - 2022,19800.0,1.5329709716755893,1.3335216533675034,1.7782800679308082,0.00318,0.00251189,0.00398107,0.546,0.5,0.6,0.35,0.3,0.4,618000.0,1740.0,113000.0,1.0,True,0.01,0.95,10.0,39600.0,0.938,0.139
3227,1 - 1 - 2022,19800.0,1.5329709716755893,1.3335216533675034,1.7782800679308082,0.00319,0.00251189,0.00398107,0.546,0.5,0.6,0.449,0.4,0.5,586000.0,1700.0,127000.0,1.0,True,0.01,0.95,10.0,39600.0,0.938,0.139
3228,1 - 1 - 2022,19800.0,1.5362291495737217,1.3335216533675034,1.7782800679308082,0.00318,0.00251189,0.00398107,0.548,0.5,0.6,0.547,0.5,0.6,460000.0,1500.0,90100.0,1.0,True,0.01,0.95,10.0,39600.0,0.938,0.139
3229,1 - 1 - 2022,19800.0,1.5427248620541512,1.3335216533675034,1.7782800679308082,0.00316,0.00251189,0.00398107,0.547,0.5,0.6,0.644,0.6,0.7,347000.0,1310.0,85800.0,1.0,True,0.01,0.95,10.0,39600.0,0.938,0.139
3230,1 - 1 - 2022,19800.0,1.5297058540778354,1.3335216533675034,1.7782800679308082,0.00317,0.00251189,0.00398107,0.548,0.5,0.6,0.749,0.7,0.8,251000.0,1110.0,51000.0,1.0,True,0.01,0.95,10.0,39600.0,0.938,0.139
3231,1 - 1 - 2022,19800.0,1.5491933384829668,1.3335216533675034,1.7782800679308082,0.00319,0.00251189,0.00398107,0.545,0.5,0.6,0.846,0.8,0.9,192000.0,972.0,41300.0,1.0,True,0.01,0.95,10.0,39600.0,0.938,0.139
3232,1 - 1 - 2022,19800.0,1.5427248620541512,1.3335216533675034,1.7782800679308082,0.00318,0.00251189,0.00398107,0.546,0.5,0.6,0.948,0.9,1.0,121000.0,770.0,25000.0,1.0,True,0.01,0.95,10.0,39600.0,0.938,0.139
3233,1 - 1 - 2022,19800.0,1.5264337522473748,1.3335216533675034,1.7782800679308082,0.00323,0.00251189,0.00398107,0.546,0.5,0.6,1.17,1.0,1.5,49100.0,220.0,6080.0,1.0,True,0.01,0.95,10.0,39600.0,0.938,0.139
3234,1 - 1 - 2022,19800.0,1.5362291495737217,1.3335216533675034,1.7782800679308082,0.00321,0.00251189,0.00398107,0.546,0.5,0.6,1.7,1.5,2.0,11100.0,104.0,0.0,1.0,True,0.01,0.95,10.0,39600.0,0.938,0.139
3235,1 - 1 - 2022,19800.0,1.5556349186104046,1.3335216533675034,1.7782800679308082,0.00316,0.00251189,0.00398107,0.544,0.5,0.6,2.53,2.0,4.0,1250.0,17.5,0.0,1.0,True,0.01,0.95,10.0,39600.0,0.938,0.139
3236,1 - 1 - 2022,19800.0,1.5394804318340654,1.3335216533675034,1.7782800679308082,0.00315,0.00251189,0.00398107,0.624,0.6,0.7,0.0368,0.0,0.05,43400.0,654.0,0.0,1.0,True,0.01,0.95,10.0,39600.0,0.938,0.139
3237,1 - 1 - 2022,19800.0,1.5556349186104046,1.3335216533675034,1.7782800679308082,0.00312,0.00251189,0.00398107,0.64,0.6,0.7,0.0805,0.05,0.1,126000.0,1110.0,4340.0,1.0,True,0.01,0.95,10.0,39600.0,0.938,0.139
3238,1 - 1 - 2022,19800.0,1.5459624833740306,1.3335216533675034,1.7782800679308082,0.00322,0.00251189,0.00398107,0.641,0.6,0.7,0.155,0.1,0.2,242000.0,1090.0,15200.0,1.0,True,0.01,0.95,10.0,39600.0,0.938,0.139
3239,1 - 1 - 2022,19800.0,1.51657508881031,1.3335216533675034,1.7782800679308082,0.0032,0.00251189,0.00398107,0.64,0.6,0.7,0.249,0.2,0.3,310000.0,1240.0,45600.0,1.0,True,0.01,0.95,10.0,39600.0,0.938,0.139
3240,1 - 1 - 2022,19800.0,1.5297058540778354,1.3335216533675034,1.7782800679308082,0.00316,0.00251189,0.00398107,0.645,0.6,0.7,0.347,0.3,0.4,355000.0,1320.0,35800.0,1.0,True,0.01,0.95,10.0,39600.0,0.938,0.139
3241,1 - 1 - 2022,19800.0,1.5264337522473748,1.3335216533675034,1.7782800679308082,0.00322,0.00251189,0.00398107,0.646,0.6,0.7,0.453,0.4,0.5,315000.0,1240.0,48900.0,1.0,True,0.01,0.95,10.0,39600.0,0.938,0.139
3242,1 - 1 - 2022,19800.0,1.5394804318340654,1.3335216533675034,1.7782800679308082,0.00319,0.00251189,0.00398107,0.645,0.6,0.7,0.551,0.5,0.6,321000.0,1260.0,51000.0,1.0,True,0.01,0.95,10.0,39600.0,0.938,0.139
3243,1 - 1 - 2022,19800.0,1.5297058540778354,1.3335216533675034,1.7782800679308082,0.00327,0.00251189,0.00398107,0.645,0.6,0.7,0.65,0.6,0.7,234000.0,1070.0,47800.0,1.0,True,0.01,0.95,10.0,39600.0,0.938,0.139
3244,1 - 1 - 2022,19800.0,1.5394804318340654,1.3335216533675034,1.7782800679308082,0.0032,0.00251189,0.00398107,0.652,0.6,0.7,0.75,0.7,0.8,177000.0,933.0,20600.0,1.0,True,0.01,0.95,10.0,39600.0,0.938,0.139
3245,1 - 1 - 2022,19800.0,1.5362291495737217,1.3335216533675034,1.7782800679308082,0.00315,0.00251189,0.00398107,0.64,0.6,0.7,0.843,0.8,0.9,111000.0,738.0,17400.0,1.0,True,0.01,0.95,10.0,39600.0,0.938,0.139
3246,1 - 1 - 2022,19800.0,1.5427248620541512,1.3335216533675034,1.7782800679308082,0.00323,0.00251189,0.00398107,0.645,0.6,0.7,0.942,0.9,1.0,85800.0,649.0,11900.0,1.0,True,0.01,0.95,10.0,39600.0,0.938,0.139
3247,1 - 1 - 2022,19800.0,1.5394804318340654,1.3335216533675034,1.7782800679308082,0.00321,0.00251189,0.00398107,0.648,0.6,0.7,1.19,1.0,1.5,26500.0,161.0,3260.0,1.0,True,0.01,0.95,10.0,39600.0,0.938,0.139
3248,1 - 1 - 2022,19800.0,1.5684387141358123,1.3335216533675034,1.7782800679308082,0.00322,0.00251189,0.00398107,0.641,0.6,0.7,1.67,1.5,2.0,4340.0,65.3,217.0,1.0,True,0.01,0.95,10.0,39600.0,0.938,0.139
3249,1 - 1 - 2022,19800.0,1.493318452306808,1.3335216533675034,1.7782800679308082,0.0035,0.00251189,0.00398107,0.632,0.6,0.7,2.59,2.0,4.0,217.0,7.31,0.0,1.0,True,0.01,0.95,10.0,39600.0,0.938,0.139
3250,1 - 1 - 2022,19800.0,1.5264337522473748,1.3335216533675034,1.7782800679308082,0.00334,0.00251189,0.00398107,0.753,0.7,0.8,0.0332,0.0,0.05,23900.0,485.0,0.0,1.0,True,0.01,0.95,10.0,39600.0,0.938,0.139
3251,1 - 1 - 2022,19800.0,1.5198684153570663,1.3335216533675034,1.7782800679308082,0.00317,0.00251189,0.00398107,0.744,0.7,0.8,0.0777,0.05,0.1,84700.0,913.0,0.0,1.0,True,0.01,0.95,10.0,39600.0,0.938,0.139
3252,1 - 1 - 2022,19800.0,1.5198684153570663,1.3335216533675034,1.7782800679308082,0.00316,0.00251189,0.00398107,0.742,0.7,0.8,0.156,0.1,0.2,106000.0,723.0,2170.0,1.0,True,0.01,0.95,10.0,39600.0,0.938,0.139
3253,1 - 1 - 2022,19800.0,1.5362291495737217,1.3335216533675034,1.7782800679308082,0.00317,0.00251189,0.00398107,0.742,0.7,0.8,0.253,0.2,0.3,176000.0,930.0,5430.0,1.0,True,0.01,0.95,10.0,39600.0,0.938,0.139
3254,1 - 1 - 2022,19800.0,1.5297058540778354,1.3335216533675034,1.7782800679308082,0.00326,0.00251189,0.00398107,0.743,0.7,0.8,0.348,0.3,0.4,199000.0,988.0,15200.0,1.0,True,0.01,0.95,10.0,39600.0,0.938,0.139
3255,1 - 1 - 2022,19800.0,1.5524174696260025,1.3335216533675034,1.7782800679308082,0.00323,0.00251189,0.00398107,0.745,0.7,0.8,0.455,0.4,0.5,195000.0,980.0,21700.0,1.0,True,0.01,0.95,10.0,39600.0,0.938,0.139
3256,1 - 1 - 2022,19800.0,1.5264337522473748,1.3335216533675034,1.7782800679308082,0.00312,0.00251189,0.00398107,0.743,0.7,0.8,0.546,0.5,0.6,159000.0,883.0,8690.0,1.0,True,0.01,0.95,10.0,39600.0,0.938,0.139
3257,1 - 1 - 2022,19800.0,1.5264337522473748,1.3335216533675034,1.7782800679308082,0.00319,0.00251189,0.00398107,0.747,0.7,0.8,0.645,0.6,0.7,139000.0,827.0,9770.0,1.0,True,0.01,0.95,10.0,39600.0,0.938,0.139
3258,1 - 1 - 2022,19800.0,1.5329709716755893,1.3335216533675034,1.7782800679308082,0.00316,0.00251189,0.00398107,0.746,0.7,0.8,0.745,0.7,0.8,79300.0,624.0,13000.0,1.0,True,0.01,0.95,10.0,39600.0,0.938,0.139
3259,1 - 1 - 2022,19800.0,1.5588457268119895,1.3335216533675034,1.7782800679308082,0.0032,0.00251189,0.00398107,0.742,0.7,0.8,0.844,0.8,0.9,59700.0,542.0,8690.0,1.0,True,0.01,0.95,10.0,39600.0,0.938,0.139
3260,1 - 1 - 2022,19800.0,1.5231546211727816,1.3335216533675034,1.7782800679308082,0.00325,0.00251189,0.00398107,0.747,0.7,0.8,0.944,0.9,1.0,51000.0,501.0,6510.0,1.0,True,0.01,0.95,10.0,39600.0,0.938,0.139
3261,1 - 1 - 2022,19800.0,1.5491933384829668,1.3335216533675034,1.7782800679308082,0.00318,0.00251189,0.00398107,0.749,0.7,0.8,1.17,1.0,1.5,18200.0,134.0,2390.0,1.0,True,0.01,0.95,10.0,39600.0,0.938,0.139
3262,1 - 1 - 2022,19800.0,1.5099668870541498,1.3335216533675034,1.7782800679308082,0.00313,0.00251189,0.00398107,0.744,0.7,0.8,1.74,1.5,2.0,3470.0,58.5,434.0,1.0,True,0.01,0.95,10.0,39600.0,0.938,0.139
3263,1 - 1 - 2022,19800.0,1.6,1.3335216533675034,1.7782800679308082,0.00293,0.00251189,0.00398107,0.77,0.7,0.8,2.55,2.0,4.0,380.0,9.67,54.3,1.0,True,0.01,0.95,10.0,39600.0,0.938,0.139
3264,1 - 1 - 2022,19800.0,1.5427248620541512,1.3335216533675034,1.7782800679308082,0.00331,0.00251189,0.00398107,0.884,0.8,0.9,0.0413,0.0,0.05,4340.0,207.0,0.0,1.0,True,0.01,0.95,10.0,39600.0,0.938,0.139
3265,1 - 1 - 2022,19800.0,1.51657508881031,1.3335216533675034,1.7782800679308082,0.00327,0.00251189,0.00398107,0.845,0.8,0.9,0.0781,0.05,0.1,23900.0,485.0,0.0,1.0,True,0.01,0.95,10.0,39600.0,0.938,0.139
3266,1 - 1 - 2022,19800.0,1.5394804318340654,1.3335216533675034,1.7782800679308082,0.00315,0.00251189,0.00398107,0.848,0.8,0.9,0.155,0.1,0.2,64100.0,561.0,0.0,1.0,True,0.01,0.95,10.0,39600.0,0.938,0.139
3267,1 - 1 - 2022,19800.0,1.5394804318340654,1.3335216533675034,1.7782800679308082,0.00318,0.00251189,0.00398107,0.844,0.8,0.9,0.254,0.2,0.3,98800.0,697.0,0.0,1.0,True,0.01,0.95,10.0,39600.0,0.938,0.139
3268,1 - 1 - 2022,19800.0,1.5231546211727816,1.3335216533675034,1.7782800679308082,0.00323,0.00251189,0.00398107,0.843,0.8,0.9,0.354,0.3,0.4,127000.0,790.0,0.0,1.0,True,0.01,0.95,10.0,39600.0,0.938,0.139
3269,1 - 1 - 2022,19800.0,1.5231546211727816,1.3335216533675034,1.7782800679308082,0.00317,0.00251189,0.00398107,0.845,0.8,0.9,0.448,0.4,0.5,107000.0,727.0,8690.0,1.0,True,0.01,0.95,10.0,39600.0,0.938,0.139
3270,1 - 1 - 2022,19800.0,1.5264337522473748,1.3335216533675034,1.7782800679308082,0.00319,0.00251189,0.00398107,0.843,0.8,0.9,0.547,0.5,0.6,104000.0,716.0,4340.0,1.0,True,0.01,0.95,10.0,39600.0,0.938,0.139
3271,1 - 1 - 2022,19800.0,1.5394804318340654,1.3335216533675034,1.7782800679308082,0.00329,0.00251189,0.00398107,0.841,0.8,0.9,0.647,0.6,0.7,67300.0,575.0,4340.0,1.0,True,0.01,0.95,10.0,39600.0,0.938,0.139
3272,1 - 1 - 2022,19800.0,1.5198684153570663,1.3335216533675034,1.7782800679308082,0.00337,0.00251189,0.00398107,0.847,0.8,0.9,0.743,0.7,0.8,51000.0,501.0,1090.0,1.0,True,0.01,0.95,10.0,39600.0,0.938,0.139
3273,1 - 1 - 2022,19800.0,1.5,1.3335216533675034,1.7782800679308082,0.00319,0.00251189,0.00398107,0.84,0.8,0.9,0.851,0.8,0.9,45600.0,474.0,5430.0,1.0,True,0.01,0.95,10.0,39600.0,0.938,0.139
3274,1 - 1 - 2022,19800.0,1.6155494421403511,1.3335216533675034,1.7782800679308082,0.00334,0.00251189,0.00398107,0.855,0.8,0.9,0.939,0.9,1.0,18500.0,301.0,2170.0,1.0,True,0.01,0.95,10.0,39600.0,0.938,0.139
3275,1 - 1 - 2022,19800.0,1.5556349186104046,1.3335216533675034,1.7782800679308082,0.00319,0.00251189,0.00398107,0.841,0.8,0.9,1.17,1.0,1.5,9550.0,96.9,869.0,1.0,True,0.01,0.95,10.0,39600.0,0.938,0.139
3276,1 - 1 - 2022,19800.0,1.4832396974191326,1.3335216533675034,1.7782800679308082,0.00314,0.00251189,0.00398107,0.842,0.8,0.9,1.7,1.5,2.0,1740.0,41.3,217.0,1.0,True,0.01,0.95,10.0,39600.0,0.938,0.139
3277,1 - 1 - 2022,19800.0,1.6031219541881396,1.3335216533675034,1.7782800679308082,0.00331,0.00251189,0.00398107,0.931,0.9,1.0,0.0295,0.0,0.05,8690.0,292.0,0.0,1.0,True,0.01,0.95,10.0,39600.0,0.938,0.139
3278,1 - 1 - 2022,19800.0,1.489966442575134,1.3335216533675034,1.7782800679308082,0.0031,0.00251189,0.00398107,0.933,0.9,1.0,0.0829,0.05,0.1,10900.0,327.0,0.0,1.0,True,0.01,0.95,10.0,39600.0,0.938,0.139
3279,1 - 1 - 2022,19800.0,1.5198684153570663,1.3335216533675034,1.7782800679308082,0.0033,0.00251189,0.00398107,0.937,0.9,1.0,0.148,0.1,0.2,28200.0,373.0,0.0,1.0,True,0.01,0.95,10.0,39600.0,0.938,0.139
3280,1 - 1 - 2022,19800.0,1.5198684153570663,1.3335216533675034,1.7782800679308082,0.00326,0.00251189,0.00398107,0.933,0.9,1.0,0.254,0.2,0.3,29300.0,380.0,0.0,1.0,True,0.01,0.95,10.0,39600.0,0.938,0.139
3281,1 - 1 - 2022,19800.0,1.5588457268119895,1.3335216533675034,1.7782800679308082,0.00327,0.00251189,0.00398107,0.928,0.9,1.0,0.347,0.3,0.4,45600.0,474.0,0.0,1.0,True,0.01,0.95,10.0,39600.0,0.938,0.139
3282,1 - 1 - 2022,19800.0,1.5099668870541498,1.3335216533675034,1.7782800679308082,0.00323,0.00251189,0.00398107,0.932,0.9,1.0,0.438,0.4,0.5,34700.0,413.0,0.0,1.0,True,0.01,0.95,10.0,39600.0,0.938,0.139
3283,1 - 1 - 2022,19800.0,1.4798648586948742,1.3335216533675034,1.7782800679308082,0.00314,0.00251189,0.00398107,0.931,0.9,1.0,0.552,0.5,0.6,28200.0,373.0,1090.0,1.0,True,0.01,0.95,10.0,39600.0,0.938,0.139
3284,1 - 1 - 2022,19800.0,1.5264337522473748,1.3335216533675034,1.7782800679308082,0.00307,0.00251189,0.00398107,0.93,0.9,1.0,0.637,0.6,0.7,21700.0,327.0,1090.0,1.0,True,0.01,0.95,10.0,39600.0,0.938,0.139
3285,1 - 1 - 2022,19800.0,1.5264337522473748,1.3335216533675034,1.7782800679308082,0.00321,0.00251189,0.00398107,0.925,0.9,1.0,0.738,0.7,0.8,13000.0,253.0,0.0,1.0,True,0.01,0.95,10.0,39600.0,0.938,0.139
3286,1 - 1 - 2022,19800.0,1.5264337522473748,1.3335216533675034,1.7782800679308082,0.00313,0.00251189,0.00398107,0.932,0.9,1.0,0.842,0.8,0.9,19500.0,310.0,0.0,1.0,True,0.01,0.95,10.0,39600.0,0.938,0.139
3287,1 - 1 - 2022,19800.0,1.5874507866387544,1.3335216533675034,1.7782800679308082,0.00313,0.00251189,0.00398107,0.911,0.9,1.0,0.949,0.9,1.0,5430.0,163.0,0.0,1.0,True,0.01,0.95,10.0,39600.0,0.938,0.139
3288,1 - 1 - 2022,19800.0,1.5264337522473748,1.3335216533675034,1.7782800679308082,0.00347,0.00251189,0.00398107,0.923,0.9,1.0,1.18,1.0,1.5,1520.0,38.7,0.0,1.0,True,0.01,0.95,10.0,39600.0,0.938,0.139
3289,1 - 1 - 2022,19800.0,1.6733200530681511,1.3335216533675034,1.7782800679308082,0.00452,0.00398107,0.00630957,0.0466,0.0,0.05,0.038,0.0,0.05,32900.0,639.0,27400.0,1.0,True,0.01,0.95,10.0,39600.0,0.938,0.139
3290,1 - 1 - 2022,19800.0,1.6278820596099706,1.3335216533675034,1.7782800679308082,0.00473,0.00398107,0.00630957,0.0428,0.0,0.05,0.0824,0.05,0.1,359000.0,2110.0,345000.0,1.0,True,0.01,0.95,10.0,39600.0,0.938,0.139
3291,1 - 1 - 2022,19800.0,1.5937377450509227,1.3335216533675034,1.7782800679308082,0.00481,0.00398107,0.00630957,0.0395,0.0,0.05,0.163,0.1,0.2,2360000.0,3830.0,1940000.0,1.0,True,0.01,0.95,10.0,39600.0,0.938,0.139
3292,1 - 1 - 2022,19800.0,1.5716233645501712,1.3335216533675034,1.7782800679308082,0.0049,0.00398107,0.00630957,0.0364,0.0,0.05,0.254,0.2,0.3,5870000.0,6030.0,4150000.0,1.0,True,0.01,0.95,10.0,39600.0,0.938,0.139
3293,1 - 1 - 2022,19800.0,1.5620499351813308,1.3335216533675034,1.7782800679308082,0.00492,0.00398107,0.00630957,0.0346,0.0,0.05,0.35,0.3,0.4,7090000.0,6630.0,4310000.0,1.0,True,0.01,0.95,10.0,39600.0,0.938,0.139
3294,1 - 1 - 2022,19800.0,1.5620499351813308,1.3335216533675034,1.7782800679308082,0.00494,0.00398107,0.00630957,0.0339,0.0,0.05,0.448,0.4,0.5,6320000.0,6270.0,3520000.0,1.0,True,0.01,0.95,10.0,39600.0,0.938,0.139
3295,1 - 1 - 2022,19800.0,1.5588457268119895,1.3335216533675034,1.7782800679308082,0.00492,0.00398107,0.00630957,0.0337,0.0,0.05,0.548,0.5,0.6,4740000.0,5420.0,2680000.0,1.0,True,0.01,0.95,10.0,39600.0,0.938,0.139
3296,1 - 1 - 2022,19800.0,1.5652475842498528,1.3335216533675034,1.7782800679308082,0.00493,0.00398107,0.00630957,0.0344,0.0,0.05,0.647,0.6,0.7,3220000.0,4470.0,1790000.0,1.0,True,0.01,0.95,10.0,39600.0,0.938,0.139
3297,1 - 1 - 2022,19800.0,1.5652475842498528,1.3335216533675034,1.7782800679308082,0.00493,0.00398107,0.00630957,0.035,0.0,0.05,0.747,0.7,0.8,2120000.0,3630.0,1310000.0,1.0,True,0.01,0.95,10.0,39600.0,0.938,0.139
3298,1 - 1 - 2022,19800.0,1.5620499351813308,1.3335216533675034,1.7782800679308082,0.00488,0.00398107,0.00630957,0.036,0.0,0.05,0.846,0.8,0.9,1210000.0,2740.0,777000.0,1.0,True,0.01,0.95,10.0,39600.0,0.938,0.139
3299,1 - 1 - 2022,19800.0,1.5716233645501712,1.3335216533675034,1.7782800679308082,0.00493,0.00398107,0.00630957,0.0361,0.0,0.05,0.945,0.9,1.0,729000.0,2130.0,504000.0,1.0,True,0.01,0.95,10.0,39600.0,0.938,0.139
3300,1 - 1 - 2022,19800.0,1.5842979517754858,1.3335216533675034,1.7782800679308082,0.00484,0.00398107,0.00630957,0.0384,0.0,0.05,1.14,1.0,1.5,161000.0,446.0,118000.0,1.0,True,0.01,0.95,10.0,39600.0,0.938,0.139
3301,1 - 1 - 2022,19800.0,1.624807680927192,1.3335216533675034,1.7782800679308082,0.00468,0.00398107,0.00630957,0.0422,0.0,0.05,1.65,1.5,2.0,9590.0,109.0,8490.0,1.0,True,0.01,0.95,10.0,39600.0,0.938,0.139
3302,1 - 1 - 2022,19800.0,1.5556349186104046,1.3335216533675034,1.7782800679308082,0.00498,0.00398107,0.00630957,0.0778,0.05,0.1,0.0339,0.0,0.05,827000.0,3200.0,562000.0,1.0,True,0.01,0.95,10.0,39600.0,0.938,0.139
3303,1 - 1 - 2022,19800.0,1.5491933384829668,1.3335216533675034,1.7782800679308082,0.00501,0.00398107,0.00630957,0.0748,0.05,0.1,0.0772,0.05,0.1,2290000.0,5330.0,1310000.0,1.0,True,0.01,0.95,10.0,39600.0,0.938,0.139
3304,1 - 1 - 2022,19800.0,1.5459624833740306,1.3335216533675034,1.7782800679308082,0.00502,0.00398107,0.00630957,0.0731,0.05,0.1,0.156,0.1,0.2,4920000.0,5530.0,1840000.0,1.0,True,0.01,0.95,10.0,39600.0,0.938,0.139
3305,1 - 1 - 2022,19800.0,1.5394804318340654,1.3335216533675034,1.7782800679308082,0.00503,0.00398107,0.00630957,0.0727,0.05,0.1,0.251,0.2,0.3,7510000.0,6830.0,1290000.0,1.0,True,0.01,0.95,10.0,39600.0,0.938,0.139
3306,1 - 1 - 2022,19800.0,1.5427248620541512,1.3335216533675034,1.7782800679308082,0.00503,0.00398107,0.00630957,0.0725,0.05,0.1,0.35,0.3,0.4,7380000.0,6770.0,312000.0,1.0,True,0.01,0.95,10.0,39600.0,0.938,0.139
3307,1 - 1 - 2022,19800.0,1.5394804318340654,1.3335216533675034,1.7782800679308082,0.00502,0.00398107,0.00630957,0.0731,0.05,0.1,0.448,0.4,0.5,6380000.0,6290.0,84900.0,1.0,True,0.01,0.95,10.0,39600.0,0.938,0.139
3308,1 - 1 - 2022,19800.0,1.5362291495737217,1.3335216533675034,1.7782800679308082,0.00503,0.00398107,0.00630957,0.0727,0.05,0.1,0.548,0.5,0.6,5040000.0,5590.0,19200.0,1.0,True,0.01,0.95,10.0,39600.0,0.938,0.139
3309,1 - 1 - 2022,19800.0,1.5394804318340654,1.3335216533675034,1.7782800679308082,0.00503,0.00398107,0.00630957,0.0727,0.05,0.1,0.648,0.6,0.7,3530000.0,4680.0,24700.0,1.0,True,0.01,0.95,10.0,39600.0,0.938,0.139
3310,1 - 1 - 2022,19800.0,1.5362291495737217,1.3335216533675034,1.7782800679308082,0.00501,0.00398107,0.00630957,0.0733,0.05,0.1,0.746,0.7,0.8,2500000.0,3940.0,31500.0,1.0,True,0.01,0.95,10.0,39600.0,0.938,0.139
3311,1 - 1 - 2022,19800.0,1.5427248620541512,1.3335216533675034,1.7782800679308082,0.00504,0.00398107,0.00630957,0.0733,0.05,0.1,0.846,0.8,0.9,1660000.0,3210.0,31500.0,1.0,True,0.01,0.95,10.0,39600.0,0.938,0.139
3312,1 - 1 - 2022,19800.0,1.5394804318340654,1.3335216533675034,1.7782800679308082,0.00502,0.00398107,0.00630957,0.0733,0.05,0.1,0.947,0.9,1.0,948000.0,2430.0,41100.0,1.0,True,0.01,0.95,10.0,39600.0,0.938,0.139
3313,1 - 1 - 2022,19800.0,1.5394804318340654,1.3335216533675034,1.7782800679308082,0.00503,0.00398107,0.00630957,0.0741,0.05,0.1,1.16,1.0,1.5,313000.0,624.0,31000.0,1.0,True,0.01,0.95,10.0,39600.0,0.938,0.139
3314,1 - 1 - 2022,19800.0,1.5491933384829668,1.3335216533675034,1.7782800679308082,0.00493,0.00398107,0.00630957,0.0755,0.05,0.1,1.65,1.5,2.0,35300.0,209.0,8490.0,1.0,True,0.01,0.95,10.0,39600.0,0.938,0.139
3315,1 - 1 - 2022,19800.0,1.5874507866387544,1.3335216533675034,1.7782800679308082,0.00471,0.00398107,0.00630957,0.0785,0.05,0.1,2.25,2.0,4.0,1440.0,21.1,616.0,1.0,True,0.01,0.95,10.0,39600.0,0.938,0.139
3316,1 - 1 - 2022,19800.0,1.5329709716755893,1.3335216533675034,1.7782800679308082,0.00508,0.00398107,0.00630957,0.123,0.1,0.15,0.0333,0.0,0.05,688000.0,2920.0,540000.0,1.0,True,0.01,0.95,10.0,39600.0,0.938,0.139
3317,1 - 1 - 2022,19800.0,1.5362291495737217,1.3335216533675034,1.7782800679308082,0.00502,0.00398107,0.00630957,0.124,0.1,0.15,0.078,0.05,0.1,1870000.0,4820.0,1490000.0,1.0,True,0.01,0.95,10.0,39600.0,0.938,0.139
3318,1 - 1 - 2022,19800.0,1.5491933384829668,1.3335216533675034,1.7782800679308082,0.00502,0.00398107,0.00630957,0.124,0.1,0.15,0.154,0.1,0.2,3270000.0,4510.0,2270000.0,1.0,True,0.01,0.95,10.0,39600.0,0.938,0.139
3319,1 - 1 - 2022,19800.0,1.5427248620541512,1.3335216533675034,1.7782800679308082,0.00502,0.00398107,0.00630957,0.123,0.1,0.15,0.252,0.2,0.3,4430000.0,5240.0,2200000.0,1.0,True,0.01,0.95,10.0,39600.0,0.938,0.139
3320,1 - 1 - 2022,19800.0,1.5427248620541512,1.3335216533675034,1.7782800679308082,0.00505,0.00398107,0.00630957,0.123,0.1,0.15,0.35,0.3,0.4,4310000.0,5170.0,1420000.0,1.0,True,0.01,0.95,10.0,39600.0,0.938,0.139
3321,1 - 1 - 2022,19800.0,1.5427248620541512,1.3335216533675034,1.7782800679308082,0.00504,0.00398107,0.00630957,0.123,0.1,0.15,0.448,0.4,0.5,3820000.0,4870.0,707000.0,1.0,True,0.01,0.95,10.0,39600.0,0.938,0.139
3322,1 - 1 - 2022,19800.0,1.5427248620541512,1.3335216533675034,1.7782800679308082,0.00504,0.00398107,0.00630957,0.123,0.1,0.15,0.548,0.5,0.6,3150000.0,4420.0,288000.0,1.0,True,0.01,0.95,10.0,39600.0,0.938,0.139
3323,1 - 1 - 2022,19800.0,1.5394804318340654,1.3335216533675034,1.7782800679308082,0.005,0.00398107,0.00630957,0.124,0.1,0.15,0.648,0.6,0.7,2390000.0,3860.0,80800.0,1.0,True,0.01,0.95,10.0,39600.0,0.938,0.139
3324,1 - 1 - 2022,19800.0,1.5394804318340654,1.3335216533675034,1.7782800679308082,0.00502,0.00398107,0.00630957,0.123,0.1,0.15,0.746,0.7,0.8,1670000.0,3220.0,4110.0,1.0,True,0.01,0.95,10.0,39600.0,0.938,0.139
3325,1 - 1 - 2022,19800.0,1.5459624833740306,1.3335216533675034,1.7782800679308082,0.00504,0.00398107,0.00630957,0.124,0.1,0.15,0.846,0.8,0.9,1150000.0,2670.0,4110.0,1.0,True,0.01,0.95,10.0,39600.0,0.938,0.139
3326,1 - 1 - 2022,19800.0,1.5394804318340654,1.3335216533675034,1.7782800679308082,0.00504,0.00398107,0.00630957,0.124,0.1,0.15,0.946,0.9,1.0,738000.0,2140.0,0.178,1.0,True,0.01,0.95,10.0,39600.0,0.938,0.139
3327,1 - 1 - 2022,19800.0,1.5459624833740306,1.3335216533675034,1.7782800679308082,0.00503,0.00398107,0.00630957,0.124,0.1,0.15,1.16,1.0,1.5,229000.0,534.0,274.0,1.0,True,0.01,0.95,10.0,39600.0,0.938,0.139
3328,1 - 1 - 2022,19800.0,1.5524174696260025,1.3335216533675034,1.7782800679308082,0.00494,0.00398107,0.00630957,0.125,0.1,0.15,1.69,1.5,2.0,36200.0,212.0,274.0,1.0,True,0.01,0.95,10.0,39600.0,0.938,0.139
3329,1 - 1 - 2022,19800.0,1.5652475842498528,1.3335216533675034,1.7782800679308082,0.00516,0.00398107,0.00630957,0.125,0.1,0.15,2.3,2.0,4.0,1780.0,23.5,137.0,1.0,True,0.01,0.95,10.0,39600.0,0.938,0.139
3330,1 - 1 - 2022,19800.0,1.5362291495737217,1.3335216533675034,1.7782800679308082,0.00508,0.00398107,0.00630957,0.172,0.15,0.2,0.0334,0.0,0.05,422000.0,2290.0,419000.0,1.0,True,0.01,0.95,10.0,39600.0,0.938,0.139
3331,1 - 1 - 2022,19800.0,1.5362291495737217,1.3335216533675034,1.7782800679308082,0.005,0.00398107,0.00630957,0.174,0.15,0.2,0.0784,0.05,0.1,1240000.0,3930.0,1190000.0,1.0,True,0.01,0.95,10.0,39600.0,0.938,0.139
3332,1 - 1 - 2022,19800.0,1.5459624833740306,1.3335216533675034,1.7782800679308082,0.00501,0.00398107,0.00630957,0.174,0.15,0.2,0.154,0.1,0.2,2120000.0,3630.0,1940000.0,1.0,True,0.01,0.95,10.0,39600.0,0.938,0.139
3333,1 - 1 - 2022,19800.0,1.5459624833740306,1.3335216533675034,1.7782800679308082,0.00503,0.00398107,0.00630957,0.173,0.15,0.2,0.251,0.2,0.3,2820000.0,4190.0,2140000.0,1.0,True,0.01,0.95,10.0,39600.0,0.938,0.139
3334,1 - 1 - 2022,19800.0,1.5427248620541512,1.3335216533675034,1.7782800679308082,0.00504,0.00398107,0.00630957,0.174,0.15,0.2,0.349,0.3,0.4,2910000.0,4250.0,1710000.0,1.0,True,0.01,0.95,10.0,39600.0,0.938,0.139
3335,1 - 1 - 2022,19800.0,1.5427248620541512,1.3335216533675034,1.7782800679308082,0.00502,0.00398107,0.00630957,0.173,0.15,0.2,0.449,0.4,0.5,2590000.0,4010.0,1150000.0,1.0,True,0.01,0.95,10.0,39600.0,0.938,0.139
3336,1 - 1 - 2022,19800.0,1.5362291495737217,1.3335216533675034,1.7782800679308082,0.00503,0.00398107,0.00630957,0.173,0.15,0.2,0.548,0.5,0.6,2150000.0,3650.0,667000.0,1.0,True,0.01,0.95,10.0,39600.0,0.938,0.139
3337,1 - 1 - 2022,19800.0,1.5459624833740306,1.3335216533675034,1.7782800679308082,0.00502,0.00398107,0.00630957,0.174,0.15,0.2,0.645,0.6,0.7,1570000.0,3120.0,319000.0,1.0,True,0.01,0.95,10.0,39600.0,0.938,0.139
3338,1 - 1 - 2022,19800.0,1.5459624833740306,1.3335216533675034,1.7782800679308082,0.00503,0.00398107,0.00630957,0.174,0.15,0.2,0.747,0.7,0.8,1130000.0,2640.0,127000.0,1.0,True,0.01,0.95,10.0,39600.0,0.938,0.139
3339,1 - 1 - 2022,19800.0,1.5362291495737217,1.3335216533675034,1.7782800679308082,0.00505,0.00398107,0.00630957,0.174,0.15,0.2,0.847,0.8,0.9,810000.0,2240.0,28800.0,1.0,True,0.01,0.95,10.0,39600.0,0.938,0.139
3340,1 - 1 - 2022,19800.0,1.5231546211727816,1.3335216533675034,1.7782800679308082,0.00507,0.00398107,0.00630957,0.173,0.15,0.2,0.949,0.9,1.0,558000.0,1860.0,2740.0,1.0,True,0.01,0.95,10.0,39600.0,0.938,0.139
3341,1 - 1 - 2022,19800.0,1.5459624833740306,1.3335216533675034,1.7782800679308082,0.00504,0.00398107,0.00630957,0.174,0.15,0.2,1.17,1.0,1.5,183000.0,476.0,274.0,1.0,True,0.01,0.95,10.0,39600.0,0.938,0.139
3342,1 - 1 - 2022,19800.0,1.5329709716755893,1.3335216533675034,1.7782800679308082,0.00493,0.00398107,0.00630957,0.173,0.15,0.2,1.69,1.5,2.0,31800.0,199.0,0.0,1.0,True,0.01,0.95,10.0,39600.0,0.938,0.139
3343,1 - 1 - 2022,19800.0,1.61245154965971,1.3335216533675034,1.7782800679308082,0.00482,0.00398107,0.00630957,0.178,0.15,0.2,2.3,2.0,4.0,1230.0,19.6,0.0,1.0,True,0.01,0.95,10.0,39600.0,0.938,0.139
3344,1 - 1 - 2022,19800.0,1.5198684153570663,1.3335216533675034,1.7782800679308082,0.00497,0.00398107,0.00630957,0.224,0.2,0.25,0.0357,0.0,0.05,312000.0,1970.0,310000.0,1.0,True,0.01,0.95,10.0,39600.0,0.938,0.139
3345,1 - 1 - 2022,19800.0,1.5588457268119895,1.3335216533675034,1.7782800679308082,0.00504,0.00398107,0.00630957,0.224,0.2,0.25,0.0781,0.05,0.1,767000.0,3090.0,743000.0,1.0,True,0.01,0.95,10.0,39600.0,0.938,0.139
3346,1 - 1 - 2022,19800.0,1.5427248620541512,1.3335216533675034,1.7782800679308082,0.00503,0.00398107,0.00630957,0.223,0.2,0.25,0.155,0.1,0.2,1490000.0,3040.0,1410000.0,1.0,True,0.01,0.95,10.0,39600.0,0.938,0.139
3347,1 - 1 - 2022,19800.0,1.5459624833740306,1.3335216533675034,1.7782800679308082,0.00504,0.00398107,0.00630957,0.223,0.2,0.25,0.25,0.2,0.3,1940000.0,3470.0,1640000.0,1.0,True,0.01,0.95,10.0,39600.0,0.938,0.139
3348,1 - 1 - 2022,19800.0,1.5427248620541512,1.3335216533675034,1.7782800679308082,0.00502,0.00398107,0.00630957,0.223,0.2,0.25,0.349,0.3,0.4,2060000.0,3580.0,1420000.0,1.0,True,0.01,0.95,10.0,39600.0,0.938,0.139
3349,1 - 1 - 2022,19800.0,1.5459624833740306,1.3335216533675034,1.7782800679308082,0.00503,0.00398107,0.00630957,0.223,0.2,0.25,0.448,0.4,0.5,1840000.0,3380.0,1040000.0,1.0,True,0.01,0.95,10.0,39600.0,0.938,0.139
3350,1 - 1 - 2022,19800.0,1.5491933384829668,1.3335216533675034,1.7782800679308082,0.00507,0.00398107,0.00630957,0.224,0.2,0.25,0.549,0.5,0.6,1500000.0,3050.0,659000.0,1.0,True,0.01,0.95,10.0,39600.0,0.938,0.139
3351,1 - 1 - 2022,19800.0,1.5427248620541512,1.3335216533675034,1.7782800679308082,0.00509,0.00398107,0.00630957,0.223,0.2,0.25,0.648,0.6,0.7,1100000.0,2610.0,386000.0,1.0,True,0.01,0.95,10.0,39600.0,0.938,0.139
3352,1 - 1 - 2022,19800.0,1.5427248620541512,1.3335216533675034,1.7782800679308082,0.00504,0.00398107,0.00630957,0.223,0.2,0.25,0.748,0.7,0.8,826000.0,2260.0,218000.0,1.0,True,0.01,0.95,10.0,39600.0,0.938,0.139
3353,1 - 1 - 2022,19800.0,1.5362291495737217,1.3335216533675034,1.7782800679308082,0.005,0.00398107,0.00630957,0.222,0.2,0.25,0.845,0.8,0.9,632000.0,1980.0,115000.0,1.0,True,0.01,0.95,10.0,39600.0,0.938,0.139
3354,1 - 1 - 2022,19800.0,1.5264337522473748,1.3335216533675034,1.7782800679308082,0.00508,0.00398107,0.00630957,0.223,0.2,0.25,0.948,0.9,1.0,425000.0,1620.0,20500.0,1.0,True,0.01,0.95,10.0,39600.0,0.938,0.139
3355,1 - 1 - 2022,19800.0,1.5459624833740306,1.3335216533675034,1.7782800679308082,0.005,0.00398107,0.00630957,0.225,0.2,0.25,1.17,1.0,1.5,151000.0,433.0,1920.0,1.0,True,0.01,0.95,10.0,39600.0,0.938,0.139
3356,1 - 1 - 2022,19800.0,1.5684387141358123,1.3335216533675034,1.7782800679308082,0.00497,0.00398107,0.00630957,0.222,0.2,0.25,1.69,1.5,2.0,26900.0,183.0,0.0,1.0,True,0.01,0.95,10.0,39600.0,0.938,0.139
3357,1 - 1 - 2022,19800.0,1.5491933384829668,1.3335216533675034,1.7782800679308082,0.00499,0.00398107,0.00630957,0.225,0.2,0.25,2.38,2.0,4.0,2260.0,26.5,0.0,1.0,True,0.01,0.95,10.0,39600.0,0.938,0.139
3358,1 - 1 - 2022,19800.0,1.5491933384829668,1.3335216533675034,1.7782800679308082,0.00503,0.00398107,0.00630957,0.276,0.25,0.3,0.035,0.0,0.05,230000.0,1690.0,219000.0,1.0,True,0.01,0.95,10.0,39600.0,0.938,0.139
3359,1 - 1 - 2022,19800.0,1.5491933384829668,1.3335216533675034,1.7782800679308082,0.00502,0.00398107,0.00630957,0.272,0.25,0.3,0.0768,0.05,0.1,595000.0,2720.0,559000.0,1.0,True,0.01,0.95,10.0,39600.0,0.938,0.139
3360,1 - 1 - 2022,19800.0,1.5459624833740306,1.3335216533675034,1.7782800679308082,0.00503,0.00398107,0.00630957,0.274,0.25,0.3,0.157,0.1,0.2,1010000.0,2500.0,896000.0,1.0,True,0.01,0.95,10.0,39600.0,0.938,0.139
3361,1 - 1 - 2022,19800.0,1.5394804318340654,1.3335216533675034,1.7782800679308082,0.00504,0.00398107,0.00630957,0.273,0.25,0.3,0.251,0.2,0.3,1420000.0,2970.0,1190000.0,1.0,True,0.01,0.95,10.0,39600.0,0.938,0.139
3362,1 - 1 - 2022,19800.0,1.5427248620541512,1.3335216533675034,1.7782800679308082,0.00499,0.00398107,0.00630957,0.274,0.25,0.3,0.35,0.3,0.4,1470000.0,3020.0,1090000.0,1.0,True,0.01,0.95,10.0,39600.0,0.938,0.139
3363,1 - 1 - 2022,19800.0,1.5459624833740306,1.3335216533675034,1.7782800679308082,0.00504,0.00398107,0.00630957,0.274,0.25,0.3,0.448,0.4,0.5,1300000.0,2840.0,769000.0,1.0,True,0.01,0.95,10.0,39600.0,0.938,0.139
3364,1 - 1 - 2022,19800.0,1.5427248620541512,1.3335216533675034,1.7782800679308082,0.00505,0.00398107,0.00630957,0.273,0.25,0.3,0.549,0.5,0.6,1050000.0,2560.0,497000.0,1.0,True,0.01,0.95,10.0,39600.0,0.938,0.139
3365,1 - 1 - 2022,19800.0,1.5491933384829668,1.3335216533675034,1.7782800679308082,0.00504,0.00398107,0.00630957,0.274,0.25,0.3,0.649,0.6,0.7,811000.0,2240.0,297000.0,1.0,True,0.01,0.95,10.0,39600.0,0.938,0.139
3366,1 - 1 - 2022,19800.0,1.5394804318340654,1.3335216533675034,1.7782800679308082,0.00509,0.00398107,0.00630957,0.274,0.25,0.3,0.746,0.7,0.8,596000.0,1920.0,203000.0,1.0,True,0.01,0.95,10.0,39600.0,0.938,0.139
3367,1 - 1 - 2022,19800.0,1.5362291495737217,1.3335216533675034,1.7782800679308082,0.0051,0.00398107,0.00630957,0.274,0.25,0.3,0.847,0.8,0.9,469000.0,1710.0,121000.0,1.0,True,0.01,0.95,10.0,39600.0,0.938,0.139
3368,1 - 1 - 2022,19800.0,1.5362291495737217,1.3335216533675034,1.7782800679308082,0.00507,0.00398107,0.00630957,0.273,0.25,0.3,0.945,0.9,1.0,305000.0,1380.0,58900.0,1.0,True,0.01,0.95,10.0,39600.0,0.938,0.139
3369,1 - 1 - 2022,19800.0,1.5297058540778354,1.3335216533675034,1.7782800679308082,0.005,0.00398107,0.00630957,0.274,0.25,0.3,1.18,1.0,1.5,116000.0,379.0,7400.0,1.0,True,0.01,0.95,10.0,39600.0,0.938,0.139
3370,1 - 1 - 2022,19800.0,1.5620499351813308,1.3335216533675034,1.7782800679308082,0.00503,0.00398107,0.00630957,0.275,0.25,0.3,1.69,1.5,2.0,19200.0,154.0,0.0,1.0,True,0.01,0.95,10.0,39600.0,0.938,0.139
3371,1 - 1 - 2022,19800.0,1.6186414056238645,1.3335216533675034,1.7782800679308082,0.00537,0.00398107,0.00630957,0.28,0.25,0.3,2.43,2.0,4.0,1920.0,24.4,0.0,1.0,True,0.01,0.95,10.0,39600.0,0.938,0.139
3372,1 - 1 - 2022,19800.0,1.5297058540778354,1.3335216533675034,1.7782800679308082,0.00522,0.00398107,0.00630957,0.352,0.3,0.4,0.0327,0.0,0.05,127000.0,889.0,111000.0,1.0,True,0.01,0.95,10.0,39600.0,0.938,0.139
3373,1 - 1 - 2022,19800.0,1.5394804318340654,1.3335216533675034,1.7782800679308082,0.00504,0.00398107,0.00630957,0.345,0.3,0.4,0.0772,0.05,0.1,392000.0,1560.0,323000.0,1.0,True,0.01,0.95,10.0,39600.0,0.938,0.139
3374,1 - 1 - 2022,19800.0,1.5394804318340654,1.3335216533675034,1.7782800679308082,0.00499,0.00398107,0.00630957,0.346,0.3,0.4,0.155,0.1,0.2,658000.0,1430.0,473000.0,1.0,True,0.01,0.95,10.0,39600.0,0.938,0.139
3375,1 - 1 - 2022,19800.0,1.5394804318340654,1.3335216533675034,1.7782800679308082,0.00505,0.00398107,0.00630957,0.346,0.3,0.4,0.251,0.2,0.3,959000.0,1730.0,695000.0,1.0,True,0.01,0.95,10.0,39600.0,0.938,0.139
3376,1 - 1 - 2022,19800.0,1.5362291495737217,1.3335216533675034,1.7782800679308082,0.00503,0.00398107,0.00630957,0.344,0.3,0.4,0.349,0.3,0.4,948000.0,1720.0,600000.0,1.0,True,0.01,0.95,10.0,39600.0,0.938,0.139
3377,1 - 1 - 2022,19800.0,1.5459624833740306,1.3335216533675034,1.7782800679308082,0.00507,0.00398107,0.00630957,0.346,0.3,0.4,0.449,0.4,0.5,840000.0,1610.0,424000.0,1.0,True,0.01,0.95,10.0,39600.0,0.938,0.139
3378,1 - 1 - 2022,19800.0,1.5459624833740306,1.3335216533675034,1.7782800679308082,0.00505,0.00398107,0.00630957,0.346,0.3,0.4,0.551,0.5,0.6,713000.0,1490.0,314000.0,1.0,True,0.01,0.95,10.0,39600.0,0.938,0.139
3379,1 - 1 - 2022,19800.0,1.5362291495737217,1.3335216533675034,1.7782800679308082,0.00502,0.00398107,0.00630957,0.346,0.3,0.4,0.649,0.6,0.7,565000.0,1320.0,246000.0,1.0,True,0.01,0.95,10.0,39600.0,0.938,0.139
3380,1 - 1 - 2022,19800.0,1.5427248620541512,1.3335216533675034,1.7782800679308082,0.00503,0.00398107,0.00630957,0.344,0.3,0.4,0.746,0.7,0.8,442000.0,1170.0,146000.0,1.0,True,0.01,0.95,10.0,39600.0,0.938,0.139
3381,1 - 1 - 2022,19800.0,1.5427248620541512,1.3335216533675034,1.7782800679308082,0.00503,0.00398107,0.00630957,0.344,0.3,0.4,0.846,0.8,0.9,280000.0,932.0,86300.0,1.0,True,0.01,0.95,10.0,39600.0,0.938,0.139
3382,1 - 1 - 2022,19800.0,1.5556349186104046,1.3335216533675034,1.7782800679308082,0.00498,0.00398107,0.00630957,0.346,0.3,0.4,0.945,0.9,1.0,208000.0,802.0,54800.0,1.0,True,0.01,0.95,10.0,39600.0,0.938,0.139
3383,1 - 1 - 2022,19800.0,1.5329709716755893,1.3335216533675034,1.7782800679308082,0.00504,0.00398107,0.00630957,0.344,0.3,0.4,1.18,1.0,1.5,79000.0,221.0,12900.0,1.0,True,0.01,0.95,10.0,39600.0,0.938,0.139
3384,1 - 1 - 2022,19800.0,1.5652475842498528,1.3335216533675034,1.7782800679308082,0.005,0.00398107,0.00630957,0.346,0.3,0.4,1.69,1.5,2.0,16300.0,101.0,0.0,1.0,True,0.01,0.95,10.0,39600.0,0.938,0.139
3385,1 - 1 - 2022,19800.0,1.5842979517754858,1.3335216533675034,1.7782800679308082,0.00486,0.00398107,0.00630957,0.351,0.3,0.4,2.36,2.0,4.0,1510.0,15.3,0.0,1.0,True,0.01,0.95,10.0,39600.0,0.938,0.139
3386,1 - 1 - 2022,19800.0,1.5459624833740306,1.3335216533675034,1.7782800679308082,0.00497,0.00398107,0.00630957,0.443,0.4,0.5,0.0341,0.0,0.05,107000.0,814.0,42500.0,1.0,True,0.01,0.95,10.0,39600.0,0.938,0.139
3387,1 - 1 - 2022,19800.0,1.5329709716755893,1.3335216533675034,1.7782800679308082,0.00504,0.00398107,0.00630957,0.444,0.4,0.5,0.0779,0.05,0.1,282000.0,1320.0,136000.0,1.0,True,0.01,0.95,10.0,39600.0,0.938,0.139
3388,1 - 1 - 2022,19800.0,1.5427248620541512,1.3335216533675034,1.7782800679308082,0.00505,0.00398107,0.00630957,0.446,0.4,0.5,0.156,0.1,0.2,493000.0,1240.0,264000.0,1.0,True,0.01,0.95,10.0,39600.0,0.938,0.139
3389,1 - 1 - 2022,19800.0,1.5362291495737217,1.3335216533675034,1.7782800679308082,0.00504,0.00398107,0.00630957,0.446,0.4,0.5,0.249,0.2,0.3,588000.0,1350.0,256000.0,1.0,True,0.01,0.95,10.0,39600.0,0.938,0.139
3390,1 - 1 - 2022,19800.0,1.5394804318340654,1.3335216533675034,1.7782800679308082,0.00501,0.00398107,0.00630957,0.446,0.4,0.5,0.348,0.3,0.4,606000.0,1370.0,226000.0,1.0,True,0.01,0.95,10.0,39600.0,0.938,0.139
3391,1 - 1 - 2022,19800.0,1.5329709716755893,1.3335216533675034,1.7782800679308082,0.00508,0.00398107,0.00630957,0.445,0.4,0.5,0.448,0.4,0.5,521000.0,1270.0,201000.0,1.0,True,0.01,0.95,10.0,39600.0,0.938,0.139
3392,1 - 1 - 2022,19800.0,1.5491933384829668,1.3335216533675034,1.7782800679308082,0.00504,0.00398107,0.00630957,0.449,0.4,0.5,0.549,0.5,0.6,417000.0,1140.0,155000.0,1.0,True,0.01,0.95,10.0,39600.0,0.938,0.139
3393,1 - 1 - 2022,19800.0,1.5459624833740306,1.3335216533675034,1.7782800679308082,0.00504,0.00398107,0.00630957,0.446,0.4,0.5,0.645,0.6,0.7,310000.0,981.0,98600.0,1.0,True,0.01,0.95,10.0,39600.0,0.938,0.139
3394,1 - 1 - 2022,19800.0,1.5427248620541512,1.3335216533675034,1.7782800679308082,0.00504,0.00398107,0.00630957,0.446,0.4,0.5,0.745,0.7,0.8,256000.0,892.0,80800.0,1.0,True,0.01,0.95,10.0,39600.0,0.938,0.139
3395,1 - 1 - 2022,19800.0,1.5427248620541512,1.3335216533675034,1.7782800679308082,0.00509,0.00398107,0.00630957,0.446,0.4,0.5,0.845,0.8,0.9,164000.0,714.0,46600.0,1.0,True,0.01,0.95,10.0,39600.0,0.938,0.139
3396,1 - 1 - 2022,19800.0,1.5556349186104046,1.3335216533675034,1.7782800679308082,0.00502,0.00398107,0.00630957,0.445,0.4,0.5,0.949,0.9,1.0,134000.0,645.0,24700.0,1.0,True,0.01,0.95,10.0,39600.0,0.938,0.139
3397,1 - 1 - 2022,19800.0,1.5427248620541512,1.3335216533675034,1.7782800679308082,0.00501,0.00398107,0.00630957,0.443,0.4,0.5,1.18,1.0,1.5,47100.0,171.0,5890.0,1.0,True,0.01,0.95,10.0,39600.0,0.938,0.139
3398,1 - 1 - 2022,19800.0,1.5329709716755893,1.3335216533675034,1.7782800679308082,0.00502,0.00398107,0.00630957,0.444,0.4,0.5,1.69,1.5,2.0,9040.0,74.9,0.0,1.0,True,0.01,0.95,10.0,39600.0,0.938,0.139
3399,1 - 1 - 2022,19800.0,1.5716233645501712,1.3335216533675034,1.7782800679308082,0.00504,0.00398107,0.00630957,0.447,0.4,0.5,2.39,2.0,4.0,959.0,12.2,0.0,1.0,True,0.01,0.95,10.0,39600.0,0.938,0.139
3400,1 - 1 - 2022,19800.0,1.5297058540778354,1.3335216533675034,1.7782800679308082,0.00516,0.00398107,0.00630957,0.541,0.5,0.6,0.0294,0.0,0.05,57500.0,598.0,11000.0,1.0,True,0.01,0.95,10.0,39600.0,0.938,0.139
3401,1 - 1 - 2022,19800.0,1.5297058540778354,1.3335216533675034,1.7782800679308082,0.0052,0.00398107,0.00630957,0.544,0.5,0.6,0.0789,0.05,0.1,192000.0,1090.0,52100.0,1.0,True,0.01,0.95,10.0,39600.0,0.938,0.139
3402,1 - 1 - 2022,19800.0,1.5491933384829668,1.3335216533675034,1.7782800679308082,0.00502,0.00398107,0.00630957,0.549,0.5,0.6,0.153,0.1,0.2,311000.0,982.0,67100.0,1.0,True,0.01,0.95,10.0,39600.0,0.938,0.139
3403,1 - 1 - 2022,19800.0,1.5329709716755893,1.3335216533675034,1.7782800679308082,0.00506,0.00398107,0.00630957,0.546,0.5,0.6,0.251,0.2,0.3,378000.0,1080.0,80100.0,1.0,True,0.01,0.95,10.0,39600.0,0.938,0.139
3404,1 - 1 - 2022,19800.0,1.5297058540778354,1.3335216533675034,1.7782800679308082,0.00508,0.00398107,0.00630957,0.545,0.5,0.6,0.35,0.3,0.4,408000.0,1130.0,73300.0,1.0,True,0.01,0.95,10.0,39600.0,0.938,0.139
3405,1 - 1 - 2022,19800.0,1.5362291495737217,1.3335216533675034,1.7782800679308082,0.00505,0.00398107,0.00630957,0.546,0.5,0.6,0.449,0.4,0.5,337000.0,1020.0,74000.0,1.0,True,0.01,0.95,10.0,39600.0,0.938,0.139
3406,1 - 1 - 2022,19800.0,1.5556349186104046,1.3335216533675034,1.7782800679308082,0.00507,0.00398107,0.00630957,0.546,0.5,0.6,0.549,0.5,0.6,256000.0,890.0,61700.0,1.0,True,0.01,0.95,10.0,39600.0,0.938,0.139
3407,1 - 1 - 2022,19800.0,1.5524174696260025,1.3335216533675034,1.7782800679308082,0.00502,0.00398107,0.00630957,0.546,0.5,0.6,0.647,0.6,0.7,213000.0,813.0,53400.0,1.0,True,0.01,0.95,10.0,39600.0,0.938,0.139
3408,1 - 1 - 2022,19800.0,1.5556349186104046,1.3335216533675034,1.7782800679308082,0.00501,0.00398107,0.00630957,0.548,0.5,0.6,0.747,0.7,0.8,156000.0,696.0,35600.0,1.0,True,0.01,0.95,10.0,39600.0,0.938,0.139
3409,1 - 1 - 2022,19800.0,1.5394804318340654,1.3335216533675034,1.7782800679308082,0.00498,0.00398107,0.00630957,0.545,0.5,0.6,0.848,0.8,0.9,89700.0,528.0,19200.0,1.0,True,0.01,0.95,10.0,39600.0,0.938,0.139
3410,1 - 1 - 2022,19800.0,1.5588457268119895,1.3335216533675034,1.7782800679308082,0.00503,0.00398107,0.00630957,0.549,0.5,0.6,0.946,0.9,1.0,71900.0,472.0,11600.0,1.0,True,0.01,0.95,10.0,39600.0,0.938,0.139
3411,1 - 1 - 2022,19800.0,1.5491933384829668,1.3335216533675034,1.7782800679308082,0.00504,0.00398107,0.00630957,0.545,0.5,0.6,1.19,1.0,1.5,29000.0,134.0,5070.0,1.0,True,0.01,0.95,10.0,39600.0,0.938,0.139
3412,1 - 1 - 2022,19800.0,1.5427248620541512,1.3335216533675034,1.7782800679308082,0.00505,0.00398107,0.00630957,0.55,0.5,0.6,1.68,1.5,2.0,5340.0,57.6,137.0,1.0,True,0.01,0.95,10.0,39600.0,0.938,0.139
3413,1 - 1 - 2022,19800.0,1.5652475842498528,1.3335216533675034,1.7782800679308082,0.00471,0.00398107,0.00630957,0.533,0.5,0.6,2.27,2.0,4.0,754.0,10.8,0.0,1.0,True,0.01,0.95,10.0,39600.0,0.938,0.139
3414,1 - 1 - 2022,19800.0,1.5394804318340654,1.3335216533675034,1.7782800679308082,0.0049,0.00398107,0.00630957,0.622,0.6,0.7,0.0374,0.0,0.05,23300.0,380.0,4110.0,1.0,True,0.01,0.95,10.0,39600.0,0.938,0.139
3415,1 - 1 - 2022,19800.0,1.5297058540778354,1.3335216533675034,1.7782800679308082,0.005,0.00398107,0.00630957,0.638,0.6,0.7,0.076,0.05,0.1,82200.0,714.0,6850.0,1.0,True,0.01,0.95,10.0,39600.0,0.938,0.139
3416,1 - 1 - 2022,19800.0,1.5394804318340654,1.3335216533675034,1.7782800679308082,0.00512,0.00398107,0.00630957,0.642,0.6,0.7,0.157,0.1,0.2,126000.0,625.0,11000.0,1.0,True,0.01,0.95,10.0,39600.0,0.938,0.139
3417,1 - 1 - 2022,19800.0,1.5394804318340654,1.3335216533675034,1.7782800679308082,0.005,0.00398107,0.00630957,0.644,0.6,0.7,0.253,0.2,0.3,186000.0,759.0,8220.0,1.0,True,0.01,0.95,10.0,39600.0,0.938,0.139
3418,1 - 1 - 2022,19800.0,1.5362291495737217,1.3335216533675034,1.7782800679308082,0.00506,0.00398107,0.00630957,0.644,0.6,0.7,0.352,0.3,0.4,216000.0,820.0,16400.0,1.0,True,0.01,0.95,10.0,39600.0,0.938,0.139
3419,1 - 1 - 2022,19800.0,1.5297058540778354,1.3335216533675034,1.7782800679308082,0.00502,0.00398107,0.00630957,0.648,0.6,0.7,0.45,0.4,0.5,199000.0,786.0,24700.0,1.0,True,0.01,0.95,10.0,39600.0,0.938,0.139
3420,1 - 1 - 2022,19800.0,1.5329709716755893,1.3335216533675034,1.7782800679308082,0.00504,0.00398107,0.00630957,0.645,0.6,0.7,0.548,0.5,0.6,175000.0,738.0,32200.0,1.0,True,0.01,0.95,10.0,39600.0,0.938,0.139
3421,1 - 1 - 2022,19800.0,1.5427248620541512,1.3335216533675034,1.7782800679308082,0.00513,0.00398107,0.00630957,0.646,0.6,0.7,0.646,0.6,0.7,125000.0,624.0,15100.0,1.0,True,0.01,0.95,10.0,39600.0,0.938,0.139
3422,1 - 1 - 2022,19800.0,1.5329709716755893,1.3335216533675034,1.7782800679308082,0.00504,0.00398107,0.00630957,0.645,0.6,0.7,0.751,0.7,0.8,95900.0,546.0,21900.0,1.0,True,0.01,0.95,10.0,39600.0,0.938,0.139
3423,1 - 1 - 2022,19800.0,1.5556349186104046,1.3335216533675034,1.7782800679308082,0.00494,0.00398107,0.00630957,0.643,0.6,0.7,0.843,0.8,0.9,64400.0,447.0,15100.0,1.0,True,0.01,0.95,10.0,39600.0,0.938,0.139
3424,1 - 1 - 2022,19800.0,1.5132745950421556,1.3335216533675034,1.7782800679308082,0.00499,0.00398107,0.00630957,0.648,0.6,0.7,0.945,0.9,1.0,46600.0,380.0,8220.0,1.0,True,0.01,0.95,10.0,39600.0,0.938,0.139
3425,1 - 1 - 2022,19800.0,1.5394804318340654,1.3335216533675034,1.7782800679308082,0.00498,0.00398107,0.00630957,0.652,0.6,0.7,1.2,1.0,1.5,17500.0,104.0,2330.0,1.0,True,0.01,0.95,10.0,39600.0,0.938,0.139
3426,1 - 1 - 2022,19800.0,1.5652475842498528,1.3335216533675034,1.7782800679308082,0.00513,0.00398107,0.00630957,0.637,0.6,0.7,1.71,1.5,2.0,2600.0,40.2,0.0,1.0,True,0.01,0.95,10.0,39600.0,0.938,0.139
3427,1 - 1 - 2022,19800.0,1.51657508881031,1.3335216533675034,1.7782800679308082,0.00486,0.00398107,0.00630957,0.638,0.6,0.7,2.25,2.0,4.0,377.0,7.65,0.0,1.0,True,0.01,0.95,10.0,39600.0,0.938,0.139
3428,1 - 1 - 2022,19800.0,1.5132745950421556,1.3335216533675034,1.7782800679308082,0.00518,0.00398107,0.00630957,0.738,0.7,0.8,0.0218,0.0,0.05,13700.0,292.0,0.0,1.0,True,0.01,0.95,10.0,39600.0,0.938,0.139
3429,1 - 1 - 2022,19800.0,1.5329709716755893,1.3335216533675034,1.7782800679308082,0.00497,0.00398107,0.00630957,0.745,0.7,0.8,0.0811,0.05,0.1,49300.0,553.0,0.0,1.0,True,0.01,0.95,10.0,39600.0,0.938,0.139
3430,1 - 1 - 2022,19800.0,1.5394804318340654,1.3335216533675034,1.7782800679308082,0.00506,0.00398107,0.00630957,0.747,0.7,0.8,0.15,0.1,0.2,84900.0,513.0,1370.0,1.0,True,0.01,0.95,10.0,39600.0,0.938,0.139
3431,1 - 1 - 2022,19800.0,1.5329709716755893,1.3335216533675034,1.7782800679308082,0.00498,0.00398107,0.00630957,0.748,0.7,0.8,0.249,0.2,0.3,110000.0,583.0,685.0,1.0,True,0.01,0.95,10.0,39600.0,0.938,0.139
3432,1 - 1 - 2022,19800.0,1.5231546211727816,1.3335216533675034,1.7782800679308082,0.00511,0.00398107,0.00630957,0.746,0.7,0.8,0.352,0.3,0.4,128000.0,630.0,6160.0,1.0,True,0.01,0.95,10.0,39600.0,0.938,0.139
3433,1 - 1 - 2022,19800.0,1.5297058540778354,1.3335216533675034,1.7782800679308082,0.00496,0.00398107,0.00630957,0.75,0.7,0.8,0.451,0.4,0.5,118000.0,605.0,3430.0,1.0,True,0.01,0.95,10.0,39600.0,0.938,0.139
3434,1 - 1 - 2022,19800.0,1.5362291495737217,1.3335216533675034,1.7782800679308082,0.00509,0.00398107,0.00630957,0.744,0.7,0.8,0.549,0.5,0.6,101000.0,559.0,4800.0,1.0,True,0.01,0.95,10.0,39600.0,0.938,0.139
3435,1 - 1 - 2022,19800.0,1.5297058540778354,1.3335216533675034,1.7782800679308082,0.00506,0.00398107,0.00630957,0.748,0.7,0.8,0.649,0.6,0.7,87700.0,522.0,12300.0,1.0,True,0.01,0.95,10.0,39600.0,0.938,0.139
3436,1 - 1 - 2022,19800.0,1.5620499351813308,1.3335216533675034,1.7782800679308082,0.00501,0.00398107,0.00630957,0.745,0.7,0.8,0.747,0.7,0.8,63700.0,445.0,8220.0,1.0,True,0.01,0.95,10.0,39600.0,0.938,0.139
3437,1 - 1 - 2022,19800.0,1.5556349186104046,1.3335216533675034,1.7782800679308082,0.0051,0.00398107,0.00630957,0.745,0.7,0.8,0.841,0.8,0.9,49300.0,391.0,6160.0,1.0,True,0.01,0.95,10.0,39600.0,0.938,0.139
3438,1 - 1 - 2022,19800.0,1.5652475842498528,1.3335216533675034,1.7782800679308082,0.00507,0.00398107,0.00630957,0.749,0.7,0.8,0.953,0.9,1.0,28100.0,295.0,2740.0,1.0,True,0.01,0.95,10.0,39600.0,0.938,0.139
3439,1 - 1 - 2022,19800.0,1.5297058540778354,1.3335216533675034,1.7782800679308082,0.00497,0.00398107,0.00630957,0.746,0.7,0.8,1.15,1.0,1.5,7260.0,67.1,1510.0,1.0,True,0.01,0.95,10.0,39600.0,0.938,0.139
3440,1 - 1 - 2022,19800.0,1.5231546211727816,1.3335216533675034,1.7782800679308082,0.00527,0.00398107,0.00630957,0.745,0.7,0.8,1.68,1.5,2.0,1920.0,34.5,0.0,1.0,True,0.01,0.95,10.0,39600.0,0.938,0.139
3441,1 - 1 - 2022,19800.0,1.5588457268119895,1.3335216533675034,1.7782800679308082,0.00546,0.00398107,0.00630957,0.716,0.7,0.8,2.41,2.0,4.0,171.0,5.15,0.0,1.0,True,0.01,0.95,10.0,39600.0,0.938,0.139
3442,1 - 1 - 2022,19800.0,1.5297058540778354,1.3335216533675034,1.7782800679308082,0.00569,0.00398107,0.00630957,0.835,0.8,0.9,0.023,0.0,0.05,5480.0,184.0,0.0,1.0,True,0.01,0.95,10.0,39600.0,0.938,0.139
3443,1 - 1 - 2022,19800.0,1.47648230602334,1.3335216533675034,1.7782800679308082,0.00535,0.00398107,0.00630957,0.841,0.8,0.9,0.0813,0.05,0.1,20500.0,357.0,0.0,1.0,True,0.01,0.95,10.0,39600.0,0.938,0.139
3444,1 - 1 - 2022,19800.0,1.5427248620541512,1.3335216533675034,1.7782800679308082,0.00501,0.00398107,0.00630957,0.844,0.8,0.9,0.152,0.1,0.2,66400.0,454.0,0.0,1.0,True,0.01,0.95,10.0,39600.0,0.938,0.139
3445,1 - 1 - 2022,19800.0,1.5297058540778354,1.3335216533675034,1.7782800679308082,0.00492,0.00398107,0.00630957,0.845,0.8,0.9,0.25,0.2,0.3,58200.0,425.0,685.0,1.0,True,0.01,0.95,10.0,39600.0,0.938,0.139
3446,1 - 1 - 2022,19800.0,1.5362291495737217,1.3335216533675034,1.7782800679308082,0.005,0.00398107,0.00630957,0.845,0.8,0.9,0.349,0.3,0.4,78800.0,494.0,0.0,1.0,True,0.01,0.95,10.0,39600.0,0.938,0.139
3447,1 - 1 - 2022,19800.0,1.5556349186104046,1.3335216533675034,1.7782800679308082,0.00494,0.00398107,0.00630957,0.848,0.8,0.9,0.446,0.4,0.5,74700.0,481.0,0.0,1.0,True,0.01,0.95,10.0,39600.0,0.938,0.139
3448,1 - 1 - 2022,19800.0,1.5459624833740306,1.3335216533675034,1.7782800679308082,0.00509,0.00398107,0.00630957,0.845,0.8,0.9,0.55,0.5,0.6,56900.0,420.0,6170.0,1.0,True,0.01,0.95,10.0,39600.0,0.938,0.139
3449,1 - 1 - 2022,19800.0,1.5066519173319364,1.3335216533675034,1.7782800679308082,0.00505,0.00398107,0.00630957,0.847,0.8,0.9,0.651,0.6,0.7,50700.0,397.0,1370.0,1.0,True,0.01,0.95,10.0,39600.0,0.938,0.139
3450,1 - 1 - 2022,19800.0,1.5231546211727816,1.3335216533675034,1.7782800679308082,0.00501,0.00398107,0.00630957,0.845,0.8,0.9,0.745,0.7,0.8,41800.0,360.0,3420.0,1.0,True,0.01,0.95,10.0,39600.0,0.938,0.139
3451,1 - 1 - 2022,19800.0,1.5394804318340654,1.3335216533675034,1.7782800679308082,0.00518,0.00398107,0.00630957,0.848,0.8,0.9,0.855,0.8,0.9,18500.0,240.0,685.0,1.0,True,0.01,0.95,10.0,39600.0,0.938,0.139
3452,1 - 1 - 2022,19800.0,1.5329709716755893,1.3335216533675034,1.7782800679308082,0.00501,0.00398107,0.00630957,0.85,0.8,0.9,0.944,0.9,1.0,19900.0,248.0,2050.0,1.0,True,0.01,0.95,10.0,39600.0,0.938,0.139
3453,1 - 1 - 2022,19800.0,1.5198684153570663,1.3335216533675034,1.7782800679308082,0.00502,0.00398107,0.00630957,0.845,0.8,0.9,1.17,1.0,1.5,3970.0,49.7,548.0,1.0,True,0.01,0.95,10.0,39600.0,0.938,0.139
3454,1 - 1 - 2022,19800.0,1.4317821063276353,1.3335216533675034,1.7782800679308082,0.00516,0.00398107,0.00630957,0.855,0.8,0.9,1.84,1.5,2.0,274.0,13.0,0.0,1.0,True,0.01,0.95,10.0,39600.0,0.938,0.139
3455,1 - 1 - 2022,19800.0,1.4177446878757824,1.3335216533675034,1.7782800679308082,0.00558,0.00398107,0.00630957,0.917,0.9,1.0,0.0405,0.0,0.05,2740.0,130.0,0.0,1.0,True,0.01,0.95,10.0,39600.0,0.938,0.139
3456,1 - 1 - 2022,19800.0,1.407124727947029,1.3335216533675034,1.7782800679308082,0.00533,0.00398107,0.00630957,0.942,0.9,1.0,0.0902,0.05,0.1,2740.0,130.0,0.0,1.0,True,0.01,0.95,10.0,39600.0,0.938,0.139
3457,1 - 1 - 2022,19800.0,1.5329709716755893,1.3335216533675034,1.7782800679308082,0.00505,0.00398107,0.00630957,0.927,0.9,1.0,0.158,0.1,0.2,15100.0,216.0,0.0,1.0,True,0.01,0.95,10.0,39600.0,0.938,0.139
3458,1 - 1 - 2022,19800.0,1.5066519173319364,1.3335216533675034,1.7782800679308082,0.00495,0.00398107,0.00630957,0.925,0.9,1.0,0.248,0.2,0.3,16400.0,226.0,0.0,1.0,True,0.01,0.95,10.0,39600.0,0.938,0.139
3459,1 - 1 - 2022,19800.0,1.5066519173319364,1.3335216533675034,1.7782800679308082,0.00512,0.00398107,0.00630957,0.927,0.9,1.0,0.35,0.3,0.4,26700.0,288.0,0.0,1.0,True,0.01,0.95,10.0,39600.0,0.938,0.139
3460,1 - 1 - 2022,19800.0,1.5652475842498528,1.3335216533675034,1.7782800679308082,0.00499,0.00398107,0.00630957,0.933,0.9,1.0,0.451,0.4,0.5,31500.0,313.0,0.0,1.0,True,0.01,0.95,10.0,39600.0,0.938,0.139
3461,1 - 1 - 2022,19800.0,1.5264337522473748,1.3335216533675034,1.7782800679308082,0.00498,0.00398107,0.00630957,0.936,0.9,1.0,0.551,0.5,0.6,17800.0,235.0,0.0,1.0,True,0.01,0.95,10.0,39600.0,0.938,0.139
3462,1 - 1 - 2022,19800.0,1.5329709716755893,1.3335216533675034,1.7782800679308082,0.00529,0.00398107,0.00630957,0.918,0.9,1.0,0.646,0.6,0.7,8910.0,166.0,685.0,1.0,True,0.01,0.95,10.0,39600.0,0.938,0.139
3463,1 - 1 - 2022,19800.0,1.469693845669907,1.3335216533675034,1.7782800679308082,0.00502,0.00398107,0.00630957,0.926,0.9,1.0,0.756,0.7,0.8,11600.0,190.0,0.0,1.0,True,0.01,0.95,10.0,39600.0,0.938,0.139
3464,1 - 1 - 2022,19800.0,1.5132745950421556,1.3335216533675034,1.7782800679308082,0.00515,0.00398107,0.00630957,0.924,0.9,1.0,0.833,0.8,0.9,8900.0,166.0,1370.0,1.0,True,0.01,0.95,10.0,39600.0,0.938,0.139
3465,1 - 1 - 2022,19800.0,1.606237840420901,1.3335216533675034,1.7782800679308082,0.0047,0.00398107,0.00630957,0.911,0.9,1.0,0.961,0.9,1.0,3430.0,103.0,685.0,1.0,True,0.01,0.95,10.0,39600.0,0.938,0.139
3466,1 - 1 - 2022,19800.0,1.5132745950421556,1.3335216533675034,1.7782800679308082,0.00506,0.00398107,0.00630957,0.926,0.9,1.0,1.15,1.0,1.5,685.0,20.6,0.0,1.0,True,0.01,0.95,10.0,39600.0,0.938,0.139
3467,1 - 1 - 2022,19800.0,1.6431676725154984,1.3335216533675034,1.7782800679308082,0.00736,0.00630957,0.01,0.044,0.0,0.05,0.167,0.1,0.2,295000.0,1070.0,291000.0,1.0,True,0.01,0.95,10.0,39600.0,0.938,0.139
3468,1 - 1 - 2022,19800.0,1.6155494421403511,1.3335216533675034,1.7782800679308082,0.00743,0.00630957,0.01,0.0418,0.0,0.05,0.257,0.2,0.3,1100000.0,2070.0,1030000.0,1.0,True,0.01,0.95,10.0,39600.0,0.938,0.139
3469,1 - 1 - 2022,19800.0,1.5937377450509227,1.3335216533675034,1.7782800679308082,0.00753,0.00630957,0.01,0.0403,0.0,0.05,0.352,0.3,0.4,1700000.0,2580.0,1560000.0,1.0,True,0.01,0.95,10.0,39600.0,0.938,0.139
3470,1 - 1 - 2022,19800.0,1.5937377450509227,1.3335216533675034,1.7782800679308082,0.00762,0.00630957,0.01,0.0399,0.0,0.05,0.449,0.4,0.5,1660000.0,2550.0,1470000.0,1.0,True,0.01,0.95,10.0,39600.0,0.938,0.139
3471,1 - 1 - 2022,19800.0,1.5968719422671311,1.3335216533675034,1.7782800679308082,0.0076,0.00630957,0.01,0.0397,0.0,0.05,0.547,0.5,0.6,1250000.0,2210.0,1090000.0,1.0,True,0.01,0.95,10.0,39600.0,0.938,0.139
3472,1 - 1 - 2022,19800.0,1.5937377450509227,1.3335216533675034,1.7782800679308082,0.00764,0.00630957,0.01,0.0402,0.0,0.05,0.647,0.6,0.7,802000.0,1770.0,730000.0,1.0,True,0.01,0.95,10.0,39600.0,0.938,0.139
3473,1 - 1 - 2022,19800.0,1.6,1.3335216533675034,1.7782800679308082,0.00755,0.00630957,0.01,0.041,0.0,0.05,0.745,0.7,0.8,494000.0,1390.0,449000.0,1.0,True,0.01,0.95,10.0,39600.0,0.938,0.139
3474,1 - 1 - 2022,19800.0,1.6155494421403511,1.3335216533675034,1.7782800679308082,0.00744,0.00630957,0.01,0.0412,0.0,0.05,0.846,0.8,0.9,253000.0,996.0,237000.0,1.0,True,0.01,0.95,10.0,39600.0,0.938,0.139
3475,1 - 1 - 2022,19800.0,1.624807680927192,1.3335216533675034,1.7782800679308082,0.00746,0.00630957,0.01,0.0425,0.0,0.05,0.942,0.9,1.0,126000.0,703.0,120000.0,1.0,True,0.01,0.95,10.0,39600.0,0.938,0.139
3476,1 - 1 - 2022,19800.0,1.6401219466856725,1.3335216533675034,1.7782800679308082,0.0073,0.00630957,0.01,0.0437,0.0,0.05,1.11,1.0,1.5,20600.0,127.0,20100.0,1.0,True,0.01,0.95,10.0,39600.0,0.938,0.139
3477,1 - 1 - 2022,19800.0,1.5968719422671311,1.3335216533675034,1.7782800679308082,0.0078,0.00630957,0.01,0.0832,0.05,0.1,0.0334,0.0,0.05,277000.0,1470.0,199000.0,1.0,True,0.01,0.95,10.0,39600.0,0.938,0.139
3478,1 - 1 - 2022,19800.0,1.5905973720586866,1.3335216533675034,1.7782800679308082,0.00773,0.00630957,0.01,0.0792,0.05,0.1,0.0786,0.05,0.1,954000.0,2730.0,610000.0,1.0,True,0.01,0.95,10.0,39600.0,0.938,0.139
3479,1 - 1 - 2022,19800.0,1.5620499351813308,1.3335216533675034,1.7782800679308082,0.00788,0.00630957,0.01,0.0752,0.05,0.1,0.157,0.1,0.2,2200000.0,2940.0,1210000.0,1.0,True,0.01,0.95,10.0,39600.0,0.938,0.139
3480,1 - 1 - 2022,19800.0,1.5491933384829668,1.3335216533675034,1.7782800679308082,0.00787,0.00630957,0.01,0.0736,0.05,0.1,0.253,0.2,0.3,3780000.0,3850.0,1710000.0,1.0,True,0.01,0.95,10.0,39600.0,0.938,0.139
3481,1 - 1 - 2022,19800.0,1.5459624833740306,1.3335216533675034,1.7782800679308082,0.00795,0.00630957,0.01,0.0725,0.05,0.1,0.349,0.3,0.4,4010000.0,3960.0,1150000.0,1.0,True,0.01,0.95,10.0,39600.0,0.938,0.139
3482,1 - 1 - 2022,19800.0,1.5427248620541512,1.3335216533675034,1.7782800679308082,0.00792,0.00630957,0.01,0.0727,0.05,0.1,0.448,0.4,0.5,3490000.0,3700.0,733000.0,1.0,True,0.01,0.95,10.0,39600.0,0.938,0.139
3483,1 - 1 - 2022,19800.0,1.5427248620541512,1.3335216533675034,1.7782800679308082,0.00795,0.00630957,0.01,0.0732,0.05,0.1,0.546,0.5,0.6,2670000.0,3240.0,526000.0,1.0,True,0.01,0.95,10.0,39600.0,0.938,0.139
3484,1 - 1 - 2022,19800.0,1.5427248620541512,1.3335216533675034,1.7782800679308082,0.00787,0.00630957,0.01,0.073,0.05,0.1,0.646,0.6,0.7,1870000.0,2710.0,436000.0,1.0,True,0.01,0.95,10.0,39600.0,0.938,0.139
3485,1 - 1 - 2022,19800.0,1.5459624833740306,1.3335216533675034,1.7782800679308082,0.00793,0.00630957,0.01,0.0731,0.05,0.1,0.748,0.7,0.8,1310000.0,2260.0,362000.0,1.0,True,0.01,0.95,10.0,39600.0,0.938,0.139
3486,1 - 1 - 2022,19800.0,1.5491933384829668,1.3335216533675034,1.7782800679308082,0.0079,0.00630957,0.01,0.0741,0.05,0.1,0.846,0.8,0.9,835000.0,1810.0,261000.0,1.0,True,0.01,0.95,10.0,39600.0,0.938,0.139
3487,1 - 1 - 2022,19800.0,1.5459624833740306,1.3335216533675034,1.7782800679308082,0.00798,0.00630957,0.01,0.0746,0.05,0.1,0.947,0.9,1.0,521000.0,1430.0,202000.0,1.0,True,0.01,0.95,10.0,39600.0,0.938,0.139
3488,1 - 1 - 2022,19800.0,1.5491933384829668,1.3335216533675034,1.7782800679308082,0.00785,0.00630957,0.01,0.0758,0.05,0.1,1.15,1.0,1.5,142000.0,333.0,76800.0,1.0,True,0.01,0.95,10.0,39600.0,0.938,0.139
3489,1 - 1 - 2022,19800.0,1.5556349186104046,1.3335216533675034,1.7782800679308082,0.00773,0.00630957,0.01,0.0822,0.05,0.1,1.66,1.5,2.0,9850.0,87.8,8130.0,1.0,True,0.01,0.95,10.0,39600.0,0.938,0.139
3490,1 - 1 - 2022,19800.0,1.6583123951777,1.3335216533675034,1.7782800679308082,0.00753,0.00630957,0.01,0.0772,0.05,0.1,2.12,2.0,4.0,216.0,6.5,173.0,1.0,True,0.01,0.95,10.0,39600.0,0.938,0.139
3491,1 - 1 - 2022,19800.0,1.5556349186104046,1.3335216533675034,1.7782800679308082,0.00795,0.00630957,0.01,0.122,0.1,0.15,0.0333,0.0,0.05,347000.0,1650.0,76100.0,1.0,True,0.01,0.95,10.0,39600.0,0.938,0.139
3492,1 - 1 - 2022,19800.0,1.5524174696260025,1.3335216533675034,1.7782800679308082,0.00794,0.00630957,0.01,0.123,0.1,0.15,0.0787,0.05,0.1,1040000.0,2850.0,296000.0,1.0,True,0.01,0.95,10.0,39600.0,0.938,0.139
3493,1 - 1 - 2022,19800.0,1.5524174696260025,1.3335216533675034,1.7782800679308082,0.00792,0.00630957,0.01,0.123,0.1,0.15,0.154,0.1,0.2,1720000.0,2590.0,354000.0,1.0,True,0.01,0.95,10.0,39600.0,0.938,0.139
3494,1 - 1 - 2022,19800.0,1.5459624833740306,1.3335216533675034,1.7782800679308082,0.00794,0.00630957,0.01,0.123,0.1,0.15,0.251,0.2,0.3,2350000.0,3030.0,411000.0,1.0,True,0.01,0.95,10.0,39600.0,0.938,0.139
3495,1 - 1 - 2022,19800.0,1.5459624833740306,1.3335216533675034,1.7782800679308082,0.00792,0.00630957,0.01,0.123,0.1,0.15,0.349,0.3,0.4,2460000.0,3100.0,143000.0,1.0,True,0.01,0.95,10.0,39600.0,0.938,0.139
3496,1 - 1 - 2022,19800.0,1.5459624833740306,1.3335216533675034,1.7782800679308082,0.0079,0.00630957,0.01,0.123,0.1,0.15,0.449,0.4,0.5,2210000.0,2940.0,55300.0,1.0,True,0.01,0.95,10.0,39600.0,0.938,0.139
3497,1 - 1 - 2022,19800.0,1.5459624833740306,1.3335216533675034,1.7782800679308082,0.00795,0.00630957,0.01,0.123,0.1,0.15,0.548,0.5,0.6,1830000.0,2680.0,7780.0,1.0,True,0.01,0.95,10.0,39600.0,0.938,0.139
3498,1 - 1 - 2022,19800.0,1.5491933384829668,1.3335216533675034,1.7782800679308082,0.00797,0.00630957,0.01,0.124,0.1,0.15,0.646,0.6,0.7,1280000.0,2240.0,0.0,1.0,True,0.01,0.95,10.0,39600.0,0.938,0.139
3499,1 - 1 - 2022,19800.0,1.5491933384829668,1.3335216533675034,1.7782800679308082,0.00794,0.00630957,0.01,0.123,0.1,0.15,0.746,0.7,0.8,847000.0,1820.0,864.0,1.0,True,0.01,0.95,10.0,39600.0,0.938,0.139
3500,1 - 1 - 2022,19800.0,1.5491933384829668,1.3335216533675034,1.7782800679308082,0.00799,0.00630957,0.01,0.123,0.1,0.15,0.847,0.8,0.9,586000.0,1510.0,864.0,1.0,True,0.01,0.95,10.0,39600.0,0.938,0.139
3501,1 - 1 - 2022,19800.0,1.5556349186104046,1.3335216533675034,1.7782800679308082,0.00799,0.00630957,0.01,0.123,0.1,0.15,0.945,0.9,1.0,400000.0,1250.0,864.0,1.0,True,0.01,0.95,10.0,39600.0,0.938,0.139
3502,1 - 1 - 2022,19800.0,1.5459624833740306,1.3335216533675034,1.7782800679308082,0.0079,0.00630957,0.01,0.124,0.1,0.15,1.17,1.0,1.5,114000.0,298.0,2770.0,1.0,True,0.01,0.95,10.0,39600.0,0.938,0.139
3503,1 - 1 - 2022,19800.0,1.5394804318340654,1.3335216533675034,1.7782800679308082,0.00787,0.00630957,0.01,0.122,0.1,0.15,1.64,1.5,2.0,14300.0,106.0,3110.0,1.0,True,0.01,0.95,10.0,39600.0,0.938,0.139
3504,1 - 1 - 2022,19800.0,1.6492422502470643,1.3335216533675034,1.7782800679308082,0.00763,0.00630957,0.01,0.116,0.1,0.15,2.42,2.0,4.0,908.0,13.3,432.0,1.0,True,0.01,0.95,10.0,39600.0,0.938,0.139
3505,1 - 1 - 2022,19800.0,1.5588457268119895,1.3335216533675034,1.7782800679308082,0.00787,0.00630957,0.01,0.173,0.15,0.2,0.0345,0.0,0.05,252000.0,1410.0,114000.0,1.0,True,0.01,0.95,10.0,39600.0,0.938,0.139
3506,1 - 1 - 2022,19800.0,1.5459624833740306,1.3335216533675034,1.7782800679308082,0.00793,0.00630957,0.01,0.173,0.15,0.2,0.0775,0.05,0.1,740000.0,2410.0,309000.0,1.0,True,0.01,0.95,10.0,39600.0,0.938,0.139
3507,1 - 1 - 2022,19800.0,1.5459624833740306,1.3335216533675034,1.7782800679308082,0.00796,0.00630957,0.01,0.173,0.15,0.2,0.153,0.1,0.2,1190000.0,2150.0,457000.0,1.0,True,0.01,0.95,10.0,39600.0,0.938,0.139
3508,1 - 1 - 2022,19800.0,1.5588457268119895,1.3335216533675034,1.7782800679308082,0.00791,0.00630957,0.01,0.174,0.15,0.2,0.25,0.2,0.3,1600000.0,2510.0,474000.0,1.0,True,0.01,0.95,10.0,39600.0,0.938,0.139
3509,1 - 1 - 2022,19800.0,1.5524174696260025,1.3335216533675034,1.7782800679308082,0.0079,0.00630957,0.01,0.174,0.15,0.2,0.349,0.3,0.4,1590000.0,2490.0,366000.0,1.0,True,0.01,0.95,10.0,39600.0,0.938,0.139
3510,1 - 1 - 2022,19800.0,1.5491933384829668,1.3335216533675034,1.7782800679308082,0.00796,0.00630957,0.01,0.174,0.15,0.2,0.448,0.4,0.5,1450000.0,2390.0,261000.0,1.0,True,0.01,0.95,10.0,39600.0,0.938,0.139
3511,1 - 1 - 2022,19800.0,1.5491933384829668,1.3335216533675034,1.7782800679308082,0.00796,0.00630957,0.01,0.174,0.15,0.2,0.549,0.5,0.6,1130000.0,2100.0,91600.0,1.0,True,0.01,0.95,10.0,39600.0,0.938,0.139
3512,1 - 1 - 2022,19800.0,1.5491933384829668,1.3335216533675034,1.7782800679308082,0.00799,0.00630957,0.01,0.173,0.15,0.2,0.649,0.6,0.7,874000.0,1850.0,27700.0,1.0,True,0.01,0.95,10.0,39600.0,0.938,0.139
3513,1 - 1 - 2022,19800.0,1.5394804318340654,1.3335216533675034,1.7782800679308082,0.00794,0.00630957,0.01,0.174,0.15,0.2,0.747,0.7,0.8,641000.0,1580.0,2590.0,1.0,True,0.01,0.95,10.0,39600.0,0.938,0.139
3514,1 - 1 - 2022,19800.0,1.5524174696260025,1.3335216533675034,1.7782800679308082,0.00796,0.00630957,0.01,0.174,0.15,0.2,0.844,0.8,0.9,455000.0,1330.0,0.0,1.0,True,0.01,0.95,10.0,39600.0,0.938,0.139
3515,1 - 1 - 2022,19800.0,1.5329709716755893,1.3335216533675034,1.7782800679308082,0.00787,0.00630957,0.01,0.173,0.15,0.2,0.944,0.9,1.0,298000.0,1080.0,864.0,1.0,True,0.01,0.95,10.0,39600.0,0.938,0.139
3516,1 - 1 - 2022,19800.0,1.5362291495737217,1.3335216533675034,1.7782800679308082,0.00792,0.00630957,0.01,0.173,0.15,0.2,1.17,1.0,1.5,95600.0,274.0,691.0,1.0,True,0.01,0.95,10.0,39600.0,0.938,0.139
3517,1 - 1 - 2022,19800.0,1.5652475842498528,1.3335216533675034,1.7782800679308082,0.00788,0.00630957,0.01,0.176,0.15,0.2,1.69,1.5,2.0,11600.0,95.2,0.0,1.0,True,0.01,0.95,10.0,39600.0,0.938,0.139
3518,1 - 1 - 2022,19800.0,1.5652475842498528,1.3335216533675034,1.7782800679308082,0.00838,0.00630957,0.01,0.179,0.15,0.2,2.2,2.0,4.0,389.0,8.73,43.2,1.0,True,0.01,0.95,10.0,39600.0,0.938,0.139
3519,1 - 1 - 2022,19800.0,1.5491933384829668,1.3335216533675034,1.7782800679308082,0.00797,0.00630957,0.01,0.222,0.2,0.25,0.0322,0.0,0.05,199000.0,1250.0,133000.0,1.0,True,0.01,0.95,10.0,39600.0,0.938,0.139
3520,1 - 1 - 2022,19800.0,1.5524174696260025,1.3335216533675034,1.7782800679308082,0.00791,0.00630957,0.01,0.224,0.2,0.25,0.0768,0.05,0.1,470000.0,1920.0,297000.0,1.0,True,0.01,0.95,10.0,39600.0,0.938,0.139
3521,1 - 1 - 2022,19800.0,1.5491933384829668,1.3335216533675034,1.7782800679308082,0.00796,0.00630957,0.01,0.223,0.2,0.25,0.155,0.1,0.2,890000.0,1870.0,458000.0,1.0,True,0.01,0.95,10.0,39600.0,0.938,0.139
3522,1 - 1 - 2022,19800.0,1.5491933384829668,1.3335216533675034,1.7782800679308082,0.00791,0.00630957,0.01,0.224,0.2,0.25,0.251,0.2,0.3,1060000.0,2040.0,479000.0,1.0,True,0.01,0.95,10.0,39600.0,0.938,0.139
3523,1 - 1 - 2022,19800.0,1.5459624833740306,1.3335216533675034,1.7782800679308082,0.00794,0.00630957,0.01,0.224,0.2,0.25,0.349,0.3,0.4,1120000.0,2100.0,417000.0,1.0,True,0.01,0.95,10.0,39600.0,0.938,0.139
3524,1 - 1 - 2022,19800.0,1.5524174696260025,1.3335216533675034,1.7782800679308082,0.00795,0.00630957,0.01,0.224,0.2,0.25,0.449,0.4,0.5,986000.0,1970.0,310000.0,1.0,True,0.01,0.95,10.0,39600.0,0.938,0.139
3525,1 - 1 - 2022,19800.0,1.5491933384829668,1.3335216533675034,1.7782800679308082,0.00791,0.00630957,0.01,0.225,0.2,0.25,0.549,0.5,0.6,822000.0,1790.0,196000.0,1.0,True,0.01,0.95,10.0,39600.0,0.938,0.139
3526,1 - 1 - 2022,19800.0,1.5524174696260025,1.3335216533675034,1.7782800679308082,0.00794,0.00630957,0.01,0.223,0.2,0.25,0.646,0.6,0.7,614000.0,1550.0,90800.0,1.0,True,0.01,0.95,10.0,39600.0,0.938,0.139
3527,1 - 1 - 2022,19800.0,1.5524174696260025,1.3335216533675034,1.7782800679308082,0.0079,0.00630957,0.01,0.223,0.2,0.25,0.745,0.7,0.8,493000.0,1390.0,37200.0,1.0,True,0.01,0.95,10.0,39600.0,0.938,0.139
3528,1 - 1 - 2022,19800.0,1.5524174696260025,1.3335216533675034,1.7782800679308082,0.00789,0.00630957,0.01,0.223,0.2,0.25,0.848,0.8,0.9,339000.0,1150.0,10400.0,1.0,True,0.01,0.95,10.0,39600.0,0.938,0.139
3529,1 - 1 - 2022,19800.0,1.5362291495737217,1.3335216533675034,1.7782800679308082,0.008,0.00630957,0.01,0.224,0.2,0.25,0.945,0.9,1.0,232000.0,952.0,1730.0,1.0,True,0.01,0.95,10.0,39600.0,0.938,0.139
3530,1 - 1 - 2022,19800.0,1.5329709716755893,1.3335216533675034,1.7782800679308082,0.00786,0.00630957,0.01,0.225,0.2,0.25,1.16,1.0,1.5,83300.0,255.0,173.0,1.0,True,0.01,0.95,10.0,39600.0,0.938,0.139
3531,1 - 1 - 2022,19800.0,1.5588457268119895,1.3335216533675034,1.7782800679308082,0.00788,0.00630957,0.01,0.223,0.2,0.25,1.68,1.5,2.0,14000.0,105.0,0.0,1.0,True,0.01,0.95,10.0,39600.0,0.938,0.139
3532,1 - 1 - 2022,19800.0,1.5588457268119895,1.3335216533675034,1.7782800679308082,0.00785,0.00630957,0.01,0.219,0.2,0.25,2.41,2.0,4.0,864.0,13.0,43.2,1.0,True,0.01,0.95,10.0,39600.0,0.938,0.139
3533,1 - 1 - 2022,19800.0,1.5297058540778354,1.3335216533675034,1.7782800679308082,0.00796,0.00630957,0.01,0.276,0.25,0.3,0.0325,0.0,0.05,142000.0,1050.0,105000.0,1.0,True,0.01,0.95,10.0,39600.0,0.938,0.139
3534,1 - 1 - 2022,19800.0,1.5556349186104046,1.3335216533675034,1.7782800679308082,0.00792,0.00630957,0.01,0.273,0.25,0.3,0.0783,0.05,0.1,322000.0,1590.0,240000.0,1.0,True,0.01,0.95,10.0,39600.0,0.938,0.139
3535,1 - 1 - 2022,19800.0,1.5459624833740306,1.3335216533675034,1.7782800679308082,0.00792,0.00630957,0.01,0.273,0.25,0.3,0.156,0.1,0.2,609000.0,1540.0,386000.0,1.0,True,0.01,0.95,10.0,39600.0,0.938,0.139
3536,1 - 1 - 2022,19800.0,1.5459624833740306,1.3335216533675034,1.7782800679308082,0.00801,0.00630957,0.01,0.274,0.25,0.3,0.251,0.2,0.3,826000.0,1800.0,413000.0,1.0,True,0.01,0.95,10.0,39600.0,0.938,0.139
3537,1 - 1 - 2022,19800.0,1.5491933384829668,1.3335216533675034,1.7782800679308082,0.00796,0.00630957,0.01,0.274,0.25,0.3,0.35,0.3,0.4,813000.0,1780.0,325000.0,1.0,True,0.01,0.95,10.0,39600.0,0.938,0.139
3538,1 - 1 - 2022,19800.0,1.5524174696260025,1.3335216533675034,1.7782800679308082,0.00796,0.00630957,0.01,0.274,0.25,0.3,0.449,0.4,0.5,758000.0,1720.0,282000.0,1.0,True,0.01,0.95,10.0,39600.0,0.938,0.139
3539,1 - 1 - 2022,19800.0,1.5491933384829668,1.3335216533675034,1.7782800679308082,0.00796,0.00630957,0.01,0.274,0.25,0.3,0.549,0.5,0.6,621000.0,1560.0,210000.0,1.0,True,0.01,0.95,10.0,39600.0,0.938,0.139
3540,1 - 1 - 2022,19800.0,1.5556349186104046,1.3335216533675034,1.7782800679308082,0.00799,0.00630957,0.01,0.274,0.25,0.3,0.647,0.6,0.7,473000.0,1360.0,126000.0,1.0,True,0.01,0.95,10.0,39600.0,0.938,0.139
3541,1 - 1 - 2022,19800.0,1.5556349186104046,1.3335216533675034,1.7782800679308082,0.008,0.00630957,0.01,0.274,0.25,0.3,0.751,0.7,0.8,342000.0,1160.0,61400.0,1.0,True,0.01,0.95,10.0,39600.0,0.938,0.139
3542,1 - 1 - 2022,19800.0,1.5524174696260025,1.3335216533675034,1.7782800679308082,0.00788,0.00630957,0.01,0.276,0.25,0.3,0.848,0.8,0.9,241000.0,972.0,29400.0,1.0,True,0.01,0.95,10.0,39600.0,0.938,0.139
3543,1 - 1 - 2022,19800.0,1.5491933384829668,1.3335216533675034,1.7782800679308082,0.00805,0.00630957,0.01,0.273,0.25,0.3,0.946,0.9,1.0,175000.0,827.0,6910.0,1.0,True,0.01,0.95,10.0,39600.0,0.938,0.139
3544,1 - 1 - 2022,19800.0,1.5362291495737217,1.3335216533675034,1.7782800679308082,0.00791,0.00630957,0.01,0.274,0.25,0.3,1.17,1.0,1.5,63800.0,224.0,346.0,1.0,True,0.01,0.95,10.0,39600.0,0.938,0.139
3545,1 - 1 - 2022,19800.0,1.5684387141358123,1.3335216533675034,1.7782800679308082,0.00779,0.00630957,0.01,0.276,0.25,0.3,1.72,1.5,2.0,7430.0,76.3,0.0,1.0,True,0.01,0.95,10.0,39600.0,0.938,0.139
3546,1 - 1 - 2022,19800.0,1.51657508881031,1.3335216533675034,1.7782800679308082,0.00813,0.00630957,0.01,0.276,0.25,0.3,2.23,2.0,4.0,389.0,8.73,0.0,1.0,True,0.01,0.95,10.0,39600.0,0.938,0.139
3547,1 - 1 - 2022,19800.0,1.51657508881031,1.3335216533675034,1.7782800679308082,0.00803,0.00630957,0.01,0.346,0.3,0.4,0.0331,0.0,0.05,75200.0,543.0,52700.0,1.0,True,0.01,0.95,10.0,39600.0,0.938,0.139
3548,1 - 1 - 2022,19800.0,1.5394804318340654,1.3335216533675034,1.7782800679308082,0.00796,0.00630957,0.01,0.35,0.3,0.4,0.0768,0.05,0.1,190000.0,863.0,145000.0,1.0,True,0.01,0.95,10.0,39600.0,0.938,0.139
3549,1 - 1 - 2022,19800.0,1.5459624833740306,1.3335216533675034,1.7782800679308082,0.00793,0.00630957,0.01,0.347,0.3,0.4,0.154,0.1,0.2,394000.0,878.0,246000.0,1.0,True,0.01,0.95,10.0,39600.0,0.938,0.139
3550,1 - 1 - 2022,19800.0,1.5427248620541512,1.3335216533675034,1.7782800679308082,0.00794,0.00630957,0.01,0.346,0.3,0.4,0.252,0.2,0.3,537000.0,1030.0,279000.0,1.0,True,0.01,0.95,10.0,39600.0,0.938,0.139
3551,1 - 1 - 2022,19800.0,1.5394804318340654,1.3335216533675034,1.7782800679308082,0.00798,0.00630957,0.01,0.346,0.3,0.4,0.35,0.3,0.4,556000.0,1040.0,249000.0,1.0,True,0.01,0.95,10.0,39600.0,0.938,0.139
3552,1 - 1 - 2022,19800.0,1.5491933384829668,1.3335216533675034,1.7782800679308082,0.00792,0.00630957,0.01,0.346,0.3,0.4,0.449,0.4,0.5,472000.0,962.0,201000.0,1.0,True,0.01,0.95,10.0,39600.0,0.938,0.139
3553,1 - 1 - 2022,19800.0,1.5459624833740306,1.3335216533675034,1.7782800679308082,0.00787,0.00630957,0.01,0.346,0.3,0.4,0.55,0.5,0.6,392000.0,877.0,141000.0,1.0,True,0.01,0.95,10.0,39600.0,0.938,0.139
3554,1 - 1 - 2022,19800.0,1.5459624833740306,1.3335216533675034,1.7782800679308082,0.00794,0.00630957,0.01,0.347,0.3,0.4,0.649,0.6,0.7,320000.0,791.0,104000.0,1.0,True,0.01,0.95,10.0,39600.0,0.938,0.139
3555,1 - 1 - 2022,19800.0,1.5491933384829668,1.3335216533675034,1.7782800679308082,0.00801,0.00630957,0.01,0.345,0.3,0.4,0.748,0.7,0.8,229000.0,670.0,65700.0,1.0,True,0.01,0.95,10.0,39600.0,0.938,0.139
3556,1 - 1 - 2022,19800.0,1.5459624833740306,1.3335216533675034,1.7782800679308082,0.00788,0.00630957,0.01,0.346,0.3,0.4,0.847,0.8,0.9,164000.0,566.0,41500.0,1.0,True,0.01,0.95,10.0,39600.0,0.938,0.139
3557,1 - 1 - 2022,19800.0,1.5524174696260025,1.3335216533675034,1.7782800679308082,0.00799,0.00630957,0.01,0.343,0.3,0.4,0.947,0.9,1.0,110000.0,464.0,11200.0,1.0,True,0.01,0.95,10.0,39600.0,0.938,0.139
3558,1 - 1 - 2022,19800.0,1.5427248620541512,1.3335216533675034,1.7782800679308082,0.00792,0.00630957,0.01,0.345,0.3,0.4,1.18,1.0,1.5,43800.0,131.0,2160.0,1.0,True,0.01,0.95,10.0,39600.0,0.938,0.139
3559,1 - 1 - 2022,19800.0,1.5427248620541512,1.3335216533675034,1.7782800679308082,0.00802,0.00630957,0.01,0.344,0.3,0.4,1.69,1.5,2.0,7610.0,54.6,0.0,1.0,True,0.01,0.95,10.0,39600.0,0.938,0.139
3560,1 - 1 - 2022,19800.0,1.5459624833740306,1.3335216533675034,1.7782800679308082,0.00767,0.00630957,0.01,0.334,0.3,0.4,2.31,2.0,4.0,583.0,7.56,0.0,1.0,True,0.01,0.95,10.0,39600.0,0.938,0.139
3561,1 - 1 - 2022,19800.0,1.5231546211727816,1.3335216533675034,1.7782800679308082,0.00804,0.00630957,0.01,0.449,0.4,0.5,0.034,0.0,0.05,53600.0,458.0,33700.0,1.0,True,0.01,0.95,10.0,39600.0,0.938,0.139
3562,1 - 1 - 2022,19800.0,1.5556349186104046,1.3335216533675034,1.7782800679308082,0.00784,0.00630957,0.01,0.445,0.4,0.5,0.0749,0.05,0.1,147000.0,759.0,94200.0,1.0,True,0.01,0.95,10.0,39600.0,0.938,0.139
3563,1 - 1 - 2022,19800.0,1.5427248620541512,1.3335216533675034,1.7782800679308082,0.00798,0.00630957,0.01,0.447,0.4,0.5,0.154,0.1,0.2,261000.0,715.0,139000.0,1.0,True,0.01,0.95,10.0,39600.0,0.938,0.139
3564,1 - 1 - 2022,19800.0,1.5491933384829668,1.3335216533675034,1.7782800679308082,0.00795,0.00630957,0.01,0.445,0.4,0.5,0.251,0.2,0.3,342000.0,819.0,163000.0,1.0,True,0.01,0.95,10.0,39600.0,0.938,0.139
3565,1 - 1 - 2022,19800.0,1.5362291495737217,1.3335216533675034,1.7782800679308082,0.008,0.00630957,0.01,0.446,0.4,0.5,0.349,0.3,0.4,350000.0,827.0,150000.0,1.0,True,0.01,0.95,10.0,39600.0,0.938,0.139
3566,1 - 1 - 2022,19800.0,1.5491933384829668,1.3335216533675034,1.7782800679308082,0.00798,0.00630957,0.01,0.447,0.4,0.5,0.449,0.4,0.5,312000.0,782.0,111000.0,1.0,True,0.01,0.95,10.0,39600.0,0.938,0.139
3567,1 - 1 - 2022,19800.0,1.5394804318340654,1.3335216533675034,1.7782800679308082,0.00797,0.00630957,0.01,0.446,0.4,0.5,0.548,0.5,0.6,254000.0,705.0,97200.0,1.0,True,0.01,0.95,10.0,39600.0,0.938,0.139
3568,1 - 1 - 2022,19800.0,1.5427248620541512,1.3335216533675034,1.7782800679308082,0.00784,0.00630957,0.01,0.446,0.4,0.5,0.649,0.6,0.7,191000.0,612.0,60500.0,1.0,True,0.01,0.95,10.0,39600.0,0.938,0.139
3569,1 - 1 - 2022,19800.0,1.5459624833740306,1.3335216533675034,1.7782800679308082,0.00796,0.00630957,0.01,0.447,0.4,0.5,0.748,0.7,0.8,125000.0,495.0,42400.0,1.0,True,0.01,0.95,10.0,39600.0,0.938,0.139
3570,1 - 1 - 2022,19800.0,1.5556349186104046,1.3335216533675034,1.7782800679308082,0.00794,0.00630957,0.01,0.442,0.4,0.5,0.848,0.8,0.9,88200.0,415.0,17700.0,1.0,True,0.01,0.95,10.0,39600.0,0.938,0.139
3571,1 - 1 - 2022,19800.0,1.5491933384829668,1.3335216533675034,1.7782800679308082,0.00799,0.00630957,0.01,0.443,0.4,0.5,0.942,0.9,1.0,67000.0,362.0,18600.0,1.0,True,0.01,0.95,10.0,39600.0,0.938,0.139
3572,1 - 1 - 2022,19800.0,1.5524174696260025,1.3335216533675034,1.7782800679308082,0.00796,0.00630957,0.01,0.444,0.4,0.5,1.18,1.0,1.5,23600.0,96.1,3110.0,1.0,True,0.01,0.95,10.0,39600.0,0.938,0.139
3573,1 - 1 - 2022,19800.0,1.5556349186104046,1.3335216533675034,1.7782800679308082,0.00792,0.00630957,0.01,0.44,0.4,0.5,1.66,1.5,2.0,5960.0,48.3,86.4,1.0,True,0.01,0.95,10.0,39600.0,0.938,0.139
3574,1 - 1 - 2022,19800.0,1.5842979517754858,1.3335216533675034,1.7782800679308082,0.00832,0.00630957,0.01,0.44,0.4,0.5,2.4,2.0,4.0,475.0,6.82,0.0,1.0,True,0.01,0.95,10.0,39600.0,0.938,0.139
3575,1 - 1 - 2022,19800.0,1.5198684153570663,1.3335216533675034,1.7782800679308082,0.00791,0.00630957,0.01,0.551,0.5,0.6,0.0341,0.0,0.05,35400.0,373.0,13800.0,1.0,True,0.01,0.95,10.0,39600.0,0.938,0.139
3576,1 - 1 - 2022,19800.0,1.5620499351813308,1.3335216533675034,1.7782800679308082,0.00789,0.00630957,0.01,0.542,0.5,0.6,0.0793,0.05,0.1,89900.0,593.0,32000.0,1.0,True,0.01,0.95,10.0,39600.0,0.938,0.139
3577,1 - 1 - 2022,19800.0,1.5491933384829668,1.3335216533675034,1.7782800679308082,0.00799,0.00630957,0.01,0.549,0.5,0.6,0.154,0.1,0.2,172000.0,580.0,60900.0,1.0,True,0.01,0.95,10.0,39600.0,0.938,0.139
3578,1 - 1 - 2022,19800.0,1.5394804318340654,1.3335216533675034,1.7782800679308082,0.00793,0.00630957,0.01,0.547,0.5,0.6,0.252,0.2,0.3,209000.0,640.0,82500.0,1.0,True,0.01,0.95,10.0,39600.0,0.938,0.139
3579,1 - 1 - 2022,19800.0,1.5394804318340654,1.3335216533675034,1.7782800679308082,0.00793,0.00630957,0.01,0.546,0.5,0.6,0.351,0.3,0.4,211000.0,643.0,74300.0,1.0,True,0.01,0.95,10.0,39600.0,0.938,0.139
3580,1 - 1 - 2022,19800.0,1.5427248620541512,1.3335216533675034,1.7782800679308082,0.00791,0.00630957,0.01,0.548,0.5,0.6,0.448,0.4,0.5,200000.0,625.0,65700.0,1.0,True,0.01,0.95,10.0,39600.0,0.938,0.139
3581,1 - 1 - 2022,19800.0,1.5459624833740306,1.3335216533675034,1.7782800679308082,0.00791,0.00630957,0.01,0.546,0.5,0.6,0.548,0.5,0.6,163000.0,564.0,48400.0,1.0,True,0.01,0.95,10.0,39600.0,0.938,0.139
3582,1 - 1 - 2022,19800.0,1.5459624833740306,1.3335216533675034,1.7782800679308082,0.00788,0.00630957,0.01,0.549,0.5,0.6,0.648,0.6,0.7,118000.0,481.0,34100.0,1.0,True,0.01,0.95,10.0,39600.0,0.938,0.139
3583,1 - 1 - 2022,19800.0,1.5491933384829668,1.3335216533675034,1.7782800679308082,0.00799,0.00630957,0.01,0.548,0.5,0.6,0.749,0.7,0.8,81200.0,399.0,22000.0,1.0,True,0.01,0.95,10.0,39600.0,0.938,0.139
3584,1 - 1 - 2022,19800.0,1.5329709716755893,1.3335216533675034,1.7782800679308082,0.00795,0.00630957,0.01,0.549,0.5,0.6,0.844,0.8,0.9,60900.0,345.0,14700.0,1.0,True,0.01,0.95,10.0,39600.0,0.938,0.139
3585,1 - 1 - 2022,19800.0,1.5459624833740306,1.3335216533675034,1.7782800679308082,0.0078,0.00630957,0.01,0.546,0.5,0.6,0.946,0.9,1.0,33700.0,257.0,9510.0,1.0,True,0.01,0.95,10.0,39600.0,0.938,0.139
3586,1 - 1 - 2022,19800.0,1.5491933384829668,1.3335216533675034,1.7782800679308082,0.00803,0.00630957,0.01,0.543,0.5,0.6,1.18,1.0,1.5,14700.0,75.9,2330.0,1.0,True,0.01,0.95,10.0,39600.0,0.938,0.139
3587,1 - 1 - 2022,19800.0,1.51657508881031,1.3335216533675034,1.7782800679308082,0.00791,0.00630957,0.01,0.545,0.5,0.6,1.72,1.5,2.0,2330.0,30.2,346.0,1.0,True,0.01,0.95,10.0,39600.0,0.938,0.139
3588,1 - 1 - 2022,19800.0,1.6031219541881396,1.3335216533675034,1.7782800679308082,0.00821,0.00630957,0.01,0.553,0.5,0.6,2.34,2.0,4.0,303.0,5.44,0.0,1.0,True,0.01,0.95,10.0,39600.0,0.938,0.139
3589,1 - 1 - 2022,19800.0,1.5297058540778354,1.3335216533675034,1.7782800679308082,0.00821,0.00630957,0.01,0.642,0.6,0.7,0.0366,0.0,0.05,25100.0,313.0,5190.0,1.0,True,0.01,0.95,10.0,39600.0,0.938,0.139
3590,1 - 1 - 2022,19800.0,1.5132745950421556,1.3335216533675034,1.7782800679308082,0.00779,0.00630957,0.01,0.638,0.6,0.7,0.0764,0.05,0.1,44900.0,420.0,8640.0,1.0,True,0.01,0.95,10.0,39600.0,0.938,0.139
3591,1 - 1 - 2022,19800.0,1.5362291495737217,1.3335216533675034,1.7782800679308082,0.00799,0.00630957,0.01,0.642,0.6,0.7,0.156,0.1,0.2,89900.0,420.0,13800.0,1.0,True,0.01,0.95,10.0,39600.0,0.938,0.139
3592,1 - 1 - 2022,19800.0,1.5297058540778354,1.3335216533675034,1.7782800679308082,0.00801,0.00630957,0.01,0.642,0.6,0.7,0.248,0.2,0.3,113000.0,470.0,25100.0,1.0,True,0.01,0.95,10.0,39600.0,0.938,0.139
3593,1 - 1 - 2022,19800.0,1.5491933384829668,1.3335216533675034,1.7782800679308082,0.008,0.00630957,0.01,0.645,0.6,0.7,0.352,0.3,0.4,123000.0,491.0,24200.0,1.0,True,0.01,0.95,10.0,39600.0,0.938,0.139
3594,1 - 1 - 2022,19800.0,1.5491933384829668,1.3335216533675034,1.7782800679308082,0.00795,0.00630957,0.01,0.644,0.6,0.7,0.452,0.4,0.5,111000.0,466.0,24600.0,1.0,True,0.01,0.95,10.0,39600.0,0.938,0.139
3595,1 - 1 - 2022,19800.0,1.5459624833740306,1.3335216533675034,1.7782800679308082,0.00791,0.00630957,0.01,0.647,0.6,0.7,0.549,0.5,0.6,98500.0,439.0,17300.0,1.0,True,0.01,0.95,10.0,39600.0,0.938,0.139
3596,1 - 1 - 2022,19800.0,1.5362291495737217,1.3335216533675034,1.7782800679308082,0.00789,0.00630957,0.01,0.649,0.6,0.7,0.647,0.6,0.7,83400.0,404.0,18600.0,1.0,True,0.01,0.95,10.0,39600.0,0.938,0.139
3597,1 - 1 - 2022,19800.0,1.5491933384829668,1.3335216533675034,1.7782800679308082,0.00788,0.00630957,0.01,0.647,0.6,0.7,0.749,0.7,0.8,55800.0,330.0,12100.0,1.0,True,0.01,0.95,10.0,39600.0,0.938,0.139
3598,1 - 1 - 2022,19800.0,1.5491933384829668,1.3335216533675034,1.7782800679308082,0.00797,0.00630957,0.01,0.64,0.6,0.7,0.849,0.8,0.9,39800.0,279.0,9510.0,1.0,True,0.01,0.95,10.0,39600.0,0.938,0.139
3599,1 - 1 - 2022,19800.0,1.5620499351813308,1.3335216533675034,1.7782800679308082,0.00766,0.00630957,0.01,0.645,0.6,0.7,0.945,0.9,1.0,24600.0,220.0,7350.0,1.0,True,0.01,0.95,10.0,39600.0,0.938,0.139
3600,1 - 1 - 2022,19800.0,1.5329709716755893,1.3335216533675034,1.7782800679308082,0.00785,0.00630957,0.01,0.641,0.6,0.7,1.21,1.0,1.5,7520.0,54.3,1470.0,1.0,True,0.01,0.95,10.0,39600.0,0.938,0.139
3601,1 - 1 - 2022,19800.0,1.51657508881031,1.3335216533675034,1.7782800679308082,0.00754,0.00630957,0.01,0.628,0.6,0.7,1.7,1.5,2.0,1470.0,24.0,86.4,1.0,True,0.01,0.95,10.0,39600.0,0.938,0.139
3602,1 - 1 - 2022,19800.0,1.5231546211727816,1.3335216533675034,1.7782800679308082,0.00694,0.00630957,0.01,0.633,0.6,0.7,2.44,2.0,4.0,130.0,3.56,0.0,1.0,True,0.01,0.95,10.0,39600.0,0.938,0.139
3603,1 - 1 - 2022,19800.0,1.5264337522473748,1.3335216533675034,1.7782800679308082,0.00815,0.00630957,0.01,0.742,0.7,0.8,0.0345,0.0,0.05,9510.0,193.0,0.0,1.0,True,0.01,0.95,10.0,39600.0,0.938,0.139
3604,1 - 1 - 2022,19800.0,1.5329709716755893,1.3335216533675034,1.7782800679308082,0.00816,0.00630957,0.01,0.752,0.7,0.8,0.0793,0.05,0.1,27700.0,329.0,864.0,1.0,True,0.01,0.95,10.0,39600.0,0.938,0.139
3605,1 - 1 - 2022,19800.0,1.5198684153570663,1.3335216533675034,1.7782800679308082,0.00795,0.00630957,0.01,0.744,0.7,0.8,0.155,0.1,0.2,47100.0,304.0,3460.0,1.0,True,0.01,0.95,10.0,39600.0,0.938,0.139
3606,1 - 1 - 2022,19800.0,1.5491933384829668,1.3335216533675034,1.7782800679308082,0.00784,0.00630957,0.01,0.747,0.7,0.8,0.251,0.2,0.3,66600.0,361.0,7350.0,1.0,True,0.01,0.95,10.0,39600.0,0.938,0.139
3607,1 - 1 - 2022,19800.0,1.5231546211727816,1.3335216533675034,1.7782800679308082,0.0079,0.00630957,0.01,0.751,0.7,0.8,0.348,0.3,0.4,85100.0,408.0,12500.0,1.0,True,0.01,0.95,10.0,39600.0,0.938,0.139
3608,1 - 1 - 2022,19800.0,1.5524174696260025,1.3335216533675034,1.7782800679308082,0.00803,0.00630957,0.01,0.746,0.7,0.8,0.448,0.4,0.5,76500.0,387.0,9080.0,1.0,True,0.01,0.95,10.0,39600.0,0.938,0.139
3609,1 - 1 - 2022,19800.0,1.5264337522473748,1.3335216533675034,1.7782800679308082,0.00795,0.00630957,0.01,0.744,0.7,0.8,0.548,0.5,0.6,64000.0,354.0,7350.0,1.0,True,0.01,0.95,10.0,39600.0,0.938,0.139
3610,1 - 1 - 2022,19800.0,1.5264337522473748,1.3335216533675034,1.7782800679308082,0.00801,0.00630957,0.01,0.747,0.7,0.8,0.642,0.6,0.7,52700.0,321.0,6050.0,1.0,True,0.01,0.95,10.0,39600.0,0.938,0.139
3611,1 - 1 - 2022,19800.0,1.5427248620541512,1.3335216533675034,1.7782800679308082,0.00783,0.00630957,0.01,0.748,0.7,0.8,0.747,0.7,0.8,39300.0,277.0,5620.0,1.0,True,0.01,0.95,10.0,39600.0,0.938,0.139
3612,1 - 1 - 2022,19800.0,1.5362291495737217,1.3335216533675034,1.7782800679308082,0.0078,0.00630957,0.01,0.743,0.7,0.8,0.848,0.8,0.9,28500.0,236.0,4750.0,1.0,True,0.01,0.95,10.0,39600.0,0.938,0.139
3613,1 - 1 - 2022,19800.0,1.5264337522473748,1.3335216533675034,1.7782800679308082,0.00767,0.00630957,0.01,0.746,0.7,0.8,0.943,0.9,1.0,16000.0,177.0,3030.0,1.0,True,0.01,0.95,10.0,39600.0,0.938,0.139
3614,1 - 1 - 2022,19800.0,1.5588457268119895,1.3335216533675034,1.7782800679308082,0.00796,0.00630957,0.01,0.743,0.7,0.8,1.17,1.0,1.5,4320.0,41.1,1120.0,1.0,True,0.01,0.95,10.0,39600.0,0.938,0.139
3615,1 - 1 - 2022,19800.0,1.5556349186104046,1.3335216533675034,1.7782800679308082,0.00775,0.00630957,0.01,0.73,0.7,0.8,1.63,1.5,2.0,432.0,13.0,0.0,1.0,True,0.01,0.95,10.0,39600.0,0.938,0.139
3616,1 - 1 - 2022,19800.0,1.4317821063276353,1.3335216533675034,1.7782800679308082,0.00789,0.00630957,0.01,0.734,0.7,0.8,2.37,2.0,4.0,21.6,1.45,0.0,1.0,True,0.01,0.95,10.0,39600.0,0.938,0.139
3617,1 - 1 - 2022,19800.0,1.489966442575134,1.3335216533675034,1.7782800679308082,0.00797,0.00630957,0.01,0.852,0.8,0.9,0.0402,0.0,0.05,4320.0,130.0,0.0,1.0,True,0.01,0.95,10.0,39600.0,0.938,0.139
3618,1 - 1 - 2022,19800.0,1.5491933384829668,1.3335216533675034,1.7782800679308082,0.00786,0.00630957,0.01,0.844,0.8,0.9,0.0784,0.05,0.1,13800.0,233.0,0.0,1.0,True,0.01,0.95,10.0,39600.0,0.938,0.139
3619,1 - 1 - 2022,19800.0,1.5427248620541512,1.3335216533675034,1.7782800679308082,0.00794,0.00630957,0.01,0.841,0.8,0.9,0.153,0.1,0.2,28100.0,235.0,0.0,1.0,True,0.01,0.95,10.0,39600.0,0.938,0.139
3620,1 - 1 - 2022,19800.0,1.5329709716755893,1.3335216533675034,1.7782800679308082,0.00803,0.00630957,0.01,0.844,0.8,0.9,0.252,0.2,0.3,45400.0,298.0,1730.0,1.0,True,0.01,0.95,10.0,39600.0,0.938,0.139
3621,1 - 1 - 2022,19800.0,1.5394804318340654,1.3335216533675034,1.7782800679308082,0.0079,0.00630957,0.01,0.845,0.8,0.9,0.348,0.3,0.4,48400.0,308.0,3460.0,1.0,True,0.01,0.95,10.0,39600.0,0.938,0.139
3622,1 - 1 - 2022,19800.0,1.5556349186104046,1.3335216533675034,1.7782800679308082,0.00796,0.00630957,0.01,0.845,0.8,0.9,0.448,0.4,0.5,44500.0,295.0,3890.0,1.0,True,0.01,0.95,10.0,39600.0,0.938,0.139
3623,1 - 1 - 2022,19800.0,1.5556349186104046,1.3335216533675034,1.7782800679308082,0.00777,0.00630957,0.01,0.841,0.8,0.9,0.552,0.5,0.6,29800.0,242.0,1730.0,1.0,True,0.01,0.95,10.0,39600.0,0.938,0.139
3624,1 - 1 - 2022,19800.0,1.5556349186104046,1.3335216533675034,1.7782800679308082,0.00803,0.00630957,0.01,0.837,0.8,0.9,0.645,0.6,0.7,26800.0,229.0,1300.0,1.0,True,0.01,0.95,10.0,39600.0,0.938,0.139
3625,1 - 1 - 2022,19800.0,1.5329709716755893,1.3335216533675034,1.7782800679308082,0.00795,0.00630957,0.01,0.841,0.8,0.9,0.743,0.7,0.8,21200.0,204.0,432.0,1.0,True,0.01,0.95,10.0,39600.0,0.938,0.139
3626,1 - 1 - 2022,19800.0,1.5524174696260025,1.3335216533675034,1.7782800679308082,0.00785,0.00630957,0.01,0.843,0.8,0.9,0.856,0.8,0.9,7350.0,120.0,0.0,1.0,True,0.01,0.95,10.0,39600.0,0.938,0.139
3627,1 - 1 - 2022,19800.0,1.4866068747318506,1.3335216533675034,1.7782800679308082,0.00788,0.00630957,0.01,0.834,0.8,0.9,0.957,0.9,1.0,5190.0,101.0,432.0,1.0,True,0.01,0.95,10.0,39600.0,0.938,0.139
3628,1 - 1 - 2022,19800.0,1.4966629547095767,1.3335216533675034,1.7782800679308082,0.00804,0.00630957,0.01,0.834,0.8,0.9,1.17,1.0,1.5,1210.0,21.8,173.0,1.0,True,0.01,0.95,10.0,39600.0,0.938,0.139
3629,1 - 1 - 2022,19800.0,1.6309506430300091,1.3335216533675034,1.7782800679308082,0.00831,0.00630957,0.01,0.811,0.8,0.9,1.7,1.5,2.0,346.0,11.6,0.0,1.0,True,0.01,0.95,10.0,39600.0,0.938,0.139
3630,1 - 1 - 2022,19800.0,1.624807680927192,1.3335216533675034,1.7782800679308082,0.00764,0.00630957,0.01,0.836,0.8,0.9,2.11,2.0,4.0,21.6,1.45,0.0,1.0,True,0.01,0.95,10.0,39600.0,0.938,0.139
3631,1 - 1 - 2022,19800.0,1.7776388834631178,1.3335216533675034,1.7782800679308082,0.00768,0.00630957,0.01,0.918,0.9,1.0,0.034,0.0,0.05,865.0,58.2,0.0,1.0,True,0.01,0.95,10.0,39600.0,0.938,0.139
3632,1 - 1 - 2022,19800.0,1.4352700094407325,1.3335216533675034,1.7782800679308082,0.00773,0.00630957,0.01,0.926,0.9,1.0,0.0684,0.05,0.1,4320.0,130.0,0.0,1.0,True,0.01,0.95,10.0,39600.0,0.938,0.139
3633,1 - 1 - 2022,19800.0,1.5716233645501712,1.3335216533675034,1.7782800679308082,0.00835,0.00630957,0.01,0.925,0.9,1.0,0.144,0.1,0.2,11200.0,148.0,0.0,1.0,True,0.01,0.95,10.0,39600.0,0.938,0.139
3634,1 - 1 - 2022,19800.0,1.5556349186104046,1.3335216533675034,1.7782800679308082,0.0081,0.00630957,0.01,0.931,0.9,1.0,0.249,0.2,0.3,13000.0,159.0,432.0,1.0,True,0.01,0.95,10.0,39600.0,0.938,0.139
3635,1 - 1 - 2022,19800.0,1.5394804318340654,1.3335216533675034,1.7782800679308082,0.00807,0.00630957,0.01,0.927,0.9,1.0,0.355,0.3,0.4,16900.0,182.0,0.0,1.0,True,0.01,0.95,10.0,39600.0,0.938,0.139
3636,1 - 1 - 2022,19800.0,1.5231546211727816,1.3335216533675034,1.7782800679308082,0.00822,0.00630957,0.01,0.926,0.9,1.0,0.451,0.4,0.5,10400.0,143.0,432.0,1.0,True,0.01,0.95,10.0,39600.0,0.938,0.139
3637,1 - 1 - 2022,19800.0,1.51657508881031,1.3335216533675034,1.7782800679308082,0.00809,0.00630957,0.01,0.92,0.9,1.0,0.541,0.5,0.6,7780.0,123.0,432.0,1.0,True,0.01,0.95,10.0,39600.0,0.938,0.139
3638,1 - 1 - 2022,19800.0,1.5620499351813308,1.3335216533675034,1.7782800679308082,0.00794,0.00630957,0.01,0.929,0.9,1.0,0.648,0.6,0.7,9080.0,133.0,432.0,1.0,True,0.01,0.95,10.0,39600.0,0.938,0.139
3639,1 - 1 - 2022,19800.0,1.5231546211727816,1.3335216533675034,1.7782800679308082,0.00807,0.00630957,0.01,0.935,0.9,1.0,0.748,0.7,0.8,3460.0,82.3,0.0,1.0,True,0.01,0.95,10.0,39600.0,0.938,0.139
3640,1 - 1 - 2022,19800.0,1.57797338380595,1.3335216533675034,1.7782800679308082,0.0078,0.00630957,0.01,0.92,0.9,1.0,0.845,0.8,0.9,3460.0,82.3,0.0,1.0,True,0.01,0.95,10.0,39600.0,0.938,0.139
3641,1 - 1 - 2022,19800.0,1.5427248620541512,1.3335216533675034,1.7782800679308082,0.00773,0.00630957,0.01,0.929,0.9,1.0,0.949,0.9,1.0,3020.0,77.0,0.0,1.0,True,0.01,0.95,10.0,39600.0,0.938,0.139
3642,1 - 1 - 2022,19800.0,1.61245154965971,1.3335216533675034,1.7782800679308082,0.00783,0.00630957,0.01,0.925,0.9,1.0,1.41,1.0,1.5,259.0,10.1,86.4,1.0,True,0.01,0.95,10.0,39600.0,0.938,0.139
3643,1 - 1 - 2022,19800.0,1.6703293088490065,1.3335216533675034,1.7782800679308082,0.0115,0.01,0.0158489,0.0881,0.05,0.1,0.0364,0.0,0.05,34900.0,415.0,31600.0,1.0,True,0.01,0.95,10.0,39600.0,0.938,0.139
3644,1 - 1 - 2022,19800.0,1.6492422502470643,1.3335216533675034,1.7782800679308082,0.0115,0.01,0.0158489,0.0837,0.05,0.1,0.0789,0.05,0.1,157000.0,881.0,142000.0,1.0,True,0.01,0.95,10.0,39600.0,0.938,0.139
3645,1 - 1 - 2022,19800.0,1.6492422502470643,1.3335216533675034,1.7782800679308082,0.0116,0.01,0.0158489,0.0785,0.05,0.1,0.157,0.1,0.2,415000.0,1010.0,317000.0,1.0,True,0.01,0.95,10.0,39600.0,0.938,0.139
3646,1 - 1 - 2022,19800.0,1.6522711641858305,1.3335216533675034,1.7782800679308082,0.0116,0.01,0.0158489,0.0759,0.05,0.1,0.253,0.2,0.3,705000.0,1320.0,467000.0,1.0,True,0.01,0.95,10.0,39600.0,0.938,0.139
3647,1 - 1 - 2022,19800.0,1.6522711641858305,1.3335216533675034,1.7782800679308082,0.0117,0.01,0.0158489,0.0733,0.05,0.1,0.35,0.3,0.4,840000.0,1440.0,514000.0,1.0,True,0.01,0.95,10.0,39600.0,0.938,0.139
3648,1 - 1 - 2022,19800.0,1.6462077633154328,1.3335216533675034,1.7782800679308082,0.0117,0.01,0.0158489,0.0733,0.05,0.1,0.448,0.4,0.5,759000.0,1370.0,392000.0,1.0,True,0.01,0.95,10.0,39600.0,0.938,0.139
3649,1 - 1 - 2022,19800.0,1.6431676725154984,1.3335216533675034,1.7782800679308082,0.0117,0.01,0.0158489,0.0729,0.05,0.1,0.546,0.5,0.6,579000.0,1200.0,292000.0,1.0,True,0.01,0.95,10.0,39600.0,0.938,0.139
3650,1 - 1 - 2022,19800.0,1.6431676725154984,1.3335216533675034,1.7782800679308082,0.0116,0.01,0.0158489,0.0736,0.05,0.1,0.646,0.6,0.7,424000.0,1020.0,224000.0,1.0,True,0.01,0.95,10.0,39600.0,0.938,0.139
3651,1 - 1 - 2022,19800.0,1.6431676725154984,1.3335216533675034,1.7782800679308082,0.0116,0.01,0.0158489,0.0731,0.05,0.1,0.748,0.7,0.8,267000.0,812.0,159000.0,1.0,True,0.01,0.95,10.0,39600.0,0.938,0.139
3652,1 - 1 - 2022,19800.0,1.6522711641858305,1.3335216533675034,1.7782800679308082,0.0117,0.01,0.0158489,0.0751,0.05,0.1,0.844,0.8,0.9,181000.0,669.0,122000.0,1.0,True,0.01,0.95,10.0,39600.0,0.938,0.139
3653,1 - 1 - 2022,19800.0,1.6492422502470643,1.3335216533675034,1.7782800679308082,0.0116,0.01,0.0158489,0.0757,0.05,0.1,0.948,0.9,1.0,107000.0,515.0,77400.0,1.0,True,0.01,0.95,10.0,39600.0,0.938,0.139
3654,1 - 1 - 2022,19800.0,1.6492422502470643,1.3335216533675034,1.7782800679308082,0.0116,0.01,0.0158489,0.0797,0.05,0.1,1.14,1.0,1.5,24900.0,111.0,20600.0,1.0,True,0.01,0.95,10.0,39600.0,0.938,0.139
3655,1 - 1 - 2022,19800.0,1.6431676725154984,1.3335216533675034,1.7782800679308082,0.0117,0.01,0.0158489,0.122,0.1,0.15,0.0311,0.0,0.05,91600.0,673.0,20700.0,1.0,True,0.01,0.95,10.0,39600.0,0.938,0.139
3656,1 - 1 - 2022,19800.0,1.6462077633154328,1.3335216533675034,1.7782800679308082,0.0117,0.01,0.0158489,0.124,0.1,0.15,0.0772,0.05,0.1,226000.0,1060.0,62200.0,1.0,True,0.01,0.95,10.0,39600.0,0.938,0.139
3657,1 - 1 - 2022,19800.0,1.6492422502470643,1.3335216533675034,1.7782800679308082,0.0117,0.01,0.0158489,0.124,0.1,0.15,0.154,0.1,0.2,389000.0,981.0,69800.0,1.0,True,0.01,0.95,10.0,39600.0,0.938,0.139
3658,1 - 1 - 2022,19800.0,1.6401219466856725,1.3335216533675034,1.7782800679308082,0.0117,0.01,0.0158489,0.123,0.1,0.15,0.251,0.2,0.3,496000.0,1110.0,63800.0,1.0,True,0.01,0.95,10.0,39600.0,0.938,0.139
3659,1 - 1 - 2022,19800.0,1.6552945357246849,1.3335216533675034,1.7782800679308082,0.0118,0.01,0.0158489,0.123,0.1,0.15,0.349,0.3,0.4,540000.0,1160.0,33800.0,1.0,True,0.01,0.95,10.0,39600.0,0.938,0.139
3660,1 - 1 - 2022,19800.0,1.6462077633154328,1.3335216533675034,1.7782800679308082,0.0117,0.01,0.0158489,0.123,0.1,0.15,0.449,0.4,0.5,496000.0,1110.0,2730.0,1.0,True,0.01,0.95,10.0,39600.0,0.938,0.139
3661,1 - 1 - 2022,19800.0,1.6462077633154328,1.3335216533675034,1.7782800679308082,0.0117,0.01,0.0158489,0.124,0.1,0.15,0.547,0.5,0.6,382000.0,972.0,1090.0,1.0,True,0.01,0.95,10.0,39600.0,0.938,0.139
3662,1 - 1 - 2022,19800.0,1.6431676725154984,1.3335216533675034,1.7782800679308082,0.0118,0.01,0.0158489,0.124,0.1,0.15,0.65,0.6,0.7,292000.0,850.0,1090.0,1.0,True,0.01,0.95,10.0,39600.0,0.938,0.139
3663,1 - 1 - 2022,19800.0,1.6462077633154328,1.3335216533675034,1.7782800679308082,0.0117,0.01,0.0158489,0.126,0.1,0.15,0.746,0.7,0.8,204000.0,710.0,0.0,1.0,True,0.01,0.95,10.0,39600.0,0.938,0.139
3664,1 - 1 - 2022,19800.0,1.6462077633154328,1.3335216533675034,1.7782800679308082,0.0116,0.01,0.0158489,0.125,0.1,0.15,0.847,0.8,0.9,139000.0,585.0,1090.0,1.0,True,0.01,0.95,10.0,39600.0,0.938,0.139
3665,1 - 1 - 2022,19800.0,1.6462077633154328,1.3335216533675034,1.7782800679308082,0.0116,0.01,0.0158489,0.124,0.1,0.15,0.947,0.9,1.0,92700.0,479.0,1090.0,1.0,True,0.01,0.95,10.0,39600.0,0.938,0.139
3666,1 - 1 - 2022,19800.0,1.6462077633154328,1.3335216533675034,1.7782800679308082,0.0116,0.01,0.0158489,0.125,0.1,0.15,1.15,1.0,1.5,24100.0,109.0,1640.0,1.0,True,0.01,0.95,10.0,39600.0,0.938,0.139
3667,1 - 1 - 2022,19800.0,1.6340134638368191,1.3335216533675034,1.7782800679308082,0.0114,0.01,0.0158489,0.129,0.1,0.15,1.69,1.5,2.0,2840.0,37.4,1850.0,1.0,True,0.01,0.95,10.0,39600.0,0.938,0.139
3668,1 - 1 - 2022,19800.0,1.6673332000533065,1.3335216533675034,1.7782800679308082,0.0119,0.01,0.0158489,0.168,0.15,0.2,0.0363,0.0,0.05,46900.0,481.0,0.0,1.0,True,0.01,0.95,10.0,39600.0,0.938,0.139
3669,1 - 1 - 2022,19800.0,1.6522711641858305,1.3335216533675034,1.7782800679308082,0.0119,0.01,0.0158489,0.172,0.15,0.2,0.077,0.05,0.1,155000.0,875.0,2180.0,1.0,True,0.01,0.95,10.0,39600.0,0.938,0.139
3670,1 - 1 - 2022,19800.0,1.6492422502470643,1.3335216533675034,1.7782800679308082,0.0117,0.01,0.0158489,0.174,0.15,0.2,0.151,0.1,0.2,269000.0,816.0,18500.0,1.0,True,0.01,0.95,10.0,39600.0,0.938,0.139
3671,1 - 1 - 2022,19800.0,1.6492422502470643,1.3335216533675034,1.7782800679308082,0.0117,0.01,0.0158489,0.174,0.15,0.2,0.249,0.2,0.3,370000.0,957.0,33300.0,1.0,True,0.01,0.95,10.0,39600.0,0.938,0.139
3672,1 - 1 - 2022,19800.0,1.6492422502470643,1.3335216533675034,1.7782800679308082,0.0117,0.01,0.0158489,0.173,0.15,0.2,0.351,0.3,0.4,395000.0,988.0,28400.0,1.0,True,0.01,0.95,10.0,39600.0,0.938,0.139
3673,1 - 1 - 2022,19800.0,1.6462077633154328,1.3335216533675034,1.7782800679308082,0.0117,0.01,0.0158489,0.174,0.15,0.2,0.449,0.4,0.5,308000.0,873.0,6000.0,1.0,True,0.01,0.95,10.0,39600.0,0.938,0.139
3674,1 - 1 - 2022,19800.0,1.6522711641858305,1.3335216533675034,1.7782800679308082,0.0117,0.01,0.0158489,0.173,0.15,0.2,0.55,0.5,0.6,265000.0,809.0,545.0,1.0,True,0.01,0.95,10.0,39600.0,0.938,0.139
3675,1 - 1 - 2022,19800.0,1.6401219466856725,1.3335216533675034,1.7782800679308082,0.0117,0.01,0.0158489,0.173,0.15,0.2,0.644,0.6,0.7,206000.0,714.0,0.0,1.0,True,0.01,0.95,10.0,39600.0,0.938,0.139
3676,1 - 1 - 2022,19800.0,1.6492422502470643,1.3335216533675034,1.7782800679308082,0.0117,0.01,0.0158489,0.173,0.15,0.2,0.747,0.7,0.8,149000.0,608.0,1090.0,1.0,True,0.01,0.95,10.0,39600.0,0.938,0.139
3677,1 - 1 - 2022,19800.0,1.6401219466856725,1.3335216533675034,1.7782800679308082,0.0116,0.01,0.0158489,0.172,0.15,0.2,0.843,0.8,0.9,101000.0,501.0,0.0,1.0,True,0.01,0.95,10.0,39600.0,0.938,0.139
3678,1 - 1 - 2022,19800.0,1.6431676725154984,1.3335216533675034,1.7782800679308082,0.0117,0.01,0.0158489,0.173,0.15,0.2,0.943,0.9,1.0,62700.0,394.0,545.0,1.0,True,0.01,0.95,10.0,39600.0,0.938,0.139
3679,1 - 1 - 2022,19800.0,1.6370705543744901,1.3335216533675034,1.7782800679308082,0.0116,0.01,0.0158489,0.173,0.15,0.2,1.17,1.0,1.5,21700.0,104.0,109.0,1.0,True,0.01,0.95,10.0,39600.0,0.938,0.139
3680,1 - 1 - 2022,19800.0,1.6340134638368191,1.3335216533675034,1.7782800679308082,0.0118,0.01,0.0158489,0.176,0.15,0.2,1.67,1.5,2.0,3050.0,38.8,327.0,1.0,True,0.01,0.95,10.0,39600.0,0.938,0.139
3681,1 - 1 - 2022,19800.0,1.7578395831246945,1.3335216533675034,1.7782800679308082,0.011,0.01,0.0158489,0.176,0.15,0.2,2.05,2.0,4.0,54.5,2.6,0.0,1.0,True,0.01,0.95,10.0,39600.0,0.938,0.139
3682,1 - 1 - 2022,19800.0,1.6370705543744901,1.3335216533675034,1.7782800679308082,0.0119,0.01,0.0158489,0.223,0.2,0.25,0.0346,0.0,0.05,39300.0,441.0,0.0,1.0,True,0.01,0.95,10.0,39600.0,0.938,0.139
3683,1 - 1 - 2022,19800.0,1.6522711641858305,1.3335216533675034,1.7782800679308082,0.0117,0.01,0.0158489,0.223,0.2,0.25,0.077,0.05,0.1,123000.0,780.0,4360.0,1.0,True,0.01,0.95,10.0,39600.0,0.938,0.139
3684,1 - 1 - 2022,19800.0,1.6401219466856725,1.3335216533675034,1.7782800679308082,0.0116,0.01,0.0158489,0.223,0.2,0.25,0.156,0.1,0.2,193000.0,691.0,27800.0,1.0,True,0.01,0.95,10.0,39600.0,0.938,0.139
3685,1 - 1 - 2022,19800.0,1.6552945357246849,1.3335216533675034,1.7782800679308082,0.0118,0.01,0.0158489,0.222,0.2,0.25,0.249,0.2,0.3,269000.0,816.0,56200.0,1.0,True,0.01,0.95,10.0,39600.0,0.938,0.139
3686,1 - 1 - 2022,19800.0,1.6462077633154328,1.3335216533675034,1.7782800679308082,0.0117,0.01,0.0158489,0.223,0.2,0.25,0.351,0.3,0.4,248000.0,782.0,45300.0,1.0,True,0.01,0.95,10.0,39600.0,0.938,0.139
3687,1 - 1 - 2022,19800.0,1.6492422502470643,1.3335216533675034,1.7782800679308082,0.0118,0.01,0.0158489,0.224,0.2,0.25,0.446,0.4,0.5,236000.0,763.0,35500.0,1.0,True,0.01,0.95,10.0,39600.0,0.938,0.139
3688,1 - 1 - 2022,19800.0,1.6492422502470643,1.3335216533675034,1.7782800679308082,0.0118,0.01,0.0158489,0.223,0.2,0.25,0.547,0.5,0.6,213000.0,725.0,25600.0,1.0,True,0.01,0.95,10.0,39600.0,0.938,0.139
3689,1 - 1 - 2022,19800.0,1.6583123951777,1.3335216533675034,1.7782800679308082,0.0118,0.01,0.0158489,0.224,0.2,0.25,0.65,0.6,0.7,148000.0,605.0,10900.0,1.0,True,0.01,0.95,10.0,39600.0,0.938,0.139
3690,1 - 1 - 2022,19800.0,1.6431676725154984,1.3335216533675034,1.7782800679308082,0.0117,0.01,0.0158489,0.223,0.2,0.25,0.745,0.7,0.8,106000.0,513.0,1090.0,1.0,True,0.01,0.95,10.0,39600.0,0.938,0.139
3691,1 - 1 - 2022,19800.0,1.6462077633154328,1.3335216533675034,1.7782800679308082,0.0117,0.01,0.0158489,0.225,0.2,0.25,0.848,0.8,0.9,72500.0,423.0,0.0,1.0,True,0.01,0.95,10.0,39600.0,0.938,0.139
3692,1 - 1 - 2022,19800.0,1.6462077633154328,1.3335216533675034,1.7782800679308082,0.0118,0.01,0.0158489,0.224,0.2,0.25,0.943,0.9,1.0,48000.0,344.0,546.0,1.0,True,0.01,0.95,10.0,39600.0,0.938,0.139
3693,1 - 1 - 2022,19800.0,1.6217274740226855,1.3335216533675034,1.7782800679308082,0.0115,0.01,0.0158489,0.223,0.2,0.25,1.17,1.0,1.5,14400.0,84.3,0.0,1.0,True,0.01,0.95,10.0,39600.0,0.938,0.139
3694,1 - 1 - 2022,19800.0,1.6613247725836149,1.3335216533675034,1.7782800679308082,0.0117,0.01,0.0158489,0.224,0.2,0.25,1.69,1.5,2.0,2510.0,35.2,0.0,1.0,True,0.01,0.95,10.0,39600.0,0.938,0.139
3695,1 - 1 - 2022,19800.0,1.7435595774162693,1.3335216533675034,1.7782800679308082,0.0129,0.01,0.0158489,0.24,0.2,0.25,2.22,2.0,4.0,54.5,2.6,0.0,1.0,True,0.01,0.95,10.0,39600.0,0.938,0.139
3696,1 - 1 - 2022,19800.0,1.6370705543744901,1.3335216533675034,1.7782800679308082,0.012,0.01,0.0158489,0.271,0.25,0.3,0.0347,0.0,0.05,22900.0,336.0,0.0,1.0,True,0.01,0.95,10.0,39600.0,0.938,0.139
3697,1 - 1 - 2022,19800.0,1.61245154965971,1.3335216533675034,1.7782800679308082,0.0115,0.01,0.0158489,0.275,0.25,0.3,0.0782,0.05,0.1,72000.0,596.0,4360.0,1.0,True,0.01,0.95,10.0,39600.0,0.938,0.139
3698,1 - 1 - 2022,19800.0,1.6492422502470643,1.3335216533675034,1.7782800679308082,0.0117,0.01,0.0158489,0.274,0.25,0.3,0.153,0.1,0.2,156000.0,621.0,38700.0,1.0,True,0.01,0.95,10.0,39600.0,0.938,0.139
3699,1 - 1 - 2022,19800.0,1.6492422502470643,1.3335216533675034,1.7782800679308082,0.0118,0.01,0.0158489,0.273,0.25,0.3,0.25,0.2,0.3,193000.0,690.0,61100.0,1.0,True,0.01,0.95,10.0,39600.0,0.938,0.139
3700,1 - 1 - 2022,19800.0,1.6522711641858305,1.3335216533675034,1.7782800679308082,0.0118,0.01,0.0158489,0.274,0.25,0.3,0.351,0.3,0.4,180000.0,667.0,54500.0,1.0,True,0.01,0.95,10.0,39600.0,0.938,0.139
3701,1 - 1 - 2022,19800.0,1.6462077633154328,1.3335216533675034,1.7782800679308082,0.0117,0.01,0.0158489,0.276,0.25,0.3,0.448,0.4,0.5,178000.0,664.0,43100.0,1.0,True,0.01,0.95,10.0,39600.0,0.938,0.139
3702,1 - 1 - 2022,19800.0,1.6462077633154328,1.3335216533675034,1.7782800679308082,0.0117,0.01,0.0158489,0.275,0.25,0.3,0.547,0.5,0.6,154000.0,618.0,26700.0,1.0,True,0.01,0.95,10.0,39600.0,0.938,0.139
3703,1 - 1 - 2022,19800.0,1.6278820596099706,1.3335216533675034,1.7782800679308082,0.0116,0.01,0.0158489,0.275,0.25,0.3,0.646,0.6,0.7,112000.0,526.0,14200.0,1.0,True,0.01,0.95,10.0,39600.0,0.938,0.139
3704,1 - 1 - 2022,19800.0,1.6583123951777,1.3335216533675034,1.7782800679308082,0.0118,0.01,0.0158489,0.274,0.25,0.3,0.746,0.7,0.8,91600.0,476.0,8180.0,1.0,True,0.01,0.95,10.0,39600.0,0.938,0.139
3705,1 - 1 - 2022,19800.0,1.6431676725154984,1.3335216533675034,1.7782800679308082,0.0115,0.01,0.0158489,0.273,0.25,0.3,0.847,0.8,0.9,53400.0,363.0,1090.0,1.0,True,0.01,0.95,10.0,39600.0,0.938,0.139
3706,1 - 1 - 2022,19800.0,1.6613247725836149,1.3335216533675034,1.7782800679308082,0.0117,0.01,0.0158489,0.272,0.25,0.3,0.945,0.9,1.0,40900.0,318.0,1090.0,1.0,True,0.01,0.95,10.0,39600.0,0.938,0.139
3707,1 - 1 - 2022,19800.0,1.6370705543744901,1.3335216533675034,1.7782800679308082,0.0117,0.01,0.0158489,0.272,0.25,0.3,1.17,1.0,1.5,11100.0,74.1,0.0,1.0,True,0.01,0.95,10.0,39600.0,0.938,0.139
3708,1 - 1 - 2022,19800.0,1.61245154965971,1.3335216533675034,1.7782800679308082,0.0111,0.01,0.0158489,0.271,0.25,0.3,1.66,1.5,2.0,1200.0,24.3,0.0,1.0,True,0.01,0.95,10.0,39600.0,0.938,0.139
3709,1 - 1 - 2022,19800.0,1.676305461424021,1.3335216533675034,1.7782800679308082,0.0117,0.01,0.0158489,0.284,0.25,0.3,2.3,2.0,4.0,164.0,4.5,0.0,1.0,True,0.01,0.95,10.0,39600.0,0.938,0.139
3710,1 - 1 - 2022,19800.0,1.6462077633154328,1.3335216533675034,1.7782800679308082,0.0116,0.01,0.0158489,0.353,0.3,0.4,0.0316,0.0,0.05,21300.0,229.0,545.0,1.0,True,0.01,0.95,10.0,39600.0,0.938,0.139
3711,1 - 1 - 2022,19800.0,1.6309506430300091,1.3335216533675034,1.7782800679308082,0.0117,0.01,0.0158489,0.344,0.3,0.4,0.0795,0.05,0.1,54000.0,365.0,7090.0,1.0,True,0.01,0.95,10.0,39600.0,0.938,0.139
3712,1 - 1 - 2022,19800.0,1.6431676725154984,1.3335216533675034,1.7782800679308082,0.0117,0.01,0.0158489,0.347,0.3,0.4,0.152,0.1,0.2,90000.0,333.0,18800.0,1.0,True,0.01,0.95,10.0,39600.0,0.938,0.139
3713,1 - 1 - 2022,19800.0,1.6492422502470643,1.3335216533675034,1.7782800679308082,0.0118,0.01,0.0158489,0.347,0.3,0.4,0.252,0.2,0.3,113000.0,373.0,29500.0,1.0,True,0.01,0.95,10.0,39600.0,0.938,0.139
3714,1 - 1 - 2022,19800.0,1.6462077633154328,1.3335216533675034,1.7782800679308082,0.0118,0.01,0.0158489,0.347,0.3,0.4,0.347,0.3,0.4,116000.0,378.0,36500.0,1.0,True,0.01,0.95,10.0,39600.0,0.938,0.139
3715,1 - 1 - 2022,19800.0,1.6552945357246849,1.3335216533675034,1.7782800679308082,0.0118,0.01,0.0158489,0.347,0.3,0.4,0.448,0.4,0.5,119000.0,383.0,29700.0,1.0,True,0.01,0.95,10.0,39600.0,0.938,0.139
3716,1 - 1 - 2022,19800.0,1.6522711641858305,1.3335216533675034,1.7782800679308082,0.0118,0.01,0.0158489,0.342,0.3,0.4,0.546,0.5,0.6,98200.0,348.0,26500.0,1.0,True,0.01,0.95,10.0,39600.0,0.938,0.139
3717,1 - 1 - 2022,19800.0,1.6492422502470643,1.3335216533675034,1.7782800679308082,0.0118,0.01,0.0158489,0.347,0.3,0.4,0.649,0.6,0.7,72500.0,299.0,16900.0,1.0,True,0.01,0.95,10.0,39600.0,0.938,0.139
3718,1 - 1 - 2022,19800.0,1.6492422502470643,1.3335216533675034,1.7782800679308082,0.0117,0.01,0.0158489,0.346,0.3,0.4,0.746,0.7,0.8,53400.0,257.0,11700.0,1.0,True,0.01,0.95,10.0,39600.0,0.938,0.139
3719,1 - 1 - 2022,19800.0,1.6492422502470643,1.3335216533675034,1.7782800679308082,0.0116,0.01,0.0158489,0.345,0.3,0.4,0.847,0.8,0.9,41700.0,227.0,7360.0,1.0,True,0.01,0.95,10.0,39600.0,0.938,0.139
3720,1 - 1 - 2022,19800.0,1.6492422502470643,1.3335216533675034,1.7782800679308082,0.0117,0.01,0.0158489,0.344,0.3,0.4,0.947,0.9,1.0,27300.0,184.0,2730.0,1.0,True,0.01,0.95,10.0,39600.0,0.938,0.139
3721,1 - 1 - 2022,19800.0,1.6492422502470643,1.3335216533675034,1.7782800679308082,0.0117,0.01,0.0158489,0.348,0.3,0.4,1.19,1.0,1.5,10300.0,50.3,273.0,1.0,True,0.01,0.95,10.0,39600.0,0.938,0.139
3722,1 - 1 - 2022,19800.0,1.6673332000533065,1.3335216533675034,1.7782800679308082,0.0119,0.01,0.0158489,0.345,0.3,0.4,1.69,1.5,2.0,1580.0,19.8,0.0,1.0,True,0.01,0.95,10.0,39600.0,0.938,0.139
3723,1 - 1 - 2022,19800.0,1.6673332000533065,1.3335216533675034,1.7782800679308082,0.0116,0.01,0.0158489,0.337,0.3,0.4,2.3,2.0,4.0,136.0,2.9,0.0,1.0,True,0.01,0.95,10.0,39600.0,0.938,0.139
3724,1 - 1 - 2022,19800.0,1.6583123951777,1.3335216533675034,1.7782800679308082,0.0114,0.01,0.0158489,0.442,0.4,0.5,0.0314,0.0,0.05,14700.0,191.0,546.0,1.0,True,0.01,0.95,10.0,39600.0,0.938,0.139
3725,1 - 1 - 2022,19800.0,1.6492422502470643,1.3335216533675034,1.7782800679308082,0.0118,0.01,0.0158489,0.446,0.4,0.5,0.0766,0.05,0.1,32200.0,282.0,546.0,1.0,True,0.01,0.95,10.0,39600.0,0.938,0.139
3726,1 - 1 - 2022,19800.0,1.6370705543744901,1.3335216533675034,1.7782800679308082,0.0116,0.01,0.0158489,0.446,0.4,0.5,0.155,0.1,0.2,65700.0,285.0,8730.0,1.0,True,0.01,0.95,10.0,39600.0,0.938,0.139
3727,1 - 1 - 2022,19800.0,1.6462077633154328,1.3335216533675034,1.7782800679308082,0.0118,0.01,0.0158489,0.448,0.4,0.5,0.25,0.2,0.3,80700.0,316.0,17500.0,1.0,True,0.01,0.95,10.0,39600.0,0.938,0.139
3728,1 - 1 - 2022,19800.0,1.6401219466856725,1.3335216533675034,1.7782800679308082,0.0118,0.01,0.0158489,0.446,0.4,0.5,0.351,0.3,0.4,76100.0,307.0,20500.0,1.0,True,0.01,0.95,10.0,39600.0,0.938,0.139
3729,1 - 1 - 2022,19800.0,1.6340134638368191,1.3335216533675034,1.7782800679308082,0.0117,0.01,0.0158489,0.449,0.4,0.5,0.447,0.4,0.5,73400.0,301.0,21500.0,1.0,True,0.01,0.95,10.0,39600.0,0.938,0.139
3730,1 - 1 - 2022,19800.0,1.6552945357246849,1.3335216533675034,1.7782800679308082,0.0117,0.01,0.0158489,0.445,0.4,0.5,0.549,0.5,0.6,61900.0,277.0,18500.0,1.0,True,0.01,0.95,10.0,39600.0,0.938,0.139
3731,1 - 1 - 2022,19800.0,1.6431676725154984,1.3335216533675034,1.7782800679308082,0.0116,0.01,0.0158489,0.446,0.4,0.5,0.647,0.6,0.7,41200.0,226.0,9820.0,1.0,True,0.01,0.95,10.0,39600.0,0.938,0.139
3732,1 - 1 - 2022,19800.0,1.6462077633154328,1.3335216533675034,1.7782800679308082,0.0117,0.01,0.0158489,0.448,0.4,0.5,0.742,0.7,0.8,27800.0,185.0,7910.0,1.0,True,0.01,0.95,10.0,39600.0,0.938,0.139
3733,1 - 1 - 2022,19800.0,1.6583123951777,1.3335216533675034,1.7782800679308082,0.0118,0.01,0.0158489,0.446,0.4,0.5,0.846,0.8,0.9,24800.0,175.0,5450.0,1.0,True,0.01,0.95,10.0,39600.0,0.938,0.139
3734,1 - 1 - 2022,19800.0,1.6431676725154984,1.3335216533675034,1.7782800679308082,0.0115,0.01,0.0158489,0.45,0.4,0.5,0.95,0.9,1.0,14200.0,132.0,2450.0,1.0,True,0.01,0.95,10.0,39600.0,0.938,0.139
3735,1 - 1 - 2022,19800.0,1.6643316977093239,1.3335216533675034,1.7782800679308082,0.012,0.01,0.0158489,0.441,0.4,0.5,1.18,1.0,1.5,5670.0,37.4,654.0,1.0,True,0.01,0.95,10.0,39600.0,0.938,0.139
3736,1 - 1 - 2022,19800.0,1.6155494421403511,1.3335216533675034,1.7782800679308082,0.0117,0.01,0.0158489,0.455,0.4,0.5,1.72,1.5,2.0,982.0,15.6,0.0,1.0,True,0.01,0.95,10.0,39600.0,0.938,0.139
3737,1 - 1 - 2022,19800.0,1.6881943016134133,1.3335216533675034,1.7782800679308082,0.0138,0.01,0.0158489,0.437,0.4,0.5,2.32,2.0,4.0,27.3,1.3,0.0,1.0,True,0.01,0.95,10.0,39600.0,0.938,0.139
3738,1 - 1 - 2022,19800.0,1.6492422502470643,1.3335216533675034,1.7782800679308082,0.0115,0.01,0.0158489,0.545,0.5,0.6,0.0304,0.0,0.05,10900.0,164.0,0.0,1.0,True,0.01,0.95,10.0,39600.0,0.938,0.139
3739,1 - 1 - 2022,19800.0,1.6703293088490065,1.3335216533675034,1.7782800679308082,0.0118,0.01,0.0158489,0.541,0.5,0.6,0.0736,0.05,0.1,19100.0,217.0,0.0,1.0,True,0.01,0.95,10.0,39600.0,0.938,0.139
3740,1 - 1 - 2022,19800.0,1.6340134638368191,1.3335216533675034,1.7782800679308082,0.0115,0.01,0.0158489,0.548,0.5,0.6,0.154,0.1,0.2,38400.0,218.0,1090.0,1.0,True,0.01,0.95,10.0,39600.0,0.938,0.139
3741,1 - 1 - 2022,19800.0,1.6370705543744901,1.3335216533675034,1.7782800679308082,0.0116,0.01,0.0158489,0.546,0.5,0.6,0.252,0.2,0.3,48500.0,245.0,6270.0,1.0,True,0.01,0.95,10.0,39600.0,0.938,0.139
3742,1 - 1 - 2022,19800.0,1.6431676725154984,1.3335216533675034,1.7782800679308082,0.0116,0.01,0.0158489,0.546,0.5,0.6,0.347,0.3,0.4,49400.0,247.0,10400.0,1.0,True,0.01,0.95,10.0,39600.0,0.938,0.139
3743,1 - 1 - 2022,19800.0,1.6431676725154984,1.3335216533675034,1.7782800679308082,0.0117,0.01,0.0158489,0.544,0.5,0.6,0.45,0.4,0.5,46100.0,239.0,14700.0,1.0,True,0.01,0.95,10.0,39600.0,0.938,0.139
3744,1 - 1 - 2022,19800.0,1.6431676725154984,1.3335216533675034,1.7782800679308082,0.0117,0.01,0.0158489,0.545,0.5,0.6,0.552,0.5,0.6,39300.0,220.0,9270.0,1.0,True,0.01,0.95,10.0,39600.0,0.938,0.139
3745,1 - 1 - 2022,19800.0,1.6522711641858305,1.3335216533675034,1.7782800679308082,0.0117,0.01,0.0158489,0.548,0.5,0.6,0.647,0.6,0.7,33300.0,203.0,6270.0,1.0,True,0.01,0.95,10.0,39600.0,0.938,0.139
3746,1 - 1 - 2022,19800.0,1.6613247725836149,1.3335216533675034,1.7782800679308082,0.0114,0.01,0.0158489,0.547,0.5,0.6,0.747,0.7,0.8,21000.0,161.0,6000.0,1.0,True,0.01,0.95,10.0,39600.0,0.938,0.139
3747,1 - 1 - 2022,19800.0,1.6401219466856725,1.3335216533675034,1.7782800679308082,0.0115,0.01,0.0158489,0.546,0.5,0.6,0.844,0.8,0.9,16400.0,142.0,5450.0,1.0,True,0.01,0.95,10.0,39600.0,0.938,0.139
3748,1 - 1 - 2022,19800.0,1.6309506430300091,1.3335216533675034,1.7782800679308082,0.0118,0.01,0.0158489,0.543,0.5,0.6,0.95,0.9,1.0,9540.0,109.0,2730.0,1.0,True,0.01,0.95,10.0,39600.0,0.938,0.139
3749,1 - 1 - 2022,19800.0,1.6462077633154328,1.3335216533675034,1.7782800679308082,0.0116,0.01,0.0158489,0.544,0.5,0.6,1.15,1.0,1.5,3820.0,30.7,709.0,1.0,True,0.01,0.95,10.0,39600.0,0.938,0.139
3750,1 - 1 - 2022,19800.0,1.6492422502470643,1.3335216533675034,1.7782800679308082,0.0116,0.01,0.0158489,0.548,0.5,0.6,1.68,1.5,2.0,600.0,12.2,54.5,1.0,True,0.01,0.95,10.0,39600.0,0.938,0.139
3751,1 - 1 - 2022,19800.0,1.7435595774162693,1.3335216533675034,1.7782800679308082,0.013,0.01,0.0158489,0.533,0.5,0.6,2.15,2.0,4.0,27.3,1.3,0.0,1.0,True,0.01,0.95,10.0,39600.0,0.938,0.139
3752,1 - 1 - 2022,19800.0,1.6,1.3335216533675034,1.7782800679308082,0.0113,0.01,0.0158489,0.646,0.6,0.7,0.0266,0.0,0.05,3270.0,89.9,0.0,1.0,True,0.01,0.95,10.0,39600.0,0.938,0.139
3753,1 - 1 - 2022,19800.0,1.6733200530681511,1.3335216533675034,1.7782800679308082,0.012,0.01,0.0158489,0.647,0.6,0.7,0.0789,0.05,0.1,9820.0,156.0,0.0,1.0,True,0.01,0.95,10.0,39600.0,0.938,0.139
3754,1 - 1 - 2022,19800.0,1.6431676725154984,1.3335216533675034,1.7782800679308082,0.0118,0.01,0.0158489,0.648,0.6,0.7,0.157,0.1,0.2,19400.0,155.0,0.0,1.0,True,0.01,0.95,10.0,39600.0,0.938,0.139
3755,1 - 1 - 2022,19800.0,1.6431676725154984,1.3335216533675034,1.7782800679308082,0.0116,0.01,0.0158489,0.642,0.6,0.7,0.253,0.2,0.3,24800.0,175.0,1360.0,1.0,True,0.01,0.95,10.0,39600.0,0.938,0.139
3756,1 - 1 - 2022,19800.0,1.6431676725154984,1.3335216533675034,1.7782800679308082,0.0116,0.01,0.0158489,0.645,0.6,0.7,0.354,0.3,0.4,27000.0,183.0,4640.0,1.0,True,0.01,0.95,10.0,39600.0,0.938,0.139
3757,1 - 1 - 2022,19800.0,1.6309506430300091,1.3335216533675034,1.7782800679308082,0.0118,0.01,0.0158489,0.643,0.6,0.7,0.445,0.4,0.5,29700.0,192.0,7090.0,1.0,True,0.01,0.95,10.0,39600.0,0.938,0.139
3758,1 - 1 - 2022,19800.0,1.6431676725154984,1.3335216533675034,1.7782800679308082,0.0116,0.01,0.0158489,0.645,0.6,0.7,0.554,0.5,0.6,23200.0,169.0,7090.0,1.0,True,0.01,0.95,10.0,39600.0,0.938,0.139
3759,1 - 1 - 2022,19800.0,1.6583123951777,1.3335216533675034,1.7782800679308082,0.0121,0.01,0.0158489,0.645,0.6,0.7,0.649,0.6,0.7,20500.0,159.0,4640.0,1.0,True,0.01,0.95,10.0,39600.0,0.938,0.139
3760,1 - 1 - 2022,19800.0,1.6492422502470643,1.3335216533675034,1.7782800679308082,0.0121,0.01,0.0158489,0.645,0.6,0.7,0.749,0.7,0.8,14700.0,135.0,3550.0,1.0,True,0.01,0.95,10.0,39600.0,0.938,0.139
3761,1 - 1 - 2022,19800.0,1.6583123951777,1.3335216533675034,1.7782800679308082,0.0121,0.01,0.0158489,0.651,0.6,0.7,0.846,0.8,0.9,11200.0,118.0,1360.0,1.0,True,0.01,0.95,10.0,39600.0,0.938,0.139
3762,1 - 1 - 2022,19800.0,1.6522711641858305,1.3335216533675034,1.7782800679308082,0.0113,0.01,0.0158489,0.652,0.6,0.7,0.937,0.9,1.0,6820.0,91.8,1910.0,1.0,True,0.01,0.95,10.0,39600.0,0.938,0.139
3763,1 - 1 - 2022,19800.0,1.6522711641858305,1.3335216533675034,1.7782800679308082,0.0119,0.01,0.0158489,0.652,0.6,0.7,1.14,1.0,1.5,1530.0,19.4,218.0,1.0,True,0.01,0.95,10.0,39600.0,0.938,0.139
3764,1 - 1 - 2022,19800.0,1.6278820596099706,1.3335216533675034,1.7782800679308082,0.0115,0.01,0.0158489,0.644,0.6,0.7,1.67,1.5,2.0,491.0,11.0,54.5,1.0,True,0.01,0.95,10.0,39600.0,0.938,0.139
3765,1 - 1 - 2022,19800.0,1.6278820596099706,1.3335216533675034,1.7782800679308082,0.0124,0.01,0.0158489,0.624,0.6,0.7,2.18,2.0,4.0,27.3,1.3,0.0,1.0,True,0.01,0.95,10.0,39600.0,0.938,0.139
3766,1 - 1 - 2022,19800.0,1.6431676725154984,1.3335216533675034,1.7782800679308082,0.0116,0.01,0.0158489,0.751,0.7,0.8,0.0344,0.0,0.05,2730.0,82.1,0.0,1.0,True,0.01,0.95,10.0,39600.0,0.938,0.139
3767,1 - 1 - 2022,19800.0,1.6401219466856725,1.3335216533675034,1.7782800679308082,0.0117,0.01,0.0158489,0.741,0.7,0.8,0.0744,0.05,0.1,7640.0,137.0,0.0,1.0,True,0.01,0.95,10.0,39600.0,0.938,0.139
3768,1 - 1 - 2022,19800.0,1.6522711641858305,1.3335216533675034,1.7782800679308082,0.0117,0.01,0.0158489,0.746,0.7,0.8,0.156,0.1,0.2,9820.0,110.0,0.0,1.0,True,0.01,0.95,10.0,39600.0,0.938,0.139
3769,1 - 1 - 2022,19800.0,1.6613247725836149,1.3335216533675034,1.7782800679308082,0.0118,0.01,0.0158489,0.744,0.7,0.8,0.246,0.2,0.3,13900.0,131.0,0.0,1.0,True,0.01,0.95,10.0,39600.0,0.938,0.139
3770,1 - 1 - 2022,19800.0,1.6401219466856725,1.3335216533675034,1.7782800679308082,0.0115,0.01,0.0158489,0.744,0.7,0.8,0.35,0.3,0.4,21000.0,161.0,1090.0,1.0,True,0.01,0.95,10.0,39600.0,0.938,0.139
3771,1 - 1 - 2022,19800.0,1.6492422502470643,1.3335216533675034,1.7782800679308082,0.0117,0.01,0.0158489,0.747,0.7,0.8,0.451,0.4,0.5,16600.0,143.0,1360.0,1.0,True,0.01,0.95,10.0,39600.0,0.938,0.139
3772,1 - 1 - 2022,19800.0,1.6552945357246849,1.3335216533675034,1.7782800679308082,0.0121,0.01,0.0158489,0.755,0.7,0.8,0.544,0.5,0.6,10100.0,112.0,1910.0,1.0,True,0.01,0.95,10.0,39600.0,0.938,0.139
3773,1 - 1 - 2022,19800.0,1.6278820596099706,1.3335216533675034,1.7782800679308082,0.0117,0.01,0.0158489,0.744,0.7,0.8,0.648,0.6,0.7,13400.0,128.0,1640.0,1.0,True,0.01,0.95,10.0,39600.0,0.938,0.139
3774,1 - 1 - 2022,19800.0,1.6462077633154328,1.3335216533675034,1.7782800679308082,0.0119,0.01,0.0158489,0.744,0.7,0.8,0.743,0.7,0.8,10400.0,113.0,1910.0,1.0,True,0.01,0.95,10.0,39600.0,0.938,0.139
3775,1 - 1 - 2022,19800.0,1.6401219466856725,1.3335216533675034,1.7782800679308082,0.0121,0.01,0.0158489,0.755,0.7,0.8,0.847,0.8,0.9,4910.0,77.9,1090.0,1.0,True,0.01,0.95,10.0,39600.0,0.938,0.139
3776,1 - 1 - 2022,19800.0,1.6613247725836149,1.3335216533675034,1.7782800679308082,0.0124,0.01,0.0158489,0.752,0.7,0.8,0.957,0.9,1.0,3270.0,63.6,273.0,1.0,True,0.01,0.95,10.0,39600.0,0.938,0.139
3777,1 - 1 - 2022,19800.0,1.6552945357246849,1.3335216533675034,1.7782800679308082,0.0118,0.01,0.0158489,0.739,0.7,0.8,1.09,1.0,1.5,818.0,14.2,327.0,1.0,True,0.01,0.95,10.0,39600.0,0.938,0.139
3778,1 - 1 - 2022,19800.0,1.6340134638368191,1.3335216533675034,1.7782800679308082,0.0101,0.01,0.0158489,0.753,0.7,0.8,1.99,1.5,2.0,54.6,3.67,0.0,1.0,True,0.01,0.95,10.0,39600.0,0.938,0.139
3779,1 - 1 - 2022,19800.0,1.61245154965971,1.3335216533675034,1.7782800679308082,0.0116,0.01,0.0158489,0.836,0.8,0.9,0.03,0.0,0.05,2180.0,73.4,0.0,1.0,True,0.01,0.95,10.0,39600.0,0.938,0.139
3780,1 - 1 - 2022,19800.0,1.6492422502470643,1.3335216533675034,1.7782800679308082,0.0118,0.01,0.0158489,0.852,0.8,0.9,0.082,0.05,0.1,4910.0,110.0,0.0,1.0,True,0.01,0.95,10.0,39600.0,0.938,0.139
3781,1 - 1 - 2022,19800.0,1.6462077633154328,1.3335216533675034,1.7782800679308082,0.0116,0.01,0.0158489,0.848,0.8,0.9,0.149,0.1,0.2,6270.0,88.0,0.0,1.0,True,0.01,0.95,10.0,39600.0,0.938,0.139
3782,1 - 1 - 2022,19800.0,1.6370705543744901,1.3335216533675034,1.7782800679308082,0.0113,0.01,0.0158489,0.844,0.8,0.9,0.241,0.2,0.3,9820.0,110.0,273.0,1.0,True,0.01,0.95,10.0,39600.0,0.938,0.139
3783,1 - 1 - 2022,19800.0,1.6370705543744901,1.3335216533675034,1.7782800679308082,0.0114,0.01,0.0158489,0.847,0.8,0.9,0.347,0.3,0.4,8730.0,104.0,0.0,1.0,True,0.01,0.95,10.0,39600.0,0.938,0.139
3784,1 - 1 - 2022,19800.0,1.6492422502470643,1.3335216533675034,1.7782800679308082,0.0117,0.01,0.0158489,0.843,0.8,0.9,0.457,0.4,0.5,12300.0,123.0,545.0,1.0,True,0.01,0.95,10.0,39600.0,0.938,0.139
3785,1 - 1 - 2022,19800.0,1.6278820596099706,1.3335216533675034,1.7782800679308082,0.0115,0.01,0.0158489,0.85,0.8,0.9,0.543,0.5,0.6,13900.0,131.0,1640.0,1.0,True,0.01,0.95,10.0,39600.0,0.938,0.139
3786,1 - 1 - 2022,19800.0,1.6431676725154984,1.3335216533675034,1.7782800679308082,0.0119,0.01,0.0158489,0.846,0.8,0.9,0.641,0.6,0.7,5730.0,84.1,545.0,1.0,True,0.01,0.95,10.0,39600.0,0.938,0.139
3787,1 - 1 - 2022,19800.0,1.6613247725836149,1.3335216533675034,1.7782800679308082,0.0116,0.01,0.0158489,0.847,0.8,0.9,0.752,0.7,0.8,4910.0,77.9,818.0,1.0,True,0.01,0.95,10.0,39600.0,0.938,0.139
3788,1 - 1 - 2022,19800.0,1.6643316977093239,1.3335216533675034,1.7782800679308082,0.0118,0.01,0.0158489,0.843,0.8,0.9,0.844,0.8,0.9,4090.0,71.1,273.0,1.0,True,0.01,0.95,10.0,39600.0,0.938,0.139
3789,1 - 1 - 2022,19800.0,1.746424919657298,1.3335216533675034,1.7782800679308082,0.0127,0.01,0.0158489,0.823,0.8,0.9,0.935,0.9,1.0,1360.0,41.0,0.0,1.0,True,0.01,0.95,10.0,39600.0,0.938,0.139
3790,1 - 1 - 2022,19800.0,1.6643316977093239,1.3335216533675034,1.7782800679308082,0.0118,0.01,0.0158489,0.835,0.8,0.9,1.07,1.0,1.5,382.0,9.71,54.5,1.0,True,0.01,0.95,10.0,39600.0,0.938,0.139
3791,1 - 1 - 2022,19800.0,1.5748015748023623,1.3335216533675034,1.7782800679308082,0.0117,0.01,0.0158489,0.948,0.9,1.0,0.073,0.05,0.1,546.0,36.7,0.0,1.0,True,0.01,0.95,10.0,39600.0,0.938,0.139
3792,1 - 1 - 2022,19800.0,1.697056274847714,1.3335216533675034,1.7782800679308082,0.0123,0.01,0.0158489,0.926,0.9,1.0,0.147,0.1,0.2,1640.0,45.0,0.0,1.0,True,0.01,0.95,10.0,39600.0,0.938,0.139
3793,1 - 1 - 2022,19800.0,1.676305461424021,1.3335216533675034,1.7782800679308082,0.012,0.01,0.0158489,0.927,0.9,1.0,0.253,0.2,0.3,2450.0,55.1,0.0,1.0,True,0.01,0.95,10.0,39600.0,0.938,0.139
3794,1 - 1 - 2022,19800.0,1.6093476939431082,1.3335216533675034,1.7782800679308082,0.0113,0.01,0.0158489,0.929,0.9,1.0,0.356,0.3,0.4,3000.0,60.9,0.0,1.0,True,0.01,0.95,10.0,39600.0,0.938,0.139
3795,1 - 1 - 2022,19800.0,1.6401219466856725,1.3335216533675034,1.7782800679308082,0.0119,0.01,0.0158489,0.921,0.9,1.0,0.461,0.4,0.5,3000.0,60.9,0.0,1.0,True,0.01,0.95,10.0,39600.0,0.938,0.139
3796,1 - 1 - 2022,19800.0,1.6522711641858305,1.3335216533675034,1.7782800679308082,0.0123,0.01,0.0158489,0.924,0.9,1.0,0.539,0.5,0.6,3540.0,66.2,0.0,1.0,True,0.01,0.95,10.0,39600.0,0.938,0.139
3797,1 - 1 - 2022,19800.0,1.5684387141358123,1.3335216533675034,1.7782800679308082,0.0111,0.01,0.0158489,0.914,0.9,1.0,0.66,0.6,0.7,1640.0,45.0,273.0,1.0,True,0.01,0.95,10.0,39600.0,0.938,0.139
3798,1 - 1 - 2022,19800.0,1.6278820596099706,1.3335216533675034,1.7782800679308082,0.0109,0.01,0.0158489,0.924,0.9,1.0,0.741,0.7,0.8,1360.0,41.0,0.0,1.0,True,0.01,0.95,10.0,39600.0,0.938,0.139
3799,1 - 1 - 2022,19800.0,1.6733200530681511,1.3335216533675034,1.7782800679308082,0.012,0.01,0.0158489,0.929,0.9,1.0,0.861,0.8,0.9,818.0,31.8,273.0,1.0,True,0.01,0.95,10.0,39600.0,0.938,0.139
3800,1 - 1 - 2022,19800.0,1.606237840420901,1.3335216533675034,1.7782800679308082,0.0106,0.01,0.0158489,0.91,0.9,1.0,0.942,0.9,1.0,273.0,18.4,0.0,1.0,True,0.01,0.95,10.0,39600.0,0.938,0.139
3801,1 - 1 - 2022,19800.0,1.4730919862656235,1.3335216533675034,1.7782800679308082,0.0103,0.01,0.0158489,0.918,0.9,1.0,1.11,1.0,1.5,109.0,5.19,0.0,1.0,True,0.01,0.95,10.0,39600.0,0.938,0.139
3802,1 - 1 - 2022,19800.0,1.7748239349298849,1.3335216533675034,1.7782800679308082,0.0158,0.01,0.0158489,0.338,0.3,0.4,0.142,0.1,0.2,172.0,11.6,0.0,1.0,True,0.01,0.95,10.0,39600.0,0.938,0.139
3803,1 - 1 - 2022,19800.0,1.9026297590440449,1.7782800679308082,2.3713730200033902,0.00022,0.000158489,0.000251189,0.0157,0.0,0.05,0.078,0.05,0.1,48500000.0,92200.0,48500000.0,1.0,True,0.01,0.95,10.0,39600.0,0.938,0.139
3804,1 - 1 - 2022,19800.0,1.9,1.7782800679308082,2.3713730200033902,0.000219,0.000158489,0.000251189,0.0135,0.0,0.05,0.155,0.1,0.2,95500000.0,91500.0,85400000.0,1.0,True,0.01,0.95,10.0,39600.0,0.938,0.139
3805,1 - 1 - 2022,19800.0,1.9,1.7782800679308082,2.3713730200033902,0.00022,0.000158489,0.000251189,0.013,0.0,0.05,0.251,0.2,0.3,129000000.0,106000.0,96300000.0,1.0,True,0.01,0.95,10.0,39600.0,0.938,0.139
3806,1 - 1 - 2022,19800.0,1.9,1.7782800679308082,2.3713730200033902,0.00022,0.000158489,0.000251189,0.0127,0.0,0.05,0.35,0.3,0.4,135000000.0,109000.0,85700000.0,1.0,True,0.01,0.95,10.0,39600.0,0.938,0.139
3807,1 - 1 - 2022,19800.0,1.9,1.7782800679308082,2.3713730200033902,0.00022,0.000158489,0.000251189,0.0124,0.0,0.05,0.448,0.4,0.5,118000000.0,102000.0,55400000.0,1.0,True,0.01,0.95,10.0,39600.0,0.938,0.139
3808,1 - 1 - 2022,19800.0,1.8973665961010275,1.7782800679308082,2.3713730200033902,0.00022,0.000158489,0.000251189,0.0132,0.0,0.05,0.548,0.5,0.6,90400000.0,89000.0,29100000.0,1.0,True,0.01,0.95,10.0,39600.0,0.938,0.139
3809,1 - 1 - 2022,19800.0,1.8973665961010275,1.7782800679308082,2.3713730200033902,0.00022,0.000158489,0.000251189,0.0133,0.0,0.05,0.648,0.6,0.7,66500000.0,76300.0,21700000.0,1.0,True,0.01,0.95,10.0,39600.0,0.938,0.139
3810,1 - 1 - 2022,19800.0,1.9,1.7782800679308082,2.3713730200033902,0.00022,0.000158489,0.000251189,0.0135,0.0,0.05,0.747,0.7,0.8,44400000.0,62400.0,15000000.0,1.0,True,0.01,0.95,10.0,39600.0,0.938,0.139
3811,1 - 1 - 2022,19800.0,1.9,1.7782800679308082,2.3713730200033902,0.000219,0.000158489,0.000251189,0.0138,0.0,0.05,0.848,0.8,0.9,29000000.0,50400.0,4240000.0,1.0,True,0.01,0.95,10.0,39600.0,0.938,0.139
3812,1 - 1 - 2022,19800.0,1.8973665961010275,1.7782800679308082,2.3713730200033902,0.000222,0.000158489,0.000251189,0.0146,0.0,0.05,0.945,0.9,1.0,18300000.0,40100.0,1570000.0,1.0,True,0.01,0.95,10.0,39600.0,0.938,0.139
3813,1 - 1 - 2022,19800.0,1.8920887928424501,1.7782800679308082,2.3713730200033902,0.000219,0.000158489,0.000251189,0.0161,0.0,0.05,1.17,1.0,1.5,5650000.0,9960.0,368000.0,1.0,True,0.01,0.95,10.0,39600.0,0.938,0.139
3814,1 - 1 - 2022,19800.0,1.8947295321496416,1.7782800679308082,2.3713730200033902,0.000218,0.000158489,0.000251189,0.0202,0.0,0.05,1.68,1.5,2.0,778000.0,3690.0,31000.0,1.0,True,0.01,0.95,10.0,39600.0,0.938,0.139
3815,1 - 1 - 2022,19800.0,1.9183326093250879,1.7782800679308082,2.3713730200033902,0.000216,0.000158489,0.000251189,0.0244,0.0,0.05,2.47,2.0,4.0,104000.0,677.0,967.0,1.0,True,0.01,0.95,10.0,39600.0,0.938,0.139
3816,1 - 1 - 2022,19800.0,1.9,1.7782800679308082,2.3713730200033902,0.00022,0.000158489,0.000251189,0.0722,0.05,0.1,0.0791,0.05,0.1,11200000.0,44300.0,11100000.0,1.0,True,0.01,0.95,10.0,39600.0,0.938,0.139
3817,1 - 1 - 2022,19800.0,1.9,1.7782800679308082,2.3713730200033902,0.00022,0.000158489,0.000251189,0.0728,0.05,0.1,0.154,0.1,0.2,20600000.0,42500.0,20400000.0,1.0,True,0.01,0.95,10.0,39600.0,0.938,0.139
3818,1 - 1 - 2022,19800.0,1.8973665961010275,1.7782800679308082,2.3713730200033902,0.000221,0.000158489,0.000251189,0.0715,0.05,0.1,0.251,0.2,0.3,27600000.0,49100.0,27200000.0,1.0,True,0.01,0.95,10.0,39600.0,0.938,0.139
3819,1 - 1 - 2022,19800.0,1.9,1.7782800679308082,2.3713730200033902,0.00022,0.000158489,0.000251189,0.0714,0.05,0.1,0.35,0.3,0.4,26500000.0,48200.0,26000000.0,1.0,True,0.01,0.95,10.0,39600.0,0.938,0.139
3820,1 - 1 - 2022,19800.0,1.9,1.7782800679308082,2.3713730200033902,0.000221,0.000158489,0.000251189,0.0719,0.05,0.1,0.448,0.4,0.5,23400000.0,45300.0,22900000.0,1.0,True,0.01,0.95,10.0,39600.0,0.938,0.139
3821,1 - 1 - 2022,19800.0,1.9,1.7782800679308082,2.3713730200033902,0.00022,0.000158489,0.000251189,0.0726,0.05,0.1,0.546,0.5,0.6,18200000.0,39900.0,16000000.0,1.0,True,0.01,0.95,10.0,39600.0,0.938,0.139
3822,1 - 1 - 2022,19800.0,1.9026297590440449,1.7782800679308082,2.3713730200033902,0.000221,0.000158489,0.000251189,0.073,0.05,0.1,0.649,0.6,0.7,14800000.0,36100.0,10100000.0,1.0,True,0.01,0.95,10.0,39600.0,0.938,0.139
3823,1 - 1 - 2022,19800.0,1.9026297590440449,1.7782800679308082,2.3713730200033902,0.000221,0.000158489,0.000251189,0.0741,0.05,0.1,0.747,0.7,0.8,9980000.0,29600.0,5090000.0,1.0,True,0.01,0.95,10.0,39600.0,0.938,0.139
3824,1 - 1 - 2022,19800.0,1.9,1.7782800679308082,2.3713730200033902,0.00022,0.000158489,0.000251189,0.0741,0.05,0.1,0.848,0.8,0.9,7470000.0,25600.0,2320000.0,1.0,True,0.01,0.95,10.0,39600.0,0.938,0.139
3825,1 - 1 - 2022,19800.0,1.905255888325765,1.7782800679308082,2.3713730200033902,0.000219,0.000158489,0.000251189,0.0724,0.05,0.1,0.948,0.9,1.0,5190000.0,21300.0,581000.0,1.0,True,0.01,0.95,10.0,39600.0,0.938,0.139
3826,1 - 1 - 2022,19800.0,1.8973665961010275,1.7782800679308082,2.3713730200033902,0.000222,0.000158489,0.000251189,0.0721,0.05,0.1,1.18,1.0,1.5,1920000.0,5800.0,7740.0,1.0,True,0.01,0.95,10.0,39600.0,0.938,0.139
3827,1 - 1 - 2022,19800.0,1.8894443627691184,1.7782800679308082,2.3713730200033902,0.000217,0.000158489,0.000251189,0.0725,0.05,0.1,1.69,1.5,2.0,445000.0,2790.0,7740.0,1.0,True,0.01,0.95,10.0,39600.0,0.938,0.139
3828,1 - 1 - 2022,19800.0,1.9261360284258222,1.7782800679308082,2.3713730200033902,0.00022,0.000158489,0.000251189,0.0729,0.05,0.1,2.51,2.0,4.0,80300.0,593.0,6770.0,1.0,True,0.01,0.95,10.0,39600.0,0.938,0.139
3829,1 - 1 - 2022,19800.0,1.876166303929372,1.7782800679308082,2.3713730200033902,0.000227,0.000158489,0.000251189,0.119,0.1,0.15,0.0339,0.0,0.05,2130000.0,19300.0,1470000.0,1.0,True,0.01,0.95,10.0,39600.0,0.938,0.139
3830,1 - 1 - 2022,19800.0,1.9026297590440449,1.7782800679308082,2.3713730200033902,0.000222,0.000158489,0.000251189,0.121,0.1,0.15,0.0778,0.05,0.1,5960000.0,32300.0,3560000.0,1.0,True,0.01,0.95,10.0,39600.0,0.938,0.139
3831,1 - 1 - 2022,19800.0,1.9,1.7782800679308082,2.3713730200033902,0.000219,0.000158489,0.000251189,0.124,0.1,0.15,0.156,0.1,0.2,13300000.0,34100.0,4700000.0,1.0,True,0.01,0.95,10.0,39600.0,0.938,0.139
3832,1 - 1 - 2022,19800.0,1.9026297590440449,1.7782800679308082,2.3713730200033902,0.00022,0.000158489,0.000251189,0.123,0.1,0.15,0.251,0.2,0.3,16300000.0,37700.0,3720000.0,1.0,True,0.01,0.95,10.0,39600.0,0.938,0.139
3833,1 - 1 - 2022,19800.0,1.9026297590440449,1.7782800679308082,2.3713730200033902,0.000221,0.000158489,0.000251189,0.124,0.1,0.15,0.348,0.3,0.4,17100000.0,38700.0,3390000.0,1.0,True,0.01,0.95,10.0,39600.0,0.938,0.139
3834,1 - 1 - 2022,19800.0,1.9026297590440449,1.7782800679308082,2.3713730200033902,0.000221,0.000158489,0.000251189,0.123,0.1,0.15,0.45,0.4,0.5,14200000.0,35300.0,3020000.0,1.0,True,0.01,0.95,10.0,39600.0,0.938,0.139
3835,1 - 1 - 2022,19800.0,1.8973665961010275,1.7782800679308082,2.3713730200033902,0.00022,0.000158489,0.000251189,0.123,0.1,0.15,0.545,0.5,0.6,12300000.0,32900.0,2340000.0,1.0,True,0.01,0.95,10.0,39600.0,0.938,0.139
3836,1 - 1 - 2022,19800.0,1.8947295321496416,1.7782800679308082,2.3713730200033902,0.000218,0.000158489,0.000251189,0.123,0.1,0.15,0.647,0.6,0.7,8880000.0,27900.0,1320000.0,1.0,True,0.01,0.95,10.0,39600.0,0.938,0.139
3837,1 - 1 - 2022,19800.0,1.9,1.7782800679308082,2.3713730200033902,0.00022,0.000158489,0.000251189,0.123,0.1,0.15,0.748,0.7,0.8,6520000.0,23900.0,813000.0,1.0,True,0.01,0.95,10.0,39600.0,0.938,0.139
3838,1 - 1 - 2022,19800.0,1.905255888325765,1.7782800679308082,2.3713730200033902,0.000222,0.000158489,0.000251189,0.123,0.1,0.15,0.847,0.8,0.9,4390000.0,19600.0,484000.0,1.0,True,0.01,0.95,10.0,39600.0,0.938,0.139
3839,1 - 1 - 2022,19800.0,1.8947295321496416,1.7782800679308082,2.3713730200033902,0.000217,0.000158489,0.000251189,0.123,0.1,0.15,0.947,0.9,1.0,3250000.0,16900.0,77400.0,1.0,True,0.01,0.95,10.0,39600.0,0.938,0.139
3840,1 - 1 - 2022,19800.0,1.8973665961010275,1.7782800679308082,2.3713730200033902,0.000221,0.000158489,0.000251189,0.124,0.1,0.15,1.19,1.0,1.5,1430000.0,5000.0,19300.0,1.0,True,0.01,0.95,10.0,39600.0,0.938,0.139
3841,1 - 1 - 2022,19800.0,1.9,1.7782800679308082,2.3713730200033902,0.000221,0.000158489,0.000251189,0.124,0.1,0.15,1.73,1.5,2.0,329000.0,2400.0,7740.0,1.0,True,0.01,0.95,10.0,39600.0,0.938,0.139
3842,1 - 1 - 2022,19800.0,1.9364916731037085,1.7782800679308082,2.3713730200033902,0.000219,0.000158489,0.000251189,0.124,0.1,0.15,2.58,2.0,4.0,54200.0,487.0,967.0,1.0,True,0.01,0.95,10.0,39600.0,0.938,0.139
3843,1 - 1 - 2022,19800.0,1.8867962264113207,1.7782800679308082,2.3713730200033902,0.000225,0.000158489,0.000251189,0.174,0.15,0.2,0.032,0.0,0.05,1280000.0,15000.0,619000.0,1.0,True,0.01,0.95,10.0,39600.0,0.938,0.139
3844,1 - 1 - 2022,19800.0,1.8973665961010275,1.7782800679308082,2.3713730200033902,0.000222,0.000158489,0.000251189,0.172,0.15,0.2,0.0789,0.05,0.1,3520000.0,24800.0,1470000.0,1.0,True,0.01,0.95,10.0,39600.0,0.938,0.139
3845,1 - 1 - 2022,19800.0,1.905255888325765,1.7782800679308082,2.3713730200033902,0.000223,0.000158489,0.000251189,0.174,0.15,0.2,0.156,0.1,0.2,7760000.0,26100.0,1940000.0,1.0,True,0.01,0.95,10.0,39600.0,0.938,0.139
3846,1 - 1 - 2022,19800.0,1.91049731745428,1.7782800679308082,2.3713730200033902,0.00022,0.000158489,0.000251189,0.173,0.15,0.2,0.251,0.2,0.3,10600000.0,30500.0,1040000.0,1.0,True,0.01,0.95,10.0,39600.0,0.938,0.139
3847,1 - 1 - 2022,19800.0,1.9,1.7782800679308082,2.3713730200033902,0.00022,0.000158489,0.000251189,0.173,0.15,0.2,0.35,0.3,0.4,11500000.0,31700.0,96800.0,1.0,True,0.01,0.95,10.0,39600.0,0.938,0.139
3848,1 - 1 - 2022,19800.0,1.9,1.7782800679308082,2.3713730200033902,0.000219,0.000158489,0.000251189,0.174,0.15,0.2,0.447,0.4,0.5,10200000.0,30000.0,38700.0,1.0,True,0.01,0.95,10.0,39600.0,0.938,0.139
3849,1 - 1 - 2022,19800.0,1.905255888325765,1.7782800679308082,2.3713730200033902,0.000221,0.000158489,0.000251189,0.174,0.15,0.2,0.546,0.5,0.6,8110000.0,26700.0,58000.0,1.0,True,0.01,0.95,10.0,39600.0,0.938,0.139
3850,1 - 1 - 2022,19800.0,1.8947295321496416,1.7782800679308082,2.3713730200033902,0.000219,0.000158489,0.000251189,0.173,0.15,0.2,0.648,0.6,0.7,6130000.0,23200.0,38700.0,1.0,True,0.01,0.95,10.0,39600.0,0.938,0.139
3851,1 - 1 - 2022,19800.0,1.9026297590440449,1.7782800679308082,2.3713730200033902,0.000221,0.000158489,0.000251189,0.174,0.15,0.2,0.748,0.7,0.8,4470000.0,19800.0,38700.0,1.0,True,0.01,0.95,10.0,39600.0,0.938,0.139
3852,1 - 1 - 2022,19800.0,1.8973665961010275,1.7782800679308082,2.3713730200033902,0.00022,0.000158489,0.000251189,0.174,0.15,0.2,0.847,0.8,0.9,3230000.0,16800.0,38700.0,1.0,True,0.01,0.95,10.0,39600.0,0.938,0.139
3853,1 - 1 - 2022,19800.0,1.905255888325765,1.7782800679308082,2.3713730200033902,0.000219,0.000158489,0.000251189,0.174,0.15,0.2,0.945,0.9,1.0,2550000.0,15000.0,10.5,1.0,True,0.01,0.95,10.0,39600.0,0.938,0.139
3854,1 - 1 - 2022,19800.0,1.8947295321496416,1.7782800679308082,2.3713730200033902,0.000219,0.000158489,0.000251189,0.173,0.15,0.2,1.18,1.0,1.5,1010000.0,4220.0,3870.0,1.0,True,0.01,0.95,10.0,39600.0,0.938,0.139
3855,1 - 1 - 2022,19800.0,1.8947295321496416,1.7782800679308082,2.3713730200033902,0.00022,0.000158489,0.000251189,0.173,0.15,0.2,1.71,1.5,2.0,306000.0,2320.0,1.55,1.0,True,0.01,0.95,10.0,39600.0,0.938,0.139
3856,1 - 1 - 2022,19800.0,1.9621416870348585,1.7782800679308082,2.3713730200033902,0.000225,0.000158489,0.000251189,0.176,0.15,0.2,2.59,2.0,4.0,46400.0,451.0,1940.0,1.0,True,0.01,0.95,10.0,39600.0,0.938,0.139
3857,1 - 1 - 2022,19800.0,1.9209372712298547,1.7782800679308082,2.3713730200033902,0.000226,0.000158489,0.000251189,0.224,0.2,0.25,0.0347,0.0,0.05,774000.0,11600.0,426000.0,1.0,True,0.01,0.95,10.0,39600.0,0.938,0.139
3858,1 - 1 - 2022,19800.0,1.8788294228055935,1.7782800679308082,2.3713730200033902,0.000224,0.000158489,0.000251189,0.225,0.2,0.25,0.0761,0.05,0.1,2320000.0,20200.0,968000.0,1.0,True,0.01,0.95,10.0,39600.0,0.938,0.139
3859,1 - 1 - 2022,19800.0,1.8973665961010275,1.7782800679308082,2.3713730200033902,0.000221,0.000158489,0.000251189,0.225,0.2,0.25,0.156,0.1,0.2,4140000.0,19100.0,1350000.0,1.0,True,0.01,0.95,10.0,39600.0,0.938,0.139
3860,1 - 1 - 2022,19800.0,1.8867962264113207,1.7782800679308082,2.3713730200033902,0.000219,0.000158489,0.000251189,0.222,0.2,0.25,0.256,0.2,0.3,6210000.0,23300.0,1120000.0,1.0,True,0.01,0.95,10.0,39600.0,0.938,0.139
3861,1 - 1 - 2022,19800.0,1.8947295321496416,1.7782800679308082,2.3713730200033902,0.00022,0.000158489,0.000251189,0.223,0.2,0.25,0.349,0.3,0.4,7910000.0,26300.0,851000.0,1.0,True,0.01,0.95,10.0,39600.0,0.938,0.139
3862,1 - 1 - 2022,19800.0,1.9131126469708992,1.7782800679308082,2.3713730200033902,0.000223,0.000158489,0.000251189,0.223,0.2,0.25,0.446,0.4,0.5,6460000.0,23800.0,38700.0,1.0,True,0.01,0.95,10.0,39600.0,0.938,0.139
3863,1 - 1 - 2022,19800.0,1.8973665961010275,1.7782800679308082,2.3713730200033902,0.000219,0.000158489,0.000251189,0.225,0.2,0.25,0.549,0.5,0.6,5880000.0,22700.0,38700.0,1.0,True,0.01,0.95,10.0,39600.0,0.938,0.139
3864,1 - 1 - 2022,19800.0,1.8973665961010275,1.7782800679308082,2.3713730200033902,0.000221,0.000158489,0.000251189,0.224,0.2,0.25,0.649,0.6,0.7,4760000.0,20400.0,38700.0,1.0,True,0.01,0.95,10.0,39600.0,0.938,0.139
3865,1 - 1 - 2022,19800.0,1.9261360284258222,1.7782800679308082,2.3713730200033902,0.000222,0.000158489,0.000251189,0.224,0.2,0.25,0.75,0.7,0.8,2900000.0,16000.0,13.4,1.0,True,0.01,0.95,10.0,39600.0,0.938,0.139
3866,1 - 1 - 2022,19800.0,1.91049731745428,1.7782800679308082,2.3713730200033902,0.000224,0.000158489,0.000251189,0.225,0.2,0.25,0.848,0.8,0.9,2530000.0,14900.0,19300.0,1.0,True,0.01,0.95,10.0,39600.0,0.938,0.139
3867,1 - 1 - 2022,19800.0,1.9,1.7782800679308082,2.3713730200033902,0.000222,0.000158489,0.000251189,0.224,0.2,0.25,0.946,0.9,1.0,1640000.0,12000.0,19300.0,1.0,True,0.01,0.95,10.0,39600.0,0.938,0.139
3868,1 - 1 - 2022,19800.0,1.8973665961010275,1.7782800679308082,2.3713730200033902,0.000221,0.000158489,0.000251189,0.224,0.2,0.25,1.18,1.0,1.5,712000.0,3530.0,3870.0,1.0,True,0.01,0.95,10.0,39600.0,0.938,0.139
3869,1 - 1 - 2022,19800.0,1.9209372712298547,1.7782800679308082,2.3713730200033902,0.000225,0.000158489,0.000251189,0.224,0.2,0.25,1.69,1.5,2.0,221000.0,1970.0,0.0,1.0,True,0.01,0.95,10.0,39600.0,0.938,0.139
3870,1 - 1 - 2022,19800.0,1.9416487838947598,1.7782800679308082,2.3713730200033902,0.000219,0.000158489,0.000251189,0.222,0.2,0.25,2.61,2.0,4.0,37700.0,407.0,5810.0,1.0,True,0.01,0.95,10.0,39600.0,0.938,0.139
3871,1 - 1 - 2022,19800.0,1.8894443627691184,1.7782800679308082,2.3713730200033902,0.00022,0.000158489,0.000251189,0.269,0.25,0.3,0.029,0.0,0.05,619000.0,10400.0,464000.0,1.0,True,0.01,0.95,10.0,39600.0,0.938,0.139
3872,1 - 1 - 2022,19800.0,1.905255888325765,1.7782800679308082,2.3713730200033902,0.000228,0.000158489,0.000251189,0.278,0.25,0.3,0.0774,0.05,0.1,1160000.0,14300.0,619000.0,1.0,True,0.01,0.95,10.0,39600.0,0.938,0.139
3873,1 - 1 - 2022,19800.0,1.8920887928424501,1.7782800679308082,2.3713730200033902,0.000222,0.000158489,0.000251189,0.274,0.25,0.3,0.154,0.1,0.2,3370000.0,17200.0,1040000.0,1.0,True,0.01,0.95,10.0,39600.0,0.938,0.139
3874,1 - 1 - 2022,19800.0,1.91049731745428,1.7782800679308082,2.3713730200033902,0.000222,0.000158489,0.000251189,0.272,0.25,0.3,0.254,0.2,0.3,3460000.0,17400.0,755000.0,1.0,True,0.01,0.95,10.0,39600.0,0.938,0.139
3875,1 - 1 - 2022,19800.0,1.8973665961010275,1.7782800679308082,2.3713730200033902,0.00022,0.000158489,0.000251189,0.272,0.25,0.3,0.351,0.3,0.4,5530000.0,22000.0,1080000.0,1.0,True,0.01,0.95,10.0,39600.0,0.938,0.139
3876,1 - 1 - 2022,19800.0,1.9,1.7782800679308082,2.3713730200033902,0.00022,0.000158489,0.000251189,0.274,0.25,0.3,0.45,0.4,0.5,5050000.0,21000.0,387000.0,1.0,True,0.01,0.95,10.0,39600.0,0.938,0.139
3877,1 - 1 - 2022,19800.0,1.91049731745428,1.7782800679308082,2.3713730200033902,0.000221,0.000158489,0.000251189,0.273,0.25,0.3,0.549,0.5,0.6,4550000.0,20000.0,19400.0,1.0,True,0.01,0.95,10.0,39600.0,0.938,0.139
3878,1 - 1 - 2022,19800.0,1.8947295321496416,1.7782800679308082,2.3713730200033902,0.000219,0.000158489,0.000251189,0.272,0.25,0.3,0.646,0.6,0.7,3620000.0,17800.0,77400.0,1.0,True,0.01,0.95,10.0,39600.0,0.938,0.139
3879,1 - 1 - 2022,19800.0,1.8947295321496416,1.7782800679308082,2.3713730200033902,0.000219,0.000158489,0.000251189,0.277,0.25,0.3,0.747,0.7,0.8,2960000.0,16100.0,77400.0,1.0,True,0.01,0.95,10.0,39600.0,0.938,0.139
3880,1 - 1 - 2022,19800.0,1.8920887928424501,1.7782800679308082,2.3713730200033902,0.000222,0.000158489,0.000251189,0.271,0.25,0.3,0.851,0.8,0.9,1970000.0,13200.0,13.2,1.0,True,0.01,0.95,10.0,39600.0,0.938,0.139
3881,1 - 1 - 2022,19800.0,1.905255888325765,1.7782800679308082,2.3713730200033902,0.000221,0.000158489,0.000251189,0.273,0.25,0.3,0.952,0.9,1.0,1350000.0,10900.0,58000.0,1.0,True,0.01,0.95,10.0,39600.0,0.938,0.139
3882,1 - 1 - 2022,19800.0,1.9026297590440449,1.7782800679308082,2.3713730200033902,0.00022,0.000158489,0.000251189,0.276,0.25,0.3,1.17,1.0,1.5,615000.0,3280.0,23200.0,1.0,True,0.01,0.95,10.0,39600.0,0.938,0.139
3883,1 - 1 - 2022,19800.0,1.9287301521985911,1.7782800679308082,2.3713730200033902,0.000223,0.000158489,0.000251189,0.275,0.25,0.3,1.7,1.5,2.0,151000.0,1630.0,3870.0,1.0,True,0.01,0.95,10.0,39600.0,0.938,0.139
3884,1 - 1 - 2022,19800.0,1.9183326093250879,1.7782800679308082,2.3713730200033902,0.000216,0.000158489,0.000251189,0.277,0.25,0.3,2.67,2.0,4.0,25200.0,332.0,11600.0,1.0,True,0.01,0.95,10.0,39600.0,0.938,0.139
3885,1 - 1 - 2022,19800.0,1.8841443681416772,1.7782800679308082,2.3713730200033902,0.000227,0.000158489,0.000251189,0.35,0.3,0.4,0.0382,0.0,0.05,194000.0,4120.0,116000.0,1.0,True,0.01,0.95,10.0,39600.0,0.938,0.139
3886,1 - 1 - 2022,19800.0,1.8841443681416772,1.7782800679308082,2.3713730200033902,0.000226,0.000158489,0.000251189,0.339,0.3,0.4,0.0786,0.05,0.1,851000.0,8640.0,464000.0,1.0,True,0.01,0.95,10.0,39600.0,0.938,0.139
3887,1 - 1 - 2022,19800.0,1.8920887928424501,1.7782800679308082,2.3713730200033902,0.000219,0.000158489,0.000251189,0.343,0.3,0.4,0.158,0.1,0.2,1650000.0,8520.0,1140000.0,1.0,True,0.01,0.95,10.0,39600.0,0.938,0.139
3888,1 - 1 - 2022,19800.0,1.8894443627691184,1.7782800679308082,2.3713730200033902,0.000217,0.000158489,0.000251189,0.345,0.3,0.4,0.254,0.2,0.3,2430000.0,10300.0,1620000.0,1.0,True,0.01,0.95,10.0,39600.0,0.938,0.139
3889,1 - 1 - 2022,19800.0,1.905255888325765,1.7782800679308082,2.3713730200033902,0.000221,0.000158489,0.000251189,0.343,0.3,0.4,0.351,0.3,0.4,2630000.0,10700.0,1640000.0,1.0,True,0.01,0.95,10.0,39600.0,0.938,0.139
3890,1 - 1 - 2022,19800.0,1.9,1.7782800679308082,2.3713730200033902,0.000219,0.000158489,0.000251189,0.347,0.3,0.4,0.452,0.4,0.5,3080000.0,11600.0,2100000.0,1.0,True,0.01,0.95,10.0,39600.0,0.938,0.139
3891,1 - 1 - 2022,19800.0,1.8920887928424501,1.7782800679308082,2.3713730200033902,0.00022,0.000158489,0.000251189,0.343,0.3,0.4,0.548,0.5,0.6,2500000.0,10500.0,1410000.0,1.0,True,0.01,0.95,10.0,39600.0,0.938,0.139
3892,1 - 1 - 2022,19800.0,1.8920887928424501,1.7782800679308082,2.3713730200033902,0.000219,0.000158489,0.000251189,0.344,0.3,0.4,0.648,0.6,0.7,1970000.0,9300.0,1130000.0,1.0,True,0.01,0.95,10.0,39600.0,0.938,0.139
3893,1 - 1 - 2022,19800.0,1.8920887928424501,1.7782800679308082,2.3713730200033902,0.000217,0.000158489,0.000251189,0.346,0.3,0.4,0.748,0.7,0.8,1910000.0,9140.0,1160000.0,1.0,True,0.01,0.95,10.0,39600.0,0.938,0.139
3894,1 - 1 - 2022,19800.0,1.9,1.7782800679308082,2.3713730200033902,0.000218,0.000158489,0.000251189,0.345,0.3,0.4,0.847,0.8,0.9,1120000.0,7010.0,716000.0,1.0,True,0.01,0.95,10.0,39600.0,0.938,0.139
3895,1 - 1 - 2022,19800.0,1.8973665961010275,1.7782800679308082,2.3713730200033902,0.000217,0.000158489,0.000251189,0.345,0.3,0.4,0.944,0.9,1.0,939000.0,6410.0,610000.0,1.0,True,0.01,0.95,10.0,39600.0,0.938,0.139
3896,1 - 1 - 2022,19800.0,1.8947295321496416,1.7782800679308082,2.3713730200033902,0.000219,0.000158489,0.000251189,0.343,0.3,0.4,1.21,1.0,1.5,337000.0,1720.0,201000.0,1.0,True,0.01,0.95,10.0,39600.0,0.938,0.139
3897,1 - 1 - 2022,19800.0,1.8920887928424501,1.7782800679308082,2.3713730200033902,0.000218,0.000158489,0.000251189,0.349,0.3,0.4,1.69,1.5,2.0,112000.0,992.0,83200.0,1.0,True,0.01,0.95,10.0,39600.0,0.938,0.139
3898,1 - 1 - 2022,19800.0,1.9672315572906003,1.7782800679308082,2.3713730200033902,0.000224,0.000158489,0.000251189,0.35,0.3,0.4,2.71,2.0,4.0,21300.0,216.0,17900.0,1.0,True,0.01,0.95,10.0,39600.0,0.938,0.139
3899,1 - 1 - 2022,19800.0,1.8841443681416772,1.7782800679308082,2.3713730200033902,0.000226,0.000158489,0.000251189,0.445,0.4,0.5,0.0742,0.05,0.1,561000.0,7010.0,542000.0,1.0,True,0.01,0.95,10.0,39600.0,0.938,0.139
3900,1 - 1 - 2022,19800.0,1.8788294228055935,1.7782800679308082,2.3713730200033902,0.000221,0.000158489,0.000251189,0.445,0.4,0.5,0.156,0.1,0.2,1070000.0,6860.0,1060000.0,1.0,True,0.01,0.95,10.0,39600.0,0.938,0.139
3901,1 - 1 - 2022,19800.0,1.9,1.7782800679308082,2.3713730200033902,0.000221,0.000158489,0.000251189,0.444,0.4,0.5,0.45,0.4,0.5,1570000.0,8290.0,1540000.0,1.0,True,0.01,0.95,10.0,39600.0,0.938,0.139
3902,1 - 1 - 2022,19800.0,1.8841443681416772,1.7782800679308082,2.3713730200033902,0.000217,0.000158489,0.000251189,0.445,0.4,0.5,0.551,0.5,0.6,1570000.0,8290.0,1560000.0,1.0,True,0.01,0.95,10.0,39600.0,0.938,0.139
3903,1 - 1 - 2022,19800.0,1.905255888325765,1.7782800679308082,2.3713730200033902,0.000222,0.000158489,0.000251189,0.444,0.4,0.5,0.948,0.9,1.0,484000.0,4600.0,474000.0,1.0,True,0.01,0.95,10.0,39600.0,0.938,0.139
3904,1 - 1 - 2022,19800.0,2.0346989949375804,1.7782800679308082,2.3713730200033902,0.000322,0.000251189,0.000398107,0.0166,0.0,0.05,0.0785,0.05,0.1,80400000.0,94300.0,80200000.0,1.0,True,0.01,0.95,10.0,39600.0,0.938,0.139
3905,1 - 1 - 2022,19800.0,2.0322401432901573,1.7782800679308082,2.3713730200033902,0.000322,0.000251189,0.000398107,0.0145,0.0,0.05,0.155,0.1,0.2,163000000.0,94800.0,144000000.0,1.0,True,0.01,0.95,10.0,39600.0,0.938,0.139
3906,1 - 1 - 2022,19800.0,2.0322401432901573,1.7782800679308082,2.3713730200033902,0.000321,0.000251189,0.000398107,0.0137,0.0,0.05,0.251,0.2,0.3,227000000.0,112000.0,168000000.0,1.0,True,0.01,0.95,10.0,39600.0,0.938,0.139
3907,1 - 1 - 2022,19800.0,2.0322401432901573,1.7782800679308082,2.3713730200033902,0.000321,0.000251189,0.000398107,0.0132,0.0,0.05,0.349,0.3,0.4,230000000.0,113000.0,147000000.0,1.0,True,0.01,0.95,10.0,39600.0,0.938,0.139
3908,1 - 1 - 2022,19800.0,2.029778313018444,1.7782800679308082,2.3713730200033902,0.000321,0.000251189,0.000398107,0.0134,0.0,0.05,0.448,0.4,0.5,203000000.0,106000.0,98200000.0,1.0,True,0.01,0.95,10.0,39600.0,0.938,0.139
3909,1 - 1 - 2022,19800.0,2.0322401432901573,1.7782800679308082,2.3713730200033902,0.000321,0.000251189,0.000398107,0.0136,0.0,0.05,0.548,0.5,0.6,156000000.0,92700.0,52400000.0,1.0,True,0.01,0.95,10.0,39600.0,0.938,0.139
3910,1 - 1 - 2022,19800.0,2.029778313018444,1.7782800679308082,2.3713730200033902,0.000321,0.000251189,0.000398107,0.0138,0.0,0.05,0.647,0.6,0.7,111000000.0,78300.0,36200000.0,1.0,True,0.01,0.95,10.0,39600.0,0.938,0.139
3911,1 - 1 - 2022,19800.0,2.0322401432901573,1.7782800679308082,2.3713730200033902,0.000321,0.000251189,0.000398107,0.0145,0.0,0.05,0.746,0.7,0.8,78500000.0,65900.0,25000000.0,1.0,True,0.01,0.95,10.0,39600.0,0.938,0.139
3912,1 - 1 - 2022,19800.0,2.0322401432901573,1.7782800679308082,2.3713730200033902,0.000321,0.000251189,0.000398107,0.0147,0.0,0.05,0.847,0.8,0.9,48800000.0,51900.0,7900000.0,1.0,True,0.01,0.95,10.0,39600.0,0.938,0.139
3913,1 - 1 - 2022,19800.0,2.029778313018444,1.7782800679308082,2.3713730200033902,0.00032,0.000251189,0.000398107,0.0152,0.0,0.05,0.946,0.9,1.0,31700000.0,41900.0,3810000.0,1.0,True,0.01,0.95,10.0,39600.0,0.938,0.139
3914,1 - 1 - 2022,19800.0,2.029778313018444,1.7782800679308082,2.3713730200033902,0.000322,0.000251189,0.000398107,0.0175,0.0,0.05,1.16,1.0,1.5,9800000.0,10400.0,664000.0,1.0,True,0.01,0.95,10.0,39600.0,0.938,0.139
3915,1 - 1 - 2022,19800.0,2.0346989949375804,1.7782800679308082,2.3713730200033902,0.000324,0.000251189,0.000398107,0.0216,0.0,0.05,1.69,1.5,2.0,1510000.0,4090.0,48800.0,1.0,True,0.01,0.95,10.0,39600.0,0.938,0.139
3916,1 - 1 - 2022,19800.0,2.046948949045872,1.7782800679308082,2.3713730200033902,0.000321,0.000251189,0.000398107,0.026,0.0,0.05,2.43,2.0,4.0,184000.0,714.0,6100.0,1.0,True,0.01,0.95,10.0,39600.0,0.938,0.139
3917,1 - 1 - 2022,19800.0,2.0322401432901573,1.7782800679308082,2.3713730200033902,0.000323,0.000251189,0.000398107,0.0722,0.05,0.1,0.154,0.1,0.2,38100000.0,45900.0,37500000.0,1.0,True,0.01,0.95,10.0,39600.0,0.938,0.139
3918,1 - 1 - 2022,19800.0,2.0273134932713295,1.7782800679308082,2.3713730200033902,0.000323,0.000251189,0.000398107,0.0725,0.05,0.1,0.251,0.2,0.3,49900000.0,52500.0,46400000.0,1.0,True,0.01,0.95,10.0,39600.0,0.938,0.139
3919,1 - 1 - 2022,19800.0,2.0273134932713295,1.7782800679308082,2.3713730200033902,0.000323,0.000251189,0.000398107,0.0724,0.05,0.1,0.35,0.3,0.4,49400000.0,52300.0,41500000.0,1.0,True,0.01,0.95,10.0,39600.0,0.938,0.139
3920,1 - 1 - 2022,19800.0,2.029778313018444,1.7782800679308082,2.3713730200033902,0.000322,0.000251189,0.000398107,0.0727,0.05,0.1,0.448,0.4,0.5,43400000.0,49000.0,34200000.0,1.0,True,0.01,0.95,10.0,39600.0,0.938,0.139
3921,1 - 1 - 2022,19800.0,2.0273134932713295,1.7782800679308082,2.3713730200033902,0.000323,0.000251189,0.000398107,0.0727,0.05,0.1,0.548,0.5,0.6,34100000.0,43400.0,22800000.0,1.0,True,0.01,0.95,10.0,39600.0,0.938,0.139
3922,1 - 1 - 2022,19800.0,2.0273134932713295,1.7782800679308082,2.3713730200033902,0.000322,0.000251189,0.000398107,0.0727,0.05,0.1,0.647,0.6,0.7,27400000.0,38900.0,14700000.0,1.0,True,0.01,0.95,10.0,39600.0,0.938,0.139
3923,1 - 1 - 2022,19800.0,2.0322401432901573,1.7782800679308082,2.3713730200033902,0.000324,0.000251189,0.000398107,0.0727,0.05,0.1,0.746,0.7,0.8,19300000.0,32700.0,6040000.0,1.0,True,0.01,0.95,10.0,39600.0,0.938,0.139
3924,1 - 1 - 2022,19800.0,2.029778313018444,1.7782800679308082,2.3713730200033902,0.000323,0.000251189,0.000398107,0.0723,0.05,0.1,0.846,0.8,0.9,13200000.0,27100.0,1610000.0,1.0,True,0.01,0.95,10.0,39600.0,0.938,0.139
3925,1 - 1 - 2022,19800.0,2.0371548787463363,1.7782800679308082,2.3713730200033902,0.000325,0.000251189,0.000398107,0.0736,0.05,0.1,0.948,0.9,1.0,9350000.0,22700.0,391000.0,1.0,True,0.01,0.95,10.0,39600.0,0.938,0.139
3926,1 - 1 - 2022,19800.0,2.039607805437114,1.7782800679308082,2.3713730200033902,0.000321,0.000251189,0.000398107,0.073,0.05,0.1,1.18,1.0,1.5,3600000.0,6310.0,9770.0,1.0,True,0.01,0.95,10.0,39600.0,0.938,0.139
3927,1 - 1 - 2022,19800.0,2.0566963801203135,1.7782800679308082,2.3713730200033902,0.000325,0.000251189,0.000398107,0.0732,0.05,0.1,1.7,1.5,2.0,769000.0,2920.0,4880.0,1.0,True,0.01,0.95,10.0,39600.0,0.938,0.139
3928,1 - 1 - 2022,19800.0,2.0591260281974,1.7782800679308082,2.3713730200033902,0.000326,0.000251189,0.000398107,0.0738,0.05,0.1,2.58,2.0,4.0,112000.0,557.0,8550.0,1.0,True,0.01,0.95,10.0,39600.0,0.938,0.139
3929,1 - 1 - 2022,19800.0,2.0371548787463363,1.7782800679308082,2.3713730200033902,0.000323,0.000251189,0.000398107,0.124,0.1,0.15,0.0326,0.0,0.05,4570000.0,22500.0,3860000.0,1.0,True,0.01,0.95,10.0,39600.0,0.938,0.139
3930,1 - 1 - 2022,19800.0,2.0273134932713295,1.7782800679308082,2.3713730200033902,0.000327,0.000251189,0.000398107,0.123,0.1,0.15,0.0777,0.05,0.1,12900000.0,37700.0,10600000.0,1.0,True,0.01,0.95,10.0,39600.0,0.938,0.139
3931,1 - 1 - 2022,19800.0,2.0273134932713295,1.7782800679308082,2.3713730200033902,0.000325,0.000251189,0.000398107,0.123,0.1,0.15,0.154,0.1,0.2,22500000.0,35200.0,17300000.0,1.0,True,0.01,0.95,10.0,39600.0,0.938,0.139
3932,1 - 1 - 2022,19800.0,2.0346989949375804,1.7782800679308082,2.3713730200033902,0.000323,0.000251189,0.000398107,0.123,0.1,0.15,0.251,0.2,0.3,31700000.0,41800.0,23400000.0,1.0,True,0.01,0.95,10.0,39600.0,0.938,0.139
3933,1 - 1 - 2022,19800.0,2.029778313018444,1.7782800679308082,2.3713730200033902,0.000323,0.000251189,0.000398107,0.123,0.1,0.15,0.349,0.3,0.4,32200000.0,42200.0,22400000.0,1.0,True,0.01,0.95,10.0,39600.0,0.938,0.139
3934,1 - 1 - 2022,19800.0,2.029778313018444,1.7782800679308082,2.3713730200033902,0.000322,0.000251189,0.000398107,0.123,0.1,0.15,0.45,0.4,0.5,26800000.0,38500.0,18400000.0,1.0,True,0.01,0.95,10.0,39600.0,0.938,0.139
3935,1 - 1 - 2022,19800.0,2.029778313018444,1.7782800679308082,2.3713730200033902,0.000321,0.000251189,0.000398107,0.123,0.1,0.15,0.549,0.5,0.6,23100000.0,35700.0,15000000.0,1.0,True,0.01,0.95,10.0,39600.0,0.938,0.139
3936,1 - 1 - 2022,19800.0,2.0322401432901573,1.7782800679308082,2.3713730200033902,0.000326,0.000251189,0.000398107,0.124,0.1,0.15,0.649,0.6,0.7,16300000.0,30100.0,9270000.0,1.0,True,0.01,0.95,10.0,39600.0,0.938,0.139
3937,1 - 1 - 2022,19800.0,2.0273134932713295,1.7782800679308082,2.3713730200033902,0.000322,0.000251189,0.000398107,0.123,0.1,0.15,0.747,0.7,0.8,12700000.0,26500.0,6300000.0,1.0,True,0.01,0.95,10.0,39600.0,0.938,0.139
3938,1 - 1 - 2022,19800.0,2.0371548787463363,1.7782800679308082,2.3713730200033902,0.00032,0.000251189,0.000398107,0.123,0.1,0.15,0.846,0.8,0.9,8660000.0,21900.0,3080000.0,1.0,True,0.01,0.95,10.0,39600.0,0.938,0.139
3939,1 - 1 - 2022,19800.0,2.0346989949375804,1.7782800679308082,2.3713730200033902,0.000318,0.000251189,0.000398107,0.123,0.1,0.15,0.948,0.9,1.0,6700000.0,19300.0,1150000.0,1.0,True,0.01,0.95,10.0,39600.0,0.938,0.139
3940,1 - 1 - 2022,19800.0,2.029778313018444,1.7782800679308082,2.3713730200033902,0.000322,0.000251189,0.000398107,0.124,0.1,0.15,1.19,1.0,1.5,2630000.0,5390.0,75700.0,1.0,True,0.01,0.95,10.0,39600.0,0.938,0.139
3941,1 - 1 - 2022,19800.0,2.0518284528683193,1.7782800679308082,2.3713730200033902,0.000322,0.000251189,0.000398107,0.124,0.1,0.15,1.68,1.5,2.0,642000.0,2670.0,2440.0,1.0,True,0.01,0.95,10.0,39600.0,0.938,0.139
3942,1 - 1 - 2022,19800.0,2.0199009876724157,1.7782800679308082,2.3713730200033902,0.000325,0.000251189,0.000398107,0.123,0.1,0.15,2.59,2.0,4.0,100000.0,526.0,3050.0,1.0,True,0.01,0.95,10.0,39600.0,0.938,0.139
3943,1 - 1 - 2022,19800.0,1.9924858845171276,1.7782800679308082,2.3713730200033902,0.000326,0.000251189,0.000398107,0.175,0.15,0.2,0.0308,0.0,0.05,3220000.0,18900.0,855000.0,1.0,True,0.01,0.95,10.0,39600.0,0.938,0.139
3944,1 - 1 - 2022,19800.0,2.0273134932713295,1.7782800679308082,2.3713730200033902,0.000327,0.000251189,0.000398107,0.173,0.15,0.2,0.0776,0.05,0.1,8500000.0,30700.0,2520000.0,1.0,True,0.01,0.95,10.0,39600.0,0.938,0.139
3945,1 - 1 - 2022,19800.0,2.0199009876724157,1.7782800679308082,2.3713730200033902,0.000324,0.000251189,0.000398107,0.173,0.15,0.2,0.155,0.1,0.2,14900000.0,28700.0,4620000.0,1.0,True,0.01,0.95,10.0,39600.0,0.938,0.139
3946,1 - 1 - 2022,19800.0,2.0248456731316584,1.7782800679308082,2.3713730200033902,0.000322,0.000251189,0.000398107,0.173,0.15,0.2,0.251,0.2,0.3,19000000.0,32400.0,4810000.0,1.0,True,0.01,0.95,10.0,39600.0,0.938,0.139
3947,1 - 1 - 2022,19800.0,2.0273134932713295,1.7782800679308082,2.3713730200033902,0.000323,0.000251189,0.000398107,0.173,0.15,0.2,0.349,0.3,0.4,21700000.0,34700.0,4050000.0,1.0,True,0.01,0.95,10.0,39600.0,0.938,0.139
3948,1 - 1 - 2022,19800.0,2.0371548787463363,1.7782800679308082,2.3713730200033902,0.000324,0.000251189,0.000398107,0.173,0.15,0.2,0.449,0.4,0.5,18800000.0,32200.0,3030000.0,1.0,True,0.01,0.95,10.0,39600.0,0.938,0.139
3949,1 - 1 - 2022,19800.0,2.0273134932713295,1.7782800679308082,2.3713730200033902,0.000322,0.000251189,0.000398107,0.174,0.15,0.2,0.547,0.5,0.6,15300000.0,29100.0,2250000.0,1.0,True,0.01,0.95,10.0,39600.0,0.938,0.139
3950,1 - 1 - 2022,19800.0,2.029778313018444,1.7782800679308082,2.3713730200033902,0.000323,0.000251189,0.000398107,0.174,0.15,0.2,0.648,0.6,0.7,11900000.0,25700.0,1660000.0,1.0,True,0.01,0.95,10.0,39600.0,0.938,0.139
3951,1 - 1 - 2022,19800.0,2.0371548787463363,1.7782800679308082,2.3713730200033902,0.00032,0.000251189,0.000398107,0.174,0.15,0.2,0.747,0.7,0.8,8950000.0,22200.0,916000.0,1.0,True,0.01,0.95,10.0,39600.0,0.938,0.139
3952,1 - 1 - 2022,19800.0,2.0346989949375804,1.7782800679308082,2.3713730200033902,0.000323,0.000251189,0.000398107,0.174,0.15,0.2,0.848,0.8,0.9,6720000.0,19300.0,488000.0,1.0,True,0.01,0.95,10.0,39600.0,0.938,0.139
3953,1 - 1 - 2022,19800.0,2.0420577856662137,1.7782800679308082,2.3713730200033902,0.000322,0.000251189,0.000398107,0.174,0.15,0.2,0.947,0.9,1.0,4050000.0,15000.0,208000.0,1.0,True,0.01,0.95,10.0,39600.0,0.938,0.139
3954,1 - 1 - 2022,19800.0,2.0346989949375804,1.7782800679308082,2.3713730200033902,0.000323,0.000251189,0.000398107,0.174,0.15,0.2,1.19,1.0,1.5,1930000.0,4620.0,36600.0,1.0,True,0.01,0.95,10.0,39600.0,0.938,0.139
3955,1 - 1 - 2022,19800.0,2.0639767440550294,1.7782800679308082,2.3713730200033902,0.000324,0.000251189,0.000398107,0.175,0.15,0.2,1.71,1.5,2.0,505000.0,2360.0,2440.0,1.0,True,0.01,0.95,10.0,39600.0,0.938,0.139
3956,1 - 1 - 2022,19800.0,2.0445048300260873,1.7782800679308082,2.3713730200033902,0.00032,0.000251189,0.000398107,0.174,0.15,0.2,2.52,2.0,4.0,95800.0,515.0,1830.0,1.0,True,0.01,0.95,10.0,39600.0,0.938,0.139
3957,1 - 1 - 2022,19800.0,2.0542638584174138,1.7782800679308082,2.3713730200033902,0.000335,0.000251189,0.000398107,0.223,0.2,0.25,0.0342,0.0,0.05,1900000.0,14500.0,97700.0,1.0,True,0.01,0.95,10.0,39600.0,0.938,0.139
3958,1 - 1 - 2022,19800.0,2.0346989949375804,1.7782800679308082,2.3713730200033902,0.000324,0.000251189,0.000398107,0.223,0.2,0.25,0.0773,0.05,0.1,5250000.0,24100.0,562000.0,1.0,True,0.01,0.95,10.0,39600.0,0.938,0.139
3959,1 - 1 - 2022,19800.0,2.0248456731316584,1.7782800679308082,2.3713730200033902,0.000324,0.000251189,0.000398107,0.223,0.2,0.25,0.154,0.1,0.2,10300000.0,23800.0,1440000.0,1.0,True,0.01,0.95,10.0,39600.0,0.938,0.139
3960,1 - 1 - 2022,19800.0,2.0273134932713295,1.7782800679308082,2.3713730200033902,0.000322,0.000251189,0.000398107,0.224,0.2,0.25,0.252,0.2,0.3,13200000.0,27100.0,1430000.0,1.0,True,0.01,0.95,10.0,39600.0,0.938,0.139
3961,1 - 1 - 2022,19800.0,2.029778313018444,1.7782800679308082,2.3713730200033902,0.000323,0.000251189,0.000398107,0.224,0.2,0.25,0.35,0.3,0.4,14200000.0,28000.0,1290000.0,1.0,True,0.01,0.95,10.0,39600.0,0.938,0.139
3962,1 - 1 - 2022,19800.0,2.0248456731316584,1.7782800679308082,2.3713730200033902,0.00032,0.000251189,0.000398107,0.224,0.2,0.25,0.45,0.4,0.5,13900000.0,27700.0,183000.0,1.0,True,0.01,0.95,10.0,39600.0,0.938,0.139
3963,1 - 1 - 2022,19800.0,2.0273134932713295,1.7782800679308082,2.3713730200033902,0.000323,0.000251189,0.000398107,0.224,0.2,0.25,0.547,0.5,0.6,11100000.0,24800.0,85500.0,1.0,True,0.01,0.95,10.0,39600.0,0.938,0.139
3964,1 - 1 - 2022,19800.0,2.0322401432901573,1.7782800679308082,2.3713730200033902,0.000325,0.000251189,0.000398107,0.223,0.2,0.25,0.648,0.6,0.7,9170000.0,22500.0,12200.0,1.0,True,0.01,0.95,10.0,39600.0,0.938,0.139
3965,1 - 1 - 2022,19800.0,2.0346989949375804,1.7782800679308082,2.3713730200033902,0.000323,0.000251189,0.000398107,0.225,0.2,0.25,0.748,0.7,0.8,6640000.0,19200.0,24400.0,1.0,True,0.01,0.95,10.0,39600.0,0.938,0.139
3966,1 - 1 - 2022,19800.0,2.029778313018444,1.7782800679308082,2.3713730200033902,0.000326,0.000251189,0.000398107,0.224,0.2,0.25,0.848,0.8,0.9,4490000.0,15800.0,2.64,1.0,True,0.01,0.95,10.0,39600.0,0.938,0.139
3967,1 - 1 - 2022,19800.0,2.0223748416156684,1.7782800679308082,2.3713730200033902,0.000327,0.000251189,0.000398107,0.223,0.2,0.25,0.946,0.9,1.0,3000000.0,12900.0,0.0,1.0,True,0.01,0.95,10.0,39600.0,0.938,0.139
3968,1 - 1 - 2022,19800.0,2.0346989949375804,1.7782800679308082,2.3713730200033902,0.000322,0.000251189,0.000398107,0.225,0.2,0.25,1.19,1.0,1.5,1420000.0,3960.0,0.211,1.0,True,0.01,0.95,10.0,39600.0,0.938,0.139
3969,1 - 1 - 2022,19800.0,2.039607805437114,1.7782800679308082,2.3713730200033902,0.000316,0.000251189,0.000398107,0.225,0.2,0.25,1.68,1.5,2.0,459000.0,2250.0,2440.0,1.0,True,0.01,0.95,10.0,39600.0,0.938,0.139
3970,1 - 1 - 2022,19800.0,2.0346989949375804,1.7782800679308082,2.3713730200033902,0.000322,0.000251189,0.000398107,0.224,0.2,0.25,2.58,2.0,4.0,76900.0,461.0,6720.0,1.0,True,0.01,0.95,10.0,39600.0,0.938,0.139
3971,1 - 1 - 2022,19800.0,2.0639767440550294,1.7782800679308082,2.3713730200033902,0.000329,0.000251189,0.000398107,0.273,0.25,0.3,0.0358,0.0,0.05,1560000.0,13100.0,244000.0,1.0,True,0.01,0.95,10.0,39600.0,0.938,0.139
3972,1 - 1 - 2022,19800.0,2.0223748416156684,1.7782800679308082,2.3713730200033902,0.000326,0.000251189,0.000398107,0.272,0.25,0.3,0.0774,0.05,0.1,3960000.0,20900.0,293000.0,1.0,True,0.01,0.95,10.0,39600.0,0.938,0.139
3973,1 - 1 - 2022,19800.0,2.0199009876724157,1.7782800679308082,2.3713730200033902,0.000324,0.000251189,0.000398107,0.274,0.25,0.3,0.154,0.1,0.2,6140000.0,18400.0,806000.0,1.0,True,0.01,0.95,10.0,39600.0,0.938,0.139
3974,1 - 1 - 2022,19800.0,2.0223748416156684,1.7782800679308082,2.3713730200033902,0.000325,0.000251189,0.000398107,0.274,0.25,0.3,0.252,0.2,0.3,9120000.0,22500.0,1250000.0,1.0,True,0.01,0.95,10.0,39600.0,0.938,0.139
3975,1 - 1 - 2022,19800.0,2.029778313018444,1.7782800679308082,2.3713730200033902,0.000321,0.000251189,0.000398107,0.273,0.25,0.3,0.351,0.3,0.4,9220000.0,22600.0,952000.0,1.0,True,0.01,0.95,10.0,39600.0,0.938,0.139
3976,1 - 1 - 2022,19800.0,2.0174241001832014,1.7782800679308082,2.3713730200033902,0.000322,0.000251189,0.000398107,0.274,0.25,0.3,0.449,0.4,0.5,9510000.0,22900.0,720000.0,1.0,True,0.01,0.95,10.0,39600.0,0.938,0.139
3977,1 - 1 - 2022,19800.0,2.0199009876724157,1.7782800679308082,2.3713730200033902,0.000323,0.000251189,0.000398107,0.273,0.25,0.3,0.546,0.5,0.6,8770000.0,22000.0,97700.0,1.0,True,0.01,0.95,10.0,39600.0,0.938,0.139
3978,1 - 1 - 2022,19800.0,2.0445048300260873,1.7782800679308082,2.3713730200033902,0.000322,0.000251189,0.000398107,0.274,0.25,0.3,0.648,0.6,0.7,6120000.0,18400.0,24400.0,1.0,True,0.01,0.95,10.0,39600.0,0.938,0.139
3979,1 - 1 - 2022,19800.0,2.0124611797498106,1.7782800679308082,2.3713730200033902,0.000327,0.000251189,0.000398107,0.273,0.25,0.3,0.747,0.7,0.8,4820000.0,16300.0,0.0,1.0,True,0.01,0.95,10.0,39600.0,0.938,0.139
3980,1 - 1 - 2022,19800.0,2.029778313018444,1.7782800679308082,2.3713730200033902,0.000323,0.000251189,0.000398107,0.273,0.25,0.3,0.846,0.8,0.9,3470000.0,13800.0,24400.0,1.0,True,0.01,0.95,10.0,39600.0,0.938,0.139
3981,1 - 1 - 2022,19800.0,2.0199009876724157,1.7782800679308082,2.3713730200033902,0.000321,0.000251189,0.000398107,0.274,0.25,0.3,0.947,0.9,1.0,2610000.0,12000.0,1.32,1.0,True,0.01,0.95,10.0,39600.0,0.938,0.139
3982,1 - 1 - 2022,19800.0,2.0199009876724157,1.7782800679308082,2.3713730200033902,0.000325,0.000251189,0.000398107,0.274,0.25,0.3,1.2,1.0,1.5,1080000.0,3460.0,2440.0,1.0,True,0.01,0.95,10.0,39600.0,0.938,0.139
3983,1 - 1 - 2022,19800.0,2.0273134932713295,1.7782800679308082,2.3713730200033902,0.000328,0.000251189,0.000398107,0.273,0.25,0.3,1.7,1.5,2.0,369000.0,2020.0,0.0,1.0,True,0.01,0.95,10.0,39600.0,0.938,0.139
3984,1 - 1 - 2022,19800.0,2.0542638584174138,1.7782800679308082,2.3713730200033902,0.00032,0.000251189,0.000398107,0.276,0.25,0.3,2.56,2.0,4.0,67200.0,431.0,12200.0,1.0,True,0.01,0.95,10.0,39600.0,0.938,0.139
3985,1 - 1 - 2022,19800.0,2.0223748416156684,1.7782800679308082,2.3713730200033902,0.000325,0.000251189,0.000398107,0.344,0.3,0.4,0.0334,0.0,0.05,757000.0,6470.0,159000.0,1.0,True,0.01,0.95,10.0,39600.0,0.938,0.139
3986,1 - 1 - 2022,19800.0,2.039607805437114,1.7782800679308082,2.3713730200033902,0.000321,0.000251189,0.000398107,0.348,0.3,0.4,0.0804,0.05,0.1,2000000.0,10500.0,366000.0,1.0,True,0.01,0.95,10.0,39600.0,0.938,0.139
3987,1 - 1 - 2022,19800.0,2.004993765576342,1.7782800679308082,2.3713730200033902,0.000325,0.000251189,0.000398107,0.345,0.3,0.4,0.152,0.1,0.2,4030000.0,10600.0,727000.0,1.0,True,0.01,0.95,10.0,39600.0,0.938,0.139
3988,1 - 1 - 2022,19800.0,2.0248456731316584,1.7782800679308082,2.3713730200033902,0.000326,0.000251189,0.000398107,0.345,0.3,0.4,0.252,0.2,0.3,5020000.0,11800.0,1140000.0,1.0,True,0.01,0.95,10.0,39600.0,0.938,0.139
3989,1 - 1 - 2022,19800.0,2.0124611797498106,1.7782800679308082,2.3713730200033902,0.000322,0.000251189,0.000398107,0.344,0.3,0.4,0.35,0.3,0.4,5630000.0,12500.0,1180000.0,1.0,True,0.01,0.95,10.0,39600.0,0.938,0.139
3990,1 - 1 - 2022,19800.0,2.0346989949375804,1.7782800679308082,2.3713730200033902,0.000324,0.000251189,0.000398107,0.343,0.3,0.4,0.453,0.4,0.5,5710000.0,12600.0,1390000.0,1.0,True,0.01,0.95,10.0,39600.0,0.938,0.139
3991,1 - 1 - 2022,19800.0,2.0371548787463363,1.7782800679308082,2.3713730200033902,0.000322,0.000251189,0.000398107,0.343,0.3,0.4,0.547,0.5,0.6,5310000.0,12100.0,1120000.0,1.0,True,0.01,0.95,10.0,39600.0,0.938,0.139
3992,1 - 1 - 2022,19800.0,2.029778313018444,1.7782800679308082,2.3713730200033902,0.000324,0.000251189,0.000398107,0.345,0.3,0.4,0.648,0.6,0.7,4440000.0,11100.0,757000.0,1.0,True,0.01,0.95,10.0,39600.0,0.938,0.139
3993,1 - 1 - 2022,19800.0,2.029778313018444,1.7782800679308082,2.3713730200033902,0.000323,0.000251189,0.000398107,0.343,0.3,0.4,0.745,0.7,0.8,3130000.0,9310.0,495000.0,1.0,True,0.01,0.95,10.0,39600.0,0.938,0.139
3994,1 - 1 - 2022,19800.0,2.029778313018444,1.7782800679308082,2.3713730200033902,0.000323,0.000251189,0.000398107,0.344,0.3,0.4,0.846,0.8,0.9,2500000.0,8320.0,354000.0,1.0,True,0.01,0.95,10.0,39600.0,0.938,0.139
3995,1 - 1 - 2022,19800.0,2.0223748416156684,1.7782800679308082,2.3713730200033902,0.000324,0.000251189,0.000398107,0.347,0.3,0.4,0.948,0.9,1.0,1650000.0,6760.0,275000.0,1.0,True,0.01,0.95,10.0,39600.0,0.938,0.139
3996,1 - 1 - 2022,19800.0,2.039607805437114,1.7782800679308082,2.3713730200033902,0.000322,0.000251189,0.000398107,0.344,0.3,0.4,1.18,1.0,1.5,692000.0,1960.0,125000.0,1.0,True,0.01,0.95,10.0,39600.0,0.938,0.139
3997,1 - 1 - 2022,19800.0,2.0346989949375804,1.7782800679308082,2.3713730200033902,0.000321,0.000251189,0.000398107,0.343,0.3,0.4,1.71,1.5,2.0,238000.0,1150.0,44000.0,1.0,True,0.01,0.95,10.0,39600.0,0.938,0.139
3998,1 - 1 - 2022,19800.0,2.046948949045872,1.7782800679308082,2.3713730200033902,0.000323,0.000251189,0.000398107,0.348,0.3,0.4,2.54,2.0,4.0,42700.0,243.0,17400.0,1.0,True,0.01,0.95,10.0,39600.0,0.938,0.139
3999,1 - 1 - 2022,19800.0,1.9390719429665315,1.7782800679308082,2.3713730200033902,0.000324,0.000251189,0.000398107,0.445,0.4,0.5,0.0357,0.0,0.05,488000.0,5200.0,171000.0,1.0,True,0.01,0.95,10.0,39600.0,0.938,0.139
4000,1 - 1 - 2022,19800.0,2.0149441679609885,1.7782800679308082,2.3713730200033902,0.000327,0.000251189,0.000398107,0.446,0.4,0.5,0.0771,0.05,0.1,1150000.0,7970.0,586000.0,1.0,True,0.01,0.95,10.0,39600.0,0.938,0.139
4001,1 - 1 - 2022,19800.0,1.9924858845171276,1.7782800679308082,2.3713730200033902,0.000323,0.000251189,0.000398107,0.444,0.4,0.5,0.153,0.1,0.2,2140000.0,7700.0,1010000.0,1.0,True,0.01,0.95,10.0,39600.0,0.938,0.139
4002,1 - 1 - 2022,19800.0,2.009975124224178,1.7782800679308082,2.3713730200033902,0.000329,0.000251189,0.000398107,0.444,0.4,0.5,0.253,0.2,0.3,2910000.0,8960.0,1470000.0,1.0,True,0.01,0.95,10.0,39600.0,0.938,0.139
4003,1 - 1 - 2022,19800.0,2.0024984394500787,1.7782800679308082,2.3713730200033902,0.000327,0.000251189,0.000398107,0.445,0.4,0.5,0.351,0.3,0.4,2880000.0,8920.0,1480000.0,1.0,True,0.01,0.95,10.0,39600.0,0.938,0.139
4004,1 - 1 - 2022,19800.0,2.0346989949375804,1.7782800679308082,2.3713730200033902,0.000326,0.000251189,0.000398107,0.444,0.4,0.5,0.447,0.4,0.5,2640000.0,8540.0,1520000.0,1.0,True,0.01,0.95,10.0,39600.0,0.938,0.139
4005,1 - 1 - 2022,19800.0,2.0273134932713295,1.7782800679308082,2.3713730200033902,0.000324,0.000251189,0.000398107,0.445,0.4,0.5,0.55,0.5,0.6,2550000.0,8390.0,1480000.0,1.0,True,0.01,0.95,10.0,39600.0,0.938,0.139
4006,1 - 1 - 2022,19800.0,2.0322401432901573,1.7782800679308082,2.3713730200033902,0.000322,0.000251189,0.000398107,0.443,0.4,0.5,0.647,0.6,0.7,2300000.0,7970.0,1380000.0,1.0,True,0.01,0.95,10.0,39600.0,0.938,0.139
4007,1 - 1 - 2022,19800.0,2.0149441679609885,1.7782800679308082,2.3713730200033902,0.000318,0.000251189,0.000398107,0.445,0.4,0.5,0.749,0.7,0.8,1810000.0,7070.0,1070000.0,1.0,True,0.01,0.95,10.0,39600.0,0.938,0.139
4008,1 - 1 - 2022,19800.0,2.0248456731316584,1.7782800679308082,2.3713730200033902,0.000325,0.000251189,0.000398107,0.446,0.4,0.5,0.847,0.8,0.9,1390000.0,6200.0,800000.0,1.0,True,0.01,0.95,10.0,39600.0,0.938,0.139
4009,1 - 1 - 2022,19800.0,2.0542638584174138,1.7782800679308082,2.3713730200033902,0.000326,0.000251189,0.000398107,0.445,0.4,0.5,0.945,0.9,1.0,910000.0,5020.0,519000.0,1.0,True,0.01,0.95,10.0,39600.0,0.938,0.139
4010,1 - 1 - 2022,19800.0,2.0248456731316584,1.7782800679308082,2.3713730200033902,0.000321,0.000251189,0.000398107,0.445,0.4,0.5,1.18,1.0,1.5,455000.0,1590.0,269000.0,1.0,True,0.01,0.95,10.0,39600.0,0.938,0.139
4011,1 - 1 - 2022,19800.0,2.0346989949375804,1.7782800679308082,2.3713730200033902,0.00032,0.000251189,0.000398107,0.441,0.4,0.5,1.72,1.5,2.0,128000.0,842.0,80600.0,1.0,True,0.01,0.95,10.0,39600.0,0.938,0.139
4012,1 - 1 - 2022,19800.0,2.0371548787463363,1.7782800679308082,2.3713730200033902,0.000316,0.000251189,0.000398107,0.443,0.4,0.5,2.54,2.0,4.0,28100.0,197.0,19500.0,1.0,True,0.01,0.95,10.0,39600.0,0.938,0.139
4013,1 - 1 - 2022,19800.0,2.0371548787463363,1.7782800679308082,2.3713730200033902,0.000339,0.000251189,0.000398107,0.551,0.5,0.6,0.0367,0.0,0.05,256000.0,3770.0,195000.0,1.0,True,0.01,0.95,10.0,39600.0,0.938,0.139
4014,1 - 1 - 2022,19800.0,2.0199009876724157,1.7782800679308082,2.3713730200033902,0.000331,0.000251189,0.000398107,0.546,0.5,0.6,0.0781,0.05,0.1,794000.0,6630.0,659000.0,1.0,True,0.01,0.95,10.0,39600.0,0.938,0.139
4015,1 - 1 - 2022,19800.0,2.0,1.7782800679308082,2.3713730200033902,0.000327,0.000251189,0.000398107,0.546,0.5,0.6,0.155,0.1,0.2,1320000.0,6040.0,1070000.0,1.0,True,0.01,0.95,10.0,39600.0,0.938,0.139
4016,1 - 1 - 2022,19800.0,2.0149441679609885,1.7782800679308082,2.3713730200033902,0.000331,0.000251189,0.000398107,0.549,0.5,0.6,0.252,0.2,0.3,1560000.0,6570.0,1260000.0,1.0,True,0.01,0.95,10.0,39600.0,0.938,0.139
4017,1 - 1 - 2022,19800.0,2.0,1.7782800679308082,2.3713730200033902,0.000329,0.000251189,0.000398107,0.544,0.5,0.6,0.348,0.3,0.4,1670000.0,6790.0,1320000.0,1.0,True,0.01,0.95,10.0,39600.0,0.938,0.139
4018,1 - 1 - 2022,19800.0,2.009975124224178,1.7782800679308082,2.3713730200033902,0.000319,0.000251189,0.000398107,0.545,0.5,0.6,0.448,0.4,0.5,1610000.0,6660.0,1400000.0,1.0,True,0.01,0.95,10.0,39600.0,0.938,0.139
4019,1 - 1 - 2022,19800.0,2.0074859899884734,1.7782800679308082,2.3713730200033902,0.000321,0.000251189,0.000398107,0.544,0.5,0.6,0.548,0.5,0.6,1420000.0,6270.0,1270000.0,1.0,True,0.01,0.95,10.0,39600.0,0.938,0.139
4020,1 - 1 - 2022,19800.0,2.0346989949375804,1.7782800679308082,2.3713730200033902,0.00033,0.000251189,0.000398107,0.546,0.5,0.6,0.646,0.6,0.7,1150000.0,5630.0,977000.0,1.0,True,0.01,0.95,10.0,39600.0,0.938,0.139
4021,1 - 1 - 2022,19800.0,2.0074859899884734,1.7782800679308082,2.3713730200033902,0.000323,0.000251189,0.000398107,0.541,0.5,0.6,0.746,0.7,0.8,958000.0,5150.0,824000.0,1.0,True,0.01,0.95,10.0,39600.0,0.938,0.139
4022,1 - 1 - 2022,19800.0,2.0074859899884734,1.7782800679308082,2.3713730200033902,0.000319,0.000251189,0.000398107,0.541,0.5,0.6,0.852,0.8,0.9,720000.0,4460.0,672000.0,1.0,True,0.01,0.95,10.0,39600.0,0.938,0.139
4023,1 - 1 - 2022,19800.0,2.0149441679609885,1.7782800679308082,2.3713730200033902,0.000318,0.000251189,0.000398107,0.547,0.5,0.6,0.943,0.9,1.0,690000.0,4370.0,586000.0,1.0,True,0.01,0.95,10.0,39600.0,0.938,0.139
4024,1 - 1 - 2022,19800.0,2.0248456731316584,1.7782800679308082,2.3713730200033902,0.000322,0.000251189,0.000398107,0.548,0.5,0.6,1.18,1.0,1.5,231000.0,1130.0,200000.0,1.0,True,0.01,0.95,10.0,39600.0,0.938,0.139
4025,1 - 1 - 2022,19800.0,2.0542638584174138,1.7782800679308082,2.3713730200033902,0.000317,0.000251189,0.000398107,0.547,0.5,0.6,1.69,1.5,2.0,68400.0,615.0,65900.0,1.0,True,0.01,0.95,10.0,39600.0,0.938,0.139
4026,1 - 1 - 2022,19800.0,2.0223748416156684,1.7782800679308082,2.3713730200033902,0.000329,0.000251189,0.000398107,0.54,0.5,0.6,2.7,2.0,4.0,16200.0,150.0,15600.0,1.0,True,0.01,0.95,10.0,39600.0,0.938,0.139
4027,1 - 1 - 2022,19800.0,2.0,1.7782800679308082,2.3713730200033902,0.000358,0.000251189,0.000398107,0.644,0.6,0.7,0.0247,0.0,0.05,73200.0,2010.0,61000.0,1.0,True,0.01,0.95,10.0,39600.0,0.938,0.139
4028,1 - 1 - 2022,19800.0,2.0124611797498106,1.7782800679308082,2.3713730200033902,0.000323,0.000251189,0.000398107,0.633,0.6,0.7,0.157,0.1,0.2,549000.0,3900.0,531000.0,1.0,True,0.01,0.95,10.0,39600.0,0.938,0.139
4029,1 - 1 - 2022,19800.0,2.004993765576342,1.7782800679308082,2.3713730200033902,0.000325,0.000251189,0.000398107,0.642,0.6,0.7,0.253,0.2,0.3,855000.0,4860.0,849000.0,1.0,True,0.01,0.95,10.0,39600.0,0.938,0.139
4030,1 - 1 - 2022,19800.0,2.0,1.7782800679308082,2.3713730200033902,0.000333,0.000251189,0.000398107,0.643,0.6,0.7,0.349,0.3,0.4,836000.0,4810.0,812000.0,1.0,True,0.01,0.95,10.0,39600.0,0.938,0.139
4031,1 - 1 - 2022,19800.0,2.0199009876724157,1.7782800679308082,2.3713730200033902,0.000328,0.000251189,0.000398107,0.646,0.6,0.7,0.449,0.4,0.5,775000.0,4630.0,757000.0,1.0,True,0.01,0.95,10.0,39600.0,0.938,0.139
4032,1 - 1 - 2022,19800.0,2.0248456731316584,1.7782800679308082,2.3713730200033902,0.000327,0.000251189,0.000398107,0.647,0.6,0.7,0.548,0.5,0.6,726000.0,4480.0,714000.0,1.0,True,0.01,0.95,10.0,39600.0,0.938,0.139
4033,1 - 1 - 2022,19800.0,2.0174241001832014,1.7782800679308082,2.3713730200033902,0.000327,0.000251189,0.000398107,0.646,0.6,0.7,0.647,0.6,0.7,653000.0,4250.0,641000.0,1.0,True,0.01,0.95,10.0,39600.0,0.938,0.139
4034,1 - 1 - 2022,19800.0,2.0322401432901573,1.7782800679308082,2.3713730200033902,0.000323,0.000251189,0.000398107,0.643,0.6,0.7,0.849,0.8,0.9,397000.0,3310.0,391000.0,1.0,True,0.01,0.95,10.0,39600.0,0.938,0.139
4035,1 - 1 - 2022,19800.0,2.0760539492026693,1.7782800679308082,2.3713730200033902,0.000331,0.000251189,0.000398107,0.642,0.6,0.7,1.69,1.5,2.0,33000.0,427.0,31700.0,1.0,True,0.01,0.95,10.0,39600.0,0.938,0.139
4036,1 - 1 - 2022,19800.0,2.04939015319192,1.7782800679308082,2.3713730200033902,0.000502,0.000398107,0.000630957,0.0191,0.0,0.05,0.0786,0.05,0.1,49300000.0,58700.0,49200000.0,1.0,True,0.01,0.95,10.0,39600.0,0.938,0.139
4037,1 - 1 - 2022,19800.0,2.04939015319192,1.7782800679308082,2.3713730200033902,0.000503,0.000398107,0.000630957,0.0162,0.0,0.05,0.155,0.1,0.2,101000000.0,59300.0,87500000.0,1.0,True,0.01,0.95,10.0,39600.0,0.938,0.139
4038,1 - 1 - 2022,19800.0,2.0445048300260873,1.7782800679308082,2.3713730200033902,0.000504,0.000398107,0.000630957,0.0151,0.0,0.05,0.251,0.2,0.3,144000000.0,70900.0,104000000.0,1.0,True,0.01,0.95,10.0,39600.0,0.938,0.139
4039,1 - 1 - 2022,19800.0,2.046948949045872,1.7782800679308082,2.3713730200033902,0.000505,0.000398107,0.000630957,0.0147,0.0,0.05,0.349,0.3,0.4,146000000.0,71500.0,89500000.0,1.0,True,0.01,0.95,10.0,39600.0,0.938,0.139
4040,1 - 1 - 2022,19800.0,2.046948949045872,1.7782800679308082,2.3713730200033902,0.000504,0.000398107,0.000630957,0.0149,0.0,0.05,0.448,0.4,0.5,127000000.0,66600.0,60400000.0,1.0,True,0.01,0.95,10.0,39600.0,0.938,0.139
4041,1 - 1 - 2022,19800.0,2.0445048300260873,1.7782800679308082,2.3713730200033902,0.000504,0.000398107,0.000630957,0.0149,0.0,0.05,0.547,0.5,0.6,97400000.0,58300.0,35800000.0,1.0,True,0.01,0.95,10.0,39600.0,0.938,0.139
4042,1 - 1 - 2022,19800.0,2.046948949045872,1.7782800679308082,2.3713730200033902,0.000504,0.000398107,0.000630957,0.0155,0.0,0.05,0.646,0.6,0.7,70900000.0,49700.0,23900000.0,1.0,True,0.01,0.95,10.0,39600.0,0.938,0.139
4043,1 - 1 - 2022,19800.0,2.046948949045872,1.7782800679308082,2.3713730200033902,0.000504,0.000398107,0.000630957,0.0157,0.0,0.05,0.747,0.7,0.8,48500000.0,41200.0,12700000.0,1.0,True,0.01,0.95,10.0,39600.0,0.938,0.139
4044,1 - 1 - 2022,19800.0,2.046948949045872,1.7782800679308082,2.3713730200033902,0.000506,0.000398107,0.000630957,0.0162,0.0,0.05,0.846,0.8,0.9,31300000.0,33100.0,5820000.0,1.0,True,0.01,0.95,10.0,39600.0,0.938,0.139
4045,1 - 1 - 2022,19800.0,2.0542638584174138,1.7782800679308082,2.3713730200033902,0.000505,0.000398107,0.000630957,0.0172,0.0,0.05,0.946,0.9,1.0,19300000.0,25900.0,2400000.0,1.0,True,0.01,0.95,10.0,39600.0,0.938,0.139
4046,1 - 1 - 2022,19800.0,2.046948949045872,1.7782800679308082,2.3713730200033902,0.000503,0.000398107,0.000630957,0.0183,0.0,0.05,1.16,1.0,1.5,5900000.0,6420.0,482000.0,1.0,True,0.01,0.95,10.0,39600.0,0.938,0.139
4047,1 - 1 - 2022,19800.0,2.039607805437114,1.7782800679308082,2.3713730200033902,0.000503,0.000398107,0.000630957,0.0221,0.0,0.05,1.69,1.5,2.0,901000.0,2510.0,38500.0,1.0,True,0.01,0.95,10.0,39600.0,0.938,0.139
4048,1 - 1 - 2022,19800.0,2.0760539492026693,1.7782800679308082,2.3713730200033902,0.000495,0.000398107,0.000630957,0.0258,0.0,0.05,2.39,2.0,4.0,87800.0,391.0,2310.0,1.0,True,0.01,0.95,10.0,39600.0,0.938,0.139
4049,1 - 1 - 2022,19800.0,2.0346989949375804,1.7782800679308082,2.3713730200033902,0.000505,0.000398107,0.000630957,0.0726,0.05,0.1,0.0772,0.05,0.1,15700000.0,33100.0,15700000.0,1.0,True,0.01,0.95,10.0,39600.0,0.938,0.139
4050,1 - 1 - 2022,19800.0,2.0371548787463363,1.7782800679308082,2.3713730200033902,0.000508,0.000398107,0.000630957,0.0721,0.05,0.1,0.154,0.1,0.2,27500000.0,31000.0,26000000.0,1.0,True,0.01,0.95,10.0,39600.0,0.938,0.139
4051,1 - 1 - 2022,19800.0,2.0420577856662137,1.7782800679308082,2.3713730200033902,0.000506,0.000398107,0.000630957,0.0728,0.05,0.1,0.251,0.2,0.3,35100000.0,35000.0,30200000.0,1.0,True,0.01,0.95,10.0,39600.0,0.938,0.139
4052,1 - 1 - 2022,19800.0,2.039607805437114,1.7782800679308082,2.3713730200033902,0.000507,0.000398107,0.000630957,0.0729,0.05,0.1,0.349,0.3,0.4,36400000.0,35700.0,26100000.0,1.0,True,0.01,0.95,10.0,39600.0,0.938,0.139
4053,1 - 1 - 2022,19800.0,2.039607805437114,1.7782800679308082,2.3713730200033902,0.000508,0.000398107,0.000630957,0.0723,0.05,0.1,0.448,0.4,0.5,30400000.0,32600.0,15500000.0,1.0,True,0.01,0.95,10.0,39600.0,0.938,0.139
4054,1 - 1 - 2022,19800.0,2.039607805437114,1.7782800679308082,2.3713730200033902,0.000506,0.000398107,0.000630957,0.0724,0.05,0.1,0.548,0.5,0.6,25200000.0,29600.0,8640000.0,1.0,True,0.01,0.95,10.0,39600.0,0.938,0.139
4055,1 - 1 - 2022,19800.0,2.0420577856662137,1.7782800679308082,2.3713730200033902,0.000507,0.000398107,0.000630957,0.0727,0.05,0.1,0.648,0.6,0.7,18900000.0,25700.0,7330000.0,1.0,True,0.01,0.95,10.0,39600.0,0.938,0.139
4056,1 - 1 - 2022,19800.0,2.0445048300260873,1.7782800679308082,2.3713730200033902,0.000506,0.000398107,0.000630957,0.0733,0.05,0.1,0.748,0.7,0.8,13200000.0,21400.0,4150000.0,1.0,True,0.01,0.95,10.0,39600.0,0.938,0.139
4057,1 - 1 - 2022,19800.0,2.0371548787463363,1.7782800679308082,2.3713730200033902,0.000507,0.000398107,0.000630957,0.0728,0.05,0.1,0.847,0.8,0.9,9370000.0,18100.0,1670000.0,1.0,True,0.01,0.95,10.0,39600.0,0.938,0.139
4058,1 - 1 - 2022,19800.0,2.0371548787463363,1.7782800679308082,2.3713730200033902,0.000505,0.000398107,0.000630957,0.0729,0.05,0.1,0.945,0.9,1.0,6420000.0,15000.0,3.33,1.0,True,0.01,0.95,10.0,39600.0,0.938,0.139
4059,1 - 1 - 2022,19800.0,2.04939015319192,1.7782800679308082,2.3713730200033902,0.000506,0.000398107,0.000630957,0.0725,0.05,0.1,1.18,1.0,1.5,2500000.0,4170.0,1540.0,1.0,True,0.01,0.95,10.0,39600.0,0.938,0.139
4060,1 - 1 - 2022,19800.0,2.0615528128088303,1.7782800679308082,2.3713730200033902,0.000499,0.000398107,0.000630957,0.0744,0.05,0.1,1.7,1.5,2.0,575000.0,2000.0,0.0,1.0,True,0.01,0.95,10.0,39600.0,0.938,0.139
4061,1 - 1 - 2022,19800.0,2.06881608655772,1.7782800679308082,2.3713730200033902,0.0005,0.000398107,0.000630957,0.0753,0.05,0.1,2.54,2.0,4.0,76700.0,366.0,4620.0,1.0,True,0.01,0.95,10.0,39600.0,0.938,0.139
4062,1 - 1 - 2022,19800.0,2.0273134932713295,1.7782800679308082,2.3713730200033902,0.000503,0.000398107,0.000630957,0.124,0.1,0.15,0.0334,0.0,0.05,3770000.0,16200.0,3730000.0,1.0,True,0.01,0.95,10.0,39600.0,0.938,0.139
4063,1 - 1 - 2022,19800.0,2.0420577856662137,1.7782800679308082,2.3713730200033902,0.000507,0.000398107,0.000630957,0.123,0.1,0.15,0.0768,0.05,0.1,10600000.0,27100.0,10400000.0,1.0,True,0.01,0.95,10.0,39600.0,0.938,0.139
4064,1 - 1 - 2022,19800.0,2.0420577856662137,1.7782800679308082,2.3713730200033902,0.000509,0.000398107,0.000630957,0.124,0.1,0.15,0.155,0.1,0.2,16800000.0,24200.0,16200000.0,1.0,True,0.01,0.95,10.0,39600.0,0.938,0.139
4065,1 - 1 - 2022,19800.0,2.0420577856662137,1.7782800679308082,2.3713730200033902,0.000508,0.000398107,0.000630957,0.123,0.1,0.15,0.251,0.2,0.3,22400000.0,28000.0,21200000.0,1.0,True,0.01,0.95,10.0,39600.0,0.938,0.139
4066,1 - 1 - 2022,19800.0,2.0445048300260873,1.7782800679308082,2.3713730200033902,0.000507,0.000398107,0.000630957,0.123,0.1,0.15,0.349,0.3,0.4,22600000.0,28100.0,20600000.0,1.0,True,0.01,0.95,10.0,39600.0,0.938,0.139
4067,1 - 1 - 2022,19800.0,2.0445048300260873,1.7782800679308082,2.3713730200033902,0.000507,0.000398107,0.000630957,0.124,0.1,0.15,0.448,0.4,0.5,20100000.0,26500.0,16400000.0,1.0,True,0.01,0.95,10.0,39600.0,0.938,0.139
4068,1 - 1 - 2022,19800.0,2.039607805437114,1.7782800679308082,2.3713730200033902,0.000507,0.000398107,0.000630957,0.123,0.1,0.15,0.548,0.5,0.6,15600000.0,23400.0,10900000.0,1.0,True,0.01,0.95,10.0,39600.0,0.938,0.139
4069,1 - 1 - 2022,19800.0,2.039607805437114,1.7782800679308082,2.3713730200033902,0.000508,0.000398107,0.000630957,0.124,0.1,0.15,0.647,0.6,0.7,11700000.0,20200.0,5990000.0,1.0,True,0.01,0.95,10.0,39600.0,0.938,0.139
4070,1 - 1 - 2022,19800.0,2.0420577856662137,1.7782800679308082,2.3713730200033902,0.000505,0.000398107,0.000630957,0.123,0.1,0.15,0.747,0.7,0.8,8430000.0,17200.0,2980000.0,1.0,True,0.01,0.95,10.0,39600.0,0.938,0.139
4071,1 - 1 - 2022,19800.0,2.0346989949375804,1.7782800679308082,2.3713730200033902,0.000504,0.000398107,0.000630957,0.123,0.1,0.15,0.847,0.8,0.9,6280000.0,14800.0,1120000.0,1.0,True,0.01,0.95,10.0,39600.0,0.938,0.139
4072,1 - 1 - 2022,19800.0,2.039607805437114,1.7782800679308082,2.3713730200033902,0.000504,0.000398107,0.000630957,0.124,0.1,0.15,0.949,0.9,1.0,4700000.0,12800.0,385000.0,1.0,True,0.01,0.95,10.0,39600.0,0.938,0.139
4073,1 - 1 - 2022,19800.0,2.0445048300260873,1.7782800679308082,2.3713730200033902,0.000502,0.000398107,0.000630957,0.124,0.1,0.15,1.19,1.0,1.5,1670000.0,3420.0,23100.0,1.0,True,0.01,0.95,10.0,39600.0,0.938,0.139
4074,1 - 1 - 2022,19800.0,2.0566963801203135,1.7782800679308082,2.3713730200033902,0.000498,0.000398107,0.000630957,0.123,0.1,0.15,1.72,1.5,2.0,405000.0,1680.0,1540.0,1.0,True,0.01,0.95,10.0,39600.0,0.938,0.139
4075,1 - 1 - 2022,19800.0,2.0566963801203135,1.7782800679308082,2.3713730200033902,0.000498,0.000398107,0.000630957,0.125,0.1,0.15,2.57,2.0,4.0,50500.0,297.0,3470.0,1.0,True,0.01,0.95,10.0,39600.0,0.938,0.139
4076,1 - 1 - 2022,19800.0,2.0322401432901573,1.7782800679308082,2.3713730200033902,0.000513,0.000398107,0.000630957,0.174,0.15,0.2,0.0326,0.0,0.05,2160000.0,12300.0,1770000.0,1.0,True,0.01,0.95,10.0,39600.0,0.938,0.139
4077,1 - 1 - 2022,19800.0,2.0639767440550294,1.7782800679308082,2.3713730200033902,0.000503,0.000398107,0.000630957,0.173,0.15,0.2,0.0775,0.05,0.1,6240000.0,20900.0,5040000.0,1.0,True,0.01,0.95,10.0,39600.0,0.938,0.139
4078,1 - 1 - 2022,19800.0,2.0420577856662137,1.7782800679308082,2.3713730200033902,0.000509,0.000398107,0.000630957,0.173,0.15,0.2,0.154,0.1,0.2,11800000.0,20300.0,10000000.0,1.0,True,0.01,0.95,10.0,39600.0,0.938,0.139
4079,1 - 1 - 2022,19800.0,2.0445048300260873,1.7782800679308082,2.3713730200033902,0.000505,0.000398107,0.000630957,0.173,0.15,0.2,0.252,0.2,0.3,15000000.0,22900.0,12300000.0,1.0,True,0.01,0.95,10.0,39600.0,0.938,0.139
4080,1 - 1 - 2022,19800.0,2.046948949045872,1.7782800679308082,2.3713730200033902,0.000509,0.000398107,0.000630957,0.173,0.15,0.2,0.349,0.3,0.4,15200000.0,23000.0,12400000.0,1.0,True,0.01,0.95,10.0,39600.0,0.938,0.139
4081,1 - 1 - 2022,19800.0,2.046948949045872,1.7782800679308082,2.3713730200033902,0.000505,0.000398107,0.000630957,0.174,0.15,0.2,0.448,0.4,0.5,13800000.0,21900.0,10500000.0,1.0,True,0.01,0.95,10.0,39600.0,0.938,0.139
4082,1 - 1 - 2022,19800.0,2.039607805437114,1.7782800679308082,2.3713730200033902,0.000508,0.000398107,0.000630957,0.173,0.15,0.2,0.549,0.5,0.6,10900000.0,19500.0,7610000.0,1.0,True,0.01,0.95,10.0,39600.0,0.938,0.139
4083,1 - 1 - 2022,19800.0,2.0591260281974,1.7782800679308082,2.3713730200033902,0.000507,0.000398107,0.000630957,0.173,0.15,0.2,0.646,0.6,0.7,9060000.0,17800.0,5210000.0,1.0,True,0.01,0.95,10.0,39600.0,0.938,0.139
4084,1 - 1 - 2022,19800.0,2.046948949045872,1.7782800679308082,2.3713730200033902,0.000512,0.000398107,0.000630957,0.174,0.15,0.2,0.749,0.7,0.8,6450000.0,15000.0,2930000.0,1.0,True,0.01,0.95,10.0,39600.0,0.938,0.139
4085,1 - 1 - 2022,19800.0,2.04939015319192,1.7782800679308082,2.3713730200033902,0.000507,0.000398107,0.000630957,0.173,0.15,0.2,0.848,0.8,0.9,4420000.0,12400.0,1470000.0,1.0,True,0.01,0.95,10.0,39600.0,0.938,0.139
4086,1 - 1 - 2022,19800.0,2.039607805437114,1.7782800679308082,2.3713730200033902,0.000507,0.000398107,0.000630957,0.174,0.15,0.2,0.948,0.9,1.0,3150000.0,10500.0,709000.0,1.0,True,0.01,0.95,10.0,39600.0,0.938,0.139
4087,1 - 1 - 2022,19800.0,2.0346989949375804,1.7782800679308082,2.3713730200033902,0.000504,0.000398107,0.000630957,0.175,0.15,0.2,1.19,1.0,1.5,1290000.0,3000.0,67800.0,1.0,True,0.01,0.95,10.0,39600.0,0.938,0.139
4088,1 - 1 - 2022,19800.0,2.0445048300260873,1.7782800679308082,2.3713730200033902,0.000497,0.000398107,0.000630957,0.173,0.15,0.2,1.69,1.5,2.0,344000.0,1550.0,0.0,1.0,True,0.01,0.95,10.0,39600.0,0.938,0.139
4089,1 - 1 - 2022,19800.0,2.073644135332772,1.7782800679308082,2.3713730200033902,0.000504,0.000398107,0.000630957,0.175,0.15,0.2,2.53,2.0,4.0,52800.0,303.0,1160.0,1.0,True,0.01,0.95,10.0,39600.0,0.938,0.139
4090,1 - 1 - 2022,19800.0,2.071231517720798,1.7782800679308082,2.3713730200033902,0.000499,0.000398107,0.000630957,0.224,0.2,0.25,0.0342,0.0,0.05,1420000.0,9950.0,616000.0,1.0,True,0.01,0.95,10.0,39600.0,0.938,0.139
4091,1 - 1 - 2022,19800.0,2.0445048300260873,1.7782800679308082,2.3713730200033902,0.000514,0.000398107,0.000630957,0.224,0.2,0.25,0.0786,0.05,0.1,4280000.0,17300.0,2110000.0,1.0,True,0.01,0.95,10.0,39600.0,0.938,0.139
4092,1 - 1 - 2022,19800.0,2.0371548787463363,1.7782800679308082,2.3713730200033902,0.000506,0.000398107,0.000630957,0.224,0.2,0.25,0.154,0.1,0.2,7150000.0,15800.0,3320000.0,1.0,True,0.01,0.95,10.0,39600.0,0.938,0.139
4093,1 - 1 - 2022,19800.0,2.0445048300260873,1.7782800679308082,2.3713730200033902,0.000505,0.000398107,0.000630957,0.223,0.2,0.25,0.251,0.2,0.3,9580000.0,18300.0,4610000.0,1.0,True,0.01,0.95,10.0,39600.0,0.938,0.139
4094,1 - 1 - 2022,19800.0,2.046948949045872,1.7782800679308082,2.3713730200033902,0.000507,0.000398107,0.000630957,0.223,0.2,0.25,0.349,0.3,0.4,10200000.0,18800.0,4800000.0,1.0,True,0.01,0.95,10.0,39600.0,0.938,0.139
4095,1 - 1 - 2022,19800.0,2.04939015319192,1.7782800679308082,2.3713730200033902,0.000506,0.000398107,0.000630957,0.223,0.2,0.25,0.449,0.4,0.5,9510000.0,18200.0,3940000.0,1.0,True,0.01,0.95,10.0,39600.0,0.938,0.139
4096,1 - 1 - 2022,19800.0,2.04939015319192,1.7782800679308082,2.3713730200033902,0.00051,0.000398107,0.000630957,0.223,0.2,0.25,0.549,0.5,0.6,7800000.0,16500.0,2960000.0,1.0,True,0.01,0.95,10.0,39600.0,0.938,0.139
4097,1 - 1 - 2022,19800.0,2.0518284528683193,1.7782800679308082,2.3713730200033902,0.000506,0.000398107,0.000630957,0.223,0.2,0.25,0.646,0.6,0.7,6190000.0,14700.0,2000000.0,1.0,True,0.01,0.95,10.0,39600.0,0.938,0.139
4098,1 - 1 - 2022,19800.0,2.0518284528683193,1.7782800679308082,2.3713730200033902,0.000506,0.000398107,0.000630957,0.224,0.2,0.25,0.745,0.7,0.8,4770000.0,12900.0,1140000.0,1.0,True,0.01,0.95,10.0,39600.0,0.938,0.139
4099,1 - 1 - 2022,19800.0,2.0420577856662137,1.7782800679308082,2.3713730200033902,0.000516,0.000398107,0.000630957,0.225,0.2,0.25,0.847,0.8,0.9,3490000.0,11000.0,724000.0,1.0,True,0.01,0.95,10.0,39600.0,0.938,0.139
4100,1 - 1 - 2022,19800.0,2.0322401432901573,1.7782800679308082,2.3713730200033902,0.000502,0.000398107,0.000630957,0.224,0.2,0.25,0.946,0.9,1.0,2280000.0,8920.0,362000.0,1.0,True,0.01,0.95,10.0,39600.0,0.938,0.139
4101,1 - 1 - 2022,19800.0,2.0322401432901573,1.7782800679308082,2.3713730200033902,0.00051,0.000398107,0.000630957,0.224,0.2,0.25,1.2,1.0,1.5,1020000.0,2670.0,67800.0,1.0,True,0.01,0.95,10.0,39600.0,0.938,0.139
4102,1 - 1 - 2022,19800.0,2.06881608655772,1.7782800679308082,2.3713730200033902,0.000503,0.000398107,0.000630957,0.223,0.2,0.25,1.73,1.5,2.0,291000.0,1430.0,0.0,1.0,True,0.01,0.95,10.0,39600.0,0.938,0.139
4103,1 - 1 - 2022,19800.0,2.0566963801203135,1.7782800679308082,2.3713730200033902,0.000508,0.000398107,0.000630957,0.224,0.2,0.25,2.51,2.0,4.0,51600.0,300.0,385.0,1.0,True,0.01,0.95,10.0,39600.0,0.938,0.139
4104,1 - 1 - 2022,19800.0,2.0248456731316584,1.7782800679308082,2.3713730200033902,0.000493,0.000398107,0.000630957,0.273,0.25,0.3,0.0331,0.0,0.05,878000.0,7830.0,154000.0,1.0,True,0.01,0.95,10.0,39600.0,0.938,0.139
4105,1 - 1 - 2022,19800.0,2.0542638584174138,1.7782800679308082,2.3713730200033902,0.000503,0.000398107,0.000630957,0.272,0.25,0.3,0.0758,0.05,0.1,3130000.0,14800.0,339000.0,1.0,True,0.01,0.95,10.0,39600.0,0.938,0.139
4106,1 - 1 - 2022,19800.0,2.039607805437114,1.7782800679308082,2.3713730200033902,0.000508,0.000398107,0.000630957,0.274,0.25,0.3,0.155,0.1,0.2,5110000.0,13400.0,793000.0,1.0,True,0.01,0.95,10.0,39600.0,0.938,0.139
4107,1 - 1 - 2022,19800.0,2.039607805437114,1.7782800679308082,2.3713730200033902,0.000505,0.000398107,0.000630957,0.274,0.25,0.3,0.251,0.2,0.3,6920000.0,15500.0,1120000.0,1.0,True,0.01,0.95,10.0,39600.0,0.938,0.139
4108,1 - 1 - 2022,19800.0,2.0542638584174138,1.7782800679308082,2.3713730200033902,0.00051,0.000398107,0.000630957,0.274,0.25,0.3,0.348,0.3,0.4,7090000.0,15700.0,1250000.0,1.0,True,0.01,0.95,10.0,39600.0,0.938,0.139
4109,1 - 1 - 2022,19800.0,2.0346989949375804,1.7782800679308082,2.3713730200033902,0.00051,0.000398107,0.000630957,0.273,0.25,0.3,0.449,0.4,0.5,6640000.0,15200.0,1160000.0,1.0,True,0.01,0.95,10.0,39600.0,0.938,0.139
4110,1 - 1 - 2022,19800.0,2.0445048300260873,1.7782800679308082,2.3713730200033902,0.000502,0.000398107,0.000630957,0.273,0.25,0.3,0.549,0.5,0.6,5750000.0,14200.0,770000.0,1.0,True,0.01,0.95,10.0,39600.0,0.938,0.139
4111,1 - 1 - 2022,19800.0,2.04939015319192,1.7782800679308082,2.3713730200033902,0.000507,0.000398107,0.000630957,0.273,0.25,0.3,0.647,0.6,0.7,4590000.0,12700.0,455000.0,1.0,True,0.01,0.95,10.0,39600.0,0.938,0.139
4112,1 - 1 - 2022,19800.0,2.0639767440550294,1.7782800679308082,2.3713730200033902,0.000509,0.000398107,0.000630957,0.273,0.25,0.3,0.748,0.7,0.8,3450000.0,11000.0,193000.0,1.0,True,0.01,0.95,10.0,39600.0,0.938,0.139
4113,1 - 1 - 2022,19800.0,2.0322401432901573,1.7782800679308082,2.3713730200033902,0.000503,0.000398107,0.000630957,0.274,0.25,0.3,0.848,0.8,0.9,2450000.0,9250.0,139000.0,1.0,True,0.01,0.95,10.0,39600.0,0.938,0.139
4114,1 - 1 - 2022,19800.0,2.0445048300260873,1.7782800679308082,2.3713730200033902,0.000503,0.000398107,0.000630957,0.275,0.25,0.3,0.946,0.9,1.0,1560000.0,7370.0,38500.0,1.0,True,0.01,0.95,10.0,39600.0,0.938,0.139
4115,1 - 1 - 2022,19800.0,2.0591260281974,1.7782800679308082,2.3713730200033902,0.000505,0.000398107,0.000630957,0.273,0.25,0.3,1.19,1.0,1.5,696000.0,2200.0,21600.0,1.0,True,0.01,0.95,10.0,39600.0,0.938,0.139
4116,1 - 1 - 2022,19800.0,2.0518284528683193,1.7782800679308082,2.3713730200033902,0.000501,0.000398107,0.000630957,0.274,0.25,0.3,1.73,1.5,2.0,254000.0,1330.0,0.0,1.0,True,0.01,0.95,10.0,39600.0,0.938,0.139
4117,1 - 1 - 2022,19800.0,2.0566963801203135,1.7782800679308082,2.3713730200033902,0.000511,0.000398107,0.000630957,0.274,0.25,0.3,2.56,2.0,4.0,37700.0,257.0,770.0,1.0,True,0.01,0.95,10.0,39600.0,0.938,0.139
4118,1 - 1 - 2022,19800.0,2.046948949045872,1.7782800679308082,2.3713730200033902,0.000516,0.000398107,0.000630957,0.349,0.3,0.4,0.0332,0.0,0.05,555000.0,4400.0,15400.0,1.0,True,0.01,0.95,10.0,39600.0,0.938,0.139
4119,1 - 1 - 2022,19800.0,2.029778313018444,1.7782800679308082,2.3713730200033902,0.000503,0.000398107,0.000630957,0.348,0.3,0.4,0.0798,0.05,0.1,1540000.0,7330.0,7700.0,1.0,True,0.01,0.95,10.0,39600.0,0.938,0.139
4120,1 - 1 - 2022,19800.0,2.0248456731316584,1.7782800679308082,2.3713730200033902,0.000505,0.000398107,0.000630957,0.345,0.3,0.4,0.154,0.1,0.2,3110000.0,7370.0,38500.0,1.0,True,0.01,0.95,10.0,39600.0,0.938,0.139
4121,1 - 1 - 2022,19800.0,2.039607805437114,1.7782800679308082,2.3713730200033902,0.000507,0.000398107,0.000630957,0.344,0.3,0.4,0.252,0.2,0.3,4140000.0,8500.0,73200.0,1.0,True,0.01,0.95,10.0,39600.0,0.938,0.139
4122,1 - 1 - 2022,19800.0,2.0420577856662137,1.7782800679308082,2.3713730200033902,0.000503,0.000398107,0.000630957,0.344,0.3,0.4,0.35,0.3,0.4,4380000.0,8740.0,127000.0,1.0,True,0.01,0.95,10.0,39600.0,0.938,0.139
4123,1 - 1 - 2022,19800.0,2.0420577856662137,1.7782800679308082,2.3713730200033902,0.000508,0.000398107,0.000630957,0.345,0.3,0.4,0.449,0.4,0.5,4340000.0,8700.0,247000.0,1.0,True,0.01,0.95,10.0,39600.0,0.938,0.139
4124,1 - 1 - 2022,19800.0,2.039607805437114,1.7782800679308082,2.3713730200033902,0.000509,0.000398107,0.000630957,0.345,0.3,0.4,0.55,0.5,0.6,3790000.0,8140.0,154000.0,1.0,True,0.01,0.95,10.0,39600.0,0.938,0.139
4125,1 - 1 - 2022,19800.0,2.0420577856662137,1.7782800679308082,2.3713730200033902,0.000503,0.000398107,0.000630957,0.344,0.3,0.4,0.649,0.6,0.7,2910000.0,7120.0,100000.0,1.0,True,0.01,0.95,10.0,39600.0,0.938,0.139
4126,1 - 1 - 2022,19800.0,2.046948949045872,1.7782800679308082,2.3713730200033902,0.000506,0.000398107,0.000630957,0.344,0.3,0.4,0.748,0.7,0.8,2350000.0,6400.0,42400.0,1.0,True,0.01,0.95,10.0,39600.0,0.938,0.139
4127,1 - 1 - 2022,19800.0,2.0346989949375804,1.7782800679308082,2.3713730200033902,0.000513,0.000398107,0.000630957,0.344,0.3,0.4,0.845,0.8,0.9,1700000.0,5440.0,3850.0,1.0,True,0.01,0.95,10.0,39600.0,0.938,0.139
4128,1 - 1 - 2022,19800.0,2.0542638584174138,1.7782800679308082,2.3713730200033902,0.000511,0.000398107,0.000630957,0.346,0.3,0.4,0.948,0.9,1.0,1160000.0,4500.0,3850.0,1.0,True,0.01,0.95,10.0,39600.0,0.938,0.139
4129,1 - 1 - 2022,19800.0,2.0346989949375804,1.7782800679308082,2.3713730200033902,0.000505,0.000398107,0.000630957,0.344,0.3,0.4,1.19,1.0,1.5,469000.0,1280.0,1540.0,1.0,True,0.01,0.95,10.0,39600.0,0.938,0.139
4130,1 - 1 - 2022,19800.0,2.046948949045872,1.7782800679308082,2.3713730200033902,0.000508,0.000398107,0.000630957,0.348,0.3,0.4,1.71,1.5,2.0,156000.0,737.0,0.0,1.0,True,0.01,0.95,10.0,39600.0,0.938,0.139
4131,1 - 1 - 2022,19800.0,2.0639767440550294,1.7782800679308082,2.3713730200033902,0.000504,0.000398107,0.000630957,0.349,0.3,0.4,2.56,2.0,4.0,30600.0,163.0,2700.0,1.0,True,0.01,0.95,10.0,39600.0,0.938,0.139
4132,1 - 1 - 2022,19800.0,2.0760539492026693,1.7782800679308082,2.3713730200033902,0.000503,0.000398107,0.000630957,0.45,0.4,0.5,0.0338,0.0,0.05,354000.0,3520.0,7700.0,1.0,True,0.01,0.95,10.0,39600.0,0.938,0.139
4133,1 - 1 - 2022,19800.0,2.0174241001832014,1.7782800679308082,2.3713730200033902,0.000514,0.000398107,0.000630957,0.443,0.4,0.5,0.0766,0.05,0.1,1020000.0,5980.0,30800.0,1.0,True,0.01,0.95,10.0,39600.0,0.938,0.139
4134,1 - 1 - 2022,19800.0,2.029778313018444,1.7782800679308082,2.3713730200033902,0.000512,0.000398107,0.000630957,0.444,0.4,0.5,0.154,0.1,0.2,1710000.0,5460.0,57800.0,1.0,True,0.01,0.95,10.0,39600.0,0.938,0.139
4135,1 - 1 - 2022,19800.0,2.0371548787463363,1.7782800679308082,2.3713730200033902,0.000505,0.000398107,0.000630957,0.445,0.4,0.5,0.249,0.2,0.3,2180000.0,6170.0,53900.0,1.0,True,0.01,0.95,10.0,39600.0,0.938,0.139
4136,1 - 1 - 2022,19800.0,2.039607805437114,1.7782800679308082,2.3713730200033902,0.000505,0.000398107,0.000630957,0.445,0.4,0.5,0.349,0.3,0.4,2390000.0,6460.0,73200.0,1.0,True,0.01,0.95,10.0,39600.0,0.938,0.139
4137,1 - 1 - 2022,19800.0,2.0420577856662137,1.7782800679308082,2.3713730200033902,0.000506,0.000398107,0.000630957,0.445,0.4,0.5,0.451,0.4,0.5,2310000.0,6350.0,123000.0,1.0,True,0.01,0.95,10.0,39600.0,0.938,0.139
4138,1 - 1 - 2022,19800.0,2.04939015319192,1.7782800679308082,2.3713730200033902,0.000508,0.000398107,0.000630957,0.445,0.4,0.5,0.55,0.5,0.6,2000000.0,5910.0,154000.0,1.0,True,0.01,0.95,10.0,39600.0,0.938,0.139
4139,1 - 1 - 2022,19800.0,2.0420577856662137,1.7782800679308082,2.3713730200033902,0.000507,0.000398107,0.000630957,0.445,0.4,0.5,0.648,0.6,0.7,1640000.0,5360.0,173000.0,1.0,True,0.01,0.95,10.0,39600.0,0.938,0.139
4140,1 - 1 - 2022,19800.0,2.0445048300260873,1.7782800679308082,2.3713730200033902,0.000507,0.000398107,0.000630957,0.445,0.4,0.5,0.75,0.7,0.8,1200000.0,4570.0,96300.0,1.0,True,0.01,0.95,10.0,39600.0,0.938,0.139
4141,1 - 1 - 2022,19800.0,2.0542638584174138,1.7782800679308082,2.3713730200033902,0.000506,0.000398107,0.000630957,0.445,0.4,0.5,0.847,0.8,0.9,894000.0,3950.0,77000.0,1.0,True,0.01,0.95,10.0,39600.0,0.938,0.139
4142,1 - 1 - 2022,19800.0,2.0371548787463363,1.7782800679308082,2.3713730200033902,0.000501,0.000398107,0.000630957,0.441,0.4,0.5,0.949,0.9,1.0,636000.0,3330.0,30800.0,1.0,True,0.01,0.95,10.0,39600.0,0.938,0.139
4143,1 - 1 - 2022,19800.0,2.0542638584174138,1.7782800679308082,2.3713730200033902,0.000506,0.000398107,0.000630957,0.445,0.4,0.5,1.2,1.0,1.5,280000.0,988.0,6930.0,1.0,True,0.01,0.95,10.0,39600.0,0.938,0.139
4144,1 - 1 - 2022,19800.0,2.0591260281974,1.7782800679308082,2.3713730200033902,0.000501,0.000398107,0.000630957,0.443,0.4,0.5,1.7,1.5,2.0,77800.0,521.0,5390.0,1.0,True,0.01,0.95,10.0,39600.0,0.938,0.139
4145,1 - 1 - 2022,19800.0,2.078460969082653,1.7782800679308082,2.3713730200033902,0.000506,0.000398107,0.000630957,0.445,0.4,0.5,2.55,2.0,4.0,15000.0,114.0,3850.0,1.0,True,0.01,0.95,10.0,39600.0,0.938,0.139
4146,1 - 1 - 2022,19800.0,2.0,1.7782800679308082,2.3713730200033902,0.000505,0.000398107,0.000630957,0.554,0.5,0.6,0.0322,0.0,0.05,162000.0,2380.0,23100.0,1.0,True,0.01,0.95,10.0,39600.0,0.938,0.139
4147,1 - 1 - 2022,19800.0,2.0199009876724157,1.7782800679308082,2.3713730200033902,0.000505,0.000398107,0.000630957,0.551,0.5,0.6,0.0741,0.05,0.1,539000.0,4340.0,108000.0,1.0,True,0.01,0.95,10.0,39600.0,0.938,0.139
4148,1 - 1 - 2022,19800.0,2.0174241001832014,1.7782800679308082,2.3713730200033902,0.000508,0.000398107,0.000630957,0.549,0.5,0.6,0.154,0.1,0.2,890000.0,3940.0,127000.0,1.0,True,0.01,0.95,10.0,39600.0,0.938,0.139
4149,1 - 1 - 2022,19800.0,2.0199009876724157,1.7782800679308082,2.3713730200033902,0.000509,0.000398107,0.000630957,0.547,0.5,0.6,0.25,0.2,0.3,1340000.0,4840.0,181000.0,1.0,True,0.01,0.95,10.0,39600.0,0.938,0.139
4150,1 - 1 - 2022,19800.0,2.046948949045872,1.7782800679308082,2.3713730200033902,0.000515,0.000398107,0.000630957,0.546,0.5,0.6,0.353,0.3,0.4,1340000.0,4830.0,250000.0,1.0,True,0.01,0.95,10.0,39600.0,0.938,0.139
4151,1 - 1 - 2022,19800.0,2.029778313018444,1.7782800679308082,2.3713730200033902,0.000504,0.000398107,0.000630957,0.544,0.5,0.6,0.448,0.4,0.5,1220000.0,4620.0,231000.0,1.0,True,0.01,0.95,10.0,39600.0,0.938,0.139
4152,1 - 1 - 2022,19800.0,2.0346989949375804,1.7782800679308082,2.3713730200033902,0.000509,0.000398107,0.000630957,0.543,0.5,0.6,0.549,0.5,0.6,1030000.0,4240.0,216000.0,1.0,True,0.01,0.95,10.0,39600.0,0.938,0.139
4153,1 - 1 - 2022,19800.0,2.04939015319192,1.7782800679308082,2.3713730200033902,0.000507,0.000398107,0.000630957,0.544,0.5,0.6,0.647,0.6,0.7,951000.0,4070.0,212000.0,1.0,True,0.01,0.95,10.0,39600.0,0.938,0.139
4154,1 - 1 - 2022,19800.0,2.0591260281974,1.7782800679308082,2.3713730200033902,0.000509,0.000398107,0.000630957,0.547,0.5,0.6,0.746,0.7,0.8,743000.0,3600.0,193000.0,1.0,True,0.01,0.95,10.0,39600.0,0.938,0.139
4155,1 - 1 - 2022,19800.0,2.0445048300260873,1.7782800679308082,2.3713730200033902,0.000503,0.000398107,0.000630957,0.544,0.5,0.6,0.843,0.8,0.9,574000.0,3160.0,143000.0,1.0,True,0.01,0.95,10.0,39600.0,0.938,0.139
4156,1 - 1 - 2022,19800.0,2.080865204668481,1.7782800679308082,2.3713730200033902,0.00051,0.000398107,0.000630957,0.553,0.5,0.6,0.944,0.9,1.0,312000.0,2330.0,57800.0,1.0,True,0.01,0.95,10.0,39600.0,0.938,0.139
4157,1 - 1 - 2022,19800.0,2.0566963801203135,1.7782800679308082,2.3713730200033902,0.000502,0.000398107,0.000630957,0.549,0.5,0.6,1.2,1.0,1.5,174000.0,779.0,49300.0,1.0,True,0.01,0.95,10.0,39600.0,0.938,0.139
4158,1 - 1 - 2022,19800.0,2.0248456731316584,1.7782800679308082,2.3713730200033902,0.000514,0.000398107,0.000630957,0.542,0.5,0.6,1.7,1.5,2.0,40800.0,377.0,6160.0,1.0,True,0.01,0.95,10.0,39600.0,0.938,0.139
4159,1 - 1 - 2022,19800.0,2.1,1.7782800679308082,2.3713730200033902,0.000504,0.000398107,0.000630957,0.548,0.5,0.6,2.67,2.0,4.0,8860.0,87.9,5390.0,1.0,True,0.01,0.95,10.0,39600.0,0.938,0.139
4160,1 - 1 - 2022,19800.0,2.0518284528683193,1.7782800679308082,2.3713730200033902,0.000513,0.000398107,0.000630957,0.637,0.6,0.7,0.0366,0.0,0.05,77000.0,1640.0,38500.0,1.0,True,0.01,0.95,10.0,39600.0,0.938,0.139
4161,1 - 1 - 2022,19800.0,2.0663978319771825,1.7782800679308082,2.3713730200033902,0.000532,0.000398107,0.000630957,0.644,0.6,0.7,0.0767,0.05,0.1,193000.0,2590.0,53900.0,1.0,True,0.01,0.95,10.0,39600.0,0.938,0.139
4162,1 - 1 - 2022,19800.0,2.0346989949375804,1.7782800679308082,2.3713730200033902,0.000508,0.000398107,0.000630957,0.635,0.6,0.7,0.16,0.1,0.2,428000.0,2730.0,166000.0,1.0,True,0.01,0.95,10.0,39600.0,0.938,0.139
4163,1 - 1 - 2022,19800.0,2.0420577856662137,1.7782800679308082,2.3713730200033902,0.000508,0.000398107,0.000630957,0.639,0.6,0.7,0.252,0.2,0.3,589000.0,3210.0,254000.0,1.0,True,0.01,0.95,10.0,39600.0,0.938,0.139
4164,1 - 1 - 2022,19800.0,2.029778313018444,1.7782800679308082,2.3713730200033902,0.000508,0.000398107,0.000630957,0.642,0.6,0.7,0.347,0.3,0.4,632000.0,3320.0,250000.0,1.0,True,0.01,0.95,10.0,39600.0,0.938,0.139
4165,1 - 1 - 2022,19800.0,2.046948949045872,1.7782800679308082,2.3713730200033902,0.000506,0.000398107,0.000630957,0.643,0.6,0.7,0.449,0.4,0.5,724000.0,3550.0,327000.0,1.0,True,0.01,0.95,10.0,39600.0,0.938,0.139
4166,1 - 1 - 2022,19800.0,2.0223748416156684,1.7782800679308082,2.3713730200033902,0.000503,0.000398107,0.000630957,0.641,0.6,0.7,0.548,0.5,0.6,497000.0,2940.0,212000.0,1.0,True,0.01,0.95,10.0,39600.0,0.938,0.139
4167,1 - 1 - 2022,19800.0,2.0248456731316584,1.7782800679308082,2.3713730200033902,0.000512,0.000398107,0.000630957,0.644,0.6,0.7,0.649,0.6,0.7,493000.0,2930.0,200000.0,1.0,True,0.01,0.95,10.0,39600.0,0.938,0.139
4168,1 - 1 - 2022,19800.0,2.0371548787463363,1.7782800679308082,2.3713730200033902,0.000517,0.000398107,0.000630957,0.644,0.6,0.7,0.748,0.7,0.8,443000.0,2780.0,177000.0,1.0,True,0.01,0.95,10.0,39600.0,0.938,0.139
4169,1 - 1 - 2022,19800.0,2.04939015319192,1.7782800679308082,2.3713730200033902,0.000512,0.000398107,0.000630957,0.644,0.6,0.7,0.844,0.8,0.9,258000.0,2120.0,146000.0,1.0,True,0.01,0.95,10.0,39600.0,0.938,0.139
4170,1 - 1 - 2022,19800.0,2.0199009876724157,1.7782800679308082,2.3713730200033902,0.000512,0.000398107,0.000630957,0.637,0.6,0.7,0.947,0.9,1.0,200000.0,1870.0,80900.0,1.0,True,0.01,0.95,10.0,39600.0,0.938,0.139
4171,1 - 1 - 2022,19800.0,2.06881608655772,1.7782800679308082,2.3713730200033902,0.000491,0.000398107,0.000630957,0.64,0.6,0.7,1.2,1.0,1.5,74700.0,511.0,37000.0,1.0,True,0.01,0.95,10.0,39600.0,0.938,0.139
4172,1 - 1 - 2022,19800.0,2.0518284528683193,1.7782800679308082,2.3713730200033902,0.000509,0.000398107,0.000630957,0.657,0.6,0.7,1.74,1.5,2.0,14600.0,226.0,7700.0,1.0,True,0.01,0.95,10.0,39600.0,0.938,0.139
4173,1 - 1 - 2022,19800.0,2.06881608655772,1.7782800679308082,2.3713730200033902,0.000496,0.000398107,0.000630957,0.638,0.6,0.7,2.43,2.0,4.0,4820.0,64.8,3660.0,1.0,True,0.01,0.95,10.0,39600.0,0.938,0.139
4174,1 - 1 - 2022,19800.0,1.91049731745428,1.7782800679308082,2.3713730200033902,0.000501,0.000398107,0.000630957,0.757,0.7,0.8,0.0347,0.0,0.05,38500.0,1160.0,23100.0,1.0,True,0.01,0.95,10.0,39600.0,0.938,0.139
4175,1 - 1 - 2022,19800.0,2.0199009876724157,1.7782800679308082,2.3713730200033902,0.000533,0.000398107,0.000630957,0.749,0.7,0.8,0.0803,0.05,0.1,131000.0,2140.0,61600.0,1.0,True,0.01,0.95,10.0,39600.0,0.938,0.139
4176,1 - 1 - 2022,19800.0,2.039607805437114,1.7782800679308082,2.3713730200033902,0.000516,0.000398107,0.000630957,0.737,0.7,0.8,0.164,0.1,0.2,220000.0,1960.0,131000.0,1.0,True,0.01,0.95,10.0,39600.0,0.938,0.139
4177,1 - 1 - 2022,19800.0,2.009975124224178,1.7782800679308082,2.3713730200033902,0.000517,0.000398107,0.000630957,0.748,0.7,0.8,0.257,0.2,0.3,347000.0,2460.0,216000.0,1.0,True,0.01,0.95,10.0,39600.0,0.938,0.139
4178,1 - 1 - 2022,19800.0,2.0273134932713295,1.7782800679308082,2.3713730200033902,0.000521,0.000398107,0.000630957,0.749,0.7,0.8,0.348,0.3,0.4,362000.0,2510.0,212000.0,1.0,True,0.01,0.95,10.0,39600.0,0.938,0.139
4179,1 - 1 - 2022,19800.0,2.039607805437114,1.7782800679308082,2.3713730200033902,0.000498,0.000398107,0.000630957,0.743,0.7,0.8,0.449,0.4,0.5,339000.0,2430.0,247000.0,1.0,True,0.01,0.95,10.0,39600.0,0.938,0.139
4180,1 - 1 - 2022,19800.0,1.9949937343260002,1.7782800679308082,2.3713730200033902,0.000509,0.000398107,0.000630957,0.743,0.7,0.8,0.55,0.5,0.6,331000.0,2400.0,223000.0,1.0,True,0.01,0.95,10.0,39600.0,0.938,0.139
4181,1 - 1 - 2022,19800.0,2.039607805437114,1.7782800679308082,2.3713730200033902,0.000499,0.000398107,0.000630957,0.745,0.7,0.8,0.652,0.6,0.7,289000.0,2250.0,200000.0,1.0,True,0.01,0.95,10.0,39600.0,0.938,0.139
4182,1 - 1 - 2022,19800.0,2.0199009876724157,1.7782800679308082,2.3713730200033902,0.000496,0.000398107,0.000630957,0.74,0.7,0.8,0.75,0.7,0.8,231000.0,2010.0,166000.0,1.0,True,0.01,0.95,10.0,39600.0,0.938,0.139
4183,1 - 1 - 2022,19800.0,2.0518284528683193,1.7782800679308082,2.3713730200033902,0.000517,0.000398107,0.000630957,0.745,0.7,0.8,0.848,0.8,0.9,200000.0,1870.0,154000.0,1.0,True,0.01,0.95,10.0,39600.0,0.938,0.139
4184,1 - 1 - 2022,19800.0,2.04939015319192,1.7782800679308082,2.3713730200033902,0.000511,0.000398107,0.000630957,0.74,0.7,0.8,0.948,0.9,1.0,135000.0,1530.0,92500.0,1.0,True,0.01,0.95,10.0,39600.0,0.938,0.139
4185,1 - 1 - 2022,19800.0,2.06881608655772,1.7782800679308082,2.3713730200033902,0.000499,0.000398107,0.000630957,0.737,0.7,0.8,1.18,1.0,1.5,51600.0,424.0,39300.0,1.0,True,0.01,0.95,10.0,39600.0,0.938,0.139
4186,1 - 1 - 2022,19800.0,2.12367605815953,1.7782800679308082,2.3713730200033902,0.000503,0.000398107,0.000630957,0.74,0.7,0.8,1.76,1.5,2.0,6930.0,156.0,6160.0,1.0,True,0.01,0.95,10.0,39600.0,0.938,0.139
4187,1 - 1 - 2022,19800.0,2.078460969082653,1.7782800679308082,2.3713730200033902,0.000503,0.000398107,0.000630957,0.742,0.7,0.8,2.64,2.0,4.0,2120.0,43.0,1730.0,1.0,True,0.01,0.95,10.0,39600.0,0.938,0.139
4188,1 - 1 - 2022,19800.0,2.0199009876724157,1.7782800679308082,2.3713730200033902,0.000528,0.000398107,0.000630957,0.848,0.8,0.9,0.147,0.1,0.2,127000.0,1490.0,100000.0,1.0,True,0.01,0.95,10.0,39600.0,0.938,0.139
4189,1 - 1 - 2022,19800.0,1.98997487421324,1.7782800679308082,2.3713730200033902,0.000507,0.000398107,0.000630957,0.843,0.8,0.9,0.246,0.2,0.3,154000.0,1640.0,131000.0,1.0,True,0.01,0.95,10.0,39600.0,0.938,0.139
4190,1 - 1 - 2022,19800.0,2.0371548787463363,1.7782800679308082,2.3713730200033902,0.000515,0.000398107,0.000630957,0.847,0.8,0.9,0.346,0.3,0.4,181000.0,1780.0,162000.0,1.0,True,0.01,0.95,10.0,39600.0,0.938,0.139
4191,1 - 1 - 2022,19800.0,2.046948949045872,1.7782800679308082,2.3713730200033902,0.000502,0.000398107,0.000630957,0.85,0.8,0.9,0.45,0.4,0.5,158000.0,1660.0,143000.0,1.0,True,0.01,0.95,10.0,39600.0,0.938,0.139
4192,1 - 1 - 2022,19800.0,2.0199009876724157,1.7782800679308082,2.3713730200033902,0.000516,0.000398107,0.000630957,0.84,0.8,0.9,0.551,0.5,0.6,196000.0,1850.0,154000.0,1.0,True,0.01,0.95,10.0,39600.0,0.938,0.139
4193,1 - 1 - 2022,19800.0,2.0371548787463363,1.7782800679308082,2.3713730200033902,0.000513,0.000398107,0.000630957,0.841,0.8,0.9,0.647,0.6,0.7,116000.0,1420.0,96300.0,1.0,True,0.01,0.95,10.0,39600.0,0.938,0.139
4194,1 - 1 - 2022,19800.0,2.0248456731316584,1.7782800679308082,2.3713730200033902,0.000507,0.000398107,0.000630957,0.833,0.8,0.9,0.745,0.7,0.8,131000.0,1510.0,100000.0,1.0,True,0.01,0.95,10.0,39600.0,0.938,0.139
4195,1 - 1 - 2022,19800.0,2.0566963801203135,1.7782800679308082,2.3713730200033902,0.00048,0.000398107,0.000630957,0.838,0.8,0.9,0.839,0.8,0.9,88600.0,1240.0,80900.0,1.0,True,0.01,0.95,10.0,39600.0,0.938,0.139
4196,1 - 1 - 2022,19800.0,1.9183326093250879,1.7782800679308082,2.3713730200033902,0.000508,0.000398107,0.000630957,0.834,0.8,0.9,0.956,0.9,1.0,30800.0,733.0,19300.0,1.0,True,0.01,0.95,10.0,39600.0,0.938,0.139
4197,1 - 1 - 2022,19800.0,2.039607805437114,1.7782800679308082,2.3713730200033902,0.000511,0.000398107,0.000630957,0.832,0.8,0.9,1.15,1.0,1.5,20000.0,264.0,16900.0,1.0,True,0.01,0.95,10.0,39600.0,0.938,0.139
4198,1 - 1 - 2022,19800.0,1.9621416870348585,1.7782800679308082,2.3713730200033902,0.000538,0.000398107,0.000630957,0.93,0.9,1.0,0.0738,0.05,0.1,30800.0,1040.0,23100.0,1.0,True,0.01,0.95,10.0,39600.0,0.938,0.139
4199,1 - 1 - 2022,19800.0,1.96468827043885,1.7782800679308082,2.3713730200033902,0.000503,0.000398107,0.000630957,0.931,0.9,1.0,0.541,0.5,0.6,53900.0,970.0,50100.0,1.0,True,0.01,0.95,10.0,39600.0,0.938,0.139
4200,1 - 1 - 2022,19800.0,2.0124611797498106,1.7782800679308082,2.3713730200033902,0.000488,0.000398107,0.000630957,0.934,0.9,1.0,0.643,0.6,0.7,42400.0,860.0,38500.0,1.0,True,0.01,0.95,10.0,39600.0,0.938,0.139
4201,1 - 1 - 2022,19800.0,2.0518284528683193,1.7782800679308082,2.3713730200033902,0.000499,0.000398107,0.000630957,0.928,0.9,1.0,0.744,0.7,0.8,50100.0,935.0,46200.0,1.0,True,0.01,0.95,10.0,39600.0,0.938,0.139
4202,1 - 1 - 2022,19800.0,2.08806130178211,1.7782800679308082,2.3713730200033902,0.000521,0.000398107,0.000630957,0.921,0.9,1.0,0.859,0.8,0.9,23100.0,635.0,19300.0,1.0,True,0.01,0.95,10.0,39600.0,0.938,0.139
4203,1 - 1 - 2022,19800.0,2.0566963801203135,1.7782800679308082,2.3713730200033902,0.000794,0.000630957,0.001,0.0219,0.0,0.05,0.0789,0.05,0.1,24800000.0,33100.0,24700000.0,1.0,True,0.01,0.95,10.0,39600.0,0.938,0.139
4204,1 - 1 - 2022,19800.0,2.0518284528683193,1.7782800679308082,2.3713730200033902,0.000795,0.000630957,0.001,0.0187,0.0,0.05,0.155,0.1,0.2,56100000.0,35100.0,47100000.0,1.0,True,0.01,0.95,10.0,39600.0,0.938,0.139
4205,1 - 1 - 2022,19800.0,2.0518284528683193,1.7782800679308082,2.3713730200033902,0.000797,0.000630957,0.001,0.0169,0.0,0.05,0.251,0.2,0.3,81200000.0,42300.0,54100000.0,1.0,True,0.01,0.95,10.0,39600.0,0.938,0.139
4206,1 - 1 - 2022,19800.0,2.0518284528683193,1.7782800679308082,2.3713730200033902,0.000797,0.000630957,0.001,0.0164,0.0,0.05,0.349,0.3,0.4,83400000.0,42900.0,46300000.0,1.0,True,0.01,0.95,10.0,39600.0,0.938,0.139
4207,1 - 1 - 2022,19800.0,2.0542638584174138,1.7782800679308082,2.3713730200033902,0.000799,0.000630957,0.001,0.0165,0.0,0.05,0.448,0.4,0.5,71800000.0,39800.0,33000000.0,1.0,True,0.01,0.95,10.0,39600.0,0.938,0.139
4208,1 - 1 - 2022,19800.0,2.0542638584174138,1.7782800679308082,2.3713730200033902,0.000795,0.000630957,0.001,0.0165,0.0,0.05,0.547,0.5,0.6,54400000.0,34600.0,21500000.0,1.0,True,0.01,0.95,10.0,39600.0,0.938,0.139
4209,1 - 1 - 2022,19800.0,2.0518284528683193,1.7782800679308082,2.3713730200033902,0.000798,0.000630957,0.001,0.017,0.0,0.05,0.647,0.6,0.7,39700000.0,29600.0,13200000.0,1.0,True,0.01,0.95,10.0,39600.0,0.938,0.139
4210,1 - 1 - 2022,19800.0,2.0518284528683193,1.7782800679308082,2.3713730200033902,0.000795,0.000630957,0.001,0.0171,0.0,0.05,0.747,0.7,0.8,27300000.0,24500.0,7400000.0,1.0,True,0.01,0.95,10.0,39600.0,0.938,0.139
4211,1 - 1 - 2022,19800.0,2.0542638584174138,1.7782800679308082,2.3713730200033902,0.000798,0.000630957,0.001,0.0182,0.0,0.05,0.846,0.8,0.9,17400000.0,19600.0,3240000.0,1.0,True,0.01,0.95,10.0,39600.0,0.938,0.139
4212,1 - 1 - 2022,19800.0,2.0518284528683193,1.7782800679308082,2.3713730200033902,0.000797,0.000630957,0.001,0.0189,0.0,0.05,0.946,0.9,1.0,10700000.0,15300.0,1550000.0,1.0,True,0.01,0.95,10.0,39600.0,0.938,0.139
4213,1 - 1 - 2022,19800.0,2.0542638584174138,1.7782800679308082,2.3713730200033902,0.000794,0.000630957,0.001,0.0202,0.0,0.05,1.16,1.0,1.5,3150000.0,3730.0,322000.0,1.0,True,0.01,0.95,10.0,39600.0,0.938,0.139
4214,1 - 1 - 2022,19800.0,2.0639767440550294,1.7782800679308082,2.3713730200033902,0.000787,0.000630957,0.001,0.0255,0.0,0.05,1.69,1.5,2.0,439000.0,1390.0,27200.0,1.0,True,0.01,0.95,10.0,39600.0,0.938,0.139
4215,1 - 1 - 2022,19800.0,2.090454496036687,1.7782800679308082,2.3713730200033902,0.000798,0.000630957,0.001,0.0279,0.0,0.05,2.39,2.0,4.0,39600.0,209.0,729.0,1.0,True,0.01,0.95,10.0,39600.0,0.938,0.139
4216,1 - 1 - 2022,19800.0,2.0420577856662137,1.7782800679308082,2.3713730200033902,0.000801,0.000630957,0.001,0.0729,0.05,0.1,0.0773,0.05,0.1,10400000.0,21400.0,10400000.0,1.0,True,0.01,0.95,10.0,39600.0,0.938,0.139
4217,1 - 1 - 2022,19800.0,2.0445048300260873,1.7782800679308082,2.3713730200033902,0.000802,0.000630957,0.001,0.0722,0.05,0.1,0.154,0.1,0.2,18600000.0,20200.0,18300000.0,1.0,True,0.01,0.95,10.0,39600.0,0.938,0.139
4218,1 - 1 - 2022,19800.0,2.0445048300260873,1.7782800679308082,2.3713730200033902,0.0008,0.000630957,0.001,0.0726,0.05,0.1,0.251,0.2,0.3,22800000.0,22400.0,21800000.0,1.0,True,0.01,0.95,10.0,39600.0,0.938,0.139
4219,1 - 1 - 2022,19800.0,2.0445048300260873,1.7782800679308082,2.3713730200033902,0.0008,0.000630957,0.001,0.0725,0.05,0.1,0.35,0.3,0.4,22800000.0,22400.0,18800000.0,1.0,True,0.01,0.95,10.0,39600.0,0.938,0.139
4220,1 - 1 - 2022,19800.0,2.0445048300260873,1.7782800679308082,2.3713730200033902,0.0008,0.000630957,0.001,0.0726,0.05,0.1,0.449,0.4,0.5,20200000.0,21100.0,10500000.0,1.0,True,0.01,0.95,10.0,39600.0,0.938,0.139
4221,1 - 1 - 2022,19800.0,2.046948949045872,1.7782800679308082,2.3713730200033902,0.000802,0.000630957,0.001,0.0728,0.05,0.1,0.547,0.5,0.6,15600000.0,18500.0,5840000.0,1.0,True,0.01,0.95,10.0,39600.0,0.938,0.139
4222,1 - 1 - 2022,19800.0,2.0420577856662137,1.7782800679308082,2.3713730200033902,0.000802,0.000630957,0.001,0.0724,0.05,0.1,0.648,0.6,0.7,12000000.0,16300.0,3580000.0,1.0,True,0.01,0.95,10.0,39600.0,0.938,0.139
4223,1 - 1 - 2022,19800.0,2.0445048300260873,1.7782800679308082,2.3713730200033902,0.000802,0.000630957,0.001,0.0725,0.05,0.1,0.747,0.7,0.8,8430000.0,13600.0,1980000.0,1.0,True,0.01,0.95,10.0,39600.0,0.938,0.139
4224,1 - 1 - 2022,19800.0,2.04939015319192,1.7782800679308082,2.3713730200033902,0.000804,0.000630957,0.001,0.0731,0.05,0.1,0.847,0.8,0.9,5970000.0,11500.0,1110000.0,1.0,True,0.01,0.95,10.0,39600.0,0.938,0.139
4225,1 - 1 - 2022,19800.0,2.039607805437114,1.7782800679308082,2.3713730200033902,0.000798,0.000630957,0.001,0.0727,0.05,0.1,0.949,0.9,1.0,4290000.0,9720.0,165000.0,1.0,True,0.01,0.95,10.0,39600.0,0.938,0.139
4226,1 - 1 - 2022,19800.0,2.0445048300260873,1.7782800679308082,2.3713730200033902,0.000798,0.000630957,0.001,0.0729,0.05,0.1,1.18,1.0,1.5,1480000.0,2550.0,10700.0,1.0,True,0.01,0.95,10.0,39600.0,0.938,0.139
4227,1 - 1 - 2022,19800.0,2.046948949045872,1.7782800679308082,2.3713730200033902,0.000799,0.000630957,0.001,0.0736,0.05,0.1,1.71,1.5,2.0,292000.0,1130.0,0.0,1.0,True,0.01,0.95,10.0,39600.0,0.938,0.139
4228,1 - 1 - 2022,19800.0,2.0518284528683193,1.7782800679308082,2.3713730200033902,0.000801,0.000630957,0.001,0.0741,0.05,0.1,2.53,2.0,4.0,39900.0,209.0,0.0,1.0,True,0.01,0.95,10.0,39600.0,0.938,0.139
4229,1 - 1 - 2022,19800.0,2.0615528128088303,1.7782800679308082,2.3713730200033902,0.000808,0.000630957,0.001,0.123,0.1,0.15,0.0339,0.0,0.05,2300000.0,10100.0,2150000.0,1.0,True,0.01,0.95,10.0,39600.0,0.938,0.139
4230,1 - 1 - 2022,19800.0,2.0371548787463363,1.7782800679308082,2.3713730200033902,0.000804,0.000630957,0.001,0.123,0.1,0.15,0.0776,0.05,0.1,6620000.0,17100.0,6040000.0,1.0,True,0.01,0.95,10.0,39600.0,0.938,0.139
4231,1 - 1 - 2022,19800.0,2.0445048300260873,1.7782800679308082,2.3713730200033902,0.000805,0.000630957,0.001,0.124,0.1,0.15,0.153,0.1,0.2,11800000.0,16100.0,10100000.0,1.0,True,0.01,0.95,10.0,39600.0,0.938,0.139
4232,1 - 1 - 2022,19800.0,2.046948949045872,1.7782800679308082,2.3713730200033902,0.000802,0.000630957,0.001,0.124,0.1,0.15,0.251,0.2,0.3,14500000.0,17900.0,10800000.0,1.0,True,0.01,0.95,10.0,39600.0,0.938,0.139
4233,1 - 1 - 2022,19800.0,2.04939015319192,1.7782800679308082,2.3713730200033902,0.000802,0.000630957,0.001,0.123,0.1,0.15,0.349,0.3,0.4,14200000.0,17700.0,8640000.0,1.0,True,0.01,0.95,10.0,39600.0,0.938,0.139
4234,1 - 1 - 2022,19800.0,2.04939015319192,1.7782800679308082,2.3713730200033902,0.000801,0.000630957,0.001,0.123,0.1,0.15,0.448,0.4,0.5,13300000.0,17100.0,6400000.0,1.0,True,0.01,0.95,10.0,39600.0,0.938,0.139
4235,1 - 1 - 2022,19800.0,2.04939015319192,1.7782800679308082,2.3713730200033902,0.000805,0.000630957,0.001,0.124,0.1,0.15,0.548,0.5,0.6,10700000.0,15300.0,5120000.0,1.0,True,0.01,0.95,10.0,39600.0,0.938,0.139
4236,1 - 1 - 2022,19800.0,2.0445048300260873,1.7782800679308082,2.3713730200033902,0.000802,0.000630957,0.001,0.124,0.1,0.15,0.647,0.6,0.7,7490000.0,12800.0,2280000.0,1.0,True,0.01,0.95,10.0,39600.0,0.938,0.139
4237,1 - 1 - 2022,19800.0,2.039607805437114,1.7782800679308082,2.3713730200033902,0.0008,0.000630957,0.001,0.123,0.1,0.15,0.749,0.7,0.8,5320000.0,10800.0,1170000.0,1.0,True,0.01,0.95,10.0,39600.0,0.938,0.139
4238,1 - 1 - 2022,19800.0,2.0518284528683193,1.7782800679308082,2.3713730200033902,0.000799,0.000630957,0.001,0.124,0.1,0.15,0.846,0.8,0.9,3860000.0,9220.0,744000.0,1.0,True,0.01,0.95,10.0,39600.0,0.938,0.139
4239,1 - 1 - 2022,19800.0,2.0420577856662137,1.7782800679308082,2.3713730200033902,0.000807,0.000630957,0.001,0.123,0.1,0.15,0.948,0.9,1.0,2860000.0,7940.0,292000.0,1.0,True,0.01,0.95,10.0,39600.0,0.938,0.139
4240,1 - 1 - 2022,19800.0,2.0420577856662137,1.7782800679308082,2.3713730200033902,0.000798,0.000630957,0.001,0.124,0.1,0.15,1.18,1.0,1.5,1100000.0,2200.0,0.0,1.0,True,0.01,0.95,10.0,39600.0,0.938,0.139
4241,1 - 1 - 2022,19800.0,2.0663978319771825,1.7782800679308082,2.3713730200033902,0.000802,0.000630957,0.001,0.124,0.1,0.15,1.69,1.5,2.0,264000.0,1080.0,0.0,1.0,True,0.01,0.95,10.0,39600.0,0.938,0.139
4242,1 - 1 - 2022,19800.0,2.0542638584174138,1.7782800679308082,2.3713730200033902,0.000794,0.000630957,0.001,0.124,0.1,0.15,2.53,2.0,4.0,41600.0,214.0,4370.0,1.0,True,0.01,0.95,10.0,39600.0,0.938,0.139
4243,1 - 1 - 2022,19800.0,2.0445048300260873,1.7782800679308082,2.3713730200033902,0.000799,0.000630957,0.001,0.172,0.15,0.2,0.0328,0.0,0.05,1490000.0,8090.0,1340000.0,1.0,True,0.01,0.95,10.0,39600.0,0.938,0.139
4244,1 - 1 - 2022,19800.0,2.0542638584174138,1.7782800679308082,2.3713730200033902,0.0008,0.000630957,0.001,0.174,0.15,0.2,0.0772,0.05,0.1,4540000.0,14100.0,4120000.0,1.0,True,0.01,0.95,10.0,39600.0,0.938,0.139
4245,1 - 1 - 2022,19800.0,2.0445048300260873,1.7782800679308082,2.3713730200033902,0.000806,0.000630957,0.001,0.174,0.15,0.2,0.154,0.1,0.2,7720000.0,13000.0,6930000.0,1.0,True,0.01,0.95,10.0,39600.0,0.938,0.139
4246,1 - 1 - 2022,19800.0,2.046948949045872,1.7782800679308082,2.3713730200033902,0.000805,0.000630957,0.001,0.173,0.15,0.2,0.251,0.2,0.3,9660000.0,14600.0,8140000.0,1.0,True,0.01,0.95,10.0,39600.0,0.938,0.139
4247,1 - 1 - 2022,19800.0,2.04939015319192,1.7782800679308082,2.3713730200033902,0.000802,0.000630957,0.001,0.173,0.15,0.2,0.349,0.3,0.4,9780000.0,14700.0,7560000.0,1.0,True,0.01,0.95,10.0,39600.0,0.938,0.139
4248,1 - 1 - 2022,19800.0,2.046948949045872,1.7782800679308082,2.3713730200033902,0.000805,0.000630957,0.001,0.173,0.15,0.2,0.448,0.4,0.5,8810000.0,13900.0,5670000.0,1.0,True,0.01,0.95,10.0,39600.0,0.938,0.139
4249,1 - 1 - 2022,19800.0,2.0420577856662137,1.7782800679308082,2.3713730200033902,0.000802,0.000630957,0.001,0.173,0.15,0.2,0.548,0.5,0.6,7440000.0,12800.0,3700000.0,1.0,True,0.01,0.95,10.0,39600.0,0.938,0.139
4250,1 - 1 - 2022,19800.0,2.0445048300260873,1.7782800679308082,2.3713730200033902,0.000799,0.000630957,0.001,0.173,0.15,0.2,0.649,0.6,0.7,5820000.0,11300.0,2360000.0,1.0,True,0.01,0.95,10.0,39600.0,0.938,0.139
4251,1 - 1 - 2022,19800.0,2.04939015319192,1.7782800679308082,2.3713730200033902,0.000799,0.000630957,0.001,0.175,0.15,0.2,0.748,0.7,0.8,4100000.0,9500.0,1280000.0,1.0,True,0.01,0.95,10.0,39600.0,0.938,0.139
4252,1 - 1 - 2022,19800.0,2.0420577856662137,1.7782800679308082,2.3713730200033902,0.000801,0.000630957,0.001,0.174,0.15,0.2,0.847,0.8,0.9,3030000.0,8170.0,666000.0,1.0,True,0.01,0.95,10.0,39600.0,0.938,0.139
4253,1 - 1 - 2022,19800.0,2.0445048300260873,1.7782800679308082,2.3713730200033902,0.000804,0.000630957,0.001,0.173,0.15,0.2,0.949,0.9,1.0,1980000.0,6600.0,248000.0,1.0,True,0.01,0.95,10.0,39600.0,0.938,0.139
4254,1 - 1 - 2022,19800.0,2.046948949045872,1.7782800679308082,2.3713730200033902,0.000802,0.000630957,0.001,0.173,0.15,0.2,1.18,1.0,1.5,820000.0,1900.0,8750.0,1.0,True,0.01,0.95,10.0,39600.0,0.938,0.139
4255,1 - 1 - 2022,19800.0,2.04939015319192,1.7782800679308082,2.3713730200033902,0.000785,0.000630957,0.001,0.174,0.15,0.2,1.72,1.5,2.0,220000.0,984.0,0.0,1.0,True,0.01,0.95,10.0,39600.0,0.938,0.139
4256,1 - 1 - 2022,19800.0,2.046948949045872,1.7782800679308082,2.3713730200033902,0.000797,0.000630957,0.001,0.172,0.15,0.2,2.59,2.0,4.0,31400.0,186.0,3400.0,1.0,True,0.01,0.95,10.0,39600.0,0.938,0.139
4257,1 - 1 - 2022,19800.0,2.0663978319771825,1.7782800679308082,2.3713730200033902,0.000776,0.000630957,0.001,0.224,0.2,0.25,0.0334,0.0,0.05,982000.0,6580.0,943000.0,1.0,True,0.01,0.95,10.0,39600.0,0.938,0.139
4258,1 - 1 - 2022,19800.0,2.0542638584174138,1.7782800679308082,2.3713730200033902,0.000807,0.000630957,0.001,0.223,0.2,0.25,0.0781,0.05,0.1,2800000.0,11100.0,2700000.0,1.0,True,0.01,0.95,10.0,39600.0,0.938,0.139
4259,1 - 1 - 2022,19800.0,2.0542638584174138,1.7782800679308082,2.3713730200033902,0.000797,0.000630957,0.001,0.223,0.2,0.25,0.154,0.1,0.2,5020000.0,10500.0,4800000.0,1.0,True,0.01,0.95,10.0,39600.0,0.938,0.139
4260,1 - 1 - 2022,19800.0,2.0445048300260873,1.7782800679308082,2.3713730200033902,0.000801,0.000630957,0.001,0.223,0.2,0.25,0.252,0.2,0.3,6790000.0,12200.0,6120000.0,1.0,True,0.01,0.95,10.0,39600.0,0.938,0.139
4261,1 - 1 - 2022,19800.0,2.046948949045872,1.7782800679308082,2.3713730200033902,0.000802,0.000630957,0.001,0.224,0.2,0.25,0.35,0.3,0.4,6840000.0,12300.0,5540000.0,1.0,True,0.01,0.95,10.0,39600.0,0.938,0.139
4262,1 - 1 - 2022,19800.0,2.04939015319192,1.7782800679308082,2.3713730200033902,0.000803,0.000630957,0.001,0.224,0.2,0.25,0.448,0.4,0.5,6130000.0,11600.0,4220000.0,1.0,True,0.01,0.95,10.0,39600.0,0.938,0.139
4263,1 - 1 - 2022,19800.0,2.046948949045872,1.7782800679308082,2.3713730200033902,0.000799,0.000630957,0.001,0.224,0.2,0.25,0.548,0.5,0.6,5340000.0,10800.0,2950000.0,1.0,True,0.01,0.95,10.0,39600.0,0.938,0.139
4264,1 - 1 - 2022,19800.0,2.0420577856662137,1.7782800679308082,2.3713730200033902,0.000804,0.000630957,0.001,0.224,0.2,0.25,0.647,0.6,0.7,3960000.0,9340.0,1960000.0,1.0,True,0.01,0.95,10.0,39600.0,0.938,0.139
4265,1 - 1 - 2022,19800.0,2.046948949045872,1.7782800679308082,2.3713730200033902,0.000798,0.000630957,0.001,0.223,0.2,0.25,0.746,0.7,0.8,3040000.0,8180.0,1040000.0,1.0,True,0.01,0.95,10.0,39600.0,0.938,0.139
4266,1 - 1 - 2022,19800.0,2.0542638584174138,1.7782800679308082,2.3713730200033902,0.000811,0.000630957,0.001,0.224,0.2,0.25,0.847,0.8,0.9,2120000.0,6830.0,646000.0,1.0,True,0.01,0.95,10.0,39600.0,0.938,0.139
4267,1 - 1 - 2022,19800.0,2.046948949045872,1.7782800679308082,2.3713730200033902,0.000802,0.000630957,0.001,0.224,0.2,0.25,0.947,0.9,1.0,1550000.0,5830.0,403000.0,1.0,True,0.01,0.95,10.0,39600.0,0.938,0.139
4268,1 - 1 - 2022,19800.0,2.046948949045872,1.7782800679308082,2.3713730200033902,0.00081,0.000630957,0.001,0.224,0.2,0.25,1.19,1.0,1.5,590000.0,1610.0,49600.0,1.0,True,0.01,0.95,10.0,39600.0,0.938,0.139
4269,1 - 1 - 2022,19800.0,2.080865204668481,1.7782800679308082,2.3713730200033902,0.000786,0.000630957,0.001,0.222,0.2,0.25,1.7,1.5,2.0,161000.0,843.0,0.0,1.0,True,0.01,0.95,10.0,39600.0,0.938,0.139
4270,1 - 1 - 2022,19800.0,2.0760539492026693,1.7782800679308082,2.3713730200033902,0.000787,0.000630957,0.001,0.227,0.2,0.25,2.5,2.0,4.0,22600.0,158.0,243.0,1.0,True,0.01,0.95,10.0,39600.0,0.938,0.139
4271,1 - 1 - 2022,19800.0,2.071231517720798,1.7782800679308082,2.3713730200033902,0.000804,0.000630957,0.001,0.276,0.25,0.3,0.0342,0.0,0.05,681000.0,5470.0,515000.0,1.0,True,0.01,0.95,10.0,39600.0,0.938,0.139
4272,1 - 1 - 2022,19800.0,2.0663978319771825,1.7782800679308082,2.3713730200033902,0.000793,0.000630957,0.001,0.272,0.25,0.3,0.0764,0.05,0.1,1950000.0,9280.0,1590000.0,1.0,True,0.01,0.95,10.0,39600.0,0.938,0.139
4273,1 - 1 - 2022,19800.0,2.04939015319192,1.7782800679308082,2.3713730200033902,0.0008,0.000630957,0.001,0.273,0.25,0.3,0.154,0.1,0.2,3230000.0,8440.0,2630000.0,1.0,True,0.01,0.95,10.0,39600.0,0.938,0.139
4274,1 - 1 - 2022,19800.0,2.039607805437114,1.7782800679308082,2.3713730200033902,0.000799,0.000630957,0.001,0.273,0.25,0.3,0.253,0.2,0.3,4690000.0,10200.0,3660000.0,1.0,True,0.01,0.95,10.0,39600.0,0.938,0.139
4275,1 - 1 - 2022,19800.0,2.0542638584174138,1.7782800679308082,2.3713730200033902,0.000802,0.000630957,0.001,0.273,0.25,0.3,0.348,0.3,0.4,4820000.0,10300.0,3420000.0,1.0,True,0.01,0.95,10.0,39600.0,0.938,0.139
4276,1 - 1 - 2022,19800.0,2.0542638584174138,1.7782800679308082,2.3713730200033902,0.000807,0.000630957,0.001,0.274,0.25,0.3,0.449,0.4,0.5,4550000.0,10000.0,2740000.0,1.0,True,0.01,0.95,10.0,39600.0,0.938,0.139
4277,1 - 1 - 2022,19800.0,2.04939015319192,1.7782800679308082,2.3713730200033902,0.000802,0.000630957,0.001,0.274,0.25,0.3,0.547,0.5,0.6,3940000.0,9310.0,2000000.0,1.0,True,0.01,0.95,10.0,39600.0,0.938,0.139
4278,1 - 1 - 2022,19800.0,2.0420577856662137,1.7782800679308082,2.3713730200033902,0.000803,0.000630957,0.001,0.273,0.25,0.3,0.648,0.6,0.7,2990000.0,8120.0,1340000.0,1.0,True,0.01,0.95,10.0,39600.0,0.938,0.139
4279,1 - 1 - 2022,19800.0,2.046948949045872,1.7782800679308082,2.3713730200033902,0.0008,0.000630957,0.001,0.274,0.25,0.3,0.748,0.7,0.8,2210000.0,6970.0,821000.0,1.0,True,0.01,0.95,10.0,39600.0,0.938,0.139
4280,1 - 1 - 2022,19800.0,2.0346989949375804,1.7782800679308082,2.3713730200033902,0.000791,0.000630957,0.001,0.274,0.25,0.3,0.846,0.8,0.9,1570000.0,5880.0,481000.0,1.0,True,0.01,0.95,10.0,39600.0,0.938,0.139
4281,1 - 1 - 2022,19800.0,2.0420577856662137,1.7782800679308082,2.3713730200033902,0.000806,0.000630957,0.001,0.274,0.25,0.3,0.945,0.9,1.0,1280000.0,5310.0,311000.0,1.0,True,0.01,0.95,10.0,39600.0,0.938,0.139
4282,1 - 1 - 2022,19800.0,2.0346989949375804,1.7782800679308082,2.3713730200033902,0.000802,0.000630957,0.001,0.273,0.25,0.3,1.19,1.0,1.5,438000.0,1390.0,70000.0,1.0,True,0.01,0.95,10.0,39600.0,0.938,0.139
4283,1 - 1 - 2022,19800.0,2.0445048300260873,1.7782800679308082,2.3713730200033902,0.00078,0.000630957,0.001,0.273,0.25,0.3,1.7,1.5,2.0,154000.0,822.0,0.0,1.0,True,0.01,0.95,10.0,39600.0,0.938,0.139
4284,1 - 1 - 2022,19800.0,2.0663978319771825,1.7782800679308082,2.3713730200033902,0.000792,0.000630957,0.001,0.274,0.25,0.3,2.59,2.0,4.0,23100.0,159.0,1940.0,1.0,True,0.01,0.95,10.0,39600.0,0.938,0.139
4285,1 - 1 - 2022,19800.0,2.04939015319192,1.7782800679308082,2.3713730200033902,0.000805,0.000630957,0.001,0.339,0.3,0.4,0.0328,0.0,0.05,399000.0,2960.0,194000.0,1.0,True,0.01,0.95,10.0,39600.0,0.938,0.139
4286,1 - 1 - 2022,19800.0,2.046948949045872,1.7782800679308082,2.3713730200033902,0.000798,0.000630957,0.001,0.347,0.3,0.4,0.0771,0.05,0.1,1060000.0,4830.0,481000.0,1.0,True,0.01,0.95,10.0,39600.0,0.938,0.139
4287,1 - 1 - 2022,19800.0,2.039607805437114,1.7782800679308082,2.3713730200033902,0.000802,0.000630957,0.001,0.346,0.3,0.4,0.155,0.1,0.2,1990000.0,4680.0,899000.0,1.0,True,0.01,0.95,10.0,39600.0,0.938,0.139
4288,1 - 1 - 2022,19800.0,2.0346989949375804,1.7782800679308082,2.3713730200033902,0.0008,0.000630957,0.001,0.346,0.3,0.4,0.251,0.2,0.3,2830000.0,5580.0,1290000.0,1.0,True,0.01,0.95,10.0,39600.0,0.938,0.139
4289,1 - 1 - 2022,19800.0,2.0420577856662137,1.7782800679308082,2.3713730200033902,0.000803,0.000630957,0.001,0.344,0.3,0.4,0.348,0.3,0.4,2940000.0,5690.0,1230000.0,1.0,True,0.01,0.95,10.0,39600.0,0.938,0.139
4290,1 - 1 - 2022,19800.0,2.0445048300260873,1.7782800679308082,2.3713730200033902,0.000801,0.000630957,0.001,0.344,0.3,0.4,0.449,0.4,0.5,2690000.0,5440.0,890000.0,1.0,True,0.01,0.95,10.0,39600.0,0.938,0.139
4291,1 - 1 - 2022,19800.0,2.0542638584174138,1.7782800679308082,2.3713730200033902,0.000804,0.000630957,0.001,0.345,0.3,0.4,0.549,0.5,0.6,2340000.0,5080.0,683000.0,1.0,True,0.01,0.95,10.0,39600.0,0.938,0.139
4292,1 - 1 - 2022,19800.0,2.0420577856662137,1.7782800679308082,2.3713730200033902,0.000801,0.000630957,0.001,0.345,0.3,0.4,0.648,0.6,0.7,1980000.0,4670.0,574000.0,1.0,True,0.01,0.95,10.0,39600.0,0.938,0.139
4293,1 - 1 - 2022,19800.0,2.0542638584174138,1.7782800679308082,2.3713730200033902,0.000807,0.000630957,0.001,0.343,0.3,0.4,0.748,0.7,0.8,1490000.0,4050.0,340000.0,1.0,True,0.01,0.95,10.0,39600.0,0.938,0.139
4294,1 - 1 - 2022,19800.0,2.0445048300260873,1.7782800679308082,2.3713730200033902,0.000807,0.000630957,0.001,0.345,0.3,0.4,0.846,0.8,0.9,1160000.0,3580.0,245000.0,1.0,True,0.01,0.95,10.0,39600.0,0.938,0.139
4295,1 - 1 - 2022,19800.0,2.029778313018444,1.7782800679308082,2.3713730200033902,0.000787,0.000630957,0.001,0.345,0.3,0.4,0.949,0.9,1.0,775000.0,2920.0,131000.0,1.0,True,0.01,0.95,10.0,39600.0,0.938,0.139
4296,1 - 1 - 2022,19800.0,2.0371548787463363,1.7782800679308082,2.3713730200033902,0.000806,0.000630957,0.001,0.345,0.3,0.4,1.2,1.0,1.5,292000.0,801.0,26700.0,1.0,True,0.01,0.95,10.0,39600.0,0.938,0.139
4297,1 - 1 - 2022,19800.0,2.06881608655772,1.7782800679308082,2.3713730200033902,0.000804,0.000630957,0.001,0.35,0.3,0.4,1.7,1.5,2.0,92800.0,452.0,486.0,1.0,True,0.01,0.95,10.0,39600.0,0.938,0.139
4298,1 - 1 - 2022,19800.0,2.0615528128088303,1.7782800679308082,2.3713730200033902,0.000795,0.000630957,0.001,0.344,0.3,0.4,2.54,2.0,4.0,18700.0,102.0,608.0,1.0,True,0.01,0.95,10.0,39600.0,0.938,0.139
4299,1 - 1 - 2022,19800.0,2.0248456731316584,1.7782800679308082,2.3713730200033902,0.000808,0.000630957,0.001,0.439,0.4,0.5,0.0314,0.0,0.05,238000.0,2290.0,24300.0,1.0,True,0.01,0.95,10.0,39600.0,0.938,0.139
4300,1 - 1 - 2022,19800.0,2.0174241001832014,1.7782800679308082,2.3713730200033902,0.000799,0.000630957,0.001,0.444,0.4,0.5,0.0766,0.05,0.1,724000.0,3990.0,97200.0,1.0,True,0.01,0.95,10.0,39600.0,0.938,0.139
4301,1 - 1 - 2022,19800.0,2.0174241001832014,1.7782800679308082,2.3713730200033902,0.0008,0.000630957,0.001,0.445,0.4,0.5,0.152,0.1,0.2,1250000.0,3710.0,134000.0,1.0,True,0.01,0.95,10.0,39600.0,0.938,0.139
4302,1 - 1 - 2022,19800.0,2.0420577856662137,1.7782800679308082,2.3713730200033902,0.000807,0.000630957,0.001,0.445,0.4,0.5,0.251,0.2,0.3,1550000.0,4130.0,122000.0,1.0,True,0.01,0.95,10.0,39600.0,0.938,0.139
4303,1 - 1 - 2022,19800.0,2.039607805437114,1.7782800679308082,2.3713730200033902,0.00081,0.000630957,0.001,0.446,0.4,0.5,0.349,0.3,0.4,1570000.0,4160.0,92400.0,1.0,True,0.01,0.95,10.0,39600.0,0.938,0.139
4304,1 - 1 - 2022,19800.0,2.0371548787463363,1.7782800679308082,2.3713730200033902,0.000805,0.000630957,0.001,0.444,0.4,0.5,0.449,0.4,0.5,1550000.0,4130.0,105000.0,1.0,True,0.01,0.95,10.0,39600.0,0.938,0.139
4305,1 - 1 - 2022,19800.0,2.0445048300260873,1.7782800679308082,2.3713730200033902,0.0008,0.000630957,0.001,0.443,0.4,0.5,0.548,0.5,0.6,1320000.0,3810.0,72900.0,1.0,True,0.01,0.95,10.0,39600.0,0.938,0.139
4306,1 - 1 - 2022,19800.0,2.046948949045872,1.7782800679308082,2.3713730200033902,0.000804,0.000630957,0.001,0.445,0.4,0.5,0.648,0.6,0.7,1150000.0,3570.0,94800.0,1.0,True,0.01,0.95,10.0,39600.0,0.938,0.139
4307,1 - 1 - 2022,19800.0,2.0542638584174138,1.7782800679308082,2.3713730200033902,0.0008,0.000630957,0.001,0.445,0.4,0.5,0.747,0.7,0.8,749000.0,2870.0,48600.0,1.0,True,0.01,0.95,10.0,39600.0,0.938,0.139
4308,1 - 1 - 2022,19800.0,2.0518284528683193,1.7782800679308082,2.3713730200033902,0.000798,0.000630957,0.001,0.446,0.4,0.5,0.846,0.8,0.9,625000.0,2620.0,34000.0,1.0,True,0.01,0.95,10.0,39600.0,0.938,0.139
4309,1 - 1 - 2022,19800.0,2.0566963801203135,1.7782800679308082,2.3713730200033902,0.000789,0.000630957,0.001,0.443,0.4,0.5,0.948,0.9,1.0,471000.0,2280.0,7290.0,1.0,True,0.01,0.95,10.0,39600.0,0.938,0.139
4310,1 - 1 - 2022,19800.0,2.0518284528683193,1.7782800679308082,2.3713730200033902,0.00081,0.000630957,0.001,0.447,0.4,0.5,1.19,1.0,1.5,187000.0,641.0,3890.0,1.0,True,0.01,0.95,10.0,39600.0,0.938,0.139
4311,1 - 1 - 2022,19800.0,2.06881608655772,1.7782800679308082,2.3713730200033902,0.000802,0.000630957,0.001,0.442,0.4,0.5,1.7,1.5,2.0,53000.0,342.0,0.0,1.0,True,0.01,0.95,10.0,39600.0,0.938,0.139
4312,1 - 1 - 2022,19800.0,2.073644135332772,1.7782800679308082,2.3713730200033902,0.000803,0.000630957,0.001,0.445,0.4,0.5,2.54,2.0,4.0,8510.0,68.4,486.0,1.0,True,0.01,0.95,10.0,39600.0,0.938,0.139
4313,1 - 1 - 2022,19800.0,2.071231517720798,1.7782800679308082,2.3713730200033902,0.000845,0.000630957,0.001,0.548,0.5,0.6,0.0359,0.0,0.05,97200.0,1460.0,0.0,1.0,True,0.01,0.95,10.0,39600.0,0.938,0.139
4314,1 - 1 - 2022,19800.0,2.0024984394500787,1.7782800679308082,2.3713730200033902,0.000829,0.000630957,0.001,0.545,0.5,0.6,0.0786,0.05,0.1,292000.0,2530.0,0.0,1.0,True,0.01,0.95,10.0,39600.0,0.938,0.139
4315,1 - 1 - 2022,19800.0,2.039607805437114,1.7782800679308082,2.3713730200033902,0.000806,0.000630957,0.001,0.547,0.5,0.6,0.154,0.1,0.2,617000.0,2610.0,0.0,1.0,True,0.01,0.95,10.0,39600.0,0.938,0.139
4316,1 - 1 - 2022,19800.0,2.0174241001832014,1.7782800679308082,2.3713730200033902,0.000811,0.000630957,0.001,0.546,0.5,0.6,0.25,0.2,0.3,887000.0,3130.0,0.84,1.0,True,0.01,0.95,10.0,39600.0,0.938,0.139
4317,1 - 1 - 2022,19800.0,2.039607805437114,1.7782800679308082,2.3713730200033902,0.000801,0.000630957,0.001,0.547,0.5,0.6,0.351,0.3,0.4,890000.0,3130.0,4860.0,1.0,True,0.01,0.95,10.0,39600.0,0.938,0.139
4318,1 - 1 - 2022,19800.0,2.0518284528683193,1.7782800679308082,2.3713730200033902,0.000806,0.000630957,0.001,0.544,0.5,0.6,0.448,0.4,0.5,787000.0,2940.0,2430.0,1.0,True,0.01,0.95,10.0,39600.0,0.938,0.139
4319,1 - 1 - 2022,19800.0,2.046948949045872,1.7782800679308082,2.3713730200033902,0.000808,0.000630957,0.001,0.543,0.5,0.6,0.55,0.5,0.6,690000.0,2760.0,4860.0,1.0,True,0.01,0.95,10.0,39600.0,0.938,0.139
4320,1 - 1 - 2022,19800.0,2.0248456731316584,1.7782800679308082,2.3713730200033902,0.00081,0.000630957,0.001,0.547,0.5,0.6,0.646,0.6,0.7,603000.0,2580.0,2430.0,1.0,True,0.01,0.95,10.0,39600.0,0.938,0.139
4321,1 - 1 - 2022,19800.0,2.039607805437114,1.7782800679308082,2.3713730200033902,0.000818,0.000630957,0.001,0.546,0.5,0.6,0.746,0.7,0.8,467000.0,2270.0,7290.0,1.0,True,0.01,0.95,10.0,39600.0,0.938,0.139
4322,1 - 1 - 2022,19800.0,2.0591260281974,1.7782800679308082,2.3713730200033902,0.000799,0.000630957,0.001,0.547,0.5,0.6,0.847,0.8,0.9,314000.0,1860.0,7290.0,1.0,True,0.01,0.95,10.0,39600.0,0.938,0.139
4323,1 - 1 - 2022,19800.0,2.046948949045872,1.7782800679308082,2.3713730200033902,0.000807,0.000630957,0.001,0.54,0.5,0.6,0.948,0.9,1.0,221000.0,1560.0,2430.0,1.0,True,0.01,0.95,10.0,39600.0,0.938,0.139
4324,1 - 1 - 2022,19800.0,2.04939015319192,1.7782800679308082,2.3713730200033902,0.000795,0.000630957,0.001,0.546,0.5,0.6,1.18,1.0,1.5,117000.0,507.0,1460.0,1.0,True,0.01,0.95,10.0,39600.0,0.938,0.139
4325,1 - 1 - 2022,19800.0,2.0420577856662137,1.7782800679308082,2.3713730200033902,0.000815,0.000630957,0.001,0.546,0.5,0.6,1.74,1.5,2.0,24300.0,231.0,0.0,1.0,True,0.01,0.95,10.0,39600.0,0.938,0.139
4326,1 - 1 - 2022,19800.0,2.046948949045872,1.7782800679308082,2.3713730200033902,0.000804,0.000630957,0.001,0.546,0.5,0.6,2.56,2.0,4.0,5710.0,56.1,486.0,1.0,True,0.01,0.95,10.0,39600.0,0.938,0.139
4327,1 - 1 - 2022,19800.0,2.0566963801203135,1.7782800679308082,2.3713730200033902,0.000808,0.000630957,0.001,0.65,0.6,0.7,0.0387,0.0,0.05,24300.0,732.0,0.0,1.0,True,0.01,0.95,10.0,39600.0,0.938,0.139
4328,1 - 1 - 2022,19800.0,2.04939015319192,1.7782800679308082,2.3713730200033902,0.000833,0.000630957,0.001,0.639,0.6,0.7,0.0786,0.05,0.1,131000.0,1700.0,0.0,1.0,True,0.01,0.95,10.0,39600.0,0.938,0.139
4329,1 - 1 - 2022,19800.0,2.06881608655772,1.7782800679308082,2.3713730200033902,0.000804,0.000630957,0.001,0.637,0.6,0.7,0.153,0.1,0.2,253000.0,1670.0,0.0,1.0,True,0.01,0.95,10.0,39600.0,0.938,0.139
4330,1 - 1 - 2022,19800.0,2.0371548787463363,1.7782800679308082,2.3713730200033902,0.000807,0.000630957,0.001,0.641,0.6,0.7,0.253,0.2,0.3,401000.0,2100.0,4860.0,1.0,True,0.01,0.95,10.0,39600.0,0.938,0.139
4331,1 - 1 - 2022,19800.0,2.0199009876724157,1.7782800679308082,2.3713730200033902,0.000808,0.000630957,0.001,0.642,0.6,0.7,0.351,0.3,0.4,440000.0,2200.0,0.0,1.0,True,0.01,0.95,10.0,39600.0,0.938,0.139
4332,1 - 1 - 2022,19800.0,2.046948949045872,1.7782800679308082,2.3713730200033902,0.000786,0.000630957,0.001,0.644,0.6,0.7,0.449,0.4,0.5,469000.0,2270.0,4860.0,1.0,True,0.01,0.95,10.0,39600.0,0.938,0.139
4333,1 - 1 - 2022,19800.0,2.0346989949375804,1.7782800679308082,2.3713730200033902,0.000799,0.000630957,0.001,0.647,0.6,0.7,0.547,0.5,0.6,372000.0,2020.0,2430.0,1.0,True,0.01,0.95,10.0,39600.0,0.938,0.139
4334,1 - 1 - 2022,19800.0,2.0371548787463363,1.7782800679308082,2.3713730200033902,0.000802,0.000630957,0.001,0.643,0.6,0.7,0.649,0.6,0.7,352000.0,1970.0,7290.0,1.0,True,0.01,0.95,10.0,39600.0,0.938,0.139
4335,1 - 1 - 2022,19800.0,2.0639767440550294,1.7782800679308082,2.3713730200033902,0.000796,0.000630957,0.001,0.649,0.6,0.7,0.748,0.7,0.8,299000.0,1810.0,0.0,1.0,True,0.01,0.95,10.0,39600.0,0.938,0.139
4336,1 - 1 - 2022,19800.0,2.0199009876724157,1.7782800679308082,2.3713730200033902,0.000812,0.000630957,0.001,0.647,0.6,0.7,0.846,0.8,0.9,209000.0,1520.0,2430.0,1.0,True,0.01,0.95,10.0,39600.0,0.938,0.139
4337,1 - 1 - 2022,19800.0,2.046948949045872,1.7782800679308082,2.3713730200033902,0.000776,0.000630957,0.001,0.643,0.6,0.7,0.949,0.9,1.0,177000.0,1400.0,4860.0,1.0,True,0.01,0.95,10.0,39600.0,0.938,0.139
4338,1 - 1 - 2022,19800.0,2.029778313018444,1.7782800679308082,2.3713730200033902,0.000821,0.000630957,0.001,0.641,0.6,0.7,1.17,1.0,1.5,55900.0,351.0,2430.0,1.0,True,0.01,0.95,10.0,39600.0,0.938,0.139
4339,1 - 1 - 2022,19800.0,2.0615528128088303,1.7782800679308082,2.3713730200033902,0.000829,0.000630957,0.001,0.647,0.6,0.7,1.76,1.5,2.0,9720.0,146.0,486.0,1.0,True,0.01,0.95,10.0,39600.0,0.938,0.139
4340,1 - 1 - 2022,19800.0,2.073644135332772,1.7782800679308082,2.3713730200033902,0.000787,0.000630957,0.001,0.644,0.6,0.7,2.69,2.0,4.0,4250.0,48.4,1220.0,1.0,True,0.01,0.95,10.0,39600.0,0.938,0.139
4341,1 - 1 - 2022,19800.0,2.0760539492026693,1.7782800679308082,2.3713730200033902,0.000725,0.000630957,0.001,0.737,0.7,0.8,0.0203,0.0,0.05,24300.0,732.0,0.0,1.0,True,0.01,0.95,10.0,39600.0,0.938,0.139
4342,1 - 1 - 2022,19800.0,2.0322401432901573,1.7782800679308082,2.3713730200033902,0.000835,0.000630957,0.001,0.748,0.7,0.8,0.0771,0.05,0.1,68100.0,1220.0,9720.0,1.0,True,0.01,0.95,10.0,39600.0,0.938,0.139
4343,1 - 1 - 2022,19800.0,2.0273134932713295,1.7782800679308082,2.3713730200033902,0.000787,0.000630957,0.001,0.74,0.7,0.8,0.152,0.1,0.2,158000.0,1320.0,4860.0,1.0,True,0.01,0.95,10.0,39600.0,0.938,0.139
4344,1 - 1 - 2022,19800.0,2.0199009876724157,1.7782800679308082,2.3713730200033902,0.000796,0.000630957,0.001,0.739,0.7,0.8,0.255,0.2,0.3,190000.0,1440.0,7290.0,1.0,True,0.01,0.95,10.0,39600.0,0.938,0.139
4345,1 - 1 - 2022,19800.0,2.046948949045872,1.7782800679308082,2.3713730200033902,0.000797,0.000630957,0.001,0.744,0.7,0.8,0.349,0.3,0.4,248000.0,1650.0,19400.0,1.0,True,0.01,0.95,10.0,39600.0,0.938,0.139
4346,1 - 1 - 2022,19800.0,2.0149441679609885,1.7782800679308082,2.3713730200033902,0.000806,0.000630957,0.001,0.748,0.7,0.8,0.449,0.4,0.5,238000.0,1620.0,12100.0,1.0,True,0.01,0.95,10.0,39600.0,0.938,0.139
4347,1 - 1 - 2022,19800.0,1.9949937343260002,1.7782800679308082,2.3713730200033902,0.000811,0.000630957,0.001,0.756,0.7,0.8,0.552,0.5,0.6,173000.0,1380.0,12200.0,1.0,True,0.01,0.95,10.0,39600.0,0.938,0.139
4348,1 - 1 - 2022,19800.0,2.0760539492026693,1.7782800679308082,2.3713730200033902,0.00081,0.000630957,0.001,0.747,0.7,0.8,0.652,0.6,0.7,163000.0,1340.0,17000.0,1.0,True,0.01,0.95,10.0,39600.0,0.938,0.139
4349,1 - 1 - 2022,19800.0,2.078460969082653,1.7782800679308082,2.3713730200033902,0.00081,0.000630957,0.001,0.743,0.7,0.8,0.744,0.7,0.8,141000.0,1250.0,9720.0,1.0,True,0.01,0.95,10.0,39600.0,0.938,0.139
4350,1 - 1 - 2022,19800.0,2.0420577856662137,1.7782800679308082,2.3713730200033902,0.000805,0.000630957,0.001,0.75,0.7,0.8,0.849,0.8,0.9,109000.0,1100.0,2430.0,1.0,True,0.01,0.95,10.0,39600.0,0.938,0.139
4351,1 - 1 - 2022,19800.0,2.0322401432901573,1.7782800679308082,2.3713730200033902,0.000782,0.000630957,0.001,0.747,0.7,0.8,0.948,0.9,1.0,82600.0,954.0,2430.0,1.0,True,0.01,0.95,10.0,39600.0,0.938,0.139
4352,1 - 1 - 2022,19800.0,2.0663978319771825,1.7782800679308082,2.3713730200033902,0.000805,0.000630957,0.001,0.741,0.7,0.8,1.17,1.0,1.5,27200.0,245.0,2430.0,1.0,True,0.01,0.95,10.0,39600.0,0.938,0.139
4353,1 - 1 - 2022,19800.0,2.0371548787463363,1.7782800679308082,2.3713730200033902,0.000824,0.000630957,0.001,0.743,0.7,0.8,1.71,1.5,2.0,5350.0,108.0,0.0,1.0,True,0.01,0.95,10.0,39600.0,0.938,0.139
4354,1 - 1 - 2022,19800.0,2.073644135332772,1.7782800679308082,2.3713730200033902,0.000828,0.000630957,0.001,0.738,0.7,0.8,2.62,2.0,4.0,1460.0,28.3,486.0,1.0,True,0.01,0.95,10.0,39600.0,0.938,0.139
4355,1 - 1 - 2022,19800.0,2.08806130178211,1.7782800679308082,2.3713730200033902,0.000785,0.000630957,0.001,0.851,0.8,0.9,0.0325,0.0,0.05,14600.0,567.0,4860.0,1.0,True,0.01,0.95,10.0,39600.0,0.938,0.139
4356,1 - 1 - 2022,19800.0,2.0074859899884734,1.7782800679308082,2.3713730200033902,0.000732,0.000630957,0.001,0.854,0.8,0.9,0.0831,0.05,0.1,29200.0,801.0,9720.0,1.0,True,0.01,0.95,10.0,39600.0,0.938,0.139
4357,1 - 1 - 2022,19800.0,2.0273134932713295,1.7782800679308082,2.3713730200033902,0.000826,0.000630957,0.001,0.846,0.8,0.9,0.155,0.1,0.2,72900.0,896.0,7290.0,1.0,True,0.01,0.95,10.0,39600.0,0.938,0.139
4358,1 - 1 - 2022,19800.0,2.0273134932713295,1.7782800679308082,2.3713730200033902,0.000821,0.000630957,0.001,0.836,0.8,0.9,0.25,0.2,0.3,89900.0,995.0,14600.0,1.0,True,0.01,0.95,10.0,39600.0,0.938,0.139
4359,1 - 1 - 2022,19800.0,2.0445048300260873,1.7782800679308082,2.3713730200033902,0.000786,0.000630957,0.001,0.841,0.8,0.9,0.355,0.3,0.4,122000.0,1160.0,24300.0,1.0,True,0.01,0.95,10.0,39600.0,0.938,0.139
4360,1 - 1 - 2022,19800.0,2.0542638584174138,1.7782800679308082,2.3713730200033902,0.000829,0.000630957,0.001,0.84,0.8,0.9,0.444,0.4,0.5,143000.0,1260.0,9720.0,1.0,True,0.01,0.95,10.0,39600.0,0.938,0.139
4361,1 - 1 - 2022,19800.0,2.071231517720798,1.7782800679308082,2.3713730200033902,0.000793,0.000630957,0.001,0.838,0.8,0.9,0.551,0.5,0.6,87500.0,981.0,14600.0,1.0,True,0.01,0.95,10.0,39600.0,0.938,0.139
4362,1 - 1 - 2022,19800.0,2.0615528128088303,1.7782800679308082,2.3713730200033902,0.000811,0.000630957,0.001,0.846,0.8,0.9,0.644,0.6,0.7,94800.0,1020.0,19400.0,1.0,True,0.01,0.95,10.0,39600.0,0.938,0.139
4363,1 - 1 - 2022,19800.0,2.0273134932713295,1.7782800679308082,2.3713730200033902,0.000818,0.000630957,0.001,0.849,0.8,0.9,0.749,0.7,0.8,99600.0,1050.0,17000.0,1.0,True,0.01,0.95,10.0,39600.0,0.938,0.139
4364,1 - 1 - 2022,19800.0,2.071231517720798,1.7782800679308082,2.3713730200033902,0.000823,0.000630957,0.001,0.84,0.8,0.9,0.849,0.8,0.9,65600.0,850.0,14600.0,1.0,True,0.01,0.95,10.0,39600.0,0.938,0.139
4365,1 - 1 - 2022,19800.0,2.0566963801203135,1.7782800679308082,2.3713730200033902,0.000751,0.000630957,0.001,0.842,0.8,0.9,0.952,0.9,1.0,36500.0,634.0,7290.0,1.0,True,0.01,0.95,10.0,39600.0,0.938,0.139
4366,1 - 1 - 2022,19800.0,2.0445048300260873,1.7782800679308082,2.3713730200033902,0.000798,0.000630957,0.001,0.84,0.8,0.9,1.18,1.0,1.5,12600.0,167.0,3890.0,1.0,True,0.01,0.95,10.0,39600.0,0.938,0.139
4367,1 - 1 - 2022,19800.0,2.0420577856662137,1.7782800679308082,2.3713730200033902,0.000874,0.000630957,0.001,0.817,0.8,0.9,1.64,1.5,2.0,1460.0,56.7,0.0,1.0,True,0.01,0.95,10.0,39600.0,0.938,0.139
4368,1 - 1 - 2022,19800.0,2.0223748416156684,1.7782800679308082,2.3713730200033902,0.000884,0.000630957,0.001,0.943,0.9,1.0,0.0868,0.05,0.1,14600.0,567.0,4860.0,1.0,True,0.01,0.95,10.0,39600.0,0.938,0.139
4369,1 - 1 - 2022,19800.0,2.0760539492026693,1.7782800679308082,2.3713730200033902,0.000845,0.000630957,0.001,0.938,0.9,1.0,0.162,0.1,0.2,34000.0,612.0,7290.0,1.0,True,0.01,0.95,10.0,39600.0,0.938,0.139
4370,1 - 1 - 2022,19800.0,2.009975124224178,1.7782800679308082,2.3713730200033902,0.000773,0.000630957,0.001,0.932,0.9,1.0,0.251,0.2,0.3,38900.0,654.0,9720.0,1.0,True,0.01,0.95,10.0,39600.0,0.938,0.139
4371,1 - 1 - 2022,19800.0,2.004993765576342,1.7782800679308082,2.3713730200033902,0.000787,0.000630957,0.001,0.936,0.9,1.0,0.342,0.3,0.4,38900.0,654.0,9720.0,1.0,True,0.01,0.95,10.0,39600.0,0.938,0.139
4372,1 - 1 - 2022,19800.0,2.04939015319192,1.7782800679308082,2.3713730200033902,0.000788,0.000630957,0.001,0.935,0.9,1.0,0.446,0.4,0.5,55900.0,785.0,24300.0,1.0,True,0.01,0.95,10.0,39600.0,0.938,0.139
4373,1 - 1 - 2022,19800.0,1.98997487421324,1.7782800679308082,2.3713730200033902,0.000809,0.000630957,0.001,0.931,0.9,1.0,0.546,0.5,0.6,48600.0,732.0,9720.0,1.0,True,0.01,0.95,10.0,39600.0,0.938,0.139
4374,1 - 1 - 2022,19800.0,2.0591260281974,1.7782800679308082,2.3713730200033902,0.000813,0.000630957,0.001,0.935,0.9,1.0,0.649,0.6,0.7,31600.0,590.0,12200.0,1.0,True,0.01,0.95,10.0,39600.0,0.938,0.139
4375,1 - 1 - 2022,19800.0,2.1166010488516727,1.7782800679308082,2.3713730200033902,0.000788,0.000630957,0.001,0.929,0.9,1.0,0.742,0.7,0.8,38900.0,654.0,14600.0,1.0,True,0.01,0.95,10.0,39600.0,0.938,0.139
4376,1 - 1 - 2022,19800.0,2.0760539492026693,1.7782800679308082,2.3713730200033902,0.000857,0.000630957,0.001,0.925,0.9,1.0,0.861,0.8,0.9,7290.0,283.0,2430.0,1.0,True,0.01,0.95,10.0,39600.0,0.938,0.139
4377,1 - 1 - 2022,19800.0,2.1283796653792764,1.7782800679308082,2.3713730200033902,0.000824,0.000630957,0.001,0.928,0.9,1.0,1.17,1.0,1.5,2920.0,80.1,1460.0,1.0,True,0.01,0.95,10.0,39600.0,0.938,0.139
4378,1 - 1 - 2022,19800.0,2.0566963801203135,1.7782800679308082,2.3713730200033902,0.00126,0.001,0.00158489,0.0253,0.0,0.05,0.0793,0.05,0.1,12000000.0,18200.0,11800000.0,1.0,True,0.01,0.95,10.0,39600.0,0.938,0.139
4379,1 - 1 - 2022,19800.0,2.0566963801203135,1.7782800679308082,2.3713730200033902,0.00126,0.001,0.00158489,0.0207,0.0,0.05,0.155,0.1,0.2,29200000.0,20100.0,23400000.0,1.0,True,0.01,0.95,10.0,39600.0,0.938,0.139
4380,1 - 1 - 2022,19800.0,2.0518284528683193,1.7782800679308082,2.3713730200033902,0.00126,0.001,0.00158489,0.0193,0.0,0.05,0.251,0.2,0.3,42400000.0,24300.0,26500000.0,1.0,True,0.01,0.95,10.0,39600.0,0.938,0.139
4381,1 - 1 - 2022,19800.0,2.0566963801203135,1.7782800679308082,2.3713730200033902,0.00126,0.001,0.00158489,0.0185,0.0,0.05,0.349,0.3,0.4,43300000.0,24500.0,22500000.0,1.0,True,0.01,0.95,10.0,39600.0,0.938,0.139
4382,1 - 1 - 2022,19800.0,2.0566963801203135,1.7782800679308082,2.3713730200033902,0.00126,0.001,0.00158489,0.0185,0.0,0.05,0.448,0.4,0.5,38700000.0,23200.0,17100000.0,1.0,True,0.01,0.95,10.0,39600.0,0.938,0.139
4383,1 - 1 - 2022,19800.0,2.0518284528683193,1.7782800679308082,2.3713730200033902,0.00126,0.001,0.00158489,0.0187,0.0,0.05,0.547,0.5,0.6,29400000.0,20200.0,10800000.0,1.0,True,0.01,0.95,10.0,39600.0,0.938,0.139
4384,1 - 1 - 2022,19800.0,2.0542638584174138,1.7782800679308082,2.3713730200033902,0.00126,0.001,0.00158489,0.0194,0.0,0.05,0.646,0.6,0.7,21200000.0,17100.0,5960000.0,1.0,True,0.01,0.95,10.0,39600.0,0.938,0.139
4385,1 - 1 - 2022,19800.0,2.0566963801203135,1.7782800679308082,2.3713730200033902,0.00126,0.001,0.00158489,0.0195,0.0,0.05,0.747,0.7,0.8,13900000.0,13900.0,2930000.0,1.0,True,0.01,0.95,10.0,39600.0,0.938,0.139
4386,1 - 1 - 2022,19800.0,2.0518284528683193,1.7782800679308082,2.3713730200033902,0.00126,0.001,0.00158489,0.0202,0.0,0.05,0.845,0.8,0.9,8880000.0,11100.0,1360000.0,1.0,True,0.01,0.95,10.0,39600.0,0.938,0.139
4387,1 - 1 - 2022,19800.0,2.0591260281974,1.7782800679308082,2.3713730200033902,0.00126,0.001,0.00158489,0.0204,0.0,0.05,0.946,0.9,1.0,5590000.0,8810.0,773000.0,1.0,True,0.01,0.95,10.0,39600.0,0.938,0.139
4388,1 - 1 - 2022,19800.0,2.0542638584174138,1.7782800679308082,2.3713730200033902,0.00126,0.001,0.00158489,0.0228,0.0,0.05,1.16,1.0,1.5,1640000.0,2130.0,187000.0,1.0,True,0.01,0.95,10.0,39600.0,0.938,0.139
4389,1 - 1 - 2022,19800.0,2.0591260281974,1.7782800679308082,2.3713730200033902,0.00127,0.001,0.00158489,0.0281,0.0,0.05,1.68,1.5,2.0,193000.0,732.0,14100.0,1.0,True,0.01,0.95,10.0,39600.0,0.938,0.139
4390,1 - 1 - 2022,19800.0,2.0615528128088303,1.7782800679308082,2.3713730200033902,0.00124,0.001,0.00158489,0.0315,0.0,0.05,2.35,2.0,4.0,15300.0,103.0,767.0,1.0,True,0.01,0.95,10.0,39600.0,0.938,0.139
4391,1 - 1 - 2022,19800.0,2.046948949045872,1.7782800679308082,2.3713730200033902,0.00126,0.001,0.00158489,0.0728,0.05,0.1,0.153,0.1,0.2,11100000.0,12400.0,11000000.0,1.0,True,0.01,0.95,10.0,39600.0,0.938,0.139
4392,1 - 1 - 2022,19800.0,2.0445048300260873,1.7782800679308082,2.3713730200033902,0.00127,0.001,0.00158489,0.0724,0.05,0.1,0.25,0.2,0.3,14700000.0,14300.0,13400000.0,1.0,True,0.01,0.95,10.0,39600.0,0.938,0.139
4393,1 - 1 - 2022,19800.0,2.0445048300260873,1.7782800679308082,2.3713730200033902,0.00127,0.001,0.00158489,0.0726,0.05,0.1,0.349,0.3,0.4,14600000.0,14300.0,10200000.0,1.0,True,0.01,0.95,10.0,39600.0,0.938,0.139
4394,1 - 1 - 2022,19800.0,2.0420577856662137,1.7782800679308082,2.3713730200033902,0.00127,0.001,0.00158489,0.0723,0.05,0.1,0.448,0.4,0.5,12600000.0,13300.0,7460000.0,1.0,True,0.01,0.95,10.0,39600.0,0.938,0.139
4395,1 - 1 - 2022,19800.0,2.046948949045872,1.7782800679308082,2.3713730200033902,0.00127,0.001,0.00158489,0.0726,0.05,0.1,0.547,0.5,0.6,10200000.0,11900.0,5310000.0,1.0,True,0.01,0.95,10.0,39600.0,0.938,0.139
4396,1 - 1 - 2022,19800.0,2.0518284528683193,1.7782800679308082,2.3713730200033902,0.00126,0.001,0.00158489,0.0724,0.05,0.1,0.648,0.6,0.7,7530000.0,10200.0,3180000.0,1.0,True,0.01,0.95,10.0,39600.0,0.938,0.139
4397,1 - 1 - 2022,19800.0,2.046948949045872,1.7782800679308082,2.3713730200033902,0.00126,0.001,0.00158489,0.0727,0.05,0.1,0.747,0.7,0.8,5230000.0,8520.0,1860000.0,1.0,True,0.01,0.95,10.0,39600.0,0.938,0.139
4398,1 - 1 - 2022,19800.0,2.0518284528683193,1.7782800679308082,2.3713730200033902,0.00127,0.001,0.00158489,0.0723,0.05,0.1,0.848,0.8,0.9,3600000.0,7070.0,1000000.0,1.0,True,0.01,0.95,10.0,39600.0,0.938,0.139
4399,1 - 1 - 2022,19800.0,2.0566963801203135,1.7782800679308082,2.3713730200033902,0.00126,0.001,0.00158489,0.0738,0.05,0.1,0.947,0.9,1.0,2590000.0,6000.0,264000.0,1.0,True,0.01,0.95,10.0,39600.0,0.938,0.139
4400,1 - 1 - 2022,19800.0,2.0566963801203135,1.7782800679308082,2.3713730200033902,0.00126,0.001,0.00158489,0.0731,0.05,0.1,1.18,1.0,1.5,842000.0,1530.0,19000.0,1.0,True,0.01,0.95,10.0,39600.0,0.938,0.139
4401,1 - 1 - 2022,19800.0,2.0518284528683193,1.7782800679308082,2.3713730200033902,0.00128,0.001,0.00158489,0.0746,0.05,0.1,1.69,1.5,2.0,194000.0,734.0,0.0,1.0,True,0.01,0.95,10.0,39600.0,0.938,0.139
4402,1 - 1 - 2022,19800.0,2.1023796041628637,1.7782800679308082,2.3713730200033902,0.00127,0.001,0.00158489,0.0732,0.05,0.1,2.47,2.0,4.0,22100.0,124.0,0.0,1.0,True,0.01,0.95,10.0,39600.0,0.938,0.139
4403,1 - 1 - 2022,19800.0,2.039607805437114,1.7782800679308082,2.3713730200033902,0.00125,0.001,0.00158489,0.123,0.1,0.15,0.0333,0.0,0.05,1710000.0,6880.0,1660000.0,1.0,True,0.01,0.95,10.0,39600.0,0.938,0.139
4404,1 - 1 - 2022,19800.0,2.0518284528683193,1.7782800679308082,2.3713730200033902,0.00126,0.001,0.00158489,0.124,0.1,0.15,0.0781,0.05,0.1,4210000.0,10800.0,4040000.0,1.0,True,0.01,0.95,10.0,39600.0,0.938,0.139
4405,1 - 1 - 2022,19800.0,2.0542638584174138,1.7782800679308082,2.3713730200033902,0.00127,0.001,0.00158489,0.123,0.1,0.15,0.154,0.1,0.2,6950000.0,9830.0,6610000.0,1.0,True,0.01,0.95,10.0,39600.0,0.938,0.139
4406,1 - 1 - 2022,19800.0,2.046948949045872,1.7782800679308082,2.3713730200033902,0.00127,0.001,0.00158489,0.123,0.1,0.15,0.251,0.2,0.3,9030000.0,11200.0,7780000.0,1.0,True,0.01,0.95,10.0,39600.0,0.938,0.139
4407,1 - 1 - 2022,19800.0,2.04939015319192,1.7782800679308082,2.3713730200033902,0.00127,0.001,0.00158489,0.123,0.1,0.15,0.349,0.3,0.4,9010000.0,11200.0,5500000.0,1.0,True,0.01,0.95,10.0,39600.0,0.938,0.139
4408,1 - 1 - 2022,19800.0,2.046948949045872,1.7782800679308082,2.3713730200033902,0.00127,0.001,0.00158489,0.123,0.1,0.15,0.448,0.4,0.5,8000000.0,10500.0,4410000.0,1.0,True,0.01,0.95,10.0,39600.0,0.938,0.139
4409,1 - 1 - 2022,19800.0,2.0445048300260873,1.7782800679308082,2.3713730200033902,0.00127,0.001,0.00158489,0.124,0.1,0.15,0.548,0.5,0.6,6360000.0,9400.0,3340000.0,1.0,True,0.01,0.95,10.0,39600.0,0.938,0.139
4410,1 - 1 - 2022,19800.0,2.0445048300260873,1.7782800679308082,2.3713730200033902,0.00127,0.001,0.00158489,0.124,0.1,0.15,0.648,0.6,0.7,4830000.0,8190.0,1370000.0,1.0,True,0.01,0.95,10.0,39600.0,0.938,0.139
4411,1 - 1 - 2022,19800.0,2.046948949045872,1.7782800679308082,2.3713730200033902,0.00127,0.001,0.00158489,0.124,0.1,0.15,0.749,0.7,0.8,3430000.0,6900.0,512000.0,1.0,True,0.01,0.95,10.0,39600.0,0.938,0.139
4412,1 - 1 - 2022,19800.0,2.0542638584174138,1.7782800679308082,2.3713730200033902,0.00127,0.001,0.00158489,0.123,0.1,0.15,0.847,0.8,0.9,2520000.0,5910.0,380000.0,1.0,True,0.01,0.95,10.0,39600.0,0.938,0.139
4413,1 - 1 - 2022,19800.0,2.0542638584174138,1.7782800679308082,2.3713730200033902,0.00126,0.001,0.00158489,0.123,0.1,0.15,0.949,0.9,1.0,1610000.0,4730.0,202000.0,1.0,True,0.01,0.95,10.0,39600.0,0.938,0.139
4414,1 - 1 - 2022,19800.0,2.04939015319192,1.7782800679308082,2.3713730200033902,0.00126,0.001,0.00158489,0.125,0.1,0.15,1.18,1.0,1.5,624000.0,1320.0,7360.0,1.0,True,0.01,0.95,10.0,39600.0,0.938,0.139
4415,1 - 1 - 2022,19800.0,2.0663978319771825,1.7782800679308082,2.3713730200033902,0.00125,0.001,0.00158489,0.125,0.1,0.15,1.71,1.5,2.0,125000.0,590.0,0.0,1.0,True,0.01,0.95,10.0,39600.0,0.938,0.139
4416,1 - 1 - 2022,19800.0,2.0542638584174138,1.7782800679308082,2.3713730200033902,0.00124,0.001,0.00158489,0.124,0.1,0.15,2.49,2.0,4.0,17500.0,110.0,153.0,1.0,True,0.01,0.95,10.0,39600.0,0.938,0.139
4417,1 - 1 - 2022,19800.0,2.0760539492026693,1.7782800679308082,2.3713730200033902,0.00127,0.001,0.00158489,0.173,0.15,0.2,0.0327,0.0,0.05,951000.0,5140.0,724000.0,1.0,True,0.01,0.95,10.0,39600.0,0.938,0.139
4418,1 - 1 - 2022,19800.0,2.0566963801203135,1.7782800679308082,2.3713730200033902,0.00126,0.001,0.00158489,0.174,0.15,0.2,0.0774,0.05,0.1,2960000.0,9070.0,2090000.0,1.0,True,0.01,0.95,10.0,39600.0,0.938,0.139
4419,1 - 1 - 2022,19800.0,2.04939015319192,1.7782800679308082,2.3713730200033902,0.00127,0.001,0.00158489,0.173,0.15,0.2,0.154,0.1,0.2,4950000.0,8290.0,3400000.0,1.0,True,0.01,0.95,10.0,39600.0,0.938,0.139
4420,1 - 1 - 2022,19800.0,2.0518284528683193,1.7782800679308082,2.3713730200033902,0.00127,0.001,0.00158489,0.173,0.15,0.2,0.251,0.2,0.3,6340000.0,9390.0,3740000.0,1.0,True,0.01,0.95,10.0,39600.0,0.938,0.139
4421,1 - 1 - 2022,19800.0,2.039607805437114,1.7782800679308082,2.3713730200033902,0.00127,0.001,0.00158489,0.174,0.15,0.2,0.349,0.3,0.4,6330000.0,9380.0,3360000.0,1.0,True,0.01,0.95,10.0,39600.0,0.938,0.139
4422,1 - 1 - 2022,19800.0,2.046948949045872,1.7782800679308082,2.3713730200033902,0.00127,0.001,0.00158489,0.173,0.15,0.2,0.448,0.4,0.5,5630000.0,8850.0,3360000.0,1.0,True,0.01,0.95,10.0,39600.0,0.938,0.139
4423,1 - 1 - 2022,19800.0,2.046948949045872,1.7782800679308082,2.3713730200033902,0.00128,0.001,0.00158489,0.174,0.15,0.2,0.547,0.5,0.6,4270000.0,7700.0,1840000.0,1.0,True,0.01,0.95,10.0,39600.0,0.938,0.139
4424,1 - 1 - 2022,19800.0,2.0518284528683193,1.7782800679308082,2.3713730200033902,0.00126,0.001,0.00158489,0.173,0.15,0.2,0.649,0.6,0.7,3560000.0,7030.0,1040000.0,1.0,True,0.01,0.95,10.0,39600.0,0.938,0.139
4425,1 - 1 - 2022,19800.0,2.04939015319192,1.7782800679308082,2.3713730200033902,0.00127,0.001,0.00158489,0.174,0.15,0.2,0.748,0.7,0.8,2630000.0,6050.0,481000.0,1.0,True,0.01,0.95,10.0,39600.0,0.938,0.139
4426,1 - 1 - 2022,19800.0,2.046948949045872,1.7782800679308082,2.3713730200033902,0.00126,0.001,0.00158489,0.174,0.15,0.2,0.845,0.8,0.9,1770000.0,4950.0,248000.0,1.0,True,0.01,0.95,10.0,39600.0,0.938,0.139
4427,1 - 1 - 2022,19800.0,2.0518284528683193,1.7782800679308082,2.3713730200033902,0.00125,0.001,0.00158489,0.173,0.15,0.2,0.946,0.9,1.0,1200000.0,4080.0,156000.0,1.0,True,0.01,0.95,10.0,39600.0,0.938,0.139
4428,1 - 1 - 2022,19800.0,2.04939015319192,1.7782800679308082,2.3713730200033902,0.00126,0.001,0.00158489,0.174,0.15,0.2,1.19,1.0,1.5,518000.0,1200.0,18400.0,1.0,True,0.01,0.95,10.0,39600.0,0.938,0.139
4429,1 - 1 - 2022,19800.0,2.0566963801203135,1.7782800679308082,2.3713730200033902,0.00126,0.001,0.00158489,0.174,0.15,0.2,1.71,1.5,2.0,128000.0,597.0,0.0,1.0,True,0.01,0.95,10.0,39600.0,0.938,0.139
4430,1 - 1 - 2022,19800.0,2.0346989949375804,1.7782800679308082,2.3713730200033902,0.00127,0.001,0.00158489,0.176,0.15,0.2,2.5,2.0,4.0,16600.0,107.0,460.0,1.0,True,0.01,0.95,10.0,39600.0,0.938,0.139
4431,1 - 1 - 2022,19800.0,2.0371548787463363,1.7782800679308082,2.3713730200033902,0.00127,0.001,0.00158489,0.225,0.2,0.25,0.0337,0.0,0.05,509000.0,3760.0,331000.0,1.0,True,0.01,0.95,10.0,39600.0,0.938,0.139
4432,1 - 1 - 2022,19800.0,2.0542638584174138,1.7782800679308082,2.3713730200033902,0.00125,0.001,0.00158489,0.222,0.2,0.25,0.0769,0.05,0.1,1690000.0,6850.0,1180000.0,1.0,True,0.01,0.95,10.0,39600.0,0.938,0.139
4433,1 - 1 - 2022,19800.0,2.046948949045872,1.7782800679308082,2.3713730200033902,0.00127,0.001,0.00158489,0.223,0.2,0.25,0.153,0.1,0.2,3120000.0,6590.0,1890000.0,1.0,True,0.01,0.95,10.0,39600.0,0.938,0.139
4434,1 - 1 - 2022,19800.0,2.04939015319192,1.7782800679308082,2.3713730200033902,0.00128,0.001,0.00158489,0.224,0.2,0.25,0.25,0.2,0.3,4360000.0,7780.0,2540000.0,1.0,True,0.01,0.95,10.0,39600.0,0.938,0.139
4435,1 - 1 - 2022,19800.0,2.046948949045872,1.7782800679308082,2.3713730200033902,0.00127,0.001,0.00158489,0.224,0.2,0.25,0.35,0.3,0.4,4350000.0,7780.0,2450000.0,1.0,True,0.01,0.95,10.0,39600.0,0.938,0.139
4436,1 - 1 - 2022,19800.0,2.0445048300260873,1.7782800679308082,2.3713730200033902,0.00126,0.001,0.00158489,0.224,0.2,0.25,0.448,0.4,0.5,3880000.0,7340.0,1920000.0,1.0,True,0.01,0.95,10.0,39600.0,0.938,0.139
4437,1 - 1 - 2022,19800.0,2.0542638584174138,1.7782800679308082,2.3713730200033902,0.00127,0.001,0.00158489,0.224,0.2,0.25,0.549,0.5,0.6,3280000.0,6760.0,1360000.0,1.0,True,0.01,0.95,10.0,39600.0,0.938,0.139
4438,1 - 1 - 2022,19800.0,2.04939015319192,1.7782800679308082,2.3713730200033902,0.00126,0.001,0.00158489,0.223,0.2,0.25,0.649,0.6,0.7,2420000.0,5800.0,745000.0,1.0,True,0.01,0.95,10.0,39600.0,0.938,0.139
4439,1 - 1 - 2022,19800.0,2.04939015319192,1.7782800679308082,2.3713730200033902,0.00127,0.001,0.00158489,0.225,0.2,0.25,0.749,0.7,0.8,1920000.0,5160.0,417000.0,1.0,True,0.01,0.95,10.0,39600.0,0.938,0.139
4440,1 - 1 - 2022,19800.0,2.0420577856662137,1.7782800679308082,2.3713730200033902,0.00127,0.001,0.00158489,0.224,0.2,0.25,0.847,0.8,0.9,1390000.0,4390.0,251000.0,1.0,True,0.01,0.95,10.0,39600.0,0.938,0.139
4441,1 - 1 - 2022,19800.0,2.0420577856662137,1.7782800679308082,2.3713730200033902,0.00125,0.001,0.00158489,0.224,0.2,0.25,0.947,0.9,1.0,868000.0,3470.0,135000.0,1.0,True,0.01,0.95,10.0,39600.0,0.938,0.139
4442,1 - 1 - 2022,19800.0,2.0445048300260873,1.7782800679308082,2.3713730200033902,0.00127,0.001,0.00158489,0.224,0.2,0.25,1.19,1.0,1.5,367000.0,1010.0,19000.0,1.0,True,0.01,0.95,10.0,39600.0,0.938,0.139
4443,1 - 1 - 2022,19800.0,2.0566963801203135,1.7782800679308082,2.3713730200033902,0.00128,0.001,0.00158489,0.223,0.2,0.25,1.72,1.5,2.0,90200.0,501.0,0.0,1.0,True,0.01,0.95,10.0,39600.0,0.938,0.139
4444,1 - 1 - 2022,19800.0,2.0542638584174138,1.7782800679308082,2.3713730200033902,0.00127,0.001,0.00158489,0.223,0.2,0.25,2.58,2.0,4.0,13600.0,97.4,1840.0,1.0,True,0.01,0.95,10.0,39600.0,0.938,0.139
4445,1 - 1 - 2022,19800.0,2.039607805437114,1.7782800679308082,2.3713730200033902,0.00128,0.001,0.00158489,0.273,0.25,0.3,0.0339,0.0,0.05,356000.0,3140.0,258000.0,1.0,True,0.01,0.95,10.0,39600.0,0.938,0.139
4446,1 - 1 - 2022,19800.0,2.0566963801203135,1.7782800679308082,2.3713730200033902,0.00125,0.001,0.00158489,0.273,0.25,0.3,0.0771,0.05,0.1,1090000.0,5490.0,810000.0,1.0,True,0.01,0.95,10.0,39600.0,0.938,0.139
4447,1 - 1 - 2022,19800.0,2.04939015319192,1.7782800679308082,2.3713730200033902,0.00128,0.001,0.00158489,0.272,0.25,0.3,0.154,0.1,0.2,1960000.0,5220.0,1320000.0,1.0,True,0.01,0.95,10.0,39600.0,0.938,0.139
4448,1 - 1 - 2022,19800.0,2.0420577856662137,1.7782800679308082,2.3713730200033902,0.00126,0.001,0.00158489,0.274,0.25,0.3,0.251,0.2,0.3,2870000.0,6320.0,1780000.0,1.0,True,0.01,0.95,10.0,39600.0,0.938,0.139
4449,1 - 1 - 2022,19800.0,2.0420577856662137,1.7782800679308082,2.3713730200033902,0.00126,0.001,0.00158489,0.274,0.25,0.3,0.348,0.3,0.4,3290000.0,6760.0,1690000.0,1.0,True,0.01,0.95,10.0,39600.0,0.938,0.139
4450,1 - 1 - 2022,19800.0,2.0445048300260873,1.7782800679308082,2.3713730200033902,0.00128,0.001,0.00158489,0.273,0.25,0.3,0.449,0.4,0.5,2650000.0,6070.0,1240000.0,1.0,True,0.01,0.95,10.0,39600.0,0.938,0.139
4451,1 - 1 - 2022,19800.0,2.039607805437114,1.7782800679308082,2.3713730200033902,0.00126,0.001,0.00158489,0.275,0.25,0.3,0.549,0.5,0.6,2380000.0,5750.0,991000.0,1.0,True,0.01,0.95,10.0,39600.0,0.938,0.139
4452,1 - 1 - 2022,19800.0,2.0445048300260873,1.7782800679308082,2.3713730200033902,0.00128,0.001,0.00158489,0.274,0.25,0.3,0.647,0.6,0.7,1790000.0,4990.0,601000.0,1.0,True,0.01,0.95,10.0,39600.0,0.938,0.139
4453,1 - 1 - 2022,19800.0,2.0542638584174138,1.7782800679308082,2.3713730200033902,0.00126,0.001,0.00158489,0.273,0.25,0.3,0.748,0.7,0.8,1500000.0,4570.0,445000.0,1.0,True,0.01,0.95,10.0,39600.0,0.938,0.139
4454,1 - 1 - 2022,19800.0,2.073644135332772,1.7782800679308082,2.3713730200033902,0.00128,0.001,0.00158489,0.273,0.25,0.3,0.845,0.8,0.9,935000.0,3610.0,282000.0,1.0,True,0.01,0.95,10.0,39600.0,0.938,0.139
4455,1 - 1 - 2022,19800.0,2.0322401432901573,1.7782800679308082,2.3713730200033902,0.00128,0.001,0.00158489,0.274,0.25,0.3,0.947,0.9,1.0,776000.0,3280.0,163000.0,1.0,True,0.01,0.95,10.0,39600.0,0.938,0.139
4456,1 - 1 - 2022,19800.0,2.0371548787463363,1.7782800679308082,2.3713730200033902,0.00126,0.001,0.00158489,0.273,0.25,0.3,1.2,1.0,1.5,264000.0,856.0,19000.0,1.0,True,0.01,0.95,10.0,39600.0,0.938,0.139
4457,1 - 1 - 2022,19800.0,2.046948949045872,1.7782800679308082,2.3713730200033902,0.00126,0.001,0.00158489,0.274,0.25,0.3,1.7,1.5,2.0,92000.0,506.0,0.0,1.0,True,0.01,0.95,10.0,39600.0,0.938,0.139
4458,1 - 1 - 2022,19800.0,2.0591260281974,1.7782800679308082,2.3713730200033902,0.00125,0.001,0.00158489,0.277,0.25,0.3,2.51,2.0,4.0,11200.0,88.2,920.0,1.0,True,0.01,0.95,10.0,39600.0,0.938,0.139
4459,1 - 1 - 2022,19800.0,2.0639767440550294,1.7782800679308082,2.3713730200033902,0.00129,0.001,0.00158489,0.349,0.3,0.4,0.0344,0.0,0.05,248000.0,1860.0,187000.0,1.0,True,0.01,0.95,10.0,39600.0,0.938,0.139
4460,1 - 1 - 2022,19800.0,2.0346989949375804,1.7782800679308082,2.3713730200033902,0.00127,0.001,0.00158489,0.343,0.3,0.4,0.0776,0.05,0.1,669000.0,3050.0,460000.0,1.0,True,0.01,0.95,10.0,39600.0,0.938,0.139
4461,1 - 1 - 2022,19800.0,2.0518284528683193,1.7782800679308082,2.3713730200033902,0.00128,0.001,0.00158489,0.346,0.3,0.4,0.153,0.1,0.2,1240000.0,2940.0,804000.0,1.0,True,0.01,0.95,10.0,39600.0,0.938,0.139
4462,1 - 1 - 2022,19800.0,2.0445048300260873,1.7782800679308082,2.3713730200033902,0.00127,0.001,0.00158489,0.345,0.3,0.4,0.251,0.2,0.3,1710000.0,3450.0,972000.0,1.0,True,0.01,0.95,10.0,39600.0,0.938,0.139
4463,1 - 1 - 2022,19800.0,2.0542638584174138,1.7782800679308082,2.3713730200033902,0.00127,0.001,0.00158489,0.345,0.3,0.4,0.35,0.3,0.4,1840000.0,3580.0,900000.0,1.0,True,0.01,0.95,10.0,39600.0,0.938,0.139
4464,1 - 1 - 2022,19800.0,2.0518284528683193,1.7782800679308082,2.3713730200033902,0.00126,0.001,0.00158489,0.345,0.3,0.4,0.45,0.4,0.5,1880000.0,3620.0,938000.0,1.0,True,0.01,0.95,10.0,39600.0,0.938,0.139
4465,1 - 1 - 2022,19800.0,2.0445048300260873,1.7782800679308082,2.3713730200033902,0.00127,0.001,0.00158489,0.346,0.3,0.4,0.549,0.5,0.6,1590000.0,3320.0,644000.0,1.0,True,0.01,0.95,10.0,39600.0,0.938,0.139
4466,1 - 1 - 2022,19800.0,2.0420577856662137,1.7782800679308082,2.3713730200033902,0.00127,0.001,0.00158489,0.345,0.3,0.4,0.65,0.6,0.7,1170000.0,2850.0,411000.0,1.0,True,0.01,0.95,10.0,39600.0,0.938,0.139
4467,1 - 1 - 2022,19800.0,2.0615528128088303,1.7782800679308082,2.3713730200033902,0.00128,0.001,0.00158489,0.342,0.3,0.4,0.748,0.7,0.8,965000.0,2590.0,314000.0,1.0,True,0.01,0.95,10.0,39600.0,0.938,0.139
4468,1 - 1 - 2022,19800.0,2.0445048300260873,1.7782800679308082,2.3713730200033902,0.00126,0.001,0.00158489,0.346,0.3,0.4,0.846,0.8,0.9,698000.0,2200.0,213000.0,1.0,True,0.01,0.95,10.0,39600.0,0.938,0.139
4469,1 - 1 - 2022,19800.0,2.0420577856662137,1.7782800679308082,2.3713730200033902,0.00127,0.001,0.00158489,0.346,0.3,0.4,0.946,0.9,1.0,488000.0,1840.0,135000.0,1.0,True,0.01,0.95,10.0,39600.0,0.938,0.139
4470,1 - 1 - 2022,19800.0,2.04939015319192,1.7782800679308082,2.3713730200033902,0.00127,0.001,0.00158489,0.345,0.3,0.4,1.2,1.0,1.5,184000.0,505.0,25100.0,1.0,True,0.01,0.95,10.0,39600.0,0.938,0.139
4471,1 - 1 - 2022,19800.0,2.0760539492026693,1.7782800679308082,2.3713730200033902,0.00126,0.001,0.00158489,0.345,0.3,0.4,1.69,1.5,2.0,51800.0,268.0,920.0,1.0,True,0.01,0.95,10.0,39600.0,0.938,0.139
4472,1 - 1 - 2022,19800.0,2.0542638584174138,1.7782800679308082,2.3713730200033902,0.00128,0.001,0.00158489,0.346,0.3,0.4,2.62,2.0,4.0,9510.0,57.5,1150.0,1.0,True,0.01,0.95,10.0,39600.0,0.938,0.139
4473,1 - 1 - 2022,19800.0,2.0542638584174138,1.7782800679308082,2.3713730200033902,0.00126,0.001,0.00158489,0.443,0.4,0.5,0.0343,0.0,0.05,163000.0,1500.0,82800.0,1.0,True,0.01,0.95,10.0,39600.0,0.938,0.139
4474,1 - 1 - 2022,19800.0,2.04939015319192,1.7782800679308082,2.3713730200033902,0.00126,0.001,0.00158489,0.446,0.4,0.5,0.0769,0.05,0.1,478000.0,2580.0,251000.0,1.0,True,0.01,0.95,10.0,39600.0,0.938,0.139
4475,1 - 1 - 2022,19800.0,2.0371548787463363,1.7782800679308082,2.3713730200033902,0.00125,0.001,0.00158489,0.444,0.4,0.5,0.153,0.1,0.2,837000.0,2410.0,362000.0,1.0,True,0.01,0.95,10.0,39600.0,0.938,0.139
4476,1 - 1 - 2022,19800.0,2.0371548787463363,1.7782800679308082,2.3713730200033902,0.00127,0.001,0.00158489,0.446,0.4,0.5,0.25,0.2,0.3,940000.0,2560.0,371000.0,1.0,True,0.01,0.95,10.0,39600.0,0.938,0.139
4477,1 - 1 - 2022,19800.0,2.039607805437114,1.7782800679308082,2.3713730200033902,0.00128,0.001,0.00158489,0.446,0.4,0.5,0.351,0.3,0.4,995000.0,2630.0,351000.0,1.0,True,0.01,0.95,10.0,39600.0,0.938,0.139
4478,1 - 1 - 2022,19800.0,2.0445048300260873,1.7782800679308082,2.3713730200033902,0.00127,0.001,0.00158489,0.446,0.4,0.5,0.449,0.4,0.5,989000.0,2620.0,317000.0,1.0,True,0.01,0.95,10.0,39600.0,0.938,0.139
4479,1 - 1 - 2022,19800.0,2.039607805437114,1.7782800679308082,2.3713730200033902,0.00127,0.001,0.00158489,0.446,0.4,0.5,0.547,0.5,0.6,874000.0,2460.0,274000.0,1.0,True,0.01,0.95,10.0,39600.0,0.938,0.139
4480,1 - 1 - 2022,19800.0,2.04939015319192,1.7782800679308082,2.3713730200033902,0.00127,0.001,0.00158489,0.447,0.4,0.5,0.648,0.6,0.7,684000.0,2180.0,205000.0,1.0,True,0.01,0.95,10.0,39600.0,0.938,0.139
4481,1 - 1 - 2022,19800.0,2.039607805437114,1.7782800679308082,2.3713730200033902,0.00127,0.001,0.00158489,0.446,0.4,0.5,0.747,0.7,0.8,531000.0,1920.0,146000.0,1.0,True,0.01,0.95,10.0,39600.0,0.938,0.139
4482,1 - 1 - 2022,19800.0,2.04939015319192,1.7782800679308082,2.3713730200033902,0.00127,0.001,0.00158489,0.447,0.4,0.5,0.847,0.8,0.9,388000.0,1640.0,123000.0,1.0,True,0.01,0.95,10.0,39600.0,0.938,0.139
4483,1 - 1 - 2022,19800.0,2.0542638584174138,1.7782800679308082,2.3713730200033902,0.00128,0.001,0.00158489,0.445,0.4,0.5,0.947,0.9,1.0,268000.0,1370.0,73600.0,1.0,True,0.01,0.95,10.0,39600.0,0.938,0.139
4484,1 - 1 - 2022,19800.0,2.0591260281974,1.7782800679308082,2.3713730200033902,0.00126,0.001,0.00158489,0.444,0.4,0.5,1.18,1.0,1.5,110000.0,391.0,14700.0,1.0,True,0.01,0.95,10.0,39600.0,0.938,0.139
4485,1 - 1 - 2022,19800.0,2.0024984394500787,1.7782800679308082,2.3713730200033902,0.00125,0.001,0.00158489,0.446,0.4,0.5,1.71,1.5,2.0,29100.0,201.0,920.0,1.0,True,0.01,0.95,10.0,39600.0,0.938,0.139
4486,1 - 1 - 2022,19800.0,2.0615528128088303,1.7782800679308082,2.3713730200033902,0.00123,0.001,0.00158489,0.451,0.4,0.5,2.58,2.0,4.0,5600.0,44.1,537.0,1.0,True,0.01,0.95,10.0,39600.0,0.938,0.139
4487,1 - 1 - 2022,19800.0,2.0124611797498106,1.7782800679308082,2.3713730200033902,0.00126,0.001,0.00158489,0.557,0.5,0.6,0.0301,0.0,0.05,67500.0,968.0,9200.0,1.0,True,0.01,0.95,10.0,39600.0,0.938,0.139
4488,1 - 1 - 2022,19800.0,2.0346989949375804,1.7782800679308082,2.3713730200033902,0.00127,0.001,0.00158489,0.543,0.5,0.6,0.0776,0.05,0.1,221000.0,1750.0,46000.0,1.0,True,0.01,0.95,10.0,39600.0,0.938,0.139
4489,1 - 1 - 2022,19800.0,2.0420577856662137,1.7782800679308082,2.3713730200033902,0.00128,0.001,0.00158489,0.547,0.5,0.6,0.152,0.1,0.2,394000.0,1650.0,64400.0,1.0,True,0.01,0.95,10.0,39600.0,0.938,0.139
4490,1 - 1 - 2022,19800.0,2.0566963801203135,1.7782800679308082,2.3713730200033902,0.00129,0.001,0.00158489,0.546,0.5,0.6,0.255,0.2,0.3,581000.0,2010.0,123000.0,1.0,True,0.01,0.95,10.0,39600.0,0.938,0.139
4491,1 - 1 - 2022,19800.0,2.0273134932713295,1.7782800679308082,2.3713730200033902,0.00128,0.001,0.00158489,0.545,0.5,0.6,0.349,0.3,0.4,563000.0,1980.0,112000.0,1.0,True,0.01,0.95,10.0,39600.0,0.938,0.139
4492,1 - 1 - 2022,19800.0,2.0445048300260873,1.7782800679308082,2.3713730200033902,0.00127,0.001,0.00158489,0.545,0.5,0.6,0.449,0.4,0.5,523000.0,1910.0,85900.0,1.0,True,0.01,0.95,10.0,39600.0,0.938,0.139
4493,1 - 1 - 2022,19800.0,2.06881608655772,1.7782800679308082,2.3713730200033902,0.00126,0.001,0.00158489,0.545,0.5,0.6,0.551,0.5,0.6,422000.0,1710.0,52100.0,1.0,True,0.01,0.95,10.0,39600.0,0.938,0.139
4494,1 - 1 - 2022,19800.0,2.039607805437114,1.7782800679308082,2.3713730200033902,0.00127,0.001,0.00158489,0.543,0.5,0.6,0.649,0.6,0.7,370000.0,1600.0,78200.0,1.0,True,0.01,0.95,10.0,39600.0,0.938,0.139
4495,1 - 1 - 2022,19800.0,2.039607805437114,1.7782800679308082,2.3713730200033902,0.00127,0.001,0.00158489,0.545,0.5,0.6,0.744,0.7,0.8,333000.0,1520.0,58300.0,1.0,True,0.01,0.95,10.0,39600.0,0.938,0.139
4496,1 - 1 - 2022,19800.0,2.029778313018444,1.7782800679308082,2.3713730200033902,0.00125,0.001,0.00158489,0.548,0.5,0.6,0.847,0.8,0.9,216000.0,1230.0,47500.0,1.0,True,0.01,0.95,10.0,39600.0,0.938,0.139
4497,1 - 1 - 2022,19800.0,2.0542638584174138,1.7782800679308082,2.3713730200033902,0.00127,0.001,0.00158489,0.545,0.5,0.6,0.944,0.9,1.0,175000.0,1100.0,19900.0,1.0,True,0.01,0.95,10.0,39600.0,0.938,0.139
4498,1 - 1 - 2022,19800.0,2.0566963801203135,1.7782800679308082,2.3713730200033902,0.00125,0.001,0.00158489,0.545,0.5,0.6,1.17,1.0,1.5,65600.0,302.0,7050.0,1.0,True,0.01,0.95,10.0,39600.0,0.938,0.139
4499,1 - 1 - 2022,19800.0,2.0542638584174138,1.7782800679308082,2.3713730200033902,0.00129,0.001,0.00158489,0.548,0.5,0.6,1.73,1.5,2.0,13800.0,138.0,920.0,1.0,True,0.01,0.95,10.0,39600.0,0.938,0.139
4500,1 - 1 - 2022,19800.0,2.0615528128088303,1.7782800679308082,2.3713730200033902,0.00127,0.001,0.00158489,0.544,0.5,0.6,2.61,2.0,4.0,3220.0,33.4,76.7,1.0,True,0.01,0.95,10.0,39600.0,0.938,0.139
4501,1 - 1 - 2022,19800.0,2.1563858652847827,1.7782800679308082,2.3713730200033902,0.00124,0.001,0.00158489,0.632,0.6,0.7,0.0238,0.0,0.05,18400.0,506.0,0.0,1.0,True,0.01,0.95,10.0,39600.0,0.938,0.139
4502,1 - 1 - 2022,19800.0,2.009975124224178,1.7782800679308082,2.3713730200033902,0.00127,0.001,0.00158489,0.637,0.6,0.7,0.076,0.05,0.1,132000.0,1350.0,6130.0,1.0,True,0.01,0.95,10.0,39600.0,0.938,0.139
4503,1 - 1 - 2022,19800.0,2.0322401432901573,1.7782800679308082,2.3713730200033902,0.00126,0.001,0.00158489,0.64,0.6,0.7,0.149,0.1,0.2,205000.0,1190.0,4600.0,1.0,True,0.01,0.95,10.0,39600.0,0.938,0.139
4504,1 - 1 - 2022,19800.0,2.0445048300260873,1.7782800679308082,2.3713730200033902,0.00127,0.001,0.00158489,0.643,0.6,0.7,0.252,0.2,0.3,259000.0,1340.0,6130.0,1.0,True,0.01,0.95,10.0,39600.0,0.938,0.139
4505,1 - 1 - 2022,19800.0,2.04939015319192,1.7782800679308082,2.3713730200033902,0.00129,0.001,0.00158489,0.639,0.6,0.7,0.349,0.3,0.4,293000.0,1430.0,21500.0,1.0,True,0.01,0.95,10.0,39600.0,0.938,0.139
4506,1 - 1 - 2022,19800.0,2.0615528128088303,1.7782800679308082,2.3713730200033902,0.00127,0.001,0.00158489,0.645,0.6,0.7,0.446,0.4,0.5,293000.0,1430.0,9200.0,1.0,True,0.01,0.95,10.0,39600.0,0.938,0.139
4507,1 - 1 - 2022,19800.0,2.04939015319192,1.7782800679308082,2.3713730200033902,0.00127,0.001,0.00158489,0.642,0.6,0.7,0.551,0.5,0.6,267000.0,1360.0,15300.0,1.0,True,0.01,0.95,10.0,39600.0,0.938,0.139
4508,1 - 1 - 2022,19800.0,2.0371548787463363,1.7782800679308082,2.3713730200033902,0.00126,0.001,0.00158489,0.644,0.6,0.7,0.651,0.6,0.7,221000.0,1240.0,10700.0,1.0,True,0.01,0.95,10.0,39600.0,0.938,0.139
4509,1 - 1 - 2022,19800.0,2.0322401432901573,1.7782800679308082,2.3713730200033902,0.00126,0.001,0.00158489,0.646,0.6,0.7,0.745,0.7,0.8,179000.0,1120.0,9200.0,1.0,True,0.01,0.95,10.0,39600.0,0.938,0.139
4510,1 - 1 - 2022,19800.0,2.04939015319192,1.7782800679308082,2.3713730200033902,0.00126,0.001,0.00158489,0.644,0.6,0.7,0.844,0.8,0.9,138000.0,979.0,13800.0,1.0,True,0.01,0.95,10.0,39600.0,0.938,0.139
4511,1 - 1 - 2022,19800.0,2.0445048300260873,1.7782800679308082,2.3713730200033902,0.00127,0.001,0.00158489,0.65,0.6,0.7,0.947,0.9,1.0,81300.0,751.0,3070.0,1.0,True,0.01,0.95,10.0,39600.0,0.938,0.139
4512,1 - 1 - 2022,19800.0,2.0518284528683193,1.7782800679308082,2.3713730200033902,0.00126,0.001,0.00158489,0.649,0.6,0.7,1.15,1.0,1.5,35000.0,220.0,1530.0,1.0,True,0.01,0.95,10.0,39600.0,0.938,0.139
4513,1 - 1 - 2022,19800.0,1.9595917942265424,1.7782800679308082,2.3713730200033902,0.00125,0.001,0.00158489,0.645,0.6,0.7,1.73,1.5,2.0,7050.0,99.0,307.0,1.0,True,0.01,0.95,10.0,39600.0,0.938,0.139
4514,1 - 1 - 2022,19800.0,2.080865204668481,1.7782800679308082,2.3713730200033902,0.0013,0.001,0.00158489,0.647,0.6,0.7,2.64,2.0,4.0,1300.0,21.3,153.0,1.0,True,0.01,0.95,10.0,39600.0,0.938,0.139
4515,1 - 1 - 2022,19800.0,2.009975124224178,1.7782800679308082,2.3713730200033902,0.00133,0.001,0.00158489,0.753,0.7,0.8,0.038,0.0,0.05,30700.0,653.0,0.0,1.0,True,0.01,0.95,10.0,39600.0,0.938,0.139
4516,1 - 1 - 2022,19800.0,2.0615528128088303,1.7782800679308082,2.3713730200033902,0.00125,0.001,0.00158489,0.738,0.7,0.8,0.0692,0.05,0.1,46000.0,799.0,0.0,1.0,True,0.01,0.95,10.0,39600.0,0.938,0.139
4517,1 - 1 - 2022,19800.0,2.039607805437114,1.7782800679308082,2.3713730200033902,0.00127,0.001,0.00158489,0.746,0.7,0.8,0.151,0.1,0.2,79700.0,744.0,0.0,1.0,True,0.01,0.95,10.0,39600.0,0.938,0.139
4518,1 - 1 - 2022,19800.0,2.0,1.7782800679308082,2.3713730200033902,0.0013,0.001,0.00158489,0.744,0.7,0.8,0.253,0.2,0.3,118000.0,906.0,1530.0,1.0,True,0.01,0.95,10.0,39600.0,0.938,0.139
4519,1 - 1 - 2022,19800.0,2.0322401432901573,1.7782800679308082,2.3713730200033902,0.00125,0.001,0.00158489,0.743,0.7,0.8,0.348,0.3,0.4,146000.0,1010.0,0.0,1.0,True,0.01,0.95,10.0,39600.0,0.938,0.139
4520,1 - 1 - 2022,19800.0,2.029778313018444,1.7782800679308082,2.3713730200033902,0.00129,0.001,0.00158489,0.746,0.7,0.8,0.444,0.4,0.5,153000.0,1030.0,1530.0,1.0,True,0.01,0.95,10.0,39600.0,0.938,0.139
4521,1 - 1 - 2022,19800.0,2.0346989949375804,1.7782800679308082,2.3713730200033902,0.00125,0.001,0.00158489,0.747,0.7,0.8,0.548,0.5,0.6,144000.0,1000.0,0.0,1.0,True,0.01,0.95,10.0,39600.0,0.938,0.139
4522,1 - 1 - 2022,19800.0,2.0445048300260873,1.7782800679308082,2.3713730200033902,0.00124,0.001,0.00158489,0.743,0.7,0.8,0.653,0.6,0.7,109000.0,870.0,1530.0,1.0,True,0.01,0.95,10.0,39600.0,0.938,0.139
4523,1 - 1 - 2022,19800.0,2.0591260281974,1.7782800679308082,2.3713730200033902,0.00127,0.001,0.00158489,0.744,0.7,0.8,0.749,0.7,0.8,81300.0,751.0,0.0,1.0,True,0.01,0.95,10.0,39600.0,0.938,0.139
4524,1 - 1 - 2022,19800.0,2.0663978319771825,1.7782800679308082,2.3713730200033902,0.00127,0.001,0.00158489,0.736,0.7,0.8,0.844,0.8,0.9,39900.0,526.0,1530.0,1.0,True,0.01,0.95,10.0,39600.0,0.938,0.139
4525,1 - 1 - 2022,19800.0,2.04939015319192,1.7782800679308082,2.3713730200033902,0.00125,0.001,0.00158489,0.743,0.7,0.8,0.943,0.9,1.0,56700.0,628.0,1530.0,1.0,True,0.01,0.95,10.0,39600.0,0.938,0.139
4526,1 - 1 - 2022,19800.0,2.0518284528683193,1.7782800679308082,2.3713730200033902,0.00124,0.001,0.00158489,0.751,0.7,0.8,1.14,1.0,1.5,17200.0,154.0,307.0,1.0,True,0.01,0.95,10.0,39600.0,0.938,0.139
4527,1 - 1 - 2022,19800.0,2.039607805437114,1.7782800679308082,2.3713730200033902,0.00131,0.001,0.00158489,0.735,0.7,0.8,1.78,1.5,2.0,2760.0,61.9,307.0,1.0,True,0.01,0.95,10.0,39600.0,0.938,0.139
4528,1 - 1 - 2022,19800.0,1.9849433241279208,1.7782800679308082,2.3713730200033902,0.00119,0.001,0.00158489,0.727,0.7,0.8,2.37,2.0,4.0,843.0,17.1,0.0,1.0,True,0.01,0.95,10.0,39600.0,0.938,0.139
4529,1 - 1 - 2022,19800.0,2.0591260281974,1.7782800679308082,2.3713730200033902,0.00127,0.001,0.00158489,0.856,0.8,0.9,0.0415,0.0,0.05,9200.0,358.0,0.0,1.0,True,0.01,0.95,10.0,39600.0,0.938,0.139
4530,1 - 1 - 2022,19800.0,1.977371993328519,1.7782800679308082,2.3713730200033902,0.00127,0.001,0.00158489,0.839,0.8,0.9,0.083,0.05,0.1,24500.0,584.0,0.0,1.0,True,0.01,0.95,10.0,39600.0,0.938,0.139
4531,1 - 1 - 2022,19800.0,2.0322401432901573,1.7782800679308082,2.3713730200033902,0.00126,0.001,0.00158489,0.843,0.8,0.9,0.156,0.1,0.2,53700.0,611.0,0.0,1.0,True,0.01,0.95,10.0,39600.0,0.938,0.139
4532,1 - 1 - 2022,19800.0,2.0174241001832014,1.7782800679308082,2.3713730200033902,0.00128,0.001,0.00158489,0.846,0.8,0.9,0.247,0.2,0.3,61300.0,653.0,0.0,1.0,True,0.01,0.95,10.0,39600.0,0.938,0.139
4533,1 - 1 - 2022,19800.0,2.0273134932713295,1.7782800679308082,2.3713730200033902,0.0013,0.001,0.00158489,0.844,0.8,0.9,0.346,0.3,0.4,75100.0,722.0,0.0,1.0,True,0.01,0.95,10.0,39600.0,0.938,0.139
4534,1 - 1 - 2022,19800.0,2.0445048300260873,1.7782800679308082,2.3713730200033902,0.00124,0.001,0.00158489,0.842,0.8,0.9,0.446,0.4,0.5,98100.0,826.0,0.0,1.0,True,0.01,0.95,10.0,39600.0,0.938,0.139
4535,1 - 1 - 2022,19800.0,2.08806130178211,1.7782800679308082,2.3713730200033902,0.00129,0.001,0.00158489,0.838,0.8,0.9,0.549,0.5,0.6,75100.0,723.0,0.0,1.0,True,0.01,0.95,10.0,39600.0,0.938,0.139
4536,1 - 1 - 2022,19800.0,2.039607805437114,1.7782800679308082,2.3713730200033902,0.00129,0.001,0.00158489,0.84,0.8,0.9,0.653,0.6,0.7,58300.0,636.0,0.0,1.0,True,0.01,0.95,10.0,39600.0,0.938,0.139
4537,1 - 1 - 2022,19800.0,2.0024984394500787,1.7782800679308082,2.3713730200033902,0.00125,0.001,0.00158489,0.843,0.8,0.9,0.756,0.7,0.8,53700.0,611.0,0.0,1.0,True,0.01,0.95,10.0,39600.0,0.938,0.139
4538,1 - 1 - 2022,19800.0,2.04939015319192,1.7782800679308082,2.3713730200033902,0.00124,0.001,0.00158489,0.839,0.8,0.9,0.838,0.8,0.9,33700.0,484.0,0.0,1.0,True,0.01,0.95,10.0,39600.0,0.938,0.139
4539,1 - 1 - 2022,19800.0,2.039607805437114,1.7782800679308082,2.3713730200033902,0.00121,0.001,0.00158489,0.84,0.8,0.9,0.956,0.9,1.0,21500.0,386.0,0.0,1.0,True,0.01,0.95,10.0,39600.0,0.938,0.139
4540,1 - 1 - 2022,19800.0,2.08806130178211,1.7782800679308082,2.3713730200033902,0.00123,0.001,0.00158489,0.842,0.8,0.9,1.22,1.0,1.5,8590.0,109.0,920.0,1.0,True,0.01,0.95,10.0,39600.0,0.938,0.139
4541,1 - 1 - 2022,19800.0,1.865475810617763,1.7782800679308082,2.3713730200033902,0.00147,0.001,0.00158489,0.818,0.8,0.9,1.8,1.5,2.0,307.0,20.6,0.0,1.0,True,0.01,0.95,10.0,39600.0,0.938,0.139
4542,1 - 1 - 2022,19800.0,1.9544820285692064,1.7782800679308082,2.3713730200033902,0.00122,0.001,0.00158489,0.832,0.8,0.9,2.87,2.0,4.0,230.0,8.94,0.0,1.0,True,0.01,0.95,10.0,39600.0,0.938,0.139
4543,1 - 1 - 2022,19800.0,2.0420577856662137,1.7782800679308082,2.3713730200033902,0.00152,0.001,0.00158489,0.922,0.9,1.0,0.0378,0.0,0.05,6130.0,292.0,0.0,1.0,True,0.01,0.95,10.0,39600.0,0.938,0.139
4544,1 - 1 - 2022,19800.0,2.092844953645635,1.7782800679308082,2.3713730200033902,0.00129,0.001,0.00158489,0.938,0.9,1.0,0.0801,0.05,0.1,18400.0,506.0,0.0,1.0,True,0.01,0.95,10.0,39600.0,0.938,0.139
4545,1 - 1 - 2022,19800.0,2.0174241001832014,1.7782800679308082,2.3713730200033902,0.00126,0.001,0.00158489,0.939,0.9,1.0,0.17,0.1,0.2,24500.0,413.0,0.0,1.0,True,0.01,0.95,10.0,39600.0,0.938,0.139
4546,1 - 1 - 2022,19800.0,2.08806130178211,1.7782800679308082,2.3713730200033902,0.0013,0.001,0.00158489,0.935,0.9,1.0,0.257,0.2,0.3,27600.0,438.0,0.0,1.0,True,0.01,0.95,10.0,39600.0,0.938,0.139
4547,1 - 1 - 2022,19800.0,2.0,1.7782800679308082,2.3713730200033902,0.00126,0.001,0.00158489,0.929,0.9,1.0,0.352,0.3,0.4,24500.0,413.0,0.0,1.0,True,0.01,0.95,10.0,39600.0,0.938,0.139
4548,1 - 1 - 2022,19800.0,2.0149441679609885,1.7782800679308082,2.3713730200033902,0.00121,0.001,0.00158489,0.928,0.9,1.0,0.46,0.4,0.5,35300.0,495.0,0.0,1.0,True,0.01,0.95,10.0,39600.0,0.938,0.139
4549,1 - 1 - 2022,19800.0,2.0322401432901573,1.7782800679308082,2.3713730200033902,0.00129,0.001,0.00158489,0.93,0.9,1.0,0.555,0.5,0.6,30700.0,462.0,0.0,1.0,True,0.01,0.95,10.0,39600.0,0.938,0.139
4550,1 - 1 - 2022,19800.0,2.1330729007701543,1.7782800679308082,2.3713730200033902,0.00126,0.001,0.00158489,0.943,0.9,1.0,0.654,0.6,0.7,18400.0,358.0,0.0,1.0,True,0.01,0.95,10.0,39600.0,0.938,0.139
4551,1 - 1 - 2022,19800.0,2.0322401432901573,1.7782800679308082,2.3713730200033902,0.00124,0.001,0.00158489,0.94,0.9,1.0,0.736,0.7,0.8,21500.0,386.0,0.0,1.0,True,0.01,0.95,10.0,39600.0,0.938,0.139
4552,1 - 1 - 2022,19800.0,1.9798989873223332,1.7782800679308082,2.3713730200033902,0.0013,0.001,0.00158489,0.933,0.9,1.0,0.845,0.8,0.9,7670.0,231.0,0.0,1.0,True,0.01,0.95,10.0,39600.0,0.938,0.139
4553,1 - 1 - 2022,19800.0,1.8814887722226779,1.7782800679308082,2.3713730200033902,0.00107,0.001,0.00158489,0.91,0.9,1.0,0.926,0.9,1.0,3070.0,146.0,0.0,1.0,True,0.01,0.95,10.0,39600.0,0.938,0.139
4554,1 - 1 - 2022,19800.0,2.0542638584174138,1.7782800679308082,2.3713730200033902,0.00121,0.001,0.00158489,0.927,0.9,1.0,1.12,1.0,1.5,1530.0,46.2,0.0,1.0,True,0.01,0.95,10.0,39600.0,0.938,0.139
4555,1 - 1 - 2022,19800.0,2.071231517720798,1.7782800679308082,2.3713730200033902,0.00198,0.00158489,0.00251189,0.029,0.0,0.05,0.0793,0.05,0.1,5180000.0,9530.0,4960000.0,1.0,True,0.01,0.95,10.0,39600.0,0.938,0.139
4556,1 - 1 - 2022,19800.0,2.0639767440550294,1.7782800679308082,2.3713730200033902,0.00198,0.00158489,0.00251189,0.0244,0.0,0.05,0.156,0.1,0.2,14200000.0,11200.0,10800000.0,1.0,True,0.01,0.95,10.0,39600.0,0.938,0.139
4557,1 - 1 - 2022,19800.0,2.0542638584174138,1.7782800679308082,2.3713730200033902,0.00199,0.00158489,0.00251189,0.0219,0.0,0.05,0.251,0.2,0.3,21200000.0,13600.0,11800000.0,1.0,True,0.01,0.95,10.0,39600.0,0.938,0.139
4558,1 - 1 - 2022,19800.0,2.0566963801203135,1.7782800679308082,2.3713730200033902,0.00199,0.00158489,0.00251189,0.0211,0.0,0.05,0.35,0.3,0.4,22000000.0,13900.0,9610000.0,1.0,True,0.01,0.95,10.0,39600.0,0.938,0.139
4559,1 - 1 - 2022,19800.0,2.0566963801203135,1.7782800679308082,2.3713730200033902,0.00199,0.00158489,0.00251189,0.0207,0.0,0.05,0.448,0.4,0.5,18900000.0,12900.0,6300000.0,1.0,True,0.01,0.95,10.0,39600.0,0.938,0.139
4560,1 - 1 - 2022,19800.0,2.0542638584174138,1.7782800679308082,2.3713730200033902,0.00199,0.00158489,0.00251189,0.021,0.0,0.05,0.548,0.5,0.6,14600000.0,11300.0,3600000.0,1.0,True,0.01,0.95,10.0,39600.0,0.938,0.139
4561,1 - 1 - 2022,19800.0,2.0591260281974,1.7782800679308082,2.3713730200033902,0.00199,0.00158489,0.00251189,0.0214,0.0,0.05,0.647,0.6,0.7,10300000.0,9500.0,2120000.0,1.0,True,0.01,0.95,10.0,39600.0,0.938,0.139
4562,1 - 1 - 2022,19800.0,2.0566963801203135,1.7782800679308082,2.3713730200033902,0.00199,0.00158489,0.00251189,0.022,0.0,0.05,0.746,0.7,0.8,6990000.0,7830.0,1190000.0,1.0,True,0.01,0.95,10.0,39600.0,0.938,0.139
4563,1 - 1 - 2022,19800.0,2.0591260281974,1.7782800679308082,2.3713730200033902,0.00199,0.00158489,0.00251189,0.0229,0.0,0.05,0.846,0.8,0.9,4450000.0,6240.0,741000.0,1.0,True,0.01,0.95,10.0,39600.0,0.938,0.139
4564,1 - 1 - 2022,19800.0,2.0663978319771825,1.7782800679308082,2.3713730200033902,0.00199,0.00158489,0.00251189,0.0236,0.0,0.05,0.945,0.9,1.0,2660000.0,4830.0,414000.0,1.0,True,0.01,0.95,10.0,39600.0,0.938,0.139
4565,1 - 1 - 2022,19800.0,2.0591260281974,1.7782800679308082,2.3713730200033902,0.00199,0.00158489,0.00251189,0.0251,0.0,0.05,1.16,1.0,1.5,798000.0,1180.0,133000.0,1.0,True,0.01,0.95,10.0,39600.0,0.938,0.139
4566,1 - 1 - 2022,19800.0,2.0760539492026693,1.7782800679308082,2.3713730200033902,0.00198,0.00158489,0.00251189,0.0279,0.0,0.05,1.68,1.5,2.0,90200.0,398.0,13900.0,1.0,True,0.01,0.95,10.0,39600.0,0.938,0.139
4567,1 - 1 - 2022,19800.0,2.0976176963403033,1.7782800679308082,2.3713730200033902,0.00193,0.00158489,0.00251189,0.0326,0.0,0.05,2.37,2.0,4.0,5900.0,50.9,968.0,1.0,True,0.01,0.95,10.0,39600.0,0.938,0.139
4568,1 - 1 - 2022,19800.0,2.046948949045872,1.7782800679308082,2.3713730200033902,0.00201,0.00158489,0.00251189,0.0726,0.05,0.1,0.0777,0.05,0.1,4240000.0,8620.0,4190000.0,1.0,True,0.01,0.95,10.0,39600.0,0.938,0.139
4569,1 - 1 - 2022,19800.0,2.0518284528683193,1.7782800679308082,2.3713730200033902,0.00201,0.00158489,0.00251189,0.0726,0.05,0.1,0.154,0.1,0.2,6800000.0,7720.0,6260000.0,1.0,True,0.01,0.95,10.0,39600.0,0.938,0.139
4570,1 - 1 - 2022,19800.0,2.0445048300260873,1.7782800679308082,2.3713730200033902,0.002,0.00158489,0.00251189,0.0728,0.05,0.1,0.251,0.2,0.3,8980000.0,8870.0,7650000.0,1.0,True,0.01,0.95,10.0,39600.0,0.938,0.139
4571,1 - 1 - 2022,19800.0,2.046948949045872,1.7782800679308082,2.3713730200033902,0.00201,0.00158489,0.00251189,0.0726,0.05,0.1,0.349,0.3,0.4,9030000.0,8900.0,7490000.0,1.0,True,0.01,0.95,10.0,39600.0,0.938,0.139
4572,1 - 1 - 2022,19800.0,2.0445048300260873,1.7782800679308082,2.3713730200033902,0.00201,0.00158489,0.00251189,0.0731,0.05,0.1,0.448,0.4,0.5,7180000.0,7940.0,5710000.0,1.0,True,0.01,0.95,10.0,39600.0,0.938,0.139
4573,1 - 1 - 2022,19800.0,2.046948949045872,1.7782800679308082,2.3713730200033902,0.00201,0.00158489,0.00251189,0.0727,0.05,0.1,0.547,0.5,0.6,5820000.0,7140.0,4220000.0,1.0,True,0.01,0.95,10.0,39600.0,0.938,0.139
4574,1 - 1 - 2022,19800.0,2.046948949045872,1.7782800679308082,2.3713730200033902,0.00199,0.00158489,0.00251189,0.0728,0.05,0.1,0.647,0.6,0.7,4280000.0,6120.0,2590000.0,1.0,True,0.01,0.95,10.0,39600.0,0.938,0.139
4575,1 - 1 - 2022,19800.0,2.0445048300260873,1.7782800679308082,2.3713730200033902,0.00199,0.00158489,0.00251189,0.0728,0.05,0.1,0.746,0.7,0.8,3110000.0,5220.0,1180000.0,1.0,True,0.01,0.95,10.0,39600.0,0.938,0.139
4576,1 - 1 - 2022,19800.0,2.0542638584174138,1.7782800679308082,2.3713730200033902,0.00201,0.00158489,0.00251189,0.0722,0.05,0.1,0.846,0.8,0.9,2010000.0,4200.0,412000.0,1.0,True,0.01,0.95,10.0,39600.0,0.938,0.139
4577,1 - 1 - 2022,19800.0,2.046948949045872,1.7782800679308082,2.3713730200033902,0.00201,0.00158489,0.00251189,0.0726,0.05,0.1,0.948,0.9,1.0,1450000.0,3560.0,155000.0,1.0,True,0.01,0.95,10.0,39600.0,0.938,0.139
4578,1 - 1 - 2022,19800.0,2.046948949045872,1.7782800679308082,2.3713730200033902,0.002,0.00158489,0.00251189,0.0727,0.05,0.1,1.18,1.0,1.5,491000.0,928.0,8130.0,1.0,True,0.01,0.95,10.0,39600.0,0.938,0.139
4579,1 - 1 - 2022,19800.0,2.0591260281974,1.7782800679308082,2.3713730200033902,0.00202,0.00158489,0.00251189,0.0745,0.05,0.1,1.68,1.5,2.0,80500.0,376.0,0.0,1.0,True,0.01,0.95,10.0,39600.0,0.938,0.139
4580,1 - 1 - 2022,19800.0,2.0518284528683193,1.7782800679308082,2.3713730200033902,0.00198,0.00158489,0.00251189,0.0731,0.05,0.1,2.39,2.0,4.0,9770.0,65.4,0.0,1.0,True,0.01,0.95,10.0,39600.0,0.938,0.139
4581,1 - 1 - 2022,19800.0,2.0322401432901573,1.7782800679308082,2.3713730200033902,0.002,0.00158489,0.00251189,0.123,0.1,0.15,0.0772,0.05,0.1,2500000.0,6620.0,2480000.0,1.0,True,0.01,0.95,10.0,39600.0,0.938,0.139
4582,1 - 1 - 2022,19800.0,2.04939015319192,1.7782800679308082,2.3713730200033902,0.00201,0.00158489,0.00251189,0.123,0.1,0.15,0.154,0.1,0.2,4500000.0,6280.0,4250000.0,1.0,True,0.01,0.95,10.0,39600.0,0.938,0.139
4583,1 - 1 - 2022,19800.0,2.04939015319192,1.7782800679308082,2.3713730200033902,0.00201,0.00158489,0.00251189,0.124,0.1,0.15,0.251,0.2,0.3,5620000.0,7020.0,4150000.0,1.0,True,0.01,0.95,10.0,39600.0,0.938,0.139
4584,1 - 1 - 2022,19800.0,2.04939015319192,1.7782800679308082,2.3713730200033902,0.00201,0.00158489,0.00251189,0.123,0.1,0.15,0.35,0.3,0.4,5400000.0,6880.0,3460000.0,1.0,True,0.01,0.95,10.0,39600.0,0.938,0.139
4585,1 - 1 - 2022,19800.0,2.046948949045872,1.7782800679308082,2.3713730200033902,0.002,0.00158489,0.00251189,0.124,0.1,0.15,0.449,0.4,0.5,4790000.0,6480.0,2870000.0,1.0,True,0.01,0.95,10.0,39600.0,0.938,0.139
4586,1 - 1 - 2022,19800.0,2.04939015319192,1.7782800679308082,2.3713730200033902,0.002,0.00158489,0.00251189,0.123,0.1,0.15,0.548,0.5,0.6,3870000.0,5820.0,1770000.0,1.0,True,0.01,0.95,10.0,39600.0,0.938,0.139
4587,1 - 1 - 2022,19800.0,2.04939015319192,1.7782800679308082,2.3713730200033902,0.00201,0.00158489,0.00251189,0.124,0.1,0.15,0.647,0.6,0.7,2950000.0,5080.0,1070000.0,1.0,True,0.01,0.95,10.0,39600.0,0.938,0.139
4588,1 - 1 - 2022,19800.0,2.0518284528683193,1.7782800679308082,2.3713730200033902,0.00201,0.00158489,0.00251189,0.123,0.1,0.15,0.747,0.7,0.8,2100000.0,4290.0,538000.0,1.0,True,0.01,0.95,10.0,39600.0,0.938,0.139
4589,1 - 1 - 2022,19800.0,2.0445048300260873,1.7782800679308082,2.3713730200033902,0.00202,0.00158489,0.00251189,0.124,0.1,0.15,0.849,0.8,0.9,1450000.0,3570.0,286000.0,1.0,True,0.01,0.95,10.0,39600.0,0.938,0.139
4590,1 - 1 - 2022,19800.0,2.0639767440550294,1.7782800679308082,2.3713730200033902,0.00201,0.00158489,0.00251189,0.124,0.1,0.15,0.949,0.9,1.0,1000000.0,2960.0,151000.0,1.0,True,0.01,0.95,10.0,39600.0,0.938,0.139
4591,1 - 1 - 2022,19800.0,2.039607805437114,1.7782800679308082,2.3713730200033902,0.002,0.00158489,0.00251189,0.123,0.1,0.15,1.18,1.0,1.5,358000.0,793.0,16600.0,1.0,True,0.01,0.95,10.0,39600.0,0.938,0.139
4592,1 - 1 - 2022,19800.0,2.0663978319771825,1.7782800679308082,2.3713730200033902,0.00197,0.00158489,0.00251189,0.126,0.1,0.15,1.67,1.5,2.0,74300.0,361.0,0.0,1.0,True,0.01,0.95,10.0,39600.0,0.938,0.139
4593,1 - 1 - 2022,19800.0,2.078460969082653,1.7782800679308082,2.3713730200033902,0.00194,0.00158489,0.00251189,0.124,0.1,0.15,2.47,2.0,4.0,9090.0,63.1,0.0,1.0,True,0.01,0.95,10.0,39600.0,0.938,0.139
4594,1 - 1 - 2022,19800.0,2.0566963801203135,1.7782800679308082,2.3713730200033902,0.00204,0.00158489,0.00251189,0.172,0.15,0.2,0.0326,0.0,0.05,627000.0,3320.0,619000.0,1.0,True,0.01,0.95,10.0,39600.0,0.938,0.139
4595,1 - 1 - 2022,19800.0,2.0445048300260873,1.7782800679308082,2.3713730200033902,0.00201,0.00158489,0.00251189,0.173,0.15,0.2,0.0778,0.05,0.1,1860000.0,5710.0,1770000.0,1.0,True,0.01,0.95,10.0,39600.0,0.938,0.139
4596,1 - 1 - 2022,19800.0,2.046948949045872,1.7782800679308082,2.3713730200033902,0.002,0.00158489,0.00251189,0.173,0.15,0.2,0.155,0.1,0.2,2890000.0,5030.0,2390000.0,1.0,True,0.01,0.95,10.0,39600.0,0.938,0.139
4597,1 - 1 - 2022,19800.0,2.04939015319192,1.7782800679308082,2.3713730200033902,0.002,0.00158489,0.00251189,0.173,0.15,0.2,0.25,0.2,0.3,3900000.0,5840.0,2470000.0,1.0,True,0.01,0.95,10.0,39600.0,0.938,0.139
4598,1 - 1 - 2022,19800.0,2.046948949045872,1.7782800679308082,2.3713730200033902,0.00202,0.00158489,0.00251189,0.174,0.15,0.2,0.349,0.3,0.4,3730000.0,5720.0,2330000.0,1.0,True,0.01,0.95,10.0,39600.0,0.938,0.139
4599,1 - 1 - 2022,19800.0,2.0518284528683193,1.7782800679308082,2.3713730200033902,0.00201,0.00158489,0.00251189,0.173,0.15,0.2,0.449,0.4,0.5,3290000.0,5370.0,1810000.0,1.0,True,0.01,0.95,10.0,39600.0,0.938,0.139
4600,1 - 1 - 2022,19800.0,2.0542638584174138,1.7782800679308082,2.3713730200033902,0.00201,0.00158489,0.00251189,0.173,0.15,0.2,0.548,0.5,0.6,2690000.0,4860.0,1150000.0,1.0,True,0.01,0.95,10.0,39600.0,0.938,0.139
4601,1 - 1 - 2022,19800.0,2.04939015319192,1.7782800679308082,2.3713730200033902,0.00199,0.00158489,0.00251189,0.173,0.15,0.2,0.649,0.6,0.7,2090000.0,4280.0,681000.0,1.0,True,0.01,0.95,10.0,39600.0,0.938,0.139
4602,1 - 1 - 2022,19800.0,2.039607805437114,1.7782800679308082,2.3713730200033902,0.002,0.00158489,0.00251189,0.174,0.15,0.2,0.747,0.7,0.8,1530000.0,3660.0,360000.0,1.0,True,0.01,0.95,10.0,39600.0,0.938,0.139
4603,1 - 1 - 2022,19800.0,2.0542638584174138,1.7782800679308082,2.3713730200033902,0.00204,0.00158489,0.00251189,0.174,0.15,0.2,0.846,0.8,0.9,1010000.0,2980.0,110000.0,1.0,True,0.01,0.95,10.0,39600.0,0.938,0.139
4604,1 - 1 - 2022,19800.0,2.0518284528683193,1.7782800679308082,2.3713730200033902,0.00201,0.00158489,0.00251189,0.175,0.15,0.2,0.944,0.9,1.0,718000.0,2510.0,60000.0,1.0,True,0.01,0.95,10.0,39600.0,0.938,0.139
4605,1 - 1 - 2022,19800.0,2.0420577856662137,1.7782800679308082,2.3713730200033902,0.00202,0.00158489,0.00251189,0.174,0.15,0.2,1.18,1.0,1.5,264000.0,681.0,11600.0,1.0,True,0.01,0.95,10.0,39600.0,0.938,0.139
4606,1 - 1 - 2022,19800.0,2.0639767440550294,1.7782800679308082,2.3713730200033902,0.00199,0.00158489,0.00251189,0.175,0.15,0.2,1.7,1.5,2.0,71200.0,353.0,387.0,1.0,True,0.01,0.95,10.0,39600.0,0.938,0.139
4607,1 - 1 - 2022,19800.0,2.071231517720798,1.7782800679308082,2.3713730200033902,0.00197,0.00158489,0.00251189,0.175,0.15,0.2,2.49,2.0,4.0,9870.0,65.8,96.8,1.0,True,0.01,0.95,10.0,39600.0,0.938,0.139
4608,1 - 1 - 2022,19800.0,2.0199009876724157,1.7782800679308082,2.3713730200033902,0.00197,0.00158489,0.00251189,0.224,0.2,0.25,0.0335,0.0,0.05,329000.0,2400.0,232000.0,1.0,True,0.01,0.95,10.0,39600.0,0.938,0.139
4609,1 - 1 - 2022,19800.0,2.0445048300260873,1.7782800679308082,2.3713730200033902,0.00202,0.00158489,0.00251189,0.223,0.2,0.25,0.078,0.05,0.1,1140000.0,4470.0,712000.0,1.0,True,0.01,0.95,10.0,39600.0,0.938,0.139
4610,1 - 1 - 2022,19800.0,2.04939015319192,1.7782800679308082,2.3713730200033902,0.00201,0.00158489,0.00251189,0.223,0.2,0.25,0.154,0.1,0.2,2020000.0,4210.0,1040000.0,1.0,True,0.01,0.95,10.0,39600.0,0.938,0.139
4611,1 - 1 - 2022,19800.0,2.046948949045872,1.7782800679308082,2.3713730200033902,0.00202,0.00158489,0.00251189,0.224,0.2,0.25,0.252,0.2,0.3,2590000.0,4770.0,1420000.0,1.0,True,0.01,0.95,10.0,39600.0,0.938,0.139
4612,1 - 1 - 2022,19800.0,2.0518284528683193,1.7782800679308082,2.3713730200033902,0.00201,0.00158489,0.00251189,0.223,0.2,0.25,0.35,0.3,0.4,2770000.0,4920.0,1640000.0,1.0,True,0.01,0.95,10.0,39600.0,0.938,0.139
4613,1 - 1 - 2022,19800.0,2.046948949045872,1.7782800679308082,2.3713730200033902,0.00201,0.00158489,0.00251189,0.223,0.2,0.25,0.449,0.4,0.5,2340000.0,4530.0,1080000.0,1.0,True,0.01,0.95,10.0,39600.0,0.938,0.139
4614,1 - 1 - 2022,19800.0,2.0420577856662137,1.7782800679308082,2.3713730200033902,0.00202,0.00158489,0.00251189,0.224,0.2,0.25,0.548,0.5,0.6,1990000.0,4170.0,801000.0,1.0,True,0.01,0.95,10.0,39600.0,0.938,0.139
4615,1 - 1 - 2022,19800.0,2.0445048300260873,1.7782800679308082,2.3713730200033902,0.00201,0.00158489,0.00251189,0.224,0.2,0.25,0.648,0.6,0.7,1510000.0,3640.0,466000.0,1.0,True,0.01,0.95,10.0,39600.0,0.938,0.139
4616,1 - 1 - 2022,19800.0,2.0566963801203135,1.7782800679308082,2.3713730200033902,0.00201,0.00158489,0.00251189,0.224,0.2,0.25,0.745,0.7,0.8,1110000.0,3130.0,265000.0,1.0,True,0.01,0.95,10.0,39600.0,0.938,0.139
4617,1 - 1 - 2022,19800.0,2.04939015319192,1.7782800679308082,2.3713730200033902,0.00202,0.00158489,0.00251189,0.223,0.2,0.25,0.845,0.8,0.9,803000.0,2650.0,122000.0,1.0,True,0.01,0.95,10.0,39600.0,0.938,0.139
4618,1 - 1 - 2022,19800.0,2.078460969082653,1.7782800679308082,2.3713730200033902,0.00198,0.00158489,0.00251189,0.223,0.2,0.25,0.951,0.9,1.0,573000.0,2240.0,46400.0,1.0,True,0.01,0.95,10.0,39600.0,0.938,0.139
4619,1 - 1 - 2022,19800.0,2.0566963801203135,1.7782800679308082,2.3713730200033902,0.00201,0.00158489,0.00251189,0.224,0.2,0.25,1.19,1.0,1.5,222000.0,624.0,9680.0,1.0,True,0.01,0.95,10.0,39600.0,0.938,0.139
4620,1 - 1 - 2022,19800.0,2.0420577856662137,1.7782800679308082,2.3713730200033902,0.00202,0.00158489,0.00251189,0.224,0.2,0.25,1.69,1.5,2.0,57300.0,317.0,0.0,1.0,True,0.01,0.95,10.0,39600.0,0.938,0.139
4621,1 - 1 - 2022,19800.0,2.04939015319192,1.7782800679308082,2.3713730200033902,0.00199,0.00158489,0.00251189,0.227,0.2,0.25,2.47,2.0,4.0,8130.0,59.7,194.0,1.0,True,0.01,0.95,10.0,39600.0,0.938,0.139
4622,1 - 1 - 2022,19800.0,2.0124611797498106,1.7782800679308082,2.3713730200033902,0.00201,0.00158489,0.00251189,0.274,0.25,0.3,0.0344,0.0,0.05,252000.0,2100.0,73500.0,1.0,True,0.01,0.95,10.0,39600.0,0.938,0.139
4623,1 - 1 - 2022,19800.0,2.0518284528683193,1.7782800679308082,2.3713730200033902,0.00199,0.00158489,0.00251189,0.274,0.25,0.3,0.078,0.05,0.1,824000.0,3800.0,259000.0,1.0,True,0.01,0.95,10.0,39600.0,0.938,0.139
4624,1 - 1 - 2022,19800.0,2.0518284528683193,1.7782800679308082,2.3713730200033902,0.00201,0.00158489,0.00251189,0.275,0.25,0.3,0.152,0.1,0.2,1280000.0,3340.0,505000.0,1.0,True,0.01,0.95,10.0,39600.0,0.938,0.139
4625,1 - 1 - 2022,19800.0,2.0518284528683193,1.7782800679308082,2.3713730200033902,0.00201,0.00158489,0.00251189,0.272,0.25,0.3,0.251,0.2,0.3,1780000.0,3950.0,880000.0,1.0,True,0.01,0.95,10.0,39600.0,0.938,0.139
4626,1 - 1 - 2022,19800.0,2.0542638584174138,1.7782800679308082,2.3713730200033902,0.002,0.00158489,0.00251189,0.274,0.25,0.3,0.35,0.3,0.4,1980000.0,4160.0,803000.0,1.0,True,0.01,0.95,10.0,39600.0,0.938,0.139
4627,1 - 1 - 2022,19800.0,2.0542638584174138,1.7782800679308082,2.3713730200033902,0.00199,0.00158489,0.00251189,0.274,0.25,0.3,0.451,0.4,0.5,1740000.0,3910.0,662000.0,1.0,True,0.01,0.95,10.0,39600.0,0.938,0.139
4628,1 - 1 - 2022,19800.0,2.0566963801203135,1.7782800679308082,2.3713730200033902,0.00199,0.00158489,0.00251189,0.274,0.25,0.3,0.547,0.5,0.6,1440000.0,3560.0,451000.0,1.0,True,0.01,0.95,10.0,39600.0,0.938,0.139
4629,1 - 1 - 2022,19800.0,2.0445048300260873,1.7782800679308082,2.3713730200033902,0.00202,0.00158489,0.00251189,0.274,0.25,0.3,0.647,0.6,0.7,1140000.0,3170.0,317000.0,1.0,True,0.01,0.95,10.0,39600.0,0.938,0.139
4630,1 - 1 - 2022,19800.0,2.0639767440550294,1.7782800679308082,2.3713730200033902,0.00199,0.00158489,0.00251189,0.273,0.25,0.3,0.748,0.7,0.8,822000.0,2690.0,201000.0,1.0,True,0.01,0.95,10.0,39600.0,0.938,0.139
4631,1 - 1 - 2022,19800.0,2.0639767440550294,1.7782800679308082,2.3713730200033902,0.00199,0.00158489,0.00251189,0.273,0.25,0.3,0.848,0.8,0.9,666000.0,2420.0,89000.0,1.0,True,0.01,0.95,10.0,39600.0,0.938,0.139
4632,1 - 1 - 2022,19800.0,2.0445048300260873,1.7782800679308082,2.3713730200033902,0.00203,0.00158489,0.00251189,0.274,0.25,0.3,0.942,0.9,1.0,443000.0,1970.0,42600.0,1.0,True,0.01,0.95,10.0,39600.0,0.938,0.139
4633,1 - 1 - 2022,19800.0,2.04939015319192,1.7782800679308082,2.3713730200033902,0.00201,0.00158489,0.00251189,0.273,0.25,0.3,1.19,1.0,1.5,162000.0,533.0,11200.0,1.0,True,0.01,0.95,10.0,39600.0,0.938,0.139
4634,1 - 1 - 2022,19800.0,2.0639767440550294,1.7782800679308082,2.3713730200033902,0.002,0.00158489,0.00251189,0.275,0.25,0.3,1.71,1.5,2.0,44900.0,281.0,0.0,1.0,True,0.01,0.95,10.0,39600.0,0.938,0.139
4635,1 - 1 - 2022,19800.0,2.046948949045872,1.7782800679308082,2.3713730200033902,0.00199,0.00158489,0.00251189,0.273,0.25,0.3,2.45,2.0,4.0,6100.0,51.7,677.0,1.0,True,0.01,0.95,10.0,39600.0,0.938,0.139
4636,1 - 1 - 2022,19800.0,2.0542638584174138,1.7782800679308082,2.3713730200033902,0.00202,0.00158489,0.00251189,0.353,0.3,0.4,0.0329,0.0,0.05,166000.0,1210.0,38700.0,1.0,True,0.01,0.95,10.0,39600.0,0.938,0.139
4637,1 - 1 - 2022,19800.0,2.0149441679609885,1.7782800679308082,2.3713730200033902,0.00202,0.00158489,0.00251189,0.344,0.3,0.4,0.078,0.05,0.1,432000.0,1940.0,139000.0,1.0,True,0.01,0.95,10.0,39600.0,0.938,0.139
4638,1 - 1 - 2022,19800.0,2.04939015319192,1.7782800679308082,2.3713730200033902,0.00202,0.00158489,0.00251189,0.345,0.3,0.4,0.154,0.1,0.2,739000.0,1800.0,229000.0,1.0,True,0.01,0.95,10.0,39600.0,0.938,0.139
4639,1 - 1 - 2022,19800.0,2.0445048300260873,1.7782800679308082,2.3713730200033902,0.002,0.00158489,0.00251189,0.345,0.3,0.4,0.25,0.2,0.3,1050000.0,2150.0,305000.0,1.0,True,0.01,0.95,10.0,39600.0,0.938,0.139
4640,1 - 1 - 2022,19800.0,2.0542638584174138,1.7782800679308082,2.3713730200033902,0.00201,0.00158489,0.00251189,0.345,0.3,0.4,0.35,0.3,0.4,1170000.0,2260.0,346000.0,1.0,True,0.01,0.95,10.0,39600.0,0.938,0.139
4641,1 - 1 - 2022,19800.0,2.0518284528683193,1.7782800679308082,2.3713730200033902,0.002,0.00158489,0.00251189,0.344,0.3,0.4,0.447,0.4,0.5,1030000.0,2130.0,306000.0,1.0,True,0.01,0.95,10.0,39600.0,0.938,0.139
4642,1 - 1 - 2022,19800.0,2.04939015319192,1.7782800679308082,2.3713730200033902,0.002,0.00158489,0.00251189,0.345,0.3,0.4,0.548,0.5,0.6,923000.0,2010.0,269000.0,1.0,True,0.01,0.95,10.0,39600.0,0.938,0.139
4643,1 - 1 - 2022,19800.0,2.04939015319192,1.7782800679308082,2.3713730200033902,0.00199,0.00158489,0.00251189,0.346,0.3,0.4,0.646,0.6,0.7,750000.0,1810.0,194000.0,1.0,True,0.01,0.95,10.0,39600.0,0.938,0.139
4644,1 - 1 - 2022,19800.0,2.0445048300260873,1.7782800679308082,2.3713730200033902,0.00201,0.00158489,0.00251189,0.346,0.3,0.4,0.745,0.7,0.8,552000.0,1560.0,122000.0,1.0,True,0.01,0.95,10.0,39600.0,0.938,0.139
4645,1 - 1 - 2022,19800.0,2.04939015319192,1.7782800679308082,2.3713730200033902,0.00201,0.00158489,0.00251189,0.345,0.3,0.4,0.847,0.8,0.9,413000.0,1350.0,91000.0,1.0,True,0.01,0.95,10.0,39600.0,0.938,0.139
4646,1 - 1 - 2022,19800.0,2.0542638584174138,1.7782800679308082,2.3713730200033902,0.00201,0.00158489,0.00251189,0.346,0.3,0.4,0.947,0.9,1.0,284000.0,1120.0,38700.0,1.0,True,0.01,0.95,10.0,39600.0,0.938,0.139
4647,1 - 1 - 2022,19800.0,2.04939015319192,1.7782800679308082,2.3713730200033902,0.002,0.00158489,0.00251189,0.343,0.3,0.4,1.19,1.0,1.5,106000.0,304.0,11000.0,1.0,True,0.01,0.95,10.0,39600.0,0.938,0.139
4648,1 - 1 - 2022,19800.0,2.0663978319771825,1.7782800679308082,2.3713730200033902,0.00199,0.00158489,0.00251189,0.346,0.3,0.4,1.71,1.5,2.0,26500.0,152.0,0.0,1.0,True,0.01,0.95,10.0,39600.0,0.938,0.139
4649,1 - 1 - 2022,19800.0,2.0639767440550294,1.7782800679308082,2.3713730200033902,0.00197,0.00158489,0.00251189,0.343,0.3,0.4,2.53,2.0,4.0,4840.0,32.6,968.0,1.0,True,0.01,0.95,10.0,39600.0,0.938,0.139
4650,1 - 1 - 2022,19800.0,2.0420577856662137,1.7782800679308082,2.3713730200033902,0.00202,0.00158489,0.00251189,0.446,0.4,0.5,0.0359,0.0,0.05,112000.0,992.0,11600.0,1.0,True,0.01,0.95,10.0,39600.0,0.938,0.139
4651,1 - 1 - 2022,19800.0,2.0273134932713295,1.7782800679308082,2.3713730200033902,0.002,0.00158489,0.00251189,0.442,0.4,0.5,0.0776,0.05,0.1,290000.0,1600.0,29000.0,1.0,True,0.01,0.95,10.0,39600.0,0.938,0.139
4652,1 - 1 - 2022,19800.0,2.0346989949375804,1.7782800679308082,2.3713730200033902,0.00201,0.00158489,0.00251189,0.446,0.4,0.5,0.154,0.1,0.2,484000.0,1460.0,48400.0,1.0,True,0.01,0.95,10.0,39600.0,0.938,0.139
4653,1 - 1 - 2022,19800.0,2.039607805437114,1.7782800679308082,2.3713730200033902,0.00201,0.00158489,0.00251189,0.447,0.4,0.5,0.249,0.2,0.3,637000.0,1670.0,108000.0,1.0,True,0.01,0.95,10.0,39600.0,0.938,0.139
4654,1 - 1 - 2022,19800.0,2.04939015319192,1.7782800679308082,2.3713730200033902,0.00199,0.00158489,0.00251189,0.444,0.4,0.5,0.351,0.3,0.4,611000.0,1640.0,146000.0,1.0,True,0.01,0.95,10.0,39600.0,0.938,0.139
4655,1 - 1 - 2022,19800.0,2.0445048300260873,1.7782800679308082,2.3713730200033902,0.00201,0.00158489,0.00251189,0.445,0.4,0.5,0.45,0.4,0.5,625000.0,1660.0,134000.0,1.0,True,0.01,0.95,10.0,39600.0,0.938,0.139
4656,1 - 1 - 2022,19800.0,2.0420577856662137,1.7782800679308082,2.3713730200033902,0.00201,0.00158489,0.00251189,0.445,0.4,0.5,0.55,0.5,0.6,514000.0,1500.0,134000.0,1.0,True,0.01,0.95,10.0,39600.0,0.938,0.139
4657,1 - 1 - 2022,19800.0,2.0591260281974,1.7782800679308082,2.3713730200033902,0.00199,0.00158489,0.00251189,0.446,0.4,0.5,0.647,0.6,0.7,421000.0,1360.0,115000.0,1.0,True,0.01,0.95,10.0,39600.0,0.938,0.139
4658,1 - 1 - 2022,19800.0,2.0542638584174138,1.7782800679308082,2.3713730200033902,0.00199,0.00158489,0.00251189,0.446,0.4,0.5,0.746,0.7,0.8,288000.0,1120.0,73500.0,1.0,True,0.01,0.95,10.0,39600.0,0.938,0.139
4659,1 - 1 - 2022,19800.0,2.0615528128088303,1.7782800679308082,2.3713730200033902,0.002,0.00158489,0.00251189,0.447,0.4,0.5,0.848,0.8,0.9,235000.0,1020.0,48400.0,1.0,True,0.01,0.95,10.0,39600.0,0.938,0.139
4660,1 - 1 - 2022,19800.0,2.071231517720798,1.7782800679308082,2.3713730200033902,0.00198,0.00158489,0.00251189,0.445,0.4,0.5,0.949,0.9,1.0,155000.0,824.0,29000.0,1.0,True,0.01,0.95,10.0,39600.0,0.938,0.139
4661,1 - 1 - 2022,19800.0,2.0639767440550294,1.7782800679308082,2.3713730200033902,0.00199,0.00158489,0.00251189,0.446,0.4,0.5,1.17,1.0,1.5,62500.0,234.0,9870.0,1.0,True,0.01,0.95,10.0,39600.0,0.938,0.139
4662,1 - 1 - 2022,19800.0,2.080865204668481,1.7782800679308082,2.3713730200033902,0.00196,0.00158489,0.00251189,0.446,0.4,0.5,1.69,1.5,2.0,18200.0,126.0,387.0,1.0,True,0.01,0.95,10.0,39600.0,0.938,0.139
4663,1 - 1 - 2022,19800.0,2.073644135332772,1.7782800679308082,2.3713730200033902,0.002,0.00158489,0.00251189,0.448,0.4,0.5,2.52,2.0,4.0,2470.0,23.3,629.0,1.0,True,0.01,0.95,10.0,39600.0,0.938,0.139
4664,1 - 1 - 2022,19800.0,2.0273134932713295,1.7782800679308082,2.3713730200033902,0.00203,0.00158489,0.00251189,0.552,0.5,0.6,0.0336,0.0,0.05,60000.0,725.0,0.0,1.0,True,0.01,0.95,10.0,39600.0,0.938,0.139
4665,1 - 1 - 2022,19800.0,1.9949937343260002,1.7782800679308082,2.3713730200033902,0.00205,0.00158489,0.00251189,0.535,0.5,0.6,0.0788,0.05,0.1,159000.0,1180.0,1930.0,1.0,True,0.01,0.95,10.0,39600.0,0.938,0.139
4666,1 - 1 - 2022,19800.0,2.04939015319192,1.7782800679308082,2.3713730200033902,0.00201,0.00158489,0.00251189,0.548,0.5,0.6,0.152,0.1,0.2,275000.0,1100.0,1940.0,1.0,True,0.01,0.95,10.0,39600.0,0.938,0.139
4667,1 - 1 - 2022,19800.0,2.0420577856662137,1.7782800679308082,2.3713730200033902,0.00202,0.00158489,0.00251189,0.548,0.5,0.6,0.251,0.2,0.3,329000.0,1200.0,20300.0,1.0,True,0.01,0.95,10.0,39600.0,0.938,0.139
4668,1 - 1 - 2022,19800.0,2.0445048300260873,1.7782800679308082,2.3713730200033902,0.00201,0.00158489,0.00251189,0.543,0.5,0.6,0.348,0.3,0.4,356000.0,1250.0,41600.0,1.0,True,0.01,0.95,10.0,39600.0,0.938,0.139
4669,1 - 1 - 2022,19800.0,2.0542638584174138,1.7782800679308082,2.3713730200033902,0.002,0.00158489,0.00251189,0.546,0.5,0.6,0.45,0.4,0.5,296000.0,1140.0,46400.0,1.0,True,0.01,0.95,10.0,39600.0,0.938,0.139
4670,1 - 1 - 2022,19800.0,2.0199009876724157,1.7782800679308082,2.3713730200033902,0.00203,0.00158489,0.00251189,0.545,0.5,0.6,0.549,0.5,0.6,296000.0,1140.0,60000.0,1.0,True,0.01,0.95,10.0,39600.0,0.938,0.139
4671,1 - 1 - 2022,19800.0,2.0591260281974,1.7782800679308082,2.3713730200033902,0.00203,0.00158489,0.00251189,0.545,0.5,0.6,0.647,0.6,0.7,248000.0,1040.0,42600.0,1.0,True,0.01,0.95,10.0,39600.0,0.938,0.139
4672,1 - 1 - 2022,19800.0,2.0566963801203135,1.7782800679308082,2.3713730200033902,0.00202,0.00158489,0.00251189,0.547,0.5,0.6,0.753,0.7,0.8,164000.0,849.0,40600.0,1.0,True,0.01,0.95,10.0,39600.0,0.938,0.139
4673,1 - 1 - 2022,19800.0,2.0542638584174138,1.7782800679308082,2.3713730200033902,0.00199,0.00158489,0.00251189,0.548,0.5,0.6,0.846,0.8,0.9,155000.0,824.0,35800.0,1.0,True,0.01,0.95,10.0,39600.0,0.938,0.139
4674,1 - 1 - 2022,19800.0,2.0371548787463363,1.7782800679308082,2.3713730200033902,0.00203,0.00158489,0.00251189,0.548,0.5,0.6,0.952,0.9,1.0,81300.0,597.0,13500.0,1.0,True,0.01,0.95,10.0,39600.0,0.938,0.139
4675,1 - 1 - 2022,19800.0,2.0518284528683193,1.7782800679308082,2.3713730200033902,0.00204,0.00158489,0.00251189,0.542,0.5,0.6,1.19,1.0,1.5,36400.0,179.0,8320.0,1.0,True,0.01,0.95,10.0,39600.0,0.938,0.139
4676,1 - 1 - 2022,19800.0,2.04939015319192,1.7782800679308082,2.3713730200033902,0.00197,0.00158489,0.00251189,0.543,0.5,0.6,1.7,1.5,2.0,7550.0,81.3,194.0,1.0,True,0.01,0.95,10.0,39600.0,0.938,0.139
4677,1 - 1 - 2022,19800.0,2.0445048300260873,1.7782800679308082,2.3713730200033902,0.00191,0.00158489,0.00251189,0.532,0.5,0.6,2.75,2.0,4.0,1160.0,16.0,242.0,1.0,True,0.01,0.95,10.0,39600.0,0.938,0.139
4678,1 - 1 - 2022,19800.0,2.1,1.7782800679308082,2.3713730200033902,0.0019,0.00158489,0.00251189,0.627,0.6,0.7,0.037,0.0,0.05,17400.0,391.0,0.0,1.0,True,0.01,0.95,10.0,39600.0,0.938,0.139
4679,1 - 1 - 2022,19800.0,2.0346989949375804,1.7782800679308082,2.3713730200033902,0.0021,0.00158489,0.00251189,0.63,0.6,0.7,0.0744,0.05,0.1,56100.0,701.0,0.0,1.0,True,0.01,0.95,10.0,39600.0,0.938,0.139
4680,1 - 1 - 2022,19800.0,2.0346989949375804,1.7782800679308082,2.3713730200033902,0.00201,0.00158489,0.00251189,0.639,0.6,0.7,0.158,0.1,0.2,129000.0,751.0,0.0,1.0,True,0.01,0.95,10.0,39600.0,0.938,0.139
4681,1 - 1 - 2022,19800.0,2.0371548787463363,1.7782800679308082,2.3713730200033902,0.00204,0.00158489,0.00251189,0.64,0.6,0.7,0.25,0.2,0.3,164000.0,847.0,2900.0,1.0,True,0.01,0.95,10.0,39600.0,0.938,0.139
4682,1 - 1 - 2022,19800.0,2.04939015319192,1.7782800679308082,2.3713730200033902,0.00202,0.00158489,0.00251189,0.644,0.6,0.7,0.353,0.3,0.4,178000.0,883.0,4840.0,1.0,True,0.01,0.95,10.0,39600.0,0.938,0.139
4683,1 - 1 - 2022,19800.0,2.029778313018444,1.7782800679308082,2.3713730200033902,0.00198,0.00158489,0.00251189,0.647,0.6,0.7,0.448,0.4,0.5,206000.0,950.0,26100.0,1.0,True,0.01,0.95,10.0,39600.0,0.938,0.139
4684,1 - 1 - 2022,19800.0,2.0518284528683193,1.7782800679308082,2.3713730200033902,0.00204,0.00158489,0.00251189,0.646,0.6,0.7,0.546,0.5,0.6,146000.0,800.0,21300.0,1.0,True,0.01,0.95,10.0,39600.0,0.938,0.139
4685,1 - 1 - 2022,19800.0,2.029778313018444,1.7782800679308082,2.3713730200033902,0.00201,0.00158489,0.00251189,0.644,0.6,0.7,0.651,0.6,0.7,135000.0,771.0,29000.0,1.0,True,0.01,0.95,10.0,39600.0,0.938,0.139
4686,1 - 1 - 2022,19800.0,2.0445048300260873,1.7782800679308082,2.3713730200033902,0.00202,0.00158489,0.00251189,0.641,0.6,0.7,0.752,0.7,0.8,108000.0,689.0,24200.0,1.0,True,0.01,0.95,10.0,39600.0,0.938,0.139
4687,1 - 1 - 2022,19800.0,2.0976176963403033,1.7782800679308082,2.3713730200033902,0.00197,0.00158489,0.00251189,0.645,0.6,0.7,0.853,0.8,0.9,70600.0,556.0,6770.0,1.0,True,0.01,0.95,10.0,39600.0,0.938,0.139
4688,1 - 1 - 2022,19800.0,2.090454496036687,1.7782800679308082,2.3713730200033902,0.00198,0.00158489,0.00251189,0.64,0.6,0.7,0.943,0.9,1.0,58100.0,504.0,12600.0,1.0,True,0.01,0.95,10.0,39600.0,0.938,0.139
4689,1 - 1 - 2022,19800.0,2.0639767440550294,1.7782800679308082,2.3713730200033902,0.00201,0.00158489,0.00251189,0.646,0.6,0.7,1.19,1.0,1.5,18600.0,128.0,3290.0,1.0,True,0.01,0.95,10.0,39600.0,0.938,0.139
4690,1 - 1 - 2022,19800.0,2.08806130178211,1.7782800679308082,2.3713730200033902,0.00195,0.00158489,0.00251189,0.643,0.6,0.7,1.73,1.5,2.0,2520.0,47.0,0.0,1.0,True,0.01,0.95,10.0,39600.0,0.938,0.139
4691,1 - 1 - 2022,19800.0,2.085665361461421,1.7782800679308082,2.3713730200033902,0.00191,0.00158489,0.00251189,0.631,0.6,0.7,2.46,2.0,4.0,871.0,13.8,48.4,1.0,True,0.01,0.95,10.0,39600.0,0.938,0.139
4692,1 - 1 - 2022,19800.0,1.9874606914351791,1.7782800679308082,2.3713730200033902,0.00215,0.00158489,0.00251189,0.751,0.7,0.8,0.0359,0.0,0.05,13500.0,345.0,0.0,1.0,True,0.01,0.95,10.0,39600.0,0.938,0.139
4693,1 - 1 - 2022,19800.0,2.046948949045872,1.7782800679308082,2.3713730200033902,0.00209,0.00158489,0.00251189,0.752,0.7,0.8,0.0748,0.05,0.1,29000.0,504.0,0.0,1.0,True,0.01,0.95,10.0,39600.0,0.938,0.139
4694,1 - 1 - 2022,19800.0,2.0199009876724157,1.7782800679308082,2.3713730200033902,0.00198,0.00158489,0.00251189,0.74,0.7,0.8,0.167,0.1,0.2,46400.0,451.0,0.0,1.0,True,0.01,0.95,10.0,39600.0,0.938,0.139
4695,1 - 1 - 2022,19800.0,2.0445048300260873,1.7782800679308082,2.3713730200033902,0.00203,0.00158489,0.00251189,0.745,0.7,0.8,0.255,0.2,0.3,86100.0,614.0,0.0,1.0,True,0.01,0.95,10.0,39600.0,0.938,0.139
4696,1 - 1 - 2022,19800.0,2.06881608655772,1.7782800679308082,2.3713730200033902,0.00202,0.00158489,0.00251189,0.745,0.7,0.8,0.349,0.3,0.4,82200.0,600.0,0.0,1.0,True,0.01,0.95,10.0,39600.0,0.938,0.139
4697,1 - 1 - 2022,19800.0,2.0248456731316584,1.7782800679308082,2.3713730200033902,0.00204,0.00158489,0.00251189,0.744,0.7,0.8,0.448,0.4,0.5,96800.0,651.0,1940.0,1.0,True,0.01,0.95,10.0,39600.0,0.938,0.139
4698,1 - 1 - 2022,19800.0,2.009975124224178,1.7782800679308082,2.3713730200033902,0.00197,0.00158489,0.00251189,0.746,0.7,0.8,0.553,0.5,0.6,82200.0,600.0,8710.0,1.0,True,0.01,0.95,10.0,39600.0,0.938,0.139
4699,1 - 1 - 2022,19800.0,2.004993765576342,1.7782800679308082,2.3713730200033902,0.00201,0.00158489,0.00251189,0.743,0.7,0.8,0.648,0.6,0.7,72600.0,564.0,7740.0,1.0,True,0.01,0.95,10.0,39600.0,0.938,0.139
4700,1 - 1 - 2022,19800.0,2.1118712081942874,1.7782800679308082,2.3713730200033902,0.00199,0.00158489,0.00251189,0.751,0.7,0.8,0.743,0.7,0.8,51300.0,474.0,4840.0,1.0,True,0.01,0.95,10.0,39600.0,0.938,0.139
4701,1 - 1 - 2022,19800.0,2.029778313018444,1.7782800679308082,2.3713730200033902,0.00204,0.00158489,0.00251189,0.744,0.7,0.8,0.841,0.8,0.9,50300.0,470.0,3870.0,1.0,True,0.01,0.95,10.0,39600.0,0.938,0.139
4702,1 - 1 - 2022,19800.0,2.0346989949375804,1.7782800679308082,2.3713730200033902,0.00202,0.00158489,0.00251189,0.749,0.7,0.8,0.952,0.9,1.0,32900.0,380.0,4840.0,1.0,True,0.01,0.95,10.0,39600.0,0.938,0.139
4703,1 - 1 - 2022,19800.0,2.0248456731316584,1.7782800679308082,2.3713730200033902,0.00206,0.00158489,0.00251189,0.748,0.7,0.8,1.17,1.0,1.5,13200.0,107.0,1940.0,1.0,True,0.01,0.95,10.0,39600.0,0.938,0.139
4704,1 - 1 - 2022,19800.0,2.12367605815953,1.7782800679308082,2.3713730200033902,0.00191,0.00158489,0.00251189,0.747,0.7,0.8,1.7,1.5,2.0,2130.0,43.2,387.0,1.0,True,0.01,0.95,10.0,39600.0,0.938,0.139
4705,1 - 1 - 2022,19800.0,2.0371548787463363,1.7782800679308082,2.3713730200033902,0.00201,0.00158489,0.00251189,0.759,0.7,0.8,2.6,2.0,4.0,339.0,8.62,96.8,1.0,True,0.01,0.95,10.0,39600.0,0.938,0.139
4706,1 - 1 - 2022,19800.0,2.1540659228538015,1.7782800679308082,2.3713730200033902,0.00192,0.00158489,0.00251189,0.841,0.8,0.9,0.035,0.0,0.05,15500.0,368.0,0.0,1.0,True,0.01,0.95,10.0,39600.0,0.938,0.139
4707,1 - 1 - 2022,19800.0,2.0566963801203135,1.7782800679308082,2.3713730200033902,0.00207,0.00158489,0.00251189,0.84,0.8,0.9,0.0746,0.05,0.1,21300.0,432.0,0.0,1.0,True,0.01,0.95,10.0,39600.0,0.938,0.139
4708,1 - 1 - 2022,19800.0,2.0760539492026693,1.7782800679308082,2.3713730200033902,0.00202,0.00158489,0.00251189,0.841,0.8,0.9,0.146,0.1,0.2,31900.0,374.0,0.0,1.0,True,0.01,0.95,10.0,39600.0,0.938,0.139
4709,1 - 1 - 2022,19800.0,2.0273134932713295,1.7782800679308082,2.3713730200033902,0.002,0.00158489,0.00251189,0.845,0.8,0.9,0.26,0.2,0.3,47400.0,456.0,0.0,1.0,True,0.01,0.95,10.0,39600.0,0.938,0.139
4710,1 - 1 - 2022,19800.0,2.046948949045872,1.7782800679308082,2.3713730200033902,0.00198,0.00158489,0.00251189,0.839,0.8,0.9,0.35,0.3,0.4,57100.0,500.0,0.0,1.0,True,0.01,0.95,10.0,39600.0,0.938,0.139
4711,1 - 1 - 2022,19800.0,2.0124611797498106,1.7782800679308082,2.3713730200033902,0.00202,0.00158489,0.00251189,0.836,0.8,0.9,0.457,0.4,0.5,51300.0,474.0,0.0,1.0,True,0.01,0.95,10.0,39600.0,0.938,0.139
4712,1 - 1 - 2022,19800.0,2.0199009876724157,1.7782800679308082,2.3713730200033902,0.00208,0.00158489,0.00251189,0.839,0.8,0.9,0.551,0.5,0.6,39700.0,417.0,1930.0,1.0,True,0.01,0.95,10.0,39600.0,0.938,0.139
4713,1 - 1 - 2022,19800.0,2.046948949045872,1.7782800679308082,2.3713730200033902,0.00201,0.00158489,0.00251189,0.847,0.8,0.9,0.642,0.6,0.7,45500.0,446.0,0.0,1.0,True,0.01,0.95,10.0,39600.0,0.938,0.139
4714,1 - 1 - 2022,19800.0,2.078460969082653,1.7782800679308082,2.3713730200033902,0.00196,0.00158489,0.00251189,0.855,0.8,0.9,0.739,0.7,0.8,24200.0,326.0,0.0,1.0,True,0.01,0.95,10.0,39600.0,0.938,0.139
4715,1 - 1 - 2022,19800.0,2.0199009876724157,1.7782800679308082,2.3713730200033902,0.00199,0.00158489,0.00251189,0.833,0.8,0.9,0.842,0.8,0.9,22300.0,312.0,2900.0,1.0,True,0.01,0.95,10.0,39600.0,0.938,0.139
4716,1 - 1 - 2022,19800.0,2.039607805437114,1.7782800679308082,2.3713730200033902,0.00209,0.00158489,0.00251189,0.84,0.8,0.9,0.947,0.9,1.0,15500.0,260.0,0.0,1.0,True,0.01,0.95,10.0,39600.0,0.938,0.139
4717,1 - 1 - 2022,19800.0,2.083266665599966,1.7782800679308082,2.3713730200033902,0.00195,0.00158489,0.00251189,0.845,0.8,0.9,1.2,1.0,1.5,3480.0,55.3,387.0,1.0,True,0.01,0.95,10.0,39600.0,0.938,0.139
4718,1 - 1 - 2022,19800.0,2.1260291625469296,1.7782800679308082,2.3713730200033902,0.00191,0.00158489,0.00251189,0.833,0.8,0.9,1.82,1.5,2.0,387.0,18.4,0.0,1.0,True,0.01,0.95,10.0,39600.0,0.938,0.139
4719,1 - 1 - 2022,19800.0,1.8384776310850235,1.7782800679308082,2.3713730200033902,0.00194,0.00158489,0.00251189,0.822,0.8,0.9,2.21,2.0,4.0,48.4,3.26,0.0,1.0,True,0.01,0.95,10.0,39600.0,0.938,0.139
4720,1 - 1 - 2022,19800.0,2.1095023109728985,1.7782800679308082,2.3713730200033902,0.00227,0.00158489,0.00251189,0.944,0.9,1.0,0.0374,0.0,0.05,5810.0,226.0,0.0,1.0,True,0.01,0.95,10.0,39600.0,0.938,0.139
4721,1 - 1 - 2022,19800.0,1.9078784028338913,1.7782800679308082,2.3713730200033902,0.00217,0.00158489,0.00251189,0.917,0.9,1.0,0.0692,0.05,0.1,11600.0,319.0,0.0,1.0,True,0.01,0.95,10.0,39600.0,0.938,0.139
4722,1 - 1 - 2022,19800.0,2.0976176963403033,1.7782800679308082,2.3713730200033902,0.00199,0.00158489,0.00251189,0.937,0.9,1.0,0.171,0.1,0.2,9680.0,206.0,0.0,1.0,True,0.01,0.95,10.0,39600.0,0.938,0.139
4723,1 - 1 - 2022,19800.0,2.118962010041709,1.7782800679308082,2.3713730200033902,0.00197,0.00158489,0.00251189,0.94,0.9,1.0,0.249,0.2,0.3,19400.0,291.0,0.0,1.0,True,0.01,0.95,10.0,39600.0,0.938,0.139
4724,1 - 1 - 2022,19800.0,2.080865204668481,1.7782800679308082,2.3713730200033902,0.00206,0.00158489,0.00251189,0.93,0.9,1.0,0.361,0.3,0.4,17400.0,276.0,0.0,1.0,True,0.01,0.95,10.0,39600.0,0.938,0.139
4725,1 - 1 - 2022,19800.0,2.08806130178211,1.7782800679308082,2.3713730200033902,0.00205,0.00158489,0.00251189,0.934,0.9,1.0,0.453,0.4,0.5,25200.0,332.0,0.0,1.0,True,0.01,0.95,10.0,39600.0,0.938,0.139
4726,1 - 1 - 2022,19800.0,2.0566963801203135,1.7782800679308082,2.3713730200033902,0.00197,0.00158489,0.00251189,0.928,0.9,1.0,0.545,0.5,0.6,18400.0,284.0,0.0,1.0,True,0.01,0.95,10.0,39600.0,0.938,0.139
4727,1 - 1 - 2022,19800.0,2.118962010041709,1.7782800679308082,2.3713730200033902,0.00199,0.00158489,0.00251189,0.932,0.9,1.0,0.653,0.6,0.7,10600.0,216.0,0.0,1.0,True,0.01,0.95,10.0,39600.0,0.938,0.139
4728,1 - 1 - 2022,19800.0,2.0322401432901573,1.7782800679308082,2.3713730200033902,0.00192,0.00158489,0.00251189,0.941,0.9,1.0,0.735,0.7,0.8,7740.0,184.0,0.0,1.0,True,0.01,0.95,10.0,39600.0,0.938,0.139
4729,1 - 1 - 2022,19800.0,2.142428528562855,1.7782800679308082,2.3713730200033902,0.00214,0.00158489,0.00251189,0.923,0.9,1.0,0.826,0.8,0.9,3870.0,130.0,0.0,1.0,True,0.01,0.95,10.0,39600.0,0.938,0.139
4730,1 - 1 - 2022,19800.0,2.046948949045872,1.7782800679308082,2.3713730200033902,0.00185,0.00158489,0.00251189,0.955,0.9,1.0,0.931,0.9,1.0,3870.0,130.0,0.0,1.0,True,0.01,0.95,10.0,39600.0,0.938,0.139
4731,1 - 1 - 2022,19800.0,1.9026297590440449,1.7782800679308082,2.3713730200033902,0.00214,0.00158489,0.00251189,0.936,0.9,1.0,1.07,1.0,1.5,1160.0,31.9,0.0,1.0,True,0.01,0.95,10.0,39600.0,0.938,0.139
4732,1 - 1 - 2022,19800.0,2.08806130178211,1.7782800679308082,2.3713730200033902,0.00312,0.00251189,0.00398107,0.0371,0.0,0.05,0.0339,0.0,0.05,530000.0,2420.0,520000.0,1.0,True,0.01,0.95,10.0,39600.0,0.938,0.139
4733,1 - 1 - 2022,19800.0,2.06881608655772,1.7782800679308082,2.3713730200033902,0.00311,0.00251189,0.00398107,0.0331,0.0,0.05,0.0793,0.05,0.1,1990000.0,4690.0,1670000.0,1.0,True,0.01,0.95,10.0,39600.0,0.938,0.139
4734,1 - 1 - 2022,19800.0,2.06881608655772,1.7782800679308082,2.3713730200033902,0.00314,0.00251189,0.00398107,0.0284,0.0,0.05,0.158,0.1,0.2,6110000.0,5810.0,3910000.0,1.0,True,0.01,0.95,10.0,39600.0,0.938,0.139
4735,1 - 1 - 2022,19800.0,2.0591260281974,1.7782800679308082,2.3713730200033902,0.00315,0.00251189,0.00398107,0.0253,0.0,0.05,0.251,0.2,0.3,9820000.0,7370.0,4210000.0,1.0,True,0.01,0.95,10.0,39600.0,0.938,0.139
4736,1 - 1 - 2022,19800.0,2.0591260281974,1.7782800679308082,2.3713730200033902,0.00314,0.00251189,0.00398107,0.0243,0.0,0.05,0.35,0.3,0.4,10400000.0,7590.0,3230000.0,1.0,True,0.01,0.95,10.0,39600.0,0.938,0.139
4737,1 - 1 - 2022,19800.0,2.0591260281974,1.7782800679308082,2.3713730200033902,0.00316,0.00251189,0.00398107,0.0238,0.0,0.05,0.449,0.4,0.5,9020000.0,7060.0,2290000.0,1.0,True,0.01,0.95,10.0,39600.0,0.938,0.139
4738,1 - 1 - 2022,19800.0,2.0663978319771825,1.7782800679308082,2.3713730200033902,0.00315,0.00251189,0.00398107,0.0242,0.0,0.05,0.548,0.5,0.6,6770000.0,6120.0,1490000.0,1.0,True,0.01,0.95,10.0,39600.0,0.938,0.139
4739,1 - 1 - 2022,19800.0,2.0639767440550294,1.7782800679308082,2.3713730200033902,0.00315,0.00251189,0.00398107,0.0241,0.0,0.05,0.646,0.6,0.7,4970000.0,5250.0,1150000.0,1.0,True,0.01,0.95,10.0,39600.0,0.938,0.139
4740,1 - 1 - 2022,19800.0,2.0591260281974,1.7782800679308082,2.3713730200033902,0.00315,0.00251189,0.00398107,0.0251,0.0,0.05,0.747,0.7,0.8,3290000.0,4270.0,759000.0,1.0,True,0.01,0.95,10.0,39600.0,0.938,0.139
4741,1 - 1 - 2022,19800.0,2.0615528128088303,1.7782800679308082,2.3713730200033902,0.00315,0.00251189,0.00398107,0.026,0.0,0.05,0.847,0.8,0.9,1950000.0,3280.0,413000.0,1.0,True,0.01,0.95,10.0,39600.0,0.938,0.139
4742,1 - 1 - 2022,19800.0,2.0639767440550294,1.7782800679308082,2.3713730200033902,0.00314,0.00251189,0.00398107,0.0267,0.0,0.05,0.946,0.9,1.0,1240000.0,2620.0,254000.0,1.0,True,0.01,0.95,10.0,39600.0,0.938,0.139
4743,1 - 1 - 2022,19800.0,2.0663978319771825,1.7782800679308082,2.3713730200033902,0.00314,0.00251189,0.00398107,0.0276,0.0,0.05,1.15,1.0,1.5,334000.0,608.0,80600.0,1.0,True,0.01,0.95,10.0,39600.0,0.938,0.139
4744,1 - 1 - 2022,19800.0,2.0566963801203135,1.7782800679308082,2.3713730200033902,0.00314,0.00251189,0.00398107,0.0313,0.0,0.05,1.69,1.5,2.0,27600.0,175.0,7330.0,1.0,True,0.01,0.95,10.0,39600.0,0.938,0.139
4745,1 - 1 - 2022,19800.0,2.1587033144922905,1.7782800679308082,2.3713730200033902,0.00305,0.00251189,0.00398107,0.0364,0.0,0.05,2.29,2.0,4.0,1650.0,21.4,427.0,1.0,True,0.01,0.95,10.0,39600.0,0.938,0.139
4746,1 - 1 - 2022,19800.0,2.0591260281974,1.7782800679308082,2.3713730200033902,0.00318,0.00251189,0.00398107,0.0713,0.05,0.1,0.0328,0.0,0.05,786000.0,2950.0,774000.0,1.0,True,0.01,0.95,10.0,39600.0,0.938,0.139
4747,1 - 1 - 2022,19800.0,2.0542638584174138,1.7782800679308082,2.3713730200033902,0.00318,0.00251189,0.00398107,0.0722,0.05,0.1,0.0771,0.05,0.1,2410000.0,5170.0,2370000.0,1.0,True,0.01,0.95,10.0,39600.0,0.938,0.139
4748,1 - 1 - 2022,19800.0,2.046948949045872,1.7782800679308082,2.3713730200033902,0.00318,0.00251189,0.00398107,0.073,0.05,0.1,0.154,0.1,0.2,3930000.0,4660.0,3770000.0,1.0,True,0.01,0.95,10.0,39600.0,0.938,0.139
4749,1 - 1 - 2022,19800.0,2.046948949045872,1.7782800679308082,2.3713730200033902,0.00318,0.00251189,0.00398107,0.0725,0.05,0.1,0.25,0.2,0.3,5240000.0,5380.0,4900000.0,1.0,True,0.01,0.95,10.0,39600.0,0.938,0.139
4750,1 - 1 - 2022,19800.0,2.0445048300260873,1.7782800679308082,2.3713730200033902,0.00319,0.00251189,0.00398107,0.0724,0.05,0.1,0.35,0.3,0.4,5110000.0,5320.0,4280000.0,1.0,True,0.01,0.95,10.0,39600.0,0.938,0.139
4751,1 - 1 - 2022,19800.0,2.0518284528683193,1.7782800679308082,2.3713730200033902,0.00317,0.00251189,0.00398107,0.0731,0.05,0.1,0.448,0.4,0.5,4370000.0,4920.0,2860000.0,1.0,True,0.01,0.95,10.0,39600.0,0.938,0.139
4752,1 - 1 - 2022,19800.0,2.0445048300260873,1.7782800679308082,2.3713730200033902,0.00317,0.00251189,0.00398107,0.0728,0.05,0.1,0.548,0.5,0.6,3520000.0,4410.0,1580000.0,1.0,True,0.01,0.95,10.0,39600.0,0.938,0.139
4753,1 - 1 - 2022,19800.0,2.04939015319192,1.7782800679308082,2.3713730200033902,0.00319,0.00251189,0.00398107,0.0726,0.05,0.1,0.648,0.6,0.7,2500000.0,3720.0,587000.0,1.0,True,0.01,0.95,10.0,39600.0,0.938,0.139
4754,1 - 1 - 2022,19800.0,2.04939015319192,1.7782800679308082,2.3713730200033902,0.00317,0.00251189,0.00398107,0.073,0.05,0.1,0.748,0.7,0.8,1850000.0,3200.0,247000.0,1.0,True,0.01,0.95,10.0,39600.0,0.938,0.139
4755,1 - 1 - 2022,19800.0,2.046948949045872,1.7782800679308082,2.3713730200033902,0.00315,0.00251189,0.00398107,0.0725,0.05,0.1,0.847,0.8,0.9,1160000.0,2540.0,56200.0,1.0,True,0.01,0.95,10.0,39600.0,0.938,0.139
4756,1 - 1 - 2022,19800.0,2.046948949045872,1.7782800679308082,2.3713730200033902,0.0032,0.00251189,0.00398107,0.0738,0.05,0.1,0.946,0.9,1.0,830000.0,2140.0,14700.0,1.0,True,0.01,0.95,10.0,39600.0,0.938,0.139
4757,1 - 1 - 2022,19800.0,2.04939015319192,1.7782800679308082,2.3713730200033902,0.00316,0.00251189,0.00398107,0.0729,0.05,0.1,1.17,1.0,1.5,263000.0,540.0,733.0,1.0,True,0.01,0.95,10.0,39600.0,0.938,0.139
4758,1 - 1 - 2022,19800.0,2.0639767440550294,1.7782800679308082,2.3713730200033902,0.00317,0.00251189,0.00398107,0.0739,0.05,0.1,1.7,1.5,2.0,44400.0,222.0,0.0,1.0,True,0.01,0.95,10.0,39600.0,0.938,0.139
4759,1 - 1 - 2022,19800.0,2.092844953645635,1.7782800679308082,2.3713730200033902,0.00296,0.00251189,0.00398107,0.0747,0.05,0.1,2.39,2.0,4.0,3600.0,31.6,0.0,1.0,True,0.01,0.95,10.0,39600.0,0.938,0.139
4760,1 - 1 - 2022,19800.0,2.0346989949375804,1.7782800679308082,2.3713730200033902,0.00321,0.00251189,0.00398107,0.125,0.1,0.15,0.0315,0.0,0.05,459000.0,2250.0,388000.0,1.0,True,0.01,0.95,10.0,39600.0,0.938,0.139
4761,1 - 1 - 2022,19800.0,2.0518284528683193,1.7782800679308082,2.3713730200033902,0.00317,0.00251189,0.00398107,0.124,0.1,0.15,0.0777,0.05,0.1,1550000.0,4140.0,1290000.0,1.0,True,0.01,0.95,10.0,39600.0,0.938,0.139
4762,1 - 1 - 2022,19800.0,2.0518284528683193,1.7782800679308082,2.3713730200033902,0.00319,0.00251189,0.00398107,0.123,0.1,0.15,0.153,0.1,0.2,2580000.0,3780.0,2090000.0,1.0,True,0.01,0.95,10.0,39600.0,0.938,0.139
4763,1 - 1 - 2022,19800.0,2.0445048300260873,1.7782800679308082,2.3713730200033902,0.00319,0.00251189,0.00398107,0.123,0.1,0.15,0.25,0.2,0.3,3280000.0,4260.0,2690000.0,1.0,True,0.01,0.95,10.0,39600.0,0.938,0.139
4764,1 - 1 - 2022,19800.0,2.0518284528683193,1.7782800679308082,2.3713730200033902,0.00317,0.00251189,0.00398107,0.123,0.1,0.15,0.35,0.3,0.4,3260000.0,4250.0,2660000.0,1.0,True,0.01,0.95,10.0,39600.0,0.938,0.139
4765,1 - 1 - 2022,19800.0,2.04939015319192,1.7782800679308082,2.3713730200033902,0.00317,0.00251189,0.00398107,0.123,0.1,0.15,0.449,0.4,0.5,2840000.0,3970.0,2240000.0,1.0,True,0.01,0.95,10.0,39600.0,0.938,0.139
4766,1 - 1 - 2022,19800.0,2.046948949045872,1.7782800679308082,2.3713730200033902,0.00318,0.00251189,0.00398107,0.124,0.1,0.15,0.547,0.5,0.6,2250000.0,3530.0,1550000.0,1.0,True,0.01,0.95,10.0,39600.0,0.938,0.139
4767,1 - 1 - 2022,19800.0,2.0445048300260873,1.7782800679308082,2.3713730200033902,0.00317,0.00251189,0.00398107,0.123,0.1,0.15,0.646,0.6,0.7,1720000.0,3080.0,957000.0,1.0,True,0.01,0.95,10.0,39600.0,0.938,0.139
4768,1 - 1 - 2022,19800.0,2.0542638584174138,1.7782800679308082,2.3713730200033902,0.00317,0.00251189,0.00398107,0.124,0.1,0.15,0.747,0.7,0.8,1220000.0,2600.0,535000.0,1.0,True,0.01,0.95,10.0,39600.0,0.938,0.139
4769,1 - 1 - 2022,19800.0,2.0518284528683193,1.7782800679308082,2.3713730200033902,0.0032,0.00251189,0.00398107,0.124,0.1,0.15,0.845,0.8,0.9,795000.0,2100.0,232000.0,1.0,True,0.01,0.95,10.0,39600.0,0.938,0.139
4770,1 - 1 - 2022,19800.0,2.0639767440550294,1.7782800679308082,2.3713730200033902,0.00319,0.00251189,0.00398107,0.123,0.1,0.15,0.947,0.9,1.0,540000.0,1730.0,109000.0,1.0,True,0.01,0.95,10.0,39600.0,0.938,0.139
4771,1 - 1 - 2022,19800.0,2.0591260281974,1.7782800679308082,2.3713730200033902,0.00318,0.00251189,0.00398107,0.124,0.1,0.15,1.18,1.0,1.5,193000.0,462.0,7080.0,1.0,True,0.01,0.95,10.0,39600.0,0.938,0.139
4772,1 - 1 - 2022,19800.0,2.0639767440550294,1.7782800679308082,2.3713730200033902,0.00318,0.00251189,0.00398107,0.123,0.1,0.15,1.7,1.5,2.0,37800.0,205.0,0.0,1.0,True,0.01,0.95,10.0,39600.0,0.938,0.139
4773,1 - 1 - 2022,19800.0,2.0566963801203135,1.7782800679308082,2.3713730200033902,0.0031,0.00251189,0.00398107,0.124,0.1,0.15,2.4,2.0,4.0,3790.0,32.4,0.0,1.0,True,0.01,0.95,10.0,39600.0,0.938,0.139
4774,1 - 1 - 2022,19800.0,2.046948949045872,1.7782800679308082,2.3713730200033902,0.0032,0.00251189,0.00398107,0.173,0.15,0.2,0.0326,0.0,0.05,349000.0,1970.0,298000.0,1.0,True,0.01,0.95,10.0,39600.0,0.938,0.139
4775,1 - 1 - 2022,19800.0,2.0615528128088303,1.7782800679308082,2.3713730200033902,0.00318,0.00251189,0.00398107,0.173,0.15,0.2,0.0784,0.05,0.1,1010000.0,3340.0,777000.0,1.0,True,0.01,0.95,10.0,39600.0,0.938,0.139
4776,1 - 1 - 2022,19800.0,2.0566963801203135,1.7782800679308082,2.3713730200033902,0.00317,0.00251189,0.00398107,0.173,0.15,0.2,0.155,0.1,0.2,1790000.0,3150.0,1170000.0,1.0,True,0.01,0.95,10.0,39600.0,0.938,0.139
4777,1 - 1 - 2022,19800.0,2.04939015319192,1.7782800679308082,2.3713730200033902,0.0032,0.00251189,0.00398107,0.174,0.15,0.2,0.251,0.2,0.3,2170000.0,3460.0,1500000.0,1.0,True,0.01,0.95,10.0,39600.0,0.938,0.139
4778,1 - 1 - 2022,19800.0,2.0542638584174138,1.7782800679308082,2.3713730200033902,0.00318,0.00251189,0.00398107,0.174,0.15,0.2,0.349,0.3,0.4,2160000.0,3450.0,1340000.0,1.0,True,0.01,0.95,10.0,39600.0,0.938,0.139
4779,1 - 1 - 2022,19800.0,2.0420577856662137,1.7782800679308082,2.3713730200033902,0.00318,0.00251189,0.00398107,0.174,0.15,0.2,0.45,0.4,0.5,2010000.0,3330.0,1140000.0,1.0,True,0.01,0.95,10.0,39600.0,0.938,0.139
4780,1 - 1 - 2022,19800.0,2.04939015319192,1.7782800679308082,2.3713730200033902,0.00319,0.00251189,0.00398107,0.174,0.15,0.2,0.547,0.5,0.6,1610000.0,2980.0,774000.0,1.0,True,0.01,0.95,10.0,39600.0,0.938,0.139
4781,1 - 1 - 2022,19800.0,2.0542638584174138,1.7782800679308082,2.3713730200033902,0.00317,0.00251189,0.00398107,0.174,0.15,0.2,0.647,0.6,0.7,1240000.0,2620.0,505000.0,1.0,True,0.01,0.95,10.0,39600.0,0.938,0.139
4782,1 - 1 - 2022,19800.0,2.0518284528683193,1.7782800679308082,2.3713730200033902,0.00316,0.00251189,0.00398107,0.173,0.15,0.2,0.747,0.7,0.8,863000.0,2190.0,249000.0,1.0,True,0.01,0.95,10.0,39600.0,0.938,0.139
4783,1 - 1 - 2022,19800.0,2.0445048300260873,1.7782800679308082,2.3713730200033902,0.0032,0.00251189,0.00398107,0.174,0.15,0.2,0.848,0.8,0.9,639000.0,1880.0,160000.0,1.0,True,0.01,0.95,10.0,39600.0,0.938,0.139
4784,1 - 1 - 2022,19800.0,2.04939015319192,1.7782800679308082,2.3713730200033902,0.00318,0.00251189,0.00398107,0.174,0.15,0.2,0.949,0.9,1.0,389000.0,1470.0,73300.0,1.0,True,0.01,0.95,10.0,39600.0,0.938,0.139
4785,1 - 1 - 2022,19800.0,2.039607805437114,1.7782800679308082,2.3713730200033902,0.00317,0.00251189,0.00398107,0.173,0.15,0.2,1.18,1.0,1.5,149000.0,407.0,11200.0,1.0,True,0.01,0.95,10.0,39600.0,0.938,0.139
4786,1 - 1 - 2022,19800.0,2.073644135332772,1.7782800679308082,2.3713730200033902,0.0032,0.00251189,0.00398107,0.175,0.15,0.2,1.69,1.5,2.0,34400.0,195.0,244.0,1.0,True,0.01,0.95,10.0,39600.0,0.938,0.139
4787,1 - 1 - 2022,19800.0,2.0976176963403033,1.7782800679308082,2.3713730200033902,0.00322,0.00251189,0.00398107,0.172,0.15,0.2,2.46,2.0,4.0,3790.0,32.4,0.0,1.0,True,0.01,0.95,10.0,39600.0,0.938,0.139
4788,1 - 1 - 2022,19800.0,2.04939015319192,1.7782800679308082,2.3713730200033902,0.00317,0.00251189,0.00398107,0.222,0.2,0.25,0.0334,0.0,0.05,225000.0,1580.0,156000.0,1.0,True,0.01,0.95,10.0,39600.0,0.938,0.139
4789,1 - 1 - 2022,19800.0,2.0566963801203135,1.7782800679308082,2.3713730200033902,0.00316,0.00251189,0.00398107,0.224,0.2,0.25,0.0782,0.05,0.1,606000.0,2590.0,325000.0,1.0,True,0.01,0.95,10.0,39600.0,0.938,0.139
4790,1 - 1 - 2022,19800.0,2.039607805437114,1.7782800679308082,2.3713730200033902,0.00318,0.00251189,0.00398107,0.223,0.2,0.25,0.154,0.1,0.2,1120000.0,2490.0,612000.0,1.0,True,0.01,0.95,10.0,39600.0,0.938,0.139
4791,1 - 1 - 2022,19800.0,2.0542638584174138,1.7782800679308082,2.3713730200033902,0.00318,0.00251189,0.00398107,0.224,0.2,0.25,0.252,0.2,0.3,1480000.0,2860.0,932000.0,1.0,True,0.01,0.95,10.0,39600.0,0.938,0.139
4792,1 - 1 - 2022,19800.0,2.0566963801203135,1.7782800679308082,2.3713730200033902,0.00318,0.00251189,0.00398107,0.224,0.2,0.25,0.349,0.3,0.4,1570000.0,2950.0,820000.0,1.0,True,0.01,0.95,10.0,39600.0,0.938,0.139
4793,1 - 1 - 2022,19800.0,2.0445048300260873,1.7782800679308082,2.3713730200033902,0.00319,0.00251189,0.00398107,0.224,0.2,0.25,0.449,0.4,0.5,1400000.0,2780.0,628000.0,1.0,True,0.01,0.95,10.0,39600.0,0.938,0.139
4794,1 - 1 - 2022,19800.0,2.046948949045872,1.7782800679308082,2.3713730200033902,0.00317,0.00251189,0.00398107,0.223,0.2,0.25,0.548,0.5,0.6,1120000.0,2490.0,441000.0,1.0,True,0.01,0.95,10.0,39600.0,0.938,0.139
4795,1 - 1 - 2022,19800.0,2.039607805437114,1.7782800679308082,2.3713730200033902,0.00318,0.00251189,0.00398107,0.224,0.2,0.25,0.648,0.6,0.7,917000.0,2250.0,321000.0,1.0,True,0.01,0.95,10.0,39600.0,0.938,0.139
4796,1 - 1 - 2022,19800.0,2.0542638584174138,1.7782800679308082,2.3713730200033902,0.00319,0.00251189,0.00398107,0.224,0.2,0.25,0.745,0.7,0.8,687000.0,1950.0,203000.0,1.0,True,0.01,0.95,10.0,39600.0,0.938,0.139
4797,1 - 1 - 2022,19800.0,2.0566963801203135,1.7782800679308082,2.3713730200033902,0.00319,0.00251189,0.00398107,0.224,0.2,0.25,0.847,0.8,0.9,470000.0,1610.0,101000.0,1.0,True,0.01,0.95,10.0,39600.0,0.938,0.139
4798,1 - 1 - 2022,19800.0,2.0591260281974,1.7782800679308082,2.3713730200033902,0.00321,0.00251189,0.00398107,0.224,0.2,0.25,0.946,0.9,1.0,286000.0,1260.0,31700.0,1.0,True,0.01,0.95,10.0,39600.0,0.938,0.139
4799,1 - 1 - 2022,19800.0,2.04939015319192,1.7782800679308082,2.3713730200033902,0.00319,0.00251189,0.00398107,0.223,0.2,0.25,1.18,1.0,1.5,125000.0,372.0,8300.0,1.0,True,0.01,0.95,10.0,39600.0,0.938,0.139
4800,1 - 1 - 2022,19800.0,2.04939015319192,1.7782800679308082,2.3713730200033902,0.00322,0.00251189,0.00398107,0.225,0.2,0.25,1.69,1.5,2.0,28600.0,178.0,0.0,1.0,True,0.01,0.95,10.0,39600.0,0.938,0.139
4801,1 - 1 - 2022,19800.0,2.0445048300260873,1.7782800679308082,2.3713730200033902,0.00317,0.00251189,0.00398107,0.223,0.2,0.25,2.5,2.0,4.0,4700.0,36.1,0.0,1.0,True,0.01,0.95,10.0,39600.0,0.938,0.139
4802,1 - 1 - 2022,19800.0,2.0663978319771825,1.7782800679308082,2.3713730200033902,0.00324,0.00251189,0.00398107,0.275,0.25,0.3,0.0343,0.0,0.05,134000.0,1220.0,7330.0,1.0,True,0.01,0.95,10.0,39600.0,0.938,0.139
4803,1 - 1 - 2022,19800.0,2.0591260281974,1.7782800679308082,2.3713730200033902,0.00319,0.00251189,0.00398107,0.275,0.25,0.3,0.0768,0.05,0.1,427000.0,2170.0,107000.0,1.0,True,0.01,0.95,10.0,39600.0,0.938,0.139
4804,1 - 1 - 2022,19800.0,2.0322401432901573,1.7782800679308082,2.3713730200033902,0.00317,0.00251189,0.00398107,0.274,0.25,0.3,0.154,0.1,0.2,783000.0,2080.0,389000.0,1.0,True,0.01,0.95,10.0,39600.0,0.938,0.139
4805,1 - 1 - 2022,19800.0,2.046948949045872,1.7782800679308082,2.3713730200033902,0.00317,0.00251189,0.00398107,0.274,0.25,0.3,0.251,0.2,0.3,1120000.0,2490.0,553000.0,1.0,True,0.01,0.95,10.0,39600.0,0.938,0.139
4806,1 - 1 - 2022,19800.0,2.0445048300260873,1.7782800679308082,2.3713730200033902,0.00317,0.00251189,0.00398107,0.274,0.25,0.3,0.35,0.3,0.4,1140000.0,2510.0,475000.0,1.0,True,0.01,0.95,10.0,39600.0,0.938,0.139
4807,1 - 1 - 2022,19800.0,2.0518284528683193,1.7782800679308082,2.3713730200033902,0.00321,0.00251189,0.00398107,0.274,0.25,0.3,0.451,0.4,0.5,1070000.0,2430.0,408000.0,1.0,True,0.01,0.95,10.0,39600.0,0.938,0.139
4808,1 - 1 - 2022,19800.0,2.04939015319192,1.7782800679308082,2.3713730200033902,0.00319,0.00251189,0.00398107,0.274,0.25,0.3,0.547,0.5,0.6,800000.0,2100.0,280000.0,1.0,True,0.01,0.95,10.0,39600.0,0.938,0.139
4809,1 - 1 - 2022,19800.0,2.0615528128088303,1.7782800679308082,2.3713730200033902,0.00319,0.00251189,0.00398107,0.274,0.25,0.3,0.648,0.6,0.7,634000.0,1870.0,206000.0,1.0,True,0.01,0.95,10.0,39600.0,0.938,0.139
4810,1 - 1 - 2022,19800.0,2.04939015319192,1.7782800679308082,2.3713730200033902,0.0032,0.00251189,0.00398107,0.275,0.25,0.3,0.746,0.7,0.8,526000.0,1710.0,153000.0,1.0,True,0.01,0.95,10.0,39600.0,0.938,0.139
4811,1 - 1 - 2022,19800.0,2.046948949045872,1.7782800679308082,2.3713730200033902,0.00315,0.00251189,0.00398107,0.274,0.25,0.3,0.844,0.8,0.9,365000.0,1420.0,75700.0,1.0,True,0.01,0.95,10.0,39600.0,0.938,0.139
4812,1 - 1 - 2022,19800.0,2.0591260281974,1.7782800679308082,2.3713730200033902,0.00314,0.00251189,0.00398107,0.275,0.25,0.3,0.946,0.9,1.0,216000.0,1090.0,31700.0,1.0,True,0.01,0.95,10.0,39600.0,0.938,0.139
4813,1 - 1 - 2022,19800.0,2.0566963801203135,1.7782800679308082,2.3713730200033902,0.00317,0.00251189,0.00398107,0.273,0.25,0.3,1.19,1.0,1.5,91300.0,318.0,6590.0,1.0,True,0.01,0.95,10.0,39600.0,0.938,0.139
4814,1 - 1 - 2022,19800.0,2.046948949045872,1.7782800679308082,2.3713730200033902,0.00315,0.00251189,0.00398107,0.272,0.25,0.3,1.69,1.5,2.0,19300.0,146.0,0.0,1.0,True,0.01,0.95,10.0,39600.0,0.938,0.139
4815,1 - 1 - 2022,19800.0,2.090454496036687,1.7782800679308082,2.3713730200033902,0.00308,0.00251189,0.00398107,0.273,0.25,0.3,2.37,2.0,4.0,2750.0,27.6,0.0,1.0,True,0.01,0.95,10.0,39600.0,0.938,0.139
4816,1 - 1 - 2022,19800.0,2.039607805437114,1.7782800679308082,2.3713730200033902,0.00315,0.00251189,0.00398107,0.347,0.3,0.4,0.0312,0.0,0.05,97700.0,735.0,26900.0,1.0,True,0.01,0.95,10.0,39600.0,0.938,0.139
4817,1 - 1 - 2022,19800.0,2.04939015319192,1.7782800679308082,2.3713730200033902,0.00318,0.00251189,0.00398107,0.346,0.3,0.4,0.0778,0.05,0.1,267000.0,1220.0,85500.0,1.0,True,0.01,0.95,10.0,39600.0,0.938,0.139
4818,1 - 1 - 2022,19800.0,2.04939015319192,1.7782800679308082,2.3713730200033902,0.00317,0.00251189,0.00398107,0.346,0.3,0.4,0.154,0.1,0.2,466000.0,1140.0,143000.0,1.0,True,0.01,0.95,10.0,39600.0,0.938,0.139
4819,1 - 1 - 2022,19800.0,2.0445048300260873,1.7782800679308082,2.3713730200033902,0.00319,0.00251189,0.00398107,0.343,0.3,0.4,0.251,0.2,0.3,633000.0,1320.0,183000.0,1.0,True,0.01,0.95,10.0,39600.0,0.938,0.139
4820,1 - 1 - 2022,19800.0,2.0420577856662137,1.7782800679308082,2.3713730200033902,0.00319,0.00251189,0.00398107,0.345,0.3,0.4,0.35,0.3,0.4,655000.0,1350.0,207000.0,1.0,True,0.01,0.95,10.0,39600.0,0.938,0.139
4821,1 - 1 - 2022,19800.0,2.0542638584174138,1.7782800679308082,2.3713730200033902,0.00318,0.00251189,0.00398107,0.344,0.3,0.4,0.449,0.4,0.5,650000.0,1340.0,186000.0,1.0,True,0.01,0.95,10.0,39600.0,0.938,0.139
4822,1 - 1 - 2022,19800.0,2.0346989949375804,1.7782800679308082,2.3713730200033902,0.0032,0.00251189,0.00398107,0.346,0.3,0.4,0.551,0.5,0.6,556000.0,1240.0,156000.0,1.0,True,0.01,0.95,10.0,39600.0,0.938,0.139
4823,1 - 1 - 2022,19800.0,2.04939015319192,1.7782800679308082,2.3713730200033902,0.00317,0.00251189,0.00398107,0.345,0.3,0.4,0.646,0.6,0.7,410000.0,1060.0,122000.0,1.0,True,0.01,0.95,10.0,39600.0,0.938,0.139
4824,1 - 1 - 2022,19800.0,2.0566963801203135,1.7782800679308082,2.3713730200033902,0.00319,0.00251189,0.00398107,0.344,0.3,0.4,0.747,0.7,0.8,353000.0,988.0,84900.0,1.0,True,0.01,0.95,10.0,39600.0,0.938,0.139
4825,1 - 1 - 2022,19800.0,2.0615528128088303,1.7782800679308082,2.3713730200033902,0.00319,0.00251189,0.00398107,0.346,0.3,0.4,0.845,0.8,0.9,224000.0,787.0,50700.0,1.0,True,0.01,0.95,10.0,39600.0,0.938,0.139
4826,1 - 1 - 2022,19800.0,2.0420577856662137,1.7782800679308082,2.3713730200033902,0.00317,0.00251189,0.00398107,0.349,0.3,0.4,0.946,0.9,1.0,153000.0,651.0,34800.0,1.0,True,0.01,0.95,10.0,39600.0,0.938,0.139
4827,1 - 1 - 2022,19800.0,2.0542638584174138,1.7782800679308082,2.3713730200033902,0.00319,0.00251189,0.00398107,0.347,0.3,0.4,1.19,1.0,1.5,64000.0,188.0,4270.0,1.0,True,0.01,0.95,10.0,39600.0,0.938,0.139
4828,1 - 1 - 2022,19800.0,2.0322401432901573,1.7782800679308082,2.3713730200033902,0.00319,0.00251189,0.00398107,0.343,0.3,0.4,1.69,1.5,2.0,15000.0,91.1,0.0,1.0,True,0.01,0.95,10.0,39600.0,0.938,0.139
4829,1 - 1 - 2022,19800.0,2.0639767440550294,1.7782800679308082,2.3713730200033902,0.00325,0.00251189,0.00398107,0.338,0.3,0.4,2.47,2.0,4.0,2290.0,17.8,0.0,1.0,True,0.01,0.95,10.0,39600.0,0.938,0.139
4830,1 - 1 - 2022,19800.0,2.0760539492026693,1.7782800679308082,2.3713730200033902,0.00324,0.00251189,0.00398107,0.449,0.4,0.5,0.0326,0.0,0.05,67200.0,609.0,9770.0,1.0,True,0.01,0.95,10.0,39600.0,0.938,0.139
4831,1 - 1 - 2022,19800.0,2.0615528128088303,1.7782800679308082,2.3713730200033902,0.0032,0.00251189,0.00398107,0.446,0.4,0.5,0.0765,0.05,0.1,157000.0,933.0,28100.0,1.0,True,0.01,0.95,10.0,39600.0,0.938,0.139
4832,1 - 1 - 2022,19800.0,2.0518284528683193,1.7782800679308082,2.3713730200033902,0.00316,0.00251189,0.00398107,0.45,0.4,0.5,0.155,0.1,0.2,270000.0,864.0,37200.0,1.0,True,0.01,0.95,10.0,39600.0,0.938,0.139
4833,1 - 1 - 2022,19800.0,2.0371548787463363,1.7782800679308082,2.3713730200033902,0.00318,0.00251189,0.00398107,0.447,0.4,0.5,0.251,0.2,0.3,347000.0,980.0,48800.0,1.0,True,0.01,0.95,10.0,39600.0,0.938,0.139
4834,1 - 1 - 2022,19800.0,2.0371548787463363,1.7782800679308082,2.3713730200033902,0.00319,0.00251189,0.00398107,0.446,0.4,0.5,0.349,0.3,0.4,385000.0,1030.0,62300.0,1.0,True,0.01,0.95,10.0,39600.0,0.938,0.139
4835,1 - 1 - 2022,19800.0,2.0518284528683193,1.7782800679308082,2.3713730200033902,0.00319,0.00251189,0.00398107,0.446,0.4,0.5,0.449,0.4,0.5,360000.0,998.0,59800.0,1.0,True,0.01,0.95,10.0,39600.0,0.938,0.139
4836,1 - 1 - 2022,19800.0,2.0518284528683193,1.7782800679308082,2.3713730200033902,0.00317,0.00251189,0.00398107,0.446,0.4,0.5,0.548,0.5,0.6,325000.0,949.0,60400.0,1.0,True,0.01,0.95,10.0,39600.0,0.938,0.139
4837,1 - 1 - 2022,19800.0,2.0346989949375804,1.7782800679308082,2.3713730200033902,0.00314,0.00251189,0.00398107,0.446,0.4,0.5,0.648,0.6,0.7,263000.0,852.0,54300.0,1.0,True,0.01,0.95,10.0,39600.0,0.938,0.139
4838,1 - 1 - 2022,19800.0,2.0346989949375804,1.7782800679308082,2.3713730200033902,0.00318,0.00251189,0.00398107,0.446,0.4,0.5,0.749,0.7,0.8,205000.0,752.0,36000.0,1.0,True,0.01,0.95,10.0,39600.0,0.938,0.139
4839,1 - 1 - 2022,19800.0,2.0371548787463363,1.7782800679308082,2.3713730200033902,0.00316,0.00251189,0.00398107,0.445,0.4,0.5,0.847,0.8,0.9,117000.0,568.0,31100.0,1.0,True,0.01,0.95,10.0,39600.0,0.938,0.139
4840,1 - 1 - 2022,19800.0,2.0371548787463363,1.7782800679308082,2.3713730200033902,0.00316,0.00251189,0.00398107,0.446,0.4,0.5,0.946,0.9,1.0,88500.0,495.0,13400.0,1.0,True,0.01,0.95,10.0,39600.0,0.938,0.139
4841,1 - 1 - 2022,19800.0,2.0639767440550294,1.7782800679308082,2.3713730200033902,0.0032,0.00251189,0.00398107,0.444,0.4,0.5,1.2,1.0,1.5,35900.0,141.0,4760.0,1.0,True,0.01,0.95,10.0,39600.0,0.938,0.139
4842,1 - 1 - 2022,19800.0,2.0639767440550294,1.7782800679308082,2.3713730200033902,0.00321,0.00251189,0.00398107,0.446,0.4,0.5,1.72,1.5,2.0,9650.0,73.0,122.0,1.0,True,0.01,0.95,10.0,39600.0,0.938,0.139
4843,1 - 1 - 2022,19800.0,2.0591260281974,1.7782800679308082,2.3713730200033902,0.00309,0.00251189,0.00398107,0.45,0.4,0.5,2.43,2.0,4.0,1400.0,13.9,122.0,1.0,True,0.01,0.95,10.0,39600.0,0.938,0.139
4844,1 - 1 - 2022,19800.0,2.0024984394500787,1.7782800679308082,2.3713730200033902,0.00312,0.00251189,0.00398107,0.551,0.5,0.6,0.0307,0.0,0.05,29300.0,403.0,0.0,1.0,True,0.01,0.95,10.0,39600.0,0.938,0.139
4845,1 - 1 - 2022,19800.0,2.0445048300260873,1.7782800679308082,2.3713730200033902,0.0032,0.00251189,0.00398107,0.546,0.5,0.6,0.0752,0.05,0.1,101000.0,749.0,0.0,1.0,True,0.01,0.95,10.0,39600.0,0.938,0.139
4846,1 - 1 - 2022,19800.0,2.0371548787463363,1.7782800679308082,2.3713730200033902,0.00321,0.00251189,0.00398107,0.547,0.5,0.6,0.155,0.1,0.2,174000.0,694.0,1830.0,1.0,True,0.01,0.95,10.0,39600.0,0.938,0.139
4847,1 - 1 - 2022,19800.0,2.0420577856662137,1.7782800679308082,2.3713730200033902,0.00317,0.00251189,0.00398107,0.546,0.5,0.6,0.253,0.2,0.3,201000.0,746.0,6720.0,1.0,True,0.01,0.95,10.0,39600.0,0.938,0.139
4848,1 - 1 - 2022,19800.0,2.0371548787463363,1.7782800679308082,2.3713730200033902,0.00318,0.00251189,0.00398107,0.549,0.5,0.6,0.351,0.3,0.4,218000.0,776.0,14700.0,1.0,True,0.01,0.95,10.0,39600.0,0.938,0.139
4849,1 - 1 - 2022,19800.0,2.0420577856662137,1.7782800679308082,2.3713730200033902,0.00317,0.00251189,0.00398107,0.549,0.5,0.6,0.451,0.4,0.5,195000.0,735.0,11600.0,1.0,True,0.01,0.95,10.0,39600.0,0.938,0.139
4850,1 - 1 - 2022,19800.0,2.029778313018444,1.7782800679308082,2.3713730200033902,0.00317,0.00251189,0.00398107,0.547,0.5,0.6,0.552,0.5,0.6,186000.0,716.0,15900.0,1.0,True,0.01,0.95,10.0,39600.0,0.938,0.139
4851,1 - 1 - 2022,19800.0,2.0518284528683193,1.7782800679308082,2.3713730200033902,0.00322,0.00251189,0.00398107,0.547,0.5,0.6,0.65,0.6,0.7,149000.0,642.0,14700.0,1.0,True,0.01,0.95,10.0,39600.0,0.938,0.139
4852,1 - 1 - 2022,19800.0,2.039607805437114,1.7782800679308082,2.3713730200033902,0.00325,0.00251189,0.00398107,0.543,0.5,0.6,0.748,0.7,0.8,104000.0,537.0,17700.0,1.0,True,0.01,0.95,10.0,39600.0,0.938,0.139
4853,1 - 1 - 2022,19800.0,2.04939015319192,1.7782800679308082,2.3713730200033902,0.00316,0.00251189,0.00398107,0.546,0.5,0.6,0.845,0.8,0.9,65300.0,425.0,11000.0,1.0,True,0.01,0.95,10.0,39600.0,0.938,0.139
4854,1 - 1 - 2022,19800.0,2.078460969082653,1.7782800679308082,2.3713730200033902,0.00321,0.00251189,0.00398107,0.548,0.5,0.6,0.949,0.9,1.0,56200.0,394.0,9770.0,1.0,True,0.01,0.95,10.0,39600.0,0.938,0.139
4855,1 - 1 - 2022,19800.0,2.0542638584174138,1.7782800679308082,2.3713730200033902,0.00313,0.00251189,0.00398107,0.546,0.5,0.6,1.17,1.0,1.5,21900.0,110.0,3540.0,1.0,True,0.01,0.95,10.0,39600.0,0.938,0.139
4856,1 - 1 - 2022,19800.0,2.0346989949375804,1.7782800679308082,2.3713730200033902,0.00313,0.00251189,0.00398107,0.54,0.5,0.6,1.7,1.5,2.0,4400.0,49.3,488.0,1.0,True,0.01,0.95,10.0,39600.0,0.938,0.139
4857,1 - 1 - 2022,19800.0,2.046948949045872,1.7782800679308082,2.3713730200033902,0.00324,0.00251189,0.00398107,0.556,0.5,0.6,2.54,2.0,4.0,1040.0,12.0,153.0,1.0,True,0.01,0.95,10.0,39600.0,0.938,0.139
4858,1 - 1 - 2022,19800.0,2.073644135332772,1.7782800679308082,2.3713730200033902,0.00305,0.00251189,0.00398107,0.637,0.6,0.7,0.0336,0.0,0.05,9770.0,232.0,0.0,1.0,True,0.01,0.95,10.0,39600.0,0.938,0.139
4859,1 - 1 - 2022,19800.0,2.06881608655772,1.7782800679308082,2.3713730200033902,0.00318,0.00251189,0.00398107,0.637,0.6,0.7,0.0742,0.05,0.1,41500.0,479.0,0.0,1.0,True,0.01,0.95,10.0,39600.0,0.938,0.139
4860,1 - 1 - 2022,19800.0,2.0518284528683193,1.7782800679308082,2.3713730200033902,0.00317,0.00251189,0.00398107,0.639,0.6,0.7,0.153,0.1,0.2,78800.0,467.0,0.0,1.0,True,0.01,0.95,10.0,39600.0,0.938,0.139
4861,1 - 1 - 2022,19800.0,2.0445048300260873,1.7782800679308082,2.3713730200033902,0.00319,0.00251189,0.00398107,0.641,0.6,0.7,0.249,0.2,0.3,112000.0,557.0,0.0,1.0,True,0.01,0.95,10.0,39600.0,0.938,0.139
4862,1 - 1 - 2022,19800.0,2.0566963801203135,1.7782800679308082,2.3713730200033902,0.00314,0.00251189,0.00398107,0.647,0.6,0.7,0.351,0.3,0.4,124000.0,585.0,610.0,1.0,True,0.01,0.95,10.0,39600.0,0.938,0.139
4863,1 - 1 - 2022,19800.0,2.0371548787463363,1.7782800679308082,2.3713730200033902,0.00319,0.00251189,0.00398107,0.646,0.6,0.7,0.448,0.4,0.5,110000.0,551.0,1220.0,1.0,True,0.01,0.95,10.0,39600.0,0.938,0.139
4864,1 - 1 - 2022,19800.0,2.0591260281974,1.7782800679308082,2.3713730200033902,0.00317,0.00251189,0.00398107,0.651,0.6,0.7,0.55,0.5,0.6,94000.0,510.0,2440.0,1.0,True,0.01,0.95,10.0,39600.0,0.938,0.139
4865,1 - 1 - 2022,19800.0,2.0346989949375804,1.7782800679308082,2.3713730200033902,0.00315,0.00251189,0.00398107,0.646,0.6,0.7,0.65,0.6,0.7,89100.0,496.0,7330.0,1.0,True,0.01,0.95,10.0,39600.0,0.938,0.139
4866,1 - 1 - 2022,19800.0,2.092844953645635,1.7782800679308082,2.3713730200033902,0.00323,0.00251189,0.00398107,0.643,0.6,0.7,0.748,0.7,0.8,58600.0,403.0,6110.0,1.0,True,0.01,0.95,10.0,39600.0,0.938,0.139
4867,1 - 1 - 2022,19800.0,2.04939015319192,1.7782800679308082,2.3713730200033902,0.00316,0.00251189,0.00398107,0.648,0.6,0.7,0.85,0.8,0.9,50700.0,374.0,4880.0,1.0,True,0.01,0.95,10.0,39600.0,0.938,0.139
4868,1 - 1 - 2022,19800.0,2.0346989949375804,1.7782800679308082,2.3713730200033902,0.00322,0.00251189,0.00398107,0.644,0.6,0.7,0.952,0.9,1.0,34200.0,308.0,3050.0,1.0,True,0.01,0.95,10.0,39600.0,0.938,0.139
4869,1 - 1 - 2022,19800.0,2.0615528128088303,1.7782800679308082,2.3713730200033902,0.00324,0.00251189,0.00398107,0.646,0.6,0.7,1.14,1.0,1.5,12700.0,83.8,1470.0,1.0,True,0.01,0.95,10.0,39600.0,0.938,0.139
4870,1 - 1 - 2022,19800.0,2.0420577856662137,1.7782800679308082,2.3713730200033902,0.00328,0.00251189,0.00398107,0.642,0.6,0.7,1.65,1.5,2.0,2320.0,35.8,366.0,1.0,True,0.01,0.95,10.0,39600.0,0.938,0.139
4871,1 - 1 - 2022,19800.0,2.1213203435596424,1.7782800679308082,2.3713730200033902,0.00333,0.00251189,0.00398107,0.63,0.6,0.7,2.44,2.0,4.0,366.0,7.12,61.0,1.0,True,0.01,0.95,10.0,39600.0,0.938,0.139
4872,1 - 1 - 2022,19800.0,1.9570385790780926,1.7782800679308082,2.3713730200033902,0.00309,0.00251189,0.00398107,0.735,0.7,0.8,0.0369,0.0,0.05,11000.0,247.0,0.0,1.0,True,0.01,0.95,10.0,39600.0,0.938,0.139
4873,1 - 1 - 2022,19800.0,2.039607805437114,1.7782800679308082,2.3713730200033902,0.00306,0.00251189,0.00398107,0.758,0.7,0.8,0.0857,0.05,0.1,18300.0,318.0,0.0,1.0,True,0.01,0.95,10.0,39600.0,0.938,0.139
4874,1 - 1 - 2022,19800.0,2.029778313018444,1.7782800679308082,2.3713730200033902,0.0032,0.00251189,0.00398107,0.748,0.7,0.8,0.151,0.1,0.2,39100.0,329.0,0.0,1.0,True,0.01,0.95,10.0,39600.0,0.938,0.139
4875,1 - 1 - 2022,19800.0,2.0322401432901573,1.7782800679308082,2.3713730200033902,0.00321,0.00251189,0.00398107,0.743,0.7,0.8,0.248,0.2,0.3,59200.0,405.0,0.0,1.0,True,0.01,0.95,10.0,39600.0,0.938,0.139
4876,1 - 1 - 2022,19800.0,2.0346989949375804,1.7782800679308082,2.3713730200033902,0.00318,0.00251189,0.00398107,0.746,0.7,0.8,0.35,0.3,0.4,62300.0,415.0,0.0,1.0,True,0.01,0.95,10.0,39600.0,0.938,0.139
4877,1 - 1 - 2022,19800.0,2.0346989949375804,1.7782800679308082,2.3713730200033902,0.00317,0.00251189,0.00398107,0.741,0.7,0.8,0.453,0.4,0.5,70800.0,443.0,0.0,1.0,True,0.01,0.95,10.0,39600.0,0.938,0.139
4878,1 - 1 - 2022,19800.0,2.0223748416156684,1.7782800679308082,2.3713730200033902,0.00322,0.00251189,0.00398107,0.749,0.7,0.8,0.551,0.5,0.6,54900.0,390.0,0.0,1.0,True,0.01,0.95,10.0,39600.0,0.938,0.139
4879,1 - 1 - 2022,19800.0,2.046948949045872,1.7782800679308082,2.3713730200033902,0.00319,0.00251189,0.00398107,0.748,0.7,0.8,0.649,0.6,0.7,55600.0,392.0,1220.0,1.0,True,0.01,0.95,10.0,39600.0,0.938,0.139
4880,1 - 1 - 2022,19800.0,2.0445048300260873,1.7782800679308082,2.3713730200033902,0.00317,0.00251189,0.00398107,0.752,0.7,0.8,0.748,0.7,0.8,38500.0,326.0,2440.0,1.0,True,0.01,0.95,10.0,39600.0,0.938,0.139
4881,1 - 1 - 2022,19800.0,2.0420577856662137,1.7782800679308082,2.3713730200033902,0.00316,0.00251189,0.00398107,0.738,0.7,0.8,0.854,0.8,0.9,36000.0,316.0,3050.0,1.0,True,0.01,0.95,10.0,39600.0,0.938,0.139
4882,1 - 1 - 2022,19800.0,2.0566963801203135,1.7782800679308082,2.3713730200033902,0.00326,0.00251189,0.00398107,0.744,0.7,0.8,0.942,0.9,1.0,22000.0,247.0,1830.0,1.0,True,0.01,0.95,10.0,39600.0,0.938,0.139
4883,1 - 1 - 2022,19800.0,2.078460969082653,1.7782800679308082,2.3713730200033902,0.00315,0.00251189,0.00398107,0.747,0.7,0.8,1.17,1.0,1.5,5010.0,52.6,733.0,1.0,True,0.01,0.95,10.0,39600.0,0.938,0.139
4884,1 - 1 - 2022,19800.0,2.1260291625469296,1.7782800679308082,2.3713730200033902,0.00303,0.00251189,0.00398107,0.767,0.7,0.8,1.71,1.5,2.0,366.0,14.2,0.0,1.0,True,0.01,0.95,10.0,39600.0,0.938,0.139
4885,1 - 1 - 2022,19800.0,2.080865204668481,1.7782800679308082,2.3713730200033902,0.00335,0.00251189,0.00398107,0.721,0.7,0.8,2.49,2.0,4.0,214.0,5.44,61.0,1.0,True,0.01,0.95,10.0,39600.0,0.938,0.139
4886,1 - 1 - 2022,19800.0,2.078460969082653,1.7782800679308082,2.3713730200033902,0.0032,0.00251189,0.00398107,0.842,0.8,0.9,0.0358,0.0,0.05,7320.0,201.0,0.0,1.0,True,0.01,0.95,10.0,39600.0,0.938,0.139
4887,1 - 1 - 2022,19800.0,2.0,1.7782800679308082,2.3713730200033902,0.00349,0.00251189,0.00398107,0.824,0.8,0.9,0.0799,0.05,0.1,13400.0,273.0,0.0,1.0,True,0.01,0.95,10.0,39600.0,0.938,0.139
4888,1 - 1 - 2022,19800.0,2.046948949045872,1.7782800679308082,2.3713730200033902,0.00326,0.00251189,0.00398107,0.836,0.8,0.9,0.155,0.1,0.2,28100.0,279.0,0.0,1.0,True,0.01,0.95,10.0,39600.0,0.938,0.139
4889,1 - 1 - 2022,19800.0,2.009975124224178,1.7782800679308082,2.3713730200033902,0.00317,0.00251189,0.00398107,0.838,0.8,0.9,0.251,0.2,0.3,32400.0,299.0,0.0,1.0,True,0.01,0.95,10.0,39600.0,0.938,0.139
4890,1 - 1 - 2022,19800.0,2.04939015319192,1.7782800679308082,2.3713730200033902,0.00313,0.00251189,0.00398107,0.844,0.8,0.9,0.35,0.3,0.4,37200.0,321.0,0.0,1.0,True,0.01,0.95,10.0,39600.0,0.938,0.139
4891,1 - 1 - 2022,19800.0,1.9924858845171276,1.7782800679308082,2.3713730200033902,0.00322,0.00251189,0.00398107,0.848,0.8,0.9,0.454,0.4,0.5,38500.0,326.0,0.0,1.0,True,0.01,0.95,10.0,39600.0,0.938,0.139
4892,1 - 1 - 2022,19800.0,2.039607805437114,1.7782800679308082,2.3713730200033902,0.00325,0.00251189,0.00398107,0.846,0.8,0.9,0.545,0.5,0.6,36600.0,318.0,0.0,1.0,True,0.01,0.95,10.0,39600.0,0.938,0.139
4893,1 - 1 - 2022,19800.0,2.0518284528683193,1.7782800679308082,2.3713730200033902,0.00331,0.00251189,0.00398107,0.848,0.8,0.9,0.656,0.6,0.7,25600.0,266.0,0.0,1.0,True,0.01,0.95,10.0,39600.0,0.938,0.139
4894,1 - 1 - 2022,19800.0,2.009975124224178,1.7782800679308082,2.3713730200033902,0.00319,0.00251189,0.00398107,0.851,0.8,0.9,0.749,0.7,0.8,12200.0,184.0,0.0,1.0,True,0.01,0.95,10.0,39600.0,0.938,0.139
4895,1 - 1 - 2022,19800.0,2.0976176963403033,1.7782800679308082,2.3713730200033902,0.00313,0.00251189,0.00398107,0.844,0.8,0.9,0.849,0.8,0.9,14700.0,201.0,0.0,1.0,True,0.01,0.95,10.0,39600.0,0.938,0.139
4896,1 - 1 - 2022,19800.0,2.04939015319192,1.7782800679308082,2.3713730200033902,0.00314,0.00251189,0.00398107,0.844,0.8,0.9,0.955,0.9,1.0,8550.0,154.0,610.0,1.0,True,0.01,0.95,10.0,39600.0,0.938,0.139
4897,1 - 1 - 2022,19800.0,2.029778313018444,1.7782800679308082,2.3713730200033902,0.00303,0.00251189,0.00398107,0.838,0.8,0.9,1.13,1.0,1.5,2200.0,34.9,122.0,1.0,True,0.01,0.95,10.0,39600.0,0.938,0.139
4898,1 - 1 - 2022,19800.0,2.009975124224178,1.7782800679308082,2.3713730200033902,0.00287,0.00251189,0.00398107,0.826,0.8,0.9,1.64,1.5,2.0,244.0,11.6,0.0,1.0,True,0.01,0.95,10.0,39600.0,0.938,0.139
4899,1 - 1 - 2022,19800.0,2.0639767440550294,1.7782800679308082,2.3713730200033902,0.00261,0.00251189,0.00398107,0.874,0.8,0.9,2.32,2.0,4.0,61.0,2.91,0.0,1.0,True,0.01,0.95,10.0,39600.0,0.938,0.139
4900,1 - 1 - 2022,19800.0,2.3302360395462087,1.7782800679308082,2.3713730200033902,0.00355,0.00251189,0.00398107,0.914,0.9,1.0,0.0241,0.0,0.05,1220.0,82.2,0.0,1.0,True,0.01,0.95,10.0,39600.0,0.938,0.139
4901,1 - 1 - 2022,19800.0,2.1587033144922905,1.7782800679308082,2.3713730200033902,0.00276,0.00251189,0.00398107,0.923,0.9,1.0,0.071,0.05,0.1,3660.0,142.0,0.0,1.0,True,0.01,0.95,10.0,39600.0,0.938,0.139
4902,1 - 1 - 2022,19800.0,1.98997487421324,1.7782800679308082,2.3713730200033902,0.00326,0.00251189,0.00398107,0.928,0.9,1.0,0.173,0.1,0.2,7940.0,148.0,0.0,1.0,True,0.01,0.95,10.0,39600.0,0.938,0.139
4903,1 - 1 - 2022,19800.0,2.0542638584174138,1.7782800679308082,2.3713730200033902,0.00319,0.00251189,0.00398107,0.938,0.9,1.0,0.249,0.2,0.3,11600.0,179.0,0.0,1.0,True,0.01,0.95,10.0,39600.0,0.938,0.139
4904,1 - 1 - 2022,19800.0,2.0445048300260873,1.7782800679308082,2.3713730200033902,0.00325,0.00251189,0.00398107,0.93,0.9,1.0,0.349,0.3,0.4,11000.0,174.0,0.0,1.0,True,0.01,0.95,10.0,39600.0,0.938,0.139
4905,1 - 1 - 2022,19800.0,2.0149441679609885,1.7782800679308082,2.3713730200033902,0.0033,0.00251189,0.00398107,0.933,0.9,1.0,0.443,0.4,0.5,11000.0,174.0,0.0,1.0,True,0.01,0.95,10.0,39600.0,0.938,0.139
4906,1 - 1 - 2022,19800.0,2.0542638584174138,1.7782800679308082,2.3713730200033902,0.00343,0.00251189,0.00398107,0.936,0.9,1.0,0.535,0.5,0.6,7940.0,148.0,0.0,1.0,True,0.01,0.95,10.0,39600.0,0.938,0.139
4907,1 - 1 - 2022,19800.0,2.0566963801203135,1.7782800679308082,2.3713730200033902,0.00309,0.00251189,0.00398107,0.921,0.9,1.0,0.644,0.6,0.7,8550.0,154.0,0.0,1.0,True,0.01,0.95,10.0,39600.0,0.938,0.139
4908,1 - 1 - 2022,19800.0,2.04939015319192,1.7782800679308082,2.3713730200033902,0.0033,0.00251189,0.00398107,0.934,0.9,1.0,0.75,0.7,0.8,4880.0,116.0,0.0,1.0,True,0.01,0.95,10.0,39600.0,0.938,0.139
4909,1 - 1 - 2022,19800.0,2.1354156504062622,1.7782800679308082,2.3713730200033902,0.00307,0.00251189,0.00398107,0.924,0.9,1.0,0.857,0.8,0.9,6110.0,130.0,0.0,1.0,True,0.01,0.95,10.0,39600.0,0.938,0.139
4910,1 - 1 - 2022,19800.0,2.253885533916929,1.7782800679308082,2.3713730200033902,0.00303,0.00251189,0.00398107,0.931,0.9,1.0,0.916,0.9,1.0,1220.0,58.1,0.0,1.0,True,0.01,0.95,10.0,39600.0,0.938,0.139
4911,1 - 1 - 2022,19800.0,2.0322401432901573,1.7782800679308082,2.3713730200033902,0.0032,0.00251189,0.00398107,0.943,0.9,1.0,1.14,1.0,1.5,1100.0,24.7,0.0,1.0,True,0.01,0.95,10.0,39600.0,0.938,0.139
4912,1 - 1 - 2022,19800.0,2.1047565179849186,1.7782800679308082,2.3713730200033902,0.00484,0.00398107,0.00630957,0.0412,0.0,0.05,0.0353,0.0,0.05,168000.0,1080.0,145000.0,1.0,True,0.01,0.95,10.0,39600.0,0.938,0.139
4913,1 - 1 - 2022,19800.0,2.092844953645635,1.7782800679308082,2.3713730200033902,0.00489,0.00398107,0.00630957,0.0375,0.0,0.05,0.0784,0.05,0.1,658000.0,2140.0,461000.0,1.0,True,0.01,0.95,10.0,39600.0,0.938,0.139
4914,1 - 1 - 2022,19800.0,2.083266665599966,1.7782800679308082,2.3713730200033902,0.00493,0.00398107,0.00630957,0.0329,0.0,0.05,0.159,0.1,0.2,2240000.0,2790.0,1280000.0,1.0,True,0.01,0.95,10.0,39600.0,0.938,0.139
4915,1 - 1 - 2022,19800.0,2.073644135332772,1.7782800679308082,2.3713730200033902,0.00497,0.00398107,0.00630957,0.0297,0.0,0.05,0.253,0.2,0.3,4070000.0,3770.0,1650000.0,1.0,True,0.01,0.95,10.0,39600.0,0.938,0.139
4916,1 - 1 - 2022,19800.0,2.0663978319771825,1.7782800679308082,2.3713730200033902,0.00497,0.00398107,0.00630957,0.0283,0.0,0.05,0.349,0.3,0.4,4580000.0,4000.0,1510000.0,1.0,True,0.01,0.95,10.0,39600.0,0.938,0.139
4917,1 - 1 - 2022,19800.0,2.0639767440550294,1.7782800679308082,2.3713730200033902,0.00497,0.00398107,0.00630957,0.0279,0.0,0.05,0.448,0.4,0.5,3830000.0,3650.0,1160000.0,1.0,True,0.01,0.95,10.0,39600.0,0.938,0.139
4918,1 - 1 - 2022,19800.0,2.0615528128088303,1.7782800679308082,2.3713730200033902,0.00498,0.00398107,0.00630957,0.0277,0.0,0.05,0.547,0.5,0.6,3060000.0,3270.0,955000.0,1.0,True,0.01,0.95,10.0,39600.0,0.938,0.139
4919,1 - 1 - 2022,19800.0,2.0663978319771825,1.7782800679308082,2.3713730200033902,0.00495,0.00398107,0.00630957,0.0285,0.0,0.05,0.647,0.6,0.7,2020000.0,2660.0,585000.0,1.0,True,0.01,0.95,10.0,39600.0,0.938,0.139
4920,1 - 1 - 2022,19800.0,2.0639767440550294,1.7782800679308082,2.3713730200033902,0.00499,0.00398107,0.00630957,0.0289,0.0,0.05,0.747,0.7,0.8,1380000.0,2190.0,449000.0,1.0,True,0.01,0.95,10.0,39600.0,0.938,0.139
4921,1 - 1 - 2022,19800.0,2.073644135332772,1.7782800679308082,2.3713730200033902,0.00492,0.00398107,0.00630957,0.0303,0.0,0.05,0.846,0.8,0.9,817000.0,1690.0,242000.0,1.0,True,0.01,0.95,10.0,39600.0,0.938,0.139
4922,1 - 1 - 2022,19800.0,2.083266665599966,1.7782800679308082,2.3713730200033902,0.00497,0.00398107,0.00630957,0.0303,0.0,0.05,0.945,0.9,1.0,503000.0,1330.0,183000.0,1.0,True,0.01,0.95,10.0,39600.0,0.938,0.139
4923,1 - 1 - 2022,19800.0,2.0639767440550294,1.7782800679308082,2.3713730200033902,0.00492,0.00398107,0.00630957,0.0319,0.0,0.05,1.15,1.0,1.5,131000.0,302.0,48700.0,1.0,True,0.01,0.95,10.0,39600.0,0.938,0.139
4924,1 - 1 - 2022,19800.0,2.1071307505705477,1.7782800679308082,2.3713730200033902,0.00491,0.00398107,0.00630957,0.0361,0.0,0.05,1.68,1.5,2.0,10500.0,85.5,4930.0,1.0,True,0.01,0.95,10.0,39600.0,0.938,0.139
4925,1 - 1 - 2022,19800.0,2.1142374511865976,1.7782800679308082,2.3713730200033902,0.00475,0.00398107,0.00630957,0.036,0.0,0.05,2.21,2.0,4.0,462.0,8.98,347.0,1.0,True,0.01,0.95,10.0,39600.0,0.938,0.139
4926,1 - 1 - 2022,19800.0,2.0445048300260873,1.7782800679308082,2.3713730200033902,0.00498,0.00398107,0.00630957,0.0729,0.05,0.1,0.0328,0.0,0.05,438000.0,1750.0,401000.0,1.0,True,0.01,0.95,10.0,39600.0,0.938,0.139
4927,1 - 1 - 2022,19800.0,2.0639767440550294,1.7782800679308082,2.3713730200033902,0.00501,0.00398107,0.00630957,0.0738,0.05,0.1,0.0776,0.05,0.1,1360000.0,3080.0,1170000.0,1.0,True,0.01,0.95,10.0,39600.0,0.938,0.139
4928,1 - 1 - 2022,19800.0,2.0445048300260873,1.7782800679308082,2.3713730200033902,0.00505,0.00398107,0.00630957,0.0731,0.05,0.1,0.154,0.1,0.2,2190000.0,2770.0,1690000.0,1.0,True,0.01,0.95,10.0,39600.0,0.938,0.139
4929,1 - 1 - 2022,19800.0,2.0445048300260873,1.7782800679308082,2.3713730200033902,0.00504,0.00398107,0.00630957,0.0729,0.05,0.1,0.251,0.2,0.3,3050000.0,3260.0,1750000.0,1.0,True,0.01,0.95,10.0,39600.0,0.938,0.139
4930,1 - 1 - 2022,19800.0,2.046948949045872,1.7782800679308082,2.3713730200033902,0.00504,0.00398107,0.00630957,0.0725,0.05,0.1,0.349,0.3,0.4,2950000.0,3210.0,1100000.0,1.0,True,0.01,0.95,10.0,39600.0,0.938,0.139
4931,1 - 1 - 2022,19800.0,2.04939015319192,1.7782800679308082,2.3713730200033902,0.00508,0.00398107,0.00630957,0.0731,0.05,0.1,0.447,0.4,0.5,2470000.0,2940.0,528000.0,1.0,True,0.01,0.95,10.0,39600.0,0.938,0.139
4932,1 - 1 - 2022,19800.0,2.0445048300260873,1.7782800679308082,2.3713730200033902,0.00506,0.00398107,0.00630957,0.0728,0.05,0.1,0.547,0.5,0.6,1910000.0,2580.0,204000.0,1.0,True,0.01,0.95,10.0,39600.0,0.938,0.139
4933,1 - 1 - 2022,19800.0,2.0518284528683193,1.7782800679308082,2.3713730200033902,0.00499,0.00398107,0.00630957,0.0725,0.05,0.1,0.647,0.6,0.7,1390000.0,2200.0,53200.0,1.0,True,0.01,0.95,10.0,39600.0,0.938,0.139
4934,1 - 1 - 2022,19800.0,2.04939015319192,1.7782800679308082,2.3713730200033902,0.00504,0.00398107,0.00630957,0.0733,0.05,0.1,0.746,0.7,0.8,955000.0,1830.0,8470.0,1.0,True,0.01,0.95,10.0,39600.0,0.938,0.139
4935,1 - 1 - 2022,19800.0,2.0615528128088303,1.7782800679308082,2.3713730200033902,0.00503,0.00398107,0.00630957,0.0732,0.05,0.1,0.847,0.8,0.9,666000.0,1530.0,3850.0,1.0,True,0.01,0.95,10.0,39600.0,0.938,0.139
4936,1 - 1 - 2022,19800.0,2.0518284528683193,1.7782800679308082,2.3713730200033902,0.00499,0.00398107,0.00630957,0.0728,0.05,0.1,0.945,0.9,1.0,441000.0,1240.0,0.0666,1.0,True,0.01,0.95,10.0,39600.0,0.938,0.139
4937,1 - 1 - 2022,19800.0,2.046948949045872,1.7782800679308082,2.3713730200033902,0.00503,0.00398107,0.00630957,0.0734,0.05,0.1,1.17,1.0,1.5,139000.0,311.0,154.0,1.0,True,0.01,0.95,10.0,39600.0,0.938,0.139
4938,1 - 1 - 2022,19800.0,2.0420577856662137,1.7782800679308082,2.3713730200033902,0.005,0.00398107,0.00630957,0.0737,0.05,0.1,1.67,1.5,2.0,20800.0,120.0,154.0,1.0,True,0.01,0.95,10.0,39600.0,0.938,0.139
4939,1 - 1 - 2022,19800.0,2.046948949045872,1.7782800679308082,2.3713730200033902,0.00505,0.00398107,0.00630957,0.0785,0.05,0.1,2.39,2.0,4.0,1000.0,13.2,0.0,1.0,True,0.01,0.95,10.0,39600.0,0.938,0.139
4940,1 - 1 - 2022,19800.0,2.0591260281974,1.7782800679308082,2.3713730200033902,0.00506,0.00398107,0.00630957,0.124,0.1,0.15,0.0332,0.0,0.05,288000.0,1420.0,254000.0,1.0,True,0.01,0.95,10.0,39600.0,0.938,0.139
4941,1 - 1 - 2022,19800.0,2.0566963801203135,1.7782800679308082,2.3713730200033902,0.00503,0.00398107,0.00630957,0.124,0.1,0.15,0.0775,0.05,0.1,860000.0,2450.0,806000.0,1.0,True,0.01,0.95,10.0,39600.0,0.938,0.139
4942,1 - 1 - 2022,19800.0,2.0542638584174138,1.7782800679308082,2.3713730200033902,0.00504,0.00398107,0.00630957,0.123,0.1,0.15,0.155,0.1,0.2,1470000.0,2270.0,1420000.0,1.0,True,0.01,0.95,10.0,39600.0,0.938,0.139
4943,1 - 1 - 2022,19800.0,2.0518284528683193,1.7782800679308082,2.3713730200033902,0.00502,0.00398107,0.00630957,0.123,0.1,0.15,0.25,0.2,0.3,1840000.0,2530.0,1720000.0,1.0,True,0.01,0.95,10.0,39600.0,0.938,0.139
4944,1 - 1 - 2022,19800.0,2.046948949045872,1.7782800679308082,2.3713730200033902,0.00502,0.00398107,0.00630957,0.123,0.1,0.15,0.349,0.3,0.4,1900000.0,2580.0,1520000.0,1.0,True,0.01,0.95,10.0,39600.0,0.938,0.139
4945,1 - 1 - 2022,19800.0,2.046948949045872,1.7782800679308082,2.3713730200033902,0.00502,0.00398107,0.00630957,0.124,0.1,0.15,0.448,0.4,0.5,1640000.0,2390.0,1060000.0,1.0,True,0.01,0.95,10.0,39600.0,0.938,0.139
4946,1 - 1 - 2022,19800.0,2.0518284528683193,1.7782800679308082,2.3713730200033902,0.00505,0.00398107,0.00630957,0.124,0.1,0.15,0.547,0.5,0.6,1330000.0,2150.0,612000.0,1.0,True,0.01,0.95,10.0,39600.0,0.938,0.139
4947,1 - 1 - 2022,19800.0,2.04939015319192,1.7782800679308082,2.3713730200033902,0.00504,0.00398107,0.00630957,0.123,0.1,0.15,0.646,0.6,0.7,942000.0,1810.0,316000.0,1.0,True,0.01,0.95,10.0,39600.0,0.938,0.139
4948,1 - 1 - 2022,19800.0,2.04939015319192,1.7782800679308082,2.3713730200033902,0.00501,0.00398107,0.00630957,0.124,0.1,0.15,0.747,0.7,0.8,679000.0,1540.0,146000.0,1.0,True,0.01,0.95,10.0,39600.0,0.938,0.139
4949,1 - 1 - 2022,19800.0,2.046948949045872,1.7782800679308082,2.3713730200033902,0.00506,0.00398107,0.00630957,0.124,0.1,0.15,0.845,0.8,0.9,461000.0,1270.0,50100.0,1.0,True,0.01,0.95,10.0,39600.0,0.938,0.139
4950,1 - 1 - 2022,19800.0,2.0346989949375804,1.7782800679308082,2.3713730200033902,0.00498,0.00398107,0.00630957,0.124,0.1,0.15,0.946,0.9,1.0,304000.0,1030.0,18500.0,1.0,True,0.01,0.95,10.0,39600.0,0.938,0.139
4951,1 - 1 - 2022,19800.0,2.046948949045872,1.7782800679308082,2.3713730200033902,0.00501,0.00398107,0.00630957,0.123,0.1,0.15,1.17,1.0,1.5,114000.0,282.0,1080.0,1.0,True,0.01,0.95,10.0,39600.0,0.938,0.139
4952,1 - 1 - 2022,19800.0,2.0591260281974,1.7782800679308082,2.3713730200033902,0.0049,0.00398107,0.00630957,0.122,0.1,0.15,1.69,1.5,2.0,15700.0,105.0,0.0,1.0,True,0.01,0.95,10.0,39600.0,0.938,0.139
4953,1 - 1 - 2022,19800.0,2.0760539492026693,1.7782800679308082,2.3713730200033902,0.00493,0.00398107,0.00630957,0.126,0.1,0.15,2.34,2.0,4.0,1690.0,17.2,0.0,1.0,True,0.01,0.95,10.0,39600.0,0.938,0.139
4954,1 - 1 - 2022,19800.0,2.0760539492026693,1.7782800679308082,2.3713730200033902,0.00509,0.00398107,0.00630957,0.176,0.15,0.2,0.0344,0.0,0.05,182000.0,1130.0,137000.0,1.0,True,0.01,0.95,10.0,39600.0,0.938,0.139
4955,1 - 1 - 2022,19800.0,2.0518284528683193,1.7782800679308082,2.3713730200033902,0.00506,0.00398107,0.00630957,0.172,0.15,0.2,0.0777,0.05,0.1,601000.0,2050.0,465000.0,1.0,True,0.01,0.95,10.0,39600.0,0.938,0.139
4956,1 - 1 - 2022,19800.0,2.0518284528683193,1.7782800679308082,2.3713730200033902,0.00501,0.00398107,0.00630957,0.174,0.15,0.2,0.153,0.1,0.2,991000.0,1860.0,842000.0,1.0,True,0.01,0.95,10.0,39600.0,0.938,0.139
4957,1 - 1 - 2022,19800.0,2.0542638584174138,1.7782800679308082,2.3713730200033902,0.00505,0.00398107,0.00630957,0.173,0.15,0.2,0.251,0.2,0.3,1370000.0,2190.0,1190000.0,1.0,True,0.01,0.95,10.0,39600.0,0.938,0.139
4958,1 - 1 - 2022,19800.0,2.04939015319192,1.7782800679308082,2.3713730200033902,0.00505,0.00398107,0.00630957,0.173,0.15,0.2,0.349,0.3,0.4,1320000.0,2150.0,1110000.0,1.0,True,0.01,0.95,10.0,39600.0,0.938,0.139
4959,1 - 1 - 2022,19800.0,2.0542638584174138,1.7782800679308082,2.3713730200033902,0.00505,0.00398107,0.00630957,0.173,0.15,0.2,0.449,0.4,0.5,1140000.0,1990.0,820000.0,1.0,True,0.01,0.95,10.0,39600.0,0.938,0.139
4960,1 - 1 - 2022,19800.0,2.04939015319192,1.7782800679308082,2.3713730200033902,0.00507,0.00398107,0.00630957,0.174,0.15,0.2,0.548,0.5,0.6,917000.0,1790.0,525000.0,1.0,True,0.01,0.95,10.0,39600.0,0.938,0.139
4961,1 - 1 - 2022,19800.0,2.04939015319192,1.7782800679308082,2.3713730200033902,0.00502,0.00398107,0.00630957,0.174,0.15,0.2,0.648,0.6,0.7,744000.0,1610.0,327000.0,1.0,True,0.01,0.95,10.0,39600.0,0.938,0.139
4962,1 - 1 - 2022,19800.0,2.0518284528683193,1.7782800679308082,2.3713730200033902,0.00506,0.00398107,0.00630957,0.173,0.15,0.2,0.748,0.7,0.8,490000.0,1310.0,167000.0,1.0,True,0.01,0.95,10.0,39600.0,0.938,0.139
4963,1 - 1 - 2022,19800.0,2.046948949045872,1.7782800679308082,2.3713730200033902,0.00506,0.00398107,0.00630957,0.172,0.15,0.2,0.845,0.8,0.9,348000.0,1100.0,118000.0,1.0,True,0.01,0.95,10.0,39600.0,0.938,0.139
4964,1 - 1 - 2022,19800.0,2.046948949045872,1.7782800679308082,2.3713730200033902,0.00501,0.00398107,0.00630957,0.174,0.15,0.2,0.948,0.9,1.0,203000.0,843.0,42400.0,1.0,True,0.01,0.95,10.0,39600.0,0.938,0.139
4965,1 - 1 - 2022,19800.0,2.0615528128088303,1.7782800679308082,2.3713730200033902,0.00501,0.00398107,0.00630957,0.173,0.15,0.2,1.19,1.0,1.5,82600.0,240.0,6320.0,1.0,True,0.01,0.95,10.0,39600.0,0.938,0.139
4966,1 - 1 - 2022,19800.0,2.06881608655772,1.7782800679308082,2.3713730200033902,0.00501,0.00398107,0.00630957,0.174,0.15,0.2,1.68,1.5,2.0,14200.0,99.5,0.0,1.0,True,0.01,0.95,10.0,39600.0,0.938,0.139
4967,1 - 1 - 2022,19800.0,2.0639767440550294,1.7782800679308082,2.3713730200033902,0.00501,0.00398107,0.00630957,0.17,0.15,0.2,2.36,2.0,4.0,1890.0,18.1,0.0,1.0,True,0.01,0.95,10.0,39600.0,0.938,0.139
4968,1 - 1 - 2022,19800.0,2.004993765576342,1.7782800679308082,2.3713730200033902,0.00505,0.00398107,0.00630957,0.223,0.2,0.25,0.0316,0.0,0.05,116000.0,898.0,61600.0,1.0,True,0.01,0.95,10.0,39600.0,0.938,0.139
4969,1 - 1 - 2022,19800.0,2.06881608655772,1.7782800679308082,2.3713730200033902,0.00502,0.00398107,0.00630957,0.222,0.2,0.25,0.0791,0.05,0.1,345000.0,1550.0,186000.0,1.0,True,0.01,0.95,10.0,39600.0,0.938,0.139
4970,1 - 1 - 2022,19800.0,2.0591260281974,1.7782800679308082,2.3713730200033902,0.00503,0.00398107,0.00630957,0.224,0.2,0.25,0.154,0.1,0.2,656000.0,1510.0,424000.0,1.0,True,0.01,0.95,10.0,39600.0,0.938,0.139
4971,1 - 1 - 2022,19800.0,2.046948949045872,1.7782800679308082,2.3713730200033902,0.005,0.00398107,0.00630957,0.223,0.2,0.25,0.25,0.2,0.3,861000.0,1730.0,612000.0,1.0,True,0.01,0.95,10.0,39600.0,0.938,0.139
4972,1 - 1 - 2022,19800.0,2.046948949045872,1.7782800679308082,2.3713730200033902,0.00504,0.00398107,0.00630957,0.223,0.2,0.25,0.349,0.3,0.4,941000.0,1810.0,664000.0,1.0,True,0.01,0.95,10.0,39600.0,0.938,0.139
4973,1 - 1 - 2022,19800.0,2.0518284528683193,1.7782800679308082,2.3713730200033902,0.00504,0.00398107,0.00630957,0.223,0.2,0.25,0.448,0.4,0.5,790000.0,1660.0,524000.0,1.0,True,0.01,0.95,10.0,39600.0,0.938,0.139
4974,1 - 1 - 2022,19800.0,2.0615528128088303,1.7782800679308082,2.3713730200033902,0.00506,0.00398107,0.00630957,0.224,0.2,0.25,0.548,0.5,0.6,704000.0,1570.0,377000.0,1.0,True,0.01,0.95,10.0,39600.0,0.938,0.139
4975,1 - 1 - 2022,19800.0,2.0615528128088303,1.7782800679308082,2.3713730200033902,0.00502,0.00398107,0.00630957,0.225,0.2,0.25,0.647,0.6,0.7,539000.0,1370.0,235000.0,1.0,True,0.01,0.95,10.0,39600.0,0.938,0.139
4976,1 - 1 - 2022,19800.0,2.071231517720798,1.7782800679308082,2.3713730200033902,0.00503,0.00398107,0.00630957,0.224,0.2,0.25,0.747,0.7,0.8,384000.0,1160.0,140000.0,1.0,True,0.01,0.95,10.0,39600.0,0.938,0.139
4977,1 - 1 - 2022,19800.0,2.0542638584174138,1.7782800679308082,2.3713730200033902,0.00503,0.00398107,0.00630957,0.223,0.2,0.25,0.848,0.8,0.9,253000.0,939.0,74000.0,1.0,True,0.01,0.95,10.0,39600.0,0.938,0.139
4978,1 - 1 - 2022,19800.0,2.0639767440550294,1.7782800679308082,2.3713730200033902,0.00507,0.00398107,0.00630957,0.223,0.2,0.25,0.945,0.9,1.0,179000.0,791.0,45500.0,1.0,True,0.01,0.95,10.0,39600.0,0.938,0.139
4979,1 - 1 - 2022,19800.0,2.0518284528683193,1.7782800679308082,2.3713730200033902,0.00503,0.00398107,0.00630957,0.224,0.2,0.25,1.18,1.0,1.5,66400.0,215.0,6470.0,1.0,True,0.01,0.95,10.0,39600.0,0.938,0.139
4980,1 - 1 - 2022,19800.0,2.0322401432901573,1.7782800679308082,2.3713730200033902,0.00495,0.00398107,0.00630957,0.225,0.2,0.25,1.71,1.5,2.0,12900.0,95.0,0.0,1.0,True,0.01,0.95,10.0,39600.0,0.938,0.139
4981,1 - 1 - 2022,19800.0,2.0248456731316584,1.7782800679308082,2.3713730200033902,0.00491,0.00398107,0.00630957,0.223,0.2,0.25,2.43,2.0,4.0,1430.0,15.8,0.0,1.0,True,0.01,0.95,10.0,39600.0,0.938,0.139
4982,1 - 1 - 2022,19800.0,2.0074859899884734,1.7782800679308082,2.3713730200033902,0.00496,0.00398107,0.00630957,0.269,0.25,0.3,0.0323,0.0,0.05,78600.0,741.0,29300.0,1.0,True,0.01,0.95,10.0,39600.0,0.938,0.139
4983,1 - 1 - 2022,19800.0,2.046948949045872,1.7782800679308082,2.3713730200033902,0.00506,0.00398107,0.00630957,0.271,0.25,0.3,0.0778,0.05,0.1,210000.0,1210.0,103000.0,1.0,True,0.01,0.95,10.0,39600.0,0.938,0.139
4984,1 - 1 - 2022,19800.0,2.046948949045872,1.7782800679308082,2.3713730200033902,0.00503,0.00398107,0.00630957,0.273,0.25,0.3,0.156,0.1,0.2,443000.0,1240.0,190000.0,1.0,True,0.01,0.95,10.0,39600.0,0.938,0.139
4985,1 - 1 - 2022,19800.0,2.0518284528683193,1.7782800679308082,2.3713730200033902,0.00503,0.00398107,0.00630957,0.273,0.25,0.3,0.251,0.2,0.3,620000.0,1470.0,314000.0,1.0,True,0.01,0.95,10.0,39600.0,0.938,0.139
4986,1 - 1 - 2022,19800.0,2.0542638584174138,1.7782800679308082,2.3713730200033902,0.00502,0.00398107,0.00630957,0.274,0.25,0.3,0.349,0.3,0.4,621000.0,1470.0,337000.0,1.0,True,0.01,0.95,10.0,39600.0,0.938,0.139
4987,1 - 1 - 2022,19800.0,2.04939015319192,1.7782800679308082,2.3713730200033902,0.00504,0.00398107,0.00630957,0.274,0.25,0.3,0.448,0.4,0.5,609000.0,1460.0,292000.0,1.0,True,0.01,0.95,10.0,39600.0,0.938,0.139
4988,1 - 1 - 2022,19800.0,2.0518284528683193,1.7782800679308082,2.3713730200033902,0.005,0.00398107,0.00630957,0.273,0.25,0.3,0.55,0.5,0.6,482000.0,1300.0,182000.0,1.0,True,0.01,0.95,10.0,39600.0,0.938,0.139
4989,1 - 1 - 2022,19800.0,2.04939015319192,1.7782800679308082,2.3713730200033902,0.00503,0.00398107,0.00630957,0.275,0.25,0.3,0.649,0.6,0.7,388000.0,1160.0,134000.0,1.0,True,0.01,0.95,10.0,39600.0,0.938,0.139
4990,1 - 1 - 2022,19800.0,2.04939015319192,1.7782800679308082,2.3713730200033902,0.0051,0.00398107,0.00630957,0.273,0.25,0.3,0.747,0.7,0.8,277000.0,984.0,80100.0,1.0,True,0.01,0.95,10.0,39600.0,0.938,0.139
4991,1 - 1 - 2022,19800.0,2.0615528128088303,1.7782800679308082,2.3713730200033902,0.00499,0.00398107,0.00630957,0.274,0.25,0.3,0.847,0.8,0.9,243000.0,920.0,45500.0,1.0,True,0.01,0.95,10.0,39600.0,0.938,0.139
4992,1 - 1 - 2022,19800.0,2.0639767440550294,1.7782800679308082,2.3713730200033902,0.00509,0.00398107,0.00630957,0.275,0.25,0.3,0.944,0.9,1.0,140000.0,700.0,31600.0,1.0,True,0.01,0.95,10.0,39600.0,0.938,0.139
4993,1 - 1 - 2022,19800.0,2.04939015319192,1.7782800679308082,2.3713730200033902,0.00499,0.00398107,0.00630957,0.274,0.25,0.3,1.18,1.0,1.5,49000.0,185.0,5550.0,1.0,True,0.01,0.95,10.0,39600.0,0.938,0.139
4994,1 - 1 - 2022,19800.0,2.0615528128088303,1.7782800679308082,2.3713730200033902,0.00514,0.00398107,0.00630957,0.275,0.25,0.3,1.66,1.5,2.0,9710.0,82.3,154.0,1.0,True,0.01,0.95,10.0,39600.0,0.938,0.139
4995,1 - 1 - 2022,19800.0,2.0976176963403033,1.7782800679308082,2.3713730200033902,0.00507,0.00398107,0.00630957,0.275,0.25,0.3,2.52,2.0,4.0,1350.0,15.3,0.0,1.0,True,0.01,0.95,10.0,39600.0,0.938,0.139
4996,1 - 1 - 2022,19800.0,2.0542638584174138,1.7782800679308082,2.3713730200033902,0.00512,0.00398107,0.00630957,0.348,0.3,0.4,0.0317,0.0,0.05,45500.0,398.0,19300.0,1.0,True,0.01,0.95,10.0,39600.0,0.938,0.139
4997,1 - 1 - 2022,19800.0,2.039607805437114,1.7782800679308082,2.3713730200033902,0.00503,0.00398107,0.00630957,0.347,0.3,0.4,0.0783,0.05,0.1,134000.0,684.0,46200.0,1.0,True,0.01,0.95,10.0,39600.0,0.938,0.139
4998,1 - 1 - 2022,19800.0,2.0420577856662137,1.7782800679308082,2.3713730200033902,0.00509,0.00398107,0.00630957,0.346,0.3,0.4,0.153,0.1,0.2,246000.0,655.0,52400.0,1.0,True,0.01,0.95,10.0,39600.0,0.938,0.139
4999,1 - 1 - 2022,19800.0,2.0371548787463363,1.7782800679308082,2.3713730200033902,0.00501,0.00398107,0.00630957,0.344,0.3,0.4,0.251,0.2,0.3,368000.0,802.0,103000.0,1.0,True,0.01,0.95,10.0,39600.0,0.938,0.139
5000,1 - 1 - 2022,19800.0,2.0445048300260873,1.7782800679308082,2.3713730200033902,0.00504,0.00398107,0.00630957,0.345,0.3,0.4,0.35,0.3,0.4,375000.0,809.0,119000.0,1.0,True,0.01,0.95,10.0,39600.0,0.938,0.139
5001,1 - 1 - 2022,19800.0,2.04939015319192,1.7782800679308082,2.3713730200033902,0.00501,0.00398107,0.00630957,0.344,0.3,0.4,0.449,0.4,0.5,359000.0,792.0,112000.0,1.0,True,0.01,0.95,10.0,39600.0,0.938,0.139
5002,1 - 1 - 2022,19800.0,2.0420577856662137,1.7782800679308082,2.3713730200033902,0.005,0.00398107,0.00630957,0.347,0.3,0.4,0.547,0.5,0.6,321000.0,748.0,95900.0,1.0,True,0.01,0.95,10.0,39600.0,0.938,0.139
5003,1 - 1 - 2022,19800.0,2.0445048300260873,1.7782800679308082,2.3713730200033902,0.00501,0.00398107,0.00630957,0.345,0.3,0.4,0.647,0.6,0.7,239000.0,646.0,68200.0,1.0,True,0.01,0.95,10.0,39600.0,0.938,0.139
5004,1 - 1 - 2022,19800.0,2.06881608655772,1.7782800679308082,2.3713730200033902,0.00499,0.00398107,0.00630957,0.346,0.3,0.4,0.749,0.7,0.8,177000.0,555.0,49700.0,1.0,True,0.01,0.95,10.0,39600.0,0.938,0.139
5005,1 - 1 - 2022,19800.0,2.0420577856662137,1.7782800679308082,2.3713730200033902,0.00503,0.00398107,0.00630957,0.346,0.3,0.4,0.846,0.8,0.9,151000.0,513.0,33500.0,1.0,True,0.01,0.95,10.0,39600.0,0.938,0.139
5006,1 - 1 - 2022,19800.0,2.0566963801203135,1.7782800679308082,2.3713730200033902,0.00499,0.00398107,0.00630957,0.342,0.3,0.4,0.95,0.9,1.0,87800.0,391.0,17300.0,1.0,True,0.01,0.95,10.0,39600.0,0.938,0.139
5007,1 - 1 - 2022,19800.0,2.04939015319192,1.7782800679308082,2.3713730200033902,0.005,0.00398107,0.00630957,0.346,0.3,0.4,1.17,1.0,1.5,31700.0,105.0,2930.0,1.0,True,0.01,0.95,10.0,39600.0,0.938,0.139
5008,1 - 1 - 2022,19800.0,2.0591260281974,1.7782800679308082,2.3713730200033902,0.00493,0.00398107,0.00630957,0.347,0.3,0.4,1.68,1.5,2.0,9400.0,57.3,77.0,1.0,True,0.01,0.95,10.0,39600.0,0.938,0.139
5009,1 - 1 - 2022,19800.0,2.0760539492026693,1.7782800679308082,2.3713730200033902,0.00512,0.00398107,0.00630957,0.345,0.3,0.4,2.46,2.0,4.0,847.0,8.6,19.3,1.0,True,0.01,0.95,10.0,39600.0,0.938,0.139
5010,1 - 1 - 2022,19800.0,2.029778313018444,1.7782800679308082,2.3713730200033902,0.00488,0.00398107,0.00630957,0.44,0.4,0.5,0.0317,0.0,0.05,37700.0,363.0,771.0,1.0,True,0.01,0.95,10.0,39600.0,0.938,0.139
5011,1 - 1 - 2022,19800.0,2.0273134932713295,1.7782800679308082,2.3713730200033902,0.00501,0.00398107,0.00630957,0.445,0.4,0.5,0.0777,0.05,0.1,91700.0,566.0,2310.0,1.0,True,0.01,0.95,10.0,39600.0,0.938,0.139
5012,1 - 1 - 2022,19800.0,2.0615528128088303,1.7782800679308082,2.3713730200033902,0.00508,0.00398107,0.00630957,0.445,0.4,0.5,0.154,0.1,0.2,171000.0,546.0,18500.0,1.0,True,0.01,0.95,10.0,39600.0,0.938,0.139
5013,1 - 1 - 2022,19800.0,2.0445048300260873,1.7782800679308082,2.3713730200033902,0.00505,0.00398107,0.00630957,0.444,0.4,0.5,0.249,0.2,0.3,224000.0,625.0,30000.0,1.0,True,0.01,0.95,10.0,39600.0,0.938,0.139
5014,1 - 1 - 2022,19800.0,2.046948949045872,1.7782800679308082,2.3713730200033902,0.00506,0.00398107,0.00630957,0.442,0.4,0.5,0.35,0.3,0.4,220000.0,620.0,23900.0,1.0,True,0.01,0.95,10.0,39600.0,0.938,0.139
5015,1 - 1 - 2022,19800.0,2.0542638584174138,1.7782800679308082,2.3713730200033902,0.00505,0.00398107,0.00630957,0.445,0.4,0.5,0.451,0.4,0.5,205000.0,599.0,36600.0,1.0,True,0.01,0.95,10.0,39600.0,0.938,0.139
5016,1 - 1 - 2022,19800.0,2.039607805437114,1.7782800679308082,2.3713730200033902,0.00505,0.00398107,0.00630957,0.444,0.4,0.5,0.549,0.5,0.6,177000.0,556.0,38500.0,1.0,True,0.01,0.95,10.0,39600.0,0.938,0.139
5017,1 - 1 - 2022,19800.0,2.0615528128088303,1.7782800679308082,2.3713730200033902,0.00511,0.00398107,0.00630957,0.447,0.4,0.5,0.647,0.6,0.7,129000.0,475.0,24700.0,1.0,True,0.01,0.95,10.0,39600.0,0.938,0.139
5018,1 - 1 - 2022,19800.0,2.06881608655772,1.7782800679308082,2.3713730200033902,0.00507,0.00398107,0.00630957,0.446,0.4,0.5,0.751,0.7,0.8,109000.0,437.0,23900.0,1.0,True,0.01,0.95,10.0,39600.0,0.938,0.139
5019,1 - 1 - 2022,19800.0,2.0346989949375804,1.7782800679308082,2.3713730200033902,0.00499,0.00398107,0.00630957,0.447,0.4,0.5,0.845,0.8,0.9,74300.0,360.0,14600.0,1.0,True,0.01,0.95,10.0,39600.0,0.938,0.139
5020,1 - 1 - 2022,19800.0,2.0420577856662137,1.7782800679308082,2.3713730200033902,0.005,0.00398107,0.00630957,0.442,0.4,0.5,0.947,0.9,1.0,49700.0,294.0,9250.0,1.0,True,0.01,0.95,10.0,39600.0,0.938,0.139
5021,1 - 1 - 2022,19800.0,2.0518284528683193,1.7782800679308082,2.3713730200033902,0.00503,0.00398107,0.00630957,0.446,0.4,0.5,1.17,1.0,1.5,21200.0,86.0,2700.0,1.0,True,0.01,0.95,10.0,39600.0,0.938,0.139
5022,1 - 1 - 2022,19800.0,2.0223748416156684,1.7782800679308082,2.3713730200033902,0.00499,0.00398107,0.00630957,0.444,0.4,0.5,1.7,1.5,2.0,4930.0,41.5,77.0,1.0,True,0.01,0.95,10.0,39600.0,0.938,0.139
5023,1 - 1 - 2022,19800.0,2.0663978319771825,1.7782800679308082,2.3713730200033902,0.00502,0.00398107,0.00630957,0.445,0.4,0.5,2.62,2.0,4.0,616.0,7.33,0.0,1.0,True,0.01,0.95,10.0,39600.0,0.938,0.139
5024,1 - 1 - 2022,19800.0,2.0273134932713295,1.7782800679308082,2.3713730200033902,0.00532,0.00398107,0.00630957,0.552,0.5,0.6,0.0354,0.0,0.05,22300.0,279.0,0.0,1.0,True,0.01,0.95,10.0,39600.0,0.938,0.139
5025,1 - 1 - 2022,19800.0,2.0174241001832014,1.7782800679308082,2.3713730200033902,0.00514,0.00398107,0.00630957,0.554,0.5,0.6,0.0784,0.05,0.1,47800.0,408.0,0.0,1.0,True,0.01,0.95,10.0,39600.0,0.938,0.139
5026,1 - 1 - 2022,19800.0,2.0420577856662137,1.7782800679308082,2.3713730200033902,0.00515,0.00398107,0.00630957,0.545,0.5,0.6,0.154,0.1,0.2,97100.0,412.0,1160.0,1.0,True,0.01,0.95,10.0,39600.0,0.938,0.139
5027,1 - 1 - 2022,19800.0,2.029778313018444,1.7782800679308082,2.3713730200033902,0.00503,0.00398107,0.00630957,0.543,0.5,0.6,0.251,0.2,0.3,136000.0,486.0,3470.0,1.0,True,0.01,0.95,10.0,39600.0,0.938,0.139
5028,1 - 1 - 2022,19800.0,2.0346989949375804,1.7782800679308082,2.3713730200033902,0.00506,0.00398107,0.00630957,0.545,0.5,0.6,0.35,0.3,0.4,142000.0,497.0,11900.0,1.0,True,0.01,0.95,10.0,39600.0,0.938,0.139
5029,1 - 1 - 2022,19800.0,2.039607805437114,1.7782800679308082,2.3713730200033902,0.00508,0.00398107,0.00630957,0.545,0.5,0.6,0.447,0.4,0.5,116000.0,450.0,11200.0,1.0,True,0.01,0.95,10.0,39600.0,0.938,0.139
5030,1 - 1 - 2022,19800.0,2.04939015319192,1.7782800679308082,2.3713730200033902,0.0049,0.00398107,0.00630957,0.545,0.5,0.6,0.551,0.5,0.6,94400.0,406.0,8860.0,1.0,True,0.01,0.95,10.0,39600.0,0.938,0.139
5031,1 - 1 - 2022,19800.0,2.0518284528683193,1.7782800679308082,2.3713730200033902,0.00503,0.00398107,0.00630957,0.546,0.5,0.6,0.655,0.6,0.7,93600.0,404.0,15000.0,1.0,True,0.01,0.95,10.0,39600.0,0.938,0.139
5032,1 - 1 - 2022,19800.0,2.0591260281974,1.7782800679308082,2.3713730200033902,0.00519,0.00398107,0.00630957,0.551,0.5,0.6,0.749,0.7,0.8,62400.0,330.0,9240.0,1.0,True,0.01,0.95,10.0,39600.0,0.938,0.139
5033,1 - 1 - 2022,19800.0,2.0591260281974,1.7782800679308082,2.3713730200033902,0.00509,0.00398107,0.00630957,0.542,0.5,0.6,0.849,0.8,0.9,45100.0,280.0,5010.0,1.0,True,0.01,0.95,10.0,39600.0,0.938,0.139
5034,1 - 1 - 2022,19800.0,2.0542638584174138,1.7782800679308082,2.3713730200033902,0.00507,0.00398107,0.00630957,0.542,0.5,0.6,0.942,0.9,1.0,34300.0,245.0,4240.0,1.0,True,0.01,0.95,10.0,39600.0,0.938,0.139
5035,1 - 1 - 2022,19800.0,2.0542638584174138,1.7782800679308082,2.3713730200033902,0.00509,0.00398107,0.00630957,0.541,0.5,0.6,1.16,1.0,1.5,12200.0,65.2,2160.0,1.0,True,0.01,0.95,10.0,39600.0,0.938,0.139
5036,1 - 1 - 2022,19800.0,2.046948949045872,1.7782800679308082,2.3713730200033902,0.00497,0.00398107,0.00630957,0.545,0.5,0.6,1.72,1.5,2.0,2540.0,29.8,154.0,1.0,True,0.01,0.95,10.0,39600.0,0.938,0.139
5037,1 - 1 - 2022,19800.0,2.0542638584174138,1.7782800679308082,2.3713730200033902,0.00519,0.00398107,0.00630957,0.546,0.5,0.6,2.54,2.0,4.0,347.0,5.5,0.0,1.0,True,0.01,0.95,10.0,39600.0,0.938,0.139
5038,1 - 1 - 2022,19800.0,2.029778313018444,1.7782800679308082,2.3713730200033902,0.00508,0.00398107,0.00630957,0.643,0.6,0.7,0.0361,0.0,0.05,16900.0,243.0,0.0,1.0,True,0.01,0.95,10.0,39600.0,0.938,0.139
5039,1 - 1 - 2022,19800.0,2.0615528128088303,1.7782800679308082,2.3713730200033902,0.00502,0.00398107,0.00630957,0.635,0.6,0.7,0.0798,0.05,0.1,20000.0,264.0,0.0,1.0,True,0.01,0.95,10.0,39600.0,0.938,0.139
5040,1 - 1 - 2022,19800.0,2.0273134932713295,1.7782800679308082,2.3713730200033902,0.00505,0.00398107,0.00630957,0.642,0.6,0.7,0.157,0.1,0.2,40100.0,264.0,385.0,1.0,True,0.01,0.95,10.0,39600.0,0.938,0.139
5041,1 - 1 - 2022,19800.0,2.0322401432901573,1.7782800679308082,2.3713730200033902,0.00503,0.00398107,0.00630957,0.644,0.6,0.7,0.249,0.2,0.3,60100.0,324.0,0.0,1.0,True,0.01,0.95,10.0,39600.0,0.938,0.139
5042,1 - 1 - 2022,19800.0,2.0566963801203135,1.7782800679308082,2.3713730200033902,0.00505,0.00398107,0.00630957,0.642,0.6,0.7,0.351,0.3,0.4,69300.0,348.0,770.0,1.0,True,0.01,0.95,10.0,39600.0,0.938,0.139
5043,1 - 1 - 2022,19800.0,2.0420577856662137,1.7782800679308082,2.3713730200033902,0.00501,0.00398107,0.00630957,0.644,0.6,0.7,0.448,0.4,0.5,61200.0,327.0,3080.0,1.0,True,0.01,0.95,10.0,39600.0,0.938,0.139
5044,1 - 1 - 2022,19800.0,2.0149441679609885,1.7782800679308082,2.3713730200033902,0.00498,0.00398107,0.00630957,0.642,0.6,0.7,0.55,0.5,0.6,60500.0,325.0,5780.0,1.0,True,0.01,0.95,10.0,39600.0,0.938,0.139
5045,1 - 1 - 2022,19800.0,2.039607805437114,1.7782800679308082,2.3713730200033902,0.00513,0.00398107,0.00630957,0.645,0.6,0.7,0.647,0.6,0.7,48500.0,291.0,3080.0,1.0,True,0.01,0.95,10.0,39600.0,0.938,0.139
5046,1 - 1 - 2022,19800.0,2.0322401432901573,1.7782800679308082,2.3713730200033902,0.00495,0.00398107,0.00630957,0.649,0.6,0.7,0.75,0.7,0.8,44300.0,278.0,1930.0,1.0,True,0.01,0.95,10.0,39600.0,0.938,0.139
5047,1 - 1 - 2022,19800.0,2.046948949045872,1.7782800679308082,2.3713730200033902,0.00497,0.00398107,0.00630957,0.649,0.6,0.7,0.852,0.8,0.9,32400.0,238.0,3470.0,1.0,True,0.01,0.95,10.0,39600.0,0.938,0.139
5048,1 - 1 - 2022,19800.0,2.0663978319771825,1.7782800679308082,2.3713730200033902,0.0049,0.00398107,0.00630957,0.648,0.6,0.7,0.947,0.9,1.0,18500.0,180.0,1540.0,1.0,True,0.01,0.95,10.0,39600.0,0.938,0.139
5049,1 - 1 - 2022,19800.0,2.0445048300260873,1.7782800679308082,2.3713730200033902,0.00504,0.00398107,0.00630957,0.645,0.6,0.7,1.2,1.0,1.5,7090.0,49.7,539.0,1.0,True,0.01,0.95,10.0,39600.0,0.938,0.139
5050,1 - 1 - 2022,19800.0,2.046948949045872,1.7782800679308082,2.3713730200033902,0.00457,0.00398107,0.00630957,0.644,0.6,0.7,1.75,1.5,2.0,1080.0,19.4,77.0,1.0,True,0.01,0.95,10.0,39600.0,0.938,0.139
5051,1 - 1 - 2022,19800.0,2.1023796041628637,1.7782800679308082,2.3713730200033902,0.0052,0.00398107,0.00630957,0.634,0.6,0.7,2.53,2.0,4.0,212.0,4.3,19.3,1.0,True,0.01,0.95,10.0,39600.0,0.938,0.139
5052,1 - 1 - 2022,19800.0,2.0124611797498106,1.7782800679308082,2.3713730200033902,0.00526,0.00398107,0.00630957,0.74,0.7,0.8,0.033,0.0,0.05,5390.0,137.0,0.0,1.0,True,0.01,0.95,10.0,39600.0,0.938,0.139
5053,1 - 1 - 2022,19800.0,2.0124611797498106,1.7782800679308082,2.3713730200033902,0.0051,0.00398107,0.00630957,0.753,0.7,0.8,0.0784,0.05,0.1,12300.0,207.0,0.0,1.0,True,0.01,0.95,10.0,39600.0,0.938,0.139
5054,1 - 1 - 2022,19800.0,2.0420577856662137,1.7782800679308082,2.3713730200033902,0.00506,0.00398107,0.00630957,0.742,0.7,0.8,0.15,0.1,0.2,23100.0,201.0,0.0,1.0,True,0.01,0.95,10.0,39600.0,0.938,0.139
5055,1 - 1 - 2022,19800.0,2.0322401432901573,1.7782800679308082,2.3713730200033902,0.00494,0.00398107,0.00630957,0.739,0.7,0.8,0.247,0.2,0.3,31600.0,235.0,0.0,1.0,True,0.01,0.95,10.0,39600.0,0.938,0.139
5056,1 - 1 - 2022,19800.0,2.0248456731316584,1.7782800679308082,2.3713730200033902,0.00504,0.00398107,0.00630957,0.746,0.7,0.8,0.349,0.3,0.4,46200.0,284.0,0.0,1.0,True,0.01,0.95,10.0,39600.0,0.938,0.139
5057,1 - 1 - 2022,19800.0,2.0518284528683193,1.7782800679308082,2.3713730200033902,0.00507,0.00398107,0.00630957,0.746,0.7,0.8,0.451,0.4,0.5,33100.0,240.0,0.0,1.0,True,0.01,0.95,10.0,39600.0,0.938,0.139
5058,1 - 1 - 2022,19800.0,2.0273134932713295,1.7782800679308082,2.3713730200033902,0.00506,0.00398107,0.00630957,0.744,0.7,0.8,0.551,0.5,0.6,31600.0,235.0,771.0,1.0,True,0.01,0.95,10.0,39600.0,0.938,0.139
5059,1 - 1 - 2022,19800.0,2.078460969082653,1.7782800679308082,2.3713730200033902,0.00504,0.00398107,0.00630957,0.749,0.7,0.8,0.648,0.6,0.7,25400.0,211.0,1160.0,1.0,True,0.01,0.95,10.0,39600.0,0.938,0.139
5060,1 - 1 - 2022,19800.0,2.0420577856662137,1.7782800679308082,2.3713730200033902,0.00502,0.00398107,0.00630957,0.749,0.7,0.8,0.744,0.7,0.8,25800.0,212.0,2310.0,1.0,True,0.01,0.95,10.0,39600.0,0.938,0.139
5061,1 - 1 - 2022,19800.0,2.0371548787463363,1.7782800679308082,2.3713730200033902,0.0052,0.00398107,0.00630957,0.74,0.7,0.8,0.848,0.8,0.9,19300.0,183.0,0.0,1.0,True,0.01,0.95,10.0,39600.0,0.938,0.139
5062,1 - 1 - 2022,19800.0,2.0273134932713295,1.7782800679308082,2.3713730200033902,0.00511,0.00398107,0.00630957,0.741,0.7,0.8,0.953,0.9,1.0,8860.0,124.0,771.0,1.0,True,0.01,0.95,10.0,39600.0,0.938,0.139
5063,1 - 1 - 2022,19800.0,2.1,1.7782800679308082,2.3713730200033902,0.005,0.00398107,0.00630957,0.746,0.7,0.8,1.14,1.0,1.5,3080.0,32.8,231.0,1.0,True,0.01,0.95,10.0,39600.0,0.938,0.139
5064,1 - 1 - 2022,19800.0,2.085665361461421,1.7782800679308082,2.3713730200033902,0.00524,0.00398107,0.00630957,0.734,0.7,0.8,1.72,1.5,2.0,462.0,12.7,0.0,1.0,True,0.01,0.95,10.0,39600.0,0.938,0.139
5065,1 - 1 - 2022,19800.0,1.8894443627691184,1.7782800679308082,2.3713730200033902,0.00437,0.00398107,0.00630957,0.735,0.7,0.8,2.28,2.0,4.0,57.8,2.25,0.0,1.0,True,0.01,0.95,10.0,39600.0,0.938,0.139
5066,1 - 1 - 2022,19800.0,1.9621416870348585,1.7782800679308082,2.3713730200033902,0.00488,0.00398107,0.00630957,0.846,0.8,0.9,0.0298,0.0,0.05,3080.0,104.0,0.0,1.0,True,0.01,0.95,10.0,39600.0,0.938,0.139
5067,1 - 1 - 2022,19800.0,1.9467922333931784,1.7782800679308082,2.3713730200033902,0.00467,0.00398107,0.00630957,0.848,0.8,0.9,0.0764,0.05,0.1,5390.0,137.0,0.0,1.0,True,0.01,0.95,10.0,39600.0,0.938,0.139
5068,1 - 1 - 2022,19800.0,2.0074859899884734,1.7782800679308082,2.3713730200033902,0.00499,0.00398107,0.00630957,0.845,0.8,0.9,0.156,0.1,0.2,16900.0,172.0,0.0,1.0,True,0.01,0.95,10.0,39600.0,0.938,0.139
5069,1 - 1 - 2022,19800.0,2.0518284528683193,1.7782800679308082,2.3713730200033902,0.00511,0.00398107,0.00630957,0.841,0.8,0.9,0.257,0.2,0.3,18100.0,178.0,0.0,1.0,True,0.01,0.95,10.0,39600.0,0.938,0.139
5070,1 - 1 - 2022,19800.0,2.0322401432901573,1.7782800679308082,2.3713730200033902,0.00514,0.00398107,0.00630957,0.845,0.8,0.9,0.348,0.3,0.4,22700.0,199.0,0.0,1.0,True,0.01,0.95,10.0,39600.0,0.938,0.139
5071,1 - 1 - 2022,19800.0,2.0445048300260873,1.7782800679308082,2.3713730200033902,0.00516,0.00398107,0.00630957,0.844,0.8,0.9,0.446,0.4,0.5,27000.0,217.0,0.0,1.0,True,0.01,0.95,10.0,39600.0,0.938,0.139
5072,1 - 1 - 2022,19800.0,2.0322401432901573,1.7782800679308082,2.3713730200033902,0.00497,0.00398107,0.00630957,0.839,0.8,0.9,0.542,0.5,0.6,19600.0,185.0,0.0,1.0,True,0.01,0.95,10.0,39600.0,0.938,0.139
5073,1 - 1 - 2022,19800.0,2.04939015319192,1.7782800679308082,2.3713730200033902,0.00496,0.00398107,0.00630957,0.845,0.8,0.9,0.65,0.6,0.7,18500.0,180.0,0.0,1.0,True,0.01,0.95,10.0,39600.0,0.938,0.139
5074,1 - 1 - 2022,19800.0,2.0420577856662137,1.7782800679308082,2.3713730200033902,0.00511,0.00398107,0.00630957,0.841,0.8,0.9,0.748,0.7,0.8,11900.0,144.0,385.0,1.0,True,0.01,0.95,10.0,39600.0,0.938,0.139
5075,1 - 1 - 2022,19800.0,2.0952326839756963,1.7782800679308082,2.3713730200033902,0.00499,0.00398107,0.00630957,0.853,0.8,0.9,0.851,0.8,0.9,9630.0,130.0,385.0,1.0,True,0.01,0.95,10.0,39600.0,0.938,0.139
5076,1 - 1 - 2022,19800.0,2.1047565179849186,1.7782800679308082,2.3713730200033902,0.0051,0.00398107,0.00630957,0.843,0.8,0.9,0.942,0.9,1.0,5390.0,97.0,385.0,1.0,True,0.01,0.95,10.0,39600.0,0.938,0.139
5077,1 - 1 - 2022,19800.0,2.0273134932713295,1.7782800679308082,2.3713730200033902,0.00524,0.00398107,0.00630957,0.853,0.8,0.9,1.16,1.0,1.5,1230.0,20.7,154.0,1.0,True,0.01,0.95,10.0,39600.0,0.938,0.139
5078,1 - 1 - 2022,19800.0,2.1142374511865976,1.7782800679308082,2.3713730200033902,0.00548,0.00398107,0.00630957,0.946,0.9,1.0,0.0392,0.0,0.05,1540.0,73.3,0.0,1.0,True,0.01,0.95,10.0,39600.0,0.938,0.139
5079,1 - 1 - 2022,19800.0,2.12367605815953,1.7782800679308082,2.3713730200033902,0.00591,0.00398107,0.00630957,0.933,0.9,1.0,0.0837,0.05,0.1,3080.0,104.0,0.0,1.0,True,0.01,0.95,10.0,39600.0,0.938,0.139
5080,1 - 1 - 2022,19800.0,2.083266665599966,1.7782800679308082,2.3713730200033902,0.00472,0.00398107,0.00630957,0.93,0.9,1.0,0.148,0.1,0.2,5010.0,93.5,0.0,1.0,True,0.01,0.95,10.0,39600.0,0.938,0.139
5081,1 - 1 - 2022,19800.0,1.9364916731037085,1.7782800679308082,2.3713730200033902,0.00465,0.00398107,0.00630957,0.931,0.9,1.0,0.261,0.2,0.3,2700.0,68.6,0.0,1.0,True,0.01,0.95,10.0,39600.0,0.938,0.139
5082,1 - 1 - 2022,19800.0,2.0322401432901573,1.7782800679308082,2.3713730200033902,0.00519,0.00398107,0.00630957,0.933,0.9,1.0,0.351,0.3,0.4,6930.0,110.0,0.0,1.0,True,0.01,0.95,10.0,39600.0,0.938,0.139
5083,1 - 1 - 2022,19800.0,2.046948949045872,1.7782800679308082,2.3713730200033902,0.00497,0.00398107,0.00630957,0.926,0.9,1.0,0.441,0.4,0.5,5010.0,93.5,0.0,1.0,True,0.01,0.95,10.0,39600.0,0.938,0.139
5084,1 - 1 - 2022,19800.0,1.9874606914351791,1.7782800679308082,2.3713730200033902,0.00509,0.00398107,0.00630957,0.929,0.9,1.0,0.548,0.5,0.6,6160.0,104.0,0.0,1.0,True,0.01,0.95,10.0,39600.0,0.938,0.139
5085,1 - 1 - 2022,19800.0,2.0248456731316584,1.7782800679308082,2.3713730200033902,0.00507,0.00398107,0.00630957,0.933,0.9,1.0,0.649,0.6,0.7,6550.0,107.0,0.0,1.0,True,0.01,0.95,10.0,39600.0,0.938,0.139
5086,1 - 1 - 2022,19800.0,2.1071307505705477,1.7782800679308082,2.3713730200033902,0.00512,0.00398107,0.00630957,0.92,0.9,1.0,0.752,0.7,0.8,4240.0,86.0,0.0,1.0,True,0.01,0.95,10.0,39600.0,0.938,0.139
5087,1 - 1 - 2022,19800.0,1.9493588689617927,1.7782800679308082,2.3713730200033902,0.00512,0.00398107,0.00630957,0.919,0.9,1.0,0.856,0.8,0.9,2310.0,63.5,0.0,1.0,True,0.01,0.95,10.0,39600.0,0.938,0.139
5088,1 - 1 - 2022,19800.0,2.0976176963403033,1.7782800679308082,2.3713730200033902,0.00502,0.00398107,0.00630957,0.925,0.9,1.0,0.96,0.9,1.0,1540.0,51.9,0.0,1.0,True,0.01,0.95,10.0,39600.0,0.938,0.139
5089,1 - 1 - 2022,19800.0,2.1354156504062622,1.7782800679308082,2.3713730200033902,0.00466,0.00398107,0.00630957,0.914,0.9,1.0,1.08,1.0,1.5,385.0,11.6,0.0,1.0,True,0.01,0.95,10.0,39600.0,0.938,0.139
5090,1 - 1 - 2022,19800.0,2.142428528562855,1.7782800679308082,2.3713730200033902,0.00755,0.00630957,0.01,0.045,0.0,0.05,0.0367,0.0,0.05,32100.0,376.0,29200.0,1.0,True,0.01,0.95,10.0,39600.0,0.938,0.139
5091,1 - 1 - 2022,19800.0,2.1447610589527217,1.7782800679308082,2.3713730200033902,0.00753,0.00630957,0.01,0.0413,0.0,0.05,0.0809,0.05,0.1,162000.0,846.0,127000.0,1.0,True,0.01,0.95,10.0,39600.0,0.938,0.139
5092,1 - 1 - 2022,19800.0,2.0952326839756963,1.7782800679308082,2.3713730200033902,0.00769,0.00630957,0.01,0.0382,0.0,0.05,0.16,0.1,0.2,629000.0,1180.0,451000.0,1.0,True,0.01,0.95,10.0,39600.0,0.938,0.139
5093,1 - 1 - 2022,19800.0,2.080865204668481,1.7782800679308082,2.3713730200033902,0.00777,0.00630957,0.01,0.0352,0.0,0.05,0.253,0.2,0.3,1500000.0,1820.0,933000.0,1.0,True,0.01,0.95,10.0,39600.0,0.938,0.139
5094,1 - 1 - 2022,19800.0,2.0760539492026693,1.7782800679308082,2.3713730200033902,0.00781,0.00630957,0.01,0.033,0.0,0.05,0.35,0.3,0.4,1770000.0,1970.0,933000.0,1.0,True,0.01,0.95,10.0,39600.0,0.938,0.139
5095,1 - 1 - 2022,19800.0,2.0760539492026693,1.7782800679308082,2.3713730200033902,0.00786,0.00630957,0.01,0.0326,0.0,0.05,0.448,0.4,0.5,1560000.0,1850.0,756000.0,1.0,True,0.01,0.95,10.0,39600.0,0.938,0.139
5096,1 - 1 - 2022,19800.0,2.078460969082653,1.7782800679308082,2.3713730200033902,0.00782,0.00630957,0.01,0.0321,0.0,0.05,0.547,0.5,0.6,1180000.0,1620.0,588000.0,1.0,True,0.01,0.95,10.0,39600.0,0.938,0.139
5097,1 - 1 - 2022,19800.0,2.0760539492026693,1.7782800679308082,2.3713730200033902,0.0078,0.00630957,0.01,0.0331,0.0,0.05,0.647,0.6,0.7,795000.0,1320.0,382000.0,1.0,True,0.01,0.95,10.0,39600.0,0.938,0.139
5098,1 - 1 - 2022,19800.0,2.078460969082653,1.7782800679308082,2.3713730200033902,0.00787,0.00630957,0.01,0.0334,0.0,0.05,0.746,0.7,0.8,517000.0,1070.0,289000.0,1.0,True,0.01,0.95,10.0,39600.0,0.938,0.139
5099,1 - 1 - 2022,19800.0,2.080865204668481,1.7782800679308082,2.3713730200033902,0.00785,0.00630957,0.01,0.0344,0.0,0.05,0.848,0.8,0.9,292000.0,801.0,167000.0,1.0,True,0.01,0.95,10.0,39600.0,0.938,0.139
5100,1 - 1 - 2022,19800.0,2.090454496036687,1.7782800679308082,2.3713730200033902,0.00774,0.00630957,0.01,0.0351,0.0,0.05,0.945,0.9,1.0,160000.0,593.0,95300.0,1.0,True,0.01,0.95,10.0,39600.0,0.938,0.139
5101,1 - 1 - 2022,19800.0,2.080865204668481,1.7782800679308082,2.3713730200033902,0.00771,0.00630957,0.01,0.0373,0.0,0.05,1.14,1.0,1.5,37100.0,128.0,24700.0,1.0,True,0.01,0.95,10.0,39600.0,0.938,0.139
5102,1 - 1 - 2022,19800.0,2.1047565179849186,1.7782800679308082,2.3713730200033902,0.00735,0.00630957,0.01,0.041,0.0,0.05,1.63,1.5,2.0,2330.0,32.1,1750.0,1.0,True,0.01,0.95,10.0,39600.0,0.938,0.139
5103,1 - 1 - 2022,19800.0,2.0615528128088303,1.7782800679308082,2.3713730200033902,0.00787,0.00630957,0.01,0.0752,0.05,0.1,0.0318,0.0,0.05,264000.0,1080.0,152000.0,1.0,True,0.01,0.95,10.0,39600.0,0.938,0.139
5104,1 - 1 - 2022,19800.0,2.0639767440550294,1.7782800679308082,2.3713730200033902,0.00794,0.00630957,0.01,0.0746,0.05,0.1,0.077,0.05,0.1,634000.0,1670.0,313000.0,1.0,True,0.01,0.95,10.0,39600.0,0.938,0.139
5105,1 - 1 - 2022,19800.0,2.0639767440550294,1.7782800679308082,2.3713730200033902,0.00792,0.00630957,0.01,0.0737,0.05,0.1,0.154,0.1,0.2,1200000.0,1630.0,413000.0,1.0,True,0.01,0.95,10.0,39600.0,0.938,0.139
5106,1 - 1 - 2022,19800.0,2.04939015319192,1.7782800679308082,2.3713730200033902,0.00795,0.00630957,0.01,0.0727,0.05,0.1,0.251,0.2,0.3,1760000.0,1970.0,357000.0,1.0,True,0.01,0.95,10.0,39600.0,0.938,0.139
5107,1 - 1 - 2022,19800.0,2.046948949045872,1.7782800679308082,2.3713730200033902,0.00798,0.00630957,0.01,0.0729,0.05,0.1,0.349,0.3,0.4,1700000.0,1930.0,121000.0,1.0,True,0.01,0.95,10.0,39600.0,0.938,0.139
5108,1 - 1 - 2022,19800.0,2.046948949045872,1.7782800679308082,2.3713730200033902,0.00796,0.00630957,0.01,0.073,0.05,0.1,0.449,0.4,0.5,1440000.0,1780.0,36000.0,1.0,True,0.01,0.95,10.0,39600.0,0.938,0.139
5109,1 - 1 - 2022,19800.0,2.0591260281974,1.7782800679308082,2.3713730200033902,0.00799,0.00630957,0.01,0.0731,0.05,0.1,0.548,0.5,0.6,1100000.0,1560.0,7780.0,1.0,True,0.01,0.95,10.0,39600.0,0.938,0.139
5110,1 - 1 - 2022,19800.0,2.0518284528683193,1.7782800679308082,2.3713730200033902,0.00799,0.00630957,0.01,0.0731,0.05,0.1,0.647,0.6,0.7,785000.0,1310.0,4370.0,1.0,True,0.01,0.95,10.0,39600.0,0.938,0.139
5111,1 - 1 - 2022,19800.0,2.0591260281974,1.7782800679308082,2.3713730200033902,0.00805,0.00630957,0.01,0.0734,0.05,0.1,0.747,0.7,0.8,569000.0,1120.0,2430.0,1.0,True,0.01,0.95,10.0,39600.0,0.938,0.139
5112,1 - 1 - 2022,19800.0,2.046948949045872,1.7782800679308082,2.3713730200033902,0.00803,0.00630957,0.01,0.0733,0.05,0.1,0.847,0.8,0.9,328000.0,849.0,486.0,1.0,True,0.01,0.95,10.0,39600.0,0.938,0.139
5113,1 - 1 - 2022,19800.0,2.0445048300260873,1.7782800679308082,2.3713730200033902,0.00791,0.00630957,0.01,0.0732,0.05,0.1,0.944,0.9,1.0,215000.0,689.0,1460.0,1.0,True,0.01,0.95,10.0,39600.0,0.938,0.139
5114,1 - 1 - 2022,19800.0,2.0639767440550294,1.7782800679308082,2.3713730200033902,0.00798,0.00630957,0.01,0.0732,0.05,0.1,1.16,1.0,1.5,70400.0,176.0,4760.0,1.0,True,0.01,0.95,10.0,39600.0,0.938,0.139
5115,1 - 1 - 2022,19800.0,2.0542638584174138,1.7782800679308082,2.3713730200033902,0.00781,0.00630957,0.01,0.0731,0.05,0.1,1.69,1.5,2.0,6710.0,54.4,1750.0,1.0,True,0.01,0.95,10.0,39600.0,0.938,0.139
5116,1 - 1 - 2022,19800.0,2.0346989949375804,1.7782800679308082,2.3713730200033902,0.00769,0.00630957,0.01,0.0793,0.05,0.1,2.2,2.0,4.0,535.0,7.67,194.0,1.0,True,0.01,0.95,10.0,39600.0,0.938,0.139
5117,1 - 1 - 2022,19800.0,2.046948949045872,1.7782800679308082,2.3713730200033902,0.00806,0.00630957,0.01,0.123,0.1,0.15,0.0325,0.0,0.05,162000.0,846.0,132000.0,1.0,True,0.01,0.95,10.0,39600.0,0.938,0.139
5118,1 - 1 - 2022,19800.0,2.0591260281974,1.7782800679308082,2.3713730200033902,0.00799,0.00630957,0.01,0.123,0.1,0.15,0.0774,0.05,0.1,486000.0,1460.0,403000.0,1.0,True,0.01,0.95,10.0,39600.0,0.938,0.139
5119,1 - 1 - 2022,19800.0,2.04939015319192,1.7782800679308082,2.3713730200033902,0.00798,0.00630957,0.01,0.123,0.1,0.15,0.154,0.1,0.2,845000.0,1360.0,584000.0,1.0,True,0.01,0.95,10.0,39600.0,0.938,0.139
5120,1 - 1 - 2022,19800.0,2.04939015319192,1.7782800679308082,2.3713730200033902,0.00803,0.00630957,0.01,0.124,0.1,0.15,0.251,0.2,0.3,1060000.0,1530.0,529000.0,1.0,True,0.01,0.95,10.0,39600.0,0.938,0.139
5121,1 - 1 - 2022,19800.0,2.04939015319192,1.7782800679308082,2.3713730200033902,0.00797,0.00630957,0.01,0.124,0.1,0.15,0.349,0.3,0.4,1120000.0,1570.0,454000.0,1.0,True,0.01,0.95,10.0,39600.0,0.938,0.139
5122,1 - 1 - 2022,19800.0,2.046948949045872,1.7782800679308082,2.3713730200033902,0.00804,0.00630957,0.01,0.124,0.1,0.15,0.448,0.4,0.5,920000.0,1420.0,239000.0,1.0,True,0.01,0.95,10.0,39600.0,0.938,0.139
5123,1 - 1 - 2022,19800.0,2.04939015319192,1.7782800679308082,2.3713730200033902,0.00795,0.00630957,0.01,0.124,0.1,0.15,0.547,0.5,0.6,748000.0,1280.0,133000.0,1.0,True,0.01,0.95,10.0,39600.0,0.938,0.139
5124,1 - 1 - 2022,19800.0,2.04939015319192,1.7782800679308082,2.3713730200033902,0.00794,0.00630957,0.01,0.124,0.1,0.15,0.647,0.6,0.7,558000.0,1110.0,57800.0,1.0,True,0.01,0.95,10.0,39600.0,0.938,0.139
5125,1 - 1 - 2022,19800.0,2.0566963801203135,1.7782800679308082,2.3713730200033902,0.00793,0.00630957,0.01,0.124,0.1,0.15,0.747,0.7,0.8,400000.0,939.0,16000.0,1.0,True,0.01,0.95,10.0,39600.0,0.938,0.139
5126,1 - 1 - 2022,19800.0,2.0639767440550294,1.7782800679308082,2.3713730200033902,0.00797,0.00630957,0.01,0.124,0.1,0.15,0.846,0.8,0.9,256000.0,750.0,2430.0,1.0,True,0.01,0.95,10.0,39600.0,0.938,0.139
5127,1 - 1 - 2022,19800.0,2.0615528128088303,1.7782800679308082,2.3713730200033902,0.0079,0.00630957,0.01,0.124,0.1,0.15,0.945,0.9,1.0,157000.0,588.0,486.0,1.0,True,0.01,0.95,10.0,39600.0,0.938,0.139
5128,1 - 1 - 2022,19800.0,2.0542638584174138,1.7782800679308082,2.3713730200033902,0.00794,0.00630957,0.01,0.124,0.1,0.15,1.17,1.0,1.5,49800.0,148.0,0.0126,1.0,True,0.01,0.95,10.0,39600.0,0.938,0.139
5129,1 - 1 - 2022,19800.0,2.0420577856662137,1.7782800679308082,2.3713730200033902,0.00782,0.00630957,0.01,0.126,0.1,0.15,1.69,1.5,2.0,8560.0,61.4,0.0,1.0,True,0.01,0.95,10.0,39600.0,0.938,0.139
5130,1 - 1 - 2022,19800.0,2.0371548787463363,1.7782800679308082,2.3713730200033902,0.00796,0.00630957,0.01,0.121,0.1,0.15,2.35,2.0,4.0,462.0,7.13,0.0,1.0,True,0.01,0.95,10.0,39600.0,0.938,0.139
5131,1 - 1 - 2022,19800.0,2.039607805437114,1.7782800679308082,2.3713730200033902,0.00796,0.00630957,0.01,0.175,0.15,0.2,0.0335,0.0,0.05,132000.0,763.0,131000.0,1.0,True,0.01,0.95,10.0,39600.0,0.938,0.139
5132,1 - 1 - 2022,19800.0,2.0371548787463363,1.7782800679308082,2.3713730200033902,0.00808,0.00630957,0.01,0.173,0.15,0.2,0.078,0.05,0.1,336000.0,1220.0,317000.0,1.0,True,0.01,0.95,10.0,39600.0,0.938,0.139
5133,1 - 1 - 2022,19800.0,2.0518284528683193,1.7782800679308082,2.3713730200033902,0.00798,0.00630957,0.01,0.173,0.15,0.2,0.154,0.1,0.2,570000.0,1120.0,498000.0,1.0,True,0.01,0.95,10.0,39600.0,0.938,0.139
5134,1 - 1 - 2022,19800.0,2.046948949045872,1.7782800679308082,2.3713730200033902,0.00798,0.00630957,0.01,0.174,0.15,0.2,0.251,0.2,0.3,733000.0,1270.0,519000.0,1.0,True,0.01,0.95,10.0,39600.0,0.938,0.139
5135,1 - 1 - 2022,19800.0,2.0542638584174138,1.7782800679308082,2.3713730200033902,0.00796,0.00630957,0.01,0.174,0.15,0.2,0.35,0.3,0.4,757000.0,1290.0,432000.0,1.0,True,0.01,0.95,10.0,39600.0,0.938,0.139
5136,1 - 1 - 2022,19800.0,2.0591260281974,1.7782800679308082,2.3713730200033902,0.008,0.00630957,0.01,0.174,0.15,0.2,0.448,0.4,0.5,613000.0,1160.0,293000.0,1.0,True,0.01,0.95,10.0,39600.0,0.938,0.139
5137,1 - 1 - 2022,19800.0,2.046948949045872,1.7782800679308082,2.3713730200033902,0.00798,0.00630957,0.01,0.173,0.15,0.2,0.547,0.5,0.6,516000.0,1070.0,195000.0,1.0,True,0.01,0.95,10.0,39600.0,0.938,0.139
5138,1 - 1 - 2022,19800.0,2.0591260281974,1.7782800679308082,2.3713730200033902,0.00794,0.00630957,0.01,0.174,0.15,0.2,0.647,0.6,0.7,383000.0,918.0,114000.0,1.0,True,0.01,0.95,10.0,39600.0,0.938,0.139
5139,1 - 1 - 2022,19800.0,2.0518284528683193,1.7782800679308082,2.3713730200033902,0.00806,0.00630957,0.01,0.174,0.15,0.2,0.748,0.7,0.8,293000.0,803.0,58800.0,1.0,True,0.01,0.95,10.0,39600.0,0.938,0.139
5140,1 - 1 - 2022,19800.0,2.0420577856662137,1.7782800679308082,2.3713730200033902,0.00788,0.00630957,0.01,0.173,0.15,0.2,0.848,0.8,0.9,210000.0,680.0,23300.0,1.0,True,0.01,0.95,10.0,39600.0,0.938,0.139
5141,1 - 1 - 2022,19800.0,2.04939015319192,1.7782800679308082,2.3713730200033902,0.008,0.00630957,0.01,0.175,0.15,0.2,0.945,0.9,1.0,125000.0,525.0,5350.0,1.0,True,0.01,0.95,10.0,39600.0,0.938,0.139
5142,1 - 1 - 2022,19800.0,2.0663978319771825,1.7782800679308082,2.3713730200033902,0.00792,0.00630957,0.01,0.174,0.15,0.2,1.16,1.0,1.5,40800.0,134.0,389.0,1.0,True,0.01,0.95,10.0,39600.0,0.938,0.139
5143,1 - 1 - 2022,19800.0,2.06881608655772,1.7782800679308082,2.3713730200033902,0.00803,0.00630957,0.01,0.175,0.15,0.2,1.69,1.5,2.0,8070.0,59.6,0.0,1.0,True,0.01,0.95,10.0,39600.0,0.938,0.139
5144,1 - 1 - 2022,19800.0,2.1095023109728985,1.7782800679308082,2.3713730200033902,0.00741,0.00630957,0.01,0.177,0.15,0.2,2.48,2.0,4.0,632.0,8.34,0.0,1.0,True,0.01,0.95,10.0,39600.0,0.938,0.139
5145,1 - 1 - 2022,19800.0,2.08806130178211,1.7782800679308082,2.3713730200033902,0.00803,0.00630957,0.01,0.225,0.2,0.25,0.033,0.0,0.05,80700.0,596.0,78700.0,1.0,True,0.01,0.95,10.0,39600.0,0.938,0.139
5146,1 - 1 - 2022,19800.0,2.0663978319771825,1.7782800679308082,2.3713730200033902,0.00805,0.00630957,0.01,0.222,0.2,0.25,0.0772,0.05,0.1,203000.0,946.0,197000.0,1.0,True,0.01,0.95,10.0,39600.0,0.938,0.139
5147,1 - 1 - 2022,19800.0,2.046948949045872,1.7782800679308082,2.3713730200033902,0.00798,0.00630957,0.01,0.224,0.2,0.25,0.153,0.1,0.2,391000.0,928.0,345000.0,1.0,True,0.01,0.95,10.0,39600.0,0.938,0.139
5148,1 - 1 - 2022,19800.0,2.0371548787463363,1.7782800679308082,2.3713730200033902,0.00791,0.00630957,0.01,0.223,0.2,0.25,0.251,0.2,0.3,526000.0,1080.0,387000.0,1.0,True,0.01,0.95,10.0,39600.0,0.938,0.139
5149,1 - 1 - 2022,19800.0,2.0518284528683193,1.7782800679308082,2.3713730200033902,0.00799,0.00630957,0.01,0.223,0.2,0.25,0.349,0.3,0.4,527000.0,1080.0,306000.0,1.0,True,0.01,0.95,10.0,39600.0,0.938,0.139
5150,1 - 1 - 2022,19800.0,2.0518284528683193,1.7782800679308082,2.3713730200033902,0.00798,0.00630957,0.01,0.223,0.2,0.25,0.45,0.4,0.5,449000.0,994.0,223000.0,1.0,True,0.01,0.95,10.0,39600.0,0.938,0.139
5151,1 - 1 - 2022,19800.0,2.0566963801203135,1.7782800679308082,2.3713730200033902,0.00792,0.00630957,0.01,0.224,0.2,0.25,0.549,0.5,0.6,385000.0,921.0,168000.0,1.0,True,0.01,0.95,10.0,39600.0,0.938,0.139
5152,1 - 1 - 2022,19800.0,2.0542638584174138,1.7782800679308082,2.3713730200033902,0.00795,0.00630957,0.01,0.223,0.2,0.25,0.647,0.6,0.7,326000.0,847.0,117000.0,1.0,True,0.01,0.95,10.0,39600.0,0.938,0.139
5153,1 - 1 - 2022,19800.0,2.0566963801203135,1.7782800679308082,2.3713730200033902,0.008,0.00630957,0.01,0.224,0.2,0.25,0.745,0.7,0.8,225000.0,703.0,67600.0,1.0,True,0.01,0.95,10.0,39600.0,0.938,0.139
5154,1 - 1 - 2022,19800.0,2.0518284528683193,1.7782800679308082,2.3713730200033902,0.00804,0.00630957,0.01,0.225,0.2,0.25,0.846,0.8,0.9,148000.0,571.0,32600.0,1.0,True,0.01,0.95,10.0,39600.0,0.938,0.139
5155,1 - 1 - 2022,19800.0,2.06881608655772,1.7782800679308082,2.3713730200033902,0.00793,0.00630957,0.01,0.224,0.2,0.25,0.946,0.9,1.0,92400.0,451.0,19900.0,1.0,True,0.01,0.95,10.0,39600.0,0.938,0.139
5156,1 - 1 - 2022,19800.0,2.0663978319771825,1.7782800679308082,2.3713730200033902,0.00795,0.00630957,0.01,0.224,0.2,0.25,1.17,1.0,1.5,35100.0,124.0,2920.0,1.0,True,0.01,0.95,10.0,39600.0,0.938,0.139
5157,1 - 1 - 2022,19800.0,2.029778313018444,1.7782800679308082,2.3713730200033902,0.00801,0.00630957,0.01,0.227,0.2,0.25,1.71,1.5,2.0,6810.0,54.7,0.0,1.0,True,0.01,0.95,10.0,39600.0,0.938,0.139
5158,1 - 1 - 2022,19800.0,2.0371548787463363,1.7782800679308082,2.3713730200033902,0.00782,0.00630957,0.01,0.228,0.2,0.25,2.47,2.0,4.0,535.0,7.67,0.0,1.0,True,0.01,0.95,10.0,39600.0,0.938,0.139
5159,1 - 1 - 2022,19800.0,2.0420577856662137,1.7782800679308082,2.3713730200033902,0.00768,0.00630957,0.01,0.271,0.25,0.3,0.0357,0.0,0.05,43700.0,439.0,40800.0,1.0,True,0.01,0.95,10.0,39600.0,0.938,0.139
5160,1 - 1 - 2022,19800.0,2.0445048300260873,1.7782800679308082,2.3713730200033902,0.00796,0.00630957,0.01,0.274,0.25,0.3,0.0789,0.05,0.1,160000.0,840.0,141000.0,1.0,True,0.01,0.95,10.0,39600.0,0.938,0.139
5161,1 - 1 - 2022,19800.0,2.046948949045872,1.7782800679308082,2.3713730200033902,0.00804,0.00630957,0.01,0.274,0.25,0.3,0.153,0.1,0.2,257000.0,752.0,215000.0,1.0,True,0.01,0.95,10.0,39600.0,0.938,0.139
5162,1 - 1 - 2022,19800.0,2.0566963801203135,1.7782800679308082,2.3713730200033902,0.00798,0.00630957,0.01,0.274,0.25,0.3,0.252,0.2,0.3,362000.0,892.0,227000.0,1.0,True,0.01,0.95,10.0,39600.0,0.938,0.139
5163,1 - 1 - 2022,19800.0,2.0542638584174138,1.7782800679308082,2.3713730200033902,0.00801,0.00630957,0.01,0.274,0.25,0.3,0.35,0.3,0.4,394000.0,932.0,214000.0,1.0,True,0.01,0.95,10.0,39600.0,0.938,0.139
5164,1 - 1 - 2022,19800.0,2.046948949045872,1.7782800679308082,2.3713730200033902,0.00795,0.00630957,0.01,0.275,0.25,0.3,0.449,0.4,0.5,349000.0,877.0,167000.0,1.0,True,0.01,0.95,10.0,39600.0,0.938,0.139
5165,1 - 1 - 2022,19800.0,2.0445048300260873,1.7782800679308082,2.3713730200033902,0.00793,0.00630957,0.01,0.274,0.25,0.3,0.548,0.5,0.6,294000.0,805.0,128000.0,1.0,True,0.01,0.95,10.0,39600.0,0.938,0.139
5166,1 - 1 - 2022,19800.0,2.0566963801203135,1.7782800679308082,2.3713730200033902,0.00792,0.00630957,0.01,0.273,0.25,0.3,0.649,0.6,0.7,225000.0,703.0,90400.0,1.0,True,0.01,0.95,10.0,39600.0,0.938,0.139
5167,1 - 1 - 2022,19800.0,2.0566963801203135,1.7782800679308082,2.3713730200033902,0.00797,0.00630957,0.01,0.275,0.25,0.3,0.746,0.7,0.8,160000.0,593.0,52000.0,1.0,True,0.01,0.95,10.0,39600.0,0.938,0.139
5168,1 - 1 - 2022,19800.0,2.0566963801203135,1.7782800679308082,2.3713730200033902,0.00799,0.00630957,0.01,0.273,0.25,0.3,0.846,0.8,0.9,116000.0,505.0,34000.0,1.0,True,0.01,0.95,10.0,39600.0,0.938,0.139
5169,1 - 1 - 2022,19800.0,2.0518284528683193,1.7782800679308082,2.3713730200033902,0.00802,0.00630957,0.01,0.271,0.25,0.3,0.947,0.9,1.0,81200.0,423.0,20900.0,1.0,True,0.01,0.95,10.0,39600.0,0.938,0.139
5170,1 - 1 - 2022,19800.0,2.0518284528683193,1.7782800679308082,2.3713730200033902,0.00782,0.00630957,0.01,0.276,0.25,0.3,1.17,1.0,1.5,23300.0,101.0,3690.0,1.0,True,0.01,0.95,10.0,39600.0,0.938,0.139
5171,1 - 1 - 2022,19800.0,2.046948949045872,1.7782800679308082,2.3713730200033902,0.0081,0.00630957,0.01,0.273,0.25,0.3,1.7,1.5,2.0,4960.0,46.7,97.3,1.0,True,0.01,0.95,10.0,39600.0,0.938,0.139
5172,1 - 1 - 2022,19800.0,2.0199009876724157,1.7782800679308082,2.3713730200033902,0.00781,0.00630957,0.01,0.273,0.25,0.3,2.47,2.0,4.0,656.0,8.5,0.0,1.0,True,0.01,0.95,10.0,39600.0,0.938,0.139
5173,1 - 1 - 2022,19800.0,2.029778313018444,1.7782800679308082,2.3713730200033902,0.00803,0.00630957,0.01,0.347,0.3,0.4,0.0336,0.0,0.05,33100.0,270.0,22800.0,1.0,True,0.01,0.95,10.0,39600.0,0.938,0.139
5174,1 - 1 - 2022,19800.0,2.0760539492026693,1.7782800679308082,2.3713730200033902,0.00793,0.00630957,0.01,0.344,0.3,0.4,0.0785,0.05,0.1,86500.0,436.0,54400.0,1.0,True,0.01,0.95,10.0,39600.0,0.938,0.139
5175,1 - 1 - 2022,19800.0,2.046948949045872,1.7782800679308082,2.3713730200033902,0.00797,0.00630957,0.01,0.345,0.3,0.4,0.154,0.1,0.2,150000.0,406.0,95500.0,1.0,True,0.01,0.95,10.0,39600.0,0.938,0.139
5176,1 - 1 - 2022,19800.0,2.0445048300260873,1.7782800679308082,2.3713730200033902,0.00791,0.00630957,0.01,0.345,0.3,0.4,0.253,0.2,0.3,218000.0,490.0,108000.0,1.0,True,0.01,0.95,10.0,39600.0,0.938,0.139
5177,1 - 1 - 2022,19800.0,2.0639767440550294,1.7782800679308082,2.3713730200033902,0.00806,0.00630957,0.01,0.346,0.3,0.4,0.352,0.3,0.4,224000.0,496.0,88700.0,1.0,True,0.01,0.95,10.0,39600.0,0.938,0.139
5178,1 - 1 - 2022,19800.0,2.0566963801203135,1.7782800679308082,2.3713730200033902,0.00801,0.00630957,0.01,0.346,0.3,0.4,0.449,0.4,0.5,224000.0,496.0,84100.0,1.0,True,0.01,0.95,10.0,39600.0,0.938,0.139
5179,1 - 1 - 2022,19800.0,2.0518284528683193,1.7782800679308082,2.3713730200033902,0.008,0.00630957,0.01,0.345,0.3,0.4,0.548,0.5,0.6,187000.0,454.0,63900.0,1.0,True,0.01,0.95,10.0,39600.0,0.938,0.139
5180,1 - 1 - 2022,19800.0,2.0566963801203135,1.7782800679308082,2.3713730200033902,0.00801,0.00630957,0.01,0.347,0.3,0.4,0.647,0.6,0.7,138000.0,389.0,44200.0,1.0,True,0.01,0.95,10.0,39600.0,0.938,0.139
5181,1 - 1 - 2022,19800.0,2.0591260281974,1.7782800679308082,2.3713730200033902,0.00796,0.00630957,0.01,0.347,0.3,0.4,0.747,0.7,0.8,105000.0,339.0,33500.0,1.0,True,0.01,0.95,10.0,39600.0,0.938,0.139
5182,1 - 1 - 2022,19800.0,2.0542638584174138,1.7782800679308082,2.3713730200033902,0.00798,0.00630957,0.01,0.346,0.3,0.4,0.848,0.8,0.9,89400.0,314.0,24500.0,1.0,True,0.01,0.95,10.0,39600.0,0.938,0.139
5183,1 - 1 - 2022,19800.0,2.0445048300260873,1.7782800679308082,2.3713730200033902,0.00813,0.00630957,0.01,0.346,0.3,0.4,0.948,0.9,1.0,52000.0,239.0,14600.0,1.0,True,0.01,0.95,10.0,39600.0,0.938,0.139
5184,1 - 1 - 2022,19800.0,2.06881608655772,1.7782800679308082,2.3713730200033902,0.00793,0.00630957,0.01,0.345,0.3,0.4,1.18,1.0,1.5,17500.0,62.2,2920.0,1.0,True,0.01,0.95,10.0,39600.0,0.938,0.139
5185,1 - 1 - 2022,19800.0,2.0639767440550294,1.7782800679308082,2.3713730200033902,0.00779,0.00630957,0.01,0.345,0.3,0.4,1.72,1.5,2.0,3210.0,26.6,146.0,1.0,True,0.01,0.95,10.0,39600.0,0.938,0.139
5186,1 - 1 - 2022,19800.0,2.083266665599966,1.7782800679308082,2.3713730200033902,0.00816,0.00630957,0.01,0.35,0.3,0.4,2.34,2.0,4.0,498.0,5.24,0.0,1.0,True,0.01,0.95,10.0,39600.0,0.938,0.139
5187,1 - 1 - 2022,19800.0,1.9949937343260002,1.7782800679308082,2.3713730200033902,0.00792,0.00630957,0.01,0.441,0.4,0.5,0.0339,0.0,0.05,18500.0,202.0,7780.0,1.0,True,0.01,0.95,10.0,39600.0,0.938,0.139
5188,1 - 1 - 2022,19800.0,2.029778313018444,1.7782800679308082,2.3713730200033902,0.00804,0.00630957,0.01,0.446,0.4,0.5,0.0775,0.05,0.1,64200.0,376.0,26700.0,1.0,True,0.01,0.95,10.0,39600.0,0.938,0.139
5189,1 - 1 - 2022,19800.0,2.0371548787463363,1.7782800679308082,2.3713730200033902,0.00794,0.00630957,0.01,0.446,0.4,0.5,0.155,0.1,0.2,97000.0,327.0,19900.0,1.0,True,0.01,0.95,10.0,39600.0,0.938,0.139
5190,1 - 1 - 2022,19800.0,2.039607805437114,1.7782800679308082,2.3713730200033902,0.00812,0.00630957,0.01,0.445,0.4,0.5,0.25,0.2,0.3,117000.0,360.0,27200.0,1.0,True,0.01,0.95,10.0,39600.0,0.938,0.139
5191,1 - 1 - 2022,19800.0,2.0445048300260873,1.7782800679308082,2.3713730200033902,0.008,0.00630957,0.01,0.446,0.4,0.5,0.351,0.3,0.4,119000.0,361.0,18500.0,1.0,True,0.01,0.95,10.0,39600.0,0.938,0.139
5192,1 - 1 - 2022,19800.0,2.039607805437114,1.7782800679308082,2.3713730200033902,0.00794,0.00630957,0.01,0.446,0.4,0.5,0.449,0.4,0.5,123000.0,369.0,23100.0,1.0,True,0.01,0.95,10.0,39600.0,0.938,0.139
5193,1 - 1 - 2022,19800.0,2.04939015319192,1.7782800679308082,2.3713730200033902,0.00804,0.00630957,0.01,0.447,0.4,0.5,0.549,0.5,0.6,105000.0,340.0,22400.0,1.0,True,0.01,0.95,10.0,39600.0,0.938,0.139
5194,1 - 1 - 2022,19800.0,2.0371548787463363,1.7782800679308082,2.3713730200033902,0.00798,0.00630957,0.01,0.442,0.4,0.5,0.647,0.6,0.7,82900.0,302.0,19200.0,1.0,True,0.01,0.95,10.0,39600.0,0.938,0.139
5195,1 - 1 - 2022,19800.0,2.0566963801203135,1.7782800679308082,2.3713730200033902,0.00787,0.00630957,0.01,0.444,0.4,0.5,0.745,0.7,0.8,51500.0,238.0,11400.0,1.0,True,0.01,0.95,10.0,39600.0,0.938,0.139
5196,1 - 1 - 2022,19800.0,2.0371548787463363,1.7782800679308082,2.3713730200033902,0.00791,0.00630957,0.01,0.443,0.4,0.5,0.845,0.8,0.9,46400.0,226.0,12900.0,1.0,True,0.01,0.95,10.0,39600.0,0.938,0.139
5197,1 - 1 - 2022,19800.0,2.0074859899884734,1.7782800679308082,2.3713730200033902,0.00802,0.00630957,0.01,0.447,0.4,0.5,0.948,0.9,1.0,31400.0,186.0,7290.0,1.0,True,0.01,0.95,10.0,39600.0,0.938,0.139
5198,1 - 1 - 2022,19800.0,2.0566963801203135,1.7782800679308082,2.3713730200033902,0.00803,0.00630957,0.01,0.448,0.4,0.5,1.17,1.0,1.5,11200.0,49.7,1360.0,1.0,True,0.01,0.95,10.0,39600.0,0.938,0.139
5199,1 - 1 - 2022,19800.0,2.08806130178211,1.7782800679308082,2.3713730200033902,0.00787,0.00630957,0.01,0.446,0.4,0.5,1.69,1.5,2.0,2140.0,21.7,97.2,1.0,True,0.01,0.95,10.0,39600.0,0.938,0.139
5200,1 - 1 - 2022,19800.0,2.085665361461421,1.7782800679308082,2.3713730200033902,0.00751,0.00630957,0.01,0.454,0.4,0.5,2.36,2.0,4.0,316.0,4.17,0.0,1.0,True,0.01,0.95,10.0,39600.0,0.938,0.139
5201,1 - 1 - 2022,19800.0,1.997498435543818,1.7782800679308082,2.3713730200033902,0.00756,0.00630957,0.01,0.549,0.5,0.6,0.0342,0.0,0.05,7780.0,131.0,0.0,1.0,True,0.01,0.95,10.0,39600.0,0.938,0.139
5202,1 - 1 - 2022,19800.0,2.0591260281974,1.7782800679308082,2.3713730200033902,0.00813,0.00630957,0.01,0.548,0.5,0.6,0.0762,0.05,0.1,41800.0,303.0,2430.0,1.0,True,0.01,0.95,10.0,39600.0,0.938,0.139
5203,1 - 1 - 2022,19800.0,2.0273134932713295,1.7782800679308082,2.3713730200033902,0.00792,0.00630957,0.01,0.551,0.5,0.6,0.155,0.1,0.2,61500.0,260.0,4620.0,1.0,True,0.01,0.95,10.0,39600.0,0.938,0.139
5204,1 - 1 - 2022,19800.0,2.0371548787463363,1.7782800679308082,2.3713730200033902,0.00797,0.00630957,0.01,0.546,0.5,0.6,0.251,0.2,0.3,77000.0,291.0,3890.0,1.0,True,0.01,0.95,10.0,39600.0,0.938,0.139
5205,1 - 1 - 2022,19800.0,2.0542638584174138,1.7782800679308082,2.3713730200033902,0.00797,0.00630957,0.01,0.548,0.5,0.6,0.352,0.3,0.4,82100.0,301.0,4620.0,1.0,True,0.01,0.95,10.0,39600.0,0.938,0.139
5206,1 - 1 - 2022,19800.0,2.0273134932713295,1.7782800679308082,2.3713730200033902,0.00808,0.00630957,0.01,0.547,0.5,0.6,0.449,0.4,0.5,81400.0,299.0,6560.0,1.0,True,0.01,0.95,10.0,39600.0,0.938,0.139
5207,1 - 1 - 2022,19800.0,2.0591260281974,1.7782800679308082,2.3713730200033902,0.00793,0.00630957,0.01,0.545,0.5,0.6,0.551,0.5,0.6,65600.0,269.0,5590.0,1.0,True,0.01,0.95,10.0,39600.0,0.938,0.139
5208,1 - 1 - 2022,19800.0,2.0615528128088303,1.7782800679308082,2.3713730200033902,0.00787,0.00630957,0.01,0.544,0.5,0.6,0.648,0.6,0.7,57600.0,252.0,5350.0,1.0,True,0.01,0.95,10.0,39600.0,0.938,0.139
5209,1 - 1 - 2022,19800.0,2.071231517720798,1.7782800679308082,2.3713730200033902,0.00817,0.00630957,0.01,0.548,0.5,0.6,0.751,0.7,0.8,30600.0,184.0,4860.0,1.0,True,0.01,0.95,10.0,39600.0,0.938,0.139
5210,1 - 1 - 2022,19800.0,2.039607805437114,1.7782800679308082,2.3713730200033902,0.00791,0.00630957,0.01,0.549,0.5,0.6,0.847,0.8,0.9,25800.0,168.0,5350.0,1.0,True,0.01,0.95,10.0,39600.0,0.938,0.139
5211,1 - 1 - 2022,19800.0,2.0420577856662137,1.7782800679308082,2.3713730200033902,0.00811,0.00630957,0.01,0.553,0.5,0.6,0.94,0.9,1.0,19200.0,145.0,2670.0,1.0,True,0.01,0.95,10.0,39600.0,0.938,0.139
5212,1 - 1 - 2022,19800.0,2.0223748416156684,1.7782800679308082,2.3713730200033902,0.0079,0.00630957,0.01,0.545,0.5,0.6,1.19,1.0,1.5,5740.0,35.5,1020.0,1.0,True,0.01,0.95,10.0,39600.0,0.938,0.139
5213,1 - 1 - 2022,19800.0,2.0024984394500787,1.7782800679308082,2.3713730200033902,0.00787,0.00630957,0.01,0.551,0.5,0.6,1.72,1.5,2.0,1120.0,15.7,48.6,1.0,True,0.01,0.95,10.0,39600.0,0.938,0.139
5214,1 - 1 - 2022,19800.0,2.083266665599966,1.7782800679308082,2.3713730200033902,0.00841,0.00630957,0.01,0.543,0.5,0.6,2.66,2.0,4.0,122.0,2.59,0.0,1.0,True,0.01,0.95,10.0,39600.0,0.938,0.139
5215,1 - 1 - 2022,19800.0,2.009975124224178,1.7782800679308082,2.3713730200033902,0.00842,0.00630957,0.01,0.627,0.6,0.7,0.0408,0.0,0.05,6800.0,122.0,0.0,1.0,True,0.01,0.95,10.0,39600.0,0.938,0.139
5216,1 - 1 - 2022,19800.0,2.0124611797498106,1.7782800679308082,2.3713730200033902,0.00797,0.00630957,0.01,0.643,0.6,0.7,0.0812,0.05,0.1,15100.0,182.0,0.0,1.0,True,0.01,0.95,10.0,39600.0,0.938,0.139
5217,1 - 1 - 2022,19800.0,2.0518284528683193,1.7782800679308082,2.3713730200033902,0.00801,0.00630957,0.01,0.645,0.6,0.7,0.154,0.1,0.2,25000.0,166.0,0.11,1.0,True,0.01,0.95,10.0,39600.0,0.938,0.139
5218,1 - 1 - 2022,19800.0,2.04939015319192,1.7782800679308082,2.3713730200033902,0.00797,0.00630957,0.01,0.643,0.6,0.7,0.255,0.2,0.3,42000.0,215.0,972.0,1.0,True,0.01,0.95,10.0,39600.0,0.938,0.139
5219,1 - 1 - 2022,19800.0,2.029778313018444,1.7782800679308082,2.3713730200033902,0.00803,0.00630957,0.01,0.648,0.6,0.7,0.351,0.3,0.4,41300.0,213.0,729.0,1.0,True,0.01,0.95,10.0,39600.0,0.938,0.139
5220,1 - 1 - 2022,19800.0,2.039607805437114,1.7782800679308082,2.3713730200033902,0.008,0.00630957,0.01,0.645,0.6,0.7,0.451,0.4,0.5,45900.0,225.0,486.0,1.0,True,0.01,0.95,10.0,39600.0,0.938,0.139
5221,1 - 1 - 2022,19800.0,2.0322401432901573,1.7782800679308082,2.3713730200033902,0.00793,0.00630957,0.01,0.643,0.6,0.7,0.55,0.5,0.6,37400.0,203.0,729.0,1.0,True,0.01,0.95,10.0,39600.0,0.938,0.139
5222,1 - 1 - 2022,19800.0,2.0518284528683193,1.7782800679308082,2.3713730200033902,0.00804,0.00630957,0.01,0.646,0.6,0.7,0.649,0.6,0.7,26700.0,172.0,2430.0,1.0,True,0.01,0.95,10.0,39600.0,0.938,0.139
5223,1 - 1 - 2022,19800.0,2.0591260281974,1.7782800679308082,2.3713730200033902,0.00816,0.00630957,0.01,0.649,0.6,0.7,0.746,0.7,0.8,20400.0,150.0,972.0,1.0,True,0.01,0.95,10.0,39600.0,0.938,0.139
5224,1 - 1 - 2022,19800.0,2.0615528128088303,1.7782800679308082,2.3713730200033902,0.00809,0.00630957,0.01,0.647,0.6,0.7,0.849,0.8,0.9,17000.0,137.0,1220.0,1.0,True,0.01,0.95,10.0,39600.0,0.938,0.139
5225,1 - 1 - 2022,19800.0,2.0371548787463363,1.7782800679308082,2.3713730200033902,0.00806,0.00630957,0.01,0.646,0.6,0.7,0.94,0.9,1.0,12900.0,119.0,1460.0,1.0,True,0.01,0.95,10.0,39600.0,0.938,0.139
5226,1 - 1 - 2022,19800.0,2.06881608655772,1.7782800679308082,2.3713730200033902,0.00818,0.00630957,0.01,0.646,0.6,0.7,1.16,1.0,1.5,3400.0,27.4,340.0,1.0,True,0.01,0.95,10.0,39600.0,0.938,0.139
5227,1 - 1 - 2022,19800.0,2.073644135332772,1.7782800679308082,2.3713730200033902,0.00816,0.00630957,0.01,0.646,0.6,0.7,1.71,1.5,2.0,437.0,9.82,48.6,1.0,True,0.01,0.95,10.0,39600.0,0.938,0.139
5228,1 - 1 - 2022,19800.0,2.08806130178211,1.7782800679308082,2.3713730200033902,0.00797,0.00630957,0.01,0.644,0.6,0.7,2.42,2.0,4.0,146.0,2.83,0.0,1.0,True,0.01,0.95,10.0,39600.0,0.938,0.139
5229,1 - 1 - 2022,19800.0,1.8973665961010275,1.7782800679308082,2.3713730200033902,0.00865,0.00630957,0.01,0.729,0.7,0.8,0.038,0.0,0.05,2920.0,80.1,0.0,1.0,True,0.01,0.95,10.0,39600.0,0.938,0.139
5230,1 - 1 - 2022,19800.0,2.0223748416156684,1.7782800679308082,2.3713730200033902,0.00771,0.00630957,0.01,0.74,0.7,0.8,0.0746,0.05,0.1,9240.0,143.0,486.0,1.0,True,0.01,0.95,10.0,39600.0,0.938,0.139
5231,1 - 1 - 2022,19800.0,2.0273134932713295,1.7782800679308082,2.3713730200033902,0.00806,0.00630957,0.01,0.748,0.7,0.8,0.153,0.1,0.2,14300.0,126.0,0.0,1.0,True,0.01,0.95,10.0,39600.0,0.938,0.139
5232,1 - 1 - 2022,19800.0,2.0273134932713295,1.7782800679308082,2.3713730200033902,0.00771,0.00630957,0.01,0.748,0.7,0.8,0.253,0.2,0.3,22100.0,156.0,0.0,1.0,True,0.01,0.95,10.0,39600.0,0.938,0.139
5233,1 - 1 - 2022,19800.0,2.0322401432901573,1.7782800679308082,2.3713730200033902,0.008,0.00630957,0.01,0.747,0.7,0.8,0.351,0.3,0.4,24800.0,165.0,0.0,1.0,True,0.01,0.95,10.0,39600.0,0.938,0.139
5234,1 - 1 - 2022,19800.0,2.0371548787463363,1.7782800679308082,2.3713730200033902,0.00805,0.00630957,0.01,0.748,0.7,0.8,0.45,0.4,0.5,27900.0,175.0,0.0,1.0,True,0.01,0.95,10.0,39600.0,0.938,0.139
5235,1 - 1 - 2022,19800.0,2.0174241001832014,1.7782800679308082,2.3713730200033902,0.00808,0.00630957,0.01,0.743,0.7,0.8,0.55,0.5,0.6,19700.0,147.0,486.0,1.0,True,0.01,0.95,10.0,39600.0,0.938,0.139
5236,1 - 1 - 2022,19800.0,2.0542638584174138,1.7782800679308082,2.3713730200033902,0.00785,0.00630957,0.01,0.749,0.7,0.8,0.647,0.6,0.7,19900.0,148.0,0.0,1.0,True,0.01,0.95,10.0,39600.0,0.938,0.139
5237,1 - 1 - 2022,19800.0,2.0615528128088303,1.7782800679308082,2.3713730200033902,0.00776,0.00630957,0.01,0.748,0.7,0.8,0.746,0.7,0.8,14600.0,127.0,486.0,1.0,True,0.01,0.95,10.0,39600.0,0.938,0.139
5238,1 - 1 - 2022,19800.0,2.0149441679609885,1.7782800679308082,2.3713730200033902,0.00828,0.00630957,0.01,0.744,0.7,0.8,0.839,0.8,0.9,9720.0,103.0,729.0,1.0,True,0.01,0.95,10.0,39600.0,0.938,0.139
5239,1 - 1 - 2022,19800.0,1.9748417658131499,1.7782800679308082,2.3713730200033902,0.00797,0.00630957,0.01,0.74,0.7,0.8,0.946,0.9,1.0,3890.0,65.4,486.0,1.0,True,0.01,0.95,10.0,39600.0,0.938,0.139
5240,1 - 1 - 2022,19800.0,2.0760539492026693,1.7782800679308082,2.3713730200033902,0.00786,0.00630957,0.01,0.75,0.7,0.8,1.16,1.0,1.5,1700.0,19.4,194.0,1.0,True,0.01,0.95,10.0,39600.0,0.938,0.139
5241,1 - 1 - 2022,19800.0,2.1095023109728985,1.7782800679308082,2.3713730200033902,0.00755,0.00630957,0.01,0.732,0.7,0.8,1.63,1.5,2.0,292.0,8.02,0.0,1.0,True,0.01,0.95,10.0,39600.0,0.938,0.139
5242,1 - 1 - 2022,19800.0,2.1840329667841556,1.7782800679308082,2.3713730200033902,0.00825,0.00630957,0.01,0.753,0.7,0.8,2.6,2.0,4.0,24.3,1.16,0.0,1.0,True,0.01,0.95,10.0,39600.0,0.938,0.139
5243,1 - 1 - 2022,19800.0,2.0615528128088303,1.7782800679308082,2.3713730200033902,0.00809,0.00630957,0.01,0.834,0.8,0.9,0.0354,0.0,0.05,2430.0,73.2,0.0,1.0,True,0.01,0.95,10.0,39600.0,0.938,0.139
5244,1 - 1 - 2022,19800.0,2.0445048300260873,1.7782800679308082,2.3713730200033902,0.00836,0.00630957,0.01,0.846,0.8,0.9,0.081,0.05,0.1,6320.0,118.0,0.0,1.0,True,0.01,0.95,10.0,39600.0,0.938,0.139
5245,1 - 1 - 2022,19800.0,2.078460969082653,1.7782800679308082,2.3713730200033902,0.00824,0.00630957,0.01,0.843,0.8,0.9,0.156,0.1,0.2,10700.0,109.0,0.0,1.0,True,0.01,0.95,10.0,39600.0,0.938,0.139
5246,1 - 1 - 2022,19800.0,2.0542638584174138,1.7782800679308082,2.3713730200033902,0.0082,0.00630957,0.01,0.844,0.8,0.9,0.249,0.2,0.3,14100.0,125.0,0.0,1.0,True,0.01,0.95,10.0,39600.0,0.938,0.139
5247,1 - 1 - 2022,19800.0,2.0223748416156684,1.7782800679308082,2.3713730200033902,0.00813,0.00630957,0.01,0.85,0.8,0.9,0.358,0.3,0.4,15600.0,131.0,243.0,1.0,True,0.01,0.95,10.0,39600.0,0.938,0.139
5248,1 - 1 - 2022,19800.0,2.0248456731316584,1.7782800679308082,2.3713730200033902,0.00791,0.00630957,0.01,0.841,0.8,0.9,0.455,0.4,0.5,11700.0,113.0,0.0,1.0,True,0.01,0.95,10.0,39600.0,0.938,0.139
5249,1 - 1 - 2022,19800.0,2.0322401432901573,1.7782800679308082,2.3713730200033902,0.0081,0.00630957,0.01,0.84,0.8,0.9,0.557,0.5,0.6,14300.0,126.0,0.0,1.0,True,0.01,0.95,10.0,39600.0,0.938,0.139
5250,1 - 1 - 2022,19800.0,2.0124611797498106,1.7782800679308082,2.3713730200033902,0.00799,0.00630957,0.01,0.851,0.8,0.9,0.651,0.6,0.7,11200.0,111.0,0.0,1.0,True,0.01,0.95,10.0,39600.0,0.938,0.139
5251,1 - 1 - 2022,19800.0,2.0223748416156684,1.7782800679308082,2.3713730200033902,0.0081,0.00630957,0.01,0.848,0.8,0.9,0.751,0.7,0.8,8510.0,96.8,0.0,1.0,True,0.01,0.95,10.0,39600.0,0.938,0.139
5252,1 - 1 - 2022,19800.0,2.1142374511865976,1.7782800679308082,2.3713730200033902,0.00799,0.00630957,0.01,0.83,0.8,0.9,0.853,0.8,0.9,2920.0,56.7,243.0,1.0,True,0.01,0.95,10.0,39600.0,0.938,0.139
5253,1 - 1 - 2022,19800.0,2.0199009876724157,1.7782800679308082,2.3713730200033902,0.00762,0.00630957,0.01,0.832,0.8,0.9,0.941,0.9,1.0,3400.0,61.2,0.0466,1.0,True,0.01,0.95,10.0,39600.0,0.938,0.139
5254,1 - 1 - 2022,19800.0,2.08806130178211,1.7782800679308082,2.3713730200033902,0.00785,0.00630957,0.01,0.829,0.8,0.9,1.13,1.0,1.5,438.0,9.82,48.6,1.0,True,0.01,0.95,10.0,39600.0,0.938,0.139
5255,1 - 1 - 2022,19800.0,1.849324200890693,1.7782800679308082,2.3713730200033902,0.00995,0.00630957,0.01,0.892,0.8,0.9,1.58,1.5,2.0,48.6,3.27,0.0,1.0,True,0.01,0.95,10.0,39600.0,0.938,0.139
5256,1 - 1 - 2022,19800.0,1.794435844492636,1.7782800679308082,2.3713730200033902,0.0065,0.00630957,0.01,0.864,0.8,0.9,2.15,2.0,4.0,12.1,0.818,0.0,1.0,True,0.01,0.95,10.0,39600.0,0.938,0.139
5257,1 - 1 - 2022,19800.0,2.3021728866442674,1.7782800679308082,2.3713730200033902,0.0099,0.00630957,0.01,0.955,0.9,1.0,0.0355,0.0,0.05,486.0,32.7,0.0,1.0,True,0.01,0.95,10.0,39600.0,0.938,0.139
5258,1 - 1 - 2022,19800.0,1.9748417658131499,1.7782800679308082,2.3713730200033902,0.0084,0.00630957,0.01,0.912,0.9,1.0,0.0824,0.05,0.1,972.0,46.3,0.0,1.0,True,0.01,0.95,10.0,39600.0,0.938,0.139
5259,1 - 1 - 2022,19800.0,2.029778313018444,1.7782800679308082,2.3713730200033902,0.00775,0.00630957,0.01,0.934,0.9,1.0,0.164,0.1,0.2,2430.0,51.7,0.0,1.0,True,0.01,0.95,10.0,39600.0,0.938,0.139
5260,1 - 1 - 2022,19800.0,2.0420577856662137,1.7782800679308082,2.3713730200033902,0.00797,0.00630957,0.01,0.922,0.9,1.0,0.252,0.2,0.3,3650.0,63.4,0.0,1.0,True,0.01,0.95,10.0,39600.0,0.938,0.139
5261,1 - 1 - 2022,19800.0,2.0149441679609885,1.7782800679308082,2.3713730200033902,0.00814,0.00630957,0.01,0.927,0.9,1.0,0.346,0.3,0.4,6320.0,83.4,0.0,1.0,True,0.01,0.95,10.0,39600.0,0.938,0.139
5262,1 - 1 - 2022,19800.0,2.0591260281974,1.7782800679308082,2.3713730200033902,0.00765,0.00630957,0.01,0.927,0.9,1.0,0.464,0.4,0.5,3890.0,65.4,0.0,1.0,True,0.01,0.95,10.0,39600.0,0.938,0.139
5263,1 - 1 - 2022,19800.0,2.1,1.7782800679308082,2.3713730200033902,0.00817,0.00630957,0.01,0.922,0.9,1.0,0.547,0.5,0.6,3160.0,59.0,0.0,1.0,True,0.01,0.95,10.0,39600.0,0.938,0.139
5264,1 - 1 - 2022,19800.0,1.9924858845171276,1.7782800679308082,2.3713730200033902,0.00788,0.00630957,0.01,0.925,0.9,1.0,0.66,0.6,0.7,3650.0,63.4,243.0,1.0,True,0.01,0.95,10.0,39600.0,0.938,0.139
5265,1 - 1 - 2022,19800.0,2.1142374511865976,1.7782800679308082,2.3713730200033902,0.00845,0.00630957,0.01,0.93,0.9,1.0,0.742,0.7,0.8,2190.0,49.1,0.0,1.0,True,0.01,0.95,10.0,39600.0,0.938,0.139
5266,1 - 1 - 2022,19800.0,2.078460969082653,1.7782800679308082,2.3713730200033902,0.00721,0.00630957,0.01,0.92,0.9,1.0,0.831,0.8,0.9,1220.0,36.6,0.0,1.0,True,0.01,0.95,10.0,39600.0,0.938,0.139
5267,1 - 1 - 2022,19800.0,2.0639767440550294,1.7782800679308082,2.3713730200033902,0.00822,0.00630957,0.01,0.921,0.9,1.0,0.951,0.9,1.0,972.0,32.7,0.0,1.0,True,0.01,0.95,10.0,39600.0,0.938,0.139
5268,1 - 1 - 2022,19800.0,2.16794833886788,1.7782800679308082,2.3713730200033902,0.00817,0.00630957,0.01,0.902,0.9,1.0,1.15,1.0,1.5,97.2,4.63,0.0,1.0,True,0.01,0.95,10.0,39600.0,0.938,0.139
5269,1 - 1 - 2022,19800.0,2.2068076490713913,1.7782800679308082,2.3713730200033902,0.011,0.01,0.0158489,0.0455,0.0,0.05,0.0797,0.05,0.1,23900.0,258.0,22700.0,1.0,True,0.01,0.95,10.0,39600.0,0.938,0.139
5270,1 - 1 - 2022,19800.0,2.1587033144922905,1.7782800679308082,2.3713730200033902,0.0118,0.01,0.0158489,0.0425,0.0,0.05,0.165,0.1,0.2,109000.0,390.0,103000.0,1.0,True,0.01,0.95,10.0,39600.0,0.938,0.139
5271,1 - 1 - 2022,19800.0,2.1260291625469296,1.7782800679308082,2.3713730200033902,0.012,0.01,0.0158489,0.0408,0.0,0.05,0.255,0.2,0.3,355000.0,702.0,315000.0,1.0,True,0.01,0.95,10.0,39600.0,0.938,0.139
5272,1 - 1 - 2022,19800.0,2.1071307505705477,1.7782800679308082,2.3713730200033902,0.0121,0.01,0.0158489,0.0395,0.0,0.05,0.35,0.3,0.4,486000.0,822.0,414000.0,1.0,True,0.01,0.95,10.0,39600.0,0.938,0.139
5273,1 - 1 - 2022,19800.0,2.1095023109728985,1.7782800679308082,2.3713730200033902,0.0122,0.01,0.0158489,0.0386,0.0,0.05,0.449,0.4,0.5,472000.0,810.0,382000.0,1.0,True,0.01,0.95,10.0,39600.0,0.938,0.139
5274,1 - 1 - 2022,19800.0,2.1071307505705477,1.7782800679308082,2.3713730200033902,0.0122,0.01,0.0158489,0.0388,0.0,0.05,0.548,0.5,0.6,343000.0,691.0,278000.0,1.0,True,0.01,0.95,10.0,39600.0,0.938,0.139
5275,1 - 1 - 2022,19800.0,2.1071307505705477,1.7782800679308082,2.3713730200033902,0.0122,0.01,0.0158489,0.039,0.0,0.05,0.648,0.6,0.7,220000.0,553.0,180000.0,1.0,True,0.01,0.95,10.0,39600.0,0.938,0.139
5276,1 - 1 - 2022,19800.0,2.118962010041709,1.7782800679308082,2.3713730200033902,0.0122,0.01,0.0158489,0.0396,0.0,0.05,0.745,0.7,0.8,133000.0,430.0,111000.0,1.0,True,0.01,0.95,10.0,39600.0,0.938,0.139
5277,1 - 1 - 2022,19800.0,2.118962010041709,1.7782800679308082,2.3713730200033902,0.0121,0.01,0.0158489,0.0411,0.0,0.05,0.845,0.8,0.9,73000.0,318.0,63200.0,1.0,True,0.01,0.95,10.0,39600.0,0.938,0.139
5278,1 - 1 - 2022,19800.0,2.1447610589527217,1.7782800679308082,2.3713730200033902,0.0118,0.01,0.0158489,0.0403,0.0,0.05,0.947,0.9,1.0,49700.0,263.0,45400.0,1.0,True,0.01,0.95,10.0,39600.0,0.938,0.139
5279,1 - 1 - 2022,19800.0,2.1610182784974308,1.7782800679308082,2.3713730200033902,0.0117,0.01,0.0158489,0.0424,0.0,0.05,1.11,1.0,1.5,7050.0,44.3,6690.0,1.0,True,0.01,0.95,10.0,39600.0,0.938,0.139
5280,1 - 1 - 2022,19800.0,2.0760539492026693,1.7782800679308082,2.3713730200033902,0.0124,0.01,0.0158489,0.0779,0.05,0.1,0.034,0.0,0.05,98100.0,522.0,57700.0,1.0,True,0.01,0.95,10.0,39600.0,0.938,0.139
5281,1 - 1 - 2022,19800.0,2.1,1.7782800679308082,2.3713730200033902,0.0125,0.01,0.0158489,0.0779,0.05,0.1,0.078,0.05,0.1,295000.0,905.0,144000.0,1.0,True,0.01,0.95,10.0,39600.0,0.938,0.139
5282,1 - 1 - 2022,19800.0,2.080865204668481,1.7782800679308082,2.3713730200033902,0.0125,0.01,0.0158489,0.0746,0.05,0.1,0.156,0.1,0.2,586000.0,902.0,224000.0,1.0,True,0.01,0.95,10.0,39600.0,0.938,0.139
5283,1 - 1 - 2022,19800.0,2.0566963801203135,1.7782800679308082,2.3713730200033902,0.0126,0.01,0.0158489,0.0732,0.05,0.1,0.252,0.2,0.3,898000.0,1120.0,303000.0,1.0,True,0.01,0.95,10.0,39600.0,0.938,0.139
5284,1 - 1 - 2022,19800.0,2.046948949045872,1.7782800679308082,2.3713730200033902,0.0126,0.01,0.0158489,0.0732,0.05,0.1,0.35,0.3,0.4,894000.0,1110.0,187000.0,1.0,True,0.01,0.95,10.0,39600.0,0.938,0.139
5285,1 - 1 - 2022,19800.0,2.0518284528683193,1.7782800679308082,2.3713730200033902,0.0127,0.01,0.0158489,0.0722,0.05,0.1,0.448,0.4,0.5,802000.0,1060.0,105000.0,1.0,True,0.01,0.95,10.0,39600.0,0.938,0.139
5286,1 - 1 - 2022,19800.0,2.0518284528683193,1.7782800679308082,2.3713730200033902,0.0126,0.01,0.0158489,0.0727,0.05,0.1,0.547,0.5,0.6,605000.0,917.0,75100.0,1.0,True,0.01,0.95,10.0,39600.0,0.938,0.139
5287,1 - 1 - 2022,19800.0,2.0542638584174138,1.7782800679308082,2.3713730200033902,0.0127,0.01,0.0158489,0.0732,0.05,0.1,0.648,0.6,0.7,434000.0,777.0,51500.0,1.0,True,0.01,0.95,10.0,39600.0,0.938,0.139
5288,1 - 1 - 2022,19800.0,2.04939015319192,1.7782800679308082,2.3713730200033902,0.0126,0.01,0.0158489,0.0732,0.05,0.1,0.748,0.7,0.8,271000.0,613.0,47200.0,1.0,True,0.01,0.95,10.0,39600.0,0.938,0.139
5289,1 - 1 - 2022,19800.0,2.0518284528683193,1.7782800679308082,2.3713730200033902,0.0125,0.01,0.0158489,0.0729,0.05,0.1,0.845,0.8,0.9,183000.0,504.0,41400.0,1.0,True,0.01,0.95,10.0,39600.0,0.938,0.139
5290,1 - 1 - 2022,19800.0,2.073644135332772,1.7782800679308082,2.3713730200033902,0.0125,0.01,0.0158489,0.0739,0.05,0.1,0.946,0.9,1.0,106000.0,384.0,24800.0,1.0,True,0.01,0.95,10.0,39600.0,0.938,0.139
5291,1 - 1 - 2022,19800.0,2.06881608655772,1.7782800679308082,2.3713730200033902,0.0126,0.01,0.0158489,0.0749,0.05,0.1,1.15,1.0,1.5,31400.0,93.4,12300.0,1.0,True,0.01,0.95,10.0,39600.0,0.938,0.139
5292,1 - 1 - 2022,19800.0,2.080865204668481,1.7782800679308082,2.3713730200033902,0.012,0.01,0.0158489,0.0782,0.05,0.1,1.66,1.5,2.0,2020.0,23.7,1350.0,1.0,True,0.01,0.95,10.0,39600.0,0.938,0.139
5293,1 - 1 - 2022,19800.0,2.2068076490713913,1.7782800679308082,2.3713730200033902,0.0137,0.01,0.0158489,0.0895,0.05,0.1,2.12,2.0,4.0,46.0,1.79,30.7,1.0,True,0.01,0.95,10.0,39600.0,0.938,0.139
5294,1 - 1 - 2022,19800.0,2.046948949045872,1.7782800679308082,2.3713730200033902,0.0125,0.01,0.0158489,0.123,0.1,0.15,0.0314,0.0,0.05,101000.0,529.0,15900.0,1.0,True,0.01,0.95,10.0,39600.0,0.938,0.139
5295,1 - 1 - 2022,19800.0,2.0639767440550294,1.7782800679308082,2.3713730200033902,0.0126,0.01,0.0158489,0.123,0.1,0.15,0.0769,0.05,0.1,293000.0,902.0,55800.0,1.0,True,0.01,0.95,10.0,39600.0,0.938,0.139
5296,1 - 1 - 2022,19800.0,2.0615528128088303,1.7782800679308082,2.3713730200033902,0.0126,0.01,0.0158489,0.124,0.1,0.15,0.154,0.1,0.2,487000.0,823.0,100000.0,1.0,True,0.01,0.95,10.0,39600.0,0.938,0.139
5297,1 - 1 - 2022,19800.0,2.0566963801203135,1.7782800679308082,2.3713730200033902,0.0126,0.01,0.0158489,0.124,0.1,0.15,0.251,0.2,0.3,596000.0,910.0,104000.0,1.0,True,0.01,0.95,10.0,39600.0,0.938,0.139
5298,1 - 1 - 2022,19800.0,2.04939015319192,1.7782800679308082,2.3713730200033902,0.0126,0.01,0.0158489,0.123,0.1,0.15,0.35,0.3,0.4,609000.0,920.0,69900.0,1.0,True,0.01,0.95,10.0,39600.0,0.938,0.139
5299,1 - 1 - 2022,19800.0,2.0542638584174138,1.7782800679308082,2.3713730200033902,0.0126,0.01,0.0158489,0.123,0.1,0.15,0.448,0.4,0.5,524000.0,853.0,27300.0,1.0,True,0.01,0.95,10.0,39600.0,0.938,0.139
5300,1 - 1 - 2022,19800.0,2.0445048300260873,1.7782800679308082,2.3713730200033902,0.0126,0.01,0.0158489,0.124,0.1,0.15,0.547,0.5,0.6,410000.0,755.0,7970.0,1.0,True,0.01,0.95,10.0,39600.0,0.938,0.139
5301,1 - 1 - 2022,19800.0,2.0566963801203135,1.7782800679308082,2.3713730200033902,0.0126,0.01,0.0158489,0.124,0.1,0.15,0.649,0.6,0.7,301000.0,647.0,920.0,1.0,True,0.01,0.95,10.0,39600.0,0.938,0.139
5302,1 - 1 - 2022,19800.0,2.0566963801203135,1.7782800679308082,2.3713730200033902,0.0126,0.01,0.0158489,0.124,0.1,0.15,0.748,0.7,0.8,203000.0,532.0,920.0,1.0,True,0.01,0.95,10.0,39600.0,0.938,0.139
5303,1 - 1 - 2022,19800.0,2.046948949045872,1.7782800679308082,2.3713730200033902,0.0126,0.01,0.0158489,0.125,0.1,0.15,0.846,0.8,0.9,144000.0,448.0,1230.0,1.0,True,0.01,0.95,10.0,39600.0,0.938,0.139
5304,1 - 1 - 2022,19800.0,2.0420577856662137,1.7782800679308082,2.3713730200033902,0.0126,0.01,0.0158489,0.125,0.1,0.15,0.947,0.9,1.0,83700.0,341.0,307.0,1.0,True,0.01,0.95,10.0,39600.0,0.938,0.139
5305,1 - 1 - 2022,19800.0,2.0566963801203135,1.7782800679308082,2.3713730200033902,0.0126,0.01,0.0158489,0.125,0.1,0.15,1.16,1.0,1.5,25100.0,83.5,429.0,1.0,True,0.01,0.95,10.0,39600.0,0.938,0.139
5306,1 - 1 - 2022,19800.0,2.0615528128088303,1.7782800679308082,2.3713730200033902,0.0126,0.01,0.0158489,0.125,0.1,0.15,1.65,1.5,2.0,2820.0,28.0,245.0,1.0,True,0.01,0.95,10.0,39600.0,0.938,0.139
5307,1 - 1 - 2022,19800.0,2.1447610589527217,1.7782800679308082,2.3713730200033902,0.012,0.01,0.0158489,0.128,0.1,0.15,2.23,2.0,4.0,169.0,3.42,46.0,1.0,True,0.01,0.95,10.0,39600.0,0.938,0.139
5308,1 - 1 - 2022,19800.0,2.0124611797498106,1.7782800679308082,2.3713730200033902,0.0127,0.01,0.0158489,0.172,0.15,0.2,0.0326,0.0,0.05,57700.0,400.0,15900.0,1.0,True,0.01,0.95,10.0,39600.0,0.938,0.139
5309,1 - 1 - 2022,19800.0,2.0518284528683193,1.7782800679308082,2.3713730200033902,0.0127,0.01,0.0158489,0.174,0.15,0.2,0.0772,0.05,0.1,199000.0,744.0,65000.0,1.0,True,0.01,0.95,10.0,39600.0,0.938,0.139
5310,1 - 1 - 2022,19800.0,2.04939015319192,1.7782800679308082,2.3713730200033902,0.0126,0.01,0.0158489,0.173,0.15,0.2,0.154,0.1,0.2,314000.0,661.0,106000.0,1.0,True,0.01,0.95,10.0,39600.0,0.938,0.139
5311,1 - 1 - 2022,19800.0,2.0542638584174138,1.7782800679308082,2.3713730200033902,0.0127,0.01,0.0158489,0.174,0.15,0.2,0.252,0.2,0.3,417000.0,761.0,129000.0,1.0,True,0.01,0.95,10.0,39600.0,0.938,0.139
5312,1 - 1 - 2022,19800.0,2.0566963801203135,1.7782800679308082,2.3713730200033902,0.0126,0.01,0.0158489,0.175,0.15,0.2,0.35,0.3,0.4,424000.0,767.0,118000.0,1.0,True,0.01,0.95,10.0,39600.0,0.938,0.139
5313,1 - 1 - 2022,19800.0,2.04939015319192,1.7782800679308082,2.3713730200033902,0.0126,0.01,0.0158489,0.173,0.15,0.2,0.448,0.4,0.5,382000.0,729.0,88000.0,1.0,True,0.01,0.95,10.0,39600.0,0.938,0.139
5314,1 - 1 - 2022,19800.0,2.04939015319192,1.7782800679308082,2.3713730200033902,0.0126,0.01,0.0158489,0.175,0.15,0.2,0.548,0.5,0.6,288000.0,633.0,42900.0,1.0,True,0.01,0.95,10.0,39600.0,0.938,0.139
5315,1 - 1 - 2022,19800.0,2.039607805437114,1.7782800679308082,2.3713730200033902,0.0126,0.01,0.0158489,0.174,0.15,0.2,0.649,0.6,0.7,214000.0,545.0,19900.0,1.0,True,0.01,0.95,10.0,39600.0,0.938,0.139
5316,1 - 1 - 2022,19800.0,2.0591260281974,1.7782800679308082,2.3713730200033902,0.0125,0.01,0.0158489,0.174,0.15,0.2,0.747,0.7,0.8,158000.0,468.0,6130.0,1.0,True,0.01,0.95,10.0,39600.0,0.938,0.139
5317,1 - 1 - 2022,19800.0,2.0566963801203135,1.7782800679308082,2.3713730200033902,0.0127,0.01,0.0158489,0.176,0.15,0.2,0.847,0.8,0.9,113000.0,397.0,920.0,1.0,True,0.01,0.95,10.0,39600.0,0.938,0.139
5318,1 - 1 - 2022,19800.0,2.04939015319192,1.7782800679308082,2.3713730200033902,0.0125,0.01,0.0158489,0.173,0.15,0.2,0.948,0.9,1.0,67500.0,306.0,307.0,1.0,True,0.01,0.95,10.0,39600.0,0.938,0.139
5319,1 - 1 - 2022,19800.0,2.0591260281974,1.7782800679308082,2.3713730200033902,0.0126,0.01,0.0158489,0.173,0.15,0.2,1.17,1.0,1.5,21800.0,77.9,61.4,1.0,True,0.01,0.95,10.0,39600.0,0.938,0.139
5320,1 - 1 - 2022,19800.0,2.0663978319771825,1.7782800679308082,2.3713730200033902,0.0124,0.01,0.0158489,0.179,0.15,0.2,1.69,1.5,2.0,3190.0,29.8,61.3,1.0,True,0.01,0.95,10.0,39600.0,0.938,0.139
5321,1 - 1 - 2022,19800.0,2.1023796041628637,1.7782800679308082,2.3713730200033902,0.0125,0.01,0.0158489,0.185,0.15,0.2,2.29,2.0,4.0,261.0,4.26,0.0,1.0,True,0.01,0.95,10.0,39600.0,0.938,0.139
5322,1 - 1 - 2022,19800.0,2.0346989949375804,1.7782800679308082,2.3713730200033902,0.0129,0.01,0.0158489,0.226,0.2,0.25,0.0318,0.0,0.05,42300.0,343.0,14700.0,1.0,True,0.01,0.95,10.0,39600.0,0.938,0.139
5323,1 - 1 - 2022,19800.0,2.04939015319192,1.7782800679308082,2.3713730200033902,0.0128,0.01,0.0158489,0.224,0.2,0.25,0.0797,0.05,0.1,121000.0,581.0,47800.0,1.0,True,0.01,0.95,10.0,39600.0,0.938,0.139
5324,1 - 1 - 2022,19800.0,2.0420577856662137,1.7782800679308082,2.3713730200033902,0.0128,0.01,0.0158489,0.225,0.2,0.25,0.154,0.1,0.2,194000.0,519.0,76400.0,1.0,True,0.01,0.95,10.0,39600.0,0.938,0.139
5325,1 - 1 - 2022,19800.0,2.046948949045872,1.7782800679308082,2.3713730200033902,0.0126,0.01,0.0158489,0.224,0.2,0.25,0.253,0.2,0.3,297000.0,642.0,120000.0,1.0,True,0.01,0.95,10.0,39600.0,0.938,0.139
5326,1 - 1 - 2022,19800.0,2.0518284528683193,1.7782800679308082,2.3713730200033902,0.0127,0.01,0.0158489,0.224,0.2,0.25,0.349,0.3,0.4,280000.0,624.0,96900.0,1.0,True,0.01,0.95,10.0,39600.0,0.938,0.139
5327,1 - 1 - 2022,19800.0,2.0566963801203135,1.7782800679308082,2.3713730200033902,0.0126,0.01,0.0158489,0.224,0.2,0.25,0.449,0.4,0.5,274000.0,617.0,80000.0,1.0,True,0.01,0.95,10.0,39600.0,0.938,0.139
5328,1 - 1 - 2022,19800.0,2.0591260281974,1.7782800679308082,2.3713730200033902,0.0126,0.01,0.0158489,0.223,0.2,0.25,0.549,0.5,0.6,223000.0,557.0,58900.0,1.0,True,0.01,0.95,10.0,39600.0,0.938,0.139
5329,1 - 1 - 2022,19800.0,2.0591260281974,1.7782800679308082,2.3713730200033902,0.0125,0.01,0.0158489,0.224,0.2,0.25,0.649,0.6,0.7,157000.0,468.0,40500.0,1.0,True,0.01,0.95,10.0,39600.0,0.938,0.139
5330,1 - 1 - 2022,19800.0,2.0371548787463363,1.7782800679308082,2.3713730200033902,0.0127,0.01,0.0158489,0.223,0.2,0.25,0.748,0.7,0.8,118000.0,405.0,18700.0,1.0,True,0.01,0.95,10.0,39600.0,0.938,0.139
5331,1 - 1 - 2022,19800.0,2.0566963801203135,1.7782800679308082,2.3713730200033902,0.0126,0.01,0.0158489,0.222,0.2,0.25,0.844,0.8,0.9,85900.0,345.0,7360.0,1.0,True,0.01,0.95,10.0,39600.0,0.938,0.139
5332,1 - 1 - 2022,19800.0,2.0445048300260873,1.7782800679308082,2.3713730200033902,0.0127,0.01,0.0158489,0.223,0.2,0.25,0.946,0.9,1.0,57000.0,282.0,1530.0,1.0,True,0.01,0.95,10.0,39600.0,0.938,0.139
5333,1 - 1 - 2022,19800.0,2.0639767440550294,1.7782800679308082,2.3713730200033902,0.0126,0.01,0.0158489,0.224,0.2,0.25,1.16,1.0,1.5,18800.0,72.3,245.0,1.0,True,0.01,0.95,10.0,39600.0,0.938,0.139
5334,1 - 1 - 2022,19800.0,2.092844953645635,1.7782800679308082,2.3713730200033902,0.0125,0.01,0.0158489,0.227,0.2,0.25,1.69,1.5,2.0,3010.0,28.9,0.0,1.0,True,0.01,0.95,10.0,39600.0,0.938,0.139
5335,1 - 1 - 2022,19800.0,2.0420577856662137,1.7782800679308082,2.3713730200033902,0.0127,0.01,0.0158489,0.226,0.2,0.25,2.35,2.0,4.0,337.0,4.84,0.0,1.0,True,0.01,0.95,10.0,39600.0,0.938,0.139
5336,1 - 1 - 2022,19800.0,2.039607805437114,1.7782800679308082,2.3713730200033902,0.0126,0.01,0.0158489,0.27,0.25,0.3,0.0307,0.0,0.05,25100.0,264.0,9810.0,1.0,True,0.01,0.95,10.0,39600.0,0.938,0.139
5337,1 - 1 - 2022,19800.0,2.0199009876724157,1.7782800679308082,2.3713730200033902,0.0126,0.01,0.0158489,0.274,0.25,0.3,0.0791,0.05,0.1,90800.0,502.0,36800.0,1.0,True,0.01,0.95,10.0,39600.0,0.938,0.139
5338,1 - 1 - 2022,19800.0,2.046948949045872,1.7782800679308082,2.3713730200033902,0.0127,0.01,0.0158489,0.274,0.25,0.3,0.155,0.1,0.2,143000.0,446.0,62300.0,1.0,True,0.01,0.95,10.0,39600.0,0.938,0.139
5339,1 - 1 - 2022,19800.0,2.0518284528683193,1.7782800679308082,2.3713730200033902,0.0126,0.01,0.0158489,0.273,0.25,0.3,0.252,0.2,0.3,198000.0,524.0,77000.0,1.0,True,0.01,0.95,10.0,39600.0,0.938,0.139
5340,1 - 1 - 2022,19800.0,2.0346989949375804,1.7782800679308082,2.3713730200033902,0.0127,0.01,0.0158489,0.274,0.25,0.3,0.349,0.3,0.4,202000.0,530.0,74500.0,1.0,True,0.01,0.95,10.0,39600.0,0.938,0.139
5341,1 - 1 - 2022,19800.0,2.0542638584174138,1.7782800679308082,2.3713730200033902,0.0126,0.01,0.0158489,0.272,0.25,0.3,0.446,0.4,0.5,188000.0,511.0,62300.0,1.0,True,0.01,0.95,10.0,39600.0,0.938,0.139
5342,1 - 1 - 2022,19800.0,2.04939015319192,1.7782800679308082,2.3713730200033902,0.0127,0.01,0.0158489,0.273,0.25,0.3,0.546,0.5,0.6,160000.0,472.0,44200.0,1.0,True,0.01,0.95,10.0,39600.0,0.938,0.139
5343,1 - 1 - 2022,19800.0,2.0615528128088303,1.7782800679308082,2.3713730200033902,0.0127,0.01,0.0158489,0.273,0.25,0.3,0.648,0.6,0.7,132000.0,429.0,33100.0,1.0,True,0.01,0.95,10.0,39600.0,0.938,0.139
5344,1 - 1 - 2022,19800.0,2.0639767440550294,1.7782800679308082,2.3713730200033902,0.0127,0.01,0.0158489,0.276,0.25,0.3,0.747,0.7,0.8,96000.0,365.0,25100.0,1.0,True,0.01,0.95,10.0,39600.0,0.938,0.139
5345,1 - 1 - 2022,19800.0,2.0542638584174138,1.7782800679308082,2.3713730200033902,0.0126,0.01,0.0158489,0.276,0.25,0.3,0.848,0.8,0.9,62900.0,296.0,12600.0,1.0,True,0.01,0.95,10.0,39600.0,0.938,0.139
5346,1 - 1 - 2022,19800.0,2.046948949045872,1.7782800679308082,2.3713730200033902,0.0126,0.01,0.0158489,0.275,0.25,0.3,0.947,0.9,1.0,49700.0,263.0,6750.0,1.0,True,0.01,0.95,10.0,39600.0,0.938,0.139
5347,1 - 1 - 2022,19800.0,2.029778313018444,1.7782800679308082,2.3713730200033902,0.0125,0.01,0.0158489,0.274,0.25,0.3,1.16,1.0,1.5,14100.0,62.6,798.0,1.0,True,0.01,0.95,10.0,39600.0,0.938,0.139
5348,1 - 1 - 2022,19800.0,2.118962010041709,1.7782800679308082,2.3713730200033902,0.0124,0.01,0.0158489,0.275,0.25,0.3,1.62,1.5,2.0,1290.0,18.9,0.0,1.0,True,0.01,0.95,10.0,39600.0,0.938,0.139
5349,1 - 1 - 2022,19800.0,2.1330729007701543,1.7782800679308082,2.3713730200033902,0.0123,0.01,0.0158489,0.275,0.25,0.3,2.38,2.0,4.0,353.0,4.95,0.0,1.0,True,0.01,0.95,10.0,39600.0,0.938,0.139
5350,1 - 1 - 2022,19800.0,2.0566963801203135,1.7782800679308082,2.3713730200033902,0.0124,0.01,0.0158489,0.344,0.3,0.4,0.0353,0.0,0.05,20200.0,168.0,4910.0,1.0,True,0.01,0.95,10.0,39600.0,0.938,0.139
5351,1 - 1 - 2022,19800.0,2.0420577856662137,1.7782800679308082,2.3713730200033902,0.013,0.01,0.0158489,0.351,0.3,0.4,0.0775,0.05,0.1,49700.0,263.0,9810.0,1.0,True,0.01,0.95,10.0,39600.0,0.938,0.139
5352,1 - 1 - 2022,19800.0,2.0420577856662137,1.7782800679308082,2.3713730200033902,0.0127,0.01,0.0158489,0.345,0.3,0.4,0.153,0.1,0.2,85400.0,244.0,28200.0,1.0,True,0.01,0.95,10.0,39600.0,0.938,0.139
5353,1 - 1 - 2022,19800.0,2.0542638584174138,1.7782800679308082,2.3713730200033902,0.0127,0.01,0.0158489,0.344,0.3,0.4,0.251,0.2,0.3,126000.0,296.0,43200.0,1.0,True,0.01,0.95,10.0,39600.0,0.938,0.139
5354,1 - 1 - 2022,19800.0,2.0591260281974,1.7782800679308082,2.3713730200033902,0.0127,0.01,0.0158489,0.344,0.3,0.4,0.35,0.3,0.4,123000.0,293.0,43200.0,1.0,True,0.01,0.95,10.0,39600.0,0.938,0.139
5355,1 - 1 - 2022,19800.0,2.0445048300260873,1.7782800679308082,2.3713730200033902,0.0127,0.01,0.0158489,0.346,0.3,0.4,0.448,0.4,0.5,122000.0,291.0,35000.0,1.0,True,0.01,0.95,10.0,39600.0,0.938,0.139
5356,1 - 1 - 2022,19800.0,2.0591260281974,1.7782800679308082,2.3713730200033902,0.0127,0.01,0.0158489,0.345,0.3,0.4,0.548,0.5,0.6,102000.0,266.0,34300.0,1.0,True,0.01,0.95,10.0,39600.0,0.938,0.139
5357,1 - 1 - 2022,19800.0,2.04939015319192,1.7782800679308082,2.3713730200033902,0.0126,0.01,0.0158489,0.346,0.3,0.4,0.648,0.6,0.7,84500.0,242.0,26500.0,1.0,True,0.01,0.95,10.0,39600.0,0.938,0.139
5358,1 - 1 - 2022,19800.0,2.0566963801203135,1.7782800679308082,2.3713730200033902,0.0126,0.01,0.0158489,0.344,0.3,0.4,0.747,0.7,0.8,63900.0,211.0,18700.0,1.0,True,0.01,0.95,10.0,39600.0,0.938,0.139
5359,1 - 1 - 2022,19800.0,2.0591260281974,1.7782800679308082,2.3713730200033902,0.0127,0.01,0.0158489,0.345,0.3,0.4,0.848,0.8,0.9,42300.0,171.0,9660.0,1.0,True,0.01,0.95,10.0,39600.0,0.938,0.139
5360,1 - 1 - 2022,19800.0,2.0639767440550294,1.7782800679308082,2.3713730200033902,0.0126,0.01,0.0158489,0.345,0.3,0.4,0.948,0.9,1.0,29000.0,142.0,6590.0,1.0,True,0.01,0.95,10.0,39600.0,0.938,0.139
5361,1 - 1 - 2022,19800.0,2.046948949045872,1.7782800679308082,2.3713730200033902,0.0126,0.01,0.0158489,0.344,0.3,0.4,1.18,1.0,1.5,9880.0,37.0,981.0,1.0,True,0.01,0.95,10.0,39600.0,0.938,0.139
5362,1 - 1 - 2022,19800.0,2.0591260281974,1.7782800679308082,2.3713730200033902,0.0126,0.01,0.0158489,0.347,0.3,0.4,1.71,1.5,2.0,1870.0,16.1,0.0,1.0,True,0.01,0.95,10.0,39600.0,0.938,0.139
5363,1 - 1 - 2022,19800.0,2.039607805437114,1.7782800679308082,2.3713730200033902,0.0123,0.01,0.0158489,0.362,0.3,0.4,2.49,2.0,4.0,161.0,2.37,0.0,1.0,True,0.01,0.95,10.0,39600.0,0.938,0.139
5364,1 - 1 - 2022,19800.0,2.0248456731316584,1.7782800679308082,2.3713730200033902,0.0128,0.01,0.0158489,0.441,0.4,0.5,0.0325,0.0,0.05,12000.0,129.0,307.0,1.0,True,0.01,0.95,10.0,39600.0,0.938,0.139
5365,1 - 1 - 2022,19800.0,2.0124611797498106,1.7782800679308082,2.3713730200033902,0.0128,0.01,0.0158489,0.443,0.4,0.5,0.082,0.05,0.1,38300.0,231.0,2450.0,1.0,True,0.01,0.95,10.0,39600.0,0.938,0.139
5366,1 - 1 - 2022,19800.0,2.0223748416156684,1.7782800679308082,2.3713730200033902,0.0125,0.01,0.0158489,0.445,0.4,0.5,0.152,0.1,0.2,57400.0,200.0,8130.0,1.0,True,0.01,0.95,10.0,39600.0,0.938,0.139
5367,1 - 1 - 2022,19800.0,2.0248456731316584,1.7782800679308082,2.3713730200033902,0.0125,0.01,0.0158489,0.449,0.4,0.5,0.253,0.2,0.3,73300.0,226.0,17300.0,1.0,True,0.01,0.95,10.0,39600.0,0.938,0.139
5368,1 - 1 - 2022,19800.0,2.0445048300260873,1.7782800679308082,2.3713730200033902,0.0127,0.01,0.0158489,0.446,0.4,0.5,0.348,0.3,0.4,79700.0,235.0,23500.0,1.0,True,0.01,0.95,10.0,39600.0,0.938,0.139
5369,1 - 1 - 2022,19800.0,2.0518284528683193,1.7782800679308082,2.3713730200033902,0.0127,0.01,0.0158489,0.447,0.4,0.5,0.448,0.4,0.5,69000.0,219.0,20700.0,1.0,True,0.01,0.95,10.0,39600.0,0.938,0.139
5370,1 - 1 - 2022,19800.0,2.0542638584174138,1.7782800679308082,2.3713730200033902,0.0126,0.01,0.0158489,0.448,0.4,0.5,0.547,0.5,0.6,58400.0,201.0,13500.0,1.0,True,0.01,0.95,10.0,39600.0,0.938,0.139
5371,1 - 1 - 2022,19800.0,2.0346989949375804,1.7782800679308082,2.3713730200033902,0.0127,0.01,0.0158489,0.448,0.4,0.5,0.649,0.6,0.7,47700.0,182.0,12900.0,1.0,True,0.01,0.95,10.0,39600.0,0.938,0.139
5372,1 - 1 - 2022,19800.0,2.0615528128088303,1.7782800679308082,2.3713730200033902,0.0126,0.01,0.0158489,0.444,0.4,0.5,0.745,0.7,0.8,35300.0,157.0,9810.0,1.0,True,0.01,0.95,10.0,39600.0,0.938,0.139
5373,1 - 1 - 2022,19800.0,2.06881608655772,1.7782800679308082,2.3713730200033902,0.0126,0.01,0.0158489,0.443,0.4,0.5,0.849,0.8,0.9,28500.0,141.0,6290.0,1.0,True,0.01,0.95,10.0,39600.0,0.938,0.139
5374,1 - 1 - 2022,19800.0,2.0591260281974,1.7782800679308082,2.3713730200033902,0.0124,0.01,0.0158489,0.442,0.4,0.5,0.949,0.9,1.0,17200.0,109.0,4600.0,1.0,True,0.01,0.95,10.0,39600.0,0.938,0.139
5375,1 - 1 - 2022,19800.0,2.0518284528683193,1.7782800679308082,2.3713730200033902,0.0128,0.01,0.0158489,0.445,0.4,0.5,1.17,1.0,1.5,6070.0,29.0,1290.0,1.0,True,0.01,0.95,10.0,39600.0,0.938,0.139
5376,1 - 1 - 2022,19800.0,2.0663978319771825,1.7782800679308082,2.3713730200033902,0.0125,0.01,0.0158489,0.437,0.4,0.5,1.68,1.5,2.0,1040.0,12.0,92.0,1.0,True,0.01,0.95,10.0,39600.0,0.938,0.139
5377,1 - 1 - 2022,19800.0,2.0420577856662137,1.7782800679308082,2.3713730200033902,0.0123,0.01,0.0158489,0.435,0.4,0.5,2.59,2.0,4.0,123.0,2.06,0.0,1.0,True,0.01,0.95,10.0,39600.0,0.938,0.139
5378,1 - 1 - 2022,19800.0,2.0149441679609885,1.7782800679308082,2.3713730200033902,0.0129,0.01,0.0158489,0.537,0.5,0.6,0.0324,0.0,0.05,10400.0,120.0,0.0,1.0,True,0.01,0.95,10.0,39600.0,0.938,0.139
5379,1 - 1 - 2022,19800.0,2.046948949045872,1.7782800679308082,2.3713730200033902,0.0129,0.01,0.0158489,0.549,0.5,0.6,0.0794,0.05,0.1,18100.0,159.0,307.0,1.0,True,0.01,0.95,10.0,39600.0,0.938,0.139
5380,1 - 1 - 2022,19800.0,2.029778313018444,1.7782800679308082,2.3713730200033902,0.0127,0.01,0.0158489,0.545,0.5,0.6,0.152,0.1,0.2,42200.0,171.0,613.0,1.0,True,0.01,0.95,10.0,39600.0,0.938,0.139
5381,1 - 1 - 2022,19800.0,2.0566963801203135,1.7782800679308082,2.3713730200033902,0.0126,0.01,0.0158489,0.548,0.5,0.6,0.251,0.2,0.3,45200.0,177.0,3990.0,1.0,True,0.01,0.95,10.0,39600.0,0.938,0.139
5382,1 - 1 - 2022,19800.0,2.046948949045872,1.7782800679308082,2.3713730200033902,0.0126,0.01,0.0158489,0.545,0.5,0.6,0.348,0.3,0.4,49400.0,185.0,6900.0,1.0,True,0.01,0.95,10.0,39600.0,0.938,0.139
5383,1 - 1 - 2022,19800.0,2.0591260281974,1.7782800679308082,2.3713730200033902,0.0128,0.01,0.0158489,0.548,0.5,0.6,0.449,0.4,0.5,40500.0,168.0,8890.0,1.0,True,0.01,0.95,10.0,39600.0,0.938,0.139
5384,1 - 1 - 2022,19800.0,2.029778313018444,1.7782800679308082,2.3713730200033902,0.0128,0.01,0.0158489,0.543,0.5,0.6,0.55,0.5,0.6,38300.0,163.0,7820.0,1.0,True,0.01,0.95,10.0,39600.0,0.938,0.139
5385,1 - 1 - 2022,19800.0,2.0591260281974,1.7782800679308082,2.3713730200033902,0.0126,0.01,0.0158489,0.546,0.5,0.6,0.65,0.6,0.7,28400.0,140.0,6290.0,1.0,True,0.01,0.95,10.0,39600.0,0.938,0.139
5386,1 - 1 - 2022,19800.0,2.029778313018444,1.7782800679308082,2.3713730200033902,0.0127,0.01,0.0158489,0.546,0.5,0.6,0.75,0.7,0.8,20200.0,119.0,3530.0,1.0,True,0.01,0.95,10.0,39600.0,0.938,0.139
5387,1 - 1 - 2022,19800.0,2.039607805437114,1.7782800679308082,2.3713730200033902,0.0129,0.01,0.0158489,0.55,0.5,0.6,0.846,0.8,0.9,13200.0,95.7,1690.0,1.0,True,0.01,0.95,10.0,39600.0,0.938,0.139
5388,1 - 1 - 2022,19800.0,2.0445048300260873,1.7782800679308082,2.3713730200033902,0.0123,0.01,0.0158489,0.542,0.5,0.6,0.947,0.9,1.0,9050.0,79.3,1530.0,1.0,True,0.01,0.95,10.0,39600.0,0.938,0.139
5389,1 - 1 - 2022,19800.0,2.0566963801203135,1.7782800679308082,2.3713730200033902,0.0126,0.01,0.0158489,0.542,0.5,0.6,1.17,1.0,1.5,3160.0,20.9,491.0,1.0,True,0.01,0.95,10.0,39600.0,0.938,0.139
5390,1 - 1 - 2022,19800.0,2.0322401432901573,1.7782800679308082,2.3713730200033902,0.0118,0.01,0.0158489,0.534,0.5,0.6,1.7,1.5,2.0,399.0,7.44,61.3,1.0,True,0.01,0.95,10.0,39600.0,0.938,0.139
5391,1 - 1 - 2022,19800.0,2.0566963801203135,1.7782800679308082,2.3713730200033902,0.0127,0.01,0.0158489,0.541,0.5,0.6,2.31,2.0,4.0,46.0,1.26,0.0,1.0,True,0.01,0.95,10.0,39600.0,0.938,0.139
5392,1 - 1 - 2022,19800.0,2.078460969082653,1.7782800679308082,2.3713730200033902,0.0131,0.01,0.0158489,0.64,0.6,0.7,0.0287,0.0,0.05,3070.0,65.3,0.0,1.0,True,0.01,0.95,10.0,39600.0,0.938,0.139
5393,1 - 1 - 2022,19800.0,2.06881608655772,1.7782800679308082,2.3713730200033902,0.0131,0.01,0.0158489,0.635,0.6,0.7,0.0813,0.05,0.1,10100.0,119.0,0.0,1.0,True,0.01,0.95,10.0,39600.0,0.938,0.139
5394,1 - 1 - 2022,19800.0,2.0273134932713295,1.7782800679308082,2.3713730200033902,0.0125,0.01,0.0158489,0.649,0.6,0.7,0.154,0.1,0.2,16700.0,108.0,0.0,1.0,True,0.01,0.95,10.0,39600.0,0.938,0.139
5395,1 - 1 - 2022,19800.0,2.0542638584174138,1.7782800679308082,2.3713730200033902,0.0129,0.01,0.0158489,0.648,0.6,0.7,0.247,0.2,0.3,23800.0,128.0,307.0,1.0,True,0.01,0.95,10.0,39600.0,0.938,0.139
5396,1 - 1 - 2022,19800.0,2.0322401432901573,1.7782800679308082,2.3713730200033902,0.0128,0.01,0.0158489,0.643,0.6,0.7,0.353,0.3,0.4,23500.0,128.0,920.0,1.0,True,0.01,0.95,10.0,39600.0,0.938,0.139
5397,1 - 1 - 2022,19800.0,2.0371548787463363,1.7782800679308082,2.3713730200033902,0.0127,0.01,0.0158489,0.646,0.6,0.7,0.451,0.4,0.5,21600.0,123.0,2760.0,1.0,True,0.01,0.95,10.0,39600.0,0.938,0.139
5398,1 - 1 - 2022,19800.0,2.0371548787463363,1.7782800679308082,2.3713730200033902,0.0128,0.01,0.0158489,0.642,0.6,0.7,0.546,0.5,0.6,20200.0,119.0,1840.0,1.0,True,0.01,0.95,10.0,39600.0,0.938,0.139
5399,1 - 1 - 2022,19800.0,2.0273134932713295,1.7782800679308082,2.3713730200033902,0.0125,0.01,0.0158489,0.646,0.6,0.7,0.645,0.6,0.7,16300.0,106.0,1840.0,1.0,True,0.01,0.95,10.0,39600.0,0.938,0.139
5400,1 - 1 - 2022,19800.0,2.0420577856662137,1.7782800679308082,2.3713730200033902,0.0129,0.01,0.0158489,0.644,0.6,0.7,0.748,0.7,0.8,15200.0,103.0,1990.0,1.0,True,0.01,0.95,10.0,39600.0,0.938,0.139
5401,1 - 1 - 2022,19800.0,2.0760539492026693,1.7782800679308082,2.3713730200033902,0.0127,0.01,0.0158489,0.645,0.6,0.7,0.842,0.8,0.9,10300.0,84.5,1070.0,1.0,True,0.01,0.95,10.0,39600.0,0.938,0.139
5402,1 - 1 - 2022,19800.0,2.090454496036687,1.7782800679308082,2.3713730200033902,0.0118,0.01,0.0158489,0.637,0.6,0.7,0.944,0.9,1.0,5370.0,61.1,613.0,1.0,True,0.01,0.95,10.0,39600.0,0.938,0.139
5403,1 - 1 - 2022,19800.0,2.0591260281974,1.7782800679308082,2.3713730200033902,0.0128,0.01,0.0158489,0.641,0.6,0.7,1.14,1.0,1.5,2330.0,18.0,399.0,1.0,True,0.01,0.95,10.0,39600.0,0.938,0.139
5404,1 - 1 - 2022,19800.0,2.0371548787463363,1.7782800679308082,2.3713730200033902,0.0126,0.01,0.0158489,0.652,0.6,0.7,1.72,1.5,2.0,399.0,7.44,30.7,1.0,True,0.01,0.95,10.0,39600.0,0.938,0.139
5405,1 - 1 - 2022,19800.0,2.1400934559032696,1.7782800679308082,2.3713730200033902,0.0105,0.01,0.0158489,0.613,0.6,0.7,2.14,2.0,4.0,7.67,0.516,0.0,1.0,True,0.01,0.95,10.0,39600.0,0.938,0.139
5406,1 - 1 - 2022,19800.0,2.039607805437114,1.7782800679308082,2.3713730200033902,0.0121,0.01,0.0158489,0.749,0.7,0.8,0.0362,0.0,0.05,2150.0,54.6,0.0,1.0,True,0.01,0.95,10.0,39600.0,0.938,0.139
5407,1 - 1 - 2022,19800.0,1.96468827043885,1.7782800679308082,2.3713730200033902,0.0131,0.01,0.0158489,0.753,0.7,0.8,0.0809,0.05,0.1,4600.0,79.9,307.0,1.0,True,0.01,0.95,10.0,39600.0,0.938,0.139
5408,1 - 1 - 2022,19800.0,2.0420577856662137,1.7782800679308082,2.3713730200033902,0.0125,0.01,0.0158489,0.747,0.7,0.8,0.156,0.1,0.2,11500.0,89.4,0.0,1.0,True,0.01,0.95,10.0,39600.0,0.938,0.139
5409,1 - 1 - 2022,19800.0,2.0371548787463363,1.7782800679308082,2.3713730200033902,0.0128,0.01,0.0158489,0.747,0.7,0.8,0.25,0.2,0.3,17500.0,110.0,0.0,1.0,True,0.01,0.95,10.0,39600.0,0.938,0.139
5410,1 - 1 - 2022,19800.0,2.0273134932713295,1.7782800679308082,2.3713730200033902,0.0124,0.01,0.0158489,0.751,0.7,0.8,0.35,0.3,0.4,15600.0,104.0,0.0,1.0,True,0.01,0.95,10.0,39600.0,0.938,0.139
5411,1 - 1 - 2022,19800.0,2.0248456731316584,1.7782800679308082,2.3713730200033902,0.013,0.01,0.0158489,0.746,0.7,0.8,0.451,0.4,0.5,15200.0,103.0,153.0,1.0,True,0.01,0.95,10.0,39600.0,0.938,0.139
5412,1 - 1 - 2022,19800.0,2.0663978319771825,1.7782800679308082,2.3713730200033902,0.0128,0.01,0.0158489,0.745,0.7,0.8,0.544,0.5,0.6,18200.0,113.0,613.0,1.0,True,0.01,0.95,10.0,39600.0,0.938,0.139
5413,1 - 1 - 2022,19800.0,2.0639767440550294,1.7782800679308082,2.3713730200033902,0.0126,0.01,0.0158489,0.748,0.7,0.8,0.646,0.6,0.7,10100.0,83.9,460.0,1.0,True,0.01,0.95,10.0,39600.0,0.938,0.139
5414,1 - 1 - 2022,19800.0,2.0615528128088303,1.7782800679308082,2.3713730200033902,0.013,0.01,0.0158489,0.736,0.7,0.8,0.75,0.7,0.8,5370.0,61.1,153.0,1.0,True,0.01,0.95,10.0,39600.0,0.938,0.139
5415,1 - 1 - 2022,19800.0,2.04939015319192,1.7782800679308082,2.3713730200033902,0.0132,0.01,0.0158489,0.746,0.7,0.8,0.841,0.8,0.9,5370.0,61.1,153.0,1.0,True,0.01,0.95,10.0,39600.0,0.938,0.139
5416,1 - 1 - 2022,19800.0,2.0639767440550294,1.7782800679308082,2.3713730200033902,0.0125,0.01,0.0158489,0.741,0.7,0.8,0.94,0.9,1.0,4750.0,57.5,307.0,1.0,True,0.01,0.95,10.0,39600.0,0.938,0.139
5417,1 - 1 - 2022,19800.0,2.0445048300260873,1.7782800679308082,2.3713730200033902,0.0127,0.01,0.0158489,0.744,0.7,0.8,1.13,1.0,1.5,1200.0,12.9,153.0,1.0,True,0.01,0.95,10.0,39600.0,0.938,0.139
5418,1 - 1 - 2022,19800.0,2.0,1.7782800679308082,2.3713730200033902,0.0127,0.01,0.0158489,0.732,0.7,0.8,1.72,1.5,2.0,153.0,4.62,30.7,1.0,True,0.01,0.95,10.0,39600.0,0.938,0.139
5419,1 - 1 - 2022,19800.0,1.849324200890693,1.7782800679308082,2.3713730200033902,0.011,0.01,0.0158489,0.704,0.7,0.8,3.43,2.0,4.0,7.67,0.516,0.0,1.0,True,0.01,0.95,10.0,39600.0,0.938,0.139
5420,1 - 1 - 2022,19800.0,2.0223748416156684,1.7782800679308082,2.3713730200033902,0.0146,0.01,0.0158489,0.825,0.8,0.9,0.0323,0.0,0.05,920.0,35.8,0.0,1.0,True,0.01,0.95,10.0,39600.0,0.938,0.139
5421,1 - 1 - 2022,19800.0,2.08806130178211,1.7782800679308082,2.3713730200033902,0.0131,0.01,0.0158489,0.832,0.8,0.9,0.0754,0.05,0.1,2450.0,58.4,0.0,1.0,True,0.01,0.95,10.0,39600.0,0.938,0.139
5422,1 - 1 - 2022,19800.0,2.0273134932713295,1.7782800679308082,2.3713730200033902,0.0131,0.01,0.0158489,0.842,0.8,0.9,0.157,0.1,0.2,6750.0,68.5,153.0,1.0,True,0.01,0.95,10.0,39600.0,0.938,0.139
5423,1 - 1 - 2022,19800.0,2.071231517720798,1.7782800679308082,2.3713730200033902,0.0129,0.01,0.0158489,0.842,0.8,0.9,0.25,0.2,0.3,7670.0,73.0,0.0,1.0,True,0.01,0.95,10.0,39600.0,0.938,0.139
5424,1 - 1 - 2022,19800.0,2.046948949045872,1.7782800679308082,2.3713730200033902,0.0132,0.01,0.0158489,0.843,0.8,0.9,0.345,0.3,0.4,9510.0,81.3,153.0,1.0,True,0.01,0.95,10.0,39600.0,0.938,0.139
5425,1 - 1 - 2022,19800.0,2.004993765576342,1.7782800679308082,2.3713730200033902,0.0131,0.01,0.0158489,0.839,0.8,0.9,0.449,0.4,0.5,8590.0,77.2,0.0,1.0,True,0.01,0.95,10.0,39600.0,0.938,0.139
5426,1 - 1 - 2022,19800.0,2.0149441679609885,1.7782800679308082,2.3713730200033902,0.0129,0.01,0.0158489,0.849,0.8,0.9,0.547,0.5,0.6,8130.0,75.1,0.0,1.0,True,0.01,0.95,10.0,39600.0,0.938,0.139
5427,1 - 1 - 2022,19800.0,2.029778313018444,1.7782800679308082,2.3713730200033902,0.0133,0.01,0.0158489,0.836,0.8,0.9,0.649,0.6,0.7,6750.0,68.5,153.0,1.0,True,0.01,0.95,10.0,39600.0,0.938,0.139
5428,1 - 1 - 2022,19800.0,2.0124611797498106,1.7782800679308082,2.3713730200033902,0.0126,0.01,0.0158489,0.835,0.8,0.9,0.752,0.7,0.8,4140.0,53.6,153.0,1.0,True,0.01,0.95,10.0,39600.0,0.938,0.139
5429,1 - 1 - 2022,19800.0,2.0420577856662137,1.7782800679308082,2.3713730200033902,0.0124,0.01,0.0158489,0.844,0.8,0.9,0.85,0.8,0.9,3530.0,49.5,153.0,1.0,True,0.01,0.95,10.0,39600.0,0.938,0.139
5430,1 - 1 - 2022,19800.0,2.0223748416156684,1.7782800679308082,2.3713730200033902,0.0124,0.01,0.0158489,0.864,0.8,0.9,0.955,0.9,1.0,920.0,25.3,0.0,1.0,True,0.01,0.95,10.0,39600.0,0.938,0.139
5431,1 - 1 - 2022,19800.0,2.0518284528683193,1.7782800679308082,2.3713730200033902,0.0124,0.01,0.0158489,0.839,0.8,0.9,1.14,1.0,1.5,399.0,7.44,61.4,1.0,True,0.01,0.95,10.0,39600.0,0.938,0.139
5432,1 - 1 - 2022,19800.0,1.8027756377319946,1.7782800679308082,2.3713730200033902,0.0139,0.01,0.0158489,0.911,0.9,1.0,0.0444,0.0,0.05,307.0,20.6,0.0,1.0,True,0.01,0.95,10.0,39600.0,0.938,0.139
5433,1 - 1 - 2022,19800.0,2.0273134932713295,1.7782800679308082,2.3713730200033902,0.0123,0.01,0.0158489,0.926,0.9,1.0,0.0717,0.05,0.1,2150.0,54.6,0.0,1.0,True,0.01,0.95,10.0,39600.0,0.938,0.139
5434,1 - 1 - 2022,19800.0,1.9235384061671346,1.7782800679308082,2.3713730200033902,0.0117,0.01,0.0158489,0.931,0.9,1.0,0.154,0.1,0.2,2450.0,41.3,0.0,1.0,True,0.01,0.95,10.0,39600.0,0.938,0.139
5435,1 - 1 - 2022,19800.0,2.0,1.7782800679308082,2.3713730200033902,0.0135,0.01,0.0158489,0.923,0.9,1.0,0.243,0.2,0.3,3070.0,46.2,0.0,1.0,True,0.01,0.95,10.0,39600.0,0.938,0.139
5436,1 - 1 - 2022,19800.0,2.0639767440550294,1.7782800679308082,2.3713730200033902,0.0131,0.01,0.0158489,0.923,0.9,1.0,0.347,0.3,0.4,4140.0,53.6,0.0,1.0,True,0.01,0.95,10.0,39600.0,0.938,0.139
5437,1 - 1 - 2022,19800.0,2.1142374511865976,1.7782800679308082,2.3713730200033902,0.0125,0.01,0.0158489,0.922,0.9,1.0,0.45,0.4,0.5,2760.0,43.8,0.0,1.0,True,0.01,0.95,10.0,39600.0,0.938,0.139
5438,1 - 1 - 2022,19800.0,1.982422760159901,1.7782800679308082,2.3713730200033902,0.0127,0.01,0.0158489,0.928,0.9,1.0,0.534,0.5,0.6,2150.0,38.6,0.0,1.0,True,0.01,0.95,10.0,39600.0,0.938,0.139
5439,1 - 1 - 2022,19800.0,2.0566963801203135,1.7782800679308082,2.3713730200033902,0.013,0.01,0.0158489,0.924,0.9,1.0,0.638,0.6,0.7,1840.0,35.7,0.0,1.0,True,0.01,0.95,10.0,39600.0,0.938,0.139
5440,1 - 1 - 2022,19800.0,1.98997487421324,1.7782800679308082,2.3713730200033902,0.0126,0.01,0.0158489,0.934,0.9,1.0,0.761,0.7,0.8,1380.0,31.0,0.0,1.0,True,0.01,0.95,10.0,39600.0,0.938,0.139
5441,1 - 1 - 2022,19800.0,2.1702534414210706,1.7782800679308082,2.3713730200033902,0.0141,0.01,0.0158489,0.921,0.9,1.0,0.822,0.8,0.9,307.0,14.6,0.0,1.0,True,0.01,0.95,10.0,39600.0,0.938,0.139
5442,1 - 1 - 2022,19800.0,2.029778313018444,1.7782800679308082,2.3713730200033902,0.015,0.01,0.0158489,0.94,0.9,1.0,0.991,0.9,1.0,153.0,10.3,0.0,1.0,True,0.01,0.95,10.0,39600.0,0.938,0.139
5443,1 - 1 - 2022,19800.0,2.151743479135001,1.7782800679308082,2.3713730200033902,0.0134,0.01,0.0158489,0.92,0.9,1.0,1.12,1.0,1.5,61.3,2.92,0.0,1.0,True,0.01,0.95,10.0,39600.0,0.938,0.139
5444,1 - 1 - 2022,19800.0,2.172556098240043,1.7782800679308082,2.3713730200033902,0.0185,0.0158489,0.0251189,0.0829,0.05,0.1,0.0329,0.0,0.05,30200.0,230.0,23200.0,1.0,True,0.01,0.95,10.0,39600.0,0.938,0.139
5445,1 - 1 - 2022,19800.0,2.172556098240043,1.7782800679308082,2.3713730200033902,0.0189,0.0158489,0.0251189,0.0824,0.05,0.1,0.0792,0.05,0.1,71200.0,353.0,49500.0,1.0,True,0.01,0.95,10.0,39600.0,0.938,0.139
5446,1 - 1 - 2022,19800.0,2.1610182784974308,1.7782800679308082,2.3713730200033902,0.0188,0.0158489,0.0251189,0.0776,0.05,0.1,0.155,0.1,0.2,158000.0,372.0,101000.0,1.0,True,0.01,0.95,10.0,39600.0,0.938,0.139
5447,1 - 1 - 2022,19800.0,2.147091055358389,1.7782800679308082,2.3713730200033902,0.0188,0.0158489,0.0251189,0.0748,0.05,0.1,0.253,0.2,0.3,238000.0,456.0,141000.0,1.0,True,0.01,0.95,10.0,39600.0,0.938,0.139
5448,1 - 1 - 2022,19800.0,2.1447610589527217,1.7782800679308082,2.3713730200033902,0.0189,0.0158489,0.0251189,0.0739,0.05,0.1,0.35,0.3,0.4,283000.0,498.0,158000.0,1.0,True,0.01,0.95,10.0,39600.0,0.938,0.139
5449,1 - 1 - 2022,19800.0,2.147091055358389,1.7782800679308082,2.3713730200033902,0.019,0.0158489,0.0251189,0.0734,0.05,0.1,0.448,0.4,0.5,257000.0,474.0,120000.0,1.0,True,0.01,0.95,10.0,39600.0,0.938,0.139
5450,1 - 1 - 2022,19800.0,2.137755832643195,1.7782800679308082,2.3713730200033902,0.0189,0.0158489,0.0251189,0.074,0.05,0.1,0.548,0.5,0.6,199000.0,418.0,87900.0,1.0,True,0.01,0.95,10.0,39600.0,0.938,0.139
5451,1 - 1 - 2022,19800.0,2.137755832643195,1.7782800679308082,2.3713730200033902,0.0189,0.0158489,0.0251189,0.0734,0.05,0.1,0.647,0.6,0.7,141000.0,351.0,66800.0,1.0,True,0.01,0.95,10.0,39600.0,0.938,0.139
5452,1 - 1 - 2022,19800.0,2.137755832643195,1.7782800679308082,2.3713730200033902,0.0189,0.0158489,0.0251189,0.0732,0.05,0.1,0.749,0.7,0.8,88600.0,279.0,50700.0,1.0,True,0.01,0.95,10.0,39600.0,0.938,0.139
5453,1 - 1 - 2022,19800.0,2.1283796653792764,1.7782800679308082,2.3713730200033902,0.0186,0.0158489,0.0251189,0.0752,0.05,0.1,0.842,0.8,0.9,52100.0,214.0,31700.0,1.0,True,0.01,0.95,10.0,39600.0,0.938,0.139
5454,1 - 1 - 2022,19800.0,2.1400934559032696,1.7782800679308082,2.3713730200033902,0.0188,0.0158489,0.0251189,0.0758,0.05,0.1,0.944,0.9,1.0,30800.0,164.0,21300.0,1.0,True,0.01,0.95,10.0,39600.0,0.938,0.139
5455,1 - 1 - 2022,19800.0,2.151743479135001,1.7782800679308082,2.3713730200033902,0.0185,0.0158489,0.0251189,0.0781,0.05,0.1,1.13,1.0,1.5,8630.0,38.9,6810.0,1.0,True,0.01,0.95,10.0,39600.0,0.938,0.139
5456,1 - 1 - 2022,19800.0,2.1330729007701543,1.7782800679308082,2.3713730200033902,0.0193,0.0158489,0.0251189,0.125,0.1,0.15,0.0322,0.0,0.05,33300.0,242.0,2320.0,1.0,True,0.01,0.95,10.0,39600.0,0.938,0.139
5457,1 - 1 - 2022,19800.0,2.1447610589527217,1.7782800679308082,2.3713730200033902,0.019,0.0158489,0.0251189,0.123,0.1,0.15,0.077,0.05,0.1,85500.0,387.0,6970.0,1.0,True,0.01,0.95,10.0,39600.0,0.938,0.139
5458,1 - 1 - 2022,19800.0,2.147091055358389,1.7782800679308082,2.3713730200033902,0.019,0.0158489,0.0251189,0.124,0.1,0.15,0.152,0.1,0.2,152000.0,364.0,16800.0,1.0,True,0.01,0.95,10.0,39600.0,0.938,0.139
5459,1 - 1 - 2022,19800.0,2.142428528562855,1.7782800679308082,2.3713730200033902,0.0189,0.0158489,0.0251189,0.124,0.1,0.15,0.251,0.2,0.3,200000.0,419.0,20500.0,1.0,True,0.01,0.95,10.0,39600.0,0.938,0.139
5460,1 - 1 - 2022,19800.0,2.142428528562855,1.7782800679308082,2.3713730200033902,0.019,0.0158489,0.0251189,0.124,0.1,0.15,0.348,0.3,0.4,194000.0,412.0,19400.0,1.0,True,0.01,0.95,10.0,39600.0,0.938,0.139
5461,1 - 1 - 2022,19800.0,2.142428528562855,1.7782800679308082,2.3713730200033902,0.0191,0.0158489,0.0251189,0.124,0.1,0.15,0.448,0.4,0.5,168000.0,384.0,387.0,1.0,True,0.01,0.95,10.0,39600.0,0.938,0.139
5462,1 - 1 - 2022,19800.0,2.1354156504062622,1.7782800679308082,2.3713730200033902,0.0188,0.0158489,0.0251189,0.124,0.1,0.15,0.546,0.5,0.6,142000.0,352.0,581.0,1.0,True,0.01,0.95,10.0,39600.0,0.938,0.139
5463,1 - 1 - 2022,19800.0,2.1354156504062622,1.7782800679308082,2.3713730200033902,0.0189,0.0158489,0.0251189,0.124,0.1,0.15,0.647,0.6,0.7,103000.0,301.0,581.0,1.0,True,0.01,0.95,10.0,39600.0,0.938,0.139
5464,1 - 1 - 2022,19800.0,2.149418526020468,1.7782800679308082,2.3713730200033902,0.019,0.0158489,0.0251189,0.124,0.1,0.15,0.747,0.7,0.8,69100.0,246.0,387.0,1.0,True,0.01,0.95,10.0,39600.0,0.938,0.139
5465,1 - 1 - 2022,19800.0,2.142428528562855,1.7782800679308082,2.3713730200033902,0.019,0.0158489,0.0251189,0.124,0.1,0.15,0.843,0.8,0.9,46200.0,201.0,0.0293,1.0,True,0.01,0.95,10.0,39600.0,0.938,0.139
5466,1 - 1 - 2022,19800.0,2.1447610589527217,1.7782800679308082,2.3713730200033902,0.0193,0.0158489,0.0251189,0.124,0.1,0.15,0.945,0.9,1.0,29200.0,160.0,580.0,1.0,True,0.01,0.95,10.0,39600.0,0.938,0.139
5467,1 - 1 - 2022,19800.0,2.142428528562855,1.7782800679308082,2.3713730200033902,0.0191,0.0158489,0.0251189,0.124,0.1,0.15,1.15,1.0,1.5,7430.0,36.1,851.0,1.0,True,0.01,0.95,10.0,39600.0,0.938,0.139
5468,1 - 1 - 2022,19800.0,2.181742422927143,1.7782800679308082,2.3713730200033902,0.0192,0.0158489,0.0251189,0.124,0.1,0.15,1.66,1.5,2.0,1080.0,13.8,503.0,1.0,True,0.01,0.95,10.0,39600.0,0.938,0.139
5469,1 - 1 - 2022,19800.0,2.186321110907545,1.7782800679308082,2.3713730200033902,0.0196,0.0158489,0.0251189,0.173,0.15,0.2,0.0316,0.0,0.05,17400.0,175.0,0.0,1.0,True,0.01,0.95,10.0,39600.0,0.938,0.139
5470,1 - 1 - 2022,19800.0,2.1587033144922905,1.7782800679308082,2.3713730200033902,0.019,0.0158489,0.0251189,0.174,0.15,0.2,0.0774,0.05,0.1,64600.0,337.0,0.0,1.0,True,0.01,0.95,10.0,39600.0,0.938,0.139
5471,1 - 1 - 2022,19800.0,2.1587033144922905,1.7782800679308082,2.3713730200033902,0.019,0.0158489,0.0251189,0.174,0.15,0.2,0.155,0.1,0.2,107000.0,306.0,2900.0,1.0,True,0.01,0.95,10.0,39600.0,0.938,0.139
5472,1 - 1 - 2022,19800.0,2.1447610589527217,1.7782800679308082,2.3713730200033902,0.019,0.0158489,0.0251189,0.173,0.15,0.2,0.25,0.2,0.3,138000.0,348.0,11200.0,1.0,True,0.01,0.95,10.0,39600.0,0.938,0.139
5473,1 - 1 - 2022,19800.0,2.1330729007701543,1.7782800679308082,2.3713730200033902,0.0189,0.0158489,0.0251189,0.173,0.15,0.2,0.348,0.3,0.4,131000.0,339.0,12000.0,1.0,True,0.01,0.95,10.0,39600.0,0.938,0.139
5474,1 - 1 - 2022,19800.0,2.1447610589527217,1.7782800679308082,2.3713730200033902,0.0191,0.0158489,0.0251189,0.174,0.15,0.2,0.45,0.4,0.5,125000.0,331.0,9680.0,1.0,True,0.01,0.95,10.0,39600.0,0.938,0.139
5475,1 - 1 - 2022,19800.0,2.147091055358389,1.7782800679308082,2.3713730200033902,0.0189,0.0158489,0.0251189,0.172,0.15,0.2,0.548,0.5,0.6,99300.0,295.0,4450.0,1.0,True,0.01,0.95,10.0,39600.0,0.938,0.139
5476,1 - 1 - 2022,19800.0,2.1400934559032696,1.7782800679308082,2.3713730200033902,0.0189,0.0158489,0.0251189,0.174,0.15,0.2,0.648,0.6,0.7,72600.0,252.0,387.0,1.0,True,0.01,0.95,10.0,39600.0,0.938,0.139
5477,1 - 1 - 2022,19800.0,2.1354156504062622,1.7782800679308082,2.3713730200033902,0.0188,0.0158489,0.0251189,0.175,0.15,0.2,0.749,0.7,0.8,52600.0,215.0,387.0,1.0,True,0.01,0.95,10.0,39600.0,0.938,0.139
5478,1 - 1 - 2022,19800.0,2.1400934559032696,1.7782800679308082,2.3713730200033902,0.0191,0.0158489,0.0251189,0.173,0.15,0.2,0.846,0.8,0.9,32300.0,168.0,0.0,1.0,True,0.01,0.95,10.0,39600.0,0.938,0.139
5479,1 - 1 - 2022,19800.0,2.1283796653792764,1.7782800679308082,2.3713730200033902,0.0185,0.0158489,0.0251189,0.173,0.15,0.2,0.951,0.9,1.0,21100.0,136.0,0.0,1.0,True,0.01,0.95,10.0,39600.0,0.938,0.139
5480,1 - 1 - 2022,19800.0,2.137755832643195,1.7782800679308082,2.3713730200033902,0.019,0.0158489,0.0251189,0.174,0.15,0.2,1.15,1.0,1.5,6390.0,33.5,38.7,1.0,True,0.01,0.95,10.0,39600.0,0.938,0.139
5481,1 - 1 - 2022,19800.0,2.147091055358389,1.7782800679308082,2.3713730200033902,0.0184,0.0158489,0.0251189,0.179,0.15,0.2,1.7,1.5,2.0,503.0,9.39,38.7,1.0,True,0.01,0.95,10.0,39600.0,0.938,0.139
5482,1 - 1 - 2022,19800.0,2.151743479135001,1.7782800679308082,2.3713730200033902,0.018,0.0158489,0.0251189,0.177,0.15,0.2,2.11,2.0,4.0,38.7,1.3,0.0,1.0,True,0.01,0.95,10.0,39600.0,0.938,0.139
5483,1 - 1 - 2022,19800.0,2.1587033144922905,1.7782800679308082,2.3713730200033902,0.0187,0.0158489,0.0251189,0.225,0.2,0.25,0.0309,0.0,0.05,13500.0,154.0,0.0,1.0,True,0.01,0.95,10.0,39600.0,0.938,0.139
5484,1 - 1 - 2022,19800.0,2.1283796653792764,1.7782800679308082,2.3713730200033902,0.019,0.0158489,0.0251189,0.222,0.2,0.25,0.0768,0.05,0.1,42200.0,272.0,0.0,1.0,True,0.01,0.95,10.0,39600.0,0.938,0.139
5485,1 - 1 - 2022,19800.0,2.1330729007701543,1.7782800679308082,2.3713730200033902,0.019,0.0158489,0.0251189,0.223,0.2,0.25,0.153,0.1,0.2,74100.0,255.0,2520.0,1.0,True,0.01,0.95,10.0,39600.0,0.938,0.139
5486,1 - 1 - 2022,19800.0,2.1354156504062622,1.7782800679308082,2.3713730200033902,0.0189,0.0158489,0.0251189,0.224,0.2,0.25,0.25,0.2,0.3,92700.0,285.0,9870.0,1.0,True,0.01,0.95,10.0,39600.0,0.938,0.139
5487,1 - 1 - 2022,19800.0,2.1400934559032696,1.7782800679308082,2.3713730200033902,0.019,0.0158489,0.0251189,0.223,0.2,0.25,0.352,0.3,0.4,91100.0,283.0,13900.0,1.0,True,0.01,0.95,10.0,39600.0,0.938,0.139
5488,1 - 1 - 2022,19800.0,2.137755832643195,1.7782800679308082,2.3713730200033902,0.0191,0.0158489,0.0251189,0.223,0.2,0.25,0.448,0.4,0.5,80300.0,265.0,10300.0,1.0,True,0.01,0.95,10.0,39600.0,0.938,0.139
5489,1 - 1 - 2022,19800.0,2.1610182784974308,1.7782800679308082,2.3713730200033902,0.0189,0.0158489,0.0251189,0.223,0.2,0.25,0.547,0.5,0.6,70800.0,249.0,10600.0,1.0,True,0.01,0.95,10.0,39600.0,0.938,0.139
5490,1 - 1 - 2022,19800.0,2.130727575266252,1.7782800679308082,2.3713730200033902,0.0188,0.0158489,0.0251189,0.225,0.2,0.25,0.649,0.6,0.7,57500.0,224.0,5610.0,1.0,True,0.01,0.95,10.0,39600.0,0.938,0.139
5491,1 - 1 - 2022,19800.0,2.1400934559032696,1.7782800679308082,2.3713730200033902,0.019,0.0158489,0.0251189,0.224,0.2,0.25,0.746,0.7,0.8,40200.0,188.0,2130.0,1.0,True,0.01,0.95,10.0,39600.0,0.938,0.139
5492,1 - 1 - 2022,19800.0,2.130727575266252,1.7782800679308082,2.3713730200033902,0.0191,0.0158489,0.0251189,0.227,0.2,0.25,0.847,0.8,0.9,22600.0,141.0,387.0,1.0,True,0.01,0.95,10.0,39600.0,0.938,0.139
5493,1 - 1 - 2022,19800.0,2.151743479135001,1.7782800679308082,2.3713730200033902,0.019,0.0158489,0.0251189,0.223,0.2,0.25,0.943,0.9,1.0,18800.0,128.0,0.0,1.0,True,0.01,0.95,10.0,39600.0,0.938,0.139
5494,1 - 1 - 2022,19800.0,2.130727575266252,1.7782800679308082,2.3713730200033902,0.0188,0.0158489,0.0251189,0.227,0.2,0.25,1.2,1.0,1.5,4840.0,29.1,77.4,1.0,True,0.01,0.95,10.0,39600.0,0.938,0.139
5495,1 - 1 - 2022,19800.0,2.202271554554524,1.7782800679308082,2.3713730200033902,0.0201,0.0158489,0.0251189,0.224,0.2,0.25,1.76,1.5,2.0,619.0,10.4,0.0,1.0,True,0.01,0.95,10.0,39600.0,0.938,0.139
5496,1 - 1 - 2022,19800.0,2.1908902300206643,1.7782800679308082,2.3713730200033902,0.0186,0.0158489,0.0251189,0.206,0.2,0.25,2.15,2.0,4.0,29.0,1.13,0.0,1.0,True,0.01,0.95,10.0,39600.0,0.938,0.139
5497,1 - 1 - 2022,19800.0,2.073644135332772,1.7782800679308082,2.3713730200033902,0.0185,0.0158489,0.0251189,0.271,0.25,0.3,0.0353,0.0,0.05,9290.0,128.0,0.0,1.0,True,0.01,0.95,10.0,39600.0,0.938,0.139
5498,1 - 1 - 2022,19800.0,2.149418526020468,1.7782800679308082,2.3713730200033902,0.0193,0.0158489,0.0251189,0.273,0.25,0.3,0.0756,0.05,0.1,25900.0,213.0,0.0,1.0,True,0.01,0.95,10.0,39600.0,0.938,0.139
5499,1 - 1 - 2022,19800.0,2.142428528562855,1.7782800679308082,2.3713730200033902,0.019,0.0158489,0.0251189,0.273,0.25,0.3,0.156,0.1,0.2,49500.0,208.0,581.0,1.0,True,0.01,0.95,10.0,39600.0,0.938,0.139
5500,1 - 1 - 2022,19800.0,2.137755832643195,1.7782800679308082,2.3713730200033902,0.0189,0.0158489,0.0251189,0.273,0.25,0.3,0.253,0.2,0.3,64800.0,238.0,7930.0,1.0,True,0.01,0.95,10.0,39600.0,0.938,0.139
5501,1 - 1 - 2022,19800.0,2.147091055358389,1.7782800679308082,2.3713730200033902,0.0191,0.0158489,0.0251189,0.274,0.25,0.3,0.351,0.3,0.4,73000.0,253.0,14500.0,1.0,True,0.01,0.95,10.0,39600.0,0.938,0.139
5502,1 - 1 - 2022,19800.0,2.130727575266252,1.7782800679308082,2.3713730200033902,0.0189,0.0158489,0.0251189,0.273,0.25,0.3,0.447,0.4,0.5,66400.0,241.0,16800.0,1.0,True,0.01,0.95,10.0,39600.0,0.938,0.139
5503,1 - 1 - 2022,19800.0,2.1447610589527217,1.7782800679308082,2.3713730200033902,0.0189,0.0158489,0.0251189,0.273,0.25,0.3,0.55,0.5,0.6,47800.0,205.0,8710.0,1.0,True,0.01,0.95,10.0,39600.0,0.938,0.139
5504,1 - 1 - 2022,19800.0,2.137755832643195,1.7782800679308082,2.3713730200033902,0.0189,0.0158489,0.0251189,0.272,0.25,0.3,0.644,0.6,0.7,40800.0,189.0,8710.0,1.0,True,0.01,0.95,10.0,39600.0,0.938,0.139
5505,1 - 1 - 2022,19800.0,2.172556098240043,1.7782800679308082,2.3713730200033902,0.0196,0.0158489,0.0251189,0.271,0.25,0.3,0.741,0.7,0.8,25400.0,149.0,4450.0,1.0,True,0.01,0.95,10.0,39600.0,0.938,0.139
5506,1 - 1 - 2022,19800.0,2.1330729007701543,1.7782800679308082,2.3713730200033902,0.019,0.0158489,0.0251189,0.273,0.25,0.3,0.847,0.8,0.9,17800.0,125.0,1550.0,1.0,True,0.01,0.95,10.0,39600.0,0.938,0.139
5507,1 - 1 - 2022,19800.0,2.118962010041709,1.7782800679308082,2.3713730200033902,0.0188,0.0158489,0.0251189,0.273,0.25,0.3,0.951,0.9,1.0,13700.0,110.0,194.0,1.0,True,0.01,0.95,10.0,39600.0,0.938,0.139
5508,1 - 1 - 2022,19800.0,2.1047565179849186,1.7782800679308082,2.3713730200033902,0.0189,0.0158489,0.0251189,0.274,0.25,0.3,1.22,1.0,1.5,4260.0,27.3,38.7,1.0,True,0.01,0.95,10.0,39600.0,0.938,0.139
5509,1 - 1 - 2022,19800.0,2.16794833886788,1.7782800679308082,2.3713730200033902,0.0183,0.0158489,0.0251189,0.279,0.25,0.3,1.65,1.5,2.0,542.0,9.75,0.0,1.0,True,0.01,0.95,10.0,39600.0,0.938,0.139
5510,1 - 1 - 2022,19800.0,2.2068076490713913,1.7782800679308082,2.3713730200033902,0.0193,0.0158489,0.0251189,0.272,0.25,0.3,2.28,2.0,4.0,58.1,1.6,0.0,1.0,True,0.01,0.95,10.0,39600.0,0.938,0.139
5511,1 - 1 - 2022,19800.0,2.1400934559032696,1.7782800679308082,2.3713730200033902,0.0185,0.0158489,0.0251189,0.356,0.3,0.4,0.0303,0.0,0.05,6000.0,72.5,0.0,1.0,True,0.01,0.95,10.0,39600.0,0.938,0.139
5512,1 - 1 - 2022,19800.0,2.1260291625469296,1.7782800679308082,2.3713730200033902,0.0187,0.0158489,0.0251189,0.349,0.3,0.4,0.0775,0.05,0.1,19400.0,130.0,387.0,1.0,True,0.01,0.95,10.0,39600.0,0.938,0.139
5513,1 - 1 - 2022,19800.0,2.1540659228538015,1.7782800679308082,2.3713730200033902,0.0191,0.0158489,0.0251189,0.345,0.3,0.4,0.155,0.1,0.2,31200.0,117.0,387.0,1.0,True,0.01,0.95,10.0,39600.0,0.938,0.139
5514,1 - 1 - 2022,19800.0,2.137755832643195,1.7782800679308082,2.3713730200033902,0.0189,0.0158489,0.0251189,0.346,0.3,0.4,0.252,0.2,0.3,39800.0,132.0,4060.0,1.0,True,0.01,0.95,10.0,39600.0,0.938,0.139
5515,1 - 1 - 2022,19800.0,2.151743479135001,1.7782800679308082,2.3713730200033902,0.019,0.0158489,0.0251189,0.347,0.3,0.4,0.349,0.3,0.4,46700.0,143.0,8610.0,1.0,True,0.01,0.95,10.0,39600.0,0.938,0.139
5516,1 - 1 - 2022,19800.0,2.130727575266252,1.7782800679308082,2.3713730200033902,0.0188,0.0158489,0.0251189,0.345,0.3,0.4,0.451,0.4,0.5,41900.0,136.0,9390.0,1.0,True,0.01,0.95,10.0,39600.0,0.938,0.139
5517,1 - 1 - 2022,19800.0,2.1400934559032696,1.7782800679308082,2.3713730200033902,0.019,0.0158489,0.0251189,0.346,0.3,0.4,0.544,0.5,0.6,35700.0,125.0,6100.0,1.0,True,0.01,0.95,10.0,39600.0,0.938,0.139
5518,1 - 1 - 2022,19800.0,2.142428528562855,1.7782800679308082,2.3713730200033902,0.019,0.0158489,0.0251189,0.343,0.3,0.4,0.648,0.6,0.7,26400.0,108.0,6390.0,1.0,True,0.01,0.95,10.0,39600.0,0.938,0.139
5519,1 - 1 - 2022,19800.0,2.142428528562855,1.7782800679308082,2.3713730200033902,0.019,0.0158489,0.0251189,0.344,0.3,0.4,0.748,0.7,0.8,19400.0,92.3,3870.0,1.0,True,0.01,0.95,10.0,39600.0,0.938,0.139
5520,1 - 1 - 2022,19800.0,2.1400934559032696,1.7782800679308082,2.3713730200033902,0.019,0.0158489,0.0251189,0.349,0.3,0.4,0.849,0.8,0.9,17000.0,86.4,4260.0,1.0,True,0.01,0.95,10.0,39600.0,0.938,0.139
5521,1 - 1 - 2022,19800.0,2.1447610589527217,1.7782800679308082,2.3713730200033902,0.0189,0.0158489,0.0251189,0.348,0.3,0.4,0.946,0.9,1.0,8420.0,60.7,1260.0,1.0,True,0.01,0.95,10.0,39600.0,0.938,0.139
5522,1 - 1 - 2022,19800.0,2.1354156504062622,1.7782800679308082,2.3713730200033902,0.0191,0.0158489,0.0251189,0.344,0.3,0.4,1.16,1.0,1.5,3020.0,16.3,116.0,1.0,True,0.01,0.95,10.0,39600.0,0.938,0.139
5523,1 - 1 - 2022,19800.0,2.1023796041628637,1.7782800679308082,2.3713730200033902,0.0193,0.0158489,0.0251189,0.357,0.3,0.4,1.65,1.5,2.0,252.0,4.7,19.4,1.0,True,0.01,0.95,10.0,39600.0,0.938,0.139
5524,1 - 1 - 2022,19800.0,2.186321110907545,1.7782800679308082,2.3713730200033902,0.0188,0.0158489,0.0251189,0.335,0.3,0.4,2.28,2.0,4.0,29.0,0.797,0.0,1.0,True,0.01,0.95,10.0,39600.0,0.938,0.139
5525,1 - 1 - 2022,19800.0,2.181742422927143,1.7782800679308082,2.3713730200033902,0.0197,0.0158489,0.0251189,0.451,0.4,0.5,0.0335,0.0,0.05,4640.0,63.8,0.0,1.0,True,0.01,0.95,10.0,39600.0,0.938,0.139
5526,1 - 1 - 2022,19800.0,2.172556098240043,1.7782800679308082,2.3713730200033902,0.019,0.0158489,0.0251189,0.444,0.4,0.5,0.0787,0.05,0.1,14100.0,111.0,0.0,1.0,True,0.01,0.95,10.0,39600.0,0.938,0.139
5527,1 - 1 - 2022,19800.0,2.137755832643195,1.7782800679308082,2.3713730200033902,0.019,0.0158489,0.0251189,0.443,0.4,0.5,0.152,0.1,0.2,19000.0,91.2,0.0,1.0,True,0.01,0.95,10.0,39600.0,0.938,0.139
5528,1 - 1 - 2022,19800.0,2.1330729007701543,1.7782800679308082,2.3713730200033902,0.019,0.0158489,0.0251189,0.447,0.4,0.5,0.251,0.2,0.3,26500.0,108.0,193.0,1.0,True,0.01,0.95,10.0,39600.0,0.938,0.139
5529,1 - 1 - 2022,19800.0,2.137755832643195,1.7782800679308082,2.3713730200033902,0.0188,0.0158489,0.0251189,0.446,0.4,0.5,0.351,0.3,0.4,26800.0,108.0,2610.0,1.0,True,0.01,0.95,10.0,39600.0,0.938,0.139
5530,1 - 1 - 2022,19800.0,2.1400934559032696,1.7782800679308082,2.3713730200033902,0.0188,0.0158489,0.0251189,0.445,0.4,0.5,0.45,0.4,0.5,24400.0,103.0,2810.0,1.0,True,0.01,0.95,10.0,39600.0,0.938,0.139
5531,1 - 1 - 2022,19800.0,2.142428528562855,1.7782800679308082,2.3713730200033902,0.019,0.0158489,0.0251189,0.443,0.4,0.5,0.551,0.5,0.6,19900.0,93.5,3580.0,1.0,True,0.01,0.95,10.0,39600.0,0.938,0.139
5532,1 - 1 - 2022,19800.0,2.1447610589527217,1.7782800679308082,2.3713730200033902,0.0188,0.0158489,0.0251189,0.448,0.4,0.5,0.645,0.6,0.7,13700.0,77.6,2710.0,1.0,True,0.01,0.95,10.0,39600.0,0.938,0.139
5533,1 - 1 - 2022,19800.0,2.12367605815953,1.7782800679308082,2.3713730200033902,0.0192,0.0158489,0.0251189,0.443,0.4,0.5,0.747,0.7,0.8,11400.0,70.7,2520.0,1.0,True,0.01,0.95,10.0,39600.0,0.938,0.139
5534,1 - 1 - 2022,19800.0,2.1330729007701543,1.7782800679308082,2.3713730200033902,0.019,0.0158489,0.0251189,0.44,0.4,0.5,0.845,0.8,0.9,8510.0,61.1,1640.0,1.0,True,0.01,0.95,10.0,39600.0,0.938,0.139
5535,1 - 1 - 2022,19800.0,2.149418526020468,1.7782800679308082,2.3713730200033902,0.0189,0.0158489,0.0251189,0.449,0.4,0.5,0.95,0.9,1.0,5610.0,49.6,1160.0,1.0,True,0.01,0.95,10.0,39600.0,0.938,0.139
5536,1 - 1 - 2022,19800.0,2.130727575266252,1.7782800679308082,2.3713730200033902,0.019,0.0158489,0.0251189,0.449,0.4,0.5,1.17,1.0,1.5,1720.0,12.3,290.0,1.0,True,0.01,0.95,10.0,39600.0,0.938,0.139
5537,1 - 1 - 2022,19800.0,2.090454496036687,1.7782800679308082,2.3713730200033902,0.0177,0.0158489,0.0251189,0.443,0.4,0.5,1.66,1.5,2.0,290.0,5.04,0.0,1.0,True,0.01,0.95,10.0,39600.0,0.938,0.139
5538,1 - 1 - 2022,19800.0,2.0976176963403033,1.7782800679308082,2.3713730200033902,0.0189,0.0158489,0.0251189,0.45,0.4,0.5,2.17,2.0,4.0,33.9,0.862,0.0,1.0,True,0.01,0.95,10.0,39600.0,0.938,0.139
5539,1 - 1 - 2022,19800.0,2.1118712081942874,1.7782800679308082,2.3713730200033902,0.019,0.0158489,0.0251189,0.548,0.5,0.6,0.0361,0.0,0.05,2320.0,45.1,0.0,1.0,True,0.01,0.95,10.0,39600.0,0.938,0.139
5540,1 - 1 - 2022,19800.0,2.0976176963403033,1.7782800679308082,2.3713730200033902,0.0189,0.0158489,0.0251189,0.544,0.5,0.6,0.0816,0.05,0.1,8510.0,86.4,194.0,1.0,True,0.01,0.95,10.0,39600.0,0.938,0.139
5541,1 - 1 - 2022,19800.0,2.118962010041709,1.7782800679308082,2.3713730200033902,0.0189,0.0158489,0.0251189,0.544,0.5,0.6,0.157,0.1,0.2,9870.0,65.8,96.8,1.0,True,0.01,0.95,10.0,39600.0,0.938,0.139
5542,1 - 1 - 2022,19800.0,2.1354156504062622,1.7782800679308082,2.3713730200033902,0.0185,0.0158489,0.0251189,0.546,0.5,0.6,0.253,0.2,0.3,15000.0,81.1,0.0,1.0,True,0.01,0.95,10.0,39600.0,0.938,0.139
5543,1 - 1 - 2022,19800.0,2.1587033144922905,1.7782800679308082,2.3713730200033902,0.0193,0.0158489,0.0251189,0.55,0.5,0.6,0.348,0.3,0.4,16500.0,85.2,194.0,1.0,True,0.01,0.95,10.0,39600.0,0.938,0.139
5544,1 - 1 - 2022,19800.0,2.1354156504062622,1.7782800679308082,2.3713730200033902,0.0189,0.0158489,0.0251189,0.548,0.5,0.6,0.444,0.4,0.5,12700.0,74.5,871.0,1.0,True,0.01,0.95,10.0,39600.0,0.938,0.139
5545,1 - 1 - 2022,19800.0,2.1283796653792764,1.7782800679308082,2.3713730200033902,0.0187,0.0158489,0.0251189,0.546,0.5,0.6,0.549,0.5,0.6,13100.0,75.7,1840.0,1.0,True,0.01,0.95,10.0,39600.0,0.938,0.139
5546,1 - 1 - 2022,19800.0,2.1400934559032696,1.7782800679308082,2.3713730200033902,0.0188,0.0158489,0.0251189,0.544,0.5,0.6,0.65,0.6,0.7,9190.0,63.5,1840.0,1.0,True,0.01,0.95,10.0,39600.0,0.938,0.139
5547,1 - 1 - 2022,19800.0,2.1633307652783933,1.7782800679308082,2.3713730200033902,0.0193,0.0158489,0.0251189,0.545,0.5,0.6,0.753,0.7,0.8,6290.0,52.5,1350.0,1.0,True,0.01,0.95,10.0,39600.0,0.938,0.139
5548,1 - 1 - 2022,19800.0,2.1702534414210706,1.7782800679308082,2.3713730200033902,0.019,0.0158489,0.0251189,0.55,0.5,0.6,0.846,0.8,0.9,5610.0,49.6,774.0,1.0,True,0.01,0.95,10.0,39600.0,0.938,0.139
5549,1 - 1 - 2022,19800.0,2.147091055358389,1.7782800679308082,2.3713730200033902,0.0186,0.0158489,0.0251189,0.546,0.5,0.6,0.943,0.9,1.0,3390.0,38.5,774.0,1.0,True,0.01,0.95,10.0,39600.0,0.938,0.139
5550,1 - 1 - 2022,19800.0,2.1142374511865976,1.7782800679308082,2.3713730200033902,0.0187,0.0158489,0.0251189,0.546,0.5,0.6,1.16,1.0,1.5,1120.0,9.92,252.0,1.0,True,0.01,0.95,10.0,39600.0,0.938,0.139
5551,1 - 1 - 2022,19800.0,2.179449471770337,1.7782800679308082,2.3713730200033902,0.0173,0.0158489,0.0251189,0.54,0.5,0.6,1.6,1.5,2.0,96.7,2.91,0.0,1.0,True,0.01,0.95,10.0,39600.0,0.938,0.139
5552,1 - 1 - 2022,19800.0,2.209072203437452,1.7782800679308082,2.3713730200033902,0.0182,0.0158489,0.0251189,0.541,0.5,0.6,2.32,2.0,4.0,33.9,0.861,0.0,1.0,True,0.01,0.95,10.0,39600.0,0.938,0.139
5553,1 - 1 - 2022,19800.0,2.046948949045872,1.7782800679308082,2.3713730200033902,0.0179,0.0158489,0.0251189,0.657,0.6,0.7,0.0328,0.0,0.05,581.0,22.6,0.0,1.0,True,0.01,0.95,10.0,39600.0,0.938,0.139
5554,1 - 1 - 2022,19800.0,2.1587033144922905,1.7782800679308082,2.3713730200033902,0.0199,0.0158489,0.0251189,0.646,0.6,0.7,0.0771,0.05,0.1,4260.0,61.1,0.0,1.0,True,0.01,0.95,10.0,39600.0,0.938,0.139
5555,1 - 1 - 2022,19800.0,2.142428528562855,1.7782800679308082,2.3713730200033902,0.0191,0.0158489,0.0251189,0.641,0.6,0.7,0.152,0.1,0.2,6970.0,55.3,0.0,1.0,True,0.01,0.95,10.0,39600.0,0.938,0.139
5556,1 - 1 - 2022,19800.0,2.142428528562855,1.7782800679308082,2.3713730200033902,0.0188,0.0158489,0.0251189,0.642,0.6,0.7,0.254,0.2,0.3,7450.0,57.1,0.0,1.0,True,0.01,0.95,10.0,39600.0,0.938,0.139
5557,1 - 1 - 2022,19800.0,2.1400934559032696,1.7782800679308082,2.3713730200033902,0.0191,0.0158489,0.0251189,0.641,0.6,0.7,0.35,0.3,0.4,10100.0,66.4,0.0,1.0,True,0.01,0.95,10.0,39600.0,0.938,0.139
5558,1 - 1 - 2022,19800.0,2.137755832643195,1.7782800679308082,2.3713730200033902,0.0188,0.0158489,0.0251189,0.649,0.6,0.7,0.451,0.4,0.5,9770.0,65.4,96.7,1.0,True,0.01,0.95,10.0,39600.0,0.938,0.139
5559,1 - 1 - 2022,19800.0,2.1400934559032696,1.7782800679308082,2.3713730200033902,0.0189,0.0158489,0.0251189,0.648,0.6,0.7,0.55,0.5,0.6,6870.0,54.9,387.0,1.0,True,0.01,0.95,10.0,39600.0,0.938,0.139
5560,1 - 1 - 2022,19800.0,2.147091055358389,1.7782800679308082,2.3713730200033902,0.0188,0.0158489,0.0251189,0.649,0.6,0.7,0.647,0.6,0.7,6870.0,54.9,484.0,1.0,True,0.01,0.95,10.0,39600.0,0.938,0.139
5561,1 - 1 - 2022,19800.0,2.142428528562855,1.7782800679308082,2.3713730200033902,0.019,0.0158489,0.0251189,0.647,0.6,0.7,0.745,0.7,0.8,4930.0,46.5,1160.0,1.0,True,0.01,0.95,10.0,39600.0,0.938,0.139
5562,1 - 1 - 2022,19800.0,2.1447610589527217,1.7782800679308082,2.3713730200033902,0.0189,0.0158489,0.0251189,0.638,0.6,0.7,0.845,0.8,0.9,2520.0,33.2,193.0,1.0,True,0.01,0.95,10.0,39600.0,0.938,0.139
5563,1 - 1 - 2022,19800.0,2.186321110907545,1.7782800679308082,2.3713730200033902,0.0197,0.0158489,0.0251189,0.649,0.6,0.7,0.949,0.9,1.0,1940.0,29.1,96.8,1.0,True,0.01,0.95,10.0,39600.0,0.938,0.139
5564,1 - 1 - 2022,19800.0,2.0952326839756963,1.7782800679308082,2.3713730200033902,0.0186,0.0158489,0.0251189,0.648,0.6,0.7,1.19,1.0,1.5,619.0,7.37,96.8,1.0,True,0.01,0.95,10.0,39600.0,0.938,0.139
5565,1 - 1 - 2022,19800.0,2.118962010041709,1.7782800679308082,2.3713730200033902,0.0168,0.0158489,0.0251189,0.647,0.6,0.7,1.63,1.5,2.0,77.4,2.6,0.0,1.0,True,0.01,0.95,10.0,39600.0,0.938,0.139
5566,1 - 1 - 2022,19800.0,2.1748563170931545,1.7782800679308082,2.3713730200033902,0.0193,0.0158489,0.0251189,0.625,0.6,0.7,2.37,2.0,4.0,24.2,0.728,0.0,1.0,True,0.01,0.95,10.0,39600.0,0.938,0.139
5567,1 - 1 - 2022,19800.0,2.085665361461421,1.7782800679308082,2.3713730200033902,0.0192,0.0158489,0.0251189,0.734,0.7,0.8,0.0368,0.0,0.05,967.0,29.1,0.0,1.0,True,0.01,0.95,10.0,39600.0,0.938,0.139
5568,1 - 1 - 2022,19800.0,2.1563858652847827,1.7782800679308082,2.3713730200033902,0.0189,0.0158489,0.0251189,0.753,0.7,0.8,0.0792,0.05,0.1,1160.0,31.9,0.0,1.0,True,0.01,0.95,10.0,39600.0,0.938,0.139
5569,1 - 1 - 2022,19800.0,2.092844953645635,1.7782800679308082,2.3713730200033902,0.0189,0.0158489,0.0251189,0.745,0.7,0.8,0.161,0.1,0.2,4060.0,42.2,0.0,1.0,True,0.01,0.95,10.0,39600.0,0.938,0.139
5570,1 - 1 - 2022,19800.0,2.1330729007701543,1.7782800679308082,2.3713730200033902,0.0191,0.0158489,0.0251189,0.748,0.7,0.8,0.253,0.2,0.3,5320.0,48.3,0.0,1.0,True,0.01,0.95,10.0,39600.0,0.938,0.139
5571,1 - 1 - 2022,19800.0,2.118962010041709,1.7782800679308082,2.3713730200033902,0.0194,0.0158489,0.0251189,0.751,0.7,0.8,0.346,0.3,0.4,5520.0,49.2,96.7,1.0,True,0.01,0.95,10.0,39600.0,0.938,0.139
5572,1 - 1 - 2022,19800.0,2.130727575266252,1.7782800679308082,2.3713730200033902,0.0191,0.0158489,0.0251189,0.751,0.7,0.8,0.451,0.4,0.5,4550.0,44.6,0.0,1.0,True,0.01,0.95,10.0,39600.0,0.938,0.139
5573,1 - 1 - 2022,19800.0,2.12367605815953,1.7782800679308082,2.3713730200033902,0.0189,0.0158489,0.0251189,0.751,0.7,0.8,0.549,0.5,0.6,4160.0,42.7,96.8,1.0,True,0.01,0.95,10.0,39600.0,0.938,0.139
5574,1 - 1 - 2022,19800.0,2.202271554554524,1.7782800679308082,2.3713730200033902,0.0201,0.0158489,0.0251189,0.749,0.7,0.8,0.645,0.6,0.7,2520.0,33.2,0.0,1.0,True,0.01,0.95,10.0,39600.0,0.938,0.139
5575,1 - 1 - 2022,19800.0,2.1142374511865976,1.7782800679308082,2.3713730200033902,0.0188,0.0158489,0.0251189,0.752,0.7,0.8,0.744,0.7,0.8,3000.0,36.3,194.0,1.0,True,0.01,0.95,10.0,39600.0,0.938,0.139
5576,1 - 1 - 2022,19800.0,2.1748563170931545,1.7782800679308082,2.3713730200033902,0.0192,0.0158489,0.0251189,0.735,0.7,0.8,0.842,0.8,0.9,2030.0,29.8,290.0,1.0,True,0.01,0.95,10.0,39600.0,0.938,0.139
5577,1 - 1 - 2022,19800.0,2.142428528562855,1.7782800679308082,2.3713730200033902,0.0197,0.0158489,0.0251189,0.736,0.7,0.8,0.935,0.9,1.0,1060.0,21.6,96.8,1.0,True,0.01,0.95,10.0,39600.0,0.938,0.139
5578,1 - 1 - 2022,19800.0,2.080865204668481,1.7782800679308082,2.3713730200033902,0.0183,0.0158489,0.0251189,0.742,0.7,0.8,1.13,1.0,1.5,406.0,5.97,58.0,1.0,True,0.01,0.95,10.0,39600.0,0.938,0.139
5579,1 - 1 - 2022,19800.0,2.1213203435596424,1.7782800679308082,2.3713730200033902,0.0208,0.0158489,0.0251189,0.773,0.7,0.8,1.87,1.5,2.0,38.7,1.84,0.0,1.0,True,0.01,0.95,10.0,39600.0,0.938,0.139
5580,1 - 1 - 2022,19800.0,2.1330729007701543,1.7782800679308082,2.3713730200033902,0.0167,0.0158489,0.0251189,0.758,0.7,0.8,2.08,2.0,4.0,4.84,0.326,0.0,1.0,True,0.01,0.95,10.0,39600.0,0.938,0.139
5581,1 - 1 - 2022,19800.0,2.0542638584174138,1.7782800679308082,2.3713730200033902,0.0199,0.0158489,0.0251189,0.853,0.8,0.9,0.0443,0.0,0.05,387.0,18.4,0.0,1.0,True,0.01,0.95,10.0,39600.0,0.938,0.139
5582,1 - 1 - 2022,19800.0,2.090454496036687,1.7782800679308082,2.3713730200033902,0.0187,0.0158489,0.0251189,0.836,0.8,0.9,0.0698,0.05,0.1,1740.0,39.1,0.0,1.0,True,0.01,0.95,10.0,39600.0,0.938,0.139
5583,1 - 1 - 2022,19800.0,2.1400934559032696,1.7782800679308082,2.3713730200033902,0.0198,0.0158489,0.0251189,0.835,0.8,0.9,0.153,0.1,0.2,2810.0,35.1,96.7,1.0,True,0.01,0.95,10.0,39600.0,0.938,0.139
5584,1 - 1 - 2022,19800.0,2.147091055358389,1.7782800679308082,2.3713730200033902,0.019,0.0158489,0.0251189,0.841,0.8,0.9,0.248,0.2,0.3,4640.0,45.1,0.0,1.0,True,0.01,0.95,10.0,39600.0,0.938,0.139
5585,1 - 1 - 2022,19800.0,2.130727575266252,1.7782800679308082,2.3713730200033902,0.0186,0.0158489,0.0251189,0.84,0.8,0.9,0.354,0.3,0.4,3580.0,39.6,0.0,1.0,True,0.01,0.95,10.0,39600.0,0.938,0.139
5586,1 - 1 - 2022,19800.0,2.1,1.7782800679308082,2.3713730200033902,0.0189,0.0158489,0.0251189,0.845,0.8,0.9,0.449,0.4,0.5,3390.0,38.5,0.0,1.0,True,0.01,0.95,10.0,39600.0,0.938,0.139
5587,1 - 1 - 2022,19800.0,2.147091055358389,1.7782800679308082,2.3713730200033902,0.0192,0.0158489,0.0251189,0.851,0.8,0.9,0.534,0.5,0.6,3000.0,36.3,0.0,1.0,True,0.01,0.95,10.0,39600.0,0.938,0.139
5588,1 - 1 - 2022,19800.0,2.2045407685048604,1.7782800679308082,2.3713730200033902,0.0194,0.0158489,0.0251189,0.843,0.8,0.9,0.645,0.6,0.7,1350.0,24.4,0.0,1.0,True,0.01,0.95,10.0,39600.0,0.938,0.139
5589,1 - 1 - 2022,19800.0,2.147091055358389,1.7782800679308082,2.3713730200033902,0.0192,0.0158489,0.0251189,0.842,0.8,0.9,0.742,0.7,0.8,1740.0,27.6,0.0,1.0,True,0.01,0.95,10.0,39600.0,0.938,0.139
5590,1 - 1 - 2022,19800.0,2.147091055358389,1.7782800679308082,2.3713730200033902,0.0184,0.0158489,0.0251189,0.852,0.8,0.9,0.843,0.8,0.9,774.0,18.4,0.0,1.0,True,0.01,0.95,10.0,39600.0,0.938,0.139
5591,1 - 1 - 2022,19800.0,2.238302928559939,1.7782800679308082,2.3713730200033902,0.0195,0.0158489,0.0251189,0.822,0.8,0.9,0.966,0.9,1.0,484.0,14.6,0.0,1.0,True,0.01,0.95,10.0,39600.0,0.938,0.139
5592,1 - 1 - 2022,19800.0,2.1400934559032696,1.7782800679308082,2.3713730200033902,0.018,0.0158489,0.0251189,0.826,0.8,0.9,1.13,1.0,1.5,135.0,3.45,0.0,1.0,True,0.01,0.95,10.0,39600.0,0.938,0.139
5593,1 - 1 - 2022,19800.0,2.2781571499789037,1.7782800679308082,2.3713730200033902,0.0178,0.0158489,0.0251189,0.935,0.9,1.0,0.0793,0.05,0.1,193.0,13.0,0.0,1.0,True,0.01,0.95,10.0,39600.0,0.938,0.139
5594,1 - 1 - 2022,19800.0,2.0615528128088303,1.7782800679308082,2.3713730200033902,0.0179,0.0158489,0.0251189,0.924,0.9,1.0,0.16,0.1,0.2,580.0,15.9,0.0,1.0,True,0.01,0.95,10.0,39600.0,0.938,0.139
5595,1 - 1 - 2022,19800.0,2.08806130178211,1.7782800679308082,2.3713730200033902,0.0192,0.0158489,0.0251189,0.927,0.9,1.0,0.253,0.2,0.3,1160.0,22.6,0.0,1.0,True,0.01,0.95,10.0,39600.0,0.938,0.139
5596,1 - 1 - 2022,19800.0,2.16794833886788,1.7782800679308082,2.3713730200033902,0.0201,0.0158489,0.0251189,0.925,0.9,1.0,0.359,0.3,0.4,1260.0,23.5,0.0,1.0,True,0.01,0.95,10.0,39600.0,0.938,0.139
5597,1 - 1 - 2022,19800.0,2.1540659228538015,1.7782800679308082,2.3713730200033902,0.0193,0.0158489,0.0251189,0.926,0.9,1.0,0.446,0.4,0.5,1160.0,22.6,0.0,1.0,True,0.01,0.95,10.0,39600.0,0.938,0.139
5598,1 - 1 - 2022,19800.0,2.12367605815953,1.7782800679308082,2.3713730200033902,0.0184,0.0158489,0.0251189,0.933,0.9,1.0,0.547,0.5,0.6,774.0,18.4,0.0,1.0,True,0.01,0.95,10.0,39600.0,0.938,0.139
5599,1 - 1 - 2022,19800.0,2.1840329667841556,1.7782800679308082,2.3713730200033902,0.0199,0.0158489,0.0251189,0.922,0.9,1.0,0.649,0.6,0.7,968.0,20.6,0.0,1.0,True,0.01,0.95,10.0,39600.0,0.938,0.139
5600,1 - 1 - 2022,19800.0,2.0760539492026693,1.7782800679308082,2.3713730200033902,0.0186,0.0158489,0.0251189,0.931,0.9,1.0,0.745,0.7,0.8,194.0,9.21,0.0,1.0,True,0.01,0.95,10.0,39600.0,0.938,0.139
5601,1 - 1 - 2022,19800.0,2.118962010041709,1.7782800679308082,2.3713730200033902,0.0195,0.0158489,0.0251189,0.919,0.9,1.0,0.832,0.8,0.9,387.0,13.0,0.0,1.0,True,0.01,0.95,10.0,39600.0,0.938,0.139
5602,1 - 1 - 2022,19800.0,2.0420577856662137,1.7782800679308082,2.3713730200033902,0.0208,0.0158489,0.0251189,0.927,0.9,1.0,0.927,0.9,1.0,96.8,6.51,0.0,1.0,True,0.01,0.95,10.0,39600.0,0.938,0.139
5603,1 - 1 - 2022,19800.0,2.1633307652783933,1.7782800679308082,2.3713730200033902,0.018,0.0158489,0.0251189,0.917,0.9,1.0,1.29,1.0,1.5,58.1,2.26,0.0,1.0,True,0.01,0.95,10.0,39600.0,0.938,0.139
5604,1 - 1 - 2022,19800.0,2.32379000772445,1.7782800679308082,2.3713730200033902,0.0263,0.0251189,0.0398107,0.0846,0.05,0.1,0.0831,0.05,0.1,1710.0,43.5,1470.0,1.0,True,0.01,0.95,10.0,39600.0,0.938,0.139
5605,1 - 1 - 2022,19800.0,2.3345235059857505,1.7782800679308082,2.3713730200033902,0.0261,0.0251189,0.0398107,0.0792,0.05,0.1,0.155,0.1,0.2,3300.0,42.7,2320.0,1.0,True,0.01,0.95,10.0,39600.0,0.938,0.139
5606,1 - 1 - 2022,19800.0,2.32379000772445,1.7782800679308082,2.3713730200033902,0.0261,0.0251189,0.0398107,0.0773,0.05,0.1,0.254,0.2,0.3,5490.0,55.1,3790.0,1.0,True,0.01,0.95,10.0,39600.0,0.938,0.139
5607,1 - 1 - 2022,19800.0,2.328089345364563,1.7782800679308082,2.3713730200033902,0.0263,0.0251189,0.0398107,0.0755,0.05,0.1,0.35,0.3,0.4,6350.0,59.3,4520.0,1.0,True,0.01,0.95,10.0,39600.0,0.938,0.139
5608,1 - 1 - 2022,19800.0,2.328089345364563,1.7782800679308082,2.3713730200033902,0.0263,0.0251189,0.0398107,0.0739,0.05,0.1,0.447,0.4,0.5,7330.0,63.7,5490.0,1.0,True,0.01,0.95,10.0,39600.0,0.938,0.139
5609,1 - 1 - 2022,19800.0,2.3302360395462087,1.7782800679308082,2.3713730200033902,0.0261,0.0251189,0.0398107,0.0731,0.05,0.1,0.547,0.5,0.6,4400.0,49.3,3170.0,1.0,True,0.01,0.95,10.0,39600.0,0.938,0.139
5610,1 - 1 - 2022,19800.0,2.3345235059857505,1.7782800679308082,2.3713730200033902,0.0264,0.0251189,0.0398107,0.0727,0.05,0.1,0.649,0.6,0.7,3540.0,44.3,2690.0,1.0,True,0.01,0.95,10.0,39600.0,0.938,0.139
5611,1 - 1 - 2022,19800.0,2.3345235059857505,1.7782800679308082,2.3713730200033902,0.026,0.0251189,0.0398107,0.0734,0.05,0.1,0.751,0.7,0.8,1710.0,30.7,1470.0,1.0,True,0.01,0.95,10.0,39600.0,0.938,0.139
5612,1 - 1 - 2022,19800.0,2.32379000772445,1.7782800679308082,2.3713730200033902,0.026,0.0251189,0.0398107,0.0776,0.05,0.1,0.843,0.8,0.9,1100.0,24.7,855.0,1.0,True,0.01,0.95,10.0,39600.0,0.938,0.139
5613,1 - 1 - 2022,19800.0,2.3366642891095846,1.7782800679308082,2.3713730200033902,0.0261,0.0251189,0.0398107,0.133,0.1,0.15,0.0327,0.0,0.05,733.0,28.5,244.0,1.0,True,0.01,0.95,10.0,39600.0,0.938,0.139
5614,1 - 1 - 2022,19800.0,2.3388031127052997,1.7782800679308082,2.3713730200033902,0.0265,0.0251189,0.0398107,0.126,0.1,0.15,0.0823,0.05,0.1,1710.0,43.5,244.0,1.0,True,0.01,0.95,10.0,39600.0,0.938,0.139
5615,1 - 1 - 2022,19800.0,2.32163735324878,1.7782800679308082,2.3713730200033902,0.0263,0.0251189,0.0398107,0.125,0.1,0.15,0.157,0.1,0.2,5010.0,52.6,488.0,1.0,True,0.01,0.95,10.0,39600.0,0.938,0.139
5616,1 - 1 - 2022,19800.0,2.32163735324878,1.7782800679308082,2.3713730200033902,0.0262,0.0251189,0.0398107,0.128,0.1,0.15,0.249,0.2,0.3,5980.0,57.5,855.0,1.0,True,0.01,0.95,10.0,39600.0,0.938,0.139
5617,1 - 1 - 2022,19800.0,2.3151673805580453,1.7782800679308082,2.3713730200033902,0.0261,0.0251189,0.0398107,0.127,0.1,0.15,0.349,0.3,0.4,4030.0,47.2,733.0,1.0,True,0.01,0.95,10.0,39600.0,0.938,0.139
5618,1 - 1 - 2022,19800.0,2.3259406699226015,1.7782800679308082,2.3713730200033902,0.0262,0.0251189,0.0398107,0.12,0.1,0.15,0.453,0.4,0.5,4640.0,50.7,244.0,1.0,True,0.01,0.95,10.0,39600.0,0.938,0.139
5619,1 - 1 - 2022,19800.0,2.3259406699226015,1.7782800679308082,2.3713730200033902,0.0262,0.0251189,0.0398107,0.126,0.1,0.15,0.55,0.5,0.6,3910.0,46.5,0.0,1.0,True,0.01,0.95,10.0,39600.0,0.938,0.139
5620,1 - 1 - 2022,19800.0,2.32163735324878,1.7782800679308082,2.3713730200033902,0.0262,0.0251189,0.0398107,0.12,0.1,0.15,0.647,0.6,0.7,2690.0,38.5,0.0,1.0,True,0.01,0.95,10.0,39600.0,0.938,0.139
5621,1 - 1 - 2022,19800.0,2.3173260452512934,1.7782800679308082,2.3713730200033902,0.0263,0.0251189,0.0398107,0.125,0.1,0.15,0.739,0.7,0.8,2320.0,35.8,0.0326,1.0,True,0.01,0.95,10.0,39600.0,0.938,0.139
5622,1 - 1 - 2022,19800.0,2.3173260452512934,1.7782800679308082,2.3713730200033902,0.0262,0.0251189,0.0398107,0.122,0.1,0.15,0.852,0.8,0.9,1220.0,26.0,0.0359,1.0,True,0.01,0.95,10.0,39600.0,0.938,0.139
5623,1 - 1 - 2022,19800.0,2.3388031127052997,1.7782800679308082,2.3713730200033902,0.0266,0.0251189,0.0398107,0.133,0.1,0.15,0.961,0.9,1.0,610.0,18.4,122.0,1.0,True,0.01,0.95,10.0,39600.0,0.938,0.139
5624,1 - 1 - 2022,19800.0,2.328089345364563,1.7782800679308082,2.3713730200033902,0.026,0.0251189,0.0398107,0.135,0.1,0.15,1.18,1.0,1.5,244.0,5.2,24.4,1.0,True,0.01,0.95,10.0,39600.0,0.938,0.139
5625,1 - 1 - 2022,19800.0,2.2825424421026654,1.7782800679308082,2.3713730200033902,0.0252,0.0251189,0.0398107,0.17,0.15,0.2,0.0297,0.0,0.05,244.0,16.4,0.0,1.0,True,0.01,0.95,10.0,39600.0,0.938,0.139
5626,1 - 1 - 2022,19800.0,2.3430749027719964,1.7782800679308082,2.3713730200033902,0.0269,0.0251189,0.0398107,0.169,0.15,0.2,0.0722,0.05,0.1,1470.0,40.3,0.0,1.0,True,0.01,0.95,10.0,39600.0,0.938,0.139
5627,1 - 1 - 2022,19800.0,2.3130067012440754,1.7782800679308082,2.3713730200033902,0.0261,0.0251189,0.0398107,0.168,0.15,0.2,0.142,0.1,0.2,2930.0,40.3,244.0,1.0,True,0.01,0.95,10.0,39600.0,0.938,0.139
5628,1 - 1 - 2022,19800.0,2.3065125189341593,1.7782800679308082,2.3713730200033902,0.0261,0.0251189,0.0398107,0.17,0.15,0.2,0.251,0.2,0.3,2810.0,39.4,122.0,1.0,True,0.01,0.95,10.0,39600.0,0.938,0.139
5629,1 - 1 - 2022,19800.0,2.3173260452512934,1.7782800679308082,2.3713730200033902,0.0262,0.0251189,0.0398107,0.173,0.15,0.2,0.339,0.3,0.4,2930.0,40.3,244.0,1.0,True,0.01,0.95,10.0,39600.0,0.938,0.139
5630,1 - 1 - 2022,19800.0,2.3151673805580453,1.7782800679308082,2.3713730200033902,0.0259,0.0251189,0.0398107,0.175,0.15,0.2,0.456,0.4,0.5,2690.0,38.5,0.0277,1.0,True,0.01,0.95,10.0,39600.0,0.938,0.139
5631,1 - 1 - 2022,19800.0,2.3323807579381204,1.7782800679308082,2.3713730200033902,0.0263,0.0251189,0.0398107,0.173,0.15,0.2,0.539,0.5,0.6,2440.0,36.8,0.0,1.0,True,0.01,0.95,10.0,39600.0,0.938,0.139
5632,1 - 1 - 2022,19800.0,2.3194827009486403,1.7782800679308082,2.3713730200033902,0.0261,0.0251189,0.0398107,0.179,0.15,0.2,0.66,0.6,0.7,1340.0,27.3,0.0,1.0,True,0.01,0.95,10.0,39600.0,0.938,0.139
5633,1 - 1 - 2022,19800.0,2.32379000772445,1.7782800679308082,2.3713730200033902,0.0257,0.0251189,0.0398107,0.169,0.15,0.2,0.741,0.7,0.8,855.0,21.7,0.0,1.0,True,0.01,0.95,10.0,39600.0,0.938,0.139
5634,1 - 1 - 2022,19800.0,2.3021728866442674,1.7782800679308082,2.3713730200033902,0.0258,0.0251189,0.0398107,0.18,0.15,0.2,0.867,0.8,0.9,488.0,16.4,0.0,1.0,True,0.01,0.95,10.0,39600.0,0.938,0.139
5635,1 - 1 - 2022,19800.0,2.3,1.7782800679308082,2.3713730200033902,0.0257,0.0251189,0.0398107,0.171,0.15,0.2,0.949,0.9,1.0,366.0,14.2,0.0,1.0,True,0.01,0.95,10.0,39600.0,0.938,0.139
5636,1 - 1 - 2022,19800.0,2.3323807579381204,1.7782800679308082,2.3713730200033902,0.0263,0.0251189,0.0398107,0.179,0.15,0.2,1.19,1.0,1.5,342.0,6.15,0.0,1.0,True,0.01,0.95,10.0,39600.0,0.938,0.139
5637,1 - 1 - 2022,19800.0,2.2759613353482084,1.7782800679308082,2.3713730200033902,0.0258,0.0251189,0.0398107,0.176,0.15,0.2,1.64,1.5,2.0,48.8,2.32,0.0,1.0,True,0.01,0.95,10.0,39600.0,0.938,0.139
5638,1 - 1 - 2022,19800.0,2.345207879911715,1.7782800679308082,2.3713730200033902,0.0266,0.0251189,0.0398107,0.228,0.2,0.25,0.0322,0.0,0.05,733.0,28.5,0.0,1.0,True,0.01,0.95,10.0,39600.0,0.938,0.139
5639,1 - 1 - 2022,19800.0,2.295648056649799,1.7782800679308082,2.3713730200033902,0.0262,0.0251189,0.0398107,0.22,0.2,0.25,0.0894,0.05,0.1,977.0,32.9,0.0,1.0,True,0.01,0.95,10.0,39600.0,0.938,0.139
5640,1 - 1 - 2022,19800.0,2.3323807579381204,1.7782800679308082,2.3713730200033902,0.0262,0.0251189,0.0398107,0.226,0.2,0.25,0.162,0.1,0.2,1830.0,31.8,0.0,1.0,True,0.01,0.95,10.0,39600.0,0.938,0.139
5641,1 - 1 - 2022,19800.0,2.3173260452512934,1.7782800679308082,2.3713730200033902,0.0261,0.0251189,0.0398107,0.216,0.2,0.25,0.24,0.2,0.3,1710.0,30.7,0.0,1.0,True,0.01,0.95,10.0,39600.0,0.938,0.139
5642,1 - 1 - 2022,19800.0,2.3345235059857505,1.7782800679308082,2.3713730200033902,0.0263,0.0251189,0.0398107,0.227,0.2,0.25,0.359,0.3,0.4,1830.0,31.8,0.0,1.0,True,0.01,0.95,10.0,39600.0,0.938,0.139
5643,1 - 1 - 2022,19800.0,2.328089345364563,1.7782800679308082,2.3713730200033902,0.0262,0.0251189,0.0398107,0.226,0.2,0.25,0.438,0.4,0.5,2320.0,35.8,122.0,1.0,True,0.01,0.95,10.0,39600.0,0.938,0.139
5644,1 - 1 - 2022,19800.0,2.3108440016582685,1.7782800679308082,2.3713730200033902,0.0263,0.0251189,0.0398107,0.225,0.2,0.25,0.56,0.5,0.6,1710.0,30.7,122.0,1.0,True,0.01,0.95,10.0,39600.0,0.938,0.139
5645,1 - 1 - 2022,19800.0,2.328089345364563,1.7782800679308082,2.3713730200033902,0.0259,0.0251189,0.0398107,0.226,0.2,0.25,0.633,0.6,0.7,1340.0,27.3,244.0,1.0,True,0.01,0.95,10.0,39600.0,0.938,0.139
5646,1 - 1 - 2022,19800.0,2.3366642891095846,1.7782800679308082,2.3713730200033902,0.0264,0.0251189,0.0398107,0.225,0.2,0.25,0.744,0.7,0.8,855.0,21.7,0.0,1.0,True,0.01,0.95,10.0,39600.0,0.938,0.139
5647,1 - 1 - 2022,19800.0,2.3259406699226015,1.7782800679308082,2.3713730200033902,0.0258,0.0251189,0.0398107,0.222,0.2,0.25,0.836,0.8,0.9,1100.0,24.7,0.0,1.0,True,0.01,0.95,10.0,39600.0,0.938,0.139
5648,1 - 1 - 2022,19800.0,2.2978250586152114,1.7782800679308082,2.3713730200033902,0.026,0.0251189,0.0398107,0.228,0.2,0.25,0.95,0.9,1.0,611.0,18.4,0.0,1.0,True,0.01,0.95,10.0,39600.0,0.938,0.139
5649,1 - 1 - 2022,19800.0,2.293468988235943,1.7782800679308082,2.3713730200033902,0.0258,0.0251189,0.0398107,0.218,0.2,0.25,1.12,1.0,1.5,48.9,2.33,0.0,1.0,True,0.01,0.95,10.0,39600.0,0.938,0.139
5650,1 - 1 - 2022,19800.0,2.238302928559939,1.7782800679308082,2.3713730200033902,0.0251,0.0158489,0.0251189,0.234,0.2,0.25,1.58,1.5,2.0,24.4,1.64,0.0,1.0,True,0.01,0.95,10.0,39600.0,0.938,0.139
5651,1 - 1 - 2022,19800.0,2.2737634001804143,1.7782800679308082,2.3713730200033902,0.0258,0.0251189,0.0398107,0.282,0.25,0.3,0.0761,0.05,0.1,488.0,23.2,0.0,1.0,True,0.01,0.95,10.0,39600.0,0.938,0.139
5652,1 - 1 - 2022,19800.0,2.3151673805580453,1.7782800679308082,2.3713730200033902,0.0261,0.0251189,0.0398107,0.278,0.25,0.3,0.158,0.1,0.2,977.0,23.2,0.0,1.0,True,0.01,0.95,10.0,39600.0,0.938,0.139
5653,1 - 1 - 2022,19800.0,2.3086792761230392,1.7782800679308082,2.3713730200033902,0.0259,0.0251189,0.0398107,0.279,0.25,0.3,0.259,0.2,0.3,1470.0,28.5,0.0,1.0,True,0.01,0.95,10.0,39600.0,0.938,0.139
5654,1 - 1 - 2022,19800.0,2.328089345364563,1.7782800679308082,2.3713730200033902,0.0262,0.0251189,0.0398107,0.283,0.25,0.3,0.371,0.3,0.4,488.0,16.4,0.0,1.0,True,0.01,0.95,10.0,39600.0,0.938,0.139
5655,1 - 1 - 2022,19800.0,2.3259406699226015,1.7782800679308082,2.3713730200033902,0.0261,0.0251189,0.0398107,0.273,0.25,0.3,0.453,0.4,0.5,2200.0,34.9,0.0,1.0,True,0.01,0.95,10.0,39600.0,0.938,0.139
5656,1 - 1 - 2022,19800.0,2.32163735324878,1.7782800679308082,2.3713730200033902,0.0262,0.0251189,0.0398107,0.28,0.25,0.3,0.536,0.5,0.6,1220.0,26.0,0.0,1.0,True,0.01,0.95,10.0,39600.0,0.938,0.139
5657,1 - 1 - 2022,19800.0,2.3086792761230392,1.7782800679308082,2.3713730200033902,0.0259,0.0251189,0.0398107,0.269,0.25,0.3,0.653,0.6,0.7,1590.0,29.6,122.0,1.0,True,0.01,0.95,10.0,39600.0,0.938,0.139
5658,1 - 1 - 2022,19800.0,2.3151673805580453,1.7782800679308082,2.3713730200033902,0.026,0.0251189,0.0398107,0.273,0.25,0.3,0.748,0.7,0.8,855.0,21.7,122.0,1.0,True,0.01,0.95,10.0,39600.0,0.938,0.139
5659,1 - 1 - 2022,19800.0,2.3366642891095846,1.7782800679308082,2.3713730200033902,0.0264,0.0251189,0.0398107,0.274,0.25,0.3,0.844,0.8,0.9,855.0,21.7,0.0,1.0,True,0.01,0.95,10.0,39600.0,0.938,0.139
5660,1 - 1 - 2022,19800.0,2.3173260452512934,1.7782800679308082,2.3713730200033902,0.026,0.0251189,0.0398107,0.287,0.25,0.3,0.961,0.9,1.0,488.0,16.4,0.0,1.0,True,0.01,0.95,10.0,39600.0,0.938,0.139
5661,1 - 1 - 2022,19800.0,2.3173260452512934,1.7782800679308082,2.3713730200033902,0.026,0.0251189,0.0398107,0.275,0.25,0.3,1.12,1.0,1.5,73.3,2.85,0.0,1.0,True,0.01,0.95,10.0,39600.0,0.938,0.139
5662,1 - 1 - 2022,19800.0,2.3086792761230392,1.7782800679308082,2.3713730200033902,0.0264,0.0251189,0.0398107,0.356,0.3,0.4,0.0797,0.05,0.1,733.0,20.1,0.0,1.0,True,0.01,0.95,10.0,39600.0,0.938,0.139
5663,1 - 1 - 2022,19800.0,2.3108440016582685,1.7782800679308082,2.3713730200033902,0.0259,0.0251189,0.0398107,0.347,0.3,0.4,0.144,0.1,0.2,794.0,14.8,61.1,1.0,True,0.01,0.95,10.0,39600.0,0.938,0.139
5664,1 - 1 - 2022,19800.0,2.3194827009486403,1.7782800679308082,2.3713730200033902,0.0261,0.0251189,0.0398107,0.35,0.3,0.4,0.236,0.2,0.3,977.0,16.4,0.0,1.0,True,0.01,0.95,10.0,39600.0,0.938,0.139
5665,1 - 1 - 2022,19800.0,2.3173260452512934,1.7782800679308082,2.3713730200033902,0.026,0.0251189,0.0398107,0.353,0.3,0.4,0.353,0.3,0.4,916.0,15.9,61.0,1.0,True,0.01,0.95,10.0,39600.0,0.938,0.139
5666,1 - 1 - 2022,19800.0,2.3259406699226015,1.7782800679308082,2.3713730200033902,0.0259,0.0251189,0.0398107,0.34,0.3,0.4,0.447,0.4,0.5,794.0,14.8,61.0,1.0,True,0.01,0.95,10.0,39600.0,0.938,0.139
5667,1 - 1 - 2022,19800.0,2.3345235059857505,1.7782800679308082,2.3713730200033902,0.0263,0.0251189,0.0398107,0.345,0.3,0.4,0.553,0.5,0.6,1340.0,19.3,244.0,1.0,True,0.01,0.95,10.0,39600.0,0.938,0.139
5668,1 - 1 - 2022,19800.0,2.3388031127052997,1.7782800679308082,2.3713730200033902,0.026,0.0251189,0.0398107,0.34,0.3,0.4,0.653,0.6,0.7,610.0,13.0,0.0,1.0,True,0.01,0.95,10.0,39600.0,0.938,0.139
5669,1 - 1 - 2022,19800.0,2.3151673805580453,1.7782800679308082,2.3713730200033902,0.0258,0.0251189,0.0398107,0.342,0.3,0.4,0.75,0.7,0.8,610.0,13.0,61.1,1.0,True,0.01,0.95,10.0,39600.0,0.938,0.139
5670,1 - 1 - 2022,19800.0,2.3259406699226015,1.7782800679308082,2.3713730200033902,0.0262,0.0251189,0.0398107,0.351,0.3,0.4,0.837,0.8,0.9,549.0,12.3,61.1,1.0,True,0.01,0.95,10.0,39600.0,0.938,0.139
5671,1 - 1 - 2022,19800.0,2.3345235059857505,1.7782800679308082,2.3713730200033902,0.0261,0.0251189,0.0398107,0.357,0.3,0.4,0.936,0.9,1.0,305.0,9.19,61.1,1.0,True,0.01,0.95,10.0,39600.0,0.938,0.139
5672,1 - 1 - 2022,19800.0,2.3323807579381204,1.7782800679308082,2.3713730200033902,0.0267,0.0251189,0.0398107,0.374,0.3,0.4,1.18,1.0,1.5,110.0,2.47,0.0,1.0,True,0.01,0.95,10.0,39600.0,0.938,0.139
5673,1 - 1 - 2022,19800.0,2.3622023622035435,1.7782800679308082,2.3713730200033902,0.0255,0.0251189,0.0398107,0.346,0.3,0.4,1.68,1.5,2.0,12.2,0.822,0.0,1.0,True,0.01,0.95,10.0,39600.0,0.938,0.139
5674,1 - 1 - 2022,19800.0,2.3302360395462087,1.7782800679308082,2.3713730200033902,0.0259,0.0251189,0.0398107,0.475,0.4,0.5,0.0795,0.05,0.1,488.0,16.4,0.0,1.0,True,0.01,0.95,10.0,39600.0,0.938,0.139
5675,1 - 1 - 2022,19800.0,2.328089345364563,1.7782800679308082,2.3713730200033902,0.0261,0.0251189,0.0398107,0.436,0.4,0.5,0.156,0.1,0.2,549.0,12.3,0.0,1.0,True,0.01,0.95,10.0,39600.0,0.938,0.139
5676,1 - 1 - 2022,19800.0,2.3366642891095846,1.7782800679308082,2.3713730200033902,0.0262,0.0251189,0.0398107,0.443,0.4,0.5,0.251,0.2,0.3,1040.0,16.9,61.0,1.0,True,0.01,0.95,10.0,39600.0,0.938,0.139
5677,1 - 1 - 2022,19800.0,2.3108440016582685,1.7782800679308082,2.3713730200033902,0.0257,0.0251189,0.0398107,0.444,0.4,0.5,0.331,0.3,0.4,183.0,7.12,0.0,1.0,True,0.01,0.95,10.0,39600.0,0.938,0.139
5678,1 - 1 - 2022,19800.0,2.3108440016582685,1.7782800679308082,2.3713730200033902,0.0263,0.0251189,0.0398107,0.449,0.4,0.5,0.443,0.4,0.5,427.0,10.9,0.0,1.0,True,0.01,0.95,10.0,39600.0,0.938,0.139
5679,1 - 1 - 2022,19800.0,2.3194827009486403,1.7782800679308082,2.3713730200033902,0.0257,0.0251189,0.0398107,0.452,0.4,0.5,0.545,0.5,0.6,244.0,8.22,0.0,1.0,True,0.01,0.95,10.0,39600.0,0.938,0.139
5680,1 - 1 - 2022,19800.0,2.3130067012440754,1.7782800679308082,2.3713730200033902,0.0264,0.0251189,0.0398107,0.444,0.4,0.5,0.642,0.6,0.7,305.0,9.19,61.0,1.0,True,0.01,0.95,10.0,39600.0,0.938,0.139
5681,1 - 1 - 2022,19800.0,2.3194827009486403,1.7782800679308082,2.3713730200033902,0.0263,0.0251189,0.0398107,0.446,0.4,0.5,0.751,0.7,0.8,244.0,8.22,0.00354,1.0,True,0.01,0.95,10.0,39600.0,0.938,0.139
5682,1 - 1 - 2022,19800.0,2.3515952032609695,1.7782800679308082,2.3713730200033902,0.0264,0.0251189,0.0398107,0.424,0.4,0.5,0.876,0.8,0.9,183.0,7.12,0.0,1.0,True,0.01,0.95,10.0,39600.0,0.938,0.139
5683,1 - 1 - 2022,19800.0,2.355843797877949,1.7782800679308082,2.3713730200033902,0.0269,0.0251189,0.0398107,0.495,0.4,0.5,0.93,0.9,1.0,61.0,4.11,0.0,1.0,True,0.01,0.95,10.0,39600.0,0.938,0.139
5684,1 - 1 - 2022,19800.0,2.3345235059857505,1.7782800679308082,2.3713730200033902,0.026,0.0251189,0.0398107,0.469,0.4,0.5,1.3,1.0,1.5,61.0,1.84,0.0,1.0,True,0.01,0.95,10.0,39600.0,0.938,0.139
5685,1 - 1 - 2022,19800.0,2.3086792761230392,1.7782800679308082,2.3713730200033902,0.0264,0.0251189,0.0398107,0.44,0.4,0.5,1.87,1.5,2.0,12.2,0.822,0.0,1.0,True,0.01,0.95,10.0,39600.0,0.938,0.139
5686,1 - 1 - 2022,19800.0,2.340939982143925,1.7782800679308082,2.3713730200033902,0.0266,0.0251189,0.0398107,0.538,0.5,0.6,0.128,0.1,0.2,366.0,10.1,0.0,1.0,True,0.01,0.95,10.0,39600.0,0.938,0.139
5687,1 - 1 - 2022,19800.0,2.345207879911715,1.7782800679308082,2.3713730200033902,0.027,0.0251189,0.0398107,0.536,0.5,0.6,0.255,0.2,0.3,305.0,9.19,0.0,1.0,True,0.01,0.95,10.0,39600.0,0.938,0.139
5688,1 - 1 - 2022,19800.0,2.328089345364563,1.7782800679308082,2.3713730200033902,0.0258,0.0251189,0.0398107,0.549,0.5,0.6,0.356,0.3,0.4,855.0,15.4,0.0,1.0,True,0.01,0.95,10.0,39600.0,0.938,0.139
5689,1 - 1 - 2022,19800.0,2.3515952032609695,1.7782800679308082,2.3713730200033902,0.0274,0.0251189,0.0398107,0.572,0.5,0.6,0.439,0.4,0.5,305.0,9.19,0.0,1.0,True,0.01,0.95,10.0,39600.0,0.938,0.139
5690,1 - 1 - 2022,19800.0,2.3366642891095846,1.7782800679308082,2.3713730200033902,0.0262,0.0251189,0.0398107,0.525,0.5,0.6,0.539,0.5,0.6,366.0,10.1,0.0,1.0,True,0.01,0.95,10.0,39600.0,0.938,0.139
5691,1 - 1 - 2022,19800.0,2.3021728866442674,1.7782800679308082,2.3713730200033902,0.0257,0.0251189,0.0398107,0.534,0.5,0.6,0.647,0.6,0.7,183.0,7.12,0.0,1.0,True,0.01,0.95,10.0,39600.0,0.938,0.139
5692,1 - 1 - 2022,19800.0,2.3345235059857505,1.7782800679308082,2.3713730200033902,0.0266,0.0251189,0.0398107,0.525,0.5,0.6,0.737,0.7,0.8,244.0,8.22,0.0,1.0,True,0.01,0.95,10.0,39600.0,0.938,0.139
5693,1 - 1 - 2022,19800.0,2.3473389188611002,1.7782800679308082,2.3713730200033902,0.0262,0.0251189,0.0398107,0.534,0.5,0.6,0.835,0.8,0.9,366.0,10.1,61.0,1.0,True,0.01,0.95,10.0,39600.0,0.938,0.139
5694,1 - 1 - 2022,19800.0,2.3366642891095846,1.7782800679308082,2.3713730200033902,0.0267,0.0251189,0.0398107,0.554,0.5,0.6,1.1,1.0,1.5,24.4,1.16,0.0,1.0,True,0.01,0.95,10.0,39600.0,0.938,0.139
5695,1 - 1 - 2022,19800.0,2.353720459187964,1.7782800679308082,2.3713730200033902,0.0275,0.0251189,0.0398107,0.624,0.6,0.7,0.081,0.05,0.1,244.0,11.6,0.0,1.0,True,0.01,0.95,10.0,39600.0,0.938,0.139
5696,1 - 1 - 2022,19800.0,2.340939982143925,1.7782800679308082,2.3713730200033902,0.0261,0.0251189,0.0398107,0.607,0.6,0.7,0.15,0.1,0.2,61.0,4.11,0.0,1.0,True,0.01,0.95,10.0,39600.0,0.938,0.139
5697,1 - 1 - 2022,19800.0,2.2869193252058544,1.7782800679308082,2.3713730200033902,0.0258,0.0251189,0.0398107,0.634,0.6,0.7,0.256,0.2,0.3,122.0,5.81,0.0,1.0,True,0.01,0.95,10.0,39600.0,0.938,0.139
5698,1 - 1 - 2022,19800.0,2.328089345364563,1.7782800679308082,2.3713730200033902,0.0255,0.0251189,0.0398107,0.64,0.6,0.7,0.366,0.3,0.4,183.0,7.12,0.0,1.0,True,0.01,0.95,10.0,39600.0,0.938,0.139
5699,1 - 1 - 2022,19800.0,2.3043437243605824,1.7782800679308082,2.3713730200033902,0.0255,0.0251189,0.0398107,0.61,0.6,0.7,0.567,0.5,0.6,61.1,4.11,0.0,1.0,True,0.01,0.95,10.0,39600.0,0.938,0.139
5700,1 - 1 - 2022,19800.0,2.3043437243605824,1.7782800679308082,2.3713730200033902,0.0265,0.0251189,0.0398107,0.636,0.6,0.7,0.617,0.6,0.7,122.0,5.81,0.0,1.0,True,0.01,0.95,10.0,39600.0,0.938,0.139
5701,1 - 1 - 2022,19800.0,2.3706539182259396,1.7782800679308082,2.3713730200033902,0.0265,0.0251189,0.0398107,0.622,0.6,0.7,0.747,0.7,0.8,61.1,4.11,0.0,1.0,True,0.01,0.95,10.0,39600.0,0.938,0.139
5702,1 - 1 - 2022,19800.0,2.3323807579381204,1.7782800679308082,2.3713730200033902,0.026,0.0251189,0.0398107,0.647,0.6,0.7,0.872,0.8,0.9,122.0,5.81,0.0,1.0,True,0.01,0.95,10.0,39600.0,0.938,0.139
5703,1 - 1 - 2022,19800.0,2.258317958127243,1.7782800679308082,2.3713730200033902,0.0255,0.0251189,0.0398107,0.621,0.6,0.7,0.975,0.9,1.0,61.1,4.11,0.0,1.0,True,0.01,0.95,10.0,39600.0,0.938,0.139
5704,1 - 1 - 2022,19800.0,2.3366642891095846,1.7782800679308082,2.3713730200033902,0.0272,0.0251189,0.0398107,0.648,0.6,0.7,1.06,1.0,1.5,24.4,1.16,0.0,1.0,True,0.01,0.95,10.0,39600.0,0.938,0.139
5705,1 - 1 - 2022,19800.0,2.29128784747792,1.7782800679308082,2.3713730200033902,0.0252,0.0251189,0.0398107,0.794,0.7,0.8,0.135,0.1,0.2,61.0,4.11,0.0,1.0,True,0.01,0.95,10.0,39600.0,0.938,0.139
5706,1 - 1 - 2022,19800.0,2.3622023622035435,1.7782800679308082,2.3713730200033902,0.0254,0.0251189,0.0398107,0.713,0.7,0.8,0.347,0.3,0.4,61.1,4.11,0.0,1.0,True,0.01,0.95,10.0,39600.0,0.938,0.139
5707,1 - 1 - 2022,19800.0,2.3345235059857505,1.7782800679308082,2.3713730200033902,0.0261,0.0251189,0.0398107,0.711,0.7,0.8,0.643,0.6,0.7,122.0,5.81,0.0,1.0,True,0.01,0.95,10.0,39600.0,0.938,0.139
5708,1 - 1 - 2022,19800.0,2.3366642891095846,1.7782800679308082,2.3713730200033902,0.026,0.0251189,0.0398107,0.726,0.7,0.8,0.87,0.8,0.9,61.0,4.11,0.0,1.0,True,0.01,0.95,10.0,39600.0,0.938,0.139
5709,1 - 1 - 2022,19800.0,2.2869193252058544,1.7782800679308082,2.3713730200033902,0.0252,0.0251189,0.0398107,0.736,0.7,0.8,1.02,1.0,1.5,12.2,0.822,0.0,1.0,True,0.01,0.95,10.0,39600.0,0.938,0.139
5710,1 - 1 - 2022,19800.0,2.360084744241189,1.7782800679308082,2.3713730200033902,0.0262,0.0251189,0.0398107,0.821,0.8,0.9,0.234,0.2,0.3,61.1,4.11,0.0,1.0,True,0.01,0.95,10.0,39600.0,0.938,0.139
5711,1 - 1 - 2022,19800.0,2.32163735324878,1.7782800679308082,2.3713730200033902,0.0253,0.0251189,0.0398107,0.813,0.8,0.9,0.487,0.4,0.5,122.0,5.81,0.0,1.0,True,0.01,0.95,10.0,39600.0,0.938,0.139
5712,1 - 1 - 2022,19800.0,2.355843797877949,1.7782800679308082,2.3713730200033902,0.0252,0.0251189,0.0398107,0.803,0.8,0.9,0.506,0.5,0.6,61.1,4.11,0.0,1.0,True,0.01,0.95,10.0,39600.0,0.938,0.139
5713,1 - 1 - 2022,19800.0,2.3302360395462087,1.7782800679308082,2.3713730200033902,0.0259,0.0251189,0.0398107,0.89,0.8,0.9,0.644,0.6,0.7,61.0,4.11,0.0,1.0,True,0.01,0.95,10.0,39600.0,0.938,0.139
5714,1 - 1 - 2022,19800.0,2.3323807579381204,1.7782800679308082,2.3713730200033902,0.0255,0.0251189,0.0398107,0.842,0.8,0.9,1.06,1.0,1.5,12.2,0.822,0.0,1.0,True,0.01,0.95,10.0,39600.0,0.938,0.139
5715,1 - 1 - 2022,19800.0,2.355843797877949,1.7782800679308082,2.3713730200033902,0.0265,0.0251189,0.0398107,0.932,0.9,1.0,0.238,0.2,0.3,122.0,5.81,0.0,1.0,True,0.01,0.95,10.0,39600.0,0.938,0.139
5716,1 - 1 - 2022,19800.0,2.3151673805580453,1.7782800679308082,2.3713730200033902,0.0267,0.0251189,0.0398107,0.935,0.9,1.0,0.312,0.3,0.4,61.1,4.11,0.0,1.0,True,0.01,0.95,10.0,39600.0,0.938,0.139
5717,1 - 1 - 2022,19800.0,2.483948469674844,2.3713730200033902,3.1622776601683795,0.000361,0.000251189,0.000398107,0.0138,0.0,0.05,0.155,0.1,0.2,10500000.0,18000.0,9360000.0,1.0,True,0.01,0.95,10.0,39600.0,0.938,0.139
5718,1 - 1 - 2022,19800.0,2.487971060924946,2.3713730200033902,3.1622776601683795,0.000362,0.000251189,0.000398107,0.0127,0.0,0.05,0.251,0.2,0.3,15000000.0,21600.0,11000000.0,1.0,True,0.01,0.95,10.0,39600.0,0.938,0.139
5719,1 - 1 - 2022,19800.0,2.483948469674844,2.3713730200033902,3.1622776601683795,0.000361,0.000251189,0.000398107,0.0123,0.0,0.05,0.349,0.3,0.4,15900000.0,22200.0,10100000.0,1.0,True,0.01,0.95,10.0,39600.0,0.938,0.139
5720,1 - 1 - 2022,19800.0,2.483948469674844,2.3713730200033902,3.1622776601683795,0.000362,0.000251189,0.000398107,0.0121,0.0,0.05,0.448,0.4,0.5,13000000.0,20100.0,6200000.0,1.0,True,0.01,0.95,10.0,39600.0,0.938,0.139
5721,1 - 1 - 2022,19800.0,2.483948469674844,2.3713730200033902,3.1622776601683795,0.000362,0.000251189,0.000398107,0.0127,0.0,0.05,0.546,0.5,0.6,10200000.0,17800.0,3430000.0,1.0,True,0.01,0.95,10.0,39600.0,0.938,0.139
5722,1 - 1 - 2022,19800.0,2.4819347291981715,2.3713730200033902,3.1622776601683795,0.000361,0.000251189,0.000398107,0.0128,0.0,0.05,0.647,0.6,0.7,7210000.0,15000.0,2310000.0,1.0,True,0.01,0.95,10.0,39600.0,0.938,0.139
5723,1 - 1 - 2022,19800.0,2.487971060924946,2.3713730200033902,3.1622776601683795,0.000363,0.000251189,0.000398107,0.0138,0.0,0.05,0.747,0.7,0.8,5250000.0,12800.0,1900000.0,1.0,True,0.01,0.95,10.0,39600.0,0.938,0.139
5724,1 - 1 - 2022,19800.0,2.4819347291981715,2.3713730200033902,3.1622776601683795,0.000361,0.000251189,0.000398107,0.015,0.0,0.05,0.846,0.8,0.9,3190000.0,9970.0,481000.0,1.0,True,0.01,0.95,10.0,39600.0,0.938,0.139
5725,1 - 1 - 2022,19800.0,2.479919353527449,2.3713730200033902,3.1622776601683795,0.00036,0.000251189,0.000398107,0.0154,0.0,0.05,0.946,0.9,1.0,2140000.0,8160.0,199000.0,1.0,True,0.01,0.95,10.0,39600.0,0.938,0.139
5726,1 - 1 - 2022,19800.0,2.479919353527449,2.3713730200033902,3.1622776601683795,0.000361,0.000251189,0.000398107,0.0157,0.0,0.05,1.18,1.0,1.5,625000.0,1970.0,24700.0,1.0,True,0.01,0.95,10.0,39600.0,0.938,0.139
5727,1 - 1 - 2022,19800.0,2.4758836806279896,2.3713730200033902,3.1622776601683795,0.000363,0.000251189,0.000398107,0.0222,0.0,0.05,1.72,1.5,2.0,86500.0,734.0,0.111,1.0,True,0.01,0.95,10.0,39600.0,0.938,0.139
5728,1 - 1 - 2022,19800.0,2.539685019840059,2.3713730200033902,3.1622776601683795,0.000353,0.000251189,0.000398107,0.0257,0.0,0.05,2.44,2.0,4.0,9610.0,122.0,686.0,1.0,True,0.01,0.95,10.0,39600.0,0.938,0.139
5729,1 - 1 - 2022,19800.0,2.4979991993593593,2.3713730200033902,3.1622776601683795,0.000363,0.000251189,0.000398107,0.0759,0.05,0.1,0.0775,0.05,0.1,1410000.0,9380.0,1400000.0,1.0,True,0.01,0.95,10.0,39600.0,0.938,0.139
5730,1 - 1 - 2022,19800.0,2.487971060924946,2.3713730200033902,3.1622776601683795,0.00036,0.000251189,0.000398107,0.0727,0.05,0.1,0.154,0.1,0.2,2310000.0,8470.0,2280000.0,1.0,True,0.01,0.95,10.0,39600.0,0.938,0.139
5731,1 - 1 - 2022,19800.0,2.4859605789312105,2.3713730200033902,3.1622776601683795,0.000362,0.000251189,0.000398107,0.0711,0.05,0.1,0.25,0.2,0.3,2730000.0,9210.0,2710000.0,1.0,True,0.01,0.95,10.0,39600.0,0.938,0.139
5732,1 - 1 - 2022,19800.0,2.4899799195977463,2.3713730200033902,3.1622776601683795,0.000363,0.000251189,0.000398107,0.072,0.05,0.1,0.349,0.3,0.4,3190000.0,9950.0,3120000.0,1.0,True,0.01,0.95,10.0,39600.0,0.938,0.139
5733,1 - 1 - 2022,19800.0,2.487971060924946,2.3713730200033902,3.1622776601683795,0.000363,0.000251189,0.000398107,0.0718,0.05,0.1,0.45,0.4,0.5,2840000.0,9400.0,2800000.0,1.0,True,0.01,0.95,10.0,39600.0,0.938,0.139
5734,1 - 1 - 2022,19800.0,2.483948469674844,2.3713730200033902,3.1622776601683795,0.000361,0.000251189,0.000398107,0.0744,0.05,0.1,0.548,0.5,0.6,2170000.0,8220.0,1930000.0,1.0,True,0.01,0.95,10.0,39600.0,0.938,0.139
5735,1 - 1 - 2022,19800.0,2.483948469674844,2.3713730200033902,3.1622776601683795,0.000363,0.000251189,0.000398107,0.0714,0.05,0.1,0.649,0.6,0.7,1750000.0,7380.0,1190000.0,1.0,True,0.01,0.95,10.0,39600.0,0.938,0.139
5736,1 - 1 - 2022,19800.0,2.4919871588754225,2.3713730200033902,3.1622776601683795,0.000363,0.000251189,0.000398107,0.0715,0.05,0.1,0.748,0.7,0.8,1110000.0,5880.0,563000.0,1.0,True,0.01,0.95,10.0,39600.0,0.938,0.139
5737,1 - 1 - 2022,19800.0,2.479919353527449,2.3713730200033902,3.1622776601683795,0.000362,0.000251189,0.000398107,0.0721,0.05,0.1,0.847,0.8,0.9,927000.0,5370.0,268000.0,1.0,True,0.01,0.95,10.0,39600.0,0.938,0.139
5738,1 - 1 - 2022,19800.0,2.493992782667985,2.3713730200033902,3.1622776601683795,0.000363,0.000251189,0.000398107,0.0736,0.05,0.1,0.944,0.9,1.0,536000.0,4080.0,89300.0,1.0,True,0.01,0.95,10.0,39600.0,0.938,0.139
5739,1 - 1 - 2022,19800.0,2.4919871588754225,2.3713730200033902,3.1622776601683795,0.000364,0.000251189,0.000398107,0.0729,0.05,0.1,1.17,1.0,1.5,236000.0,1210.0,2750.0,1.0,True,0.01,0.95,10.0,39600.0,0.938,0.139
5740,1 - 1 - 2022,19800.0,2.5039968051097827,2.3713730200033902,3.1622776601683795,0.000361,0.000251189,0.000398107,0.075,0.05,0.1,1.66,1.5,2.0,49400.0,555.0,2750.0,1.0,True,0.01,0.95,10.0,39600.0,0.938,0.139
5741,1 - 1 - 2022,19800.0,2.5258661880630178,2.3713730200033902,3.1622776601683795,0.000361,0.000251189,0.000398107,0.0788,0.05,0.1,2.54,2.0,4.0,12700.0,141.0,1030.0,1.0,True,0.01,0.95,10.0,39600.0,0.938,0.139
5742,1 - 1 - 2022,19800.0,2.449489742783178,2.3713730200033902,3.1622776601683795,0.000363,0.000251189,0.000398107,0.117,0.1,0.15,0.039,0.0,0.05,165000.0,3200.0,96100.0,1.0,True,0.01,0.95,10.0,39600.0,0.938,0.139
5743,1 - 1 - 2022,19800.0,2.4698178070456938,2.3713730200033902,3.1622776601683795,0.000362,0.000251189,0.000398107,0.126,0.1,0.15,0.0809,0.05,0.1,769000.0,6920.0,220000.0,1.0,True,0.01,0.95,10.0,39600.0,0.938,0.139
5744,1 - 1 - 2022,19800.0,2.4979991993593593,2.3713730200033902,3.1622776601683795,0.000365,0.000251189,0.000398107,0.124,0.1,0.15,0.154,0.1,0.2,1590000.0,7020.0,426000.0,1.0,True,0.01,0.95,10.0,39600.0,0.938,0.139
5745,1 - 1 - 2022,19800.0,2.483948469674844,2.3713730200033902,3.1622776601683795,0.000363,0.000251189,0.000398107,0.124,0.1,0.15,0.247,0.2,0.3,2020000.0,7920.0,295000.0,1.0,True,0.01,0.95,10.0,39600.0,0.938,0.139
5746,1 - 1 - 2022,19800.0,2.4859605789312105,2.3713730200033902,3.1622776601683795,0.000362,0.000251189,0.000398107,0.122,0.1,0.15,0.349,0.3,0.4,1850000.0,7590.0,261000.0,1.0,True,0.01,0.95,10.0,39600.0,0.938,0.139
5747,1 - 1 - 2022,19800.0,2.483948469674844,2.3713730200033902,3.1622776601683795,0.00036,0.000251189,0.000398107,0.124,0.1,0.15,0.451,0.4,0.5,1760000.0,7390.0,172000.0,1.0,True,0.01,0.95,10.0,39600.0,0.938,0.139
5748,1 - 1 - 2022,19800.0,2.495996794869737,2.3713730200033902,3.1622776601683795,0.000366,0.000251189,0.000398107,0.124,0.1,0.15,0.551,0.5,0.6,1550000.0,6950.0,110000.0,1.0,True,0.01,0.95,10.0,39600.0,0.938,0.139
5749,1 - 1 - 2022,19800.0,2.487971060924946,2.3713730200033902,3.1622776601683795,0.000358,0.000251189,0.000398107,0.126,0.1,0.15,0.644,0.6,0.7,989000.0,5550.0,27500.0,1.0,True,0.01,0.95,10.0,39600.0,0.938,0.139
5750,1 - 1 - 2022,19800.0,2.479919353527449,2.3713730200033902,3.1622776601683795,0.000356,0.000251189,0.000398107,0.123,0.1,0.15,0.75,0.7,0.8,790000.0,4960.0,20600.0,1.0,True,0.01,0.95,10.0,39600.0,0.938,0.139
5751,1 - 1 - 2022,19800.0,2.4758836806279896,2.3713730200033902,3.1622776601683795,0.000363,0.000251189,0.000398107,0.124,0.1,0.15,0.846,0.8,0.9,673000.0,4570.0,48100.0,1.0,True,0.01,0.95,10.0,39600.0,0.938,0.139
5752,1 - 1 - 2022,19800.0,2.4899799195977463,2.3713730200033902,3.1622776601683795,0.000362,0.000251189,0.000398107,0.124,0.1,0.15,0.948,0.9,1.0,405000.0,3550.0,6870.0,1.0,True,0.01,0.95,10.0,39600.0,0.938,0.139
5753,1 - 1 - 2022,19800.0,2.4758836806279896,2.3713730200033902,3.1622776601683795,0.00036,0.000251189,0.000398107,0.124,0.1,0.15,1.2,1.0,1.5,181000.0,1060.0,2750.0,1.0,True,0.01,0.95,10.0,39600.0,0.938,0.139
5754,1 - 1 - 2022,19800.0,2.4698178070456938,2.3713730200033902,3.1622776601683795,0.000361,0.000251189,0.000398107,0.121,0.1,0.15,1.68,1.5,2.0,49400.0,555.0,2750.0,1.0,True,0.01,0.95,10.0,39600.0,0.938,0.139
5755,1 - 1 - 2022,19800.0,2.5768197453450252,2.3713730200033902,3.1622776601683795,0.000365,0.000251189,0.000398107,0.125,0.1,0.15,2.87,2.0,4.0,6180.0,98.0,0.0,1.0,True,0.01,0.95,10.0,39600.0,0.938,0.139
5756,1 - 1 - 2022,19800.0,2.495996794869737,2.3713730200033902,3.1622776601683795,0.000363,0.000251189,0.000398107,0.172,0.15,0.2,0.0302,0.0,0.05,179000.0,3330.0,110000.0,1.0,True,0.01,0.95,10.0,39600.0,0.938,0.139
5757,1 - 1 - 2022,19800.0,2.479919353527449,2.3713730200033902,3.1622776601683795,0.000364,0.000251189,0.000398107,0.174,0.15,0.2,0.0781,0.05,0.1,522000.0,5700.0,192000.0,1.0,True,0.01,0.95,10.0,39600.0,0.938,0.139
5758,1 - 1 - 2022,19800.0,2.479919353527449,2.3713730200033902,3.1622776601683795,0.000363,0.000251189,0.000398107,0.172,0.15,0.2,0.159,0.1,0.2,941000.0,5410.0,172000.0,1.0,True,0.01,0.95,10.0,39600.0,0.938,0.139
5759,1 - 1 - 2022,19800.0,2.479919353527449,2.3713730200033902,3.1622776601683795,0.000364,0.000251189,0.000398107,0.172,0.15,0.2,0.249,0.2,0.3,1250000.0,6230.0,137000.0,1.0,True,0.01,0.95,10.0,39600.0,0.938,0.139
5760,1 - 1 - 2022,19800.0,2.493992782667985,2.3713730200033902,3.1622776601683795,0.000363,0.000251189,0.000398107,0.175,0.15,0.2,0.349,0.3,0.4,1440000.0,6700.0,41200.0,1.0,True,0.01,0.95,10.0,39600.0,0.938,0.139
5761,1 - 1 - 2022,19800.0,2.477902338672773,2.3713730200033902,3.1622776601683795,0.000363,0.000251189,0.000398107,0.174,0.15,0.2,0.446,0.4,0.5,1220000.0,6170.0,13700.0,1.0,True,0.01,0.95,10.0,39600.0,0.938,0.139
5762,1 - 1 - 2022,19800.0,2.4819347291981715,2.3713730200033902,3.1622776601683795,0.000361,0.000251189,0.000398107,0.172,0.15,0.2,0.548,0.5,0.6,947000.0,5430.0,6860.0,1.0,True,0.01,0.95,10.0,39600.0,0.938,0.139
5763,1 - 1 - 2022,19800.0,2.4819347291981715,2.3713730200033902,3.1622776601683795,0.000359,0.000251189,0.000398107,0.173,0.15,0.2,0.645,0.6,0.7,735000.0,4780.0,13700.0,1.0,True,0.01,0.95,10.0,39600.0,0.938,0.139
5764,1 - 1 - 2022,19800.0,2.487971060924946,2.3713730200033902,3.1622776601683795,0.000363,0.000251189,0.000398107,0.174,0.15,0.2,0.747,0.7,0.8,563000.0,4180.0,13700.0,1.0,True,0.01,0.95,10.0,39600.0,0.938,0.139
5765,1 - 1 - 2022,19800.0,2.4819347291981715,2.3713730200033902,3.1622776601683795,0.000365,0.000251189,0.000398107,0.174,0.15,0.2,0.846,0.8,0.9,474000.0,3840.0,6870.0,1.0,True,0.01,0.95,10.0,39600.0,0.938,0.139
5766,1 - 1 - 2022,19800.0,2.4919871588754225,2.3713730200033902,3.1622776601683795,0.000364,0.000251189,0.000398107,0.176,0.15,0.2,0.953,0.9,1.0,268000.0,2890.0,6860.0,1.0,True,0.01,0.95,10.0,39600.0,0.938,0.139
5767,1 - 1 - 2022,19800.0,2.493992782667985,2.3713730200033902,3.1622776601683795,0.000364,0.000251189,0.000398107,0.176,0.15,0.2,1.21,1.0,1.5,125000.0,882.0,1370.0,1.0,True,0.01,0.95,10.0,39600.0,0.938,0.139
5768,1 - 1 - 2022,19800.0,2.467792535850613,2.3713730200033902,3.1622776601683795,0.000357,0.000251189,0.000398107,0.174,0.15,0.2,1.76,1.5,2.0,31600.0,443.0,0.0,1.0,True,0.01,0.95,10.0,39600.0,0.938,0.139
5769,1 - 1 - 2022,19800.0,2.5514701644346145,2.3713730200033902,3.1622776601683795,0.000361,0.000251189,0.000398107,0.172,0.15,0.2,2.42,2.0,4.0,6180.0,98.0,343.0,1.0,True,0.01,0.95,10.0,39600.0,0.938,0.139
5770,1 - 1 - 2022,19800.0,2.487971060924946,2.3713730200033902,3.1622776601683795,0.000366,0.000251189,0.000398107,0.222,0.2,0.25,0.0328,0.0,0.05,137000.0,2920.0,54900.0,1.0,True,0.01,0.95,10.0,39600.0,0.938,0.139
5771,1 - 1 - 2022,19800.0,2.479919353527449,2.3713730200033902,3.1622776601683795,0.000367,0.000251189,0.000398107,0.221,0.2,0.25,0.0847,0.05,0.1,275000.0,4130.0,96100.0,1.0,True,0.01,0.95,10.0,39600.0,0.938,0.139
5772,1 - 1 - 2022,19800.0,2.467792535850613,2.3713730200033902,3.1622776601683795,0.000361,0.000251189,0.000398107,0.224,0.2,0.25,0.157,0.1,0.2,625000.0,4410.0,144000.0,1.0,True,0.01,0.95,10.0,39600.0,0.938,0.139
5773,1 - 1 - 2022,19800.0,2.4859605789312105,2.3713730200033902,3.1622776601683795,0.000366,0.000251189,0.000398107,0.223,0.2,0.25,0.252,0.2,0.3,762000.0,4870.0,158000.0,1.0,True,0.01,0.95,10.0,39600.0,0.938,0.139
5774,1 - 1 - 2022,19800.0,2.487971060924946,2.3713730200033902,3.1622776601683795,0.000361,0.000251189,0.000398107,0.223,0.2,0.25,0.349,0.3,0.4,817000.0,5040.0,103000.0,1.0,True,0.01,0.95,10.0,39600.0,0.938,0.139
5775,1 - 1 - 2022,19800.0,2.479919353527449,2.3713730200033902,3.1622776601683795,0.00036,0.000251189,0.000398107,0.224,0.2,0.25,0.452,0.4,0.5,927000.0,5370.0,6870.0,1.0,True,0.01,0.95,10.0,39600.0,0.938,0.139
5776,1 - 1 - 2022,19800.0,2.4859605789312105,2.3713730200033902,3.1622776601683795,0.000362,0.000251189,0.000398107,0.225,0.2,0.25,0.55,0.5,0.6,803000.0,5000.0,6860.0,1.0,True,0.01,0.95,10.0,39600.0,0.938,0.139
5777,1 - 1 - 2022,19800.0,2.4819347291981715,2.3713730200033902,3.1622776601683795,0.000363,0.000251189,0.000398107,0.226,0.2,0.25,0.648,0.6,0.7,549000.0,4130.0,6860.0,1.0,True,0.01,0.95,10.0,39600.0,0.938,0.139
5778,1 - 1 - 2022,19800.0,2.471841418861655,2.3713730200033902,3.1622776601683795,0.000363,0.000251189,0.000398107,0.224,0.2,0.25,0.753,0.7,0.8,433000.0,3670.0,4.3,1.0,True,0.01,0.95,10.0,39600.0,0.938,0.139
5779,1 - 1 - 2022,19800.0,2.4819347291981715,2.3713730200033902,3.1622776601683795,0.000361,0.000251189,0.000398107,0.225,0.2,0.25,0.837,0.8,0.9,357000.0,3330.0,0.0,1.0,True,0.01,0.95,10.0,39600.0,0.938,0.139
5780,1 - 1 - 2022,19800.0,2.4738633753705965,2.3713730200033902,3.1622776601683795,0.000359,0.000251189,0.000398107,0.224,0.2,0.25,0.943,0.9,1.0,275000.0,2920.0,0.0,1.0,True,0.01,0.95,10.0,39600.0,0.938,0.139
5781,1 - 1 - 2022,19800.0,2.487971060924946,2.3713730200033902,3.1622776601683795,0.000364,0.000251189,0.000398107,0.224,0.2,0.25,1.22,1.0,1.5,119000.0,862.0,1370.0,1.0,True,0.01,0.95,10.0,39600.0,0.938,0.139
5782,1 - 1 - 2022,19800.0,2.493992782667985,2.3713730200033902,3.1622776601683795,0.000359,0.000251189,0.000398107,0.223,0.2,0.25,1.74,1.5,2.0,30200.0,433.0,0.788,1.0,True,0.01,0.95,10.0,39600.0,0.938,0.139
5783,1 - 1 - 2022,19800.0,2.569046515733026,2.3713730200033902,3.1622776601683795,0.000363,0.000251189,0.000398107,0.222,0.2,0.25,2.66,2.0,4.0,6520.0,101.0,2060.0,1.0,True,0.01,0.95,10.0,39600.0,0.938,0.139
5784,1 - 1 - 2022,19800.0,2.4617067250182343,2.3713730200033902,3.1622776601683795,0.000351,0.000251189,0.000398107,0.277,0.25,0.3,0.0287,0.0,0.05,68600.0,2070.0,41200.0,1.0,True,0.01,0.95,10.0,39600.0,0.938,0.139
5785,1 - 1 - 2022,19800.0,2.4859605789312105,2.3713730200033902,3.1622776601683795,0.000363,0.000251189,0.000398107,0.272,0.25,0.3,0.0778,0.05,0.1,302000.0,4330.0,137000.0,1.0,True,0.01,0.95,10.0,39600.0,0.938,0.139
5786,1 - 1 - 2022,19800.0,2.4738633753705965,2.3713730200033902,3.1622776601683795,0.000365,0.000251189,0.000398107,0.274,0.25,0.3,0.157,0.1,0.2,371000.0,3400.0,110000.0,1.0,True,0.01,0.95,10.0,39600.0,0.938,0.139
5787,1 - 1 - 2022,19800.0,2.4819347291981715,2.3713730200033902,3.1622776601683795,0.000366,0.000251189,0.000398107,0.27,0.25,0.3,0.256,0.2,0.3,446000.0,3730.0,54900.0,1.0,True,0.01,0.95,10.0,39600.0,0.938,0.139
5788,1 - 1 - 2022,19800.0,2.4657656011875906,2.3713730200033902,3.1622776601683795,0.000358,0.000251189,0.000398107,0.269,0.25,0.3,0.351,0.3,0.4,639000.0,4460.0,96100.0,1.0,True,0.01,0.95,10.0,39600.0,0.938,0.139
5789,1 - 1 - 2022,19800.0,2.4698178070456938,2.3713730200033902,3.1622776601683795,0.000362,0.000251189,0.000398107,0.275,0.25,0.3,0.452,0.4,0.5,549000.0,4130.0,75500.0,1.0,True,0.01,0.95,10.0,39600.0,0.938,0.139
5790,1 - 1 - 2022,19800.0,2.4758836806279896,2.3713730200033902,3.1622776601683795,0.000362,0.000251189,0.000398107,0.272,0.25,0.3,0.548,0.5,0.6,611000.0,4360.0,6860.0,1.0,True,0.01,0.95,10.0,39600.0,0.938,0.139
5791,1 - 1 - 2022,19800.0,2.4819347291981715,2.3713730200033902,3.1622776601683795,0.000362,0.000251189,0.000398107,0.274,0.25,0.3,0.646,0.6,0.7,323000.0,3170.0,0.742,1.0,True,0.01,0.95,10.0,39600.0,0.938,0.139
5792,1 - 1 - 2022,19800.0,2.4819347291981715,2.3713730200033902,3.1622776601683795,0.00036,0.000251189,0.000398107,0.271,0.25,0.3,0.748,0.7,0.8,330000.0,3200.0,6860.0,1.0,True,0.01,0.95,10.0,39600.0,0.938,0.139
5793,1 - 1 - 2022,19800.0,2.4919871588754225,2.3713730200033902,3.1622776601683795,0.000364,0.000251189,0.000398107,0.271,0.25,0.3,0.856,0.8,0.9,288000.0,2990.0,1.21,1.0,True,0.01,0.95,10.0,39600.0,0.938,0.139
5794,1 - 1 - 2022,19800.0,2.4758836806279896,2.3713730200033902,3.1622776601683795,0.000361,0.000251189,0.000398107,0.271,0.25,0.3,0.955,0.9,1.0,185000.0,2400.0,6870.0,1.0,True,0.01,0.95,10.0,39600.0,0.938,0.139
5795,1 - 1 - 2022,19800.0,2.479919353527449,2.3713730200033902,3.1622776601683795,0.000357,0.000251189,0.000398107,0.274,0.25,0.3,1.22,1.0,1.5,49400.0,555.0,2750.0,1.0,True,0.01,0.95,10.0,39600.0,0.938,0.139
5796,1 - 1 - 2022,19800.0,2.513961017995307,2.3713730200033902,3.1622776601683795,0.000369,0.000251189,0.000398107,0.274,0.25,0.3,1.74,1.5,2.0,27500.0,413.0,1370.0,1.0,True,0.01,0.95,10.0,39600.0,0.938,0.139
5797,1 - 1 - 2022,19800.0,2.5219040425836985,2.3713730200033902,3.1622776601683795,0.000361,0.000251189,0.000398107,0.276,0.25,0.3,2.61,2.0,4.0,5150.0,89.5,1370.0,1.0,True,0.01,0.95,10.0,39600.0,0.938,0.139
5798,1 - 1 - 2022,19800.0,2.455605831561735,2.3713730200033902,3.1622776601683795,0.000353,0.000251189,0.000398107,0.355,0.3,0.4,0.078,0.05,0.1,89300.0,1670.0,82400.0,1.0,True,0.01,0.95,10.0,39600.0,0.938,0.139
5799,1 - 1 - 2022,19800.0,2.477902338672773,2.3713730200033902,3.1622776601683795,0.000363,0.000251189,0.000398107,0.346,0.3,0.4,0.151,0.1,0.2,254000.0,1990.0,196000.0,1.0,True,0.01,0.95,10.0,39600.0,0.938,0.139
5800,1 - 1 - 2022,19800.0,2.477902338672773,2.3713730200033902,3.1622776601683795,0.000361,0.000251189,0.000398107,0.345,0.3,0.4,0.249,0.2,0.3,275000.0,2070.0,192000.0,1.0,True,0.01,0.95,10.0,39600.0,0.938,0.139
5801,1 - 1 - 2022,19800.0,2.483948469674844,2.3713730200033902,3.1622776601683795,0.000362,0.000251189,0.000398107,0.345,0.3,0.4,0.351,0.3,0.4,381000.0,2430.0,295000.0,1.0,True,0.01,0.95,10.0,39600.0,0.938,0.139
5802,1 - 1 - 2022,19800.0,2.487971060924946,2.3713730200033902,3.1622776601683795,0.00036,0.000251189,0.000398107,0.345,0.3,0.4,0.452,0.4,0.5,319000.0,2230.0,275000.0,1.0,True,0.01,0.95,10.0,39600.0,0.938,0.139
5803,1 - 1 - 2022,19800.0,2.4819347291981715,2.3713730200033902,3.1622776601683795,0.000362,0.000251189,0.000398107,0.345,0.3,0.4,0.549,0.5,0.6,419000.0,2550.0,316000.0,1.0,True,0.01,0.95,10.0,39600.0,0.938,0.139
5804,1 - 1 - 2022,19800.0,2.477902338672773,2.3713730200033902,3.1622776601683795,0.000363,0.000251189,0.000398107,0.341,0.3,0.4,0.651,0.6,0.7,251000.0,1970.0,168000.0,1.0,True,0.01,0.95,10.0,39600.0,0.938,0.139
5805,1 - 1 - 2022,19800.0,2.4819347291981715,2.3713730200033902,3.1622776601683795,0.000361,0.000251189,0.000398107,0.346,0.3,0.4,0.754,0.7,0.8,233000.0,1910.0,182000.0,1.0,True,0.01,0.95,10.0,39600.0,0.938,0.139
5806,1 - 1 - 2022,19800.0,2.4738633753705965,2.3713730200033902,3.1622776601683795,0.00036,0.000251189,0.000398107,0.346,0.3,0.4,0.855,0.8,0.9,168000.0,1620.0,120000.0,1.0,True,0.01,0.95,10.0,39600.0,0.938,0.139
5807,1 - 1 - 2022,19800.0,2.511971337416094,2.3713730200033902,3.1622776601683795,0.000369,0.000251189,0.000398107,0.341,0.3,0.4,0.946,0.9,1.0,106000.0,1290.0,82400.0,1.0,True,0.01,0.95,10.0,39600.0,0.938,0.139
5808,1 - 1 - 2022,19800.0,2.4859605789312105,2.3713730200033902,3.1622776601683795,0.000362,0.000251189,0.000398107,0.352,0.3,0.4,1.19,1.0,1.5,40500.0,355.0,33600.0,1.0,True,0.01,0.95,10.0,39600.0,0.938,0.139
5809,1 - 1 - 2022,19800.0,2.5079872407968904,2.3713730200033902,3.1622776601683795,0.000357,0.000251189,0.000398107,0.337,0.3,0.4,1.72,1.5,2.0,14400.0,212.0,11700.0,1.0,True,0.01,0.95,10.0,39600.0,0.938,0.139
5810,1 - 1 - 2022,19800.0,2.630589287593181,2.3713730200033902,3.1622776601683795,0.000356,0.000251189,0.000398107,0.355,0.3,0.4,2.56,2.0,4.0,2570.0,44.7,2230.0,1.0,True,0.01,0.95,10.0,39600.0,0.938,0.139
5811,1 - 1 - 2022,19800.0,2.6832815729997477,2.3713730200033902,3.1622776601683795,0.000516,0.000398107,0.000630957,0.0165,0.0,0.05,0.0785,0.05,0.1,15200000.0,24400.0,15200000.0,1.0,True,0.01,0.95,10.0,39600.0,0.938,0.139
5812,1 - 1 - 2022,19800.0,2.6814175355583845,2.3713730200033902,3.1622776601683795,0.000514,0.000398107,0.000630957,0.0143,0.0,0.05,0.155,0.1,0.2,31600000.0,24900.0,28100000.0,1.0,True,0.01,0.95,10.0,39600.0,0.938,0.139
5813,1 - 1 - 2022,19800.0,2.677685567799177,2.3713730200033902,3.1622776601683795,0.000515,0.000398107,0.000630957,0.0135,0.0,0.05,0.252,0.2,0.3,43800000.0,29300.0,32300000.0,1.0,True,0.01,0.95,10.0,39600.0,0.938,0.139
5814,1 - 1 - 2022,19800.0,2.677685567799177,2.3713730200033902,3.1622776601683795,0.000515,0.000398107,0.000630957,0.0132,0.0,0.05,0.349,0.3,0.4,45100000.0,29700.0,29000000.0,1.0,True,0.01,0.95,10.0,39600.0,0.938,0.139
5815,1 - 1 - 2022,19800.0,2.6739483914241875,2.3713730200033902,3.1622776601683795,0.000515,0.000398107,0.000630957,0.0134,0.0,0.05,0.448,0.4,0.5,39000000.0,27700.0,18800000.0,1.0,True,0.01,0.95,10.0,39600.0,0.938,0.139
5816,1 - 1 - 2022,19800.0,2.6758176320519302,2.3713730200033902,3.1622776601683795,0.000514,0.000398107,0.000630957,0.0135,0.0,0.05,0.548,0.5,0.6,30900000.0,24600.0,10200000.0,1.0,True,0.01,0.95,10.0,39600.0,0.938,0.139
5817,1 - 1 - 2022,19800.0,2.6795522013948525,2.3713730200033902,3.1622776601683795,0.000516,0.000398107,0.000630957,0.0137,0.0,0.05,0.647,0.6,0.7,21700000.0,20600.0,7260000.0,1.0,True,0.01,0.95,10.0,39600.0,0.938,0.139
5818,1 - 1 - 2022,19800.0,2.6739483914241875,2.3713730200033902,3.1622776601683795,0.000516,0.000398107,0.000630957,0.0145,0.0,0.05,0.746,0.7,0.8,14700000.0,17000.0,4560000.0,1.0,True,0.01,0.95,10.0,39600.0,0.938,0.139
5819,1 - 1 - 2022,19800.0,2.6870057685088806,2.3713730200033902,3.1622776601683795,0.000519,0.000398107,0.000630957,0.015,0.0,0.05,0.845,0.8,0.9,9340000.0,13500.0,1440000.0,1.0,True,0.01,0.95,10.0,39600.0,0.938,0.139
5820,1 - 1 - 2022,19800.0,2.6795522013948525,2.3713730200033902,3.1622776601683795,0.000518,0.000398107,0.000630957,0.0153,0.0,0.05,0.945,0.9,1.0,6000000.0,10800.0,671000.0,1.0,True,0.01,0.95,10.0,39600.0,0.938,0.139
5821,1 - 1 - 2022,19800.0,2.6814175355583845,2.3713730200033902,3.1622776601683795,0.000515,0.000398107,0.000630957,0.0172,0.0,0.05,1.17,1.0,1.5,1850000.0,2690.0,127000.0,1.0,True,0.01,0.95,10.0,39600.0,0.938,0.139
5822,1 - 1 - 2022,19800.0,2.6814175355583845,2.3713730200033902,3.1622776601683795,0.000514,0.000398107,0.000630957,0.0223,0.0,0.05,1.68,1.5,2.0,307000.0,1100.0,6070.0,1.0,True,0.01,0.95,10.0,39600.0,0.938,0.139
5823,1 - 1 - 2022,19800.0,2.6739483914241875,2.3713730200033902,3.1622776601683795,0.000509,0.000398107,0.000630957,0.0257,0.0,0.05,2.47,2.0,4.0,34000.0,183.0,866.0,1.0,True,0.01,0.95,10.0,39600.0,0.938,0.139
5824,1 - 1 - 2022,19800.0,2.677685567799177,2.3713730200033902,3.1622776601683795,0.00052,0.000398107,0.000630957,0.0726,0.05,0.1,0.154,0.1,0.2,7640000.0,12200.0,7510000.0,1.0,True,0.01,0.95,10.0,39600.0,0.938,0.139
5825,1 - 1 - 2022,19800.0,2.6814175355583845,2.3713730200033902,3.1622776601683795,0.00052,0.000398107,0.000630957,0.0726,0.05,0.1,0.251,0.2,0.3,10100000.0,14000.0,9500000.0,1.0,True,0.01,0.95,10.0,39600.0,0.938,0.139
5826,1 - 1 - 2022,19800.0,2.6739483914241875,2.3713730200033902,3.1622776601683795,0.000516,0.000398107,0.000630957,0.0724,0.05,0.1,0.35,0.3,0.4,10000000.0,14000.0,9040000.0,1.0,True,0.01,0.95,10.0,39600.0,0.938,0.139
5827,1 - 1 - 2022,19800.0,2.6739483914241875,2.3713730200033902,3.1622776601683795,0.000516,0.000398107,0.000630957,0.0729,0.05,0.1,0.449,0.4,0.5,8570000.0,13000.0,7250000.0,1.0,True,0.01,0.95,10.0,39600.0,0.938,0.139
5828,1 - 1 - 2022,19800.0,2.677685567799177,2.3713730200033902,3.1622776601683795,0.000513,0.000398107,0.000630957,0.073,0.05,0.1,0.547,0.5,0.6,6590000.0,11400.0,4940000.0,1.0,True,0.01,0.95,10.0,39600.0,0.938,0.139
5829,1 - 1 - 2022,19800.0,2.6720778431774774,2.3713730200033902,3.1622776601683795,0.00052,0.000398107,0.000630957,0.0726,0.05,0.1,0.647,0.6,0.7,5280000.0,10200.0,2940000.0,1.0,True,0.01,0.95,10.0,39600.0,0.938,0.139
5830,1 - 1 - 2022,19800.0,2.677685567799177,2.3713730200033902,3.1622776601683795,0.000517,0.000398107,0.000630957,0.072,0.05,0.1,0.747,0.7,0.8,3870000.0,8720.0,1350000.0,1.0,True,0.01,0.95,10.0,39600.0,0.938,0.139
5831,1 - 1 - 2022,19800.0,2.6870057685088806,2.3713730200033902,3.1622776601683795,0.000513,0.000398107,0.000630957,0.0741,0.05,0.1,0.847,0.8,0.9,2860000.0,7490.0,516000.0,1.0,True,0.01,0.95,10.0,39600.0,0.938,0.139
5832,1 - 1 - 2022,19800.0,2.6814175355583845,2.3713730200033902,3.1622776601683795,0.00052,0.000398107,0.000630957,0.0723,0.05,0.1,0.947,0.9,1.0,1930000.0,6150.0,104000.0,1.0,True,0.01,0.95,10.0,39600.0,0.938,0.139
5833,1 - 1 - 2022,19800.0,2.6645825188948455,2.3713730200033902,3.1622776601683795,0.000513,0.000398107,0.000630957,0.0733,0.05,0.1,1.18,1.0,1.5,749000.0,1710.0,3460.0,1.0,True,0.01,0.95,10.0,39600.0,0.938,0.139
5834,1 - 1 - 2022,19800.0,2.6962937525425525,2.3713730200033902,3.1622776601683795,0.000505,0.000398107,0.000630957,0.0741,0.05,0.1,1.72,1.5,2.0,169000.0,814.0,0.0,1.0,True,0.01,0.95,10.0,39600.0,0.938,0.139
5835,1 - 1 - 2022,19800.0,2.7202941017470885,2.3713730200033902,3.1622776601683795,0.000508,0.000398107,0.000630957,0.0728,0.05,0.1,2.55,2.0,4.0,28800.0,168.0,1730.0,1.0,True,0.01,0.95,10.0,39600.0,0.938,0.139
5836,1 - 1 - 2022,19800.0,2.692582403567252,2.3713730200033902,3.1622776601683795,0.00052,0.000398107,0.000630957,0.124,0.1,0.15,0.0313,0.0,0.05,996000.0,6250.0,615000.0,1.0,True,0.01,0.95,10.0,39600.0,0.938,0.139
5837,1 - 1 - 2022,19800.0,2.692582403567252,2.3713730200033902,3.1622776601683795,0.000518,0.000398107,0.000630957,0.124,0.1,0.15,0.0765,0.05,0.1,2760000.0,10400.0,1650000.0,1.0,True,0.01,0.95,10.0,39600.0,0.938,0.139
5838,1 - 1 - 2022,19800.0,2.6758176320519302,2.3713730200033902,3.1622776601683795,0.000517,0.000398107,0.000630957,0.123,0.1,0.15,0.154,0.1,0.2,5050000.0,9960.0,3200000.0,1.0,True,0.01,0.95,10.0,39600.0,0.938,0.139
5839,1 - 1 - 2022,19800.0,2.6814175355583845,2.3713730200033902,3.1622776601683795,0.000516,0.000398107,0.000630957,0.124,0.1,0.15,0.252,0.2,0.3,6440000.0,11200.0,3790000.0,1.0,True,0.01,0.95,10.0,39600.0,0.938,0.139
5840,1 - 1 - 2022,19800.0,2.6758176320519302,2.3713730200033902,3.1622776601683795,0.000517,0.000398107,0.000630957,0.123,0.1,0.15,0.348,0.3,0.4,6450000.0,11300.0,3720000.0,1.0,True,0.01,0.95,10.0,39600.0,0.938,0.139
5841,1 - 1 - 2022,19800.0,2.6683328128252666,2.3713730200033902,3.1622776601683795,0.00052,0.000398107,0.000630957,0.124,0.1,0.15,0.448,0.4,0.5,5940000.0,10800.0,3420000.0,1.0,True,0.01,0.95,10.0,39600.0,0.938,0.139
5842,1 - 1 - 2022,19800.0,2.6795522013948525,2.3713730200033902,3.1622776601683795,0.00052,0.000398107,0.000630957,0.124,0.1,0.15,0.548,0.5,0.6,4750000.0,9650.0,2420000.0,1.0,True,0.01,0.95,10.0,39600.0,0.938,0.139
5843,1 - 1 - 2022,19800.0,2.6870057685088806,2.3713730200033902,3.1622776601683795,0.000518,0.000398107,0.000630957,0.124,0.1,0.15,0.646,0.6,0.7,3520000.0,8310.0,1710000.0,1.0,True,0.01,0.95,10.0,39600.0,0.938,0.139
5844,1 - 1 - 2022,19800.0,2.6758176320519302,2.3713730200033902,3.1622776601683795,0.000515,0.000398107,0.000630957,0.123,0.1,0.15,0.747,0.7,0.8,2720000.0,7300.0,1010000.0,1.0,True,0.01,0.95,10.0,39600.0,0.938,0.139
5845,1 - 1 - 2022,19800.0,2.6720778431774774,2.3713730200033902,3.1622776601683795,0.000514,0.000398107,0.000630957,0.123,0.1,0.15,0.848,0.8,0.9,1780000.0,5920.0,520000.0,1.0,True,0.01,0.95,10.0,39600.0,0.938,0.139
5846,1 - 1 - 2022,19800.0,2.6551836094703507,2.3713730200033902,3.1622776601683795,0.000513,0.000398107,0.000630957,0.123,0.1,0.15,0.947,0.9,1.0,1170000.0,4780.0,221000.0,1.0,True,0.01,0.95,10.0,39600.0,0.938,0.139
5847,1 - 1 - 2022,19800.0,2.7,2.3713730200033902,3.1622776601683795,0.00052,0.000398107,0.000630957,0.123,0.1,0.15,1.19,1.0,1.5,568000.0,1490.0,29500.0,1.0,True,0.01,0.95,10.0,39600.0,0.938,0.139
5848,1 - 1 - 2022,19800.0,2.6851443164195103,2.3713730200033902,3.1622776601683795,0.000521,0.000398107,0.000630957,0.125,0.1,0.15,1.71,1.5,2.0,142000.0,747.0,0.0,1.0,True,0.01,0.95,10.0,39600.0,0.938,0.139
5849,1 - 1 - 2022,19800.0,2.6814175355583845,2.3713730200033902,3.1622776601683795,0.000523,0.000398107,0.000630957,0.127,0.1,0.15,2.53,2.0,4.0,29000.0,169.0,867.0,1.0,True,0.01,0.95,10.0,39600.0,0.938,0.139
5850,1 - 1 - 2022,19800.0,2.658947160061666,2.3713730200033902,3.1622776601683795,0.000498,0.000398107,0.000630957,0.175,0.15,0.2,0.032,0.0,0.05,537000.0,4590.0,78000.0,1.0,True,0.01,0.95,10.0,39600.0,0.938,0.139
5851,1 - 1 - 2022,19800.0,2.6627053911388696,2.3713730200033902,3.1622776601683795,0.000523,0.000398107,0.000630957,0.174,0.15,0.2,0.0767,0.05,0.1,1940000.0,8730.0,303000.0,1.0,True,0.01,0.95,10.0,39600.0,0.938,0.139
5852,1 - 1 - 2022,19800.0,2.677685567799177,2.3713730200033902,3.1622776601683795,0.000518,0.000398107,0.000630957,0.172,0.15,0.2,0.154,0.1,0.2,3190000.0,7920.0,550000.0,1.0,True,0.01,0.95,10.0,39600.0,0.938,0.139
5853,1 - 1 - 2022,19800.0,2.6758176320519302,2.3713730200033902,3.1622776601683795,0.000519,0.000398107,0.000630957,0.174,0.15,0.2,0.252,0.2,0.3,4390000.0,9280.0,723000.0,1.0,True,0.01,0.95,10.0,39600.0,0.938,0.139
5854,1 - 1 - 2022,19800.0,2.677685567799177,2.3713730200033902,3.1622776601683795,0.000518,0.000398107,0.000630957,0.174,0.15,0.2,0.351,0.3,0.4,4520000.0,9420.0,485000.0,1.0,True,0.01,0.95,10.0,39600.0,0.938,0.139
5855,1 - 1 - 2022,19800.0,2.6758176320519302,2.3713730200033902,3.1622776601683795,0.000517,0.000398107,0.000630957,0.174,0.15,0.2,0.448,0.4,0.5,4150000.0,9020.0,299000.0,1.0,True,0.01,0.95,10.0,39600.0,0.938,0.139
5856,1 - 1 - 2022,19800.0,2.6795522013948525,2.3713730200033902,3.1622776601683795,0.000516,0.000398107,0.000630957,0.174,0.15,0.2,0.547,0.5,0.6,3580000.0,8390.0,169000.0,1.0,True,0.01,0.95,10.0,39600.0,0.938,0.139
5857,1 - 1 - 2022,19800.0,2.6758176320519302,2.3713730200033902,3.1622776601683795,0.000518,0.000398107,0.000630957,0.173,0.15,0.2,0.647,0.6,0.7,2720000.0,7310.0,126000.0,1.0,True,0.01,0.95,10.0,39600.0,0.938,0.139
5858,1 - 1 - 2022,19800.0,2.692582403567252,2.3713730200033902,3.1622776601683795,0.000514,0.000398107,0.000630957,0.174,0.15,0.2,0.747,0.7,0.8,1720000.0,5820.0,30300.0,1.0,True,0.01,0.95,10.0,39600.0,0.938,0.139
5859,1 - 1 - 2022,19800.0,2.670205984563738,2.3713730200033902,3.1622776601683795,0.000518,0.000398107,0.000630957,0.174,0.15,0.2,0.847,0.8,0.9,1370000.0,5180.0,47600.0,1.0,True,0.01,0.95,10.0,39600.0,0.938,0.139
5860,1 - 1 - 2022,19800.0,2.6514147167125706,2.3713730200033902,3.1622776601683795,0.000529,0.000398107,0.000630957,0.175,0.15,0.2,0.946,0.9,1.0,858000.0,4100.0,17300.0,1.0,True,0.01,0.95,10.0,39600.0,0.938,0.139
5861,1 - 1 - 2022,19800.0,2.6814175355583845,2.3713730200033902,3.1622776601683795,0.000518,0.000398107,0.000630957,0.174,0.15,0.2,1.2,1.0,1.5,416000.0,1280.0,6930.0,1.0,True,0.01,0.95,10.0,39600.0,0.938,0.139
5862,1 - 1 - 2022,19800.0,2.6795522013948525,2.3713730200033902,3.1622776601683795,0.000514,0.000398107,0.000630957,0.176,0.15,0.2,1.72,1.5,2.0,120000.0,685.0,0.0,1.0,True,0.01,0.95,10.0,39600.0,0.938,0.139
5863,1 - 1 - 2022,19800.0,2.6814175355583845,2.3713730200033902,3.1622776601683795,0.000509,0.000398107,0.000630957,0.175,0.15,0.2,2.55,2.0,4.0,18200.0,134.0,650.0,1.0,True,0.01,0.95,10.0,39600.0,0.938,0.139
5864,1 - 1 - 2022,19800.0,2.692582403567252,2.3713730200033902,3.1622776601683795,0.000538,0.000398107,0.000630957,0.22,0.2,0.25,0.0323,0.0,0.05,390000.0,3910.0,17300.0,1.0,True,0.01,0.95,10.0,39600.0,0.938,0.139
5865,1 - 1 - 2022,19800.0,2.6720778431774774,2.3713730200033902,3.1622776601683795,0.000527,0.000398107,0.000630957,0.221,0.2,0.25,0.0777,0.05,0.1,996000.0,6250.0,86600.0,1.0,True,0.01,0.95,10.0,39600.0,0.938,0.139
5866,1 - 1 - 2022,19800.0,2.6739483914241875,2.3713730200033902,3.1622776601683795,0.000519,0.000398107,0.000630957,0.221,0.2,0.25,0.153,0.1,0.2,1950000.0,6180.0,169000.0,1.0,True,0.01,0.95,10.0,39600.0,0.938,0.139
5867,1 - 1 - 2022,19800.0,2.6627053911388696,2.3713730200033902,3.1622776601683795,0.000518,0.000398107,0.000630957,0.223,0.2,0.25,0.25,0.2,0.3,2700000.0,7280.0,260000.0,1.0,True,0.01,0.95,10.0,39600.0,0.938,0.139
5868,1 - 1 - 2022,19800.0,2.6814175355583845,2.3713730200033902,3.1622776601683795,0.000526,0.000398107,0.000630957,0.223,0.2,0.25,0.349,0.3,0.4,2840000.0,7470.0,251000.0,1.0,True,0.01,0.95,10.0,39600.0,0.938,0.139
5869,1 - 1 - 2022,19800.0,2.6645825188948455,2.3713730200033902,3.1622776601683795,0.000513,0.000398107,0.000630957,0.224,0.2,0.25,0.447,0.4,0.5,2970000.0,7640.0,191000.0,1.0,True,0.01,0.95,10.0,39600.0,0.938,0.139
5870,1 - 1 - 2022,19800.0,2.677685567799177,2.3713730200033902,3.1622776601683795,0.000511,0.000398107,0.000630957,0.224,0.2,0.25,0.549,0.5,0.6,2460000.0,6960.0,1.5,1.0,True,0.01,0.95,10.0,39600.0,0.938,0.139
5871,1 - 1 - 2022,19800.0,2.677685567799177,2.3713730200033902,3.1622776601683795,0.000517,0.000398107,0.000630957,0.224,0.2,0.25,0.649,0.6,0.7,2150000.0,6500.0,4340.0,1.0,True,0.01,0.95,10.0,39600.0,0.938,0.139
5872,1 - 1 - 2022,19800.0,2.6814175355583845,2.3713730200033902,3.1622776601683795,0.000512,0.000398107,0.000630957,0.225,0.2,0.25,0.749,0.7,0.8,1380000.0,5210.0,3.18,1.0,True,0.01,0.95,10.0,39600.0,0.938,0.139
5873,1 - 1 - 2022,19800.0,2.6683328128252666,2.3713730200033902,3.1622776601683795,0.000516,0.000398107,0.000630957,0.224,0.2,0.25,0.85,0.8,0.9,1040000.0,4530.0,0.0,1.0,True,0.01,0.95,10.0,39600.0,0.938,0.139
5874,1 - 1 - 2022,19800.0,2.6720778431774774,2.3713730200033902,3.1622776601683795,0.000524,0.000398107,0.000630957,0.223,0.2,0.25,0.947,0.9,1.0,697000.0,3700.0,0.0,1.0,True,0.01,0.95,10.0,39600.0,0.938,0.139
5875,1 - 1 - 2022,19800.0,2.6758176320519302,2.3713730200033902,3.1622776601683795,0.000514,0.000398107,0.000630957,0.224,0.2,0.25,1.19,1.0,1.5,287000.0,1060.0,867.0,1.0,True,0.01,0.95,10.0,39600.0,0.938,0.139
5876,1 - 1 - 2022,19800.0,2.6645825188948455,2.3713730200033902,3.1622776601683795,0.000509,0.000398107,0.000630957,0.225,0.2,0.25,1.7,1.5,2.0,107000.0,647.0,866.0,1.0,True,0.01,0.95,10.0,39600.0,0.938,0.139
5877,1 - 1 - 2022,19800.0,2.6758176320519302,2.3713730200033902,3.1622776601683795,0.000524,0.000398107,0.000630957,0.222,0.2,0.25,2.59,2.0,4.0,18800.0,136.0,1950.0,1.0,True,0.01,0.95,10.0,39600.0,0.938,0.139
5878,1 - 1 - 2022,19800.0,2.692582403567252,2.3713730200033902,3.1622776601683795,0.00053,0.000398107,0.000630957,0.274,0.25,0.3,0.0337,0.0,0.05,243000.0,3090.0,17300.0,1.0,True,0.01,0.95,10.0,39600.0,0.938,0.139
5879,1 - 1 - 2022,19800.0,2.6870057685088806,2.3713730200033902,3.1622776601683795,0.000523,0.000398107,0.000630957,0.276,0.25,0.3,0.0768,0.05,0.1,572000.0,4740.0,26000.0,1.0,True,0.01,0.95,10.0,39600.0,0.938,0.139
5880,1 - 1 - 2022,19800.0,2.6664583251946765,2.3713730200033902,3.1622776601683795,0.000516,0.000398107,0.000630957,0.273,0.25,0.3,0.152,0.1,0.2,1430000.0,5300.0,117000.0,1.0,True,0.01,0.95,10.0,39600.0,0.938,0.139
5881,1 - 1 - 2022,19800.0,2.6627053911388696,2.3713730200033902,3.1622776601683795,0.000522,0.000398107,0.000630957,0.274,0.25,0.3,0.25,0.2,0.3,1810000.0,5950.0,169000.0,1.0,True,0.01,0.95,10.0,39600.0,0.938,0.139
5882,1 - 1 - 2022,19800.0,2.6720778431774774,2.3713730200033902,3.1622776601683795,0.000522,0.000398107,0.000630957,0.274,0.25,0.3,0.348,0.3,0.4,1760000.0,5880.0,182000.0,1.0,True,0.01,0.95,10.0,39600.0,0.938,0.139
5883,1 - 1 - 2022,19800.0,2.6720778431774774,2.3713730200033902,3.1622776601683795,0.000513,0.000398107,0.000630957,0.272,0.25,0.3,0.453,0.4,0.5,1890000.0,6090.0,165000.0,1.0,True,0.01,0.95,10.0,39600.0,0.938,0.139
5884,1 - 1 - 2022,19800.0,2.6608269391300143,2.3713730200033902,3.1622776601683795,0.000516,0.000398107,0.000630957,0.274,0.25,0.3,0.547,0.5,0.6,1610000.0,5620.0,108000.0,1.0,True,0.01,0.95,10.0,39600.0,0.938,0.139
5885,1 - 1 - 2022,19800.0,2.6758176320519302,2.3713730200033902,3.1622776601683795,0.000517,0.000398107,0.000630957,0.274,0.25,0.3,0.65,0.6,0.7,1520000.0,5470.0,26000.0,1.0,True,0.01,0.95,10.0,39600.0,0.938,0.139
5886,1 - 1 - 2022,19800.0,2.6814175355583845,2.3713730200033902,3.1622776601683795,0.000519,0.000398107,0.000630957,0.274,0.25,0.3,0.747,0.7,0.8,1230000.0,4920.0,8660.0,1.0,True,0.01,0.95,10.0,39600.0,0.938,0.139
5887,1 - 1 - 2022,19800.0,2.6795522013948525,2.3713730200033902,3.1622776601683795,0.000514,0.000398107,0.000630957,0.274,0.25,0.3,0.849,0.8,0.9,832000.0,4040.0,4330.0,1.0,True,0.01,0.95,10.0,39600.0,0.938,0.139
5888,1 - 1 - 2022,19800.0,2.6870057685088806,2.3713730200033902,3.1622776601683795,0.000519,0.000398107,0.000630957,0.275,0.25,0.3,0.948,0.9,1.0,563000.0,3320.0,4330.0,1.0,True,0.01,0.95,10.0,39600.0,0.938,0.139
5889,1 - 1 - 2022,19800.0,2.6795522013948525,2.3713730200033902,3.1622776601683795,0.000517,0.000398107,0.000630957,0.274,0.25,0.3,1.19,1.0,1.5,227000.0,944.0,1730.0,1.0,True,0.01,0.95,10.0,39600.0,0.938,0.139
5890,1 - 1 - 2022,19800.0,2.6962937525425525,2.3713730200033902,3.1622776601683795,0.000516,0.000398107,0.000630957,0.277,0.25,0.3,1.72,1.5,2.0,83200.0,571.0,1730.0,1.0,True,0.01,0.95,10.0,39600.0,0.938,0.139
5891,1 - 1 - 2022,19800.0,2.7129319932501073,2.3713730200033902,3.1622776601683795,0.000528,0.000398107,0.000630957,0.272,0.25,0.3,2.57,2.0,4.0,19500.0,138.0,3900.0,1.0,True,0.01,0.95,10.0,39600.0,0.938,0.139
5892,1 - 1 - 2022,19800.0,2.6645825188948455,2.3713730200033902,3.1622776601683795,0.000498,0.000398107,0.000630957,0.35,0.3,0.4,0.0305,0.0,0.05,108000.0,1460.0,30300.0,1.0,True,0.01,0.95,10.0,39600.0,0.938,0.139
5893,1 - 1 - 2022,19800.0,2.6870057685088806,2.3713730200033902,3.1622776601683795,0.000524,0.000398107,0.000630957,0.348,0.3,0.4,0.0753,0.05,0.1,377000.0,2720.0,91000.0,1.0,True,0.01,0.95,10.0,39600.0,0.938,0.139
5894,1 - 1 - 2022,19800.0,2.6514147167125706,2.3713730200033902,3.1622776601683795,0.00052,0.000398107,0.000630957,0.343,0.3,0.4,0.154,0.1,0.2,747000.0,2710.0,134000.0,1.0,True,0.01,0.95,10.0,39600.0,0.938,0.139
5895,1 - 1 - 2022,19800.0,2.658947160061666,2.3713730200033902,3.1622776601683795,0.000518,0.000398107,0.000630957,0.343,0.3,0.4,0.253,0.2,0.3,1030000.0,3180.0,260000.0,1.0,True,0.01,0.95,10.0,39600.0,0.938,0.139
5896,1 - 1 - 2022,19800.0,2.6683328128252666,2.3713730200033902,3.1622776601683795,0.000521,0.000398107,0.000630957,0.345,0.3,0.4,0.349,0.3,0.4,1180000.0,3400.0,347000.0,1.0,True,0.01,0.95,10.0,39600.0,0.938,0.139
5897,1 - 1 - 2022,19800.0,2.6627053911388696,2.3713730200033902,3.1622776601683795,0.000519,0.000398107,0.000630957,0.342,0.3,0.4,0.45,0.4,0.5,1110000.0,3310.0,325000.0,1.0,True,0.01,0.95,10.0,39600.0,0.938,0.139
5898,1 - 1 - 2022,19800.0,2.677685567799177,2.3713730200033902,3.1622776601683795,0.000514,0.000398107,0.000630957,0.347,0.3,0.4,0.549,0.5,0.6,927000.0,3020.0,303000.0,1.0,True,0.01,0.95,10.0,39600.0,0.938,0.139
5899,1 - 1 - 2022,19800.0,2.6981475126464085,2.3713730200033902,3.1622776601683795,0.00052,0.000398107,0.000630957,0.344,0.3,0.4,0.649,0.6,0.7,754000.0,2720.0,225000.0,1.0,True,0.01,0.95,10.0,39600.0,0.938,0.139
5900,1 - 1 - 2022,19800.0,2.6758176320519302,2.3713730200033902,3.1622776601683795,0.000515,0.000398107,0.000630957,0.344,0.3,0.4,0.746,0.7,0.8,676000.0,2580.0,195000.0,1.0,True,0.01,0.95,10.0,39600.0,0.938,0.139
5901,1 - 1 - 2022,19800.0,2.6795522013948525,2.3713730200033902,3.1622776601683795,0.000521,0.000398107,0.000630957,0.345,0.3,0.4,0.849,0.8,0.9,570000.0,2360.0,143000.0,1.0,True,0.01,0.95,10.0,39600.0,0.938,0.139
5902,1 - 1 - 2022,19800.0,2.6551836094703507,2.3713730200033902,3.1622776601683795,0.00052,0.000398107,0.000630957,0.344,0.3,0.4,0.948,0.9,1.0,349000.0,1850.0,80100.0,1.0,True,0.01,0.95,10.0,39600.0,0.938,0.139
5903,1 - 1 - 2022,19800.0,2.670205984563738,2.3713730200033902,3.1622776601683795,0.000517,0.000398107,0.000630957,0.346,0.3,0.4,1.17,1.0,1.5,152000.0,547.0,39000.0,1.0,True,0.01,0.95,10.0,39600.0,0.938,0.139
5904,1 - 1 - 2022,19800.0,2.6795522013948525,2.3713730200033902,3.1622776601683795,0.000515,0.000398107,0.000630957,0.343,0.3,0.4,1.72,1.5,2.0,37300.0,270.0,13000.0,1.0,True,0.01,0.95,10.0,39600.0,0.938,0.139
5905,1 - 1 - 2022,19800.0,2.7037011669191546,2.3713730200033902,3.1622776601683795,0.000521,0.000398107,0.000630957,0.347,0.3,0.4,2.61,2.0,4.0,10700.0,72.5,5520.0,1.0,True,0.01,0.95,10.0,39600.0,0.938,0.139
5906,1 - 1 - 2022,19800.0,2.7440845468024486,2.3713730200033902,3.1622776601683795,0.000543,0.000398107,0.000630957,0.443,0.4,0.5,0.0311,0.0,0.05,82300.0,1270.0,56300.0,1.0,True,0.01,0.95,10.0,39600.0,0.938,0.139
5907,1 - 1 - 2022,19800.0,2.6683328128252666,2.3713730200033902,3.1622776601683795,0.000501,0.000398107,0.000630957,0.44,0.4,0.5,0.0778,0.05,0.1,204000.0,2000.0,147000.0,1.0,True,0.01,0.95,10.0,39600.0,0.938,0.139
5908,1 - 1 - 2022,19800.0,2.6551836094703507,2.3713730200033902,3.1622776601683795,0.000528,0.000398107,0.000630957,0.442,0.4,0.5,0.153,0.1,0.2,399000.0,1980.0,256000.0,1.0,True,0.01,0.95,10.0,39600.0,0.938,0.139
5909,1 - 1 - 2022,19800.0,2.6476404589747453,2.3713730200033902,3.1622776601683795,0.000517,0.000398107,0.000630957,0.445,0.4,0.5,0.25,0.2,0.3,576000.0,2380.0,392000.0,1.0,True,0.01,0.95,10.0,39600.0,0.938,0.139
5910,1 - 1 - 2022,19800.0,2.6814175355583845,2.3713730200033902,3.1622776601683795,0.000519,0.000398107,0.000630957,0.44,0.4,0.5,0.347,0.3,0.4,630000.0,2490.0,446000.0,1.0,True,0.01,0.95,10.0,39600.0,0.938,0.139
5911,1 - 1 - 2022,19800.0,2.6532998322843198,2.3713730200033902,3.1622776601683795,0.000523,0.000398107,0.000630957,0.443,0.4,0.5,0.45,0.4,0.5,537000.0,2300.0,353000.0,1.0,True,0.01,0.95,10.0,39600.0,0.938,0.139
5912,1 - 1 - 2022,19800.0,2.677685567799177,2.3713730200033902,3.1622776601683795,0.000525,0.000398107,0.000630957,0.444,0.4,0.5,0.547,0.5,0.6,494000.0,2200.0,349000.0,1.0,True,0.01,0.95,10.0,39600.0,0.938,0.139
5913,1 - 1 - 2022,19800.0,2.6851443164195103,2.3713730200033902,3.1622776601683795,0.00051,0.000398107,0.000630957,0.444,0.4,0.5,0.646,0.6,0.7,457000.0,2120.0,355000.0,1.0,True,0.01,0.95,10.0,39600.0,0.938,0.139
5914,1 - 1 - 2022,19800.0,2.6851443164195103,2.3713730200033902,3.1622776601683795,0.00051,0.000398107,0.000630957,0.446,0.4,0.5,0.747,0.7,0.8,370000.0,1910.0,301000.0,1.0,True,0.01,0.95,10.0,39600.0,0.938,0.139
5915,1 - 1 - 2022,19800.0,2.6795522013948525,2.3713730200033902,3.1622776601683795,0.000514,0.000398107,0.000630957,0.44,0.4,0.5,0.845,0.8,0.9,284000.0,1670.0,201000.0,1.0,True,0.01,0.95,10.0,39600.0,0.938,0.139
5916,1 - 1 - 2022,19800.0,2.6457513110645907,2.3713730200033902,3.1622776601683795,0.000511,0.000398107,0.000630957,0.444,0.4,0.5,0.944,0.9,1.0,197000.0,1390.0,136000.0,1.0,True,0.01,0.95,10.0,39600.0,0.938,0.139
5917,1 - 1 - 2022,19800.0,2.6720778431774774,2.3713730200033902,3.1622776601683795,0.000512,0.000398107,0.000630957,0.443,0.4,0.5,1.2,1.0,1.5,75800.0,386.0,55500.0,1.0,True,0.01,0.95,10.0,39600.0,0.938,0.139
5918,1 - 1 - 2022,19800.0,2.5903667693977237,2.3713730200033902,3.1622776601683795,0.000524,0.000398107,0.000630957,0.445,0.4,0.5,1.73,1.5,2.0,18200.0,189.0,9960.0,1.0,True,0.01,0.95,10.0,39600.0,0.938,0.139
5919,1 - 1 - 2022,19800.0,2.692582403567252,2.3713730200033902,3.1622776601683795,0.000516,0.000398107,0.000630957,0.441,0.4,0.5,2.73,2.0,4.0,6930.0,58.3,5740.0,1.0,True,0.01,0.95,10.0,39600.0,0.938,0.139
5920,1 - 1 - 2022,19800.0,2.588435821108957,2.3713730200033902,3.1622776601683795,0.000523,0.000398107,0.000630957,0.54,0.5,0.6,0.0353,0.0,0.05,34700.0,825.0,30300.0,1.0,True,0.01,0.95,10.0,39600.0,0.938,0.139
5921,1 - 1 - 2022,19800.0,2.6645825188948455,2.3713730200033902,3.1622776601683795,0.000515,0.000398107,0.000630957,0.548,0.5,0.6,0.154,0.1,0.2,204000.0,1410.0,195000.0,1.0,True,0.01,0.95,10.0,39600.0,0.938,0.139
5922,1 - 1 - 2022,19800.0,2.6814175355583845,2.3713730200033902,3.1622776601683795,0.000518,0.000398107,0.000630957,0.544,0.5,0.6,0.248,0.2,0.3,253000.0,1580.0,240000.0,1.0,True,0.01,0.95,10.0,39600.0,0.938,0.139
5923,1 - 1 - 2022,19800.0,2.6739483914241875,2.3713730200033902,3.1622776601683795,0.000523,0.000398107,0.000630957,0.547,0.5,0.6,0.352,0.3,0.4,323000.0,1780.0,301000.0,1.0,True,0.01,0.95,10.0,39600.0,0.938,0.139
5924,1 - 1 - 2022,19800.0,2.6664583251946765,2.3713730200033902,3.1622776601683795,0.000516,0.000398107,0.000630957,0.545,0.5,0.6,0.446,0.4,0.5,262000.0,1600.0,247000.0,1.0,True,0.01,0.95,10.0,39600.0,0.938,0.139
5925,1 - 1 - 2022,19800.0,2.6476404589747453,2.3713730200033902,3.1622776601683795,0.000522,0.000398107,0.000630957,0.546,0.5,0.6,0.549,0.5,0.6,275000.0,1640.0,266000.0,1.0,True,0.01,0.95,10.0,39600.0,0.938,0.139
5926,1 - 1 - 2022,19800.0,2.649528259898354,2.3713730200033902,3.1622776601683795,0.00051,0.000398107,0.000630957,0.542,0.5,0.6,0.651,0.6,0.7,256000.0,1580.0,240000.0,1.0,True,0.01,0.95,10.0,39600.0,0.938,0.139
5927,1 - 1 - 2022,19800.0,2.6832815729997477,2.3713730200033902,3.1622776601683795,0.00052,0.000398107,0.000630957,0.548,0.5,0.6,0.749,0.7,0.8,188000.0,1360.0,182000.0,1.0,True,0.01,0.95,10.0,39600.0,0.938,0.139
5928,1 - 1 - 2022,19800.0,2.694438717061496,2.3713730200033902,3.1622776601683795,0.000514,0.000398107,0.000630957,0.549,0.5,0.6,0.844,0.8,0.9,162000.0,1260.0,160000.0,1.0,True,0.01,0.95,10.0,39600.0,0.938,0.139
5929,1 - 1 - 2022,19800.0,2.7037011669191546,2.3713730200033902,3.1622776601683795,0.000509,0.000398107,0.000630957,0.546,0.5,0.6,1.17,1.0,1.5,54600.0,327.0,52900.0,1.0,True,0.01,0.95,10.0,39600.0,0.938,0.139
5930,1 - 1 - 2022,19800.0,2.6795522013948525,2.3713730200033902,3.1622776601683795,0.000531,0.000398107,0.000630957,0.542,0.5,0.6,1.69,1.5,2.0,9100.0,134.0,7360.0,1.0,True,0.01,0.95,10.0,39600.0,0.938,0.139
5931,1 - 1 - 2022,19800.0,2.734958866235469,2.3713730200033902,3.1622776601683795,0.000796,0.000630957,0.001,0.0184,0.0,0.05,0.0782,0.05,0.1,10100000.0,15800.0,10000000.0,1.0,True,0.01,0.95,10.0,39600.0,0.938,0.139
5932,1 - 1 - 2022,19800.0,2.7313000567495327,2.3713730200033902,3.1622776601683795,0.000798,0.000630957,0.001,0.0162,0.0,0.05,0.154,0.1,0.2,21400000.0,16300.0,19000000.0,1.0,True,0.01,0.95,10.0,39600.0,0.938,0.139
5933,1 - 1 - 2022,19800.0,2.72213151776324,2.3713730200033902,3.1622776601683795,0.0008,0.000630957,0.001,0.0148,0.0,0.05,0.251,0.2,0.3,30100000.0,19300.0,21800000.0,1.0,True,0.01,0.95,10.0,39600.0,0.938,0.139
5934,1 - 1 - 2022,19800.0,2.7294688127912363,2.3713730200033902,3.1622776601683795,0.0008,0.000630957,0.001,0.0143,0.0,0.05,0.349,0.3,0.4,30600000.0,19500.0,19100000.0,1.0,True,0.01,0.95,10.0,39600.0,0.938,0.139
5935,1 - 1 - 2022,19800.0,2.72213151776324,2.3713730200033902,3.1622776601683795,0.000798,0.000630957,0.001,0.0143,0.0,0.05,0.448,0.4,0.5,26700000.0,18200.0,12800000.0,1.0,True,0.01,0.95,10.0,39600.0,0.938,0.139
5936,1 - 1 - 2022,19800.0,2.727636339397171,2.3713730200033902,3.1622776601683795,0.000798,0.000630957,0.001,0.0148,0.0,0.05,0.547,0.5,0.6,21300000.0,16200.0,7930000.0,1.0,True,0.01,0.95,10.0,39600.0,0.938,0.139
5937,1 - 1 - 2022,19800.0,2.723967694375247,2.3713730200033902,3.1622776601683795,0.000799,0.000630957,0.001,0.015,0.0,0.05,0.647,0.6,0.7,15000000.0,13600.0,4970000.0,1.0,True,0.01,0.95,10.0,39600.0,0.938,0.139
5938,1 - 1 - 2022,19800.0,2.7202941017470885,2.3713730200033902,3.1622776601683795,0.000801,0.000630957,0.001,0.0156,0.0,0.05,0.747,0.7,0.8,10200000.0,11200.0,2680000.0,1.0,True,0.01,0.95,10.0,39600.0,0.938,0.139
5939,1 - 1 - 2022,19800.0,2.7331300737432898,2.3713730200033902,3.1622776601683795,0.0008,0.000630957,0.001,0.0162,0.0,0.05,0.847,0.8,0.9,6720000.0,9120.0,1240000.0,1.0,True,0.01,0.95,10.0,39600.0,0.938,0.139
5940,1 - 1 - 2022,19800.0,2.7313000567495327,2.3713730200033902,3.1622776601683795,0.000801,0.000630957,0.001,0.017,0.0,0.05,0.947,0.9,1.0,4200000.0,7210.0,547000.0,1.0,True,0.01,0.95,10.0,39600.0,0.938,0.139
5941,1 - 1 - 2022,19800.0,2.7294688127912363,2.3713730200033902,3.1622776601683795,0.000802,0.000630957,0.001,0.0187,0.0,0.05,1.16,1.0,1.5,1270000.0,1770.0,92400.0,1.0,True,0.01,0.95,10.0,39600.0,0.938,0.139
5942,1 - 1 - 2022,19800.0,2.7313000567495327,2.3713730200033902,3.1622776601683795,0.000799,0.000630957,0.001,0.0222,0.0,0.05,1.69,1.5,2.0,175000.0,658.0,4920.0,1.0,True,0.01,0.95,10.0,39600.0,0.938,0.139
5943,1 - 1 - 2022,19800.0,2.7422618401604177,2.3713730200033902,3.1622776601683795,0.000782,0.000630957,0.001,0.0277,0.0,0.05,2.48,2.0,4.0,20500.0,113.0,410.0,1.0,True,0.01,0.95,10.0,39600.0,0.938,0.139
5944,1 - 1 - 2022,19800.0,2.7184554438136375,2.3713730200033902,3.1622776601683795,0.000797,0.000630957,0.001,0.0729,0.05,0.1,0.0771,0.05,0.1,3560000.0,9390.0,3480000.0,1.0,True,0.01,0.95,10.0,39600.0,0.938,0.139
5945,1 - 1 - 2022,19800.0,2.72213151776324,2.3713730200033902,3.1622776601683795,0.000802,0.000630957,0.001,0.0733,0.05,0.1,0.153,0.1,0.2,5850000.0,8510.0,5380000.0,1.0,True,0.01,0.95,10.0,39600.0,0.938,0.139
5946,1 - 1 - 2022,19800.0,2.716615541441225,2.3713730200033902,3.1622776601683795,0.000803,0.000630957,0.001,0.0728,0.05,0.1,0.25,0.2,0.3,7780000.0,9810.0,6570000.0,1.0,True,0.01,0.95,10.0,39600.0,0.938,0.139
5947,1 - 1 - 2022,19800.0,2.7147743920996454,2.3713730200033902,3.1622776601683795,0.000804,0.000630957,0.001,0.0728,0.05,0.1,0.349,0.3,0.4,7630000.0,9720.0,5350000.0,1.0,True,0.01,0.95,10.0,39600.0,0.938,0.139
5948,1 - 1 - 2022,19800.0,2.7184554438136375,2.3713730200033902,3.1622776601683795,0.000804,0.000630957,0.001,0.0727,0.05,0.1,0.448,0.4,0.5,6820000.0,9190.0,3520000.0,1.0,True,0.01,0.95,10.0,39600.0,0.938,0.139
5949,1 - 1 - 2022,19800.0,2.727636339397171,2.3713730200033902,3.1622776601683795,0.000802,0.000630957,0.001,0.0728,0.05,0.1,0.548,0.5,0.6,5460000.0,8220.0,2250000.0,1.0,True,0.01,0.95,10.0,39600.0,0.938,0.139
5950,1 - 1 - 2022,19800.0,2.7184554438136375,2.3713730200033902,3.1622776601683795,0.000801,0.000630957,0.001,0.0727,0.05,0.1,0.647,0.6,0.7,4120000.0,7140.0,1610000.0,1.0,True,0.01,0.95,10.0,39600.0,0.938,0.139
5951,1 - 1 - 2022,19800.0,2.7129319932501073,2.3713730200033902,3.1622776601683795,0.000801,0.000630957,0.001,0.073,0.05,0.1,0.747,0.7,0.8,2880000.0,5980.0,831000.0,1.0,True,0.01,0.95,10.0,39600.0,0.938,0.139
5952,1 - 1 - 2022,19800.0,2.716615541441225,2.3713730200033902,3.1622776601683795,0.000805,0.000630957,0.001,0.0731,0.05,0.1,0.848,0.8,0.9,1840000.0,4770.0,369000.0,1.0,True,0.01,0.95,10.0,39600.0,0.938,0.139
5953,1 - 1 - 2022,19800.0,2.7202941017470885,2.3713730200033902,3.1622776601683795,0.000807,0.000630957,0.001,0.073,0.05,0.1,0.947,0.9,1.0,1290000.0,4000.0,10900.0,1.0,True,0.01,0.95,10.0,39600.0,0.938,0.139
5954,1 - 1 - 2022,19800.0,2.7422618401604177,2.3713730200033902,3.1622776601683795,0.000804,0.000630957,0.001,0.0728,0.05,0.1,1.18,1.0,1.5,537000.0,1150.0,0.236,1.0,True,0.01,0.95,10.0,39600.0,0.938,0.139
5955,1 - 1 - 2022,19800.0,2.723967694375247,2.3713730200033902,3.1622776601683795,0.000801,0.000630957,0.001,0.0733,0.05,0.1,1.7,1.5,2.0,125000.0,556.0,0.0,1.0,True,0.01,0.95,10.0,39600.0,0.938,0.139
5956,1 - 1 - 2022,19800.0,2.727636339397171,2.3713730200033902,3.1622776601683795,0.000799,0.000630957,0.001,0.0733,0.05,0.1,2.48,2.0,4.0,19100.0,109.0,957.0,1.0,True,0.01,0.95,10.0,39600.0,0.938,0.139
5957,1 - 1 - 2022,19800.0,2.7202941017470885,2.3713730200033902,3.1622776601683795,0.000791,0.000630957,0.001,0.124,0.1,0.15,0.0336,0.0,0.05,722000.0,4230.0,689000.0,1.0,True,0.01,0.95,10.0,39600.0,0.938,0.139
5958,1 - 1 - 2022,19800.0,2.7202941017470885,2.3713730200033902,3.1622776601683795,0.000804,0.000630957,0.001,0.123,0.1,0.15,0.0779,0.05,0.1,2310000.0,7570.0,2240000.0,1.0,True,0.01,0.95,10.0,39600.0,0.938,0.139
5959,1 - 1 - 2022,19800.0,2.7092434368288134,2.3713730200033902,3.1622776601683795,0.000803,0.000630957,0.001,0.123,0.1,0.15,0.155,0.1,0.2,3920000.0,6970.0,3760000.0,1.0,True,0.01,0.95,10.0,39600.0,0.938,0.139
5960,1 - 1 - 2022,19800.0,2.716615541441225,2.3713730200033902,3.1622776601683795,0.000805,0.000630957,0.001,0.123,0.1,0.15,0.25,0.2,0.3,5050000.0,7910.0,4810000.0,1.0,True,0.01,0.95,10.0,39600.0,0.938,0.139
5961,1 - 1 - 2022,19800.0,2.723967694375247,2.3713730200033902,3.1622776601683795,0.000803,0.000630957,0.001,0.123,0.1,0.15,0.349,0.3,0.4,4960000.0,7840.0,4490000.0,1.0,True,0.01,0.95,10.0,39600.0,0.938,0.139
5962,1 - 1 - 2022,19800.0,2.716615541441225,2.3713730200033902,3.1622776601683795,0.000804,0.000630957,0.001,0.123,0.1,0.15,0.449,0.4,0.5,4410000.0,7390.0,3610000.0,1.0,True,0.01,0.95,10.0,39600.0,0.938,0.139
5963,1 - 1 - 2022,19800.0,2.7184554438136375,2.3713730200033902,3.1622776601683795,0.000804,0.000630957,0.001,0.123,0.1,0.15,0.548,0.5,0.6,3380000.0,6470.0,2400000.0,1.0,True,0.01,0.95,10.0,39600.0,0.938,0.139
5964,1 - 1 - 2022,19800.0,2.723967694375247,2.3713730200033902,3.1622776601683795,0.000808,0.000630957,0.001,0.124,0.1,0.15,0.646,0.6,0.7,2680000.0,5760.0,1530000.0,1.0,True,0.01,0.95,10.0,39600.0,0.938,0.139
5965,1 - 1 - 2022,19800.0,2.7129319932501073,2.3713730200033902,3.1622776601683795,0.000802,0.000630957,0.001,0.123,0.1,0.15,0.746,0.7,0.8,1970000.0,4940.0,834000.0,1.0,True,0.01,0.95,10.0,39600.0,0.938,0.139
5966,1 - 1 - 2022,19800.0,2.7184554438136375,2.3713730200033902,3.1622776601683795,0.000799,0.000630957,0.001,0.124,0.1,0.15,0.848,0.8,0.9,1280000.0,3980.0,333000.0,1.0,True,0.01,0.95,10.0,39600.0,0.938,0.139
5967,1 - 1 - 2022,19800.0,2.727636339397171,2.3713730200033902,3.1622776601683795,0.000796,0.000630957,0.001,0.122,0.1,0.15,0.947,0.9,1.0,910000.0,3360.0,131000.0,1.0,True,0.01,0.95,10.0,39600.0,0.938,0.139
5968,1 - 1 - 2022,19800.0,2.7147743920996454,2.3713730200033902,3.1622776601683795,0.000804,0.000630957,0.001,0.123,0.1,0.15,1.19,1.0,1.5,412000.0,1010.0,9840.0,1.0,True,0.01,0.95,10.0,39600.0,0.938,0.139
5969,1 - 1 - 2022,19800.0,2.723967694375247,2.3713730200033902,3.1622776601683795,0.00079,0.000630957,0.001,0.125,0.1,0.15,1.71,1.5,2.0,90200.0,473.0,0.0,1.0,True,0.01,0.95,10.0,39600.0,0.938,0.139
5970,1 - 1 - 2022,19800.0,2.711088342345192,2.3713730200033902,3.1622776601683795,0.000794,0.000630957,0.001,0.125,0.1,0.15,2.61,2.0,4.0,15300.0,97.4,1230.0,1.0,True,0.01,0.95,10.0,39600.0,0.938,0.139
5971,1 - 1 - 2022,19800.0,2.6888659319497505,2.3713730200033902,3.1622776601683795,0.000818,0.000630957,0.001,0.173,0.15,0.2,0.0323,0.0,0.05,459000.0,3370.0,333000.0,1.0,True,0.01,0.95,10.0,39600.0,0.938,0.139
5972,1 - 1 - 2022,19800.0,2.7331300737432898,2.3713730200033902,3.1622776601683795,0.000811,0.000630957,0.001,0.172,0.15,0.2,0.0788,0.05,0.1,1380000.0,5840.0,946000.0,1.0,True,0.01,0.95,10.0,39600.0,0.938,0.139
5973,1 - 1 - 2022,19800.0,2.7202941017470885,2.3713730200033902,3.1622776601683795,0.000803,0.000630957,0.001,0.173,0.15,0.2,0.154,0.1,0.2,2590000.0,5660.0,1790000.0,1.0,True,0.01,0.95,10.0,39600.0,0.938,0.139
5974,1 - 1 - 2022,19800.0,2.7129319932501073,2.3713730200033902,3.1622776601683795,0.0008,0.000630957,0.001,0.173,0.15,0.2,0.249,0.2,0.3,3400000.0,6490.0,2400000.0,1.0,True,0.01,0.95,10.0,39600.0,0.938,0.139
5975,1 - 1 - 2022,19800.0,2.716615541441225,2.3713730200033902,3.1622776601683795,0.000805,0.000630957,0.001,0.173,0.15,0.2,0.349,0.3,0.4,3380000.0,6470.0,2230000.0,1.0,True,0.01,0.95,10.0,39600.0,0.938,0.139
5976,1 - 1 - 2022,19800.0,2.725802634087802,2.3713730200033902,3.1622776601683795,0.000805,0.000630957,0.001,0.174,0.15,0.2,0.448,0.4,0.5,3080000.0,6170.0,1890000.0,1.0,True,0.01,0.95,10.0,39600.0,0.938,0.139
5977,1 - 1 - 2022,19800.0,2.727636339397171,2.3713730200033902,3.1622776601683795,0.000797,0.000630957,0.001,0.173,0.15,0.2,0.549,0.5,0.6,2540000.0,5610.0,1400000.0,1.0,True,0.01,0.95,10.0,39600.0,0.938,0.139
5978,1 - 1 - 2022,19800.0,2.723967694375247,2.3713730200033902,3.1622776601683795,0.000795,0.000630957,0.001,0.174,0.15,0.2,0.647,0.6,0.7,2020000.0,5000.0,921000.0,1.0,True,0.01,0.95,10.0,39600.0,0.938,0.139
5979,1 - 1 - 2022,19800.0,2.716615541441225,2.3713730200033902,3.1622776601683795,0.000809,0.000630957,0.001,0.174,0.15,0.2,0.748,0.7,0.8,1600000.0,4450.0,612000.0,1.0,True,0.01,0.95,10.0,39600.0,0.938,0.139
5980,1 - 1 - 2022,19800.0,2.7404379212089442,2.3713730200033902,3.1622776601683795,0.000812,0.000630957,0.001,0.174,0.15,0.2,0.845,0.8,0.9,1080000.0,3660.0,314000.0,1.0,True,0.01,0.95,10.0,39600.0,0.938,0.139
5981,1 - 1 - 2022,19800.0,2.7147743920996454,2.3713730200033902,3.1622776601683795,0.000794,0.000630957,0.001,0.173,0.15,0.2,0.944,0.9,1.0,702000.0,2950.0,161000.0,1.0,True,0.01,0.95,10.0,39600.0,0.938,0.139
5982,1 - 1 - 2022,19800.0,2.725802634087802,2.3713730200033902,3.1622776601683795,0.000802,0.000630957,0.001,0.173,0.15,0.2,1.19,1.0,1.5,305000.0,868.0,25100.0,1.0,True,0.01,0.95,10.0,39600.0,0.938,0.139
5983,1 - 1 - 2022,19800.0,2.7294688127912363,2.3713730200033902,3.1622776601683795,0.000791,0.000630957,0.001,0.176,0.15,0.2,1.7,1.5,2.0,80900.0,448.0,0.0,1.0,True,0.01,0.95,10.0,39600.0,0.938,0.139
5984,1 - 1 - 2022,19800.0,2.749545416973504,2.3713730200033902,3.1622776601683795,0.000787,0.000630957,0.001,0.173,0.15,0.2,2.58,2.0,4.0,16700.0,102.0,547.0,1.0,True,0.01,0.95,10.0,39600.0,0.938,0.139
5985,1 - 1 - 2022,19800.0,2.711088342345192,2.3713730200033902,3.1622776601683795,0.000824,0.000630957,0.001,0.221,0.2,0.25,0.0329,0.0,0.05,262000.0,2550.0,98400.0,1.0,True,0.01,0.95,10.0,39600.0,0.938,0.139
5986,1 - 1 - 2022,19800.0,2.701851217221259,2.3713730200033902,3.1622776601683795,0.000788,0.000630957,0.001,0.22,0.2,0.25,0.0759,0.05,0.1,886000.0,4680.0,224000.0,1.0,True,0.01,0.95,10.0,39600.0,0.938,0.139
5987,1 - 1 - 2022,19800.0,2.7092434368288134,2.3713730200033902,3.1622776601683795,0.000801,0.000630957,0.001,0.223,0.2,0.25,0.153,0.1,0.2,1690000.0,4570.0,462000.0,1.0,True,0.01,0.95,10.0,39600.0,0.938,0.139
5988,1 - 1 - 2022,19800.0,2.7184554438136375,2.3713730200033902,3.1622776601683795,0.000801,0.000630957,0.001,0.223,0.2,0.25,0.252,0.2,0.3,2260000.0,5290.0,634000.0,1.0,True,0.01,0.95,10.0,39600.0,0.938,0.139
5989,1 - 1 - 2022,19800.0,2.72213151776324,2.3713730200033902,3.1622776601683795,0.000815,0.000630957,0.001,0.223,0.2,0.25,0.352,0.3,0.4,2360000.0,5410.0,705000.0,1.0,True,0.01,0.95,10.0,39600.0,0.938,0.139
5990,1 - 1 - 2022,19800.0,2.7129319932501073,2.3713730200033902,3.1622776601683795,0.000807,0.000630957,0.001,0.224,0.2,0.25,0.448,0.4,0.5,2120000.0,5120.0,577000.0,1.0,True,0.01,0.95,10.0,39600.0,0.938,0.139
5991,1 - 1 - 2022,19800.0,2.7129319932501073,2.3713730200033902,3.1622776601683795,0.000798,0.000630957,0.001,0.223,0.2,0.25,0.548,0.5,0.6,1880000.0,4830.0,413000.0,1.0,True,0.01,0.95,10.0,39600.0,0.938,0.139
5992,1 - 1 - 2022,19800.0,2.7331300737432898,2.3713730200033902,3.1622776601683795,0.000811,0.000630957,0.001,0.225,0.2,0.25,0.648,0.6,0.7,1440000.0,4220.0,221000.0,1.0,True,0.01,0.95,10.0,39600.0,0.938,0.139
5993,1 - 1 - 2022,19800.0,2.72213151776324,2.3713730200033902,3.1622776601683795,0.0008,0.000630957,0.001,0.224,0.2,0.25,0.749,0.7,0.8,1100000.0,3700.0,142000.0,1.0,True,0.01,0.95,10.0,39600.0,0.938,0.139
5994,1 - 1 - 2022,19800.0,2.7313000567495327,2.3713730200033902,3.1622776601683795,0.000799,0.000630957,0.001,0.224,0.2,0.25,0.846,0.8,0.9,828000.0,3200.0,73800.0,1.0,True,0.01,0.95,10.0,39600.0,0.938,0.139
5995,1 - 1 - 2022,19800.0,2.7477263328068173,2.3713730200033902,3.1622776601683795,0.000798,0.000630957,0.001,0.225,0.2,0.25,0.947,0.9,1.0,519000.0,2540.0,46500.0,1.0,True,0.01,0.95,10.0,39600.0,0.938,0.139
5996,1 - 1 - 2022,19800.0,2.7440845468024486,2.3713730200033902,3.1622776601683795,0.000805,0.000630957,0.001,0.223,0.2,0.25,1.2,1.0,1.5,219000.0,737.0,12000.0,1.0,True,0.01,0.95,10.0,39600.0,0.938,0.139
5997,1 - 1 - 2022,19800.0,2.745906043549196,2.3713730200033902,3.1622776601683795,0.000812,0.000630957,0.001,0.225,0.2,0.25,1.72,1.5,2.0,78700.0,442.0,0.0,1.0,True,0.01,0.95,10.0,39600.0,0.938,0.139
5998,1 - 1 - 2022,19800.0,2.7477263328068173,2.3713730200033902,3.1622776601683795,0.000782,0.000630957,0.001,0.225,0.2,0.25,2.56,2.0,4.0,13800.0,92.4,273.0,1.0,True,0.01,0.95,10.0,39600.0,0.938,0.139
5999,1 - 1 - 2022,19800.0,2.716615541441225,2.3713730200033902,3.1622776601683795,0.000787,0.000630957,0.001,0.277,0.25,0.3,0.033,0.0,0.05,208000.0,2270.0,0.0,1.0,True,0.01,0.95,10.0,39600.0,0.938,0.139
6000,1 - 1 - 2022,19800.0,2.725802634087802,2.3713730200033902,3.1622776601683795,0.000822,0.000630957,0.001,0.274,0.25,0.3,0.0775,0.05,0.1,569000.0,3750.0,32800.0,1.0,True,0.01,0.95,10.0,39600.0,0.938,0.139
6001,1 - 1 - 2022,19800.0,2.6981475126464085,2.3713730200033902,3.1622776601683795,0.000802,0.000630957,0.001,0.273,0.25,0.3,0.155,0.1,0.2,1140000.0,3760.0,57400.0,1.0,True,0.01,0.95,10.0,39600.0,0.938,0.139
6002,1 - 1 - 2022,19800.0,2.705549851693737,2.3713730200033902,3.1622776601683795,0.00081,0.000630957,0.001,0.273,0.25,0.3,0.254,0.2,0.3,1540000.0,4370.0,76500.0,1.0,True,0.01,0.95,10.0,39600.0,0.938,0.139
6003,1 - 1 - 2022,19800.0,2.716615541441225,2.3713730200033902,3.1622776601683795,0.000796,0.000630957,0.001,0.273,0.25,0.3,0.351,0.3,0.4,1680000.0,4560.0,104000.0,1.0,True,0.01,0.95,10.0,39600.0,0.938,0.139
6004,1 - 1 - 2022,19800.0,2.7147743920996454,2.3713730200033902,3.1622776601683795,0.000808,0.000630957,0.001,0.273,0.25,0.3,0.449,0.4,0.5,1490000.0,4290.0,131000.0,1.0,True,0.01,0.95,10.0,39600.0,0.938,0.139
6005,1 - 1 - 2022,19800.0,2.7129319932501073,2.3713730200033902,3.1622776601683795,0.000806,0.000630957,0.001,0.272,0.25,0.3,0.549,0.5,0.6,1300000.0,4010.0,87500.0,1.0,True,0.01,0.95,10.0,39600.0,0.938,0.139
6006,1 - 1 - 2022,19800.0,2.7313000567495327,2.3713730200033902,3.1622776601683795,0.000795,0.000630957,0.001,0.274,0.25,0.3,0.648,0.6,0.7,1120000.0,3720.0,60100.0,1.0,True,0.01,0.95,10.0,39600.0,0.938,0.139
6007,1 - 1 - 2022,19800.0,2.7184554438136375,2.3713730200033902,3.1622776601683795,0.000791,0.000630957,0.001,0.274,0.25,0.3,0.746,0.7,0.8,853000.0,3250.0,16400.0,1.0,True,0.01,0.95,10.0,39600.0,0.938,0.139
6008,1 - 1 - 2022,19800.0,2.7202941017470885,2.3713730200033902,3.1622776601683795,0.000793,0.000630957,0.001,0.274,0.25,0.3,0.849,0.8,0.9,612000.0,2750.0,5470.0,1.0,True,0.01,0.95,10.0,39600.0,0.938,0.139
6009,1 - 1 - 2022,19800.0,2.7440845468024486,2.3713730200033902,3.1622776601683795,0.00081,0.000630957,0.001,0.273,0.25,0.3,0.942,0.9,1.0,394000.0,2210.0,8200.0,1.0,True,0.01,0.95,10.0,39600.0,0.938,0.139
6010,1 - 1 - 2022,19800.0,2.723967694375247,2.3713730200033902,3.1622776601683795,0.000797,0.000630957,0.001,0.274,0.25,0.3,1.18,1.0,1.5,183000.0,673.0,3280.0,1.0,True,0.01,0.95,10.0,39600.0,0.938,0.139
6011,1 - 1 - 2022,19800.0,2.711088342345192,2.3713730200033902,3.1622776601683795,0.000802,0.000630957,0.001,0.275,0.25,0.3,1.72,1.5,2.0,58500.0,381.0,0.0,1.0,True,0.01,0.95,10.0,39600.0,0.938,0.139
6012,1 - 1 - 2022,19800.0,2.7440845468024486,2.3713730200033902,3.1622776601683795,0.0008,0.000630957,0.001,0.276,0.25,0.3,2.57,2.0,4.0,8750.0,73.6,547.0,1.0,True,0.01,0.95,10.0,39600.0,0.938,0.139
6013,1 - 1 - 2022,19800.0,2.6476404589747453,2.3713730200033902,3.1622776601683795,0.000815,0.000630957,0.001,0.337,0.3,0.4,0.032,0.0,0.05,104000.0,1130.0,0.0,1.0,True,0.01,0.95,10.0,39600.0,0.938,0.139
6014,1 - 1 - 2022,19800.0,2.705549851693737,2.3713730200033902,3.1622776601683795,0.000801,0.000630957,0.001,0.343,0.3,0.4,0.0781,0.05,0.1,314000.0,1970.0,0.0,1.0,True,0.01,0.95,10.0,39600.0,0.938,0.139
6015,1 - 1 - 2022,19800.0,2.7184554438136375,2.3713730200033902,3.1622776601683795,0.0008,0.000630957,0.001,0.345,0.3,0.4,0.153,0.1,0.2,637000.0,1990.0,2730.0,1.0,True,0.01,0.95,10.0,39600.0,0.938,0.139
6016,1 - 1 - 2022,19800.0,2.7092434368288134,2.3713730200033902,3.1622776601683795,0.000802,0.000630957,0.001,0.344,0.3,0.4,0.253,0.2,0.3,849000.0,2290.0,1370.0,1.0,True,0.01,0.95,10.0,39600.0,0.938,0.139
6017,1 - 1 - 2022,19800.0,2.7184554438136375,2.3713730200033902,3.1622776601683795,0.000799,0.000630957,0.001,0.343,0.3,0.4,0.352,0.3,0.4,938000.0,2410.0,8200.0,1.0,True,0.01,0.95,10.0,39600.0,0.938,0.139
6018,1 - 1 - 2022,19800.0,2.7147743920996454,2.3713730200033902,3.1622776601683795,0.000804,0.000630957,0.001,0.346,0.3,0.4,0.449,0.4,0.5,886000.0,2340.0,20500.0,1.0,True,0.01,0.95,10.0,39600.0,0.938,0.139
6019,1 - 1 - 2022,19800.0,2.7386127875258306,2.3713730200033902,3.1622776601683795,0.000806,0.000630957,0.001,0.345,0.3,0.4,0.548,0.5,0.6,782000.0,2200.0,30100.0,1.0,True,0.01,0.95,10.0,39600.0,0.938,0.139
6020,1 - 1 - 2022,19800.0,2.7331300737432898,2.3713730200033902,3.1622776601683795,0.0008,0.000630957,0.001,0.346,0.3,0.4,0.647,0.6,0.7,677000.0,2050.0,32800.0,1.0,True,0.01,0.95,10.0,39600.0,0.938,0.139
6021,1 - 1 - 2022,19800.0,2.701851217221259,2.3713730200033902,3.1622776601683795,0.000808,0.000630957,0.001,0.345,0.3,0.4,0.751,0.7,0.8,541000.0,1830.0,19100.0,1.0,True,0.01,0.95,10.0,39600.0,0.938,0.139
6022,1 - 1 - 2022,19800.0,2.734958866235469,2.3713730200033902,3.1622776601683795,0.000794,0.000630957,0.001,0.343,0.3,0.4,0.847,0.8,0.9,450000.0,1670.0,10900.0,1.0,True,0.01,0.95,10.0,39600.0,0.938,0.139
6023,1 - 1 - 2022,19800.0,2.723967694375247,2.3713730200033902,3.1622776601683795,0.000808,0.000630957,0.001,0.343,0.3,0.4,0.947,0.9,1.0,292000.0,1350.0,5470.0,1.0,True,0.01,0.95,10.0,39600.0,0.938,0.139
6024,1 - 1 - 2022,19800.0,2.7404379212089442,2.3713730200033902,3.1622776601683795,0.000798,0.000630957,0.001,0.345,0.3,0.4,1.18,1.0,1.5,103000.0,356.0,820.0,1.0,True,0.01,0.95,10.0,39600.0,0.938,0.139
6025,1 - 1 - 2022,19800.0,2.7440845468024486,2.3713730200033902,3.1622776601683795,0.000816,0.000630957,0.001,0.343,0.3,0.4,1.73,1.5,2.0,32800.0,202.0,547.0,1.0,True,0.01,0.95,10.0,39600.0,0.938,0.139
6026,1 - 1 - 2022,19800.0,2.7331300737432898,2.3713730200033902,3.1622776601683795,0.000825,0.000630957,0.001,0.349,0.3,0.4,2.63,2.0,4.0,8340.0,50.8,1370.0,1.0,True,0.01,0.95,10.0,39600.0,0.938,0.139
6027,1 - 1 - 2022,19800.0,2.670205984563738,2.3713730200033902,3.1622776601683795,0.000768,0.000630957,0.001,0.439,0.4,0.5,0.0306,0.0,0.05,35500.0,663.0,5470.0,1.0,True,0.01,0.95,10.0,39600.0,0.938,0.139
6028,1 - 1 - 2022,19800.0,2.701851217221259,2.3713730200033902,3.1622776601683795,0.000808,0.000630957,0.001,0.452,0.4,0.5,0.0766,0.05,0.1,161000.0,1410.0,8200.0,1.0,True,0.01,0.95,10.0,39600.0,0.938,0.139
6029,1 - 1 - 2022,19800.0,2.6814175355583845,2.3713730200033902,3.1622776601683795,0.000816,0.000630957,0.001,0.445,0.4,0.5,0.152,0.1,0.2,267000.0,1280.0,15000.0,1.0,True,0.01,0.95,10.0,39600.0,0.938,0.139
6030,1 - 1 - 2022,19800.0,2.72213151776324,2.3713730200033902,3.1622776601683795,0.000809,0.000630957,0.001,0.443,0.4,0.5,0.248,0.2,0.3,444000.0,1660.0,41000.0,1.0,True,0.01,0.95,10.0,39600.0,0.938,0.139
6031,1 - 1 - 2022,19800.0,2.7184554438136375,2.3713730200033902,3.1622776601683795,0.000802,0.000630957,0.001,0.444,0.4,0.5,0.349,0.3,0.4,500000.0,1760.0,47800.0,1.0,True,0.01,0.95,10.0,39600.0,0.938,0.139
6032,1 - 1 - 2022,19800.0,2.701851217221259,2.3713730200033902,3.1622776601683795,0.000807,0.000630957,0.001,0.444,0.4,0.5,0.447,0.4,0.5,472000.0,1710.0,45100.0,1.0,True,0.01,0.95,10.0,39600.0,0.938,0.139
6033,1 - 1 - 2022,19800.0,2.727636339397171,2.3713730200033902,3.1622776601683795,0.000803,0.000630957,0.001,0.444,0.4,0.5,0.547,0.5,0.6,452000.0,1670.0,42400.0,1.0,True,0.01,0.95,10.0,39600.0,0.938,0.139
6034,1 - 1 - 2022,19800.0,2.7147743920996454,2.3713730200033902,3.1622776601683795,0.000809,0.000630957,0.001,0.446,0.4,0.5,0.649,0.6,0.7,370000.0,1510.0,41000.0,1.0,True,0.01,0.95,10.0,39600.0,0.938,0.139
6035,1 - 1 - 2022,19800.0,2.6851443164195103,2.3713730200033902,3.1622776601683795,0.000796,0.000630957,0.001,0.446,0.4,0.5,0.747,0.7,0.8,298000.0,1360.0,34200.0,1.0,True,0.01,0.95,10.0,39600.0,0.938,0.139
6036,1 - 1 - 2022,19800.0,2.711088342345192,2.3713730200033902,3.1622776601683795,0.000802,0.000630957,0.001,0.444,0.4,0.5,0.848,0.8,0.9,220000.0,1170.0,38300.0,1.0,True,0.01,0.95,10.0,39600.0,0.938,0.139
6037,1 - 1 - 2022,19800.0,2.745906043549196,2.3713730200033902,3.1622776601683795,0.000798,0.000630957,0.001,0.446,0.4,0.5,0.949,0.9,1.0,165000.0,1010.0,24600.0,1.0,True,0.01,0.95,10.0,39600.0,0.938,0.139
6038,1 - 1 - 2022,19800.0,2.727636339397171,2.3713730200033902,3.1622776601683795,0.000802,0.000630957,0.001,0.446,0.4,0.5,1.18,1.0,1.5,65900.0,286.0,7930.0,1.0,True,0.01,0.95,10.0,39600.0,0.938,0.139
6039,1 - 1 - 2022,19800.0,2.701851217221259,2.3713730200033902,3.1622776601683795,0.000795,0.000630957,0.001,0.437,0.4,0.5,1.73,1.5,2.0,17500.0,147.0,2460.0,1.0,True,0.01,0.95,10.0,39600.0,0.938,0.139
6040,1 - 1 - 2022,19800.0,2.7184554438136375,2.3713730200033902,3.1622776601683795,0.00082,0.000630957,0.001,0.45,0.4,0.5,2.63,2.0,4.0,4920.0,39.0,1850.0,1.0,True,0.01,0.95,10.0,39600.0,0.938,0.139
6041,1 - 1 - 2022,19800.0,2.7184554438136375,2.3713730200033902,3.1622776601683795,0.000836,0.000630957,0.001,0.559,0.5,0.6,0.0358,0.0,0.05,16400.0,451.0,2730.0,1.0,True,0.01,0.95,10.0,39600.0,0.938,0.139
6042,1 - 1 - 2022,19800.0,2.6962937525425525,2.3713730200033902,3.1622776601683795,0.000788,0.000630957,0.001,0.543,0.5,0.6,0.0731,0.05,0.1,101000.0,1120.0,35500.0,1.0,True,0.01,0.95,10.0,39600.0,0.938,0.139
6043,1 - 1 - 2022,19800.0,2.7,2.3713730200033902,3.1622776601683795,0.000818,0.000630957,0.001,0.545,0.5,0.6,0.149,0.1,0.2,178000.0,1050.0,47800.0,1.0,True,0.01,0.95,10.0,39600.0,0.938,0.139
6044,1 - 1 - 2022,19800.0,2.6851443164195103,2.3713730200033902,3.1622776601683795,0.000813,0.000630957,0.001,0.546,0.5,0.6,0.252,0.2,0.3,235000.0,1210.0,61500.0,1.0,True,0.01,0.95,10.0,39600.0,0.938,0.139
6045,1 - 1 - 2022,19800.0,2.7073972741361767,2.3713730200033902,3.1622776601683795,0.000794,0.000630957,0.001,0.543,0.5,0.6,0.352,0.3,0.4,264000.0,1280.0,88800.0,1.0,True,0.01,0.95,10.0,39600.0,0.938,0.139
6046,1 - 1 - 2022,19800.0,2.756809750418044,2.3713730200033902,3.1622776601683795,0.000812,0.000630957,0.001,0.547,0.5,0.6,0.448,0.4,0.5,253000.0,1250.0,94300.0,1.0,True,0.01,0.95,10.0,39600.0,0.938,0.139
6047,1 - 1 - 2022,19800.0,2.7147743920996454,2.3713730200033902,3.1622776601683795,0.000796,0.000630957,0.001,0.541,0.5,0.6,0.548,0.5,0.6,202000.0,1120.0,65600.0,1.0,True,0.01,0.95,10.0,39600.0,0.938,0.139
6048,1 - 1 - 2022,19800.0,2.6664583251946765,2.3713730200033902,3.1622776601683795,0.000809,0.000630957,0.001,0.549,0.5,0.6,0.649,0.6,0.7,198000.0,1110.0,64200.0,1.0,True,0.01,0.95,10.0,39600.0,0.938,0.139
6049,1 - 1 - 2022,19800.0,2.7202941017470885,2.3713730200033902,3.1622776601683795,0.000788,0.000630957,0.001,0.541,0.5,0.6,0.751,0.7,0.8,168000.0,1020.0,62900.0,1.0,True,0.01,0.95,10.0,39600.0,0.938,0.139
6050,1 - 1 - 2022,19800.0,2.7073972741361767,2.3713730200033902,3.1622776601683795,0.00081,0.000630957,0.001,0.547,0.5,0.6,0.845,0.8,0.9,120000.0,863.0,49200.0,1.0,True,0.01,0.95,10.0,39600.0,0.938,0.139
6051,1 - 1 - 2022,19800.0,2.72213151776324,2.3713730200033902,3.1622776601683795,0.000803,0.000630957,0.001,0.541,0.5,0.6,0.952,0.9,1.0,75200.0,682.0,30100.0,1.0,True,0.01,0.95,10.0,39600.0,0.938,0.139
6052,1 - 1 - 2022,19800.0,2.7640549922170505,2.3713730200033902,3.1622776601683795,0.0008,0.000630957,0.001,0.546,0.5,0.6,1.18,1.0,1.5,38500.0,218.0,17200.0,1.0,True,0.01,0.95,10.0,39600.0,0.938,0.139
6053,1 - 1 - 2022,19800.0,2.6739483914241875,2.3713730200033902,3.1622776601683795,0.000799,0.000630957,0.001,0.546,0.5,0.6,1.7,1.5,2.0,8200.0,101.0,2460.0,1.0,True,0.01,0.95,10.0,39600.0,0.938,0.139
6054,1 - 1 - 2022,19800.0,2.711088342345192,2.3713730200033902,3.1622776601683795,0.000801,0.000630957,0.001,0.543,0.5,0.6,2.65,2.0,4.0,2870.0,29.8,2050.0,1.0,True,0.01,0.95,10.0,39600.0,0.938,0.139
6055,1 - 1 - 2022,19800.0,2.7694764848252458,2.3713730200033902,3.1622776601683795,0.000834,0.000630957,0.001,0.645,0.6,0.7,0.0356,0.0,0.05,10900.0,368.0,8200.0,1.0,True,0.01,0.95,10.0,39600.0,0.938,0.139
6056,1 - 1 - 2022,19800.0,2.7676705006196096,2.3713730200033902,3.1622776601683795,0.00079,0.000630957,0.001,0.636,0.6,0.7,0.0788,0.05,0.1,46500.0,759.0,35500.0,1.0,True,0.01,0.95,10.0,39600.0,0.938,0.139
6057,1 - 1 - 2022,19800.0,2.725802634087802,2.3713730200033902,3.1622776601683795,0.000819,0.000630957,0.001,0.64,0.6,0.7,0.158,0.1,0.2,71100.0,663.0,42400.0,1.0,True,0.01,0.95,10.0,39600.0,0.938,0.139
6058,1 - 1 - 2022,19800.0,2.716615541441225,2.3713730200033902,3.1622776601683795,0.000792,0.000630957,0.001,0.636,0.6,0.7,0.249,0.2,0.3,83400.0,718.0,50600.0,1.0,True,0.01,0.95,10.0,39600.0,0.938,0.139
6059,1 - 1 - 2022,19800.0,2.723967694375247,2.3713730200033902,3.1622776601683795,0.000794,0.000630957,0.001,0.65,0.6,0.7,0.347,0.3,0.4,128000.0,892.0,88800.0,1.0,True,0.01,0.95,10.0,39600.0,0.938,0.139
6060,1 - 1 - 2022,19800.0,2.711088342345192,2.3713730200033902,3.1622776601683795,0.000818,0.000630957,0.001,0.641,0.6,0.7,0.452,0.4,0.5,127000.0,887.0,72400.0,1.0,True,0.01,0.95,10.0,39600.0,0.938,0.139
6061,1 - 1 - 2022,19800.0,2.734958866235469,2.3713730200033902,3.1622776601683795,0.00078,0.000630957,0.001,0.642,0.6,0.7,0.546,0.5,0.6,105000.0,807.0,68300.0,1.0,True,0.01,0.95,10.0,39600.0,0.938,0.139
6062,1 - 1 - 2022,19800.0,2.7549954627911823,2.3713730200033902,3.1622776601683795,0.000807,0.000630957,0.001,0.648,0.6,0.7,0.643,0.6,0.7,108000.0,818.0,71100.0,1.0,True,0.01,0.95,10.0,39600.0,0.938,0.139
6063,1 - 1 - 2022,19800.0,2.7386127875258306,2.3713730200033902,3.1622776601683795,0.000801,0.000630957,0.001,0.654,0.6,0.7,0.748,0.7,0.8,77900.0,694.0,53300.0,1.0,True,0.01,0.95,10.0,39600.0,0.938,0.139
6064,1 - 1 - 2022,19800.0,2.723967694375247,2.3713730200033902,3.1622776601683795,0.000786,0.000630957,0.001,0.644,0.6,0.7,0.848,0.8,0.9,60100.0,610.0,43700.0,1.0,True,0.01,0.95,10.0,39600.0,0.938,0.139
6065,1 - 1 - 2022,19800.0,2.7331300737432898,2.3713730200033902,3.1622776601683795,0.000833,0.000630957,0.001,0.643,0.6,0.7,0.946,0.9,1.0,51900.0,567.0,31400.0,1.0,True,0.01,0.95,10.0,39600.0,0.938,0.139
6066,1 - 1 - 2022,19800.0,2.6907248094147422,2.3713730200033902,3.1622776601683795,0.000797,0.000630957,0.001,0.646,0.6,0.7,1.19,1.0,1.5,22400.0,167.0,15000.0,1.0,True,0.01,0.95,10.0,39600.0,0.938,0.139
6067,1 - 1 - 2022,19800.0,2.6457513110645907,2.3713730200033902,3.1622776601683795,0.000799,0.000630957,0.001,0.646,0.6,0.7,1.78,1.5,2.0,3010.0,61.0,2460.0,1.0,True,0.01,0.95,10.0,39600.0,0.938,0.139
6068,1 - 1 - 2022,19800.0,2.7658633371878665,2.3713730200033902,3.1622776601683795,0.000765,0.000630957,0.001,0.636,0.6,0.7,2.58,2.0,4.0,1370.0,20.6,1300.0,1.0,True,0.01,0.95,10.0,39600.0,0.938,0.139
6069,1 - 1 - 2022,19800.0,2.513961017995307,2.3713730200033902,3.1622776601683795,0.000892,0.000630957,0.001,0.725,0.7,0.8,0.0201,0.0,0.05,2730.0,184.0,0.0,1.0,True,0.01,0.95,10.0,39600.0,0.938,0.139
6070,1 - 1 - 2022,19800.0,2.670205984563738,2.3713730200033902,3.1622776601683795,0.00077,0.000630957,0.001,0.745,0.7,0.8,0.159,0.1,0.2,31400.0,441.0,27300.0,1.0,True,0.01,0.95,10.0,39600.0,0.938,0.139
6071,1 - 1 - 2022,19800.0,2.705549851693737,2.3713730200033902,3.1622776601683795,0.000798,0.000630957,0.001,0.743,0.7,0.8,0.261,0.2,0.3,57400.0,596.0,51900.0,1.0,True,0.01,0.95,10.0,39600.0,0.938,0.139
6072,1 - 1 - 2022,19800.0,2.716615541441225,2.3713730200033902,3.1622776601683795,0.000784,0.000630957,0.001,0.738,0.7,0.8,0.356,0.3,0.4,36900.0,478.0,31400.0,1.0,True,0.01,0.95,10.0,39600.0,0.938,0.139
6073,1 - 1 - 2022,19800.0,2.6814175355583845,2.3713730200033902,3.1622776601683795,0.000813,0.000630957,0.001,0.744,0.7,0.8,0.45,0.4,0.5,67000.0,644.0,56000.0,1.0,True,0.01,0.95,10.0,39600.0,0.938,0.139
6074,1 - 1 - 2022,19800.0,2.694438717061496,2.3713730200033902,3.1622776601683795,0.000795,0.000630957,0.001,0.738,0.7,0.8,0.548,0.5,0.6,62900.0,624.0,49200.0,1.0,True,0.01,0.95,10.0,39600.0,0.938,0.139
6075,1 - 1 - 2022,19800.0,2.7676705006196096,2.3713730200033902,3.1622776601683795,0.00081,0.000630957,0.001,0.742,0.7,0.8,0.653,0.6,0.7,57400.0,596.0,53300.0,1.0,True,0.01,0.95,10.0,39600.0,0.938,0.139
6076,1 - 1 - 2022,19800.0,2.670205984563738,2.3713730200033902,3.1622776601683795,0.000803,0.000630957,0.001,0.744,0.7,0.8,0.759,0.7,0.8,61500.0,617.0,51900.0,1.0,True,0.01,0.95,10.0,39600.0,0.938,0.139
6077,1 - 1 - 2022,19800.0,2.7766886753829643,2.3713730200033902,3.1622776601683795,0.000786,0.000630957,0.001,0.754,0.7,0.8,0.85,0.8,0.9,34200.0,460.0,31400.0,1.0,True,0.01,0.95,10.0,39600.0,0.938,0.139
6078,1 - 1 - 2022,19800.0,2.705549851693737,2.3713730200033902,3.1622776601683795,0.000804,0.000630957,0.001,0.751,0.7,0.8,0.946,0.9,1.0,34200.0,460.0,28700.0,1.0,True,0.01,0.95,10.0,39600.0,0.938,0.139
6079,1 - 1 - 2022,19800.0,2.7313000567495327,2.3713730200033902,3.1622776601683795,0.000809,0.000630957,0.001,0.753,0.7,0.8,1.18,1.0,1.5,13100.0,127.0,11500.0,1.0,True,0.01,0.95,10.0,39600.0,0.938,0.139
6080,1 - 1 - 2022,19800.0,2.6076809620810595,2.3713730200033902,3.1622776601683795,0.000832,0.000630957,0.001,0.735,0.7,0.8,1.7,1.5,2.0,1910.0,48.7,1640.0,1.0,True,0.01,0.95,10.0,39600.0,0.938,0.139
6081,1 - 1 - 2022,19800.0,2.7838821814150108,2.3713730200033902,3.1622776601683795,0.000928,0.000630957,0.001,0.732,0.7,0.8,3.66,2.0,4.0,205.0,7.96,137.0,1.0,True,0.01,0.95,10.0,39600.0,0.938,0.139
6082,1 - 1 - 2022,19800.0,2.6381811916545836,2.3713730200033902,3.1622776601683795,0.000839,0.000630957,0.001,0.84,0.8,0.9,0.144,0.1,0.2,16400.0,319.0,15000.0,1.0,True,0.01,0.95,10.0,39600.0,0.938,0.139
6083,1 - 1 - 2022,19800.0,2.658947160061666,2.3713730200033902,3.1622776601683795,0.000801,0.000630957,0.001,0.853,0.8,0.9,0.254,0.2,0.3,28700.0,422.0,27300.0,1.0,True,0.01,0.95,10.0,39600.0,0.938,0.139
6084,1 - 1 - 2022,19800.0,2.694438717061496,2.3713730200033902,3.1622776601683795,0.000791,0.000630957,0.001,0.856,0.8,0.9,0.354,0.3,0.4,23200.0,379.0,21900.0,1.0,True,0.01,0.95,10.0,39600.0,0.938,0.139
6085,1 - 1 - 2022,19800.0,2.640075756488817,2.3713730200033902,3.1622776601683795,0.000818,0.000630957,0.001,0.846,0.8,0.9,0.447,0.4,0.5,35500.0,469.0,32800.0,1.0,True,0.01,0.95,10.0,39600.0,0.938,0.139
6086,1 - 1 - 2022,19800.0,2.7658633371878665,2.3713730200033902,3.1622776601683795,0.000785,0.000630957,0.001,0.858,0.8,0.9,0.653,0.6,0.7,24600.0,390.0,23200.0,1.0,True,0.01,0.95,10.0,39600.0,0.938,0.139
6087,1 - 1 - 2022,19800.0,2.7367864366808017,2.3713730200033902,3.1622776601683795,0.00126,0.001,0.00158489,0.0211,0.0,0.05,0.0784,0.05,0.1,5370000.0,9160.0,5360000.0,1.0,True,0.01,0.95,10.0,39600.0,0.938,0.139
6088,1 - 1 - 2022,19800.0,2.7331300737432898,2.3713730200033902,3.1622776601683795,0.00126,0.001,0.00158489,0.018,0.0,0.05,0.155,0.1,0.2,12300000.0,9820.0,10500000.0,1.0,True,0.01,0.95,10.0,39600.0,0.938,0.139
6089,1 - 1 - 2022,19800.0,2.7313000567495327,2.3713730200033902,3.1622776601683795,0.00126,0.001,0.00158489,0.0165,0.0,0.05,0.252,0.2,0.3,17300000.0,11600.0,11800000.0,1.0,True,0.01,0.95,10.0,39600.0,0.938,0.139
6090,1 - 1 - 2022,19800.0,2.734958866235469,2.3713730200033902,3.1622776601683795,0.00126,0.001,0.00158489,0.0162,0.0,0.05,0.35,0.3,0.4,18100000.0,11900.0,10200000.0,1.0,True,0.01,0.95,10.0,39600.0,0.938,0.139
6091,1 - 1 - 2022,19800.0,2.7313000567495327,2.3713730200033902,3.1622776601683795,0.00127,0.001,0.00158489,0.016,0.0,0.05,0.448,0.4,0.5,15700000.0,11100.0,7320000.0,1.0,True,0.01,0.95,10.0,39600.0,0.938,0.139
6092,1 - 1 - 2022,19800.0,2.7294688127912363,2.3713730200033902,3.1622776601683795,0.00126,0.001,0.00158489,0.0159,0.0,0.05,0.547,0.5,0.6,12100000.0,9700.0,4770000.0,1.0,True,0.01,0.95,10.0,39600.0,0.938,0.139
6093,1 - 1 - 2022,19800.0,2.7313000567495327,2.3713730200033902,3.1622776601683795,0.00126,0.001,0.00158489,0.0166,0.0,0.05,0.647,0.6,0.7,8410000.0,8110.0,2800000.0,1.0,True,0.01,0.95,10.0,39600.0,0.938,0.139
6094,1 - 1 - 2022,19800.0,2.734958866235469,2.3713730200033902,3.1622776601683795,0.00126,0.001,0.00158489,0.0172,0.0,0.05,0.747,0.7,0.8,5930000.0,6810.0,1550000.0,1.0,True,0.01,0.95,10.0,39600.0,0.938,0.139
6095,1 - 1 - 2022,19800.0,2.72213151776324,2.3713730200033902,3.1622776601683795,0.00126,0.001,0.00158489,0.0183,0.0,0.05,0.846,0.8,0.9,3690000.0,5370.0,743000.0,1.0,True,0.01,0.95,10.0,39600.0,0.938,0.139
6096,1 - 1 - 2022,19800.0,2.734958866235469,2.3713730200033902,3.1622776601683795,0.00126,0.001,0.00158489,0.0187,0.0,0.05,0.945,0.9,1.0,2310000.0,4250.0,340000.0,1.0,True,0.01,0.95,10.0,39600.0,0.938,0.139
6097,1 - 1 - 2022,19800.0,2.745906043549196,2.3713730200033902,3.1622776601683795,0.00126,0.001,0.00158489,0.0207,0.0,0.05,1.16,1.0,1.5,706000.0,1050.0,56200.0,1.0,True,0.01,0.95,10.0,39600.0,0.938,0.139
6098,1 - 1 - 2022,19800.0,2.7367864366808017,2.3713730200033902,3.1622776601683795,0.00127,0.001,0.00158489,0.0244,0.0,0.05,1.7,1.5,2.0,97300.0,390.0,5520.0,1.0,True,0.01,0.95,10.0,39600.0,0.938,0.139
6099,1 - 1 - 2022,19800.0,2.7586228448267445,2.3713730200033902,3.1622776601683795,0.00126,0.001,0.00158489,0.0294,0.0,0.05,2.48,2.0,4.0,9660.0,61.4,172.0,1.0,True,0.01,0.95,10.0,39600.0,0.938,0.139
6100,1 - 1 - 2022,19800.0,2.756809750418044,2.3713730200033902,3.1622776601683795,0.00128,0.001,0.00158489,0.0713,0.05,0.1,0.0344,0.0,0.05,824000.0,3590.0,807000.0,1.0,True,0.01,0.95,10.0,39600.0,0.938,0.139
6101,1 - 1 - 2022,19800.0,2.7184554438136375,2.3713730200033902,3.1622776601683795,0.00127,0.001,0.00158489,0.0731,0.05,0.1,0.0773,0.05,0.1,2300000.0,5990.0,2240000.0,1.0,True,0.01,0.95,10.0,39600.0,0.938,0.139
6102,1 - 1 - 2022,19800.0,2.725802634087802,2.3713730200033902,3.1622776601683795,0.00127,0.001,0.00158489,0.0729,0.05,0.1,0.154,0.1,0.2,4050000.0,5620.0,3860000.0,1.0,True,0.01,0.95,10.0,39600.0,0.938,0.139
6103,1 - 1 - 2022,19800.0,2.72213151776324,2.3713730200033902,3.1622776601683795,0.00127,0.001,0.00158489,0.0732,0.05,0.1,0.251,0.2,0.3,5140000.0,6340.0,4610000.0,1.0,True,0.01,0.95,10.0,39600.0,0.938,0.139
6104,1 - 1 - 2022,19800.0,2.72213151776324,2.3713730200033902,3.1622776601683795,0.00127,0.001,0.00158489,0.0729,0.05,0.1,0.349,0.3,0.4,5080000.0,6300.0,3700000.0,1.0,True,0.01,0.95,10.0,39600.0,0.938,0.139
6105,1 - 1 - 2022,19800.0,2.716615541441225,2.3713730200033902,3.1622776601683795,0.00127,0.001,0.00158489,0.073,0.05,0.1,0.448,0.4,0.5,4290000.0,5790.0,2090000.0,1.0,True,0.01,0.95,10.0,39600.0,0.938,0.139
6106,1 - 1 - 2022,19800.0,2.7202941017470885,2.3713730200033902,3.1622776601683795,0.00126,0.001,0.00158489,0.073,0.05,0.1,0.547,0.5,0.6,3460000.0,5200.0,1640000.0,1.0,True,0.01,0.95,10.0,39600.0,0.938,0.139
6107,1 - 1 - 2022,19800.0,2.725802634087802,2.3713730200033902,3.1622776601683795,0.00127,0.001,0.00158489,0.0729,0.05,0.1,0.649,0.6,0.7,2500000.0,4420.0,714000.0,1.0,True,0.01,0.95,10.0,39600.0,0.938,0.139
6108,1 - 1 - 2022,19800.0,2.7331300737432898,2.3713730200033902,3.1622776601683795,0.00126,0.001,0.00158489,0.0726,0.05,0.1,0.747,0.7,0.8,1810000.0,3770.0,397000.0,1.0,True,0.01,0.95,10.0,39600.0,0.938,0.139
6109,1 - 1 - 2022,19800.0,2.727636339397171,2.3713730200033902,3.1622776601683795,0.00127,0.001,0.00158489,0.0727,0.05,0.1,0.846,0.8,0.9,1320000.0,3220.0,269000.0,1.0,True,0.01,0.95,10.0,39600.0,0.938,0.139
6110,1 - 1 - 2022,19800.0,2.7092434368288134,2.3713730200033902,3.1622776601683795,0.00127,0.001,0.00158489,0.0739,0.05,0.1,0.945,0.9,1.0,861000.0,2590.0,86200.0,1.0,True,0.01,0.95,10.0,39600.0,0.938,0.139
6111,1 - 1 - 2022,19800.0,2.725802634087802,2.3713730200033902,3.1622776601683795,0.00126,0.001,0.00158489,0.0732,0.05,0.1,1.18,1.0,1.5,339000.0,728.0,690.0,1.0,True,0.01,0.95,10.0,39600.0,0.938,0.139
6112,1 - 1 - 2022,19800.0,2.725802634087802,2.3713730200033902,3.1622776601683795,0.00125,0.001,0.00158489,0.0747,0.05,0.1,1.7,1.5,2.0,77600.0,348.0,0.0,1.0,True,0.01,0.95,10.0,39600.0,0.938,0.139
6113,1 - 1 - 2022,19800.0,2.7694764848252458,2.3713730200033902,3.1622776601683795,0.00125,0.001,0.00158489,0.0764,0.05,0.1,2.54,2.0,4.0,11000.0,65.4,345.0,1.0,True,0.01,0.95,10.0,39600.0,0.938,0.139
6114,1 - 1 - 2022,19800.0,2.7073972741361767,2.3713730200033902,3.1622776601683795,0.00128,0.001,0.00158489,0.126,0.1,0.15,0.0332,0.0,0.05,524000.0,2860.0,417000.0,1.0,True,0.01,0.95,10.0,39600.0,0.938,0.139
6115,1 - 1 - 2022,19800.0,2.727636339397171,2.3713730200033902,3.1622776601683795,0.00127,0.001,0.00158489,0.124,0.1,0.15,0.0777,0.05,0.1,1550000.0,4920.0,1260000.0,1.0,True,0.01,0.95,10.0,39600.0,0.938,0.139
6116,1 - 1 - 2022,19800.0,2.72213151776324,2.3713730200033902,3.1622776601683795,0.00127,0.001,0.00158489,0.124,0.1,0.15,0.153,0.1,0.2,2690000.0,4590.0,2100000.0,1.0,True,0.01,0.95,10.0,39600.0,0.938,0.139
6117,1 - 1 - 2022,19800.0,2.7313000567495327,2.3713730200033902,3.1622776601683795,0.00127,0.001,0.00158489,0.123,0.1,0.15,0.25,0.2,0.3,3360000.0,5120.0,2450000.0,1.0,True,0.01,0.95,10.0,39600.0,0.938,0.139
6118,1 - 1 - 2022,19800.0,2.725802634087802,2.3713730200033902,3.1622776601683795,0.00128,0.001,0.00158489,0.123,0.1,0.15,0.349,0.3,0.4,3280000.0,5060.0,1990000.0,1.0,True,0.01,0.95,10.0,39600.0,0.938,0.139
6119,1 - 1 - 2022,19800.0,2.723967694375247,2.3713730200033902,3.1622776601683795,0.00127,0.001,0.00158489,0.123,0.1,0.15,0.448,0.4,0.5,2910000.0,4770.0,1630000.0,1.0,True,0.01,0.95,10.0,39600.0,0.938,0.139
6120,1 - 1 - 2022,19800.0,2.723967694375247,2.3713730200033902,3.1622776601683795,0.00127,0.001,0.00158489,0.123,0.1,0.15,0.547,0.5,0.6,2290000.0,4230.0,995000.0,1.0,True,0.01,0.95,10.0,39600.0,0.938,0.139
6121,1 - 1 - 2022,19800.0,2.734958866235469,2.3713730200033902,3.1622776601683795,0.00127,0.001,0.00158489,0.124,0.1,0.15,0.647,0.6,0.7,1800000.0,3750.0,566000.0,1.0,True,0.01,0.95,10.0,39600.0,0.938,0.139
6122,1 - 1 - 2022,19800.0,2.7331300737432898,2.3713730200033902,3.1622776601683795,0.00128,0.001,0.00158489,0.124,0.1,0.15,0.747,0.7,0.8,1280000.0,3160.0,290000.0,1.0,True,0.01,0.95,10.0,39600.0,0.938,0.139
6123,1 - 1 - 2022,19800.0,2.7477263328068173,2.3713730200033902,3.1622776601683795,0.00126,0.001,0.00158489,0.124,0.1,0.15,0.848,0.8,0.9,933000.0,2700.0,148000.0,1.0,True,0.01,0.95,10.0,39600.0,0.938,0.139
6124,1 - 1 - 2022,19800.0,2.723967694375247,2.3713730200033902,3.1622776601683795,0.00126,0.001,0.00158489,0.122,0.1,0.15,0.944,0.9,1.0,624000.0,2210.0,105000.0,1.0,True,0.01,0.95,10.0,39600.0,0.938,0.139
6125,1 - 1 - 2022,19800.0,2.7367864366808017,2.3713730200033902,3.1622776601683795,0.00128,0.001,0.00158489,0.124,0.1,0.15,1.18,1.0,1.5,231000.0,601.0,4140.0,1.0,True,0.01,0.95,10.0,39600.0,0.938,0.139
6126,1 - 1 - 2022,19800.0,2.734958866235469,2.3713730200033902,3.1622776601683795,0.00127,0.001,0.00158489,0.124,0.1,0.15,1.72,1.5,2.0,73500.0,339.0,0.0,1.0,True,0.01,0.95,10.0,39600.0,0.938,0.139
6127,1 - 1 - 2022,19800.0,2.749545416973504,2.3713730200033902,3.1622776601683795,0.00126,0.001,0.00158489,0.125,0.1,0.15,2.48,2.0,4.0,9400.0,60.6,776.0,1.0,True,0.01,0.95,10.0,39600.0,0.938,0.139
6128,1 - 1 - 2022,19800.0,2.701851217221259,2.3713730200033902,3.1622776601683795,0.00126,0.001,0.00158489,0.172,0.15,0.2,0.033,0.0,0.05,317000.0,2230.0,300000.0,1.0,True,0.01,0.95,10.0,39600.0,0.938,0.139
6129,1 - 1 - 2022,19800.0,2.711088342345192,2.3713730200033902,3.1622776601683795,0.00128,0.001,0.00158489,0.173,0.15,0.2,0.0767,0.05,0.1,1060000.0,4070.0,990000.0,1.0,True,0.01,0.95,10.0,39600.0,0.938,0.139
6130,1 - 1 - 2022,19800.0,2.727636339397171,2.3713730200033902,3.1622776601683795,0.00127,0.001,0.00158489,0.174,0.15,0.2,0.155,0.1,0.2,1800000.0,3750.0,1630000.0,1.0,True,0.01,0.95,10.0,39600.0,0.938,0.139
6131,1 - 1 - 2022,19800.0,2.7294688127912363,2.3713730200033902,3.1622776601683795,0.00126,0.001,0.00158489,0.174,0.15,0.2,0.251,0.2,0.3,2360000.0,4290.0,2010000.0,1.0,True,0.01,0.95,10.0,39600.0,0.938,0.139
6132,1 - 1 - 2022,19800.0,2.7202941017470885,2.3713730200033902,3.1622776601683795,0.00127,0.001,0.00158489,0.173,0.15,0.2,0.35,0.3,0.4,2320000.0,4250.0,1700000.0,1.0,True,0.01,0.95,10.0,39600.0,0.938,0.139
6133,1 - 1 - 2022,19800.0,2.72213151776324,2.3713730200033902,3.1622776601683795,0.00127,0.001,0.00158489,0.174,0.15,0.2,0.448,0.4,0.5,2040000.0,3990.0,1260000.0,1.0,True,0.01,0.95,10.0,39600.0,0.938,0.139
6134,1 - 1 - 2022,19800.0,2.723967694375247,2.3713730200033902,3.1622776601683795,0.00128,0.001,0.00158489,0.173,0.15,0.2,0.547,0.5,0.6,1720000.0,3670.0,869000.0,1.0,True,0.01,0.95,10.0,39600.0,0.938,0.139
6135,1 - 1 - 2022,19800.0,2.7294688127912363,2.3713730200033902,3.1622776601683795,0.00129,0.001,0.00158489,0.174,0.15,0.2,0.647,0.6,0.7,1320000.0,3210.0,495000.0,1.0,True,0.01,0.95,10.0,39600.0,0.938,0.139
6136,1 - 1 - 2022,19800.0,2.7092434368288134,2.3713730200033902,3.1622776601683795,0.00127,0.001,0.00158489,0.174,0.15,0.2,0.745,0.7,0.8,885000.0,2630.0,300000.0,1.0,True,0.01,0.95,10.0,39600.0,0.938,0.139
6137,1 - 1 - 2022,19800.0,2.745906043549196,2.3713730200033902,3.1622776601683795,0.00128,0.001,0.00158489,0.173,0.15,0.2,0.845,0.8,0.9,705000.0,2350.0,181000.0,1.0,True,0.01,0.95,10.0,39600.0,0.938,0.139
6138,1 - 1 - 2022,19800.0,2.72213151776324,2.3713730200033902,3.1622776601683795,0.00127,0.001,0.00158489,0.174,0.15,0.2,0.947,0.9,1.0,462000.0,1900.0,100000.0,1.0,True,0.01,0.95,10.0,39600.0,0.938,0.139
6139,1 - 1 - 2022,19800.0,2.7294688127912363,2.3713730200033902,3.1622776601683795,0.00127,0.001,0.00158489,0.173,0.15,0.2,1.2,1.0,1.5,196000.0,553.0,13100.0,1.0,True,0.01,0.95,10.0,39600.0,0.938,0.139
6140,1 - 1 - 2022,19800.0,2.753179979587241,2.3713730200033902,3.1622776601683795,0.00127,0.001,0.00158489,0.174,0.15,0.2,1.72,1.5,2.0,53100.0,288.0,0.0,1.0,True,0.01,0.95,10.0,39600.0,0.938,0.139
6141,1 - 1 - 2022,19800.0,2.7838821814150108,2.3713730200033902,3.1622776601683795,0.00126,0.001,0.00158489,0.175,0.15,0.2,2.56,2.0,4.0,7930.0,55.7,776.0,1.0,True,0.01,0.95,10.0,39600.0,0.938,0.139
6142,1 - 1 - 2022,19800.0,2.7766886753829643,2.3713730200033902,3.1622776601683795,0.00127,0.001,0.00158489,0.227,0.2,0.25,0.0323,0.0,0.05,204000.0,1780.0,179000.0,1.0,True,0.01,0.95,10.0,39600.0,0.938,0.139
6143,1 - 1 - 2022,19800.0,2.727636339397171,2.3713730200033902,3.1622776601683795,0.0013,0.001,0.00158489,0.222,0.2,0.25,0.0782,0.05,0.1,742000.0,3400.0,683000.0,1.0,True,0.01,0.95,10.0,39600.0,0.938,0.139
6144,1 - 1 - 2022,19800.0,2.725802634087802,2.3713730200033902,3.1622776601683795,0.00127,0.001,0.00158489,0.225,0.2,0.25,0.153,0.1,0.2,1160000.0,3010.0,997000.0,1.0,True,0.01,0.95,10.0,39600.0,0.938,0.139
6145,1 - 1 - 2022,19800.0,2.7184554438136375,2.3713730200033902,3.1622776601683795,0.00126,0.001,0.00158489,0.223,0.2,0.25,0.251,0.2,0.3,1560000.0,3490.0,1240000.0,1.0,True,0.01,0.95,10.0,39600.0,0.938,0.139
6146,1 - 1 - 2022,19800.0,2.7129319932501073,2.3713730200033902,3.1622776601683795,0.00126,0.001,0.00158489,0.223,0.2,0.25,0.35,0.3,0.4,1690000.0,3640.0,1150000.0,1.0,True,0.01,0.95,10.0,39600.0,0.938,0.139
6147,1 - 1 - 2022,19800.0,2.7331300737432898,2.3713730200033902,3.1622776601683795,0.00128,0.001,0.00158489,0.223,0.2,0.25,0.447,0.4,0.5,1490000.0,3410.0,861000.0,1.0,True,0.01,0.95,10.0,39600.0,0.938,0.139
6148,1 - 1 - 2022,19800.0,2.727636339397171,2.3713730200033902,3.1622776601683795,0.00128,0.001,0.00158489,0.224,0.2,0.25,0.548,0.5,0.6,1240000.0,3110.0,623000.0,1.0,True,0.01,0.95,10.0,39600.0,0.938,0.139
6149,1 - 1 - 2022,19800.0,2.734958866235469,2.3713730200033902,3.1622776601683795,0.00128,0.001,0.00158489,0.223,0.2,0.25,0.65,0.6,0.7,974000.0,2760.0,436000.0,1.0,True,0.01,0.95,10.0,39600.0,0.938,0.139
6150,1 - 1 - 2022,19800.0,2.7202941017470885,2.3713730200033902,3.1622776601683795,0.00127,0.001,0.00158489,0.224,0.2,0.25,0.746,0.7,0.8,733000.0,2390.0,285000.0,1.0,True,0.01,0.95,10.0,39600.0,0.938,0.139
6151,1 - 1 - 2022,19800.0,2.7129319932501073,2.3713730200033902,3.1622776601683795,0.00127,0.001,0.00158489,0.224,0.2,0.25,0.847,0.8,0.9,573000.0,2120.0,172000.0,1.0,True,0.01,0.95,10.0,39600.0,0.938,0.139
6152,1 - 1 - 2022,19800.0,2.711088342345192,2.3713730200033902,3.1622776601683795,0.00127,0.001,0.00158489,0.226,0.2,0.25,0.945,0.9,1.0,341000.0,1630.0,81100.0,1.0,True,0.01,0.95,10.0,39600.0,0.938,0.139
6153,1 - 1 - 2022,19800.0,2.749545416973504,2.3713730200033902,3.1622776601683795,0.00126,0.001,0.00158489,0.223,0.2,0.25,1.18,1.0,1.5,134000.0,457.0,20400.0,1.0,True,0.01,0.95,10.0,39600.0,0.938,0.139
6154,1 - 1 - 2022,19800.0,2.7294688127912363,2.3713730200033902,3.1622776601683795,0.00125,0.001,0.00158489,0.222,0.2,0.25,1.72,1.5,2.0,38600.0,246.0,0.0,1.0,True,0.01,0.95,10.0,39600.0,0.938,0.139
6155,1 - 1 - 2022,19800.0,2.725802634087802,2.3713730200033902,3.1622776601683795,0.00124,0.001,0.00158489,0.225,0.2,0.25,2.54,2.0,4.0,9230.0,60.0,431.0,1.0,True,0.01,0.95,10.0,39600.0,0.938,0.139
6156,1 - 1 - 2022,19800.0,2.753179979587241,2.3713730200033902,3.1622776601683795,0.00131,0.001,0.00158489,0.274,0.25,0.3,0.0311,0.0,0.05,121000.0,1370.0,69000.0,1.0,True,0.01,0.95,10.0,39600.0,0.938,0.139
6157,1 - 1 - 2022,19800.0,2.7073972741361767,2.3713730200033902,3.1622776601683795,0.00128,0.001,0.00158489,0.275,0.25,0.3,0.078,0.05,0.1,428000.0,2590.0,272000.0,1.0,True,0.01,0.95,10.0,39600.0,0.938,0.139
6158,1 - 1 - 2022,19800.0,2.725802634087802,2.3713730200033902,3.1622776601683795,0.00127,0.001,0.00158489,0.274,0.25,0.3,0.155,0.1,0.2,693000.0,2330.0,429000.0,1.0,True,0.01,0.95,10.0,39600.0,0.938,0.139
6159,1 - 1 - 2022,19800.0,2.734958866235469,2.3713730200033902,3.1622776601683795,0.00128,0.001,0.00158489,0.273,0.25,0.3,0.251,0.2,0.3,992000.0,2780.0,557000.0,1.0,True,0.01,0.95,10.0,39600.0,0.938,0.139
6160,1 - 1 - 2022,19800.0,2.7331300737432898,2.3713730200033902,3.1622776601683795,0.00126,0.001,0.00158489,0.273,0.25,0.3,0.349,0.3,0.4,1100000.0,2930.0,500000.0,1.0,True,0.01,0.95,10.0,39600.0,0.938,0.139
6161,1 - 1 - 2022,19800.0,2.734958866235469,2.3713730200033902,3.1622776601683795,0.00127,0.001,0.00158489,0.273,0.25,0.3,0.448,0.4,0.5,1010000.0,2810.0,423000.0,1.0,True,0.01,0.95,10.0,39600.0,0.938,0.139
6162,1 - 1 - 2022,19800.0,2.7202941017470885,2.3713730200033902,3.1622776601683795,0.00128,0.001,0.00158489,0.273,0.25,0.3,0.549,0.5,0.6,955000.0,2730.0,348000.0,1.0,True,0.01,0.95,10.0,39600.0,0.938,0.139
6163,1 - 1 - 2022,19800.0,2.725802634087802,2.3713730200033902,3.1622776601683795,0.00127,0.001,0.00158489,0.273,0.25,0.3,0.647,0.6,0.7,692000.0,2320.0,205000.0,1.0,True,0.01,0.95,10.0,39600.0,0.938,0.139
6164,1 - 1 - 2022,19800.0,2.727636339397171,2.3713730200033902,3.1622776601683795,0.00128,0.001,0.00158489,0.275,0.25,0.3,0.747,0.7,0.8,581000.0,2130.0,129000.0,1.0,True,0.01,0.95,10.0,39600.0,0.938,0.139
6165,1 - 1 - 2022,19800.0,2.7331300737432898,2.3713730200033902,3.1622776601683795,0.00128,0.001,0.00158489,0.275,0.25,0.3,0.844,0.8,0.9,414000.0,1800.0,117000.0,1.0,True,0.01,0.95,10.0,39600.0,0.938,0.139
6166,1 - 1 - 2022,19800.0,2.7386127875258306,2.3713730200033902,3.1622776601683795,0.00129,0.001,0.00158489,0.273,0.25,0.3,0.945,0.9,1.0,267000.0,1450.0,72400.0,1.0,True,0.01,0.95,10.0,39600.0,0.938,0.139
6167,1 - 1 - 2022,19800.0,2.7,2.3713730200033902,3.1622776601683795,0.00129,0.001,0.00158489,0.274,0.25,0.3,1.18,1.0,1.5,115000.0,424.0,19700.0,1.0,True,0.01,0.95,10.0,39600.0,0.938,0.139
6168,1 - 1 - 2022,19800.0,2.7440845468024486,2.3713730200033902,3.1622776601683795,0.00127,0.001,0.00158489,0.276,0.25,0.3,1.71,1.5,2.0,29000.0,213.0,0.0,1.0,True,0.01,0.95,10.0,39600.0,0.938,0.139
6169,1 - 1 - 2022,19800.0,2.7748873851023217,2.3713730200033902,3.1622776601683795,0.00127,0.001,0.00158489,0.275,0.25,0.3,2.55,2.0,4.0,6470.0,50.3,259.0,1.0,True,0.01,0.95,10.0,39600.0,0.938,0.139
6170,1 - 1 - 2022,19800.0,2.7404379212089442,2.3713730200033902,3.1622776601683795,0.00129,0.001,0.00158489,0.344,0.3,0.4,0.0324,0.0,0.05,82800.0,804.0,24100.0,1.0,True,0.01,0.95,10.0,39600.0,0.938,0.139
6171,1 - 1 - 2022,19800.0,2.7549954627911823,2.3713730200033902,3.1622776601683795,0.00126,0.001,0.00158489,0.349,0.3,0.4,0.0757,0.05,0.1,241000.0,1370.0,39700.0,1.0,True,0.01,0.95,10.0,39600.0,0.938,0.139
6172,1 - 1 - 2022,19800.0,2.7147743920996454,2.3713730200033902,3.1622776601683795,0.00128,0.001,0.00158489,0.345,0.3,0.4,0.153,0.1,0.2,391000.0,1240.0,98300.0,1.0,True,0.01,0.95,10.0,39600.0,0.938,0.139
6173,1 - 1 - 2022,19800.0,2.7073972741361767,2.3713730200033902,3.1622776601683795,0.00128,0.001,0.00158489,0.344,0.3,0.4,0.253,0.2,0.3,575000.0,1500.0,128000.0,1.0,True,0.01,0.95,10.0,39600.0,0.938,0.139
6174,1 - 1 - 2022,19800.0,2.723967694375247,2.3713730200033902,3.1622776601683795,0.00126,0.001,0.00158489,0.344,0.3,0.4,0.35,0.3,0.4,629000.0,1570.0,116000.0,1.0,True,0.01,0.95,10.0,39600.0,0.938,0.139
6175,1 - 1 - 2022,19800.0,2.7202941017470885,2.3713730200033902,3.1622776601683795,0.00128,0.001,0.00158489,0.345,0.3,0.4,0.45,0.4,0.5,614000.0,1550.0,95700.0,1.0,True,0.01,0.95,10.0,39600.0,0.938,0.139
6176,1 - 1 - 2022,19800.0,2.7294688127912363,2.3713730200033902,3.1622776601683795,0.00127,0.001,0.00158489,0.343,0.3,0.4,0.549,0.5,0.6,562000.0,1480.0,86200.0,1.0,True,0.01,0.95,10.0,39600.0,0.938,0.139
6177,1 - 1 - 2022,19800.0,2.723967694375247,2.3713730200033902,3.1622776601683795,0.00127,0.001,0.00158489,0.344,0.3,0.4,0.648,0.6,0.7,472000.0,1360.0,65500.0,1.0,True,0.01,0.95,10.0,39600.0,0.938,0.139
6178,1 - 1 - 2022,19800.0,2.711088342345192,2.3713730200033902,3.1622776601683795,0.00128,0.001,0.00158489,0.343,0.3,0.4,0.747,0.7,0.8,359000.0,1180.0,53500.0,1.0,True,0.01,0.95,10.0,39600.0,0.938,0.139
6179,1 - 1 - 2022,19800.0,2.7331300737432898,2.3713730200033902,3.1622776601683795,0.00127,0.001,0.00158489,0.345,0.3,0.4,0.844,0.8,0.9,273000.0,1030.0,30200.0,1.0,True,0.01,0.95,10.0,39600.0,0.938,0.139
6180,1 - 1 - 2022,19800.0,2.7202941017470885,2.3713730200033902,3.1622776601683795,0.00127,0.001,0.00158489,0.342,0.3,0.4,0.95,0.9,1.0,185000.0,851.0,24100.0,1.0,True,0.01,0.95,10.0,39600.0,0.938,0.139
6181,1 - 1 - 2022,19800.0,2.7129319932501073,2.3713730200033902,3.1622776601683795,0.00126,0.001,0.00158489,0.345,0.3,0.4,1.19,1.0,1.5,71900.0,237.0,6380.0,1.0,True,0.01,0.95,10.0,39600.0,0.938,0.139
6182,1 - 1 - 2022,19800.0,2.7404379212089442,2.3713730200033902,3.1622776601683795,0.00127,0.001,0.00158489,0.342,0.3,0.4,1.73,1.5,2.0,21900.0,131.0,172.0,1.0,True,0.01,0.95,10.0,39600.0,0.938,0.139
6183,1 - 1 - 2022,19800.0,2.749545416973504,2.3713730200033902,3.1622776601683795,0.00126,0.001,0.00158489,0.351,0.3,0.4,2.61,2.0,4.0,4830.0,30.7,259.0,1.0,True,0.01,0.95,10.0,39600.0,0.938,0.139
6184,1 - 1 - 2022,19800.0,2.6381811916545836,2.3713730200033902,3.1622776601683795,0.00129,0.001,0.00158489,0.438,0.4,0.5,0.0346,0.0,0.05,34500.0,519.0,0.0,1.0,True,0.01,0.95,10.0,39600.0,0.938,0.139
6185,1 - 1 - 2022,19800.0,2.751363298439521,2.3713730200033902,3.1622776601683795,0.00127,0.001,0.00158489,0.449,0.4,0.5,0.0795,0.05,0.1,96600.0,869.0,1730.0,1.0,True,0.01,0.95,10.0,39600.0,0.938,0.139
6186,1 - 1 - 2022,19800.0,2.7147743920996454,2.3713730200033902,3.1622776601683795,0.00127,0.001,0.00158489,0.442,0.4,0.5,0.152,0.1,0.2,230000.0,948.0,2590.0,1.0,True,0.01,0.95,10.0,39600.0,0.938,0.139
6187,1 - 1 - 2022,19800.0,2.7184554438136375,2.3713730200033902,3.1622776601683795,0.00126,0.001,0.00158489,0.448,0.4,0.5,0.25,0.2,0.3,272000.0,1030.0,1720.0,1.0,True,0.01,0.95,10.0,39600.0,0.938,0.139
6188,1 - 1 - 2022,19800.0,2.6962937525425525,2.3713730200033902,3.1622776601683795,0.00128,0.001,0.00158489,0.442,0.4,0.5,0.35,0.3,0.4,319000.0,1120.0,4310.0,1.0,True,0.01,0.95,10.0,39600.0,0.938,0.139
6189,1 - 1 - 2022,19800.0,2.723967694375247,2.3713730200033902,3.1622776601683795,0.00128,0.001,0.00158489,0.446,0.4,0.5,0.45,0.4,0.5,305000.0,1090.0,4310.0,1.0,True,0.01,0.95,10.0,39600.0,0.938,0.139
6190,1 - 1 - 2022,19800.0,2.7184554438136375,2.3713730200033902,3.1622776601683795,0.00127,0.001,0.00158489,0.448,0.4,0.5,0.548,0.5,0.6,248000.0,985.0,2590.0,1.0,True,0.01,0.95,10.0,39600.0,0.938,0.139
6191,1 - 1 - 2022,19800.0,2.7477263328068173,2.3713730200033902,3.1622776601683795,0.00128,0.001,0.00158489,0.446,0.4,0.5,0.647,0.6,0.7,233000.0,954.0,3450.0,1.0,True,0.01,0.95,10.0,39600.0,0.938,0.139
6192,1 - 1 - 2022,19800.0,2.716615541441225,2.3713730200033902,3.1622776601683795,0.00126,0.001,0.00158489,0.443,0.4,0.5,0.747,0.7,0.8,177000.0,831.0,4310.0,1.0,True,0.01,0.95,10.0,39600.0,0.938,0.139
6193,1 - 1 - 2022,19800.0,2.705549851693737,2.3713730200033902,3.1622776601683795,0.00128,0.001,0.00158489,0.447,0.4,0.5,0.85,0.8,0.9,136000.0,730.0,6040.0,1.0,True,0.01,0.95,10.0,39600.0,0.938,0.139
6194,1 - 1 - 2022,19800.0,2.7129319932501073,2.3713730200033902,3.1622776601683795,0.00125,0.001,0.00158489,0.445,0.4,0.5,0.947,0.9,1.0,109000.0,652.0,3450.0,1.0,True,0.01,0.95,10.0,39600.0,0.938,0.139
6195,1 - 1 - 2022,19800.0,2.725802634087802,2.3713730200033902,3.1622776601683795,0.00126,0.001,0.00158489,0.447,0.4,0.5,1.18,1.0,1.5,45700.0,189.0,690.0,1.0,True,0.01,0.95,10.0,39600.0,0.938,0.139
6196,1 - 1 - 2022,19800.0,2.7,2.3713730200033902,3.1622776601683795,0.00125,0.001,0.00158489,0.438,0.4,0.5,1.72,1.5,2.0,10500.0,90.7,345.0,1.0,True,0.01,0.95,10.0,39600.0,0.938,0.139
6197,1 - 1 - 2022,19800.0,2.72213151776324,2.3713730200033902,3.1622776601683795,0.00126,0.001,0.00158489,0.443,0.4,0.5,2.6,2.0,4.0,3060.0,24.5,388.0,1.0,True,0.01,0.95,10.0,39600.0,0.938,0.139
6198,1 - 1 - 2022,19800.0,2.6981475126464085,2.3713730200033902,3.1622776601683795,0.00129,0.001,0.00158489,0.543,0.5,0.6,0.0315,0.0,0.05,27600.0,464.0,0.0,1.0,True,0.01,0.95,10.0,39600.0,0.938,0.139
6199,1 - 1 - 2022,19800.0,2.7129319932501073,2.3713730200033902,3.1622776601683795,0.00131,0.001,0.00158489,0.547,0.5,0.6,0.0789,0.05,0.1,75900.0,770.0,0.0,1.0,True,0.01,0.95,10.0,39600.0,0.938,0.139
6200,1 - 1 - 2022,19800.0,2.7404379212089442,2.3713730200033902,3.1622776601683795,0.00129,0.001,0.00158489,0.547,0.5,0.6,0.151,0.1,0.2,129000.0,711.0,0.0,1.0,True,0.01,0.95,10.0,39600.0,0.938,0.139
6201,1 - 1 - 2022,19800.0,2.7037011669191546,2.3713730200033902,3.1622776601683795,0.00129,0.001,0.00158489,0.547,0.5,0.6,0.251,0.2,0.3,162000.0,796.0,1720.0,1.0,True,0.01,0.95,10.0,39600.0,0.938,0.139
6202,1 - 1 - 2022,19800.0,2.723967694375247,2.3713730200033902,3.1622776601683795,0.00126,0.001,0.00158489,0.543,0.5,0.6,0.352,0.3,0.4,189000.0,859.0,0.0,1.0,True,0.01,0.95,10.0,39600.0,0.938,0.139
6203,1 - 1 - 2022,19800.0,2.7477263328068173,2.3713730200033902,3.1622776601683795,0.00127,0.001,0.00158489,0.543,0.5,0.6,0.446,0.4,0.5,146000.0,755.0,863.0,1.0,True,0.01,0.95,10.0,39600.0,0.938,0.139
6204,1 - 1 - 2022,19800.0,2.7073972741361767,2.3713730200033902,3.1622776601683795,0.00129,0.001,0.00158489,0.547,0.5,0.6,0.552,0.5,0.6,143000.0,748.0,0.0,1.0,True,0.01,0.95,10.0,39600.0,0.938,0.139
6205,1 - 1 - 2022,19800.0,2.7184554438136375,2.3713730200033902,3.1622776601683795,0.00129,0.001,0.00158489,0.546,0.5,0.6,0.646,0.6,0.7,124000.0,697.0,0.0,1.0,True,0.01,0.95,10.0,39600.0,0.938,0.139
6206,1 - 1 - 2022,19800.0,2.7147743920996454,2.3713730200033902,3.1622776601683795,0.00129,0.001,0.00158489,0.548,0.5,0.6,0.751,0.7,0.8,104000.0,638.0,862.0,1.0,True,0.01,0.95,10.0,39600.0,0.938,0.139
6207,1 - 1 - 2022,19800.0,2.7658633371878665,2.3713730200033902,3.1622776601683795,0.00126,0.001,0.00158489,0.544,0.5,0.6,0.844,0.8,0.9,75900.0,544.0,0.0,1.0,True,0.01,0.95,10.0,39600.0,0.938,0.139
6208,1 - 1 - 2022,19800.0,2.7367864366808017,2.3713730200033902,3.1622776601683795,0.0013,0.001,0.00158489,0.546,0.5,0.6,0.949,0.9,1.0,68100.0,516.0,0.0,1.0,True,0.01,0.95,10.0,39600.0,0.938,0.139
6209,1 - 1 - 2022,19800.0,2.716615541441225,2.3713730200033902,3.1622776601683795,0.00125,0.001,0.00158489,0.545,0.5,0.6,1.17,1.0,1.5,25900.0,142.0,862.0,1.0,True,0.01,0.95,10.0,39600.0,0.938,0.139
6210,1 - 1 - 2022,19800.0,2.7766886753829643,2.3713730200033902,3.1622776601683795,0.00129,0.001,0.00158489,0.551,0.5,0.6,1.71,1.5,2.0,5860.0,67.7,345.0,1.0,True,0.01,0.95,10.0,39600.0,0.938,0.139
6211,1 - 1 - 2022,19800.0,2.7622454633866265,2.3713730200033902,3.1622776601683795,0.00127,0.001,0.00158489,0.548,0.5,0.6,2.54,2.0,4.0,1680.0,18.1,388.0,1.0,True,0.01,0.95,10.0,39600.0,0.938,0.139
6212,1 - 1 - 2022,19800.0,2.677685567799177,2.3713730200033902,3.1622776601683795,0.00121,0.001,0.00158489,0.654,0.6,0.7,0.0327,0.0,0.05,8620.0,260.0,0.0,1.0,True,0.01,0.95,10.0,39600.0,0.938,0.139
6213,1 - 1 - 2022,19800.0,2.839013913315678,2.3713730200033902,3.1622776601683795,0.0013,0.001,0.00158489,0.648,0.6,0.7,0.0814,0.05,0.1,12100.0,307.0,0.0,1.0,True,0.01,0.95,10.0,39600.0,0.938,0.139
6214,1 - 1 - 2022,19800.0,2.6907248094147422,2.3713730200033902,3.1622776601683795,0.00126,0.001,0.00158489,0.638,0.6,0.7,0.157,0.1,0.2,50900.0,446.0,2590.0,1.0,True,0.01,0.95,10.0,39600.0,0.938,0.139
6215,1 - 1 - 2022,19800.0,2.7129319932501073,2.3713730200033902,3.1622776601683795,0.00126,0.001,0.00158489,0.639,0.6,0.7,0.246,0.2,0.3,101000.0,628.0,5170.0,1.0,True,0.01,0.95,10.0,39600.0,0.938,0.139
6216,1 - 1 - 2022,19800.0,2.711088342345192,2.3713730200033902,3.1622776601683795,0.00124,0.001,0.00158489,0.637,0.6,0.7,0.35,0.3,0.4,65500.0,506.0,4310.0,1.0,True,0.01,0.95,10.0,39600.0,0.938,0.139
6217,1 - 1 - 2022,19800.0,2.7147743920996454,2.3713730200033902,3.1622776601683795,0.00127,0.001,0.00158489,0.637,0.6,0.7,0.452,0.4,0.5,84500.0,575.0,4310.0,1.0,True,0.01,0.95,10.0,39600.0,0.938,0.139
6218,1 - 1 - 2022,19800.0,2.749545416973504,2.3713730200033902,3.1622776601683795,0.00128,0.001,0.00158489,0.647,0.6,0.7,0.55,0.5,0.6,96600.0,614.0,6040.0,1.0,True,0.01,0.95,10.0,39600.0,0.938,0.139
6219,1 - 1 - 2022,19800.0,2.7313000567495327,2.3713730200033902,3.1622776601683795,0.00126,0.001,0.00158489,0.647,0.6,0.7,0.647,0.6,0.7,76700.0,548.0,5170.0,1.0,True,0.01,0.95,10.0,39600.0,0.938,0.139
6220,1 - 1 - 2022,19800.0,2.716615541441225,2.3713730200033902,3.1622776601683795,0.00128,0.001,0.00158489,0.647,0.6,0.7,0.743,0.7,0.8,59500.0,482.0,2590.0,1.0,True,0.01,0.95,10.0,39600.0,0.938,0.139
6221,1 - 1 - 2022,19800.0,2.723967694375247,2.3713730200033902,3.1622776601683795,0.00133,0.001,0.00158489,0.642,0.6,0.7,0.851,0.8,0.9,54300.0,461.0,2590.0,1.0,True,0.01,0.95,10.0,39600.0,0.938,0.139
6222,1 - 1 - 2022,19800.0,2.7694764848252458,2.3713730200033902,3.1622776601683795,0.00124,0.001,0.00158489,0.633,0.6,0.7,0.95,0.9,1.0,28500.0,333.0,863.0,1.0,True,0.01,0.95,10.0,39600.0,0.938,0.139
6223,1 - 1 - 2022,19800.0,2.7404379212089442,2.3713730200033902,3.1622776601683795,0.00125,0.001,0.00158489,0.65,0.6,0.7,1.17,1.0,1.5,14300.0,106.0,1380.0,1.0,True,0.01,0.95,10.0,39600.0,0.938,0.139
6224,1 - 1 - 2022,19800.0,2.7367864366808017,2.3713730200033902,3.1622776601683795,0.00127,0.001,0.00158489,0.648,0.6,0.7,1.74,1.5,2.0,2240.0,41.8,172.0,1.0,True,0.01,0.95,10.0,39600.0,0.938,0.139
6225,1 - 1 - 2022,19800.0,2.7422618401604177,2.3713730200033902,3.1622776601683795,0.00128,0.001,0.00158489,0.645,0.6,0.7,2.58,2.0,4.0,862.0,13.0,345.0,1.0,True,0.01,0.95,10.0,39600.0,0.938,0.139
6226,1 - 1 - 2022,19800.0,2.6419689627245813,2.3713730200033902,3.1622776601683795,0.00134,0.001,0.00158489,0.742,0.7,0.8,0.0387,0.0,0.05,5170.0,201.0,0.0,1.0,True,0.01,0.95,10.0,39600.0,0.938,0.139
6227,1 - 1 - 2022,19800.0,2.8478061731796283,2.3713730200033902,3.1622776601683795,0.00121,0.001,0.00158489,0.787,0.7,0.8,0.0899,0.05,0.1,5170.0,201.0,3450.0,1.0,True,0.01,0.95,10.0,39600.0,0.938,0.139
6228,1 - 1 - 2022,19800.0,2.701851217221259,2.3713730200033902,3.1622776601683795,0.00126,0.001,0.00158489,0.74,0.7,0.8,0.149,0.1,0.2,18100.0,266.0,1730.0,1.0,True,0.01,0.95,10.0,39600.0,0.938,0.139
6229,1 - 1 - 2022,19800.0,2.727636339397171,2.3713730200033902,3.1622776601683795,0.00127,0.001,0.00158489,0.751,0.7,0.8,0.247,0.2,0.3,36200.0,376.0,6040.0,1.0,True,0.01,0.95,10.0,39600.0,0.938,0.139
6230,1 - 1 - 2022,19800.0,2.725802634087802,2.3713730200033902,3.1622776601683795,0.00132,0.001,0.00158489,0.742,0.7,0.8,0.358,0.3,0.4,46600.0,427.0,5170.0,1.0,True,0.01,0.95,10.0,39600.0,0.938,0.139
6231,1 - 1 - 2022,19800.0,2.723967694375247,2.3713730200033902,3.1622776601683795,0.00127,0.001,0.00158489,0.746,0.7,0.8,0.46,0.4,0.5,56100.0,468.0,10300.0,1.0,True,0.01,0.95,10.0,39600.0,0.938,0.139
6232,1 - 1 - 2022,19800.0,2.677685567799177,2.3713730200033902,3.1622776601683795,0.0013,0.001,0.00158489,0.74,0.7,0.8,0.546,0.5,0.6,43100.0,410.0,2590.0,1.0,True,0.01,0.95,10.0,39600.0,0.938,0.139
6233,1 - 1 - 2022,19800.0,2.6888659319497505,2.3713730200033902,3.1622776601683795,0.00128,0.001,0.00158489,0.749,0.7,0.8,0.648,0.6,0.7,31900.0,353.0,4310.0,1.0,True,0.01,0.95,10.0,39600.0,0.938,0.139
6234,1 - 1 - 2022,19800.0,2.6814175355583845,2.3713730200033902,3.1622776601683795,0.00129,0.001,0.00158489,0.749,0.7,0.8,0.752,0.7,0.8,33600.0,362.0,6040.0,1.0,True,0.01,0.95,10.0,39600.0,0.938,0.139
6235,1 - 1 - 2022,19800.0,2.6832815729997477,2.3713730200033902,3.1622776601683795,0.00134,0.001,0.00158489,0.75,0.7,0.8,0.857,0.8,0.9,20700.0,284.0,1720.0,1.0,True,0.01,0.95,10.0,39600.0,0.938,0.139
6236,1 - 1 - 2022,19800.0,2.7892651361962706,2.3713730200033902,3.1622776601683795,0.00131,0.001,0.00158489,0.753,0.7,0.8,0.943,0.9,1.0,19800.0,278.0,3450.0,1.0,True,0.01,0.95,10.0,39600.0,0.938,0.139
6237,1 - 1 - 2022,19800.0,2.727636339397171,2.3713730200033902,3.1622776601683795,0.00125,0.001,0.00158489,0.741,0.7,0.8,1.18,1.0,1.5,6900.0,73.4,2070.0,1.0,True,0.01,0.95,10.0,39600.0,0.938,0.139
6238,1 - 1 - 2022,19800.0,2.7820855486487113,2.3713730200033902,3.1622776601683795,0.00126,0.001,0.00158489,0.739,0.7,0.8,1.69,1.5,2.0,1030.0,28.4,517.0,1.0,True,0.01,0.95,10.0,39600.0,0.938,0.139
6239,1 - 1 - 2022,19800.0,2.5748786379167465,2.3713730200033902,3.1622776601683795,0.00131,0.001,0.00158489,0.749,0.7,0.8,2.72,2.0,4.0,86.2,4.1,43.1,1.0,True,0.01,0.95,10.0,39600.0,0.938,0.139
6240,1 - 1 - 2022,19800.0,2.467792535850613,2.3713730200033902,3.1622776601683795,0.00138,0.001,0.00158489,0.805,0.8,0.9,0.00906,0.0,0.05,1730.0,116.0,0.0,1.0,True,0.01,0.95,10.0,39600.0,0.938,0.139
6241,1 - 1 - 2022,19800.0,2.8284271247461903,2.3713730200033902,3.1622776601683795,0.00119,0.001,0.00158489,0.864,0.8,0.9,0.0762,0.05,0.1,5170.0,201.0,3450.0,1.0,True,0.01,0.95,10.0,39600.0,0.938,0.139
6242,1 - 1 - 2022,19800.0,2.649528259898354,2.3713730200033902,3.1622776601683795,0.00124,0.001,0.00158489,0.846,0.8,0.9,0.152,0.1,0.2,11200.0,209.0,4310.0,1.0,True,0.01,0.95,10.0,39600.0,0.938,0.139
6243,1 - 1 - 2022,19800.0,2.658947160061666,2.3713730200033902,3.1622776601683795,0.00121,0.001,0.00158489,0.845,0.8,0.9,0.257,0.2,0.3,15500.0,246.0,3450.0,1.0,True,0.01,0.95,10.0,39600.0,0.938,0.139
6244,1 - 1 - 2022,19800.0,2.6267851073127395,2.3713730200033902,3.1622776601683795,0.00132,0.001,0.00158489,0.844,0.8,0.9,0.362,0.3,0.4,20700.0,284.0,3450.0,1.0,True,0.01,0.95,10.0,39600.0,0.938,0.139
6245,1 - 1 - 2022,19800.0,2.6907248094147422,2.3713730200033902,3.1622776601683795,0.00127,0.001,0.00158489,0.834,0.8,0.9,0.451,0.4,0.5,20700.0,284.0,6040.0,1.0,True,0.01,0.95,10.0,39600.0,0.938,0.139
6246,1 - 1 - 2022,19800.0,2.6343879744638983,2.3713730200033902,3.1622776601683795,0.00124,0.001,0.00158489,0.831,0.8,0.9,0.542,0.5,0.6,23300.0,302.0,6900.0,1.0,True,0.01,0.95,10.0,39600.0,0.938,0.139
6247,1 - 1 - 2022,19800.0,2.725802634087802,2.3713730200033902,3.1622776601683795,0.00125,0.001,0.00158489,0.841,0.8,0.9,0.656,0.6,0.7,18100.0,266.0,8620.0,1.0,True,0.01,0.95,10.0,39600.0,0.938,0.139
6248,1 - 1 - 2022,19800.0,2.7294688127912363,2.3713730200033902,3.1622776601683795,0.00126,0.001,0.00158489,0.845,0.8,0.9,0.74,0.7,0.8,17200.0,260.0,6040.0,1.0,True,0.01,0.95,10.0,39600.0,0.938,0.139
6249,1 - 1 - 2022,19800.0,2.6570660511172846,2.3713730200033902,3.1622776601683795,0.00124,0.001,0.00158489,0.84,0.8,0.9,0.85,0.8,0.9,15500.0,246.0,6040.0,1.0,True,0.01,0.95,10.0,39600.0,0.938,0.139
6250,1 - 1 - 2022,19800.0,2.753179979587241,2.3713730200033902,3.1622776601683795,0.00122,0.001,0.00158489,0.848,0.8,0.9,0.948,0.9,1.0,6900.0,164.0,4310.0,1.0,True,0.01,0.95,10.0,39600.0,0.938,0.139
6251,1 - 1 - 2022,19800.0,2.6962937525425525,2.3713730200033902,3.1622776601683795,0.00121,0.001,0.00158489,0.847,0.8,0.9,1.15,1.0,1.5,2410.0,43.4,1030.0,1.0,True,0.01,0.95,10.0,39600.0,0.938,0.139
6252,1 - 1 - 2022,19800.0,2.5059928172283334,2.3713730200033902,3.1622776601683795,0.0011,0.001,0.00158489,0.839,0.8,0.9,1.57,1.5,2.0,172.0,11.6,0.0,1.0,True,0.01,0.95,10.0,39600.0,0.938,0.139
6253,1 - 1 - 2022,19800.0,2.6720778431774774,2.3713730200033902,3.1622776601683795,0.00121,0.001,0.00158489,0.936,0.9,1.0,0.132,0.1,0.2,9490.0,192.0,4310.0,1.0,True,0.01,0.95,10.0,39600.0,0.938,0.139
6254,1 - 1 - 2022,19800.0,2.6907248094147422,2.3713730200033902,3.1622776601683795,0.00126,0.001,0.00158489,0.932,0.9,1.0,0.25,0.2,0.3,6040.0,154.0,2590.0,1.0,True,0.01,0.95,10.0,39600.0,0.938,0.139
6255,1 - 1 - 2022,19800.0,2.7092434368288134,2.3713730200033902,3.1622776601683795,0.00135,0.001,0.00158489,0.929,0.9,1.0,0.358,0.3,0.4,7760.0,174.0,1730.0,1.0,True,0.01,0.95,10.0,39600.0,0.938,0.139
6256,1 - 1 - 2022,19800.0,2.6229754097208002,2.3713730200033902,3.1622776601683795,0.00128,0.001,0.00158489,0.931,0.9,1.0,0.457,0.4,0.5,12900.0,225.0,6900.0,1.0,True,0.01,0.95,10.0,39600.0,0.938,0.139
6257,1 - 1 - 2022,19800.0,2.5495097567963922,2.3713730200033902,3.1622776601683795,0.00129,0.001,0.00158489,0.94,0.9,1.0,0.571,0.5,0.6,4310.0,130.0,1720.0,1.0,True,0.01,0.95,10.0,39600.0,0.938,0.139
6258,1 - 1 - 2022,19800.0,2.7184554438136375,2.3713730200033902,3.1622776601683795,0.00119,0.001,0.00158489,0.93,0.9,1.0,0.644,0.6,0.7,6900.0,164.0,4310.0,1.0,True,0.01,0.95,10.0,39600.0,0.938,0.139
6259,1 - 1 - 2022,19800.0,2.9698484809834995,2.3713730200033902,3.1622776601683795,0.00158,0.001,0.00158489,0.916,0.9,1.0,0.758,0.7,0.8,862.0,58.0,0.0,1.0,True,0.01,0.95,10.0,39600.0,0.938,0.139
6260,1 - 1 - 2022,19800.0,2.7129319932501073,2.3713730200033902,3.1622776601683795,0.00129,0.001,0.00158489,0.927,0.9,1.0,0.85,0.8,0.9,2590.0,101.0,1720.0,1.0,True,0.01,0.95,10.0,39600.0,0.938,0.139
6261,1 - 1 - 2022,19800.0,2.8372521918222215,2.3713730200033902,3.1622776601683795,0.00141,0.001,0.00158489,0.964,0.9,1.0,0.938,0.9,1.0,1730.0,82.1,863.0,1.0,True,0.01,0.95,10.0,39600.0,0.938,0.139
6262,1 - 1 - 2022,19800.0,2.9017236257093817,2.3713730200033902,3.1622776601683795,0.00142,0.001,0.00158489,0.915,0.9,1.0,1.15,1.0,1.5,517.0,20.1,172.0,1.0,True,0.01,0.95,10.0,39600.0,0.938,0.139
6263,1 - 1 - 2022,19800.0,2.7549954627911823,2.3713730200033902,3.1622776601683795,0.00199,0.00158489,0.00251189,0.0241,0.0,0.05,0.0788,0.05,0.1,2610000.0,5080.0,2580000.0,1.0,True,0.01,0.95,10.0,39600.0,0.938,0.139
6264,1 - 1 - 2022,19800.0,2.7386127875258306,2.3713730200033902,3.1622776601683795,0.00199,0.00158489,0.00251189,0.0202,0.0,0.05,0.156,0.1,0.2,6610000.0,5710.0,5320000.0,1.0,True,0.01,0.95,10.0,39600.0,0.938,0.139
6265,1 - 1 - 2022,19800.0,2.7404379212089442,2.3713730200033902,3.1622776601683795,0.00199,0.00158489,0.00251189,0.0187,0.0,0.05,0.251,0.2,0.3,9220000.0,6740.0,5920000.0,1.0,True,0.01,0.95,10.0,39600.0,0.938,0.139
6266,1 - 1 - 2022,19800.0,2.7331300737432898,2.3713730200033902,3.1622776601683795,0.002,0.00158489,0.00251189,0.018,0.0,0.05,0.349,0.3,0.4,9560000.0,6860.0,5020000.0,1.0,True,0.01,0.95,10.0,39600.0,0.938,0.139
6267,1 - 1 - 2022,19800.0,2.734958866235469,2.3713730200033902,3.1622776601683795,0.002,0.00158489,0.00251189,0.0183,0.0,0.05,0.448,0.4,0.5,8310000.0,6400.0,3760000.0,1.0,True,0.01,0.95,10.0,39600.0,0.938,0.139
6268,1 - 1 - 2022,19800.0,2.7367864366808017,2.3713730200033902,3.1622776601683795,0.002,0.00158489,0.00251189,0.0184,0.0,0.05,0.548,0.5,0.6,6250000.0,5550.0,2440000.0,1.0,True,0.01,0.95,10.0,39600.0,0.938,0.139
6269,1 - 1 - 2022,19800.0,2.7313000567495327,2.3713730200033902,3.1622776601683795,0.002,0.00158489,0.00251189,0.0187,0.0,0.05,0.646,0.6,0.7,4590000.0,4760.0,1400000.0,1.0,True,0.01,0.95,10.0,39600.0,0.938,0.139
6270,1 - 1 - 2022,19800.0,2.7313000567495327,2.3713730200033902,3.1622776601683795,0.00199,0.00158489,0.00251189,0.0192,0.0,0.05,0.746,0.7,0.8,3020000.0,3860.0,690000.0,1.0,True,0.01,0.95,10.0,39600.0,0.938,0.139
6271,1 - 1 - 2022,19800.0,2.7386127875258306,2.3713730200033902,3.1622776601683795,0.00199,0.00158489,0.00251189,0.0191,0.0,0.05,0.846,0.8,0.9,2050000.0,3180.0,386000.0,1.0,True,0.01,0.95,10.0,39600.0,0.938,0.139
6272,1 - 1 - 2022,19800.0,2.7440845468024486,2.3713730200033902,3.1622776601683795,0.00199,0.00158489,0.00251189,0.0197,0.0,0.05,0.946,0.9,1.0,1290000.0,2520.0,181000.0,1.0,True,0.01,0.95,10.0,39600.0,0.938,0.139
6273,1 - 1 - 2022,19800.0,2.7313000567495327,2.3713730200033902,3.1622776601683795,0.002,0.00158489,0.00251189,0.0222,0.0,0.05,1.15,1.0,1.5,331000.0,571.0,36800.0,1.0,True,0.01,0.95,10.0,39600.0,0.938,0.139
6274,1 - 1 - 2022,19800.0,2.7404379212089442,2.3713730200033902,3.1622776601683795,0.00199,0.00158489,0.00251189,0.0283,0.0,0.05,1.69,1.5,2.0,42200.0,204.0,1960.0,1.0,True,0.01,0.95,10.0,39600.0,0.938,0.139
6275,1 - 1 - 2022,19800.0,2.787471972953271,2.3713730200033902,3.1622776601683795,0.00194,0.00158489,0.00251189,0.03,0.0,0.05,2.4,2.0,4.0,4300.0,32.5,272.0,1.0,True,0.01,0.95,10.0,39600.0,0.938,0.139
6276,1 - 1 - 2022,19800.0,2.734958866235469,2.3713730200033902,3.1622776601683795,0.00201,0.00158489,0.00251189,0.0733,0.05,0.1,0.154,0.1,0.2,2500000.0,3510.0,2460000.0,1.0,True,0.01,0.95,10.0,39600.0,0.938,0.139
6277,1 - 1 - 2022,19800.0,2.727636339397171,2.3713730200033902,3.1622776601683795,0.00201,0.00158489,0.00251189,0.0729,0.05,0.1,0.25,0.2,0.3,3260000.0,4010.0,2900000.0,1.0,True,0.01,0.95,10.0,39600.0,0.938,0.139
6278,1 - 1 - 2022,19800.0,2.727636339397171,2.3713730200033902,3.1622776601683795,0.00201,0.00158489,0.00251189,0.0728,0.05,0.1,0.349,0.3,0.4,3110000.0,3920.0,2040000.0,1.0,True,0.01,0.95,10.0,39600.0,0.938,0.139
6279,1 - 1 - 2022,19800.0,2.727636339397171,2.3713730200033902,3.1622776601683795,0.00201,0.00158489,0.00251189,0.0725,0.05,0.1,0.449,0.4,0.5,2710000.0,3650.0,1650000.0,1.0,True,0.01,0.95,10.0,39600.0,0.938,0.139
6280,1 - 1 - 2022,19800.0,2.716615541441225,2.3713730200033902,3.1622776601683795,0.00201,0.00158489,0.00251189,0.073,0.05,0.1,0.548,0.5,0.6,2200000.0,3290.0,1070000.0,1.0,True,0.01,0.95,10.0,39600.0,0.938,0.139
6281,1 - 1 - 2022,19800.0,2.7331300737432898,2.3713730200033902,3.1622776601683795,0.00201,0.00158489,0.00251189,0.0728,0.05,0.1,0.648,0.6,0.7,1650000.0,2850.0,616000.0,1.0,True,0.01,0.95,10.0,39600.0,0.938,0.139
6282,1 - 1 - 2022,19800.0,2.716615541441225,2.3713730200033902,3.1622776601683795,0.00201,0.00158489,0.00251189,0.0726,0.05,0.1,0.748,0.7,0.8,1040000.0,2260.0,316000.0,1.0,True,0.01,0.95,10.0,39600.0,0.938,0.139
6283,1 - 1 - 2022,19800.0,2.734958866235469,2.3713730200033902,3.1622776601683795,0.00199,0.00158489,0.00251189,0.073,0.05,0.1,0.845,0.8,0.9,745000.0,1920.0,152000.0,1.0,True,0.01,0.95,10.0,39600.0,0.938,0.139
6284,1 - 1 - 2022,19800.0,2.7386127875258306,2.3713730200033902,3.1622776601683795,0.00202,0.00158489,0.00251189,0.0735,0.05,0.1,0.946,0.9,1.0,536000.0,1630.0,65300.0,1.0,True,0.01,0.95,10.0,39600.0,0.938,0.139
6285,1 - 1 - 2022,19800.0,2.7313000567495327,2.3713730200033902,3.1622776601683795,0.00201,0.00158489,0.00251189,0.0739,0.05,0.1,1.18,1.0,1.5,194000.0,437.0,5220.0,1.0,True,0.01,0.95,10.0,39600.0,0.938,0.139
6286,1 - 1 - 2022,19800.0,2.734958866235469,2.3713730200033902,3.1622776601683795,0.00198,0.00158489,0.00251189,0.0736,0.05,0.1,1.71,1.5,2.0,40300.0,199.0,0.0,1.0,True,0.01,0.95,10.0,39600.0,0.938,0.139
6287,1 - 1 - 2022,19800.0,2.760434748368452,2.3713730200033902,3.1622776601683795,0.00202,0.00158489,0.00251189,0.0727,0.05,0.1,2.48,2.0,4.0,4620.0,33.8,0.0,1.0,True,0.01,0.95,10.0,39600.0,0.938,0.139
6288,1 - 1 - 2022,19800.0,2.734958866235469,2.3713730200033902,3.1622776601683795,0.002,0.00158489,0.00251189,0.124,0.1,0.15,0.033,0.0,0.05,340000.0,1830.0,311000.0,1.0,True,0.01,0.95,10.0,39600.0,0.938,0.139
6289,1 - 1 - 2022,19800.0,2.725802634087802,2.3713730200033902,3.1622776601683795,0.00201,0.00158489,0.00251189,0.122,0.1,0.15,0.0774,0.05,0.1,940000.0,3040.0,847000.0,1.0,True,0.01,0.95,10.0,39600.0,0.938,0.139
6290,1 - 1 - 2022,19800.0,2.723967694375247,2.3713730200033902,3.1622776601683795,0.00203,0.00158489,0.00251189,0.123,0.1,0.15,0.152,0.1,0.2,1690000.0,2890.0,1420000.0,1.0,True,0.01,0.95,10.0,39600.0,0.938,0.139
6291,1 - 1 - 2022,19800.0,2.723967694375247,2.3713730200033902,3.1622776601683795,0.00201,0.00158489,0.00251189,0.124,0.1,0.15,0.251,0.2,0.3,2140000.0,3250.0,1390000.0,1.0,True,0.01,0.95,10.0,39600.0,0.938,0.139
6292,1 - 1 - 2022,19800.0,2.725802634087802,2.3713730200033902,3.1622776601683795,0.00201,0.00158489,0.00251189,0.123,0.1,0.15,0.35,0.3,0.4,2170000.0,3270.0,1200000.0,1.0,True,0.01,0.95,10.0,39600.0,0.938,0.139
6293,1 - 1 - 2022,19800.0,2.725802634087802,2.3713730200033902,3.1622776601683795,0.00201,0.00158489,0.00251189,0.123,0.1,0.15,0.448,0.4,0.5,1870000.0,3030.0,1120000.0,1.0,True,0.01,0.95,10.0,39600.0,0.938,0.139
6294,1 - 1 - 2022,19800.0,2.7331300737432898,2.3713730200033902,3.1622776601683795,0.00201,0.00158489,0.00251189,0.123,0.1,0.15,0.548,0.5,0.6,1420000.0,2650.0,654000.0,1.0,True,0.01,0.95,10.0,39600.0,0.938,0.139
6295,1 - 1 - 2022,19800.0,2.7202941017470885,2.3713730200033902,3.1622776601683795,0.00201,0.00158489,0.00251189,0.123,0.1,0.15,0.647,0.6,0.7,1110000.0,2330.0,366000.0,1.0,True,0.01,0.95,10.0,39600.0,0.938,0.139
6296,1 - 1 - 2022,19800.0,2.7386127875258306,2.3713730200033902,3.1622776601683795,0.002,0.00158489,0.00251189,0.123,0.1,0.15,0.746,0.7,0.8,789000.0,1970.0,148000.0,1.0,True,0.01,0.95,10.0,39600.0,0.938,0.139
6297,1 - 1 - 2022,19800.0,2.7184554438136375,2.3713730200033902,3.1622776601683795,0.00198,0.00158489,0.00251189,0.125,0.1,0.15,0.849,0.8,0.9,506000.0,1580.0,65300.0,1.0,True,0.01,0.95,10.0,39600.0,0.938,0.139
6298,1 - 1 - 2022,19800.0,2.749545416973504,2.3713730200033902,3.1622776601683795,0.00199,0.00158489,0.00251189,0.125,0.1,0.15,0.95,0.9,1.0,379000.0,1370.0,37000.0,1.0,True,0.01,0.95,10.0,39600.0,0.938,0.139
6299,1 - 1 - 2022,19800.0,2.7386127875258306,2.3713730200033902,3.1622776601683795,0.002,0.00158489,0.00251189,0.124,0.1,0.15,1.17,1.0,1.5,140000.0,371.0,5010.0,1.0,True,0.01,0.95,10.0,39600.0,0.938,0.139
6300,1 - 1 - 2022,19800.0,2.7331300737432898,2.3713730200033902,3.1622776601683795,0.00198,0.00158489,0.00251189,0.125,0.1,0.15,1.71,1.5,2.0,35700.0,188.0,0.0,1.0,True,0.01,0.95,10.0,39600.0,0.938,0.139
6301,1 - 1 - 2022,19800.0,2.7477263328068173,2.3713730200033902,3.1622776601683795,0.00197,0.00158489,0.00251189,0.121,0.1,0.15,2.52,2.0,4.0,4950.0,34.9,54.4,1.0,True,0.01,0.95,10.0,39600.0,0.938,0.139
6302,1 - 1 - 2022,19800.0,2.7640549922170505,2.3713730200033902,3.1622776601683795,0.00202,0.00158489,0.00251189,0.174,0.15,0.2,0.0334,0.0,0.05,229000.0,1500.0,131000.0,1.0,True,0.01,0.95,10.0,39600.0,0.938,0.139
6303,1 - 1 - 2022,19800.0,2.7092434368288134,2.3713730200033902,3.1622776601683795,0.00202,0.00158489,0.00251189,0.174,0.15,0.2,0.0773,0.05,0.1,668000.0,2570.0,361000.0,1.0,True,0.01,0.95,10.0,39600.0,0.938,0.139
6304,1 - 1 - 2022,19800.0,2.7294688127912363,2.3713730200033902,3.1622776601683795,0.002,0.00158489,0.00251189,0.174,0.15,0.2,0.155,0.1,0.2,1130000.0,2360.0,571000.0,1.0,True,0.01,0.95,10.0,39600.0,0.938,0.139
6305,1 - 1 - 2022,19800.0,2.7313000567495327,2.3713730200033902,3.1622776601683795,0.00201,0.00158489,0.00251189,0.174,0.15,0.2,0.251,0.2,0.3,1410000.0,2630.0,709000.0,1.0,True,0.01,0.95,10.0,39600.0,0.938,0.139
6306,1 - 1 - 2022,19800.0,2.725802634087802,2.3713730200033902,3.1622776601683795,0.00201,0.00158489,0.00251189,0.174,0.15,0.2,0.349,0.3,0.4,1420000.0,2650.0,791000.0,1.0,True,0.01,0.95,10.0,39600.0,0.938,0.139
6307,1 - 1 - 2022,19800.0,2.7331300737432898,2.3713730200033902,3.1622776601683795,0.00202,0.00158489,0.00251189,0.174,0.15,0.2,0.449,0.4,0.5,1350000.0,2580.0,627000.0,1.0,True,0.01,0.95,10.0,39600.0,0.938,0.139
6308,1 - 1 - 2022,19800.0,2.727636339397171,2.3713730200033902,3.1622776601683795,0.002,0.00158489,0.00251189,0.174,0.15,0.2,0.547,0.5,0.6,1070000.0,2290.0,391000.0,1.0,True,0.01,0.95,10.0,39600.0,0.938,0.139
6309,1 - 1 - 2022,19800.0,2.7313000567495327,2.3713730200033902,3.1622776601683795,0.002,0.00158489,0.00251189,0.175,0.15,0.2,0.648,0.6,0.7,817000.0,2010.0,233000.0,1.0,True,0.01,0.95,10.0,39600.0,0.938,0.139
6310,1 - 1 - 2022,19800.0,2.7313000567495327,2.3713730200033902,3.1622776601683795,0.00201,0.00158489,0.00251189,0.174,0.15,0.2,0.746,0.7,0.8,591000.0,1710.0,152000.0,1.0,True,0.01,0.95,10.0,39600.0,0.938,0.139
6311,1 - 1 - 2022,19800.0,2.7073972741361767,2.3713730200033902,3.1622776601683795,0.00202,0.00158489,0.00251189,0.174,0.15,0.2,0.847,0.8,0.9,431000.0,1460.0,75100.0,1.0,True,0.01,0.95,10.0,39600.0,0.938,0.139
6312,1 - 1 - 2022,19800.0,2.7313000567495327,2.3713730200033902,3.1622776601683795,0.00202,0.00158489,0.00251189,0.174,0.15,0.2,0.947,0.9,1.0,258000.0,1130.0,31600.0,1.0,True,0.01,0.95,10.0,39600.0,0.938,0.139
6313,1 - 1 - 2022,19800.0,2.7440845468024486,2.3713730200033902,3.1622776601683795,0.00202,0.00158489,0.00251189,0.174,0.15,0.2,1.2,1.0,1.5,123000.0,349.0,6090.0,1.0,True,0.01,0.95,10.0,39600.0,0.938,0.139
6314,1 - 1 - 2022,19800.0,2.7549954627911823,2.3713730200033902,3.1622776601683795,0.00203,0.00158489,0.00251189,0.172,0.15,0.2,1.71,1.5,2.0,27000.0,163.0,0.0,1.0,True,0.01,0.95,10.0,39600.0,0.938,0.139
6315,1 - 1 - 2022,19800.0,2.7294688127912363,2.3713730200033902,3.1622776601683795,0.00193,0.00158489,0.00251189,0.173,0.15,0.2,2.46,2.0,4.0,5600.0,37.2,435.0,1.0,True,0.01,0.95,10.0,39600.0,0.938,0.139
6316,1 - 1 - 2022,19800.0,2.7313000567495327,2.3713730200033902,3.1622776601683795,0.00197,0.00158489,0.00251189,0.222,0.2,0.25,0.0277,0.0,0.05,113000.0,1060.0,69600.0,1.0,True,0.01,0.95,10.0,39600.0,0.938,0.139
6317,1 - 1 - 2022,19800.0,2.7184554438136375,2.3713730200033902,3.1622776601683795,0.00201,0.00158489,0.00251189,0.226,0.2,0.25,0.0794,0.05,0.1,398000.0,1980.0,226000.0,1.0,True,0.01,0.95,10.0,39600.0,0.938,0.139
6318,1 - 1 - 2022,19800.0,2.705549851693737,2.3713730200033902,3.1622776601683795,0.00201,0.00158489,0.00251189,0.224,0.2,0.25,0.155,0.1,0.2,695000.0,1850.0,357000.0,1.0,True,0.01,0.95,10.0,39600.0,0.938,0.139
6319,1 - 1 - 2022,19800.0,2.7202941017470885,2.3713730200033902,3.1622776601683795,0.00201,0.00158489,0.00251189,0.223,0.2,0.25,0.251,0.2,0.3,977000.0,2190.0,476000.0,1.0,True,0.01,0.95,10.0,39600.0,0.938,0.139
6320,1 - 1 - 2022,19800.0,2.7202941017470885,2.3713730200033902,3.1622776601683795,0.00202,0.00158489,0.00251189,0.224,0.2,0.25,0.349,0.3,0.4,1020000.0,2240.0,458000.0,1.0,True,0.01,0.95,10.0,39600.0,0.938,0.139
6321,1 - 1 - 2022,19800.0,2.734958866235469,2.3713730200033902,3.1622776601683795,0.00201,0.00158489,0.00251189,0.223,0.2,0.25,0.449,0.4,0.5,918000.0,2130.0,392000.0,1.0,True,0.01,0.95,10.0,39600.0,0.938,0.139
6322,1 - 1 - 2022,19800.0,2.7440845468024486,2.3713730200033902,3.1622776601683795,0.00201,0.00158489,0.00251189,0.224,0.2,0.25,0.549,0.5,0.6,791000.0,1970.0,270000.0,1.0,True,0.01,0.95,10.0,39600.0,0.938,0.139
6323,1 - 1 - 2022,19800.0,2.72213151776324,2.3713730200033902,3.1622776601683795,0.00201,0.00158489,0.00251189,0.224,0.2,0.25,0.649,0.6,0.7,618000.0,1750.0,189000.0,1.0,True,0.01,0.95,10.0,39600.0,0.938,0.139
6324,1 - 1 - 2022,19800.0,2.734958866235469,2.3713730200033902,3.1622776601683795,0.00202,0.00158489,0.00251189,0.224,0.2,0.25,0.745,0.7,0.8,491000.0,1560.0,134000.0,1.0,True,0.01,0.95,10.0,39600.0,0.938,0.139
6325,1 - 1 - 2022,19800.0,2.716615541441225,2.3713730200033902,3.1622776601683795,0.00201,0.00158489,0.00251189,0.225,0.2,0.25,0.85,0.8,0.9,337000.0,1290.0,77300.0,1.0,True,0.01,0.95,10.0,39600.0,0.938,0.139
6326,1 - 1 - 2022,19800.0,2.7422618401604177,2.3713730200033902,3.1622776601683795,0.00203,0.00158489,0.00251189,0.225,0.2,0.25,0.946,0.9,1.0,230000.0,1060.0,46800.0,1.0,True,0.01,0.95,10.0,39600.0,0.938,0.139
6327,1 - 1 - 2022,19800.0,2.7294688127912363,2.3713730200033902,3.1622776601683795,0.00199,0.00158489,0.00251189,0.224,0.2,0.25,1.2,1.0,1.5,84700.0,289.0,6530.0,1.0,True,0.01,0.95,10.0,39600.0,0.938,0.139
6328,1 - 1 - 2022,19800.0,2.753179979587241,2.3713730200033902,3.1622776601683795,0.00202,0.00158489,0.00251189,0.224,0.2,0.25,1.7,1.5,2.0,24600.0,156.0,0.0,1.0,True,0.01,0.95,10.0,39600.0,0.938,0.139
6329,1 - 1 - 2022,19800.0,2.7802877548915688,2.3713730200033902,3.1622776601683795,0.002,0.00158489,0.00251189,0.224,0.2,0.25,2.53,2.0,4.0,4240.0,32.3,816.0,1.0,True,0.01,0.95,10.0,39600.0,0.938,0.139
6330,1 - 1 - 2022,19800.0,2.7586228448267445,2.3713730200033902,3.1622776601683795,0.00197,0.00158489,0.00251189,0.276,0.25,0.3,0.0357,0.0,0.05,84900.0,915.0,47900.0,1.0,True,0.01,0.95,10.0,39600.0,0.938,0.139
6331,1 - 1 - 2022,19800.0,2.7658633371878665,2.3713730200033902,3.1622776601683795,0.002,0.00158489,0.00251189,0.275,0.25,0.3,0.0773,0.05,0.1,222000.0,1480.0,122000.0,1.0,True,0.01,0.95,10.0,39600.0,0.938,0.139
6332,1 - 1 - 2022,19800.0,2.716615541441225,2.3713730200033902,3.1622776601683795,0.00202,0.00158489,0.00251189,0.273,0.25,0.3,0.155,0.1,0.2,465000.0,1510.0,218000.0,1.0,True,0.01,0.95,10.0,39600.0,0.938,0.139
6333,1 - 1 - 2022,19800.0,2.727636339397171,2.3713730200033902,3.1622776601683795,0.00201,0.00158489,0.00251189,0.273,0.25,0.3,0.253,0.2,0.3,615000.0,1740.0,270000.0,1.0,True,0.01,0.95,10.0,39600.0,0.938,0.139
6334,1 - 1 - 2022,19800.0,2.727636339397171,2.3713730200033902,3.1622776601683795,0.002,0.00158489,0.00251189,0.273,0.25,0.3,0.351,0.3,0.4,691000.0,1850.0,310000.0,1.0,True,0.01,0.95,10.0,39600.0,0.938,0.139
6335,1 - 1 - 2022,19800.0,2.7202941017470885,2.3713730200033902,3.1622776601683795,0.002,0.00158489,0.00251189,0.274,0.25,0.3,0.451,0.4,0.5,628000.0,1760.0,242000.0,1.0,True,0.01,0.95,10.0,39600.0,0.938,0.139
6336,1 - 1 - 2022,19800.0,2.725802634087802,2.3713730200033902,3.1622776601683795,0.00203,0.00158489,0.00251189,0.274,0.25,0.3,0.548,0.5,0.6,563000.0,1670.0,197000.0,1.0,True,0.01,0.95,10.0,39600.0,0.938,0.139
6337,1 - 1 - 2022,19800.0,2.7129319932501073,2.3713730200033902,3.1622776601683795,0.002,0.00158489,0.00251189,0.275,0.25,0.3,0.647,0.6,0.7,462000.0,1510.0,148000.0,1.0,True,0.01,0.95,10.0,39600.0,0.938,0.139
6338,1 - 1 - 2022,19800.0,2.7037011669191546,2.3713730200033902,3.1622776601683795,0.00199,0.00158489,0.00251189,0.273,0.25,0.3,0.748,0.7,0.8,292000.0,1200.0,99000.0,1.0,True,0.01,0.95,10.0,39600.0,0.938,0.139
6339,1 - 1 - 2022,19800.0,2.7422618401604177,2.3713730200033902,3.1622776601683795,0.00204,0.00158489,0.00251189,0.274,0.25,0.3,0.85,0.8,0.9,248000.0,1110.0,68600.0,1.0,True,0.01,0.95,10.0,39600.0,0.938,0.139
6340,1 - 1 - 2022,19800.0,2.7313000567495327,2.3713730200033902,3.1622776601683795,0.00203,0.00158489,0.00251189,0.275,0.25,0.3,0.947,0.9,1.0,176000.0,932.0,45700.0,1.0,True,0.01,0.95,10.0,39600.0,0.938,0.139
6341,1 - 1 - 2022,19800.0,2.7294688127912363,2.3713730200033902,3.1622776601683795,0.00202,0.00158489,0.00251189,0.274,0.25,0.3,1.18,1.0,1.5,66200.0,255.0,10700.0,1.0,True,0.01,0.95,10.0,39600.0,0.938,0.139
6342,1 - 1 - 2022,19800.0,2.7748873851023217,2.3713730200033902,3.1622776601683795,0.00201,0.00158489,0.00251189,0.274,0.25,0.3,1.72,1.5,2.0,22000.0,147.0,0.0,1.0,True,0.01,0.95,10.0,39600.0,0.938,0.139
6343,1 - 1 - 2022,19800.0,2.7820855486487113,2.3713730200033902,3.1622776601683795,0.00198,0.00158489,0.00251189,0.275,0.25,0.3,2.46,2.0,4.0,3860.0,30.9,272.0,1.0,True,0.01,0.95,10.0,39600.0,0.938,0.139
6344,1 - 1 - 2022,19800.0,2.727636339397171,2.3713730200033902,3.1622776601683795,0.00201,0.00158489,0.00251189,0.347,0.3,0.4,0.0335,0.0,0.05,46800.0,480.0,14100.0,1.0,True,0.01,0.95,10.0,39600.0,0.938,0.139
6345,1 - 1 - 2022,19800.0,2.7092434368288134,2.3713730200033902,3.1622776601683795,0.00202,0.00158489,0.00251189,0.343,0.3,0.4,0.0782,0.05,0.1,139000.0,829.0,33700.0,1.0,True,0.01,0.95,10.0,39600.0,0.938,0.139
6346,1 - 1 - 2022,19800.0,2.7367864366808017,2.3713730200033902,3.1622776601683795,0.00202,0.00158489,0.00251189,0.346,0.3,0.4,0.156,0.1,0.2,254000.0,791.0,90900.0,1.0,True,0.01,0.95,10.0,39600.0,0.938,0.139
6347,1 - 1 - 2022,19800.0,2.7184554438136375,2.3713730200033902,3.1622776601683795,0.00203,0.00158489,0.00251189,0.345,0.3,0.4,0.251,0.2,0.3,378000.0,965.0,123000.0,1.0,True,0.01,0.95,10.0,39600.0,0.938,0.139
6348,1 - 1 - 2022,19800.0,2.7202941017470885,2.3713730200033902,3.1622776601683795,0.00202,0.00158489,0.00251189,0.343,0.3,0.4,0.349,0.3,0.4,403000.0,996.0,139000.0,1.0,True,0.01,0.95,10.0,39600.0,0.938,0.139
6349,1 - 1 - 2022,19800.0,2.7202941017470885,2.3713730200033902,3.1622776601683795,0.00202,0.00158489,0.00251189,0.344,0.3,0.4,0.451,0.4,0.5,389000.0,979.0,121000.0,1.0,True,0.01,0.95,10.0,39600.0,0.938,0.139
6350,1 - 1 - 2022,19800.0,2.7147743920996454,2.3713730200033902,3.1622776601683795,0.00201,0.00158489,0.00251189,0.344,0.3,0.4,0.547,0.5,0.6,363000.0,946.0,120000.0,1.0,True,0.01,0.95,10.0,39600.0,0.938,0.139
6351,1 - 1 - 2022,19800.0,2.7422618401604177,2.3713730200033902,3.1622776601683795,0.00198,0.00158489,0.00251189,0.346,0.3,0.4,0.646,0.6,0.7,301000.0,861.0,94100.0,1.0,True,0.01,0.95,10.0,39600.0,0.938,0.139
6352,1 - 1 - 2022,19800.0,2.7422618401604177,2.3713730200033902,3.1622776601683795,0.00199,0.00158489,0.00251189,0.346,0.3,0.4,0.749,0.7,0.8,223000.0,741.0,66400.0,1.0,True,0.01,0.95,10.0,39600.0,0.938,0.139
6353,1 - 1 - 2022,19800.0,2.7331300737432898,2.3713730200033902,3.1622776601683795,0.00201,0.00158489,0.00251189,0.343,0.3,0.4,0.847,0.8,0.9,159000.0,626.0,45200.0,1.0,True,0.01,0.95,10.0,39600.0,0.938,0.139
6354,1 - 1 - 2022,19800.0,2.7386127875258306,2.3713730200033902,3.1622776601683795,0.00203,0.00158489,0.00251189,0.345,0.3,0.4,0.947,0.9,1.0,125000.0,555.0,32600.0,1.0,True,0.01,0.95,10.0,39600.0,0.938,0.139
6355,1 - 1 - 2022,19800.0,2.7294688127912363,2.3713730200033902,3.1622776601683795,0.00202,0.00158489,0.00251189,0.344,0.3,0.4,1.18,1.0,1.5,42100.0,144.0,9790.0,1.0,True,0.01,0.95,10.0,39600.0,0.938,0.139
6356,1 - 1 - 2022,19800.0,2.711088342345192,2.3713730200033902,3.1622776601683795,0.00202,0.00158489,0.00251189,0.351,0.3,0.4,1.73,1.5,2.0,10900.0,73.2,218.0,1.0,True,0.01,0.95,10.0,39600.0,0.938,0.139
6357,1 - 1 - 2022,19800.0,2.7676705006196096,2.3713730200033902,3.1622776601683795,0.00201,0.00158489,0.00251189,0.342,0.3,0.4,2.53,2.0,4.0,2580.0,17.8,245.0,1.0,True,0.01,0.95,10.0,39600.0,0.938,0.139
6358,1 - 1 - 2022,19800.0,2.725802634087802,2.3713730200033902,3.1622776601683795,0.00204,0.00158489,0.00251189,0.438,0.4,0.5,0.0319,0.0,0.05,27200.0,366.0,0.0,1.0,True,0.01,0.95,10.0,39600.0,0.938,0.139
6359,1 - 1 - 2022,19800.0,2.692582403567252,2.3713730200033902,3.1622776601683795,0.00207,0.00158489,0.00251189,0.448,0.4,0.5,0.0791,0.05,0.1,102000.0,710.0,6530.0,1.0,True,0.01,0.95,10.0,39600.0,0.938,0.139
6360,1 - 1 - 2022,19800.0,2.7202941017470885,2.3713730200033902,3.1622776601683795,0.00199,0.00158489,0.00251189,0.445,0.4,0.5,0.152,0.1,0.2,136000.0,579.0,14100.0,1.0,True,0.01,0.95,10.0,39600.0,0.938,0.139
6361,1 - 1 - 2022,19800.0,2.711088342345192,2.3713730200033902,3.1622776601683795,0.00203,0.00158489,0.00251189,0.446,0.4,0.5,0.25,0.2,0.3,192000.0,688.0,28800.0,1.0,True,0.01,0.95,10.0,39600.0,0.938,0.139
6362,1 - 1 - 2022,19800.0,2.711088342345192,2.3713730200033902,3.1622776601683795,0.00201,0.00158489,0.00251189,0.445,0.4,0.5,0.352,0.3,0.4,200000.0,702.0,40300.0,1.0,True,0.01,0.95,10.0,39600.0,0.938,0.139
6363,1 - 1 - 2022,19800.0,2.723967694375247,2.3713730200033902,3.1622776601683795,0.00203,0.00158489,0.00251189,0.447,0.4,0.5,0.448,0.4,0.5,194000.0,692.0,27200.0,1.0,True,0.01,0.95,10.0,39600.0,0.938,0.139
6364,1 - 1 - 2022,19800.0,2.7202941017470885,2.3713730200033902,3.1622776601683795,0.00202,0.00158489,0.00251189,0.446,0.4,0.5,0.551,0.5,0.6,189000.0,683.0,35400.0,1.0,True,0.01,0.95,10.0,39600.0,0.938,0.139
6365,1 - 1 - 2022,19800.0,2.7147743920996454,2.3713730200033902,3.1622776601683795,0.002,0.00158489,0.00251189,0.445,0.4,0.5,0.646,0.6,0.7,146000.0,600.0,26700.0,1.0,True,0.01,0.95,10.0,39600.0,0.938,0.139
6366,1 - 1 - 2022,19800.0,2.7440845468024486,2.3713730200033902,3.1622776601683795,0.002,0.00158489,0.00251189,0.446,0.4,0.5,0.747,0.7,0.8,134000.0,576.0,23900.0,1.0,True,0.01,0.95,10.0,39600.0,0.938,0.139
6367,1 - 1 - 2022,19800.0,2.7586228448267445,2.3713730200033902,3.1622776601683795,0.00201,0.00158489,0.00251189,0.445,0.4,0.5,0.843,0.8,0.9,75100.0,430.0,12500.0,1.0,True,0.01,0.95,10.0,39600.0,0.938,0.139
6368,1 - 1 - 2022,19800.0,2.727636339397171,2.3713730200033902,3.1622776601683795,0.00201,0.00158489,0.00251189,0.445,0.4,0.5,0.946,0.9,1.0,69100.0,413.0,14100.0,1.0,True,0.01,0.95,10.0,39600.0,0.938,0.139
6369,1 - 1 - 2022,19800.0,2.723967694375247,2.3713730200033902,3.1622776601683795,0.00201,0.00158489,0.00251189,0.443,0.4,0.5,1.2,1.0,1.5,28400.0,118.0,4460.0,1.0,True,0.01,0.95,10.0,39600.0,0.938,0.139
6370,1 - 1 - 2022,19800.0,2.7586228448267445,2.3713730200033902,3.1622776601683795,0.00201,0.00158489,0.00251189,0.441,0.4,0.5,1.72,1.5,2.0,6750.0,57.7,435.0,1.0,True,0.01,0.95,10.0,39600.0,0.938,0.139
6371,1 - 1 - 2022,19800.0,2.7640549922170505,2.3713730200033902,3.1622776601683795,0.002,0.00158489,0.00251189,0.45,0.4,0.5,2.78,2.0,4.0,1550.0,13.8,381.0,1.0,True,0.01,0.95,10.0,39600.0,0.938,0.139
6372,1 - 1 - 2022,19800.0,2.7,2.3713730200033902,3.1622776601683795,0.00211,0.00158489,0.00251189,0.528,0.5,0.6,0.0308,0.0,0.05,15200.0,274.0,0.0,1.0,True,0.01,0.95,10.0,39600.0,0.938,0.139
6373,1 - 1 - 2022,19800.0,2.6814175355583845,2.3713730200033902,3.1622776601683795,0.00201,0.00158489,0.00251189,0.553,0.5,0.6,0.0775,0.05,0.1,45700.0,475.0,0.0,1.0,True,0.01,0.95,10.0,39600.0,0.938,0.139
6374,1 - 1 - 2022,19800.0,2.7147743920996454,2.3713730200033902,3.1622776601683795,0.002,0.00158489,0.00251189,0.547,0.5,0.6,0.155,0.1,0.2,74000.0,427.0,0.0,1.0,True,0.01,0.95,10.0,39600.0,0.938,0.139
6375,1 - 1 - 2022,19800.0,2.723967694375247,2.3713730200033902,3.1622776601683795,0.00199,0.00158489,0.00251189,0.548,0.5,0.6,0.247,0.2,0.3,107000.0,513.0,1630.0,1.0,True,0.01,0.95,10.0,39600.0,0.938,0.139
6376,1 - 1 - 2022,19800.0,2.7202941017470885,2.3713730200033902,3.1622776601683795,0.00203,0.00158489,0.00251189,0.544,0.5,0.6,0.351,0.3,0.4,106000.0,510.0,1630.0,1.0,True,0.01,0.95,10.0,39600.0,0.938,0.139
6377,1 - 1 - 2022,19800.0,2.716615541441225,2.3713730200033902,3.1622776601683795,0.00203,0.00158489,0.00251189,0.544,0.5,0.6,0.447,0.4,0.5,121000.0,546.0,6530.0,1.0,True,0.01,0.95,10.0,39600.0,0.938,0.139
6378,1 - 1 - 2022,19800.0,2.7404379212089442,2.3713730200033902,3.1622776601683795,0.002,0.00158489,0.00251189,0.544,0.5,0.6,0.55,0.5,0.6,112000.0,526.0,6530.0,1.0,True,0.01,0.95,10.0,39600.0,0.938,0.139
6379,1 - 1 - 2022,19800.0,2.7331300737432898,2.3713730200033902,3.1622776601683795,0.00201,0.00158489,0.00251189,0.547,0.5,0.6,0.648,0.6,0.7,83800.0,454.0,3810.0,1.0,True,0.01,0.95,10.0,39600.0,0.938,0.139
6380,1 - 1 - 2022,19800.0,2.6888659319497505,2.3713730200033902,3.1622776601683795,0.00206,0.00158489,0.00251189,0.547,0.5,0.6,0.748,0.7,0.8,63700.0,396.0,5440.0,1.0,True,0.01,0.95,10.0,39600.0,0.938,0.139
6381,1 - 1 - 2022,19800.0,2.6683328128252666,2.3713730200033902,3.1622776601683795,0.00205,0.00158489,0.00251189,0.546,0.5,0.6,0.849,0.8,0.9,46200.0,338.0,8160.0,1.0,True,0.01,0.95,10.0,39600.0,0.938,0.139
6382,1 - 1 - 2022,19800.0,2.711088342345192,2.3713730200033902,3.1622776601683795,0.00199,0.00158489,0.00251189,0.542,0.5,0.6,0.953,0.9,1.0,41400.0,319.0,3810.0,1.0,True,0.01,0.95,10.0,39600.0,0.938,0.139
6383,1 - 1 - 2022,19800.0,2.6907248094147422,2.3713730200033902,3.1622776601683795,0.002,0.00158489,0.00251189,0.547,0.5,0.6,1.18,1.0,1.5,13700.0,82.2,653.0,1.0,True,0.01,0.95,10.0,39600.0,0.938,0.139
6384,1 - 1 - 2022,19800.0,2.8,2.3713730200033902,3.1622776601683795,0.00206,0.00158489,0.00251189,0.535,0.5,0.6,1.65,1.5,2.0,2940.0,38.1,326.0,1.0,True,0.01,0.95,10.0,39600.0,0.938,0.139
6385,1 - 1 - 2022,19800.0,2.7856776554368237,2.3713730200033902,3.1622776601683795,0.002,0.00158489,0.00251189,0.545,0.5,0.6,2.63,2.0,4.0,898.0,10.5,218.0,1.0,True,0.01,0.95,10.0,39600.0,0.938,0.139
6386,1 - 1 - 2022,19800.0,2.588435821108957,2.3713730200033902,3.1622776601683795,0.00189,0.00158489,0.00251189,0.63,0.6,0.7,0.0302,0.0,0.05,6530.0,179.0,0.0,1.0,True,0.01,0.95,10.0,39600.0,0.938,0.139
6387,1 - 1 - 2022,19800.0,2.7422618401604177,2.3713730200033902,3.1622776601683795,0.00202,0.00158489,0.00251189,0.65,0.6,0.7,0.077,0.05,0.1,17400.0,293.0,0.0,1.0,True,0.01,0.95,10.0,39600.0,0.938,0.139
6388,1 - 1 - 2022,19800.0,2.7073972741361767,2.3713730200033902,3.1622776601683795,0.00203,0.00158489,0.00251189,0.642,0.6,0.7,0.162,0.1,0.2,33200.0,286.0,0.0,1.0,True,0.01,0.95,10.0,39600.0,0.938,0.139
6389,1 - 1 - 2022,19800.0,2.7313000567495327,2.3713730200033902,3.1622776601683795,0.002,0.00158489,0.00251189,0.639,0.6,0.7,0.255,0.2,0.3,43000.0,325.0,0.0,1.0,True,0.01,0.95,10.0,39600.0,0.938,0.139
6390,1 - 1 - 2022,19800.0,2.723967694375247,2.3713730200033902,3.1622776601683795,0.00198,0.00158489,0.00251189,0.642,0.6,0.7,0.349,0.3,0.4,54400.0,366.0,0.0,1.0,True,0.01,0.95,10.0,39600.0,0.938,0.139
6391,1 - 1 - 2022,19800.0,2.725802634087802,2.3713730200033902,3.1622776601683795,0.00203,0.00158489,0.00251189,0.643,0.6,0.7,0.449,0.4,0.5,51100.0,355.0,544.0,1.0,True,0.01,0.95,10.0,39600.0,0.938,0.139
6392,1 - 1 - 2022,19800.0,2.6814175355583845,2.3713730200033902,3.1622776601683795,0.00202,0.00158489,0.00251189,0.644,0.6,0.7,0.553,0.5,0.6,48400.0,345.0,544.0,1.0,True,0.01,0.95,10.0,39600.0,0.938,0.139
6393,1 - 1 - 2022,19800.0,2.7477263328068173,2.3713730200033902,3.1622776601683795,0.00199,0.00158489,0.00251189,0.647,0.6,0.7,0.649,0.6,0.7,51700.0,357.0,1090.0,1.0,True,0.01,0.95,10.0,39600.0,0.938,0.139
6394,1 - 1 - 2022,19800.0,2.7073972741361767,2.3713730200033902,3.1622776601683795,0.00203,0.00158489,0.00251189,0.645,0.6,0.7,0.745,0.7,0.8,34800.0,293.0,544.0,1.0,True,0.01,0.95,10.0,39600.0,0.938,0.139
6395,1 - 1 - 2022,19800.0,2.7422618401604177,2.3713730200033902,3.1622776601683795,0.00203,0.00158489,0.00251189,0.645,0.6,0.7,0.85,0.8,0.9,28300.0,264.0,544.0,1.0,True,0.01,0.95,10.0,39600.0,0.938,0.139
6396,1 - 1 - 2022,19800.0,2.6739483914241875,2.3713730200033902,3.1622776601683795,0.00203,0.00158489,0.00251189,0.646,0.6,0.7,0.954,0.9,1.0,19000.0,217.0,0.0,1.0,True,0.01,0.95,10.0,39600.0,0.938,0.139
6397,1 - 1 - 2022,19800.0,2.7549954627911823,2.3713730200033902,3.1622776601683795,0.00203,0.00158489,0.00251189,0.644,0.6,0.7,1.19,1.0,1.5,7510.0,60.8,109.0,1.0,True,0.01,0.95,10.0,39600.0,0.938,0.139
6398,1 - 1 - 2022,19800.0,2.6720778431774774,2.3713730200033902,3.1622776601683795,0.002,0.00158489,0.00251189,0.645,0.6,0.7,1.68,1.5,2.0,2070.0,31.9,109.0,1.0,True,0.01,0.95,10.0,39600.0,0.938,0.139
6399,1 - 1 - 2022,19800.0,2.778488797889961,2.3713730200033902,3.1622776601683795,0.00189,0.00158489,0.00251189,0.653,0.6,0.7,2.92,2.0,4.0,435.0,7.32,190.0,1.0,True,0.01,0.95,10.0,39600.0,0.938,0.139
6400,1 - 1 - 2022,19800.0,2.487971060924946,2.3713730200033902,3.1622776601683795,0.00221,0.00158489,0.00251189,0.765,0.7,0.8,0.027,0.0,0.05,2180.0,104.0,0.0,1.0,True,0.01,0.95,10.0,39600.0,0.938,0.139
6401,1 - 1 - 2022,19800.0,2.640075756488817,2.3713730200033902,3.1622776601683795,0.00191,0.00158489,0.00251189,0.76,0.7,0.8,0.0848,0.05,0.1,8710.0,207.0,0.0,1.0,True,0.01,0.95,10.0,39600.0,0.938,0.139
6402,1 - 1 - 2022,19800.0,2.6115129714401193,2.3713730200033902,3.1622776601683795,0.002,0.00158489,0.00251189,0.752,0.7,0.8,0.146,0.1,0.2,12500.0,176.0,0.0,1.0,True,0.01,0.95,10.0,39600.0,0.938,0.139
6403,1 - 1 - 2022,19800.0,2.723967694375247,2.3713730200033902,3.1622776601683795,0.00207,0.00158489,0.00251189,0.748,0.7,0.8,0.249,0.2,0.3,22300.0,234.0,0.0,1.0,True,0.01,0.95,10.0,39600.0,0.938,0.139
6404,1 - 1 - 2022,19800.0,2.725802634087802,2.3713730200033902,3.1622776601683795,0.00203,0.00158489,0.00251189,0.746,0.7,0.8,0.354,0.3,0.4,28800.0,267.0,0.0,1.0,True,0.01,0.95,10.0,39600.0,0.938,0.139
6405,1 - 1 - 2022,19800.0,2.7147743920996454,2.3713730200033902,3.1622776601683795,0.00205,0.00158489,0.00251189,0.746,0.7,0.8,0.455,0.4,0.5,39700.0,313.0,0.0,1.0,True,0.01,0.95,10.0,39600.0,0.938,0.139
6406,1 - 1 - 2022,19800.0,2.7331300737432898,2.3713730200033902,3.1622776601683795,0.00204,0.00158489,0.00251189,0.743,0.7,0.8,0.549,0.5,0.6,22300.0,234.0,0.0,1.0,True,0.01,0.95,10.0,39600.0,0.938,0.139
6407,1 - 1 - 2022,19800.0,2.6907248094147422,2.3713730200033902,3.1622776601683795,0.00197,0.00158489,0.00251189,0.74,0.7,0.8,0.646,0.6,0.7,24500.0,246.0,0.0,1.0,True,0.01,0.95,10.0,39600.0,0.938,0.139
6408,1 - 1 - 2022,19800.0,2.6907248094147422,2.3713730200033902,3.1622776601683795,0.00194,0.00158489,0.00251189,0.746,0.7,0.8,0.748,0.7,0.8,17400.0,207.0,0.0,1.0,True,0.01,0.95,10.0,39600.0,0.938,0.139
6409,1 - 1 - 2022,19800.0,2.6248809496813372,2.3713730200033902,3.1622776601683795,0.002,0.00158489,0.00251189,0.745,0.7,0.8,0.849,0.8,0.9,14100.0,187.0,0.0,1.0,True,0.01,0.95,10.0,39600.0,0.938,0.139
6410,1 - 1 - 2022,19800.0,2.725802634087802,2.3713730200033902,3.1622776601683795,0.00202,0.00158489,0.00251189,0.755,0.7,0.8,0.945,0.9,1.0,17400.0,207.0,0.0,1.0,True,0.01,0.95,10.0,39600.0,0.938,0.139
6411,1 - 1 - 2022,19800.0,2.7147743920996454,2.3713730200033902,3.1622776601683795,0.00202,0.00158489,0.00251189,0.749,0.7,0.8,1.22,1.0,1.5,4900.0,49.1,435.0,1.0,True,0.01,0.95,10.0,39600.0,0.938,0.139
6412,1 - 1 - 2022,19800.0,2.7892651361962706,2.3713730200033902,3.1622776601683795,0.00215,0.00158489,0.00251189,0.749,0.7,0.8,1.66,1.5,2.0,544.0,16.4,109.0,1.0,True,0.01,0.95,10.0,39600.0,0.938,0.139
6413,1 - 1 - 2022,19800.0,2.598076211353316,2.3713730200033902,3.1622776601683795,0.00207,0.00158489,0.00251189,0.71,0.7,0.8,2.59,2.0,4.0,81.6,3.17,0.0,1.0,True,0.01,0.95,10.0,39600.0,0.938,0.139
6414,1 - 1 - 2022,19800.0,2.553429066960741,2.3713730200033902,3.1622776601683795,0.00186,0.00158489,0.00251189,0.831,0.8,0.9,0.0446,0.0,0.05,3260.0,127.0,0.0,1.0,True,0.01,0.95,10.0,39600.0,0.938,0.139
6415,1 - 1 - 2022,19800.0,2.808914381037628,2.3713730200033902,3.1622776601683795,0.00205,0.00158489,0.00251189,0.843,0.8,0.9,0.0828,0.05,0.1,5440.0,164.0,0.0,1.0,True,0.01,0.95,10.0,39600.0,0.938,0.139
6416,1 - 1 - 2022,19800.0,2.5729360660537215,2.3713730200033902,3.1622776601683795,0.00224,0.00158489,0.00251189,0.843,0.8,0.9,0.172,0.1,0.2,4350.0,104.0,0.0,1.0,True,0.01,0.95,10.0,39600.0,0.938,0.139
6417,1 - 1 - 2022,19800.0,2.7294688127912363,2.3713730200033902,3.1622776601683795,0.00199,0.00158489,0.00251189,0.836,0.8,0.9,0.261,0.2,0.3,13100.0,179.0,0.0,1.0,True,0.01,0.95,10.0,39600.0,0.938,0.139
6418,1 - 1 - 2022,19800.0,2.7037011669191546,2.3713730200033902,3.1622776601683795,0.00195,0.00158489,0.00251189,0.844,0.8,0.9,0.353,0.3,0.4,15800.0,197.0,0.0,1.0,True,0.01,0.95,10.0,39600.0,0.938,0.139
6419,1 - 1 - 2022,19800.0,2.6870057685088806,2.3713730200033902,3.1622776601683795,0.00201,0.00158489,0.00251189,0.84,0.8,0.9,0.448,0.4,0.5,12000.0,172.0,544.0,1.0,True,0.01,0.95,10.0,39600.0,0.938,0.139
6420,1 - 1 - 2022,19800.0,2.701851217221259,2.3713730200033902,3.1622776601683795,0.00199,0.00158489,0.00251189,0.845,0.8,0.9,0.544,0.5,0.6,12000.0,172.0,0.0,1.0,True,0.01,0.95,10.0,39600.0,0.938,0.139
6421,1 - 1 - 2022,19800.0,2.6981475126464085,2.3713730200033902,3.1622776601683795,0.00208,0.00158489,0.00251189,0.842,0.8,0.9,0.659,0.6,0.7,13600.0,183.0,544.0,1.0,True,0.01,0.95,10.0,39600.0,0.938,0.139
6422,1 - 1 - 2022,19800.0,2.658947160061666,2.3713730200033902,3.1622776601683795,0.002,0.00158489,0.00251189,0.844,0.8,0.9,0.746,0.7,0.8,13600.0,183.0,544.0,1.0,True,0.01,0.95,10.0,39600.0,0.938,0.139
6423,1 - 1 - 2022,19800.0,2.6570660511172846,2.3713730200033902,3.1622776601683795,0.00194,0.00158489,0.00251189,0.845,0.8,0.9,0.858,0.8,0.9,7620.0,137.0,1090.0,1.0,True,0.01,0.95,10.0,39600.0,0.938,0.139
6424,1 - 1 - 2022,19800.0,2.596150997149434,2.3713730200033902,3.1622776601683795,0.00197,0.00158489,0.00251189,0.855,0.8,0.9,0.947,0.9,1.0,5990.0,121.0,544.0,1.0,True,0.01,0.95,10.0,39600.0,0.938,0.139
6425,1 - 1 - 2022,19800.0,2.7730849247724096,2.3713730200033902,3.1622776601683795,0.00204,0.00158489,0.00251189,0.85,0.8,0.9,1.15,1.0,1.5,1310.0,25.4,109.0,1.0,True,0.01,0.95,10.0,39600.0,0.938,0.139
6426,1 - 1 - 2022,19800.0,2.8337254630609507,2.3713730200033902,3.1622776601683795,0.00198,0.00158489,0.00251189,0.839,0.8,0.9,1.68,1.5,2.0,326.0,12.7,0.0,1.0,True,0.01,0.95,10.0,39600.0,0.938,0.139
6427,1 - 1 - 2022,19800.0,2.5573423705088842,2.3713730200033902,3.1622776601683795,0.00249,0.00158489,0.00251189,0.938,0.9,1.0,0.0455,0.0,0.05,1090.0,73.3,0.0,1.0,True,0.01,0.95,10.0,39600.0,0.938,0.139
6428,1 - 1 - 2022,19800.0,3.146426544510455,2.3713730200033902,3.1622776601683795,0.00197,0.00158489,0.00251189,0.97,0.9,1.0,0.0991,0.05,0.1,1090.0,73.2,0.0,1.0,True,0.01,0.95,10.0,39600.0,0.938,0.139
6429,1 - 1 - 2022,19800.0,2.692582403567252,2.3713730200033902,3.1622776601683795,0.00199,0.00158489,0.00251189,0.925,0.9,1.0,0.129,0.1,0.2,2720.0,81.9,0.0,1.0,True,0.01,0.95,10.0,39600.0,0.938,0.139
6430,1 - 1 - 2022,19800.0,2.6851443164195103,2.3713730200033902,3.1622776601683795,0.00202,0.00158489,0.00251189,0.935,0.9,1.0,0.26,0.2,0.3,7070.0,132.0,0.0,1.0,True,0.01,0.95,10.0,39600.0,0.938,0.139
6431,1 - 1 - 2022,19800.0,2.6758176320519302,2.3713730200033902,3.1622776601683795,0.00212,0.00158489,0.00251189,0.929,0.9,1.0,0.354,0.3,0.4,6530.0,127.0,0.0,1.0,True,0.01,0.95,10.0,39600.0,0.938,0.139
6432,1 - 1 - 2022,19800.0,2.7694764848252458,2.3713730200033902,3.1622776601683795,0.00214,0.00158489,0.00251189,0.927,0.9,1.0,0.447,0.4,0.5,5990.0,121.0,544.0,1.0,True,0.01,0.95,10.0,39600.0,0.938,0.139
6433,1 - 1 - 2022,19800.0,2.932575659723036,2.3713730200033902,3.1622776601683795,0.00179,0.00158489,0.00251189,0.926,0.9,1.0,0.535,0.5,0.6,2720.0,81.9,544.0,1.0,True,0.01,0.95,10.0,39600.0,0.938,0.139
6434,1 - 1 - 2022,19800.0,2.6229754097208002,2.3713730200033902,3.1622776601683795,0.00202,0.00158489,0.00251189,0.942,0.9,1.0,0.652,0.6,0.7,4900.0,110.0,0.0,1.0,True,0.01,0.95,10.0,39600.0,0.938,0.139
6435,1 - 1 - 2022,19800.0,2.7313000567495327,2.3713730200033902,3.1622776601683795,0.00193,0.00158489,0.00251189,0.935,0.9,1.0,0.771,0.7,0.8,1630.0,63.4,544.0,1.0,True,0.01,0.95,10.0,39600.0,0.938,0.139
6436,1 - 1 - 2022,19800.0,2.9086079144497976,2.3713730200033902,3.1622776601683795,0.00202,0.00158489,0.00251189,0.919,0.9,1.0,0.836,0.8,0.9,3260.0,89.7,0.0,1.0,True,0.01,0.95,10.0,39600.0,0.938,0.139
6437,1 - 1 - 2022,19800.0,2.3748684174075834,2.3713730200033902,3.1622776601683795,0.00217,0.00158489,0.00251189,0.918,0.9,1.0,0.948,0.9,1.0,544.0,36.6,0.0,1.0,True,0.01,0.95,10.0,39600.0,0.938,0.139
6438,1 - 1 - 2022,19800.0,2.6229754097208002,2.3713730200033902,3.1622776601683795,0.00196,0.00158489,0.00251189,0.941,0.9,1.0,1.12,1.0,1.5,435.0,14.6,109.0,1.0,True,0.01,0.95,10.0,39600.0,0.938,0.139
6439,1 - 1 - 2022,19800.0,2.7386127875258306,2.3713730200033902,3.1622776601683795,0.00314,0.00251189,0.00398107,0.0288,0.0,0.05,0.0783,0.05,0.1,1250000.0,2790.0,1190000.0,1.0,True,0.01,0.95,10.0,39600.0,0.938,0.139
6440,1 - 1 - 2022,19800.0,2.7440845468024486,2.3713730200033902,3.1622776601683795,0.00315,0.00251189,0.00398107,0.0238,0.0,0.05,0.156,0.1,0.2,3140000.0,3120.0,2420000.0,1.0,True,0.01,0.95,10.0,39600.0,0.938,0.139
6441,1 - 1 - 2022,19800.0,2.7367864366808017,2.3713730200033902,3.1622776601683795,0.00316,0.00251189,0.00398107,0.0212,0.0,0.05,0.252,0.2,0.3,4680000.0,3820.0,2750000.0,1.0,True,0.01,0.95,10.0,39600.0,0.938,0.139
6442,1 - 1 - 2022,19800.0,2.7404379212089442,2.3713730200033902,3.1622776601683795,0.00315,0.00251189,0.00398107,0.0204,0.0,0.05,0.35,0.3,0.4,4850000.0,3880.0,2210000.0,1.0,True,0.01,0.95,10.0,39600.0,0.938,0.139
6443,1 - 1 - 2022,19800.0,2.7422618401604177,2.3713730200033902,3.1622776601683795,0.00317,0.00251189,0.00398107,0.0203,0.0,0.05,0.448,0.4,0.5,4170000.0,3600.0,1450000.0,1.0,True,0.01,0.95,10.0,39600.0,0.938,0.139
6444,1 - 1 - 2022,19800.0,2.7386127875258306,2.3713730200033902,3.1622776601683795,0.00316,0.00251189,0.00398107,0.0204,0.0,0.05,0.547,0.5,0.6,3160000.0,3140.0,845000.0,1.0,True,0.01,0.95,10.0,39600.0,0.938,0.139
6445,1 - 1 - 2022,19800.0,2.7404379212089442,2.3713730200033902,3.1622776601683795,0.00317,0.00251189,0.00398107,0.0208,0.0,0.05,0.647,0.6,0.7,2280000.0,2660.0,492000.0,1.0,True,0.01,0.95,10.0,39600.0,0.938,0.139
6446,1 - 1 - 2022,19800.0,2.7440845468024486,2.3713730200033902,3.1622776601683795,0.00318,0.00251189,0.00398107,0.0214,0.0,0.05,0.746,0.7,0.8,1520000.0,2180.0,257000.0,1.0,True,0.01,0.95,10.0,39600.0,0.938,0.139
6447,1 - 1 - 2022,19800.0,2.734958866235469,2.3713730200033902,3.1622776601683795,0.00318,0.00251189,0.00398107,0.0218,0.0,0.05,0.847,0.8,0.9,990000.0,1750.0,153000.0,1.0,True,0.01,0.95,10.0,39600.0,0.938,0.139
6448,1 - 1 - 2022,19800.0,2.7404379212089442,2.3713730200033902,3.1622776601683795,0.00316,0.00251189,0.00398107,0.0226,0.0,0.05,0.944,0.9,1.0,586000.0,1350.0,93400.0,1.0,True,0.01,0.95,10.0,39600.0,0.938,0.139
6449,1 - 1 - 2022,19800.0,2.7440845468024486,2.3713730200033902,3.1622776601683795,0.00315,0.00251189,0.00398107,0.0241,0.0,0.05,1.16,1.0,1.5,164000.0,320.0,23900.0,1.0,True,0.01,0.95,10.0,39600.0,0.938,0.139
6450,1 - 1 - 2022,19800.0,2.7730849247724096,2.3713730200033902,3.1622776601683795,0.00317,0.00251189,0.00398107,0.0297,0.0,0.05,1.67,1.5,2.0,18000.0,106.0,1370.0,1.0,True,0.01,0.95,10.0,39600.0,0.938,0.139
6451,1 - 1 - 2022,19800.0,2.705549851693737,2.3713730200033902,3.1622776601683795,0.00319,0.00251189,0.00398107,0.034,0.0,0.05,2.4,2.0,4.0,1540.0,15.5,103.0,1.0,True,0.01,0.95,10.0,39600.0,0.938,0.139
6452,1 - 1 - 2022,19800.0,2.734958866235469,2.3713730200033902,3.1622776601683795,0.00321,0.00251189,0.00398107,0.0733,0.05,0.1,0.0779,0.05,0.1,916000.0,2390.0,880000.0,1.0,True,0.01,0.95,10.0,39600.0,0.938,0.139
6453,1 - 1 - 2022,19800.0,2.7331300737432898,2.3713730200033902,3.1622776601683795,0.00319,0.00251189,0.00398107,0.0731,0.05,0.1,0.152,0.1,0.2,1460000.0,2130.0,1300000.0,1.0,True,0.01,0.95,10.0,39600.0,0.938,0.139
6454,1 - 1 - 2022,19800.0,2.727636339397171,2.3713730200033902,3.1622776601683795,0.00318,0.00251189,0.00398107,0.0727,0.05,0.1,0.252,0.2,0.3,1910000.0,2440.0,1550000.0,1.0,True,0.01,0.95,10.0,39600.0,0.938,0.139
6455,1 - 1 - 2022,19800.0,2.725802634087802,2.3713730200033902,3.1622776601683795,0.0032,0.00251189,0.00398107,0.0727,0.05,0.1,0.349,0.3,0.4,1910000.0,2440.0,1540000.0,1.0,True,0.01,0.95,10.0,39600.0,0.938,0.139
6456,1 - 1 - 2022,19800.0,2.7294688127912363,2.3713730200033902,3.1622776601683795,0.00318,0.00251189,0.00398107,0.0733,0.05,0.1,0.448,0.4,0.5,1690000.0,2290.0,1280000.0,1.0,True,0.01,0.95,10.0,39600.0,0.938,0.139
6457,1 - 1 - 2022,19800.0,2.7367864366808017,2.3713730200033902,3.1622776601683795,0.00319,0.00251189,0.00398107,0.0736,0.05,0.1,0.547,0.5,0.6,1190000.0,1920.0,788000.0,1.0,True,0.01,0.95,10.0,39600.0,0.938,0.139
6458,1 - 1 - 2022,19800.0,2.7331300737432898,2.3713730200033902,3.1622776601683795,0.00316,0.00251189,0.00398107,0.0729,0.05,0.1,0.648,0.6,0.7,933000.0,1700.0,538000.0,1.0,True,0.01,0.95,10.0,39600.0,0.938,0.139
6459,1 - 1 - 2022,19800.0,2.72213151776324,2.3713730200033902,3.1622776601683795,0.00318,0.00251189,0.00398107,0.0727,0.05,0.1,0.746,0.7,0.8,689000.0,1460.0,290000.0,1.0,True,0.01,0.95,10.0,39600.0,0.938,0.139
6460,1 - 1 - 2022,19800.0,2.7404379212089442,2.3713730200033902,3.1622776601683795,0.00318,0.00251189,0.00398107,0.0739,0.05,0.1,0.848,0.8,0.9,442000.0,1170.0,120000.0,1.0,True,0.01,0.95,10.0,39600.0,0.938,0.139
6461,1 - 1 - 2022,19800.0,2.7202941017470885,2.3713730200033902,3.1622776601683795,0.00317,0.00251189,0.00398107,0.0734,0.05,0.1,0.948,0.9,1.0,304000.0,973.0,42600.0,1.0,True,0.01,0.95,10.0,39600.0,0.938,0.139
6462,1 - 1 - 2022,19800.0,2.725802634087802,2.3713730200033902,3.1622776601683795,0.00318,0.00251189,0.00398107,0.0737,0.05,0.1,1.18,1.0,1.5,110000.0,262.0,3160.0,1.0,True,0.01,0.95,10.0,39600.0,0.938,0.139
6463,1 - 1 - 2022,19800.0,2.7331300737432898,2.3713730200033902,3.1622776601683795,0.00314,0.00251189,0.00398107,0.0752,0.05,0.1,1.69,1.5,2.0,22900.0,119.0,0.0,1.0,True,0.01,0.95,10.0,39600.0,0.938,0.139
6464,1 - 1 - 2022,19800.0,2.692582403567252,2.3713730200033902,3.1622776601683795,0.00315,0.00251189,0.00398107,0.073,0.05,0.1,2.44,2.0,4.0,2400.0,19.3,0.0,1.0,True,0.01,0.95,10.0,39600.0,0.938,0.139
6465,1 - 1 - 2022,19800.0,2.723967694375247,2.3713730200033902,3.1622776601683795,0.0031,0.00251189,0.00398107,0.126,0.1,0.15,0.0335,0.0,0.05,189000.0,1090.0,188000.0,1.0,True,0.01,0.95,10.0,39600.0,0.938,0.139
6466,1 - 1 - 2022,19800.0,2.7092434368288134,2.3713730200033902,3.1622776601683795,0.00315,0.00251189,0.00398107,0.124,0.1,0.15,0.0788,0.05,0.1,597000.0,1930.0,581000.0,1.0,True,0.01,0.95,10.0,39600.0,0.938,0.139
6467,1 - 1 - 2022,19800.0,2.7440845468024486,2.3713730200033902,3.1622776601683795,0.00318,0.00251189,0.00398107,0.124,0.1,0.15,0.153,0.1,0.2,972000.0,1740.0,803000.0,1.0,True,0.01,0.95,10.0,39600.0,0.938,0.139
6468,1 - 1 - 2022,19800.0,2.7313000567495327,2.3713730200033902,3.1622776601683795,0.00319,0.00251189,0.00398107,0.124,0.1,0.15,0.25,0.2,0.3,1310000.0,2020.0,842000.0,1.0,True,0.01,0.95,10.0,39600.0,0.938,0.139
6469,1 - 1 - 2022,19800.0,2.7313000567495327,2.3713730200033902,3.1622776601683795,0.00317,0.00251189,0.00398107,0.124,0.1,0.15,0.349,0.3,0.4,1300000.0,2010.0,823000.0,1.0,True,0.01,0.95,10.0,39600.0,0.938,0.139
6470,1 - 1 - 2022,19800.0,2.725802634087802,2.3713730200033902,3.1622776601683795,0.00318,0.00251189,0.00398107,0.123,0.1,0.15,0.448,0.4,0.5,1110000.0,1860.0,612000.0,1.0,True,0.01,0.95,10.0,39600.0,0.938,0.139
6471,1 - 1 - 2022,19800.0,2.725802634087802,2.3713730200033902,3.1622776601683795,0.00318,0.00251189,0.00398107,0.124,0.1,0.15,0.547,0.5,0.6,862000.0,1640.0,388000.0,1.0,True,0.01,0.95,10.0,39600.0,0.938,0.139
6472,1 - 1 - 2022,19800.0,2.7294688127912363,2.3713730200033902,3.1622776601683795,0.00318,0.00251189,0.00398107,0.123,0.1,0.15,0.646,0.6,0.7,635000.0,1410.0,237000.0,1.0,True,0.01,0.95,10.0,39600.0,0.938,0.139
6473,1 - 1 - 2022,19800.0,2.7404379212089442,2.3713730200033902,3.1622776601683795,0.00318,0.00251189,0.00398107,0.123,0.1,0.15,0.748,0.7,0.8,424000.0,1150.0,101000.0,1.0,True,0.01,0.95,10.0,39600.0,0.938,0.139
6474,1 - 1 - 2022,19800.0,2.725802634087802,2.3713730200033902,3.1622776601683795,0.00319,0.00251189,0.00398107,0.124,0.1,0.15,0.849,0.8,0.9,317000.0,992.0,53600.0,1.0,True,0.01,0.95,10.0,39600.0,0.938,0.139
6475,1 - 1 - 2022,19800.0,2.7367864366808017,2.3713730200033902,3.1622776601683795,0.00316,0.00251189,0.00398107,0.124,0.1,0.15,0.949,0.9,1.0,232000.0,850.0,23300.0,1.0,True,0.01,0.95,10.0,39600.0,0.938,0.139
6476,1 - 1 - 2022,19800.0,2.7404379212089442,2.3713730200033902,3.1622776601683795,0.00319,0.00251189,0.00398107,0.124,0.1,0.15,1.18,1.0,1.5,74800.0,216.0,2330.0,1.0,True,0.01,0.95,10.0,39600.0,0.938,0.139
6477,1 - 1 - 2022,19800.0,2.727636339397171,2.3713730200033902,3.1622776601683795,0.00322,0.00251189,0.00398107,0.126,0.1,0.15,1.7,1.5,2.0,15900.0,99.5,0.0,1.0,True,0.01,0.95,10.0,39600.0,0.938,0.139
6478,1 - 1 - 2022,19800.0,2.7622454633866265,2.3713730200033902,3.1622776601683795,0.00314,0.00251189,0.00398107,0.127,0.1,0.15,2.46,2.0,4.0,2570.0,20.0,0.0,1.0,True,0.01,0.95,10.0,39600.0,0.938,0.139
6479,1 - 1 - 2022,19800.0,2.734958866235469,2.3713730200033902,3.1622776601683795,0.00319,0.00251189,0.00398107,0.172,0.15,0.2,0.0319,0.0,0.05,155000.0,983.0,111000.0,1.0,True,0.01,0.95,10.0,39600.0,0.938,0.139
6480,1 - 1 - 2022,19800.0,2.7147743920996454,2.3713730200033902,3.1622776601683795,0.00318,0.00251189,0.00398107,0.172,0.15,0.2,0.0765,0.05,0.1,405000.0,1590.0,277000.0,1.0,True,0.01,0.95,10.0,39600.0,0.938,0.139
6481,1 - 1 - 2022,19800.0,2.7331300737432898,2.3713730200033902,3.1622776601683795,0.0032,0.00251189,0.00398107,0.173,0.15,0.2,0.152,0.1,0.2,682000.0,1460.0,363000.0,1.0,True,0.01,0.95,10.0,39600.0,0.938,0.139
6482,1 - 1 - 2022,19800.0,2.7202941017470885,2.3713730200033902,3.1622776601683795,0.00318,0.00251189,0.00398107,0.172,0.15,0.2,0.252,0.2,0.3,878000.0,1650.0,516000.0,1.0,True,0.01,0.95,10.0,39600.0,0.938,0.139
6483,1 - 1 - 2022,19800.0,2.72213151776324,2.3713730200033902,3.1622776601683795,0.00317,0.00251189,0.00398107,0.173,0.15,0.2,0.348,0.3,0.4,871000.0,1650.0,533000.0,1.0,True,0.01,0.95,10.0,39600.0,0.938,0.139
6484,1 - 1 - 2022,19800.0,2.725802634087802,2.3713730200033902,3.1622776601683795,0.00318,0.00251189,0.00398107,0.174,0.15,0.2,0.45,0.4,0.5,770000.0,1550.0,365000.0,1.0,True,0.01,0.95,10.0,39600.0,0.938,0.139
6485,1 - 1 - 2022,19800.0,2.7331300737432898,2.3713730200033902,3.1622776601683795,0.00316,0.00251189,0.00398107,0.175,0.15,0.2,0.548,0.5,0.6,632000.0,1400.0,237000.0,1.0,True,0.01,0.95,10.0,39600.0,0.938,0.139
6486,1 - 1 - 2022,19800.0,2.7331300737432898,2.3713730200033902,3.1622776601683795,0.00317,0.00251189,0.00398107,0.173,0.15,0.2,0.649,0.6,0.7,455000.0,1190.0,142000.0,1.0,True,0.01,0.95,10.0,39600.0,0.938,0.139
6487,1 - 1 - 2022,19800.0,2.7386127875258306,2.3713730200033902,3.1622776601683795,0.00318,0.00251189,0.00398107,0.175,0.15,0.2,0.748,0.7,0.8,348000.0,1040.0,92000.0,1.0,True,0.01,0.95,10.0,39600.0,0.938,0.139
6488,1 - 1 - 2022,19800.0,2.7313000567495327,2.3713730200033902,3.1622776601683795,0.00319,0.00251189,0.00398107,0.174,0.15,0.2,0.846,0.8,0.9,226000.0,838.0,37800.0,1.0,True,0.01,0.95,10.0,39600.0,0.938,0.139
6489,1 - 1 - 2022,19800.0,2.7586228448267445,2.3713730200033902,3.1622776601683795,0.00317,0.00251189,0.00398107,0.175,0.15,0.2,0.947,0.9,1.0,170000.0,726.0,14400.0,1.0,True,0.01,0.95,10.0,39600.0,0.938,0.139
6490,1 - 1 - 2022,19800.0,2.7331300737432898,2.3713730200033902,3.1622776601683795,0.00315,0.00251189,0.00398107,0.173,0.15,0.2,1.17,1.0,1.5,58500.0,191.0,3300.0,1.0,True,0.01,0.95,10.0,39600.0,0.938,0.139
6491,1 - 1 - 2022,19800.0,2.723967694375247,2.3713730200033902,3.1622776601683795,0.00315,0.00251189,0.00398107,0.177,0.15,0.2,1.71,1.5,2.0,15200.0,97.4,0.0,1.0,True,0.01,0.95,10.0,39600.0,0.938,0.139
6492,1 - 1 - 2022,19800.0,2.7802877548915688,2.3713730200033902,3.1622776601683795,0.00316,0.00251189,0.00398107,0.173,0.15,0.2,2.59,2.0,4.0,2540.0,19.9,34.3,1.0,True,0.01,0.95,10.0,39600.0,0.938,0.139
6493,1 - 1 - 2022,19800.0,2.7,2.3713730200033902,3.1622776601683795,0.00319,0.00251189,0.00398107,0.225,0.2,0.25,0.0336,0.0,0.05,97500.0,779.0,19200.0,1.0,True,0.01,0.95,10.0,39600.0,0.938,0.139
6494,1 - 1 - 2022,19800.0,2.7184554438136375,2.3713730200033902,3.1622776601683795,0.00322,0.00251189,0.00398107,0.224,0.2,0.25,0.0775,0.05,0.1,242000.0,1230.0,54900.0,1.0,True,0.01,0.95,10.0,39600.0,0.938,0.139
6495,1 - 1 - 2022,19800.0,2.72213151776324,2.3713730200033902,3.1622776601683795,0.00319,0.00251189,0.00398107,0.223,0.2,0.25,0.155,0.1,0.2,459000.0,1200.0,174000.0,1.0,True,0.01,0.95,10.0,39600.0,0.938,0.139
6496,1 - 1 - 2022,19800.0,2.7404379212089442,2.3713730200033902,3.1622776601683795,0.0032,0.00251189,0.00398107,0.223,0.2,0.25,0.252,0.2,0.3,607000.0,1370.0,270000.0,1.0,True,0.01,0.95,10.0,39600.0,0.938,0.139
6497,1 - 1 - 2022,19800.0,2.725802634087802,2.3713730200033902,3.1622776601683795,0.0032,0.00251189,0.00398107,0.223,0.2,0.25,0.35,0.3,0.4,617000.0,1390.0,238000.0,1.0,True,0.01,0.95,10.0,39600.0,0.938,0.139
6498,1 - 1 - 2022,19800.0,2.7202941017470885,2.3713730200033902,3.1622776601683795,0.00318,0.00251189,0.00398107,0.223,0.2,0.25,0.448,0.4,0.5,547000.0,1300.0,190000.0,1.0,True,0.01,0.95,10.0,39600.0,0.938,0.139
6499,1 - 1 - 2022,19800.0,2.7202941017470885,2.3713730200033902,3.1622776601683795,0.00319,0.00251189,0.00398107,0.224,0.2,0.25,0.547,0.5,0.6,445000.0,1180.0,133000.0,1.0,True,0.01,0.95,10.0,39600.0,0.938,0.139
6500,1 - 1 - 2022,19800.0,2.7184554438136375,2.3713730200033902,3.1622776601683795,0.00318,0.00251189,0.00398107,0.225,0.2,0.25,0.647,0.6,0.7,346000.0,1040.0,98200.0,1.0,True,0.01,0.95,10.0,39600.0,0.938,0.139
6501,1 - 1 - 2022,19800.0,2.725802634087802,2.3713730200033902,3.1622776601683795,0.00322,0.00251189,0.00398107,0.224,0.2,0.25,0.745,0.7,0.8,274000.0,923.0,72100.0,1.0,True,0.01,0.95,10.0,39600.0,0.938,0.139
6502,1 - 1 - 2022,19800.0,2.7477263328068173,2.3713730200033902,3.1622776601683795,0.00317,0.00251189,0.00398107,0.224,0.2,0.25,0.848,0.8,0.9,201000.0,791.0,40500.0,1.0,True,0.01,0.95,10.0,39600.0,0.938,0.139
6503,1 - 1 - 2022,19800.0,2.7367864366808017,2.3713730200033902,3.1622776601683795,0.00322,0.00251189,0.00398107,0.223,0.2,0.25,0.951,0.9,1.0,139000.0,657.0,20600.0,1.0,True,0.01,0.95,10.0,39600.0,0.938,0.139
6504,1 - 1 - 2022,19800.0,2.7440845468024486,2.3713730200033902,3.1622776601683795,0.00317,0.00251189,0.00398107,0.225,0.2,0.25,1.18,1.0,1.5,42200.0,162.0,3160.0,1.0,True,0.01,0.95,10.0,39600.0,0.938,0.139
6505,1 - 1 - 2022,19800.0,2.694438717061496,2.3713730200033902,3.1622776601683795,0.00317,0.00251189,0.00398107,0.226,0.2,0.25,1.71,1.5,2.0,14300.0,94.3,0.0,1.0,True,0.01,0.95,10.0,39600.0,0.938,0.139
6506,1 - 1 - 2022,19800.0,2.7422618401604177,2.3713730200033902,3.1622776601683795,0.00311,0.00251189,0.00398107,0.225,0.2,0.25,2.46,2.0,4.0,1650.0,16.0,34.3,1.0,True,0.01,0.95,10.0,39600.0,0.938,0.139
6507,1 - 1 - 2022,19800.0,2.760434748368452,2.3713730200033902,3.1622776601683795,0.00317,0.00251189,0.00398107,0.271,0.25,0.3,0.036,0.0,0.05,39800.0,498.0,12400.0,1.0,True,0.01,0.95,10.0,39600.0,0.938,0.139
6508,1 - 1 - 2022,19800.0,2.7294688127912363,2.3713730200033902,3.1622776601683795,0.00315,0.00251189,0.00398107,0.274,0.25,0.3,0.0774,0.05,0.1,157000.0,987.0,53600.0,1.0,True,0.01,0.95,10.0,39600.0,0.938,0.139
6509,1 - 1 - 2022,19800.0,2.7367864366808017,2.3713730200033902,3.1622776601683795,0.0032,0.00251189,0.00398107,0.272,0.25,0.3,0.154,0.1,0.2,240000.0,865.0,74200.0,1.0,True,0.01,0.95,10.0,39600.0,0.938,0.139
6510,1 - 1 - 2022,19800.0,2.7367864366808017,2.3713730200033902,3.1622776601683795,0.00318,0.00251189,0.00398107,0.273,0.25,0.3,0.251,0.2,0.3,372000.0,1080.0,97500.0,1.0,True,0.01,0.95,10.0,39600.0,0.938,0.139
6511,1 - 1 - 2022,19800.0,2.725802634087802,2.3713730200033902,3.1622776601683795,0.00318,0.00251189,0.00398107,0.274,0.25,0.3,0.351,0.3,0.4,430000.0,1160.0,115000.0,1.0,True,0.01,0.95,10.0,39600.0,0.938,0.139
6512,1 - 1 - 2022,19800.0,2.7477263328068173,2.3713730200033902,3.1622776601683795,0.00319,0.00251189,0.00398107,0.274,0.25,0.3,0.448,0.4,0.5,402000.0,1120.0,113000.0,1.0,True,0.01,0.95,10.0,39600.0,0.938,0.139
6513,1 - 1 - 2022,19800.0,2.7202941017470885,2.3713730200033902,3.1622776601683795,0.00318,0.00251189,0.00398107,0.275,0.25,0.3,0.547,0.5,0.6,333000.0,1020.0,71400.0,1.0,True,0.01,0.95,10.0,39600.0,0.938,0.139
6514,1 - 1 - 2022,19800.0,2.734958866235469,2.3713730200033902,3.1622776601683795,0.00319,0.00251189,0.00398107,0.273,0.25,0.3,0.65,0.6,0.7,277000.0,929.0,71400.0,1.0,True,0.01,0.95,10.0,39600.0,0.938,0.139
6515,1 - 1 - 2022,19800.0,2.723967694375247,2.3713730200033902,3.1622776601683795,0.00321,0.00251189,0.00398107,0.274,0.25,0.3,0.748,0.7,0.8,211000.0,811.0,55600.0,1.0,True,0.01,0.95,10.0,39600.0,0.938,0.139
6516,1 - 1 - 2022,19800.0,2.711088342345192,2.3713730200033902,3.1622776601683795,0.00319,0.00251189,0.00398107,0.273,0.25,0.3,0.849,0.8,0.9,143000.0,668.0,26800.0,1.0,True,0.01,0.95,10.0,39600.0,0.938,0.139
6517,1 - 1 - 2022,19800.0,2.734958866235469,2.3713730200033902,3.1622776601683795,0.00327,0.00251189,0.00398107,0.274,0.25,0.3,0.948,0.9,1.0,104000.0,568.0,14400.0,1.0,True,0.01,0.95,10.0,39600.0,0.938,0.139
6518,1 - 1 - 2022,19800.0,2.723967694375247,2.3713730200033902,3.1622776601683795,0.00319,0.00251189,0.00398107,0.274,0.25,0.3,1.19,1.0,1.5,36700.0,151.0,4390.0,1.0,True,0.01,0.95,10.0,39600.0,0.938,0.139
6519,1 - 1 - 2022,19800.0,2.7386127875258306,2.3713730200033902,3.1622776601683795,0.00318,0.00251189,0.00398107,0.274,0.25,0.3,1.69,1.5,2.0,11900.0,86.2,0.0,1.0,True,0.01,0.95,10.0,39600.0,0.938,0.139
6520,1 - 1 - 2022,19800.0,2.72213151776324,2.3713730200033902,3.1622776601683795,0.00311,0.00251189,0.00398107,0.27,0.25,0.3,2.66,2.0,4.0,1270.0,14.1,103.0,1.0,True,0.01,0.95,10.0,39600.0,0.938,0.139
6521,1 - 1 - 2022,19800.0,2.7184554438136375,2.3713730200033902,3.1622776601683795,0.00313,0.00251189,0.00398107,0.346,0.3,0.4,0.0342,0.0,0.05,26800.0,289.0,2750.0,1.0,True,0.01,0.95,10.0,39600.0,0.938,0.139
6522,1 - 1 - 2022,19800.0,2.7037011669191546,2.3713730200033902,3.1622776601683795,0.00316,0.00251189,0.00398107,0.344,0.3,0.4,0.0797,0.05,0.1,78300.0,493.0,10300.0,1.0,True,0.01,0.95,10.0,39600.0,0.938,0.139
6523,1 - 1 - 2022,19800.0,2.7313000567495327,2.3713730200033902,3.1622776601683795,0.00317,0.00251189,0.00398107,0.346,0.3,0.4,0.155,0.1,0.2,152000.0,487.0,13000.0,1.0,True,0.01,0.95,10.0,39600.0,0.938,0.139
6524,1 - 1 - 2022,19800.0,2.7202941017470885,2.3713730200033902,3.1622776601683795,0.00317,0.00251189,0.00398107,0.343,0.3,0.4,0.251,0.2,0.3,219000.0,583.0,23700.0,1.0,True,0.01,0.95,10.0,39600.0,0.938,0.139
6525,1 - 1 - 2022,19800.0,2.734958866235469,2.3713730200033902,3.1622776601683795,0.0032,0.00251189,0.00398107,0.346,0.3,0.4,0.35,0.3,0.4,233000.0,603.0,25100.0,1.0,True,0.01,0.95,10.0,39600.0,0.938,0.139
6526,1 - 1 - 2022,19800.0,2.723967694375247,2.3713730200033902,3.1622776601683795,0.00319,0.00251189,0.00398107,0.346,0.3,0.4,0.449,0.4,0.5,252000.0,626.0,41900.0,1.0,True,0.01,0.95,10.0,39600.0,0.938,0.139
6527,1 - 1 - 2022,19800.0,2.7404379212089442,2.3713730200033902,3.1622776601683795,0.00318,0.00251189,0.00398107,0.344,0.3,0.4,0.546,0.5,0.6,203000.0,562.0,37800.0,1.0,True,0.01,0.95,10.0,39600.0,0.938,0.139
6528,1 - 1 - 2022,19800.0,2.727636339397171,2.3713730200033902,3.1622776601683795,0.00321,0.00251189,0.00398107,0.344,0.3,0.4,0.648,0.6,0.7,171000.0,516.0,36700.0,1.0,True,0.01,0.95,10.0,39600.0,0.938,0.139
6529,1 - 1 - 2022,19800.0,2.734958866235469,2.3713730200033902,3.1622776601683795,0.00319,0.00251189,0.00398107,0.344,0.3,0.4,0.749,0.7,0.8,127000.0,444.0,28200.0,1.0,True,0.01,0.95,10.0,39600.0,0.938,0.139
6530,1 - 1 - 2022,19800.0,2.7184554438136375,2.3713730200033902,3.1622776601683795,0.00315,0.00251189,0.00398107,0.346,0.3,0.4,0.848,0.8,0.9,86500.0,367.0,15800.0,1.0,True,0.01,0.95,10.0,39600.0,0.938,0.139
6531,1 - 1 - 2022,19800.0,2.725802634087802,2.3713730200033902,3.1622776601683795,0.00311,0.00251189,0.00398107,0.347,0.3,0.4,0.945,0.9,1.0,74500.0,340.0,14400.0,1.0,True,0.01,0.95,10.0,39600.0,0.938,0.139
6532,1 - 1 - 2022,19800.0,2.7404379212089442,2.3713730200033902,3.1622776601683795,0.00318,0.00251189,0.00398107,0.345,0.3,0.4,1.16,1.0,1.5,24600.0,87.4,2750.0,1.0,True,0.01,0.95,10.0,39600.0,0.938,0.139
6533,1 - 1 - 2022,19800.0,2.7129319932501073,2.3713730200033902,3.1622776601683795,0.0032,0.00251189,0.00398107,0.343,0.3,0.4,1.7,1.5,2.0,6870.0,46.2,68.7,1.0,True,0.01,0.95,10.0,39600.0,0.938,0.139
6534,1 - 1 - 2022,19800.0,2.760434748368452,2.3713730200033902,3.1622776601683795,0.00312,0.00251189,0.00398107,0.345,0.3,0.4,2.56,2.0,4.0,1300.0,10.1,257.0,1.0,True,0.01,0.95,10.0,39600.0,0.938,0.139
6535,1 - 1 - 2022,19800.0,2.694438717061496,2.3713730200033902,3.1622776601683795,0.00303,0.00251189,0.00398107,0.447,0.4,0.5,0.0256,0.0,0.05,13000.0,201.0,0.0,1.0,True,0.01,0.95,10.0,39600.0,0.938,0.139
6536,1 - 1 - 2022,19800.0,2.7440845468024486,2.3713730200033902,3.1622776601683795,0.00318,0.00251189,0.00398107,0.445,0.4,0.5,0.0791,0.05,0.1,56300.0,418.0,0.0,1.0,True,0.01,0.95,10.0,39600.0,0.938,0.139
6537,1 - 1 - 2022,19800.0,2.711088342345192,2.3713730200033902,3.1622776601683795,0.00317,0.00251189,0.00398107,0.443,0.4,0.5,0.153,0.1,0.2,88600.0,371.0,0.0297,1.0,True,0.01,0.95,10.0,39600.0,0.938,0.139
6538,1 - 1 - 2022,19800.0,2.723967694375247,2.3713730200033902,3.1622776601683795,0.00319,0.00251189,0.00398107,0.446,0.4,0.5,0.249,0.2,0.3,113000.0,420.0,687.0,1.0,True,0.01,0.95,10.0,39600.0,0.938,0.139
6539,1 - 1 - 2022,19800.0,2.7147743920996454,2.3713730200033902,3.1622776601683795,0.00318,0.00251189,0.00398107,0.446,0.4,0.5,0.35,0.3,0.4,132000.0,453.0,6180.0,1.0,True,0.01,0.95,10.0,39600.0,0.938,0.139
6540,1 - 1 - 2022,19800.0,2.7092434368288134,2.3713730200033902,3.1622776601683795,0.00321,0.00251189,0.00398107,0.446,0.4,0.5,0.449,0.4,0.5,125000.0,441.0,9610.0,1.0,True,0.01,0.95,10.0,39600.0,0.938,0.139
6541,1 - 1 - 2022,19800.0,2.723967694375247,2.3713730200033902,3.1622776601683795,0.00319,0.00251189,0.00398107,0.446,0.4,0.5,0.552,0.5,0.6,104000.0,403.0,15100.0,1.0,True,0.01,0.95,10.0,39600.0,0.938,0.139
6542,1 - 1 - 2022,19800.0,2.7037011669191546,2.3713730200033902,3.1622776601683795,0.00315,0.00251189,0.00398107,0.443,0.4,0.5,0.648,0.6,0.7,91000.0,376.0,15400.0,1.0,True,0.01,0.95,10.0,39600.0,0.938,0.139
6543,1 - 1 - 2022,19800.0,2.723967694375247,2.3713730200033902,3.1622776601683795,0.0031,0.00251189,0.00398107,0.445,0.4,0.5,0.745,0.7,0.8,69000.0,328.0,11300.0,1.0,True,0.01,0.95,10.0,39600.0,0.938,0.139
6544,1 - 1 - 2022,19800.0,2.7313000567495327,2.3713730200033902,3.1622776601683795,0.00321,0.00251189,0.00398107,0.442,0.4,0.5,0.847,0.8,0.9,52500.0,286.0,8240.0,1.0,True,0.01,0.95,10.0,39600.0,0.938,0.139
6545,1 - 1 - 2022,19800.0,2.745906043549196,2.3713730200033902,3.1622776601683795,0.00321,0.00251189,0.00398107,0.448,0.4,0.5,0.949,0.9,1.0,36000.0,237.0,10300.0,1.0,True,0.01,0.95,10.0,39600.0,0.938,0.139
6546,1 - 1 - 2022,19800.0,2.72213151776324,2.3713730200033902,3.1622776601683795,0.0032,0.00251189,0.00398107,0.443,0.4,0.5,1.18,1.0,1.5,15500.0,69.5,2750.0,1.0,True,0.01,0.95,10.0,39600.0,0.938,0.139
6547,1 - 1 - 2022,19800.0,2.7730849247724096,2.3713730200033902,3.1622776601683795,0.00326,0.00251189,0.00398107,0.447,0.4,0.5,1.72,1.5,2.0,2610.0,28.5,206.0,1.0,True,0.01,0.95,10.0,39600.0,0.938,0.139
6548,1 - 1 - 2022,19800.0,2.7294688127912363,2.3713730200033902,3.1622776601683795,0.00309,0.00251189,0.00398107,0.442,0.4,0.5,2.72,2.0,4.0,961.0,8.65,240.0,1.0,True,0.01,0.95,10.0,39600.0,0.938,0.139
6549,1 - 1 - 2022,19800.0,2.8301943396169813,2.3713730200033902,3.1622776601683795,0.0034,0.00251189,0.00398107,0.547,0.5,0.6,0.0324,0.0,0.05,13000.0,201.0,0.0,1.0,True,0.01,0.95,10.0,39600.0,0.938,0.139
6550,1 - 1 - 2022,19800.0,2.6551836094703507,2.3713730200033902,3.1622776601683795,0.00316,0.00251189,0.00398107,0.548,0.5,0.6,0.0767,0.05,0.1,33000.0,320.0,0.0,1.0,True,0.01,0.95,10.0,39600.0,0.938,0.139
6551,1 - 1 - 2022,19800.0,2.723967694375247,2.3713730200033902,3.1622776601683795,0.0032,0.00251189,0.00398107,0.547,0.5,0.6,0.151,0.1,0.2,55300.0,293.0,0.0,1.0,True,0.01,0.95,10.0,39600.0,0.938,0.139
6552,1 - 1 - 2022,19800.0,2.6981475126464085,2.3713730200033902,3.1622776601683795,0.0032,0.00251189,0.00398107,0.548,0.5,0.6,0.249,0.2,0.3,66300.0,321.0,0.0,1.0,True,0.01,0.95,10.0,39600.0,0.938,0.139
6553,1 - 1 - 2022,19800.0,2.727636339397171,2.3713730200033902,3.1622776601683795,0.00319,0.00251189,0.00398107,0.545,0.5,0.6,0.351,0.3,0.4,65900.0,320.0,0.0,1.0,True,0.01,0.95,10.0,39600.0,0.938,0.139
6554,1 - 1 - 2022,19800.0,2.705549851693737,2.3713730200033902,3.1622776601683795,0.00322,0.00251189,0.00398107,0.545,0.5,0.6,0.447,0.4,0.5,63200.0,313.0,1370.0,1.0,True,0.01,0.95,10.0,39600.0,0.938,0.139
6555,1 - 1 - 2022,19800.0,2.7422618401604177,2.3713730200033902,3.1622776601683795,0.00317,0.00251189,0.00398107,0.546,0.5,0.6,0.545,0.5,0.6,57000.0,298.0,1720.0,1.0,True,0.01,0.95,10.0,39600.0,0.938,0.139
6556,1 - 1 - 2022,19800.0,2.734958866235469,2.3713730200033902,3.1622776601683795,0.00314,0.00251189,0.00398107,0.548,0.5,0.6,0.648,0.6,0.7,49100.0,276.0,4120.0,1.0,True,0.01,0.95,10.0,39600.0,0.938,0.139
6557,1 - 1 - 2022,19800.0,2.745906043549196,2.3713730200033902,3.1622776601683795,0.0032,0.00251189,0.00398107,0.544,0.5,0.6,0.747,0.7,0.8,38800.0,246.0,4120.0,1.0,True,0.01,0.95,10.0,39600.0,0.938,0.139
6558,1 - 1 - 2022,19800.0,2.6962937525425525,2.3713730200033902,3.1622776601683795,0.0033,0.00251189,0.00398107,0.545,0.5,0.6,0.844,0.8,0.9,21600.0,183.0,3090.0,1.0,True,0.01,0.95,10.0,39600.0,0.938,0.139
6559,1 - 1 - 2022,19800.0,2.72213151776324,2.3713730200033902,3.1622776601683795,0.00324,0.00251189,0.00398107,0.55,0.5,0.6,0.947,0.9,1.0,19600.0,174.0,2400.0,1.0,True,0.01,0.95,10.0,39600.0,0.938,0.139
6560,1 - 1 - 2022,19800.0,2.7477263328068173,2.3713730200033902,3.1622776601683795,0.00319,0.00251189,0.00398107,0.546,0.5,0.6,1.19,1.0,1.5,7760.0,49.1,1850.0,1.0,True,0.01,0.95,10.0,39600.0,0.938,0.139
6561,1 - 1 - 2022,19800.0,2.6758176320519302,2.3713730200033902,3.1622776601683795,0.00306,0.00251189,0.00398107,0.544,0.5,0.6,1.7,1.5,2.0,1850.0,24.0,68.7,1.0,True,0.01,0.95,10.0,39600.0,0.938,0.139
6562,1 - 1 - 2022,19800.0,2.778488797889961,2.3713730200033902,3.1622776601683795,0.00325,0.00251189,0.00398107,0.544,0.5,0.6,2.7,2.0,4.0,549.0,6.53,172.0,1.0,True,0.01,0.95,10.0,39600.0,0.938,0.139
6563,1 - 1 - 2022,19800.0,2.649528259898354,2.3713730200033902,3.1622776601683795,0.00367,0.00251189,0.00398107,0.634,0.6,0.7,0.0406,0.0,0.05,3430.0,103.0,0.0,1.0,True,0.01,0.95,10.0,39600.0,0.938,0.139
6564,1 - 1 - 2022,19800.0,2.7037011669191546,2.3713730200033902,3.1622776601683795,0.00324,0.00251189,0.00398107,0.633,0.6,0.7,0.0813,0.05,0.1,14400.0,212.0,0.0,1.0,True,0.01,0.95,10.0,39600.0,0.938,0.139
6565,1 - 1 - 2022,19800.0,2.711088342345192,2.3713730200033902,3.1622776601683795,0.0032,0.00251189,0.00398107,0.643,0.6,0.7,0.154,0.1,0.2,21300.0,182.0,0.0,1.0,True,0.01,0.95,10.0,39600.0,0.938,0.139
6566,1 - 1 - 2022,19800.0,2.7422618401604177,2.3713730200033902,3.1622776601683795,0.00317,0.00251189,0.00398107,0.638,0.6,0.7,0.248,0.2,0.3,26800.0,204.0,0.0,1.0,True,0.01,0.95,10.0,39600.0,0.938,0.139
6567,1 - 1 - 2022,19800.0,2.677685567799177,2.3713730200033902,3.1622776601683795,0.00322,0.00251189,0.00398107,0.649,0.6,0.7,0.348,0.3,0.4,37100.0,240.0,0.0,1.0,True,0.01,0.95,10.0,39600.0,0.938,0.139
6568,1 - 1 - 2022,19800.0,2.6795522013948525,2.3713730200033902,3.1622776601683795,0.00319,0.00251189,0.00398107,0.646,0.6,0.7,0.439,0.4,0.5,31900.0,223.0,0.0,1.0,True,0.01,0.95,10.0,39600.0,0.938,0.139
6569,1 - 1 - 2022,19800.0,2.7073972741361767,2.3713730200033902,3.1622776601683795,0.00315,0.00251189,0.00398107,0.648,0.6,0.7,0.547,0.5,0.6,31900.0,223.0,343.0,1.0,True,0.01,0.95,10.0,39600.0,0.938,0.139
6570,1 - 1 - 2022,19800.0,2.7037011669191546,2.3713730200033902,3.1622776601683795,0.00322,0.00251189,0.00398107,0.649,0.6,0.7,0.652,0.6,0.7,27800.0,208.0,687.0,1.0,True,0.01,0.95,10.0,39600.0,0.938,0.139
6571,1 - 1 - 2022,19800.0,2.711088342345192,2.3713730200033902,3.1622776601683795,0.00314,0.00251189,0.00398107,0.647,0.6,0.7,0.749,0.7,0.8,24400.0,195.0,343.0,1.0,True,0.01,0.95,10.0,39600.0,0.938,0.139
6572,1 - 1 - 2022,19800.0,2.723967694375247,2.3713730200033902,3.1622776601683795,0.00319,0.00251189,0.00398107,0.641,0.6,0.7,0.844,0.8,0.9,18900.0,171.0,1030.0,1.0,True,0.01,0.95,10.0,39600.0,0.938,0.139
6573,1 - 1 - 2022,19800.0,2.6814175355583845,2.3713730200033902,3.1622776601683795,0.00316,0.00251189,0.00398107,0.649,0.6,0.7,0.945,0.9,1.0,11700.0,135.0,1720.0,1.0,True,0.01,0.95,10.0,39600.0,0.938,0.139
6574,1 - 1 - 2022,19800.0,2.7129319932501073,2.3713730200033902,3.1622776601683795,0.00313,0.00251189,0.00398107,0.645,0.6,0.7,1.18,1.0,1.5,4530.0,37.5,824.0,1.0,True,0.01,0.95,10.0,39600.0,0.938,0.139
6575,1 - 1 - 2022,19800.0,2.85657137141714,2.3713730200033902,3.1622776601683795,0.00322,0.00251189,0.00398107,0.636,0.6,0.7,1.66,1.5,2.0,618.0,13.9,68.7,1.0,True,0.01,0.95,10.0,39600.0,0.938,0.139
6576,1 - 1 - 2022,19800.0,2.692582403567252,2.3713730200033902,3.1622776601683795,0.0032,0.00251189,0.00398107,0.639,0.6,0.7,2.81,2.0,4.0,223.0,4.17,68.7,1.0,True,0.01,0.95,10.0,39600.0,0.938,0.139
6577,1 - 1 - 2022,19800.0,2.5806975801127883,2.3713730200033902,3.1622776601683795,0.00321,0.00251189,0.00398107,0.754,0.7,0.8,0.0895,0.05,0.1,6180.0,139.0,0.0,1.0,True,0.01,0.95,10.0,39600.0,0.938,0.139
6578,1 - 1 - 2022,19800.0,2.6888659319497505,2.3713730200033902,3.1622776601683795,0.00326,0.00251189,0.00398107,0.75,0.7,0.8,0.158,0.1,0.2,9960.0,124.0,0.0,1.0,True,0.01,0.95,10.0,39600.0,0.938,0.139
6579,1 - 1 - 2022,19800.0,2.705549851693737,2.3713730200033902,3.1622776601683795,0.00323,0.00251189,0.00398107,0.741,0.7,0.8,0.251,0.2,0.3,19200.0,173.0,0.0,1.0,True,0.01,0.95,10.0,39600.0,0.938,0.139
6580,1 - 1 - 2022,19800.0,2.716615541441225,2.3713730200033902,3.1622776601683795,0.00323,0.00251189,0.00398107,0.747,0.7,0.8,0.348,0.3,0.4,18500.0,170.0,0.0,1.0,True,0.01,0.95,10.0,39600.0,0.938,0.139
6581,1 - 1 - 2022,19800.0,2.6758176320519302,2.3713730200033902,3.1622776601683795,0.00326,0.00251189,0.00398107,0.741,0.7,0.8,0.45,0.4,0.5,15400.0,155.0,0.0,1.0,True,0.01,0.95,10.0,39600.0,0.938,0.139
6582,1 - 1 - 2022,19800.0,2.670205984563738,2.3713730200033902,3.1622776601683795,0.0032,0.00251189,0.00398107,0.746,0.7,0.8,0.549,0.5,0.6,16500.0,160.0,0.0,1.0,True,0.01,0.95,10.0,39600.0,0.938,0.139
6583,1 - 1 - 2022,19800.0,2.6551836094703507,2.3713730200033902,3.1622776601683795,0.00309,0.00251189,0.00398107,0.746,0.7,0.8,0.647,0.6,0.7,15400.0,155.0,0.0,1.0,True,0.01,0.95,10.0,39600.0,0.938,0.139
6584,1 - 1 - 2022,19800.0,2.711088342345192,2.3713730200033902,3.1622776601683795,0.00329,0.00251189,0.00398107,0.741,0.7,0.8,0.744,0.7,0.8,9610.0,122.0,0.0,1.0,True,0.01,0.95,10.0,39600.0,0.938,0.139
6585,1 - 1 - 2022,19800.0,2.6362852652928135,2.3713730200033902,3.1622776601683795,0.00318,0.00251189,0.00398107,0.731,0.7,0.8,0.848,0.8,0.9,7900.0,111.0,0.0,1.0,True,0.01,0.95,10.0,39600.0,0.938,0.139
6586,1 - 1 - 2022,19800.0,2.7440845468024486,2.3713730200033902,3.1622776601683795,0.00312,0.00251189,0.00398107,0.743,0.7,0.8,0.944,0.9,1.0,6870.0,103.0,0.0,1.0,True,0.01,0.95,10.0,39600.0,0.938,0.139
6587,1 - 1 - 2022,19800.0,2.725802634087802,2.3713730200033902,3.1622776601683795,0.00316,0.00251189,0.00398107,0.743,0.7,0.8,1.22,1.0,1.5,3020.0,30.7,137.0,1.0,True,0.01,0.95,10.0,39600.0,0.938,0.139
6588,1 - 1 - 2022,19800.0,2.95296461204668,2.3713730200033902,3.1622776601683795,0.00307,0.00251189,0.00398107,0.754,0.7,0.8,1.68,1.5,2.0,412.0,11.3,0.0,1.0,True,0.01,0.95,10.0,39600.0,0.938,0.139
6589,1 - 1 - 2022,19800.0,2.619160170741759,2.3713730200033902,3.1622776601683795,0.00317,0.00251189,0.00398107,0.867,0.8,0.9,0.0363,0.0,0.05,2060.0,80.0,0.0,1.0,True,0.01,0.95,10.0,39600.0,0.938,0.139
6590,1 - 1 - 2022,19800.0,2.649528259898354,2.3713730200033902,3.1622776601683795,0.0033,0.00251189,0.00398107,0.825,0.8,0.9,0.0869,0.05,0.1,6180.0,139.0,0.0,1.0,True,0.01,0.95,10.0,39600.0,0.938,0.139
6591,1 - 1 - 2022,19800.0,2.727636339397171,2.3713730200033902,3.1622776601683795,0.00332,0.00251189,0.00398107,0.845,0.8,0.9,0.147,0.1,0.2,7550.0,108.0,0.0,1.0,True,0.01,0.95,10.0,39600.0,0.938,0.139
6592,1 - 1 - 2022,19800.0,2.756809750418044,2.3713730200033902,3.1622776601683795,0.0032,0.00251189,0.00398107,0.851,0.8,0.9,0.25,0.2,0.3,6520.0,101.0,0.0,1.0,True,0.01,0.95,10.0,39600.0,0.938,0.139
6593,1 - 1 - 2022,19800.0,2.7640549922170505,2.3713730200033902,3.1622776601683795,0.00315,0.00251189,0.00398107,0.845,0.8,0.9,0.345,0.3,0.4,11000.0,131.0,0.0,1.0,True,0.01,0.95,10.0,39600.0,0.938,0.139
6594,1 - 1 - 2022,19800.0,2.6758176320519302,2.3713730200033902,3.1622776601683795,0.0032,0.00251189,0.00398107,0.84,0.8,0.9,0.451,0.4,0.5,11000.0,131.0,0.0,1.0,True,0.01,0.95,10.0,39600.0,0.938,0.139
6595,1 - 1 - 2022,19800.0,2.7147743920996454,2.3713730200033902,3.1622776601683795,0.00312,0.00251189,0.00398107,0.845,0.8,0.9,0.559,0.5,0.6,7900.0,111.0,0.0,1.0,True,0.01,0.95,10.0,39600.0,0.938,0.139
6596,1 - 1 - 2022,19800.0,2.72213151776324,2.3713730200033902,3.1622776601683795,0.00322,0.00251189,0.00398107,0.842,0.8,0.9,0.645,0.6,0.7,7900.0,111.0,0.0,1.0,True,0.01,0.95,10.0,39600.0,0.938,0.139
6597,1 - 1 - 2022,19800.0,2.7404379212089442,2.3713730200033902,3.1622776601683795,0.00306,0.00251189,0.00398107,0.836,0.8,0.9,0.755,0.7,0.8,4460.0,83.3,0.0,1.0,True,0.01,0.95,10.0,39600.0,0.938,0.139
6598,1 - 1 - 2022,19800.0,2.6851443164195103,2.3713730200033902,3.1622776601683795,0.00333,0.00251189,0.00398107,0.841,0.8,0.9,0.85,0.8,0.9,7210.0,106.0,0.0,1.0,True,0.01,0.95,10.0,39600.0,0.938,0.139
6599,1 - 1 - 2022,19800.0,2.787471972953271,2.3713730200033902,3.1622776601683795,0.00295,0.00251189,0.00398107,0.845,0.8,0.9,0.953,0.9,1.0,3780.0,76.6,0.0,1.0,True,0.01,0.95,10.0,39600.0,0.938,0.139
6600,1 - 1 - 2022,19800.0,2.705549851693737,2.3713730200033902,3.1622776601683795,0.00305,0.00251189,0.00398107,0.843,0.8,0.9,1.13,1.0,1.5,755.0,15.3,0.0,1.0,True,0.01,0.95,10.0,39600.0,0.938,0.139
6601,1 - 1 - 2022,19800.0,2.4413111231467406,2.3713730200033902,3.1622776601683795,0.003,0.00251189,0.00398107,0.829,0.8,0.9,1.6,1.5,2.0,68.7,4.62,0.0,1.0,True,0.01,0.95,10.0,39600.0,0.938,0.139
6602,1 - 1 - 2022,19800.0,2.640075756488817,2.3713730200033902,3.1622776601683795,0.00292,0.00251189,0.00398107,0.923,0.9,1.0,0.158,0.1,0.2,1720.0,51.7,0.0,1.0,True,0.01,0.95,10.0,39600.0,0.938,0.139
6603,1 - 1 - 2022,19800.0,2.6627053911388696,2.3713730200033902,3.1622776601683795,0.00299,0.00251189,0.00398107,0.942,0.9,1.0,0.251,0.2,0.3,3090.0,69.3,0.0,1.0,True,0.01,0.95,10.0,39600.0,0.938,0.139
6604,1 - 1 - 2022,19800.0,2.5495097567963922,2.3713730200033902,3.1622776601683795,0.00339,0.00251189,0.00398107,0.934,0.9,1.0,0.344,0.3,0.4,3780.0,76.6,0.0,1.0,True,0.01,0.95,10.0,39600.0,0.938,0.139
6605,1 - 1 - 2022,19800.0,2.7202941017470885,2.3713730200033902,3.1622776601683795,0.00312,0.00251189,0.00398107,0.933,0.9,1.0,0.447,0.4,0.5,2400.0,61.1,0.0,1.0,True,0.01,0.95,10.0,39600.0,0.938,0.139
6606,1 - 1 - 2022,19800.0,2.6832815729997477,2.3713730200033902,3.1622776601683795,0.00298,0.00251189,0.00398107,0.928,0.9,1.0,0.543,0.5,0.6,2400.0,61.1,0.0,1.0,True,0.01,0.95,10.0,39600.0,0.938,0.139
6607,1 - 1 - 2022,19800.0,2.745906043549196,2.3713730200033902,3.1622776601683795,0.00339,0.00251189,0.00398107,0.923,0.9,1.0,0.621,0.6,0.7,1720.0,51.7,0.0,1.0,True,0.01,0.95,10.0,39600.0,0.938,0.139
6608,1 - 1 - 2022,19800.0,2.72213151776324,2.3713730200033902,3.1622776601683795,0.00322,0.00251189,0.00398107,0.924,0.9,1.0,0.754,0.7,0.8,1720.0,51.7,0.0,1.0,True,0.01,0.95,10.0,39600.0,0.938,0.139
6609,1 - 1 - 2022,19800.0,2.6076809620810595,2.3713730200033902,3.1622776601683795,0.00319,0.00251189,0.00398107,0.939,0.9,1.0,0.856,0.8,0.9,2400.0,61.1,0.0,1.0,True,0.01,0.95,10.0,39600.0,0.938,0.139
6610,1 - 1 - 2022,19800.0,3.0083217912982647,2.3713730200033902,3.1622776601683795,0.00335,0.00251189,0.00398107,0.942,0.9,1.0,0.944,0.9,1.0,343.0,23.1,0.0,1.0,True,0.01,0.95,10.0,39600.0,0.938,0.139
6611,1 - 1 - 2022,19800.0,2.7712812921102037,2.3713730200033902,3.1622776601683795,0.00309,0.00251189,0.00398107,0.927,0.9,1.0,1.16,1.0,1.5,206.0,8.01,0.0,1.0,True,0.01,0.95,10.0,39600.0,0.938,0.139
6612,1 - 1 - 2022,19800.0,2.7982137159266447,2.3713730200033902,3.1622776601683795,0.00505,0.00398107,0.00630957,0.0337,0.0,0.05,0.0312,0.0,0.05,150000.0,767.0,145000.0,1.0,True,0.01,0.95,10.0,39600.0,0.938,0.139
6613,1 - 1 - 2022,19800.0,2.7549954627911823,2.3713730200033902,3.1622776601683795,0.00499,0.00398107,0.00630957,0.0324,0.0,0.05,0.0782,0.05,0.1,543000.0,1460.0,439000.0,1.0,True,0.01,0.95,10.0,39600.0,0.938,0.139
6614,1 - 1 - 2022,19800.0,2.756809750418044,2.3713730200033902,3.1622776601683795,0.00496,0.00398107,0.00630957,0.0269,0.0,0.05,0.158,0.1,0.2,1360000.0,1640.0,898000.0,1.0,True,0.01,0.95,10.0,39600.0,0.938,0.139
6615,1 - 1 - 2022,19800.0,2.745906043549196,2.3713730200033902,3.1622776601683795,0.005,0.00398107,0.00630957,0.0247,0.0,0.05,0.251,0.2,0.3,2160000.0,2060.0,978000.0,1.0,True,0.01,0.95,10.0,39600.0,0.938,0.139
6616,1 - 1 - 2022,19800.0,2.7477263328068173,2.3713730200033902,3.1622776601683795,0.00499,0.00398107,0.00630957,0.0234,0.0,0.05,0.349,0.3,0.4,2330000.0,2140.0,776000.0,1.0,True,0.01,0.95,10.0,39600.0,0.938,0.139
6617,1 - 1 - 2022,19800.0,2.7404379212089442,2.3713730200033902,3.1622776601683795,0.005,0.00398107,0.00630957,0.0231,0.0,0.05,0.448,0.4,0.5,1980000.0,1970.0,504000.0,1.0,True,0.01,0.95,10.0,39600.0,0.938,0.139
6618,1 - 1 - 2022,19800.0,2.7404379212089442,2.3713730200033902,3.1622776601683795,0.00499,0.00398107,0.00630957,0.0235,0.0,0.05,0.548,0.5,0.6,1490000.0,1710.0,322000.0,1.0,True,0.01,0.95,10.0,39600.0,0.938,0.139
6619,1 - 1 - 2022,19800.0,2.7477263328068173,2.3713730200033902,3.1622776601683795,0.00499,0.00398107,0.00630957,0.0239,0.0,0.05,0.647,0.6,0.7,1090000.0,1460.0,212000.0,1.0,True,0.01,0.95,10.0,39600.0,0.938,0.139
6620,1 - 1 - 2022,19800.0,2.749545416973504,2.3713730200033902,3.1622776601683795,0.00498,0.00398107,0.00630957,0.0239,0.0,0.05,0.746,0.7,0.8,708000.0,1180.0,152000.0,1.0,True,0.01,0.95,10.0,39600.0,0.938,0.139
6621,1 - 1 - 2022,19800.0,2.745906043549196,2.3713730200033902,3.1622776601683795,0.00499,0.00398107,0.00630957,0.0251,0.0,0.05,0.847,0.8,0.9,487000.0,978.0,104000.0,1.0,True,0.01,0.95,10.0,39600.0,0.938,0.139
6622,1 - 1 - 2022,19800.0,2.7549954627911823,2.3713730200033902,3.1622776601683795,0.00497,0.00398107,0.00630957,0.0258,0.0,0.05,0.946,0.9,1.0,257000.0,711.0,45900.0,1.0,True,0.01,0.95,10.0,39600.0,0.938,0.139
6623,1 - 1 - 2022,19800.0,2.745906043549196,2.3713730200033902,3.1622776601683795,0.00498,0.00398107,0.00630957,0.0274,0.0,0.05,1.15,1.0,1.5,72900.0,169.0,14200.0,1.0,True,0.01,0.95,10.0,39600.0,0.938,0.139
6624,1 - 1 - 2022,19800.0,2.7910571473905725,2.3713730200033902,3.1622776601683795,0.00499,0.00398107,0.00630957,0.032,0.0,0.05,1.68,1.5,2.0,6670.0,51.2,1300.0,1.0,True,0.01,0.95,10.0,39600.0,0.938,0.139
6625,1 - 1 - 2022,19800.0,2.615339366124404,2.3713730200033902,3.1622776601683795,0.00481,0.00398107,0.00630957,0.0329,0.0,0.05,2.32,2.0,4.0,325.0,5.65,108.0,1.0,True,0.01,0.95,10.0,39600.0,0.938,0.139
6626,1 - 1 - 2022,19800.0,2.7313000567495327,2.3713730200033902,3.1622776601683795,0.005,0.00398107,0.00630957,0.0721,0.05,0.1,0.0335,0.0,0.05,175000.0,829.0,164000.0,1.0,True,0.01,0.95,10.0,39600.0,0.938,0.139
6627,1 - 1 - 2022,19800.0,2.7331300737432898,2.3713730200033902,3.1622776601683795,0.00502,0.00398107,0.00630957,0.0724,0.05,0.1,0.0771,0.05,0.1,500000.0,1400.0,473000.0,1.0,True,0.01,0.95,10.0,39600.0,0.938,0.139
6628,1 - 1 - 2022,19800.0,2.727636339397171,2.3713730200033902,3.1622776601683795,0.00504,0.00398107,0.00630957,0.0733,0.05,0.1,0.153,0.1,0.2,882000.0,1320.0,833000.0,1.0,True,0.01,0.95,10.0,39600.0,0.938,0.139
6629,1 - 1 - 2022,19800.0,2.7294688127912363,2.3713730200033902,3.1622776601683795,0.00504,0.00398107,0.00630957,0.0727,0.05,0.1,0.251,0.2,0.3,1150000.0,1500.0,1090000.0,1.0,True,0.01,0.95,10.0,39600.0,0.938,0.139
6630,1 - 1 - 2022,19800.0,2.7294688127912363,2.3713730200033902,3.1622776601683795,0.00502,0.00398107,0.00630957,0.0729,0.05,0.1,0.349,0.3,0.4,1130000.0,1490.0,973000.0,1.0,True,0.01,0.95,10.0,39600.0,0.938,0.139
6631,1 - 1 - 2022,19800.0,2.7184554438136375,2.3713730200033902,3.1622776601683795,0.00504,0.00398107,0.00630957,0.0725,0.05,0.1,0.449,0.4,0.5,916000.0,1340.0,625000.0,1.0,True,0.01,0.95,10.0,39600.0,0.938,0.139
6632,1 - 1 - 2022,19800.0,2.7386127875258306,2.3713730200033902,3.1622776601683795,0.00504,0.00398107,0.00630957,0.0732,0.05,0.1,0.548,0.5,0.6,735000.0,1200.0,383000.0,1.0,True,0.01,0.95,10.0,39600.0,0.938,0.139
6633,1 - 1 - 2022,19800.0,2.7367864366808017,2.3713730200033902,3.1622776601683795,0.00505,0.00398107,0.00630957,0.0727,0.05,0.1,0.647,0.6,0.7,519000.0,1010.0,175000.0,1.0,True,0.01,0.95,10.0,39600.0,0.938,0.139
6634,1 - 1 - 2022,19800.0,2.7313000567495327,2.3713730200033902,3.1622776601683795,0.00503,0.00398107,0.00630957,0.0731,0.05,0.1,0.745,0.7,0.8,364000.0,846.0,74900.0,1.0,True,0.01,0.95,10.0,39600.0,0.938,0.139
6635,1 - 1 - 2022,19800.0,2.7422618401604177,2.3713730200033902,3.1622776601683795,0.00507,0.00398107,0.00630957,0.0735,0.05,0.1,0.846,0.8,0.9,264000.0,720.0,31600.0,1.0,True,0.01,0.95,10.0,39600.0,0.938,0.139
6636,1 - 1 - 2022,19800.0,2.7367864366808017,2.3713730200033902,3.1622776601683795,0.00502,0.00398107,0.00630957,0.0731,0.05,0.1,0.949,0.9,1.0,173000.0,583.0,7800.0,1.0,True,0.01,0.95,10.0,39600.0,0.938,0.139
6637,1 - 1 - 2022,19800.0,2.734958866235469,2.3713730200033902,3.1622776601683795,0.00497,0.00398107,0.00630957,0.0728,0.05,0.1,1.17,1.0,1.5,56500.0,149.0,520.0,1.0,True,0.01,0.95,10.0,39600.0,0.938,0.139
6638,1 - 1 - 2022,19800.0,2.7313000567495327,2.3713730200033902,3.1622776601683795,0.00495,0.00398107,0.00630957,0.074,0.05,0.1,1.72,1.5,2.0,9700.0,61.7,0.0,1.0,True,0.01,0.95,10.0,39600.0,0.938,0.139
6639,1 - 1 - 2022,19800.0,2.7658633371878665,2.3713730200033902,3.1622776601683795,0.00485,0.00398107,0.00630957,0.0785,0.05,0.1,2.44,2.0,4.0,931.0,9.56,0.0,1.0,True,0.01,0.95,10.0,39600.0,0.938,0.139
6640,1 - 1 - 2022,19800.0,2.6888659319497505,2.3713730200033902,3.1622776601683795,0.00509,0.00398107,0.00630957,0.122,0.1,0.15,0.033,0.0,0.05,101000.0,628.0,65000.0,1.0,True,0.01,0.95,10.0,39600.0,0.938,0.139
6641,1 - 1 - 2022,19800.0,2.7422618401604177,2.3713730200033902,3.1622776601683795,0.00506,0.00398107,0.00630957,0.123,0.1,0.15,0.0788,0.05,0.1,350000.0,1170.0,245000.0,1.0,True,0.01,0.95,10.0,39600.0,0.938,0.139
6642,1 - 1 - 2022,19800.0,2.727636339397171,2.3713730200033902,3.1622776601683795,0.00503,0.00398107,0.00630957,0.123,0.1,0.15,0.154,0.1,0.2,587000.0,1070.0,429000.0,1.0,True,0.01,0.95,10.0,39600.0,0.938,0.139
6643,1 - 1 - 2022,19800.0,2.7367864366808017,2.3713730200033902,3.1622776601683795,0.00504,0.00398107,0.00630957,0.124,0.1,0.15,0.251,0.2,0.3,733000.0,1200.0,561000.0,1.0,True,0.01,0.95,10.0,39600.0,0.938,0.139
6644,1 - 1 - 2022,19800.0,2.7294688127912363,2.3713730200033902,3.1622776601683795,0.00503,0.00398107,0.00630957,0.123,0.1,0.15,0.349,0.3,0.4,727000.0,1190.0,540000.0,1.0,True,0.01,0.95,10.0,39600.0,0.938,0.139
6645,1 - 1 - 2022,19800.0,2.7367864366808017,2.3713730200033902,3.1622776601683795,0.00502,0.00398107,0.00630957,0.124,0.1,0.15,0.449,0.4,0.5,674000.0,1150.0,472000.0,1.0,True,0.01,0.95,10.0,39600.0,0.938,0.139
6646,1 - 1 - 2022,19800.0,2.727636339397171,2.3713730200033902,3.1622776601683795,0.00507,0.00398107,0.00630957,0.124,0.1,0.15,0.549,0.5,0.6,502000.0,993.0,305000.0,1.0,True,0.01,0.95,10.0,39600.0,0.938,0.139
6647,1 - 1 - 2022,19800.0,2.725802634087802,2.3713730200033902,3.1622776601683795,0.0051,0.00398107,0.00630957,0.124,0.1,0.15,0.647,0.6,0.7,386000.0,871.0,175000.0,1.0,True,0.01,0.95,10.0,39600.0,0.938,0.139
6648,1 - 1 - 2022,19800.0,2.7477263328068173,2.3713730200033902,3.1622776601683795,0.005,0.00398107,0.00630957,0.124,0.1,0.15,0.747,0.7,0.8,257000.0,711.0,93600.0,1.0,True,0.01,0.95,10.0,39600.0,0.938,0.139
6649,1 - 1 - 2022,19800.0,2.749545416973504,2.3713730200033902,3.1622776601683795,0.00508,0.00398107,0.00630957,0.125,0.1,0.15,0.845,0.8,0.9,177000.0,589.0,51100.0,1.0,True,0.01,0.95,10.0,39600.0,0.938,0.139
6650,1 - 1 - 2022,19800.0,2.72213151776324,2.3713730200033902,3.1622776601683795,0.00503,0.00398107,0.00630957,0.123,0.1,0.15,0.945,0.9,1.0,125000.0,495.0,25100.0,1.0,True,0.01,0.95,10.0,39600.0,0.938,0.139
6651,1 - 1 - 2022,19800.0,2.751363298439521,2.3713730200033902,3.1622776601683795,0.00502,0.00398107,0.00630957,0.124,0.1,0.15,1.18,1.0,1.5,43300.0,130.0,3380.0,1.0,True,0.01,0.95,10.0,39600.0,0.938,0.139
6652,1 - 1 - 2022,19800.0,2.7331300737432898,2.3713730200033902,3.1622776601683795,0.00497,0.00398107,0.00630957,0.125,0.1,0.15,1.71,1.5,2.0,8060.0,56.2,0.0,1.0,True,0.01,0.95,10.0,39600.0,0.938,0.139
6653,1 - 1 - 2022,19800.0,2.7658633371878665,2.3713730200033902,3.1622776601683795,0.00505,0.00398107,0.00630957,0.128,0.1,0.15,2.52,2.0,4.0,888.0,9.34,0.0,1.0,True,0.01,0.95,10.0,39600.0,0.938,0.139
6654,1 - 1 - 2022,19800.0,2.7313000567495327,2.3713730200033902,3.1622776601683795,0.00523,0.00398107,0.00630957,0.175,0.15,0.2,0.0319,0.0,0.05,59800.0,484.0,19100.0,1.0,True,0.01,0.95,10.0,39600.0,0.938,0.139
6655,1 - 1 - 2022,19800.0,2.7386127875258306,2.3713730200033902,3.1622776601683795,0.00509,0.00398107,0.00630957,0.174,0.15,0.2,0.0775,0.05,0.1,224000.0,939.0,105000.0,1.0,True,0.01,0.95,10.0,39600.0,0.938,0.139
6656,1 - 1 - 2022,19800.0,2.734958866235469,2.3713730200033902,3.1622776601683795,0.00504,0.00398107,0.00630957,0.174,0.15,0.2,0.154,0.1,0.2,393000.0,878.0,222000.0,1.0,True,0.01,0.95,10.0,39600.0,0.938,0.139
6657,1 - 1 - 2022,19800.0,2.716615541441225,2.3713730200033902,3.1622776601683795,0.00504,0.00398107,0.00630957,0.173,0.15,0.2,0.25,0.2,0.3,505000.0,996.0,318000.0,1.0,True,0.01,0.95,10.0,39600.0,0.938,0.139
6658,1 - 1 - 2022,19800.0,2.723967694375247,2.3713730200033902,3.1622776601683795,0.00503,0.00398107,0.00630957,0.173,0.15,0.2,0.349,0.3,0.4,499000.0,990.0,260000.0,1.0,True,0.01,0.95,10.0,39600.0,0.938,0.139
6659,1 - 1 - 2022,19800.0,2.727636339397171,2.3713730200033902,3.1622776601683795,0.00503,0.00398107,0.00630957,0.173,0.15,0.2,0.448,0.4,0.5,462000.0,952.0,239000.0,1.0,True,0.01,0.95,10.0,39600.0,0.938,0.139
6660,1 - 1 - 2022,19800.0,2.7422618401604177,2.3713730200033902,3.1622776601683795,0.005,0.00398107,0.00630957,0.174,0.15,0.2,0.549,0.5,0.6,385000.0,869.0,175000.0,1.0,True,0.01,0.95,10.0,39600.0,0.938,0.139
6661,1 - 1 - 2022,19800.0,2.7404379212089442,2.3713730200033902,3.1622776601683795,0.00505,0.00398107,0.00630957,0.173,0.15,0.2,0.649,0.6,0.7,295000.0,760.0,102000.0,1.0,True,0.01,0.95,10.0,39600.0,0.938,0.139
6662,1 - 1 - 2022,19800.0,2.7440845468024486,2.3713730200033902,3.1622776601683795,0.00503,0.00398107,0.00630957,0.174,0.15,0.2,0.749,0.7,0.8,208000.0,639.0,55000.0,1.0,True,0.01,0.95,10.0,39600.0,0.938,0.139
6663,1 - 1 - 2022,19800.0,2.7313000567495327,2.3713730200033902,3.1622776601683795,0.00497,0.00398107,0.00630957,0.173,0.15,0.2,0.847,0.8,0.9,136000.0,518.0,27700.0,1.0,True,0.01,0.95,10.0,39600.0,0.938,0.139
6664,1 - 1 - 2022,19800.0,2.749545416973504,2.3713730200033902,3.1622776601683795,0.0051,0.00398107,0.00630957,0.174,0.15,0.2,0.949,0.9,1.0,94900.0,432.0,13400.0,1.0,True,0.01,0.95,10.0,39600.0,0.938,0.139
6665,1 - 1 - 2022,19800.0,2.7404379212089442,2.3713730200033902,3.1622776601683795,0.00504,0.00398107,0.00630957,0.173,0.15,0.2,1.17,1.0,1.5,34600.0,116.0,2250.0,1.0,True,0.01,0.95,10.0,39600.0,0.938,0.139
6666,1 - 1 - 2022,19800.0,2.7331300737432898,2.3713730200033902,3.1622776601683795,0.00501,0.00398107,0.00630957,0.172,0.15,0.2,1.69,1.5,2.0,7360.0,53.8,0.0,1.0,True,0.01,0.95,10.0,39600.0,0.938,0.139
6667,1 - 1 - 2022,19800.0,2.749545416973504,2.3713730200033902,3.1622776601683795,0.00504,0.00398107,0.00630957,0.175,0.15,0.2,2.53,2.0,4.0,758.0,8.63,0.0,1.0,True,0.01,0.95,10.0,39600.0,0.938,0.139
6668,1 - 1 - 2022,19800.0,2.6870057685088806,2.3713730200033902,3.1622776601683795,0.00506,0.00398107,0.00630957,0.223,0.2,0.25,0.036,0.0,0.05,35500.0,373.0,4330.0,1.0,True,0.01,0.95,10.0,39600.0,0.938,0.139
6669,1 - 1 - 2022,19800.0,2.72213151776324,2.3713730200033902,3.1622776601683795,0.00501,0.00398107,0.00630957,0.223,0.2,0.25,0.0764,0.05,0.1,139000.0,740.0,35500.0,1.0,True,0.01,0.95,10.0,39600.0,0.938,0.139
6670,1 - 1 - 2022,19800.0,2.716615541441225,2.3713730200033902,3.1622776601683795,0.00504,0.00398107,0.00630957,0.222,0.2,0.25,0.152,0.1,0.2,259000.0,713.0,103000.0,1.0,True,0.01,0.95,10.0,39600.0,0.938,0.139
6671,1 - 1 - 2022,19800.0,2.716615541441225,2.3713730200033902,3.1622776601683795,0.00507,0.00398107,0.00630957,0.223,0.2,0.25,0.251,0.2,0.3,329000.0,803.0,130000.0,1.0,True,0.01,0.95,10.0,39600.0,0.938,0.139
6672,1 - 1 - 2022,19800.0,2.7386127875258306,2.3713730200033902,3.1622776601683795,0.00506,0.00398107,0.00630957,0.223,0.2,0.25,0.348,0.3,0.4,333000.0,809.0,140000.0,1.0,True,0.01,0.95,10.0,39600.0,0.938,0.139
6673,1 - 1 - 2022,19800.0,2.7404379212089442,2.3713730200033902,3.1622776601683795,0.00506,0.00398107,0.00630957,0.224,0.2,0.25,0.449,0.4,0.5,329000.0,804.0,122000.0,1.0,True,0.01,0.95,10.0,39600.0,0.938,0.139
6674,1 - 1 - 2022,19800.0,2.725802634087802,2.3713730200033902,3.1622776601683795,0.00508,0.00398107,0.00630957,0.224,0.2,0.25,0.547,0.5,0.6,271000.0,729.0,98300.0,1.0,True,0.01,0.95,10.0,39600.0,0.938,0.139
6675,1 - 1 - 2022,19800.0,2.727636339397171,2.3713730200033902,3.1622776601683795,0.00504,0.00398107,0.00630957,0.224,0.2,0.25,0.648,0.6,0.7,239000.0,685.0,72300.0,1.0,True,0.01,0.95,10.0,39600.0,0.938,0.139
6676,1 - 1 - 2022,19800.0,2.7367864366808017,2.3713730200033902,3.1622776601683795,0.00503,0.00398107,0.00630957,0.225,0.2,0.25,0.75,0.7,0.8,155000.0,552.0,40300.0,1.0,True,0.01,0.95,10.0,39600.0,0.938,0.139
6677,1 - 1 - 2022,19800.0,2.725802634087802,2.3713730200033902,3.1622776601683795,0.00513,0.00398107,0.00630957,0.224,0.2,0.25,0.847,0.8,0.9,113000.0,471.0,26900.0,1.0,True,0.01,0.95,10.0,39600.0,0.938,0.139
6678,1 - 1 - 2022,19800.0,2.711088342345192,2.3713730200033902,3.1622776601683795,0.005,0.00398107,0.00630957,0.224,0.2,0.25,0.94,0.9,1.0,77500.0,390.0,10400.0,1.0,True,0.01,0.95,10.0,39600.0,0.938,0.139
6679,1 - 1 - 2022,19800.0,2.7367864366808017,2.3713730200033902,3.1622776601683795,0.00506,0.00398107,0.00630957,0.224,0.2,0.25,1.16,1.0,1.5,26200.0,101.0,2250.0,1.0,True,0.01,0.95,10.0,39600.0,0.938,0.139
6680,1 - 1 - 2022,19800.0,2.7367864366808017,2.3713730200033902,3.1622776601683795,0.0049,0.00398107,0.00630957,0.224,0.2,0.25,1.69,1.5,2.0,7280.0,53.4,0.0,1.0,True,0.01,0.95,10.0,39600.0,0.938,0.139
6681,1 - 1 - 2022,19800.0,2.7331300737432898,2.3713730200033902,3.1622776601683795,0.00521,0.00398107,0.00630957,0.221,0.2,0.25,2.47,2.0,4.0,845.0,9.1,0.0,1.0,True,0.01,0.95,10.0,39600.0,0.938,0.139
6682,1 - 1 - 2022,19800.0,2.7422618401604177,2.3713730200033902,3.1622776601683795,0.00522,0.00398107,0.00630957,0.268,0.25,0.3,0.0333,0.0,0.05,22500.0,297.0,11300.0,1.0,True,0.01,0.95,10.0,39600.0,0.938,0.139
6683,1 - 1 - 2022,19800.0,2.716615541441225,2.3713730200033902,3.1622776601683795,0.00498,0.00398107,0.00630957,0.274,0.25,0.3,0.0775,0.05,0.1,77100.0,550.0,34700.0,1.0,True,0.01,0.95,10.0,39600.0,0.938,0.139
6684,1 - 1 - 2022,19800.0,2.7092434368288134,2.3713730200033902,3.1622776601683795,0.00508,0.00398107,0.00630957,0.273,0.25,0.3,0.153,0.1,0.2,164000.0,568.0,39400.0,1.0,True,0.01,0.95,10.0,39600.0,0.938,0.139
6685,1 - 1 - 2022,19800.0,2.7313000567495327,2.3713730200033902,3.1622776601683795,0.00505,0.00398107,0.00630957,0.273,0.25,0.3,0.251,0.2,0.3,225000.0,665.0,49400.0,1.0,True,0.01,0.95,10.0,39600.0,0.938,0.139
6686,1 - 1 - 2022,19800.0,2.716615541441225,2.3713730200033902,3.1622776601683795,0.00499,0.00398107,0.00630957,0.273,0.25,0.3,0.349,0.3,0.4,252000.0,703.0,71900.0,1.0,True,0.01,0.95,10.0,39600.0,0.938,0.139
6687,1 - 1 - 2022,19800.0,2.734958866235469,2.3713730200033902,3.1622776601683795,0.005,0.00398107,0.00630957,0.274,0.25,0.3,0.448,0.4,0.5,252000.0,703.0,66300.0,1.0,True,0.01,0.95,10.0,39600.0,0.938,0.139
6688,1 - 1 - 2022,19800.0,2.7404379212089442,2.3713730200033902,3.1622776601683795,0.00506,0.00398107,0.00630957,0.274,0.25,0.3,0.549,0.5,0.6,199000.0,625.0,49800.0,1.0,True,0.01,0.95,10.0,39600.0,0.938,0.139
6689,1 - 1 - 2022,19800.0,2.756809750418044,2.3713730200033902,3.1622776601683795,0.00503,0.00398107,0.00630957,0.271,0.25,0.3,0.647,0.6,0.7,156000.0,553.0,37300.0,1.0,True,0.01,0.95,10.0,39600.0,0.938,0.139
6690,1 - 1 - 2022,19800.0,2.7404379212089442,2.3713730200033902,3.1622776601683795,0.00498,0.00398107,0.00630957,0.275,0.25,0.3,0.748,0.7,0.8,120000.0,486.0,29000.0,1.0,True,0.01,0.95,10.0,39600.0,0.938,0.139
6691,1 - 1 - 2022,19800.0,2.753179979587241,2.3713730200033902,3.1622776601683795,0.00501,0.00398107,0.00630957,0.274,0.25,0.3,0.846,0.8,0.9,81400.0,400.0,18600.0,1.0,True,0.01,0.95,10.0,39600.0,0.938,0.139
6692,1 - 1 - 2022,19800.0,2.7658633371878665,2.3713730200033902,3.1622776601683795,0.00513,0.00398107,0.00630957,0.274,0.25,0.3,0.947,0.9,1.0,55000.0,329.0,13000.0,1.0,True,0.01,0.95,10.0,39600.0,0.938,0.139
6693,1 - 1 - 2022,19800.0,2.723967694375247,2.3713730200033902,3.1622776601683795,0.00506,0.00398107,0.00630957,0.276,0.25,0.3,1.17,1.0,1.5,21700.0,92.2,1990.0,1.0,True,0.01,0.95,10.0,39600.0,0.938,0.139
6694,1 - 1 - 2022,19800.0,2.7386127875258306,2.3713730200033902,3.1622776601683795,0.00507,0.00398107,0.00630957,0.275,0.25,0.3,1.72,1.5,2.0,4330.0,41.2,0.0,1.0,True,0.01,0.95,10.0,39600.0,0.938,0.139
6695,1 - 1 - 2022,19800.0,2.7640549922170505,2.3713730200033902,3.1622776601683795,0.00509,0.00398107,0.00630957,0.275,0.25,0.3,2.52,2.0,4.0,758.0,8.63,0.0,1.0,True,0.01,0.95,10.0,39600.0,0.938,0.139
6696,1 - 1 - 2022,19800.0,2.6832815729997477,2.3713730200033902,3.1622776601683795,0.00511,0.00398107,0.00630957,0.351,0.3,0.4,0.0331,0.0,0.05,19900.0,198.0,2170.0,1.0,True,0.01,0.95,10.0,39600.0,0.938,0.139
6697,1 - 1 - 2022,19800.0,2.7184554438136375,2.3713730200033902,3.1622776601683795,0.005,0.00398107,0.00630957,0.349,0.3,0.4,0.0784,0.05,0.1,41200.0,284.0,6930.0,1.0,True,0.01,0.95,10.0,39600.0,0.938,0.139
6698,1 - 1 - 2022,19800.0,2.7184554438136375,2.3713730200033902,3.1622776601683795,0.00502,0.00398107,0.00630957,0.345,0.3,0.4,0.153,0.1,0.2,91000.0,299.0,13600.0,1.0,True,0.01,0.95,10.0,39600.0,0.938,0.139
6699,1 - 1 - 2022,19800.0,2.72213151776324,2.3713730200033902,3.1622776601683795,0.00501,0.00398107,0.00630957,0.345,0.3,0.4,0.25,0.2,0.3,127000.0,354.0,17300.0,1.0,True,0.01,0.95,10.0,39600.0,0.938,0.139
6700,1 - 1 - 2022,19800.0,2.727636339397171,2.3713730200033902,3.1622776601683795,0.00502,0.00398107,0.00630957,0.345,0.3,0.4,0.348,0.3,0.4,145000.0,378.0,24000.0,1.0,True,0.01,0.95,10.0,39600.0,0.938,0.139
6701,1 - 1 - 2022,19800.0,2.7294688127912363,2.3713730200033902,3.1622776601683795,0.00508,0.00398107,0.00630957,0.345,0.3,0.4,0.45,0.4,0.5,135000.0,364.0,23200.0,1.0,True,0.01,0.95,10.0,39600.0,0.938,0.139
6702,1 - 1 - 2022,19800.0,2.7294688127912363,2.3713730200033902,3.1622776601683795,0.00507,0.00398107,0.00630957,0.345,0.3,0.4,0.548,0.5,0.6,123000.0,347.0,20100.0,1.0,True,0.01,0.95,10.0,39600.0,0.938,0.139
6703,1 - 1 - 2022,19800.0,2.734958866235469,2.3713730200033902,3.1622776601683795,0.00498,0.00398107,0.00630957,0.344,0.3,0.4,0.647,0.6,0.7,101000.0,314.0,19700.0,1.0,True,0.01,0.95,10.0,39600.0,0.938,0.139
6704,1 - 1 - 2022,19800.0,2.7367864366808017,2.3713730200033902,3.1622776601683795,0.00503,0.00398107,0.00630957,0.343,0.3,0.4,0.752,0.7,0.8,73900.0,269.0,13000.0,1.0,True,0.01,0.95,10.0,39600.0,0.938,0.139
6705,1 - 1 - 2022,19800.0,2.7367864366808017,2.3713730200033902,3.1622776601683795,0.00505,0.00398107,0.00630957,0.349,0.3,0.4,0.848,0.8,0.9,52400.0,227.0,8010.0,1.0,True,0.01,0.95,10.0,39600.0,0.938,0.139
6706,1 - 1 - 2022,19800.0,2.7331300737432898,2.3713730200033902,3.1622776601683795,0.00509,0.00398107,0.00630957,0.343,0.3,0.4,0.944,0.9,1.0,41600.0,202.0,7370.0,1.0,True,0.01,0.95,10.0,39600.0,0.938,0.139
6707,1 - 1 - 2022,19800.0,2.7477263328068173,2.3713730200033902,3.1622776601683795,0.00508,0.00398107,0.00630957,0.344,0.3,0.4,1.17,1.0,1.5,14400.0,53.2,1990.0,1.0,True,0.01,0.95,10.0,39600.0,0.938,0.139
6708,1 - 1 - 2022,19800.0,2.7622454633866265,2.3713730200033902,3.1622776601683795,0.00495,0.00398107,0.00630957,0.344,0.3,0.4,1.7,1.5,2.0,2730.0,23.1,86.7,1.0,True,0.01,0.95,10.0,39600.0,0.938,0.139
6709,1 - 1 - 2022,19800.0,2.7294688127912363,2.3713730200033902,3.1622776601683795,0.00494,0.00398107,0.00630957,0.343,0.3,0.4,2.61,2.0,4.0,639.0,5.6,10.8,1.0,True,0.01,0.95,10.0,39600.0,0.938,0.139
6710,1 - 1 - 2022,19800.0,2.6627053911388696,2.3713730200033902,3.1622776601683795,0.00504,0.00398107,0.00630957,0.444,0.4,0.5,0.0363,0.0,0.05,12100.0,154.0,0.0,1.0,True,0.01,0.95,10.0,39600.0,0.938,0.139
6711,1 - 1 - 2022,19800.0,2.7367864366808017,2.3713730200033902,3.1622776601683795,0.00509,0.00398107,0.00630957,0.443,0.4,0.5,0.0786,0.05,0.1,33400.0,256.0,0.0,1.0,True,0.01,0.95,10.0,39600.0,0.938,0.139
6712,1 - 1 - 2022,19800.0,2.727636339397171,2.3713730200033902,3.1622776601683795,0.00505,0.00398107,0.00630957,0.447,0.4,0.5,0.156,0.1,0.2,52900.0,228.0,0.0,1.0,True,0.01,0.95,10.0,39600.0,0.938,0.139
6713,1 - 1 - 2022,19800.0,2.7147743920996454,2.3713730200033902,3.1622776601683795,0.00503,0.00398107,0.00630957,0.444,0.4,0.5,0.251,0.2,0.3,73400.0,268.0,2170.0,1.0,True,0.01,0.95,10.0,39600.0,0.938,0.139
6714,1 - 1 - 2022,19800.0,2.725802634087802,2.3713730200033902,3.1622776601683795,0.00507,0.00398107,0.00630957,0.447,0.4,0.5,0.35,0.3,0.4,74900.0,271.0,3030.0,1.0,True,0.01,0.95,10.0,39600.0,0.938,0.139
6715,1 - 1 - 2022,19800.0,2.7073972741361767,2.3713730200033902,3.1622776601683795,0.00507,0.00398107,0.00630957,0.444,0.4,0.5,0.449,0.4,0.5,75400.0,272.0,4980.0,1.0,True,0.01,0.95,10.0,39600.0,0.938,0.139
6716,1 - 1 - 2022,19800.0,2.72213151776324,2.3713730200033902,3.1622776601683795,0.00501,0.00398107,0.00630957,0.443,0.4,0.5,0.55,0.5,0.6,62400.0,247.0,4120.0,1.0,True,0.01,0.95,10.0,39600.0,0.938,0.139
6717,1 - 1 - 2022,19800.0,2.7422618401604177,2.3713730200033902,3.1622776601683795,0.00491,0.00398107,0.00630957,0.443,0.4,0.5,0.649,0.6,0.7,58300.0,239.0,4550.0,1.0,True,0.01,0.95,10.0,39600.0,0.938,0.139
6718,1 - 1 - 2022,19800.0,2.6832815729997477,2.3713730200033902,3.1622776601683795,0.00498,0.00398107,0.00630957,0.445,0.4,0.5,0.747,0.7,0.8,41600.0,202.0,3030.0,1.0,True,0.01,0.95,10.0,39600.0,0.938,0.139
6719,1 - 1 - 2022,19800.0,2.723967694375247,2.3713730200033902,3.1622776601683795,0.00506,0.00398107,0.00630957,0.445,0.4,0.5,0.848,0.8,0.9,29000.0,169.0,3470.0,1.0,True,0.01,0.95,10.0,39600.0,0.938,0.139
6720,1 - 1 - 2022,19800.0,2.7586228448267445,2.3713730200033902,3.1622776601683795,0.00494,0.00398107,0.00630957,0.442,0.4,0.5,0.949,0.9,1.0,17500.0,131.0,2600.0,1.0,True,0.01,0.95,10.0,39600.0,0.938,0.139
6721,1 - 1 - 2022,19800.0,2.7129319932501073,2.3713730200033902,3.1622776601683795,0.00497,0.00398107,0.00630957,0.443,0.4,0.5,1.19,1.0,1.5,7840.0,39.2,953.0,1.0,True,0.01,0.95,10.0,39600.0,0.938,0.139
6722,1 - 1 - 2022,19800.0,2.692582403567252,2.3713730200033902,3.1622776601683795,0.00521,0.00398107,0.00630957,0.446,0.4,0.5,1.74,1.5,2.0,1470.0,17.0,260.0,1.0,True,0.01,0.95,10.0,39600.0,0.938,0.139
6723,1 - 1 - 2022,19800.0,2.716615541441225,2.3713730200033902,3.1622776601683795,0.00523,0.00398107,0.00630957,0.448,0.4,0.5,2.64,2.0,4.0,455.0,4.72,54.2,1.0,True,0.01,0.95,10.0,39600.0,0.938,0.139
6724,1 - 1 - 2022,19800.0,2.7856776554368237,2.3713730200033902,3.1622776601683795,0.00522,0.00398107,0.00630957,0.553,0.5,0.6,0.0358,0.0,0.05,9100.0,134.0,0.0,1.0,True,0.01,0.95,10.0,39600.0,0.938,0.139
6725,1 - 1 - 2022,19800.0,2.7037011669191546,2.3713730200033902,3.1622776601683795,0.00489,0.00398107,0.00630957,0.536,0.5,0.6,0.0744,0.05,0.1,15200.0,173.0,0.0,1.0,True,0.01,0.95,10.0,39600.0,0.938,0.139
6726,1 - 1 - 2022,19800.0,2.6888659319497505,2.3713730200033902,3.1622776601683795,0.0051,0.00398107,0.00630957,0.543,0.5,0.6,0.154,0.1,0.2,32900.0,180.0,0.0,1.0,True,0.01,0.95,10.0,39600.0,0.938,0.139
6727,1 - 1 - 2022,19800.0,2.705549851693737,2.3713730200033902,3.1622776601683795,0.00508,0.00398107,0.00630957,0.545,0.5,0.6,0.247,0.2,0.3,49000.0,219.0,0.0,1.0,True,0.01,0.95,10.0,39600.0,0.938,0.139
6728,1 - 1 - 2022,19800.0,2.7092434368288134,2.3713730200033902,3.1622776601683795,0.00499,0.00398107,0.00630957,0.545,0.5,0.6,0.35,0.3,0.4,44600.0,209.0,217.0,1.0,True,0.01,0.95,10.0,39600.0,0.938,0.139
6729,1 - 1 - 2022,19800.0,2.727636339397171,2.3713730200033902,3.1622776601683795,0.005,0.00398107,0.00630957,0.542,0.5,0.6,0.449,0.4,0.5,39200.0,196.0,0.0,1.0,True,0.01,0.95,10.0,39600.0,0.938,0.139
6730,1 - 1 - 2022,19800.0,2.72213151776324,2.3713730200033902,3.1622776601683795,0.00511,0.00398107,0.00630957,0.548,0.5,0.6,0.546,0.5,0.6,40500.0,199.0,866.0,1.0,True,0.01,0.95,10.0,39600.0,0.938,0.139
6731,1 - 1 - 2022,19800.0,2.7129319932501073,2.3713730200033902,3.1622776601683795,0.00506,0.00398107,0.00630957,0.54,0.5,0.6,0.65,0.6,0.7,29200.0,169.0,1300.0,1.0,True,0.01,0.95,10.0,39600.0,0.938,0.139
6732,1 - 1 - 2022,19800.0,2.7184554438136375,2.3713730200033902,3.1622776601683795,0.00509,0.00398107,0.00630957,0.545,0.5,0.6,0.749,0.7,0.8,21900.0,147.0,1300.0,1.0,True,0.01,0.95,10.0,39600.0,0.938,0.139
6733,1 - 1 - 2022,19800.0,2.705549851693737,2.3713730200033902,3.1622776601683795,0.00509,0.00398107,0.00630957,0.542,0.5,0.6,0.855,0.8,0.9,16700.0,128.0,2600.0,1.0,True,0.01,0.95,10.0,39600.0,0.938,0.139
6734,1 - 1 - 2022,19800.0,2.7202941017470885,2.3713730200033902,3.1622776601683795,0.00505,0.00398107,0.00630957,0.55,0.5,0.6,0.949,0.9,1.0,14700.0,120.0,650.0,1.0,True,0.01,0.95,10.0,39600.0,0.938,0.139
6735,1 - 1 - 2022,19800.0,2.725802634087802,2.3713730200033902,3.1622776601683795,0.00507,0.00398107,0.00630957,0.544,0.5,0.6,1.17,1.0,1.5,5420.0,32.6,563.0,1.0,True,0.01,0.95,10.0,39600.0,0.938,0.139
6736,1 - 1 - 2022,19800.0,2.819574435974337,2.3713730200033902,3.1622776601683795,0.00481,0.00398107,0.00630957,0.544,0.5,0.6,1.72,1.5,2.0,736.0,12.0,130.0,1.0,True,0.01,0.95,10.0,39600.0,0.938,0.139
6737,1 - 1 - 2022,19800.0,2.8284271247461903,2.3713730200033902,3.1622776601683795,0.00493,0.00398107,0.00630957,0.535,0.5,0.6,2.57,2.0,4.0,119.0,2.42,54.2,1.0,True,0.01,0.95,10.0,39600.0,0.938,0.139
6738,1 - 1 - 2022,19800.0,2.5768197453450252,2.3713730200033902,3.1622776601683795,0.00517,0.00398107,0.00630957,0.623,0.6,0.7,0.042,0.0,0.05,1730.0,58.3,0.0,1.0,True,0.01,0.95,10.0,39600.0,0.938,0.139
6739,1 - 1 - 2022,19800.0,2.723967694375247,2.3713730200033902,3.1622776601683795,0.00531,0.00398107,0.00630957,0.643,0.6,0.7,0.0729,0.05,0.1,6500.0,113.0,433.0,1.0,True,0.01,0.95,10.0,39600.0,0.938,0.139
6740,1 - 1 - 2022,19800.0,2.7037011669191546,2.3713730200033902,3.1622776601683795,0.00506,0.00398107,0.00630957,0.639,0.6,0.7,0.155,0.1,0.2,18000.0,133.0,0.0,1.0,True,0.01,0.95,10.0,39600.0,0.938,0.139
6741,1 - 1 - 2022,19800.0,2.7422618401604177,2.3713730200033902,3.1622776601683795,0.00508,0.00398107,0.00630957,0.643,0.6,0.7,0.253,0.2,0.3,19300.0,138.0,0.0,1.0,True,0.01,0.95,10.0,39600.0,0.938,0.139
6742,1 - 1 - 2022,19800.0,2.7313000567495327,2.3713730200033902,3.1622776601683795,0.00503,0.00398107,0.00630957,0.642,0.6,0.7,0.348,0.3,0.4,19100.0,137.0,0.0,1.0,True,0.01,0.95,10.0,39600.0,0.938,0.139
6743,1 - 1 - 2022,19800.0,2.6981475126464085,2.3713730200033902,3.1622776601683795,0.00495,0.00398107,0.00630957,0.646,0.6,0.7,0.452,0.4,0.5,21200.0,144.0,0.0,1.0,True,0.01,0.95,10.0,39600.0,0.938,0.139
6744,1 - 1 - 2022,19800.0,2.72213151776324,2.3713730200033902,3.1622776601683795,0.00506,0.00398107,0.00630957,0.645,0.6,0.7,0.549,0.5,0.6,21200.0,144.0,0.0,1.0,True,0.01,0.95,10.0,39600.0,0.938,0.139
6745,1 - 1 - 2022,19800.0,2.7367864366808017,2.3713730200033902,3.1622776601683795,0.00501,0.00398107,0.00630957,0.637,0.6,0.7,0.645,0.6,0.7,13900.0,117.0,0.0,1.0,True,0.01,0.95,10.0,39600.0,0.938,0.139
6746,1 - 1 - 2022,19800.0,2.7640549922170505,2.3713730200033902,3.1622776601683795,0.0052,0.00398107,0.00630957,0.646,0.6,0.7,0.749,0.7,0.8,12100.0,109.0,0.0,1.0,True,0.01,0.95,10.0,39600.0,0.938,0.139
6747,1 - 1 - 2022,19800.0,2.7549954627911823,2.3713730200033902,3.1622776601683795,0.00494,0.00398107,0.00630957,0.648,0.6,0.7,0.848,0.8,0.9,10600.0,102.0,0.0,1.0,True,0.01,0.95,10.0,39600.0,0.938,0.139
6748,1 - 1 - 2022,19800.0,2.734958866235469,2.3713730200033902,3.1622776601683795,0.00495,0.00398107,0.00630957,0.645,0.6,0.7,0.949,0.9,1.0,7800.0,87.5,0.0,1.0,True,0.01,0.95,10.0,39600.0,0.938,0.139
6749,1 - 1 - 2022,19800.0,2.7037011669191546,2.3713730200033902,3.1622776601683795,0.00497,0.00398107,0.00630957,0.656,0.6,0.7,1.18,1.0,1.5,2250.0,21.0,43.3,1.0,True,0.01,0.95,10.0,39600.0,0.938,0.139
6750,1 - 1 - 2022,19800.0,2.6267851073127395,2.3713730200033902,3.1622776601683795,0.0052,0.00398107,0.00630957,0.641,0.6,0.7,1.66,1.5,2.0,477.0,9.67,173.0,1.0,True,0.01,0.95,10.0,39600.0,0.938,0.139
6751,1 - 1 - 2022,19800.0,2.8495613697550013,2.3713730200033902,3.1622776601683795,0.00477,0.00398107,0.00630957,0.626,0.6,0.7,2.7,2.0,4.0,65.0,1.79,32.5,1.0,True,0.01,0.95,10.0,39600.0,0.938,0.139
6752,1 - 1 - 2022,19800.0,2.9376861643136762,2.3713730200033902,3.1622776601683795,0.00404,0.00398107,0.00630957,0.77,0.7,0.8,0.00478,0.0,0.05,433.0,29.2,0.0,1.0,True,0.01,0.95,10.0,39600.0,0.938,0.139
6753,1 - 1 - 2022,19800.0,2.870540018881465,2.3713730200033902,3.1622776601683795,0.00489,0.00398107,0.00630957,0.759,0.7,0.8,0.0809,0.05,0.1,3030.0,77.2,0.0,1.0,True,0.01,0.95,10.0,39600.0,0.938,0.139
6754,1 - 1 - 2022,19800.0,2.7982137159266447,2.3713730200033902,3.1622776601683795,0.005,0.00398107,0.00630957,0.743,0.7,0.8,0.151,0.1,0.2,8010.0,88.7,0.0,1.0,True,0.01,0.95,10.0,39600.0,0.938,0.139
6755,1 - 1 - 2022,19800.0,2.7294688127912363,2.3713730200033902,3.1622776601683795,0.00516,0.00398107,0.00630957,0.741,0.7,0.8,0.248,0.2,0.3,12800.0,112.0,0.0,1.0,True,0.01,0.95,10.0,39600.0,0.938,0.139
6756,1 - 1 - 2022,19800.0,2.749545416973504,2.3713730200033902,3.1622776601683795,0.00502,0.00398107,0.00630957,0.742,0.7,0.8,0.356,0.3,0.4,13400.0,115.0,0.0,1.0,True,0.01,0.95,10.0,39600.0,0.938,0.139
6757,1 - 1 - 2022,19800.0,2.7147743920996454,2.3713730200033902,3.1622776601683795,0.00509,0.00398107,0.00630957,0.743,0.7,0.8,0.453,0.4,0.5,14900.0,121.0,0.0,1.0,True,0.01,0.95,10.0,39600.0,0.938,0.139
6758,1 - 1 - 2022,19800.0,2.6851443164195103,2.3713730200033902,3.1622776601683795,0.00513,0.00398107,0.00630957,0.742,0.7,0.8,0.545,0.5,0.6,10400.0,101.0,0.0,1.0,True,0.01,0.95,10.0,39600.0,0.938,0.139
6759,1 - 1 - 2022,19800.0,2.705549851693737,2.3713730200033902,3.1622776601683795,0.00519,0.00398107,0.00630957,0.745,0.7,0.8,0.644,0.6,0.7,9100.0,94.5,0.0,1.0,True,0.01,0.95,10.0,39600.0,0.938,0.139
6760,1 - 1 - 2022,19800.0,2.598076211353316,2.3713730200033902,3.1622776601683795,0.00524,0.00398107,0.00630957,0.742,0.7,0.8,0.75,0.7,0.8,5420.0,72.9,0.0,1.0,True,0.01,0.95,10.0,39600.0,0.938,0.139
6761,1 - 1 - 2022,19800.0,2.7802877548915688,2.3713730200033902,3.1622776601683795,0.00487,0.00398107,0.00630957,0.752,0.7,0.8,0.848,0.8,0.9,6060.0,77.1,0.0,1.0,True,0.01,0.95,10.0,39600.0,0.938,0.139
6762,1 - 1 - 2022,19800.0,2.826658805020514,2.3713730200033902,3.1622776601683795,0.00514,0.00398107,0.00630957,0.743,0.7,0.8,0.951,0.9,1.0,3250.0,56.5,0.0,1.0,True,0.01,0.95,10.0,39600.0,0.938,0.139
6763,1 - 1 - 2022,19800.0,2.7658633371878665,2.3713730200033902,3.1622776601683795,0.00513,0.00398107,0.00630957,0.743,0.7,0.8,1.16,1.0,1.5,1300.0,16.0,43.3,1.0,True,0.01,0.95,10.0,39600.0,0.938,0.139
6764,1 - 1 - 2022,19800.0,2.8337254630609507,2.3713730200033902,3.1622776601683795,0.00495,0.00398107,0.00630957,0.738,0.7,0.8,1.65,1.5,2.0,390.0,8.75,86.6,1.0,True,0.01,0.95,10.0,39600.0,0.938,0.139
6765,1 - 1 - 2022,19800.0,2.7856776554368237,2.3713730200033902,3.1622776601683795,0.00532,0.00398107,0.00630957,0.714,0.7,0.8,2.83,2.0,4.0,21.7,1.03,10.8,1.0,True,0.01,0.95,10.0,39600.0,0.938,0.139
6766,1 - 1 - 2022,19800.0,2.8548204847240397,2.3713730200033902,3.1622776601683795,0.00563,0.00398107,0.00630957,0.872,0.8,0.9,0.0389,0.0,0.05,433.0,29.2,0.0,1.0,True,0.01,0.95,10.0,39600.0,0.938,0.139
6767,1 - 1 - 2022,19800.0,2.584569596664017,2.3713730200033902,3.1622776601683795,0.00512,0.00398107,0.00630957,0.842,0.8,0.9,0.0772,0.05,0.1,2170.0,65.2,0.0,1.0,True,0.01,0.95,10.0,39600.0,0.938,0.139
6768,1 - 1 - 2022,19800.0,2.7367864366808017,2.3713730200033902,3.1622776601683795,0.00489,0.00398107,0.00630957,0.851,0.8,0.9,0.146,0.1,0.2,4120.0,63.5,0.0,1.0,True,0.01,0.95,10.0,39600.0,0.938,0.139
6769,1 - 1 - 2022,19800.0,2.7037011669191546,2.3713730200033902,3.1622776601683795,0.00495,0.00398107,0.00630957,0.851,0.8,0.9,0.253,0.2,0.3,7150.0,83.7,0.0,1.0,True,0.01,0.95,10.0,39600.0,0.938,0.139
6770,1 - 1 - 2022,19800.0,2.725802634087802,2.3713730200033902,3.1622776601683795,0.00507,0.00398107,0.00630957,0.847,0.8,0.9,0.347,0.3,0.4,8450.0,91.0,0.0,1.0,True,0.01,0.95,10.0,39600.0,0.938,0.139
6771,1 - 1 - 2022,19800.0,2.7730849247724096,2.3713730200033902,3.1622776601683795,0.00524,0.00398107,0.00630957,0.843,0.8,0.9,0.445,0.4,0.5,5630.0,74.3,0.0,1.0,True,0.01,0.95,10.0,39600.0,0.938,0.139
6772,1 - 1 - 2022,19800.0,2.7202941017470885,2.3713730200033902,3.1622776601683795,0.00495,0.00398107,0.00630957,0.84,0.8,0.9,0.551,0.5,0.6,6070.0,77.1,0.0,1.0,True,0.01,0.95,10.0,39600.0,0.938,0.139
6773,1 - 1 - 2022,19800.0,2.6514147167125706,2.3713730200033902,3.1622776601683795,0.005,0.00398107,0.00630957,0.848,0.8,0.9,0.648,0.6,0.7,6060.0,77.1,0.0,1.0,True,0.01,0.95,10.0,39600.0,0.938,0.139
6774,1 - 1 - 2022,19800.0,2.716615541441225,2.3713730200033902,3.1622776601683795,0.00554,0.00398107,0.00630957,0.844,0.8,0.9,0.749,0.7,0.8,1520.0,38.6,0.0,1.0,True,0.01,0.95,10.0,39600.0,0.938,0.139
6775,1 - 1 - 2022,19800.0,2.6514147167125706,2.3713730200033902,3.1622776601683795,0.00501,0.00398107,0.00630957,0.84,0.8,0.9,0.837,0.8,0.9,2170.0,46.1,0.0,1.0,True,0.01,0.95,10.0,39600.0,0.938,0.139
6776,1 - 1 - 2022,19800.0,2.7422618401604177,2.3713730200033902,3.1622776601683795,0.00511,0.00398107,0.00630957,0.836,0.8,0.9,0.948,0.9,1.0,2380.0,48.4,0.0,1.0,True,0.01,0.95,10.0,39600.0,0.938,0.139
6777,1 - 1 - 2022,19800.0,2.716615541441225,2.3713730200033902,3.1622776601683795,0.00533,0.00398107,0.00630957,0.833,0.8,0.9,1.13,1.0,1.5,650.0,11.3,43.3,1.0,True,0.01,0.95,10.0,39600.0,0.938,0.139
6778,1 - 1 - 2022,19800.0,2.6870057685088806,2.3713730200033902,3.1622776601683795,0.00538,0.00398107,0.00630957,0.821,0.8,0.9,1.77,1.5,2.0,86.6,4.12,43.3,1.0,True,0.01,0.95,10.0,39600.0,0.938,0.139
6779,1 - 1 - 2022,19800.0,2.7802877548915688,2.3713730200033902,3.1622776601683795,0.00558,0.00398107,0.00630957,0.936,0.9,1.0,0.0433,0.0,0.05,1300.0,50.5,0.0,1.0,True,0.01,0.95,10.0,39600.0,0.938,0.139
6780,1 - 1 - 2022,19800.0,2.835489375751565,2.3713730200033902,3.1622776601683795,0.00489,0.00398107,0.00630957,0.934,0.9,1.0,0.144,0.1,0.2,433.0,20.6,0.0,1.0,True,0.01,0.95,10.0,39600.0,0.938,0.139
6781,1 - 1 - 2022,19800.0,2.8442925306655784,2.3713730200033902,3.1622776601683795,0.00493,0.00398107,0.00630957,0.921,0.9,1.0,0.269,0.2,0.3,1300.0,35.7,0.0,1.0,True,0.01,0.95,10.0,39600.0,0.938,0.139
6782,1 - 1 - 2022,19800.0,2.598076211353316,2.3713730200033902,3.1622776601683795,0.00498,0.00398107,0.00630957,0.929,0.9,1.0,0.338,0.3,0.4,1730.0,41.2,0.0,1.0,True,0.01,0.95,10.0,39600.0,0.938,0.139
6783,1 - 1 - 2022,19800.0,2.6888659319497505,2.3713730200033902,3.1622776601683795,0.00513,0.00398107,0.00630957,0.927,0.9,1.0,0.458,0.4,0.5,4330.0,65.2,0.0,1.0,True,0.01,0.95,10.0,39600.0,0.938,0.139
6784,1 - 1 - 2022,19800.0,2.6381811916545836,2.3713730200033902,3.1622776601683795,0.00498,0.00398107,0.00630957,0.914,0.9,1.0,0.54,0.5,0.6,2820.0,52.6,0.0,1.0,True,0.01,0.95,10.0,39600.0,0.938,0.139
6785,1 - 1 - 2022,19800.0,2.7802877548915688,2.3713730200033902,3.1622776601683795,0.0047,0.00398107,0.00630957,0.925,0.9,1.0,0.637,0.6,0.7,1080.0,32.6,0.0,1.0,True,0.01,0.95,10.0,39600.0,0.938,0.139
6786,1 - 1 - 2022,19800.0,2.8301943396169813,2.3713730200033902,3.1622776601683795,0.00503,0.00398107,0.00630957,0.932,0.9,1.0,0.756,0.7,0.8,1520.0,38.6,0.0,1.0,True,0.01,0.95,10.0,39600.0,0.938,0.139
6787,1 - 1 - 2022,19800.0,2.6551836094703507,2.3713730200033902,3.1622776601683795,0.00448,0.00398107,0.00630957,0.921,0.9,1.0,0.857,0.8,0.9,433.0,20.6,0.0,1.0,True,0.01,0.95,10.0,39600.0,0.938,0.139
6788,1 - 1 - 2022,19800.0,2.4698178070456938,2.3713730200033902,3.1622776601683795,0.00429,0.00398107,0.00630957,0.918,0.9,1.0,0.934,0.9,1.0,217.0,14.6,0.0,1.0,True,0.01,0.95,10.0,39600.0,0.938,0.139
6789,1 - 1 - 2022,19800.0,3.116087290176577,2.3713730200033902,3.1622776601683795,0.00599,0.00398107,0.00630957,0.923,0.9,1.0,1.35,1.0,1.5,43.3,2.92,0.0,1.0,True,0.01,0.95,10.0,39600.0,0.938,0.139
6790,1 - 1 - 2022,19800.0,2.7892651361962706,2.3713730200033902,3.1622776601683795,0.00788,0.00630957,0.01,0.0379,0.0,0.05,0.0321,0.0,0.05,52500.0,361.0,42100.0,1.0,True,0.01,0.95,10.0,39600.0,0.938,0.139
6791,1 - 1 - 2022,19800.0,2.7802877548915688,2.3713730200033902,3.1622776601683795,0.00775,0.00630957,0.01,0.036,0.0,0.05,0.0793,0.05,0.1,172000.0,652.0,106000.0,1.0,True,0.01,0.95,10.0,39600.0,0.938,0.139
6792,1 - 1 - 2022,19800.0,2.778488797889961,2.3713730200033902,3.1622776601683795,0.00781,0.00630957,0.01,0.0318,0.0,0.05,0.159,0.1,0.2,536000.0,815.0,286000.0,1.0,True,0.01,0.95,10.0,39600.0,0.938,0.139
6793,1 - 1 - 2022,19800.0,2.7549954627911823,2.3713730200033902,3.1622776601683795,0.00787,0.00630957,0.01,0.0287,0.0,0.05,0.254,0.2,0.3,957000.0,1090.0,385000.0,1.0,True,0.01,0.95,10.0,39600.0,0.938,0.139
6794,1 - 1 - 2022,19800.0,2.749545416973504,2.3713730200033902,3.1622776601683795,0.00787,0.00630957,0.01,0.0274,0.0,0.05,0.35,0.3,0.4,1010000.0,1120.0,316000.0,1.0,True,0.01,0.95,10.0,39600.0,0.938,0.139
6795,1 - 1 - 2022,19800.0,2.751363298439521,2.3713730200033902,3.1622776601683795,0.00788,0.00630957,0.01,0.0266,0.0,0.05,0.448,0.4,0.5,873000.0,1040.0,251000.0,1.0,True,0.01,0.95,10.0,39600.0,0.938,0.139
6796,1 - 1 - 2022,19800.0,2.7586228448267445,2.3713730200033902,3.1622776601683795,0.00789,0.00630957,0.01,0.0268,0.0,0.05,0.548,0.5,0.6,693000.0,927.0,197000.0,1.0,True,0.01,0.95,10.0,39600.0,0.938,0.139
6797,1 - 1 - 2022,19800.0,2.751363298439521,2.3713730200033902,3.1622776601683795,0.00789,0.00630957,0.01,0.0275,0.0,0.05,0.647,0.6,0.7,472000.0,764.0,127000.0,1.0,True,0.01,0.95,10.0,39600.0,0.938,0.139
6798,1 - 1 - 2022,19800.0,2.745906043549196,2.3713730200033902,3.1622776601683795,0.00792,0.00630957,0.01,0.0283,0.0,0.05,0.747,0.7,0.8,316000.0,626.0,91800.0,1.0,True,0.01,0.95,10.0,39600.0,0.938,0.139
6799,1 - 1 - 2022,19800.0,2.7730849247724096,2.3713730200033902,3.1622776601683795,0.00784,0.00630957,0.01,0.0282,0.0,0.05,0.846,0.8,0.9,195000.0,492.0,56000.0,1.0,True,0.01,0.95,10.0,39600.0,0.938,0.139
6800,1 - 1 - 2022,19800.0,2.751363298439521,2.3713730200033902,3.1622776601683795,0.00791,0.00630957,0.01,0.0295,0.0,0.05,0.945,0.9,1.0,112000.0,372.0,30100.0,1.0,True,0.01,0.95,10.0,39600.0,0.938,0.139
6801,1 - 1 - 2022,19800.0,2.7586228448267445,2.3713730200033902,3.1622776601683795,0.0079,0.00630957,0.01,0.0309,0.0,0.05,1.15,1.0,1.5,29100.0,84.9,10300.0,1.0,True,0.01,0.95,10.0,39600.0,0.938,0.139
6802,1 - 1 - 2022,19800.0,2.6981475126464085,2.3713730200033902,3.1622776601683795,0.00784,0.00630957,0.01,0.0362,0.0,0.05,1.68,1.5,2.0,2020.0,22.4,929.0,1.0,True,0.01,0.95,10.0,39600.0,0.938,0.139
6803,1 - 1 - 2022,19800.0,2.7422618401604177,2.3713730200033902,3.1622776601683795,0.00718,0.00630957,0.01,0.0391,0.0,0.05,2.17,2.0,4.0,150.0,3.05,68.3,1.0,True,0.01,0.95,10.0,39600.0,0.938,0.139
6804,1 - 1 - 2022,19800.0,2.7202941017470885,2.3713730200033902,3.1622776601683795,0.00792,0.00630957,0.01,0.0734,0.05,0.1,0.0348,0.0,0.05,95700.0,487.0,84700.0,1.0,True,0.01,0.95,10.0,39600.0,0.938,0.139
6805,1 - 1 - 2022,19800.0,2.7404379212089442,2.3713730200033902,3.1622776601683795,0.00793,0.00630957,0.01,0.0728,0.05,0.1,0.0771,0.05,0.1,291000.0,849.0,257000.0,1.0,True,0.01,0.95,10.0,39600.0,0.938,0.139
6806,1 - 1 - 2022,19800.0,2.7313000567495327,2.3713730200033902,3.1622776601683795,0.00798,0.00630957,0.01,0.0737,0.05,0.1,0.154,0.1,0.2,488000.0,778.0,402000.0,1.0,True,0.01,0.95,10.0,39600.0,0.938,0.139
6807,1 - 1 - 2022,19800.0,2.734958866235469,2.3713730200033902,3.1622776601683795,0.00797,0.00630957,0.01,0.0724,0.05,0.1,0.251,0.2,0.3,658000.0,903.0,425000.0,1.0,True,0.01,0.95,10.0,39600.0,0.938,0.139
6808,1 - 1 - 2022,19800.0,2.7313000567495327,2.3713730200033902,3.1622776601683795,0.00793,0.00630957,0.01,0.0732,0.05,0.1,0.349,0.3,0.4,620000.0,876.0,296000.0,1.0,True,0.01,0.95,10.0,39600.0,0.938,0.139
6809,1 - 1 - 2022,19800.0,2.723967694375247,2.3713730200033902,3.1622776601683795,0.00798,0.00630957,0.01,0.0731,0.05,0.1,0.449,0.4,0.5,514000.0,798.0,154000.0,1.0,True,0.01,0.95,10.0,39600.0,0.938,0.139
6810,1 - 1 - 2022,19800.0,2.7313000567495327,2.3713730200033902,3.1622776601683795,0.00801,0.00630957,0.01,0.0725,0.05,0.1,0.547,0.5,0.6,422000.0,723.0,70500.0,1.0,True,0.01,0.95,10.0,39600.0,0.938,0.139
6811,1 - 1 - 2022,19800.0,2.7331300737432898,2.3713730200033902,3.1622776601683795,0.00804,0.00630957,0.01,0.0727,0.05,0.1,0.646,0.6,0.7,294000.0,603.0,27100.0,1.0,True,0.01,0.95,10.0,39600.0,0.938,0.139
6812,1 - 1 - 2022,19800.0,2.734958866235469,2.3713730200033902,3.1622776601683795,0.00796,0.00630957,0.01,0.0721,0.05,0.1,0.745,0.7,0.8,219000.0,520.0,9570.0,1.0,True,0.01,0.95,10.0,39600.0,0.938,0.139
6813,1 - 1 - 2022,19800.0,2.72213151776324,2.3713730200033902,3.1622776601683795,0.00791,0.00630957,0.01,0.0732,0.05,0.1,0.847,0.8,0.9,132000.0,405.0,1370.0,1.0,True,0.01,0.95,10.0,39600.0,0.938,0.139
6814,1 - 1 - 2022,19800.0,2.7422618401604177,2.3713730200033902,3.1622776601683795,0.00795,0.00630957,0.01,0.0723,0.05,0.1,0.948,0.9,1.0,89700.0,333.0,273.0,1.0,True,0.01,0.95,10.0,39600.0,0.938,0.139
6815,1 - 1 - 2022,19800.0,2.756809750418044,2.3713730200033902,3.1622776601683795,0.00792,0.00630957,0.01,0.0742,0.05,0.1,1.16,1.0,1.5,30200.0,86.4,0.0,1.0,True,0.01,0.95,10.0,39600.0,0.938,0.139
6816,1 - 1 - 2022,19800.0,2.751363298439521,2.3713730200033902,3.1622776601683795,0.00768,0.00630957,0.01,0.071,0.05,0.1,1.7,1.5,2.0,4810.0,34.5,0.0,1.0,True,0.01,0.95,10.0,39600.0,0.938,0.139
6817,1 - 1 - 2022,19800.0,2.835489375751565,2.3713730200033902,3.1622776601683795,0.00767,0.00630957,0.01,0.0703,0.05,0.1,2.37,2.0,4.0,369.0,4.78,0.0,1.0,True,0.01,0.95,10.0,39600.0,0.938,0.139
6818,1 - 1 - 2022,19800.0,2.7331300737432898,2.3713730200033902,3.1622776601683795,0.00819,0.00630957,0.01,0.123,0.1,0.15,0.0335,0.0,0.05,65100.0,401.0,63400.0,1.0,True,0.01,0.95,10.0,39600.0,0.938,0.139
6819,1 - 1 - 2022,19800.0,2.72213151776324,2.3713730200033902,3.1622776601683795,0.00799,0.00630957,0.01,0.123,0.1,0.15,0.0781,0.05,0.1,204000.0,711.0,188000.0,1.0,True,0.01,0.95,10.0,39600.0,0.938,0.139
6820,1 - 1 - 2022,19800.0,2.7294688127912363,2.3713730200033902,3.1622776601683795,0.008,0.00630957,0.01,0.123,0.1,0.15,0.154,0.1,0.2,347000.0,655.0,327000.0,1.0,True,0.01,0.95,10.0,39600.0,0.938,0.139
6821,1 - 1 - 2022,19800.0,2.725802634087802,2.3713730200033902,3.1622776601683795,0.00797,0.00630957,0.01,0.124,0.1,0.15,0.251,0.2,0.3,418000.0,719.0,373000.0,1.0,True,0.01,0.95,10.0,39600.0,0.938,0.139
6822,1 - 1 - 2022,19800.0,2.7367864366808017,2.3713730200033902,3.1622776601683795,0.00798,0.00630957,0.01,0.124,0.1,0.15,0.349,0.3,0.4,420000.0,721.0,328000.0,1.0,True,0.01,0.95,10.0,39600.0,0.938,0.139
6823,1 - 1 - 2022,19800.0,2.7184554438136375,2.3713730200033902,3.1622776601683795,0.00795,0.00630957,0.01,0.124,0.1,0.15,0.448,0.4,0.5,371000.0,678.0,225000.0,1.0,True,0.01,0.95,10.0,39600.0,0.938,0.139
6824,1 - 1 - 2022,19800.0,2.7367864366808017,2.3713730200033902,3.1622776601683795,0.008,0.00630957,0.01,0.124,0.1,0.15,0.547,0.5,0.6,288000.0,598.0,136000.0,1.0,True,0.01,0.95,10.0,39600.0,0.938,0.139
6825,1 - 1 - 2022,19800.0,2.727636339397171,2.3713730200033902,3.1622776601683795,0.00798,0.00630957,0.01,0.123,0.1,0.15,0.647,0.6,0.7,219000.0,521.0,87200.0,1.0,True,0.01,0.95,10.0,39600.0,0.938,0.139
6826,1 - 1 - 2022,19800.0,2.725802634087802,2.3713730200033902,3.1622776601683795,0.00804,0.00630957,0.01,0.125,0.1,0.15,0.746,0.7,0.8,161000.0,446.0,45600.0,1.0,True,0.01,0.95,10.0,39600.0,0.938,0.139
6827,1 - 1 - 2022,19800.0,2.734958866235469,2.3713730200033902,3.1622776601683795,0.00794,0.00630957,0.01,0.125,0.1,0.15,0.846,0.8,0.9,91300.0,336.0,18300.0,1.0,True,0.01,0.95,10.0,39600.0,0.938,0.139
6828,1 - 1 - 2022,19800.0,2.7549954627911823,2.3713730200033902,3.1622776601683795,0.00792,0.00630957,0.01,0.124,0.1,0.15,0.945,0.9,1.0,74100.0,303.0,7380.0,1.0,True,0.01,0.95,10.0,39600.0,0.938,0.139
6829,1 - 1 - 2022,19800.0,2.7477263328068173,2.3713730200033902,3.1622776601683795,0.00803,0.00630957,0.01,0.124,0.1,0.15,1.18,1.0,1.5,20000.0,70.3,437.0,1.0,True,0.01,0.95,10.0,39600.0,0.938,0.139
6830,1 - 1 - 2022,19800.0,2.7202941017470885,2.3713730200033902,3.1622776601683795,0.00773,0.00630957,0.01,0.127,0.1,0.15,1.66,1.5,2.0,3440.0,29.2,0.0,1.0,True,0.01,0.95,10.0,39600.0,0.938,0.139
6831,1 - 1 - 2022,19800.0,2.7910571473905725,2.3713730200033902,3.1622776601683795,0.00755,0.00630957,0.01,0.125,0.1,0.15,2.29,2.0,4.0,246.0,3.9,0.0,1.0,True,0.01,0.95,10.0,39600.0,0.938,0.139
6832,1 - 1 - 2022,19800.0,2.727636339397171,2.3713730200033902,3.1622776601683795,0.00796,0.00630957,0.01,0.172,0.15,0.2,0.0322,0.0,0.05,43200.0,327.0,33900.0,1.0,True,0.01,0.95,10.0,39600.0,0.938,0.139
6833,1 - 1 - 2022,19800.0,2.749545416973504,2.3713730200033902,3.1622776601683795,0.00795,0.00630957,0.01,0.173,0.15,0.2,0.0783,0.05,0.1,129000.0,565.0,93500.0,1.0,True,0.01,0.95,10.0,39600.0,0.938,0.139
6834,1 - 1 - 2022,19800.0,2.7313000567495327,2.3713730200033902,3.1622776601683795,0.008,0.00630957,0.01,0.174,0.15,0.2,0.151,0.1,0.2,228000.0,532.0,168000.0,1.0,True,0.01,0.95,10.0,39600.0,0.938,0.139
6835,1 - 1 - 2022,19800.0,2.725802634087802,2.3713730200033902,3.1622776601683795,0.00795,0.00630957,0.01,0.173,0.15,0.2,0.249,0.2,0.3,293000.0,602.0,230000.0,1.0,True,0.01,0.95,10.0,39600.0,0.938,0.139
6836,1 - 1 - 2022,19800.0,2.7367864366808017,2.3713730200033902,3.1622776601683795,0.00803,0.00630957,0.01,0.174,0.15,0.2,0.349,0.3,0.4,303000.0,613.0,213000.0,1.0,True,0.01,0.95,10.0,39600.0,0.938,0.139
6837,1 - 1 - 2022,19800.0,2.72213151776324,2.3713730200033902,3.1622776601683795,0.00796,0.00630957,0.01,0.174,0.15,0.2,0.449,0.4,0.5,254000.0,561.0,150000.0,1.0,True,0.01,0.95,10.0,39600.0,0.938,0.139
6838,1 - 1 - 2022,19800.0,2.7294688127912363,2.3713730200033902,3.1622776601683795,0.00798,0.00630957,0.01,0.174,0.15,0.2,0.547,0.5,0.6,220000.0,522.0,107000.0,1.0,True,0.01,0.95,10.0,39600.0,0.938,0.139
6839,1 - 1 - 2022,19800.0,2.734958866235469,2.3713730200033902,3.1622776601683795,0.00797,0.00630957,0.01,0.174,0.15,0.2,0.647,0.6,0.7,161000.0,446.0,77900.0,1.0,True,0.01,0.95,10.0,39600.0,0.938,0.139
6840,1 - 1 - 2022,19800.0,2.7386127875258306,2.3713730200033902,3.1622776601683795,0.00797,0.00630957,0.01,0.174,0.15,0.2,0.745,0.7,0.8,121000.0,386.0,41500.0,1.0,True,0.01,0.95,10.0,39600.0,0.938,0.139
6841,1 - 1 - 2022,19800.0,2.745906043549196,2.3713730200033902,3.1622776601683795,0.00793,0.00630957,0.01,0.175,0.15,0.2,0.848,0.8,0.9,76800.0,308.0,24300.0,1.0,True,0.01,0.95,10.0,39600.0,0.938,0.139
6842,1 - 1 - 2022,19800.0,2.734958866235469,2.3713730200033902,3.1622776601683795,0.00804,0.00630957,0.01,0.175,0.15,0.2,0.946,0.9,1.0,51100.0,252.0,14800.0,1.0,True,0.01,0.95,10.0,39600.0,0.938,0.139
6843,1 - 1 - 2022,19800.0,2.7477263328068173,2.3713730200033902,3.1622776601683795,0.00788,0.00630957,0.01,0.174,0.15,0.2,1.18,1.0,1.5,19100.0,68.7,1590.0,1.0,True,0.01,0.95,10.0,39600.0,0.938,0.139
6844,1 - 1 - 2022,19800.0,2.6888659319497505,2.3713730200033902,3.1622776601683795,0.00813,0.00630957,0.01,0.173,0.15,0.2,1.68,1.5,2.0,3550.0,29.7,0.0,1.0,True,0.01,0.95,10.0,39600.0,0.938,0.139
6845,1 - 1 - 2022,19800.0,2.8284271247461903,2.3713730200033902,3.1622776601683795,0.0078,0.00630957,0.01,0.179,0.15,0.2,2.42,2.0,4.0,342.0,4.6,0.0,1.0,True,0.01,0.95,10.0,39600.0,0.938,0.139
6846,1 - 1 - 2022,19800.0,2.7367864366808017,2.3713730200033902,3.1622776601683795,0.00813,0.00630957,0.01,0.228,0.2,0.25,0.0316,0.0,0.05,30100.0,273.0,16400.0,1.0,True,0.01,0.95,10.0,39600.0,0.938,0.139
6847,1 - 1 - 2022,19800.0,2.72213151776324,2.3713730200033902,3.1622776601683795,0.008,0.00630957,0.01,0.222,0.2,0.25,0.0794,0.05,0.1,75400.0,432.0,39400.0,1.0,True,0.01,0.95,10.0,39600.0,0.938,0.139
6848,1 - 1 - 2022,19800.0,2.7549954627911823,2.3713730200033902,3.1622776601683795,0.00799,0.00630957,0.01,0.223,0.2,0.25,0.152,0.1,0.2,148000.0,429.0,62600.0,1.0,True,0.01,0.95,10.0,39600.0,0.938,0.139
6849,1 - 1 - 2022,19800.0,2.7331300737432898,2.3713730200033902,3.1622776601683795,0.00794,0.00630957,0.01,0.223,0.2,0.25,0.252,0.2,0.3,190000.0,485.0,98100.0,1.0,True,0.01,0.95,10.0,39600.0,0.938,0.139
6850,1 - 1 - 2022,19800.0,2.7313000567495327,2.3713730200033902,3.1622776601683795,0.00796,0.00630957,0.01,0.223,0.2,0.25,0.35,0.3,0.4,209000.0,508.0,108000.0,1.0,True,0.01,0.95,10.0,39600.0,0.938,0.139
6851,1 - 1 - 2022,19800.0,2.7313000567495327,2.3713730200033902,3.1622776601683795,0.00802,0.00630957,0.01,0.224,0.2,0.25,0.448,0.4,0.5,196000.0,493.0,88800.0,1.0,True,0.01,0.95,10.0,39600.0,0.938,0.139
6852,1 - 1 - 2022,19800.0,2.72213151776324,2.3713730200033902,3.1622776601683795,0.00797,0.00630957,0.01,0.223,0.2,0.25,0.548,0.5,0.6,165000.0,452.0,65900.0,1.0,True,0.01,0.95,10.0,39600.0,0.938,0.139
6853,1 - 1 - 2022,19800.0,2.7440845468024486,2.3713730200033902,3.1622776601683795,0.00803,0.00630957,0.01,0.223,0.2,0.25,0.65,0.6,0.7,126000.0,395.0,41300.0,1.0,True,0.01,0.95,10.0,39600.0,0.938,0.139
6854,1 - 1 - 2022,19800.0,2.7331300737432898,2.3713730200033902,3.1622776601683795,0.00803,0.00630957,0.01,0.224,0.2,0.25,0.747,0.7,0.8,86100.0,327.0,23000.0,1.0,True,0.01,0.95,10.0,39600.0,0.938,0.139
6855,1 - 1 - 2022,19800.0,2.7331300737432898,2.3713730200033902,3.1622776601683795,0.00793,0.00630957,0.01,0.225,0.2,0.25,0.849,0.8,0.9,64800.0,283.0,17200.0,1.0,True,0.01,0.95,10.0,39600.0,0.938,0.139
6856,1 - 1 - 2022,19800.0,2.727636339397171,2.3713730200033902,3.1622776601683795,0.00781,0.00630957,0.01,0.224,0.2,0.25,0.949,0.9,1.0,40700.0,225.0,10100.0,1.0,True,0.01,0.95,10.0,39600.0,0.938,0.139
6857,1 - 1 - 2022,19800.0,2.7386127875258306,2.3713730200033902,3.1622776601683795,0.00805,0.00630957,0.01,0.224,0.2,0.25,1.17,1.0,1.5,16100.0,63.1,2190.0,1.0,True,0.01,0.95,10.0,39600.0,0.938,0.139
6858,1 - 1 - 2022,19800.0,2.7712812921102037,2.3713730200033902,3.1622776601683795,0.00797,0.00630957,0.01,0.223,0.2,0.25,1.67,1.5,2.0,2840.0,26.5,0.0,1.0,True,0.01,0.95,10.0,39600.0,0.938,0.139
6859,1 - 1 - 2022,19800.0,2.8035691537752374,2.3713730200033902,3.1622776601683795,0.00801,0.00630957,0.01,0.227,0.2,0.25,2.47,2.0,4.0,328.0,4.51,0.0,1.0,True,0.01,0.95,10.0,39600.0,0.938,0.139
6860,1 - 1 - 2022,19800.0,2.6229754097208002,2.3713730200033902,3.1622776601683795,0.00798,0.00630957,0.01,0.275,0.25,0.3,0.0366,0.0,0.05,12600.0,176.0,3280.0,1.0,True,0.01,0.95,10.0,39600.0,0.938,0.139
6861,1 - 1 - 2022,19800.0,2.6814175355583845,2.3713730200033902,3.1622776601683795,0.00802,0.00630957,0.01,0.274,0.25,0.3,0.0766,0.05,0.1,49700.0,351.0,12600.0,1.0,True,0.01,0.95,10.0,39600.0,0.938,0.139
6862,1 - 1 - 2022,19800.0,2.7073972741361767,2.3713730200033902,3.1622776601683795,0.00797,0.00630957,0.01,0.272,0.25,0.3,0.154,0.1,0.2,98400.0,349.0,32500.0,1.0,True,0.01,0.95,10.0,39600.0,0.938,0.139
6863,1 - 1 - 2022,19800.0,2.734958866235469,2.3713730200033902,3.1622776601683795,0.00798,0.00630957,0.01,0.272,0.25,0.3,0.252,0.2,0.3,123000.0,390.0,33100.0,1.0,True,0.01,0.95,10.0,39600.0,0.938,0.139
6864,1 - 1 - 2022,19800.0,2.7331300737432898,2.3713730200033902,3.1622776601683795,0.008,0.00630957,0.01,0.274,0.25,0.3,0.349,0.3,0.4,136000.0,410.0,33900.0,1.0,True,0.01,0.95,10.0,39600.0,0.938,0.139
6865,1 - 1 - 2022,19800.0,2.723967694375247,2.3713730200033902,3.1622776601683795,0.00801,0.00630957,0.01,0.273,0.25,0.3,0.45,0.4,0.5,133000.0,406.0,34700.0,1.0,True,0.01,0.95,10.0,39600.0,0.938,0.139
6866,1 - 1 - 2022,19800.0,2.7202941017470885,2.3713730200033902,3.1622776601683795,0.00794,0.00630957,0.01,0.274,0.25,0.3,0.55,0.5,0.6,112000.0,373.0,31400.0,1.0,True,0.01,0.95,10.0,39600.0,0.938,0.139
6867,1 - 1 - 2022,19800.0,2.72213151776324,2.3713730200033902,3.1622776601683795,0.00797,0.00630957,0.01,0.273,0.25,0.3,0.648,0.6,0.7,79500.0,314.0,25400.0,1.0,True,0.01,0.95,10.0,39600.0,0.938,0.139
6868,1 - 1 - 2022,19800.0,2.7294688127912363,2.3713730200033902,3.1622776601683795,0.00795,0.00630957,0.01,0.273,0.25,0.3,0.749,0.7,0.8,68900.0,292.0,17800.0,1.0,True,0.01,0.95,10.0,39600.0,0.938,0.139
6869,1 - 1 - 2022,19800.0,2.7073972741361767,2.3713730200033902,3.1622776601683795,0.00796,0.00630957,0.01,0.274,0.25,0.3,0.848,0.8,0.9,47800.0,243.0,10100.0,1.0,True,0.01,0.95,10.0,39600.0,0.938,0.139
6870,1 - 1 - 2022,19800.0,2.72213151776324,2.3713730200033902,3.1622776601683795,0.00805,0.00630957,0.01,0.272,0.25,0.3,0.944,0.9,1.0,30100.0,193.0,4100.0,1.0,True,0.01,0.95,10.0,39600.0,0.938,0.139
6871,1 - 1 - 2022,19800.0,2.734958866235469,2.3713730200033902,3.1622776601683795,0.00793,0.00630957,0.01,0.274,0.25,0.3,1.18,1.0,1.5,12200.0,54.9,1480.0,1.0,True,0.01,0.95,10.0,39600.0,0.938,0.139
6872,1 - 1 - 2022,19800.0,2.7694764848252458,2.3713730200033902,3.1622776601683795,0.00786,0.00630957,0.01,0.276,0.25,0.3,1.66,1.5,2.0,2130.0,23.0,0.0,1.0,True,0.01,0.95,10.0,39600.0,0.938,0.139
6873,1 - 1 - 2022,19800.0,2.8160255680657444,2.3713730200033902,3.1622776601683795,0.00751,0.00630957,0.01,0.274,0.25,0.3,2.48,2.0,4.0,328.0,4.51,0.0,1.0,True,0.01,0.95,10.0,39600.0,0.938,0.139
6874,1 - 1 - 2022,19800.0,2.7622454633866265,2.3713730200033902,3.1622776601683795,0.00799,0.00630957,0.01,0.348,0.3,0.4,0.0332,0.0,0.05,9840.0,110.0,0.0,1.0,True,0.01,0.95,10.0,39600.0,0.938,0.139
6875,1 - 1 - 2022,19800.0,2.7294688127912363,2.3713730200033902,3.1622776601683795,0.00807,0.00630957,0.01,0.348,0.3,0.4,0.0775,0.05,0.1,29500.0,191.0,820.0,1.0,True,0.01,0.95,10.0,39600.0,0.938,0.139
6876,1 - 1 - 2022,19800.0,2.723967694375247,2.3713730200033902,3.1622776601683795,0.00799,0.00630957,0.01,0.344,0.3,0.4,0.153,0.1,0.2,58800.0,191.0,5600.0,1.0,True,0.01,0.95,10.0,39600.0,0.938,0.139
6877,1 - 1 - 2022,19800.0,2.7129319932501073,2.3713730200033902,3.1622776601683795,0.008,0.00630957,0.01,0.345,0.3,0.4,0.254,0.2,0.3,79700.0,222.0,8750.0,1.0,True,0.01,0.95,10.0,39600.0,0.938,0.139
6878,1 - 1 - 2022,19800.0,2.7202941017470885,2.3713730200033902,3.1622776601683795,0.00794,0.00630957,0.01,0.344,0.3,0.4,0.352,0.3,0.4,88700.0,234.0,10100.0,1.0,True,0.01,0.95,10.0,39600.0,0.938,0.139
6879,1 - 1 - 2022,19800.0,2.725802634087802,2.3713730200033902,3.1622776601683795,0.00795,0.00630957,0.01,0.343,0.3,0.4,0.448,0.4,0.5,80800.0,224.0,11500.0,1.0,True,0.01,0.95,10.0,39600.0,0.938,0.139
6880,1 - 1 - 2022,19800.0,2.7294688127912363,2.3713730200033902,3.1622776601683795,0.00791,0.00630957,0.01,0.345,0.3,0.4,0.549,0.5,0.6,75400.0,216.0,15200.0,1.0,True,0.01,0.95,10.0,39600.0,0.938,0.139
6881,1 - 1 - 2022,19800.0,2.749545416973504,2.3713730200033902,3.1622776601683795,0.00789,0.00630957,0.01,0.345,0.3,0.4,0.647,0.6,0.7,60000.0,193.0,10800.0,1.0,True,0.01,0.95,10.0,39600.0,0.938,0.139
6882,1 - 1 - 2022,19800.0,2.7294688127912363,2.3713730200033902,3.1622776601683795,0.00796,0.00630957,0.01,0.346,0.3,0.4,0.748,0.7,0.8,49600.0,175.0,10900.0,1.0,True,0.01,0.95,10.0,39600.0,0.938,0.139
6883,1 - 1 - 2022,19800.0,2.751363298439521,2.3713730200033902,3.1622776601683795,0.00799,0.00630957,0.01,0.344,0.3,0.4,0.846,0.8,0.9,30500.0,137.0,6150.0,1.0,True,0.01,0.95,10.0,39600.0,0.938,0.139
6884,1 - 1 - 2022,19800.0,2.727636339397171,2.3713730200033902,3.1622776601683795,0.00775,0.00630957,0.01,0.349,0.3,0.4,0.946,0.9,1.0,21900.0,116.0,4370.0,1.0,True,0.01,0.95,10.0,39600.0,0.938,0.139
6885,1 - 1 - 2022,19800.0,2.753179979587241,2.3713730200033902,3.1622776601683795,0.00788,0.00630957,0.01,0.343,0.3,0.4,1.18,1.0,1.5,7520.0,30.5,738.0,1.0,True,0.01,0.95,10.0,39600.0,0.938,0.139
6886,1 - 1 - 2022,19800.0,2.7586228448267445,2.3713730200033902,3.1622776601683795,0.00798,0.00630957,0.01,0.342,0.3,0.4,1.71,1.5,2.0,1610.0,14.1,0.0,1.0,True,0.01,0.95,10.0,39600.0,0.938,0.139
6887,1 - 1 - 2022,19800.0,2.7982137159266447,2.3713730200033902,3.1622776601683795,0.00815,0.00630957,0.01,0.341,0.3,0.4,2.5,2.0,4.0,232.0,2.68,0.0,1.0,True,0.01,0.95,10.0,39600.0,0.938,0.139
6888,1 - 1 - 2022,19800.0,2.7422618401604177,2.3713730200033902,3.1622776601683795,0.00805,0.00630957,0.01,0.437,0.4,0.5,0.0328,0.0,0.05,6830.0,92.0,0.0,1.0,True,0.01,0.95,10.0,39600.0,0.938,0.139
6889,1 - 1 - 2022,19800.0,2.7,2.3713730200033902,3.1622776601683795,0.00787,0.00630957,0.01,0.446,0.4,0.5,0.0781,0.05,0.1,17800.0,148.0,0.0,1.0,True,0.01,0.95,10.0,39600.0,0.938,0.139
6890,1 - 1 - 2022,19800.0,2.7422618401604177,2.3713730200033902,3.1622776601683795,0.00806,0.00630957,0.01,0.445,0.4,0.5,0.152,0.1,0.2,35000.0,147.0,0.0,1.0,True,0.01,0.95,10.0,39600.0,0.938,0.139
6891,1 - 1 - 2022,19800.0,2.716615541441225,2.3713730200033902,3.1622776601683795,0.00797,0.00630957,0.01,0.448,0.4,0.5,0.249,0.2,0.3,38000.0,153.0,0.0,1.0,True,0.01,0.95,10.0,39600.0,0.938,0.139
6892,1 - 1 - 2022,19800.0,2.716615541441225,2.3713730200033902,3.1622776601683795,0.00798,0.00630957,0.01,0.446,0.4,0.5,0.35,0.3,0.4,47400.0,171.0,1500.0,1.0,True,0.01,0.95,10.0,39600.0,0.938,0.139
6893,1 - 1 - 2022,19800.0,2.7404379212089442,2.3713730200033902,3.1622776601683795,0.00796,0.00630957,0.01,0.442,0.4,0.5,0.45,0.4,0.5,47700.0,172.0,3960.0,1.0,True,0.01,0.95,10.0,39600.0,0.938,0.139
6894,1 - 1 - 2022,19800.0,2.7294688127912363,2.3713730200033902,3.1622776601683795,0.00806,0.00630957,0.01,0.444,0.4,0.5,0.55,0.5,0.6,36400.0,150.0,2050.0,1.0,True,0.01,0.95,10.0,39600.0,0.938,0.139
6895,1 - 1 - 2022,19800.0,2.734958866235469,2.3713730200033902,3.1622776601683795,0.00805,0.00630957,0.01,0.45,0.4,0.5,0.65,0.6,0.7,31600.0,140.0,2320.0,1.0,True,0.01,0.95,10.0,39600.0,0.938,0.139
6896,1 - 1 - 2022,19800.0,2.7331300737432898,2.3713730200033902,3.1622776601683795,0.00804,0.00630957,0.01,0.444,0.4,0.5,0.749,0.7,0.8,26200.0,127.0,3960.0,1.0,True,0.01,0.95,10.0,39600.0,0.938,0.139
6897,1 - 1 - 2022,19800.0,2.7440845468024486,2.3713730200033902,3.1622776601683795,0.00792,0.00630957,0.01,0.445,0.4,0.5,0.849,0.8,0.9,18000.0,106.0,2460.0,1.0,True,0.01,0.95,10.0,39600.0,0.938,0.139
6898,1 - 1 - 2022,19800.0,2.7622454633866265,2.3713730200033902,3.1622776601683795,0.0081,0.00630957,0.01,0.453,0.4,0.5,0.947,0.9,1.0,11900.0,85.8,2050.0,1.0,True,0.01,0.95,10.0,39600.0,0.938,0.139
6899,1 - 1 - 2022,19800.0,2.7477263328068173,2.3713730200033902,3.1622776601683795,0.00789,0.00630957,0.01,0.446,0.4,0.5,1.17,1.0,1.5,4560.0,23.8,574.0,1.0,True,0.01,0.95,10.0,39600.0,0.938,0.139
6900,1 - 1 - 2022,19800.0,2.8442925306655784,2.3713730200033902,3.1622776601683795,0.00753,0.00630957,0.01,0.443,0.4,0.5,1.71,1.5,2.0,957.0,10.9,82.0,1.0,True,0.01,0.95,10.0,39600.0,0.938,0.139
6901,1 - 1 - 2022,19800.0,2.640075756488817,2.3713730200033902,3.1622776601683795,0.00811,0.00630957,0.01,0.439,0.4,0.5,2.49,2.0,4.0,144.0,2.11,6.83,1.0,True,0.01,0.95,10.0,39600.0,0.938,0.139
6902,1 - 1 - 2022,19800.0,2.6814175355583845,2.3713730200033902,3.1622776601683795,0.00772,0.00630957,0.01,0.562,0.5,0.6,0.0351,0.0,0.05,4370.0,73.6,0.0,1.0,True,0.01,0.95,10.0,39600.0,0.938,0.139
6903,1 - 1 - 2022,19800.0,2.6645825188948455,2.3713730200033902,3.1622776601683795,0.008,0.00630957,0.01,0.537,0.5,0.6,0.0785,0.05,0.1,10400.0,113.0,0.0,1.0,True,0.01,0.95,10.0,39600.0,0.938,0.139
6904,1 - 1 - 2022,19800.0,2.6870057685088806,2.3713730200033902,3.1622776601683795,0.00796,0.00630957,0.01,0.546,0.5,0.6,0.155,0.1,0.2,17200.0,103.0,0.0,1.0,True,0.01,0.95,10.0,39600.0,0.938,0.139
6905,1 - 1 - 2022,19800.0,2.7037011669191546,2.3713730200033902,3.1622776601683795,0.00792,0.00630957,0.01,0.541,0.5,0.6,0.255,0.2,0.3,25800.0,126.0,0.0,1.0,True,0.01,0.95,10.0,39600.0,0.938,0.139
6906,1 - 1 - 2022,19800.0,2.7184554438136375,2.3713730200033902,3.1622776601683795,0.00797,0.00630957,0.01,0.546,0.5,0.6,0.351,0.3,0.4,24300.0,123.0,0.0148,1.0,True,0.01,0.95,10.0,39600.0,0.938,0.139
6907,1 - 1 - 2022,19800.0,2.7331300737432898,2.3713730200033902,3.1622776601683795,0.00803,0.00630957,0.01,0.544,0.5,0.6,0.45,0.4,0.5,24200.0,122.0,137.0,1.0,True,0.01,0.95,10.0,39600.0,0.938,0.139
6908,1 - 1 - 2022,19800.0,2.72213151776324,2.3713730200033902,3.1622776601683795,0.00795,0.00630957,0.01,0.547,0.5,0.6,0.549,0.5,0.6,17600.0,104.0,820.0,1.0,True,0.01,0.95,10.0,39600.0,0.938,0.139
6909,1 - 1 - 2022,19800.0,2.7,2.3713730200033902,3.1622776601683795,0.00793,0.00630957,0.01,0.544,0.5,0.6,0.646,0.6,0.7,18000.0,106.0,273.0,1.0,True,0.01,0.95,10.0,39600.0,0.938,0.139
6910,1 - 1 - 2022,19800.0,2.725802634087802,2.3713730200033902,3.1622776601683795,0.00804,0.00630957,0.01,0.547,0.5,0.6,0.75,0.7,0.8,12700.0,88.7,273.0,1.0,True,0.01,0.95,10.0,39600.0,0.938,0.139
6911,1 - 1 - 2022,19800.0,2.7037011669191546,2.3713730200033902,3.1622776601683795,0.00782,0.00630957,0.01,0.547,0.5,0.6,0.85,0.8,0.9,6830.0,65.0,547.0,1.0,True,0.01,0.95,10.0,39600.0,0.938,0.139
6912,1 - 1 - 2022,19800.0,2.7294688127912363,2.3713730200033902,3.1622776601683795,0.00807,0.00630957,0.01,0.543,0.5,0.6,0.944,0.9,1.0,8470.0,72.4,547.0,1.0,True,0.01,0.95,10.0,39600.0,0.938,0.139
6913,1 - 1 - 2022,19800.0,2.7676705006196096,2.3713730200033902,3.1622776601683795,0.00779,0.00630957,0.01,0.547,0.5,0.6,1.16,1.0,1.5,2920.0,19.0,355.0,1.0,True,0.01,0.95,10.0,39600.0,0.938,0.139
6914,1 - 1 - 2022,19800.0,2.7184554438136375,2.3713730200033902,3.1622776601683795,0.0079,0.00630957,0.01,0.534,0.5,0.6,1.74,1.5,2.0,465.0,7.59,137.0,1.0,True,0.01,0.95,10.0,39600.0,0.938,0.139
6915,1 - 1 - 2022,19800.0,2.7694764848252458,2.3713730200033902,3.1622776601683795,0.00811,0.00630957,0.01,0.554,0.5,0.6,2.49,2.0,4.0,88.8,1.66,0.0,1.0,True,0.01,0.95,10.0,39600.0,0.938,0.139
6916,1 - 1 - 2022,19800.0,2.513961017995307,2.3713730200033902,3.1622776601683795,0.00786,0.00630957,0.01,0.639,0.6,0.7,0.0327,0.0,0.05,2190.0,52.0,0.0,1.0,True,0.01,0.95,10.0,39600.0,0.938,0.139
6917,1 - 1 - 2022,19800.0,2.7549954627911823,2.3713730200033902,3.1622776601683795,0.00799,0.00630957,0.01,0.643,0.6,0.7,0.0755,0.05,0.1,4370.0,73.6,273.0,1.0,True,0.01,0.95,10.0,39600.0,0.938,0.139
6918,1 - 1 - 2022,19800.0,2.7676705006196096,2.3713730200033902,3.1622776601683795,0.00801,0.00630957,0.01,0.638,0.6,0.7,0.153,0.1,0.2,7790.0,69.4,0.0,1.0,True,0.01,0.95,10.0,39600.0,0.938,0.139
6919,1 - 1 - 2022,19800.0,2.7313000567495327,2.3713730200033902,3.1622776601683795,0.00792,0.00630957,0.01,0.641,0.6,0.7,0.25,0.2,0.3,13400.0,91.1,0.0,1.0,True,0.01,0.95,10.0,39600.0,0.938,0.139
6920,1 - 1 - 2022,19800.0,2.7331300737432898,2.3713730200033902,3.1622776601683795,0.00798,0.00630957,0.01,0.65,0.6,0.7,0.349,0.3,0.4,11300.0,83.8,0.0,1.0,True,0.01,0.95,10.0,39600.0,0.938,0.139
6921,1 - 1 - 2022,19800.0,2.716615541441225,2.3713730200033902,3.1622776601683795,0.00804,0.00630957,0.01,0.645,0.6,0.7,0.451,0.4,0.5,15600.0,98.2,0.0,1.0,True,0.01,0.95,10.0,39600.0,0.938,0.139
6922,1 - 1 - 2022,19800.0,2.7147743920996454,2.3713730200033902,3.1622776601683795,0.00805,0.00630957,0.01,0.646,0.6,0.7,0.547,0.5,0.6,11900.0,85.8,0.0,1.0,True,0.01,0.95,10.0,39600.0,0.938,0.139
6923,1 - 1 - 2022,19800.0,2.7,2.3713730200033902,3.1622776601683795,0.00807,0.00630957,0.01,0.643,0.6,0.7,0.65,0.6,0.7,12400.0,87.8,137.0,1.0,True,0.01,0.95,10.0,39600.0,0.938,0.139
6924,1 - 1 - 2022,19800.0,2.6870057685088806,2.3713730200033902,3.1622776601683795,0.0075,0.00630957,0.01,0.646,0.6,0.7,0.75,0.7,0.8,7930.0,70.1,137.0,1.0,True,0.01,0.95,10.0,39600.0,0.938,0.139
6925,1 - 1 - 2022,19800.0,2.751363298439521,2.3713730200033902,3.1622776601683795,0.00784,0.00630957,0.01,0.654,0.6,0.7,0.855,0.8,0.9,4510.0,52.8,0.0,1.0,True,0.01,0.95,10.0,39600.0,0.938,0.139
6926,1 - 1 - 2022,19800.0,2.808914381037628,2.3713730200033902,3.1622776601683795,0.00827,0.00630957,0.01,0.648,0.6,0.7,0.945,0.9,1.0,3830.0,48.7,547.0,1.0,True,0.01,0.95,10.0,39600.0,0.938,0.139
6927,1 - 1 - 2022,19800.0,2.794637722496424,2.3713730200033902,3.1622776601683795,0.00775,0.00630957,0.01,0.638,0.6,0.7,1.14,1.0,1.5,1230.0,12.3,109.0,1.0,True,0.01,0.95,10.0,39600.0,0.938,0.139
6928,1 - 1 - 2022,19800.0,2.6419689627245813,2.3713730200033902,3.1622776601683795,0.00796,0.00630957,0.01,0.649,0.6,0.7,1.73,1.5,2.0,191.0,4.87,82.0,1.0,True,0.01,0.95,10.0,39600.0,0.938,0.139
6929,1 - 1 - 2022,19800.0,2.734958866235469,2.3713730200033902,3.1622776601683795,0.00771,0.00630957,0.01,0.634,0.6,0.7,2.57,2.0,4.0,61.5,1.38,6.83,1.0,True,0.01,0.95,10.0,39600.0,0.938,0.139
6930,1 - 1 - 2022,19800.0,2.6832815729997477,2.3713730200033902,3.1622776601683795,0.00815,0.00630957,0.01,0.755,0.7,0.8,0.0209,0.0,0.05,820.0,31.9,0.0,1.0,True,0.01,0.95,10.0,39600.0,0.938,0.139
6931,1 - 1 - 2022,19800.0,2.7586228448267445,2.3713730200033902,3.1622776601683795,0.00844,0.00630957,0.01,0.762,0.7,0.8,0.0745,0.05,0.1,1910.0,48.7,0.0,1.0,True,0.01,0.95,10.0,39600.0,0.938,0.139
6932,1 - 1 - 2022,19800.0,2.716615541441225,2.3713730200033902,3.1622776601683795,0.00763,0.00630957,0.01,0.746,0.7,0.8,0.147,0.1,0.2,4240.0,51.2,0.0,1.0,True,0.01,0.95,10.0,39600.0,0.938,0.139
6933,1 - 1 - 2022,19800.0,2.6907248094147422,2.3713730200033902,3.1622776601683795,0.00815,0.00630957,0.01,0.751,0.7,0.8,0.256,0.2,0.3,6290.0,62.4,0.0,1.0,True,0.01,0.95,10.0,39600.0,0.938,0.139
6934,1 - 1 - 2022,19800.0,2.7856776554368237,2.3713730200033902,3.1622776601683795,0.00799,0.00630957,0.01,0.736,0.7,0.8,0.353,0.3,0.4,6150.0,61.7,0.0,1.0,True,0.01,0.95,10.0,39600.0,0.938,0.139
6935,1 - 1 - 2022,19800.0,2.705549851693737,2.3713730200033902,3.1622776601683795,0.00799,0.00630957,0.01,0.744,0.7,0.8,0.444,0.4,0.5,7380.0,67.6,0.0,1.0,True,0.01,0.95,10.0,39600.0,0.938,0.139
6936,1 - 1 - 2022,19800.0,2.7147743920996454,2.3713730200033902,3.1622776601683795,0.008,0.00630957,0.01,0.747,0.7,0.8,0.554,0.5,0.6,6420.0,63.1,137.0,1.0,True,0.01,0.95,10.0,39600.0,0.938,0.139
6937,1 - 1 - 2022,19800.0,2.7331300737432898,2.3713730200033902,3.1622776601683795,0.00795,0.00630957,0.01,0.746,0.7,0.8,0.647,0.6,0.7,5880.0,60.3,0.0,1.0,True,0.01,0.95,10.0,39600.0,0.938,0.139
6938,1 - 1 - 2022,19800.0,2.6795522013948525,2.3713730200033902,3.1622776601683795,0.00823,0.00630957,0.01,0.74,0.7,0.8,0.749,0.7,0.8,3420.0,46.0,0.0,1.0,True,0.01,0.95,10.0,39600.0,0.938,0.139
6939,1 - 1 - 2022,19800.0,2.6888659319497505,2.3713730200033902,3.1622776601683795,0.0082,0.00630957,0.01,0.743,0.7,0.8,0.852,0.8,0.9,3550.0,46.9,273.0,1.0,True,0.01,0.95,10.0,39600.0,0.938,0.139
6940,1 - 1 - 2022,19800.0,2.72213151776324,2.3713730200033902,3.1622776601683795,0.00808,0.00630957,0.01,0.752,0.7,0.8,0.941,0.9,1.0,2190.0,36.8,137.0,1.0,True,0.01,0.95,10.0,39600.0,0.938,0.139
6941,1 - 1 - 2022,19800.0,2.745906043549196,2.3713730200033902,3.1622776601683795,0.008,0.00630957,0.01,0.734,0.7,0.8,1.13,1.0,1.5,711.0,9.38,109.0,1.0,True,0.01,0.95,10.0,39600.0,0.938,0.139
6942,1 - 1 - 2022,19800.0,2.7730849247724096,2.3713730200033902,3.1622776601683795,0.00767,0.00630957,0.01,0.736,0.7,0.8,1.67,1.5,2.0,82.0,3.19,27.3,1.0,True,0.01,0.95,10.0,39600.0,0.938,0.139
6943,1 - 1 - 2022,19800.0,2.6476404589747453,2.3713730200033902,3.1622776601683795,0.00824,0.00630957,0.01,0.752,0.7,0.8,2.81,2.0,4.0,20.5,0.797,0.0,1.0,True,0.01,0.95,10.0,39600.0,0.938,0.139
6944,1 - 1 - 2022,19800.0,2.7586228448267445,2.3713730200033902,3.1622776601683795,0.00712,0.00630957,0.01,0.833,0.8,0.9,0.0207,0.0,0.05,820.0,31.9,0.0,1.0,True,0.01,0.95,10.0,39600.0,0.938,0.139
6945,1 - 1 - 2022,19800.0,2.640075756488817,2.3713730200033902,3.1622776601683795,0.00816,0.00630957,0.01,0.858,0.8,0.9,0.0687,0.05,0.1,1640.0,45.1,0.0,1.0,True,0.01,0.95,10.0,39600.0,0.938,0.139
6946,1 - 1 - 2022,19800.0,2.7440845468024486,2.3713730200033902,3.1622776601683795,0.00827,0.00630957,0.01,0.845,0.8,0.9,0.164,0.1,0.2,2320.0,37.9,0.0,1.0,True,0.01,0.95,10.0,39600.0,0.938,0.139
6947,1 - 1 - 2022,19800.0,2.6851443164195103,2.3713730200033902,3.1622776601683795,0.0081,0.00630957,0.01,0.843,0.8,0.9,0.26,0.2,0.3,3960.0,49.5,0.0,1.0,True,0.01,0.95,10.0,39600.0,0.938,0.139
6948,1 - 1 - 2022,19800.0,2.7622454633866265,2.3713730200033902,3.1622776601683795,0.0081,0.00630957,0.01,0.844,0.8,0.9,0.358,0.3,0.4,4100.0,50.4,0.0,1.0,True,0.01,0.95,10.0,39600.0,0.938,0.139
6949,1 - 1 - 2022,19800.0,2.7073972741361767,2.3713730200033902,3.1622776601683795,0.00796,0.00630957,0.01,0.835,0.8,0.9,0.45,0.4,0.5,4370.0,52.0,0.0,1.0,True,0.01,0.95,10.0,39600.0,0.938,0.139
6950,1 - 1 - 2022,19800.0,2.7367864366808017,2.3713730200033902,3.1622776601683795,0.00789,0.00630957,0.01,0.839,0.8,0.9,0.564,0.5,0.6,2870.0,42.2,0.0,1.0,True,0.01,0.95,10.0,39600.0,0.938,0.139
6951,1 - 1 - 2022,19800.0,2.745906043549196,2.3713730200033902,3.1622776601683795,0.00825,0.00630957,0.01,0.851,0.8,0.9,0.649,0.6,0.7,3010.0,43.1,410.0,1.0,True,0.01,0.95,10.0,39600.0,0.938,0.139
6952,1 - 1 - 2022,19800.0,2.711088342345192,2.3713730200033902,3.1622776601683795,0.00838,0.00630957,0.01,0.849,0.8,0.9,0.753,0.7,0.8,3280.0,45.1,273.0,1.0,True,0.01,0.95,10.0,39600.0,0.938,0.139
6953,1 - 1 - 2022,19800.0,2.7640549922170505,2.3713730200033902,3.1622776601683795,0.00769,0.00630957,0.01,0.852,0.8,0.9,0.847,0.8,0.9,1500.0,30.5,273.0,1.0,True,0.01,0.95,10.0,39600.0,0.938,0.139
6954,1 - 1 - 2022,19800.0,2.6814175355583845,2.3713730200033902,3.1622776601683795,0.00794,0.00630957,0.01,0.841,0.8,0.9,0.954,0.9,1.0,2050.0,35.6,410.0,1.0,True,0.01,0.95,10.0,39600.0,0.938,0.139
6955,1 - 1 - 2022,19800.0,2.6888659319497505,2.3713730200033902,3.1622776601683795,0.00794,0.00630957,0.01,0.849,0.8,0.9,1.09,1.0,1.5,246.0,5.52,54.7,1.0,True,0.01,0.95,10.0,39600.0,0.938,0.139
6956,1 - 1 - 2022,19800.0,2.5573423705088842,2.3713730200033902,3.1622776601683795,0.00961,0.00630957,0.01,0.862,0.8,0.9,1.63,1.5,2.0,27.3,1.84,0.0,1.0,True,0.01,0.95,10.0,39600.0,0.938,0.139
6957,1 - 1 - 2022,19800.0,2.5592967784139455,2.3713730200033902,3.1622776601683795,0.00694,0.00630957,0.01,0.917,0.9,1.0,0.0758,0.05,0.1,547.0,26.0,0.0,1.0,True,0.01,0.95,10.0,39600.0,0.938,0.139
6958,1 - 1 - 2022,19800.0,3.034798181098704,2.3713730200033902,3.1622776601683795,0.00812,0.00630957,0.01,0.927,0.9,1.0,0.184,0.1,0.2,137.0,9.2,0.0,1.0,True,0.01,0.95,10.0,39600.0,0.938,0.139
6959,1 - 1 - 2022,19800.0,2.6888659319497505,2.3713730200033902,3.1622776601683795,0.00751,0.00630957,0.01,0.933,0.9,1.0,0.251,0.2,0.3,1500.0,30.5,0.0,1.0,True,0.01,0.95,10.0,39600.0,0.938,0.139
6960,1 - 1 - 2022,19800.0,2.7910571473905725,2.3713730200033902,3.1622776601683795,0.00827,0.00630957,0.01,0.917,0.9,1.0,0.353,0.3,0.4,820.0,22.5,0.0,1.0,True,0.01,0.95,10.0,39600.0,0.938,0.139
6961,1 - 1 - 2022,19800.0,2.716615541441225,2.3713730200033902,3.1622776601683795,0.00774,0.00630957,0.01,0.932,0.9,1.0,0.442,0.4,0.5,1230.0,27.6,0.0,1.0,True,0.01,0.95,10.0,39600.0,0.938,0.139
6962,1 - 1 - 2022,19800.0,2.6870057685088806,2.3713730200033902,3.1622776601683795,0.00808,0.00630957,0.01,0.941,0.9,1.0,0.544,0.5,0.6,1090.0,26.0,0.0,1.0,True,0.01,0.95,10.0,39600.0,0.938,0.139
6963,1 - 1 - 2022,19800.0,2.7440845468024486,2.3713730200033902,3.1622776601683795,0.00757,0.00630957,0.01,0.92,0.9,1.0,0.646,0.6,0.7,957.0,24.3,0.0,1.0,True,0.01,0.95,10.0,39600.0,0.938,0.139
6964,1 - 1 - 2022,19800.0,2.8583211855912904,2.3713730200033902,3.1622776601683795,0.00814,0.00630957,0.01,0.938,0.9,1.0,0.731,0.7,0.8,820.0,22.5,137.0,1.0,True,0.01,0.95,10.0,39600.0,0.938,0.139
6965,1 - 1 - 2022,19800.0,2.8513154858766505,2.3713730200033902,3.1622776601683795,0.00753,0.00630957,0.01,0.936,0.9,1.0,0.843,0.8,0.9,547.0,18.4,137.0,1.0,True,0.01,0.95,10.0,39600.0,0.938,0.139
6966,1 - 1 - 2022,19800.0,2.5942243542145698,2.3713730200033902,3.1622776601683795,0.00817,0.00630957,0.01,0.933,0.9,1.0,0.958,0.9,1.0,410.0,15.9,273.0,1.0,True,0.01,0.95,10.0,39600.0,0.938,0.139
6967,1 - 1 - 2022,19800.0,2.939387691339814,2.3713730200033902,3.1622776601683795,0.00878,0.00630957,0.01,0.918,0.9,1.0,1.09,1.0,1.5,54.7,2.6,27.3,1.0,True,0.01,0.95,10.0,39600.0,0.938,0.139
6968,1 - 1 - 2022,19800.0,2.812472222085047,2.3713730200033902,3.1622776601683795,0.0123,0.01,0.0158489,0.0437,0.0,0.05,0.0312,0.0,0.05,17900.0,167.0,14500.0,1.0,True,0.01,0.95,10.0,39600.0,0.938,0.139
6969,1 - 1 - 2022,19800.0,2.7982137159266447,2.3713730200033902,3.1622776601683795,0.0124,0.01,0.0158489,0.0407,0.0,0.05,0.0795,0.05,0.1,60000.0,306.0,41400.0,1.0,True,0.01,0.95,10.0,39600.0,0.938,0.139
6970,1 - 1 - 2022,19800.0,2.7892651361962706,2.3713730200033902,3.1622776601683795,0.0123,0.01,0.0158489,0.0366,0.0,0.05,0.159,0.1,0.2,171000.0,365.0,103000.0,1.0,True,0.01,0.95,10.0,39600.0,0.938,0.139
6971,1 - 1 - 2022,19800.0,2.7730849247724096,2.3713730200033902,3.1622776601683795,0.0124,0.01,0.0158489,0.0338,0.0,0.05,0.254,0.2,0.3,341000.0,516.0,189000.0,1.0,True,0.01,0.95,10.0,39600.0,0.938,0.139
6972,1 - 1 - 2022,19800.0,2.753179979587241,2.3713730200033902,3.1622776601683795,0.0125,0.01,0.0158489,0.0321,0.0,0.05,0.35,0.3,0.4,397000.0,557.0,189000.0,1.0,True,0.01,0.95,10.0,39600.0,0.938,0.139
6973,1 - 1 - 2022,19800.0,2.7622454633866265,2.3713730200033902,3.1622776601683795,0.0125,0.01,0.0158489,0.0312,0.0,0.05,0.449,0.4,0.5,347000.0,521.0,151000.0,1.0,True,0.01,0.95,10.0,39600.0,0.938,0.139
6974,1 - 1 - 2022,19800.0,2.756809750418044,2.3713730200033902,3.1622776601683795,0.0125,0.01,0.0158489,0.0313,0.0,0.05,0.547,0.5,0.6,276000.0,465.0,121000.0,1.0,True,0.01,0.95,10.0,39600.0,0.938,0.139
6975,1 - 1 - 2022,19800.0,2.7549954627911823,2.3713730200033902,3.1622776601683795,0.0124,0.01,0.0158489,0.0315,0.0,0.05,0.647,0.6,0.7,195000.0,390.0,85900.0,1.0,True,0.01,0.95,10.0,39600.0,0.938,0.139
6976,1 - 1 - 2022,19800.0,2.7730849247724096,2.3713730200033902,3.1622776601683795,0.0125,0.01,0.0158489,0.0324,0.0,0.05,0.745,0.7,0.8,123000.0,310.0,56700.0,1.0,True,0.01,0.95,10.0,39600.0,0.938,0.139
6977,1 - 1 - 2022,19800.0,2.7838821814150108,2.3713730200033902,3.1622776601683795,0.0123,0.01,0.0158489,0.0327,0.0,0.05,0.848,0.8,0.9,71100.0,236.0,36600.0,1.0,True,0.01,0.95,10.0,39600.0,0.938,0.139
6978,1 - 1 - 2022,19800.0,2.7586228448267445,2.3713730200033902,3.1622776601683795,0.0123,0.01,0.0158489,0.0327,0.0,0.05,0.946,0.9,1.0,41400.0,180.0,24100.0,1.0,True,0.01,0.95,10.0,39600.0,0.938,0.139
6979,1 - 1 - 2022,19800.0,2.7910571473905725,2.3713730200033902,3.1622776601683795,0.0124,0.01,0.0158489,0.0357,0.0,0.05,1.13,1.0,1.5,8490.0,36.4,5040.0,1.0,True,0.01,0.95,10.0,39600.0,0.938,0.139
6980,1 - 1 - 2022,19800.0,2.9223278392404914,2.3713730200033902,3.1622776601683795,0.0113,0.01,0.0158489,0.0418,0.0,0.05,1.61,1.5,2.0,310.0,6.96,138.0,1.0,True,0.01,0.95,10.0,39600.0,0.938,0.139
6981,1 - 1 - 2022,19800.0,2.7313000567495327,2.3713730200033902,3.1622776601683795,0.0125,0.01,0.0158489,0.072,0.05,0.1,0.0345,0.0,0.05,58600.0,303.0,24100.0,1.0,True,0.01,0.95,10.0,39600.0,0.938,0.139
6982,1 - 1 - 2022,19800.0,2.723967694375247,2.3713730200033902,3.1622776601683795,0.0126,0.01,0.0158489,0.0737,0.05,0.1,0.0773,0.05,0.1,162000.0,503.0,71700.0,1.0,True,0.01,0.95,10.0,39600.0,0.938,0.139
6983,1 - 1 - 2022,19800.0,2.734958866235469,2.3713730200033902,3.1622776601683795,0.0127,0.01,0.0158489,0.0743,0.05,0.1,0.155,0.1,0.2,264000.0,454.0,88000.0,1.0,True,0.01,0.95,10.0,39600.0,0.938,0.139
6984,1 - 1 - 2022,19800.0,2.7367864366808017,2.3713730200033902,3.1622776601683795,0.0126,0.01,0.0158489,0.0729,0.05,0.1,0.251,0.2,0.3,374000.0,540.0,82400.0,1.0,True,0.01,0.95,10.0,39600.0,0.938,0.139
6985,1 - 1 - 2022,19800.0,2.7331300737432898,2.3713730200033902,3.1622776601683795,0.0127,0.01,0.0158489,0.0734,0.05,0.1,0.35,0.3,0.4,370000.0,537.0,46000.0,1.0,True,0.01,0.95,10.0,39600.0,0.938,0.139
6986,1 - 1 - 2022,19800.0,2.723967694375247,2.3713730200033902,3.1622776601683795,0.0127,0.01,0.0158489,0.0729,0.05,0.1,0.448,0.4,0.5,305000.0,488.0,16700.0,1.0,True,0.01,0.95,10.0,39600.0,0.938,0.139
6987,1 - 1 - 2022,19800.0,2.7386127875258306,2.3713730200033902,3.1622776601683795,0.0126,0.01,0.0158489,0.0722,0.05,0.1,0.547,0.5,0.6,239000.0,432.0,6210.0,1.0,True,0.01,0.95,10.0,39600.0,0.938,0.139
6988,1 - 1 - 2022,19800.0,2.7184554438136375,2.3713730200033902,3.1622776601683795,0.0126,0.01,0.0158489,0.0738,0.05,0.1,0.647,0.6,0.7,160000.0,353.0,0.149,1.0,True,0.01,0.95,10.0,39600.0,0.938,0.139
6989,1 - 1 - 2022,19800.0,2.7331300737432898,2.3713730200033902,3.1622776601683795,0.0127,0.01,0.0158489,0.0727,0.05,0.1,0.745,0.7,0.8,122000.0,309.0,345.0,1.0,True,0.01,0.95,10.0,39600.0,0.938,0.139
6990,1 - 1 - 2022,19800.0,2.7294688127912363,2.3713730200033902,3.1622776601683795,0.0126,0.01,0.0158489,0.0733,0.05,0.1,0.848,0.8,0.9,72100.0,237.0,0.0,1.0,True,0.01,0.95,10.0,39600.0,0.938,0.139
6991,1 - 1 - 2022,19800.0,2.756809750418044,2.3713730200033902,3.1622776601683795,0.0127,0.01,0.0158489,0.0737,0.05,0.1,0.948,0.9,1.0,49000.0,196.0,0.0,1.0,True,0.01,0.95,10.0,39600.0,0.938,0.139
6992,1 - 1 - 2022,19800.0,2.734958866235469,2.3713730200033902,3.1622776601683795,0.0127,0.01,0.0158489,0.0732,0.05,0.1,1.17,1.0,1.5,15400.0,49.1,345.0,1.0,True,0.01,0.95,10.0,39600.0,0.938,0.139
6993,1 - 1 - 2022,19800.0,2.7766886753829643,2.3713730200033902,3.1622776601683795,0.0126,0.01,0.0158489,0.0768,0.05,0.1,1.72,1.5,2.0,1760.0,16.6,276.0,1.0,True,0.01,0.95,10.0,39600.0,0.938,0.139
6994,1 - 1 - 2022,19800.0,2.7549954627911823,2.3713730200033902,3.1622776601683795,0.0125,0.01,0.0158489,0.0782,0.05,0.1,2.24,2.0,4.0,121.0,2.17,25.9,1.0,True,0.01,0.95,10.0,39600.0,0.938,0.139
6995,1 - 1 - 2022,19800.0,2.7331300737432898,2.3713730200033902,3.1622776601683795,0.0125,0.01,0.0158489,0.123,0.1,0.15,0.0321,0.0,0.05,49700.0,279.0,40700.0,1.0,True,0.01,0.95,10.0,39600.0,0.938,0.139
6996,1 - 1 - 2022,19800.0,2.711088342345192,2.3713730200033902,3.1622776601683795,0.0126,0.01,0.0158489,0.123,0.1,0.15,0.0781,0.05,0.1,101000.0,398.0,74900.0,1.0,True,0.01,0.95,10.0,39600.0,0.938,0.139
6997,1 - 1 - 2022,19800.0,2.7331300737432898,2.3713730200033902,3.1622776601683795,0.0127,0.01,0.0158489,0.124,0.1,0.15,0.155,0.1,0.2,195000.0,390.0,130000.0,1.0,True,0.01,0.95,10.0,39600.0,0.938,0.139
6998,1 - 1 - 2022,19800.0,2.7367864366808017,2.3713730200033902,3.1622776601683795,0.0126,0.01,0.0158489,0.124,0.1,0.15,0.251,0.2,0.3,246000.0,439.0,134000.0,1.0,True,0.01,0.95,10.0,39600.0,0.938,0.139
6999,1 - 1 - 2022,19800.0,2.7422618401604177,2.3713730200033902,3.1622776601683795,0.0127,0.01,0.0158489,0.123,0.1,0.15,0.348,0.3,0.4,234000.0,427.0,94700.0,1.0,True,0.01,0.95,10.0,39600.0,0.938,0.139
7000,1 - 1 - 2022,19800.0,2.7294688127912363,2.3713730200033902,3.1622776601683795,0.0126,0.01,0.0158489,0.124,0.1,0.15,0.448,0.4,0.5,202000.0,398.0,65000.0,1.0,True,0.01,0.95,10.0,39600.0,0.938,0.139
7001,1 - 1 - 2022,19800.0,2.7294688127912363,2.3713730200033902,3.1622776601683795,0.0127,0.01,0.0158489,0.124,0.1,0.15,0.549,0.5,0.6,166000.0,360.0,39000.0,1.0,True,0.01,0.95,10.0,39600.0,0.938,0.139
7002,1 - 1 - 2022,19800.0,2.7331300737432898,2.3713730200033902,3.1622776601683795,0.0126,0.01,0.0158489,0.125,0.1,0.15,0.646,0.6,0.7,111000.0,294.0,18500.0,1.0,True,0.01,0.95,10.0,39600.0,0.938,0.139
7003,1 - 1 - 2022,19800.0,2.723967694375247,2.3713730200033902,3.1622776601683795,0.0126,0.01,0.0158489,0.125,0.1,0.15,0.747,0.7,0.8,78500.0,248.0,8280.0,1.0,True,0.01,0.95,10.0,39600.0,0.938,0.139
7004,1 - 1 - 2022,19800.0,2.7331300737432898,2.3713730200033902,3.1622776601683795,0.0127,0.01,0.0158489,0.124,0.1,0.15,0.845,0.8,0.9,57100.0,211.0,1380.0,1.0,True,0.01,0.95,10.0,39600.0,0.938,0.139
7005,1 - 1 - 2022,19800.0,2.7422618401604177,2.3713730200033902,3.1622776601683795,0.0127,0.01,0.0158489,0.124,0.1,0.15,0.948,0.9,1.0,34000.0,163.0,690.0,1.0,True,0.01,0.95,10.0,39600.0,0.938,0.139
7006,1 - 1 - 2022,19800.0,2.734958866235469,2.3713730200033902,3.1622776601683795,0.0127,0.01,0.0158489,0.125,0.1,0.15,1.17,1.0,1.5,12500.0,44.1,34.5,1.0,True,0.01,0.95,10.0,39600.0,0.938,0.139
7007,1 - 1 - 2022,19800.0,2.8106938645110393,2.3713730200033902,3.1622776601683795,0.0132,0.01,0.0158489,0.124,0.1,0.15,1.72,1.5,2.0,1760.0,16.6,0.0,1.0,True,0.01,0.95,10.0,39600.0,0.938,0.139
7008,1 - 1 - 2022,19800.0,2.6851443164195103,2.3713730200033902,3.1622776601683795,0.0118,0.01,0.0158489,0.126,0.1,0.15,2.43,2.0,4.0,129.0,2.25,0.0,1.0,True,0.01,0.95,10.0,39600.0,0.938,0.139
7009,1 - 1 - 2022,19800.0,2.7313000567495327,2.3713730200033902,3.1622776601683795,0.0129,0.01,0.0158489,0.169,0.15,0.2,0.0356,0.0,0.05,22800.0,189.0,21400.0,1.0,True,0.01,0.95,10.0,39600.0,0.938,0.139
7010,1 - 1 - 2022,19800.0,2.7037011669191546,2.3713730200033902,3.1622776601683795,0.0128,0.01,0.0158489,0.175,0.15,0.2,0.0771,0.05,0.1,72800.0,337.0,61700.0,1.0,True,0.01,0.95,10.0,39600.0,0.938,0.139
7011,1 - 1 - 2022,19800.0,2.725802634087802,2.3713730200033902,3.1622776601683795,0.0127,0.01,0.0158489,0.174,0.15,0.2,0.154,0.1,0.2,127000.0,316.0,95400.0,1.0,True,0.01,0.95,10.0,39600.0,0.938,0.139
7012,1 - 1 - 2022,19800.0,2.7294688127912363,2.3713730200033902,3.1622776601683795,0.0127,0.01,0.0158489,0.174,0.15,0.2,0.251,0.2,0.3,168000.0,362.0,105000.0,1.0,True,0.01,0.95,10.0,39600.0,0.938,0.139
7013,1 - 1 - 2022,19800.0,2.723967694375247,2.3713730200033902,3.1622776601683795,0.0127,0.01,0.0158489,0.173,0.15,0.2,0.349,0.3,0.4,163000.0,356.0,83500.0,1.0,True,0.01,0.95,10.0,39600.0,0.938,0.139
7014,1 - 1 - 2022,19800.0,2.7331300737432898,2.3713730200033902,3.1622776601683795,0.0126,0.01,0.0158489,0.174,0.15,0.2,0.449,0.4,0.5,141000.0,332.0,66400.0,1.0,True,0.01,0.95,10.0,39600.0,0.938,0.139
7015,1 - 1 - 2022,19800.0,2.723967694375247,2.3713730200033902,3.1622776601683795,0.0126,0.01,0.0158489,0.173,0.15,0.2,0.546,0.5,0.6,122000.0,308.0,49800.0,1.0,True,0.01,0.95,10.0,39600.0,0.938,0.139
7016,1 - 1 - 2022,19800.0,2.7549954627911823,2.3713730200033902,3.1622776601683795,0.0127,0.01,0.0158489,0.174,0.15,0.2,0.647,0.6,0.7,88600.0,263.0,29500.0,1.0,True,0.01,0.95,10.0,39600.0,0.938,0.139
7017,1 - 1 - 2022,19800.0,2.7386127875258306,2.3713730200033902,3.1622776601683795,0.0126,0.01,0.0158489,0.175,0.15,0.2,0.747,0.7,0.8,63800.0,223.0,18600.0,1.0,True,0.01,0.95,10.0,39600.0,0.938,0.139
7018,1 - 1 - 2022,19800.0,2.7184554438136375,2.3713730200033902,3.1622776601683795,0.0126,0.01,0.0158489,0.172,0.15,0.2,0.848,0.8,0.9,42900.0,183.0,9830.0,1.0,True,0.01,0.95,10.0,39600.0,0.938,0.139
7019,1 - 1 - 2022,19800.0,2.7184554438136375,2.3713730200033902,3.1622776601683795,0.0125,0.01,0.0158489,0.174,0.15,0.2,0.943,0.9,1.0,25200.0,140.0,4310.0,1.0,True,0.01,0.95,10.0,39600.0,0.938,0.139
7020,1 - 1 - 2022,19800.0,2.7386127875258306,2.3713730200033902,3.1622776601683795,0.0126,0.01,0.0158489,0.173,0.15,0.2,1.16,1.0,1.5,8210.0,35.8,483.0,1.0,True,0.01,0.95,10.0,39600.0,0.938,0.139
7021,1 - 1 - 2022,19800.0,2.7477263328068173,2.3713730200033902,3.1622776601683795,0.0125,0.01,0.0158489,0.171,0.15,0.2,1.7,1.5,2.0,1590.0,15.7,0.0,1.0,True,0.01,0.95,10.0,39600.0,0.938,0.139
7022,1 - 1 - 2022,19800.0,2.8337254630609507,2.3713730200033902,3.1622776601683795,0.0122,0.01,0.0158489,0.177,0.15,0.2,2.41,2.0,4.0,147.0,2.39,0.0,1.0,True,0.01,0.95,10.0,39600.0,0.938,0.139
7023,1 - 1 - 2022,19800.0,2.701851217221259,2.3713730200033902,3.1622776601683795,0.0132,0.01,0.0158489,0.221,0.2,0.25,0.0346,0.0,0.05,14100.0,149.0,12400.0,1.0,True,0.01,0.95,10.0,39600.0,0.938,0.139
7024,1 - 1 - 2022,19800.0,2.7422618401604177,2.3713730200033902,3.1622776601683795,0.0126,0.01,0.0158489,0.223,0.2,0.25,0.0769,0.05,0.1,44500.0,264.0,34100.0,1.0,True,0.01,0.95,10.0,39600.0,0.938,0.139
7025,1 - 1 - 2022,19800.0,2.7147743920996454,2.3713730200033902,3.1622776601683795,0.0128,0.01,0.0158489,0.224,0.2,0.25,0.153,0.1,0.2,79300.0,249.0,55200.0,1.0,True,0.01,0.95,10.0,39600.0,0.938,0.139
7026,1 - 1 - 2022,19800.0,2.7331300737432898,2.3713730200033902,3.1622776601683795,0.0126,0.01,0.0158489,0.223,0.2,0.25,0.251,0.2,0.3,114000.0,299.0,65900.0,1.0,True,0.01,0.95,10.0,39600.0,0.938,0.139
7027,1 - 1 - 2022,19800.0,2.7331300737432898,2.3713730200033902,3.1622776601683795,0.0127,0.01,0.0158489,0.224,0.2,0.25,0.347,0.3,0.4,116000.0,301.0,52300.0,1.0,True,0.01,0.95,10.0,39600.0,0.938,0.139
7028,1 - 1 - 2022,19800.0,2.727636339397171,2.3713730200033902,3.1622776601683795,0.0127,0.01,0.0158489,0.224,0.2,0.25,0.45,0.4,0.5,99200.0,278.0,38600.0,1.0,True,0.01,0.95,10.0,39600.0,0.938,0.139
7029,1 - 1 - 2022,19800.0,2.723967694375247,2.3713730200033902,3.1622776601683795,0.0126,0.01,0.0158489,0.225,0.2,0.25,0.546,0.5,0.6,89000.0,264.0,34500.0,1.0,True,0.01,0.95,10.0,39600.0,0.938,0.139
7030,1 - 1 - 2022,19800.0,2.723967694375247,2.3713730200033902,3.1622776601683795,0.0128,0.01,0.0158489,0.223,0.2,0.25,0.646,0.6,0.7,72600.0,238.0,25500.0,1.0,True,0.01,0.95,10.0,39600.0,0.938,0.139
7031,1 - 1 - 2022,19800.0,2.7147743920996454,2.3713730200033902,3.1622776601683795,0.0127,0.01,0.0158489,0.223,0.2,0.25,0.749,0.7,0.8,47600.0,193.0,18300.0,1.0,True,0.01,0.95,10.0,39600.0,0.938,0.139
7032,1 - 1 - 2022,19800.0,2.72213151776324,2.3713730200033902,3.1622776601683795,0.0124,0.01,0.0158489,0.224,0.2,0.25,0.847,0.8,0.9,32900.0,160.0,9490.0,1.0,True,0.01,0.95,10.0,39600.0,0.938,0.139
7033,1 - 1 - 2022,19800.0,2.7184554438136375,2.3713730200033902,3.1622776601683795,0.0125,0.01,0.0158489,0.223,0.2,0.25,0.949,0.9,1.0,22600.0,133.0,5170.0,1.0,True,0.01,0.95,10.0,39600.0,0.938,0.139
7034,1 - 1 - 2022,19800.0,2.7202941017470885,2.3713730200033902,3.1622776601683795,0.0126,0.01,0.0158489,0.223,0.2,0.25,1.16,1.0,1.5,7350.0,33.9,1030.0,1.0,True,0.01,0.95,10.0,39600.0,0.938,0.139
7035,1 - 1 - 2022,19800.0,2.734958866235469,2.3713730200033902,3.1622776601683795,0.0125,0.01,0.0158489,0.219,0.2,0.25,1.7,1.5,2.0,1450.0,15.0,0.0,1.0,True,0.01,0.95,10.0,39600.0,0.938,0.139
7036,1 - 1 - 2022,19800.0,2.7147743920996454,2.3713730200033902,3.1622776601683795,0.0123,0.01,0.0158489,0.224,0.2,0.25,2.46,2.0,4.0,121.0,2.17,0.0,1.0,True,0.01,0.95,10.0,39600.0,0.938,0.139
7037,1 - 1 - 2022,19800.0,2.701851217221259,2.3713730200033902,3.1622776601683795,0.0129,0.01,0.0158489,0.27,0.25,0.3,0.0287,0.0,0.05,8280.0,114.0,6900.0,1.0,True,0.01,0.95,10.0,39600.0,0.938,0.139
7038,1 - 1 - 2022,19800.0,2.751363298439521,2.3713730200033902,3.1622776601683795,0.0123,0.01,0.0158489,0.275,0.25,0.3,0.0789,0.05,0.1,25200.0,198.0,19000.0,1.0,True,0.01,0.95,10.0,39600.0,0.938,0.139
7039,1 - 1 - 2022,19800.0,2.725802634087802,2.3713730200033902,3.1622776601683795,0.0126,0.01,0.0158489,0.273,0.25,0.3,0.154,0.1,0.2,52600.0,203.0,28800.0,1.0,True,0.01,0.95,10.0,39600.0,0.938,0.139
7040,1 - 1 - 2022,19800.0,2.7367864366808017,2.3713730200033902,3.1622776601683795,0.0127,0.01,0.0158489,0.273,0.25,0.3,0.25,0.2,0.3,66700.0,228.0,29300.0,1.0,True,0.01,0.95,10.0,39600.0,0.938,0.139
7041,1 - 1 - 2022,19800.0,2.725802634087802,2.3713730200033902,3.1622776601683795,0.0126,0.01,0.0158489,0.273,0.25,0.3,0.352,0.3,0.4,78500.0,248.0,31000.0,1.0,True,0.01,0.95,10.0,39600.0,0.938,0.139
7042,1 - 1 - 2022,19800.0,2.72213151776324,2.3713730200033902,3.1622776601683795,0.0127,0.01,0.0158489,0.273,0.25,0.3,0.447,0.4,0.5,68300.0,231.0,25000.0,1.0,True,0.01,0.95,10.0,39600.0,0.938,0.139
7043,1 - 1 - 2022,19800.0,2.72213151776324,2.3713730200033902,3.1622776601683795,0.0124,0.01,0.0158489,0.274,0.25,0.3,0.547,0.5,0.6,59200.0,215.0,20500.0,1.0,True,0.01,0.95,10.0,39600.0,0.938,0.139
7044,1 - 1 - 2022,19800.0,2.7422618401604177,2.3713730200033902,3.1622776601683795,0.0125,0.01,0.0158489,0.275,0.25,0.3,0.647,0.6,0.7,49700.0,197.0,14300.0,1.0,True,0.01,0.95,10.0,39600.0,0.938,0.139
7045,1 - 1 - 2022,19800.0,2.734958866235469,2.3713730200033902,3.1622776601683795,0.0128,0.01,0.0158489,0.273,0.25,0.3,0.748,0.7,0.8,39300.0,175.0,11000.0,1.0,True,0.01,0.95,10.0,39600.0,0.938,0.139
7046,1 - 1 - 2022,19800.0,2.7331300737432898,2.3713730200033902,3.1622776601683795,0.0126,0.01,0.0158489,0.275,0.25,0.3,0.845,0.8,0.9,25400.0,141.0,6550.0,1.0,True,0.01,0.95,10.0,39600.0,0.938,0.139
7047,1 - 1 - 2022,19800.0,2.745906043549196,2.3713730200033902,3.1622776601683795,0.0127,0.01,0.0158489,0.273,0.25,0.3,0.951,0.9,1.0,17600.0,117.0,3970.0,1.0,True,0.01,0.95,10.0,39600.0,0.938,0.139
7048,1 - 1 - 2022,19800.0,2.7477263328068173,2.3713730200033902,3.1622776601683795,0.0126,0.01,0.0158489,0.274,0.25,0.3,1.17,1.0,1.5,6350.0,31.5,1140.0,1.0,True,0.01,0.95,10.0,39600.0,0.938,0.139
7049,1 - 1 - 2022,19800.0,2.7092434368288134,2.3713730200033902,3.1622776601683795,0.0128,0.01,0.0158489,0.277,0.25,0.3,1.66,1.5,2.0,1240.0,13.9,0.0,1.0,True,0.01,0.95,10.0,39600.0,0.938,0.139
7050,1 - 1 - 2022,19800.0,2.6438608132804573,2.3713730200033902,3.1622776601683795,0.0128,0.01,0.0158489,0.268,0.25,0.3,2.48,2.0,4.0,121.0,2.17,0.0,1.0,True,0.01,0.95,10.0,39600.0,0.938,0.139
7051,1 - 1 - 2022,19800.0,2.7202941017470885,2.3713730200033902,3.1622776601683795,0.0131,0.01,0.0158489,0.338,0.3,0.4,0.0305,0.0,0.05,6550.0,71.6,2070.0,1.0,True,0.01,0.95,10.0,39600.0,0.938,0.139
7052,1 - 1 - 2022,19800.0,2.7202941017470885,2.3713730200033902,3.1622776601683795,0.0128,0.01,0.0158489,0.344,0.3,0.4,0.0793,0.05,0.1,14800.0,108.0,5000.0,1.0,True,0.01,0.95,10.0,39600.0,0.938,0.139
7053,1 - 1 - 2022,19800.0,2.7147743920996454,2.3713730200033902,3.1622776601683795,0.0126,0.01,0.0158489,0.348,0.3,0.4,0.154,0.1,0.2,32300.0,112.0,9310.0,1.0,True,0.01,0.95,10.0,39600.0,0.938,0.139
7054,1 - 1 - 2022,19800.0,2.7422618401604177,2.3713730200033902,3.1622776601683795,0.0127,0.01,0.0158489,0.344,0.3,0.4,0.25,0.2,0.3,42100.0,128.0,10600.0,1.0,True,0.01,0.95,10.0,39600.0,0.938,0.139
7055,1 - 1 - 2022,19800.0,2.716615541441225,2.3713730200033902,3.1622776601683795,0.0127,0.01,0.0158489,0.347,0.3,0.4,0.349,0.3,0.4,51200.0,141.0,12500.0,1.0,True,0.01,0.95,10.0,39600.0,0.938,0.139
7056,1 - 1 - 2022,19800.0,2.7129319932501073,2.3713730200033902,3.1622776601683795,0.0128,0.01,0.0158489,0.344,0.3,0.4,0.45,0.4,0.5,48900.0,138.0,10100.0,1.0,True,0.01,0.95,10.0,39600.0,0.938,0.139
7057,1 - 1 - 2022,19800.0,2.7404379212089442,2.3713730200033902,3.1622776601683795,0.0127,0.01,0.0158489,0.343,0.3,0.4,0.55,0.5,0.6,37800.0,121.0,7930.0,1.0,True,0.01,0.95,10.0,39600.0,0.938,0.139
7058,1 - 1 - 2022,19800.0,2.7184554438136375,2.3713730200033902,3.1622776601683795,0.0126,0.01,0.0158489,0.345,0.3,0.4,0.647,0.6,0.7,32400.0,113.0,7330.0,1.0,True,0.01,0.95,10.0,39600.0,0.938,0.139
7059,1 - 1 - 2022,19800.0,2.7184554438136375,2.3713730200033902,3.1622776601683795,0.0125,0.01,0.0158489,0.344,0.3,0.4,0.75,0.7,0.8,26100.0,101.0,7070.0,1.0,True,0.01,0.95,10.0,39600.0,0.938,0.139
7060,1 - 1 - 2022,19800.0,2.723967694375247,2.3713730200033902,3.1622776601683795,0.0127,0.01,0.0158489,0.344,0.3,0.4,0.85,0.8,0.9,19900.0,88.2,4050.0,1.0,True,0.01,0.95,10.0,39600.0,0.938,0.139
7061,1 - 1 - 2022,19800.0,2.7586228448267445,2.3713730200033902,3.1622776601683795,0.0126,0.01,0.0158489,0.344,0.3,0.4,0.947,0.9,1.0,13500.0,72.7,2410.0,1.0,True,0.01,0.95,10.0,39600.0,0.938,0.139
7062,1 - 1 - 2022,19800.0,2.7404379212089442,2.3713730200033902,3.1622776601683795,0.0126,0.01,0.0158489,0.348,0.3,0.4,1.17,1.0,1.5,3880.0,17.4,759.0,1.0,True,0.01,0.95,10.0,39600.0,0.938,0.139
7063,1 - 1 - 2022,19800.0,2.7202941017470885,2.3713730200033902,3.1622776601683795,0.0121,0.01,0.0158489,0.338,0.3,0.4,1.71,1.5,2.0,655.0,7.16,17.2,1.0,True,0.01,0.95,10.0,39600.0,0.938,0.139
7064,1 - 1 - 2022,19800.0,2.787471972953271,2.3713730200033902,3.1622776601683795,0.0122,0.01,0.0158489,0.346,0.3,0.4,2.56,2.0,4.0,99.2,1.39,0.0,1.0,True,0.01,0.95,10.0,39600.0,0.938,0.139
7065,1 - 1 - 2022,19800.0,2.7838821814150108,2.3713730200033902,3.1622776601683795,0.0129,0.01,0.0158489,0.44,0.4,0.5,0.036,0.0,0.05,2240.0,41.9,0.0,1.0,True,0.01,0.95,10.0,39600.0,0.938,0.139
7066,1 - 1 - 2022,19800.0,2.725802634087802,2.3713730200033902,3.1622776601683795,0.0123,0.01,0.0158489,0.45,0.4,0.5,0.0759,0.05,0.1,11200.0,93.6,173.0,1.0,True,0.01,0.95,10.0,39600.0,0.938,0.139
7067,1 - 1 - 2022,19800.0,2.7147743920996454,2.3713730200033902,3.1622776601683795,0.0127,0.01,0.0158489,0.444,0.4,0.5,0.151,0.1,0.2,19400.0,87.1,345.0,1.0,True,0.01,0.95,10.0,39600.0,0.938,0.139
7068,1 - 1 - 2022,19800.0,2.734958866235469,2.3713730200033902,3.1622776601683795,0.0127,0.01,0.0158489,0.446,0.4,0.5,0.252,0.2,0.3,23500.0,95.9,1550.0,1.0,True,0.01,0.95,10.0,39600.0,0.938,0.139
7069,1 - 1 - 2022,19800.0,2.727636339397171,2.3713730200033902,3.1622776601683795,0.0127,0.01,0.0158489,0.444,0.4,0.5,0.348,0.3,0.4,28100.0,105.0,1720.0,1.0,True,0.01,0.95,10.0,39600.0,0.938,0.139
7070,1 - 1 - 2022,19800.0,2.711088342345192,2.3713730200033902,3.1622776601683795,0.0126,0.01,0.0158489,0.444,0.4,0.5,0.45,0.4,0.5,24700.0,98.3,1210.0,1.0,True,0.01,0.95,10.0,39600.0,0.938,0.139
7071,1 - 1 - 2022,19800.0,2.734958866235469,2.3713730200033902,3.1622776601683795,0.0126,0.01,0.0158489,0.445,0.4,0.5,0.551,0.5,0.6,21400.0,91.4,2590.0,1.0,True,0.01,0.95,10.0,39600.0,0.938,0.139
7072,1 - 1 - 2022,19800.0,2.6888659319497505,2.3713730200033902,3.1622776601683795,0.0128,0.01,0.0158489,0.447,0.4,0.5,0.646,0.6,0.7,17500.0,82.7,1640.0,1.0,True,0.01,0.95,10.0,39600.0,0.938,0.139
7073,1 - 1 - 2022,19800.0,2.7640549922170505,2.3713730200033902,3.1622776601683795,0.0126,0.01,0.0158489,0.444,0.4,0.5,0.744,0.7,0.8,13000.0,71.3,1290.0,1.0,True,0.01,0.95,10.0,39600.0,0.938,0.139
7074,1 - 1 - 2022,19800.0,2.7586228448267445,2.3713730200033902,3.1622776601683795,0.0124,0.01,0.0158489,0.445,0.4,0.5,0.847,0.8,0.9,9140.0,59.8,1210.0,1.0,True,0.01,0.95,10.0,39600.0,0.938,0.139
7075,1 - 1 - 2022,19800.0,2.7676705006196096,2.3713730200033902,3.1622776601683795,0.0128,0.01,0.0158489,0.447,0.4,0.5,0.944,0.9,1.0,8450.0,57.5,1030.0,1.0,True,0.01,0.95,10.0,39600.0,0.938,0.139
7076,1 - 1 - 2022,19800.0,2.7367864366808017,2.3713730200033902,3.1622776601683795,0.0127,0.01,0.0158489,0.448,0.4,0.5,1.18,1.0,1.5,2380.0,13.6,466.0,1.0,True,0.01,0.95,10.0,39600.0,0.938,0.139
7077,1 - 1 - 2022,19800.0,2.727636339397171,2.3713730200033902,3.1622776601683795,0.0127,0.01,0.0158489,0.444,0.4,0.5,1.67,1.5,2.0,397.0,5.57,17.2,1.0,True,0.01,0.95,10.0,39600.0,0.938,0.139
7078,1 - 1 - 2022,19800.0,2.756809750418044,2.3713730200033902,3.1622776601683795,0.0126,0.01,0.0158489,0.446,0.4,0.5,2.34,2.0,4.0,112.0,1.48,0.0,1.0,True,0.01,0.95,10.0,39600.0,0.938,0.139
7079,1 - 1 - 2022,19800.0,2.7147743920996454,2.3713730200033902,3.1622776601683795,0.0129,0.01,0.0158489,0.561,0.5,0.6,0.0302,0.0,0.05,2070.0,40.2,0.0,1.0,True,0.01,0.95,10.0,39600.0,0.938,0.139
7080,1 - 1 - 2022,19800.0,2.72213151776324,2.3713730200033902,3.1622776601683795,0.0124,0.01,0.0158489,0.539,0.5,0.6,0.0787,0.05,0.1,5350.0,64.6,0.0,1.0,True,0.01,0.95,10.0,39600.0,0.938,0.139
7081,1 - 1 - 2022,19800.0,2.725802634087802,2.3713730200033902,3.1622776601683795,0.0127,0.01,0.0158489,0.546,0.5,0.6,0.157,0.1,0.2,11700.0,67.7,0.0,1.0,True,0.01,0.95,10.0,39600.0,0.938,0.139
7082,1 - 1 - 2022,19800.0,2.72213151776324,2.3713730200033902,3.1622776601683795,0.0126,0.01,0.0158489,0.548,0.5,0.6,0.252,0.2,0.3,16300.0,79.8,345.0,1.0,True,0.01,0.95,10.0,39600.0,0.938,0.139
7083,1 - 1 - 2022,19800.0,2.725802634087802,2.3713730200033902,3.1622776601683795,0.0127,0.01,0.0158489,0.548,0.5,0.6,0.351,0.3,0.4,15000.0,76.6,86.2,1.0,True,0.01,0.95,10.0,39600.0,0.938,0.139
7084,1 - 1 - 2022,19800.0,2.6870057685088806,2.3713730200033902,3.1622776601683795,0.0126,0.01,0.0158489,0.545,0.5,0.6,0.447,0.4,0.5,15300.0,77.4,172.0,1.0,True,0.01,0.95,10.0,39600.0,0.938,0.139
7085,1 - 1 - 2022,19800.0,2.716615541441225,2.3713730200033902,3.1622776601683795,0.0128,0.01,0.0158489,0.542,0.5,0.6,0.548,0.5,0.6,13200.0,71.8,345.0,1.0,True,0.01,0.95,10.0,39600.0,0.938,0.139
7086,1 - 1 - 2022,19800.0,2.7331300737432898,2.3713730200033902,3.1622776601683795,0.0126,0.01,0.0158489,0.551,0.5,0.6,0.657,0.6,0.7,8110.0,56.3,172.0,1.0,True,0.01,0.95,10.0,39600.0,0.938,0.139
7087,1 - 1 - 2022,19800.0,2.734958866235469,2.3713730200033902,3.1622776601683795,0.0124,0.01,0.0158489,0.549,0.5,0.6,0.748,0.7,0.8,8360.0,57.2,345.0,1.0,True,0.01,0.95,10.0,39600.0,0.938,0.139
7088,1 - 1 - 2022,19800.0,2.7184554438136375,2.3713730200033902,3.1622776601683795,0.0126,0.01,0.0158489,0.55,0.5,0.6,0.84,0.8,0.9,5610.0,46.8,259.0,1.0,True,0.01,0.95,10.0,39600.0,0.938,0.139
7089,1 - 1 - 2022,19800.0,2.725802634087802,2.3713730200033902,3.1622776601683795,0.0127,0.01,0.0158489,0.551,0.5,0.6,0.947,0.9,1.0,4740.0,43.0,259.0,1.0,True,0.01,0.95,10.0,39600.0,0.938,0.139
7090,1 - 1 - 2022,19800.0,2.7586228448267445,2.3713730200033902,3.1622776601683795,0.0124,0.01,0.0158489,0.548,0.5,0.6,1.18,1.0,1.5,1190.0,9.64,51.7,1.0,True,0.01,0.95,10.0,39600.0,0.938,0.139
7091,1 - 1 - 2022,19800.0,2.7676705006196096,2.3713730200033902,3.1622776601683795,0.0122,0.01,0.0158489,0.561,0.5,0.6,1.64,1.5,2.0,276.0,4.64,0.0,1.0,True,0.01,0.95,10.0,39600.0,0.938,0.139
7092,1 - 1 - 2022,19800.0,2.7748873851023217,2.3713730200033902,3.1622776601683795,0.0133,0.01,0.0158489,0.546,0.5,0.6,2.43,2.0,4.0,51.7,1.01,4.31,1.0,True,0.01,0.95,10.0,39600.0,0.938,0.139
7093,1 - 1 - 2022,19800.0,2.5806975801127883,2.3713730200033902,3.1622776601683795,0.0126,0.01,0.0158489,0.645,0.6,0.7,0.0365,0.0,0.05,862.0,26.0,0.0,1.0,True,0.01,0.95,10.0,39600.0,0.938,0.139
7094,1 - 1 - 2022,19800.0,2.7092434368288134,2.3713730200033902,3.1622776601683795,0.0131,0.01,0.0158489,0.64,0.6,0.7,0.077,0.05,0.1,4140.0,56.9,0.0,1.0,True,0.01,0.95,10.0,39600.0,0.938,0.139
7095,1 - 1 - 2022,19800.0,2.6981475126464085,2.3713730200033902,3.1622776601683795,0.0128,0.01,0.0158489,0.646,0.6,0.7,0.156,0.1,0.2,6120.0,48.9,0.0,1.0,True,0.01,0.95,10.0,39600.0,0.938,0.139
7096,1 - 1 - 2022,19800.0,2.6888659319497505,2.3713730200033902,3.1622776601683795,0.0126,0.01,0.0158489,0.638,0.6,0.7,0.249,0.2,0.3,6640.0,50.9,0.0,1.0,True,0.01,0.95,10.0,39600.0,0.938,0.139
7097,1 - 1 - 2022,19800.0,2.692582403567252,2.3713730200033902,3.1622776601683795,0.0125,0.01,0.0158489,0.644,0.6,0.7,0.348,0.3,0.4,9140.0,59.8,0.0,1.0,True,0.01,0.95,10.0,39600.0,0.938,0.139
7098,1 - 1 - 2022,19800.0,2.694438717061496,2.3713730200033902,3.1622776601683795,0.0126,0.01,0.0158489,0.648,0.6,0.7,0.45,0.4,0.5,8280.0,56.9,0.0,1.0,True,0.01,0.95,10.0,39600.0,0.938,0.139
7099,1 - 1 - 2022,19800.0,2.7367864366808017,2.3713730200033902,3.1622776601683795,0.0127,0.01,0.0158489,0.639,0.6,0.7,0.548,0.5,0.6,7160.0,52.9,0.0,1.0,True,0.01,0.95,10.0,39600.0,0.938,0.139
7100,1 - 1 - 2022,19800.0,2.694438717061496,2.3713730200033902,3.1622776601683795,0.0128,0.01,0.0158489,0.647,0.6,0.7,0.644,0.6,0.7,7160.0,52.9,0.0,1.0,True,0.01,0.95,10.0,39600.0,0.938,0.139
7101,1 - 1 - 2022,19800.0,2.7477263328068173,2.3713730200033902,3.1622776601683795,0.0128,0.01,0.0158489,0.65,0.6,0.7,0.748,0.7,0.8,4140.0,40.2,0.0,1.0,True,0.01,0.95,10.0,39600.0,0.938,0.139
7102,1 - 1 - 2022,19800.0,2.705549851693737,2.3713730200033902,3.1622776601683795,0.0127,0.01,0.0158489,0.654,0.6,0.7,0.848,0.8,0.9,2760.0,32.8,0.0,1.0,True,0.01,0.95,10.0,39600.0,0.938,0.139
7103,1 - 1 - 2022,19800.0,2.7313000567495327,2.3713730200033902,3.1622776601683795,0.0125,0.01,0.0158489,0.644,0.6,0.7,0.951,0.9,1.0,2760.0,32.8,0.0,1.0,True,0.01,0.95,10.0,39600.0,0.938,0.139
7104,1 - 1 - 2022,19800.0,2.753179979587241,2.3713730200033902,3.1622776601683795,0.0124,0.01,0.0158489,0.649,0.6,0.7,1.13,1.0,1.5,655.0,7.16,34.5,1.0,True,0.01,0.95,10.0,39600.0,0.938,0.139
7105,1 - 1 - 2022,19800.0,2.7622454633866265,2.3713730200033902,3.1622776601683795,0.0125,0.01,0.0158489,0.633,0.6,0.7,1.65,1.5,2.0,86.2,2.6,0.0,1.0,True,0.01,0.95,10.0,39600.0,0.938,0.139
7106,1 - 1 - 2022,19800.0,2.7640549922170505,2.3713730200033902,3.1622776601683795,0.0129,0.01,0.0158489,0.65,0.6,0.7,2.76,2.0,4.0,25.9,0.711,0.0,1.0,True,0.01,0.95,10.0,39600.0,0.938,0.139
7107,1 - 1 - 2022,19800.0,3.069201850644561,2.3713730200033902,3.1622776601683795,0.0136,0.01,0.0158489,0.734,0.7,0.8,0.0133,0.0,0.05,172.0,11.6,0.0,1.0,True,0.01,0.95,10.0,39600.0,0.938,0.139
7108,1 - 1 - 2022,19800.0,2.6907248094147422,2.3713730200033902,3.1622776601683795,0.0129,0.01,0.0158489,0.755,0.7,0.8,0.0764,0.05,0.1,1720.0,36.7,0.0,1.0,True,0.01,0.95,10.0,39600.0,0.938,0.139
7109,1 - 1 - 2022,19800.0,2.7422618401604177,2.3713730200033902,3.1622776601683795,0.0127,0.01,0.0158489,0.742,0.7,0.8,0.157,0.1,0.2,3620.0,37.6,0.0,1.0,True,0.01,0.95,10.0,39600.0,0.938,0.139
7110,1 - 1 - 2022,19800.0,2.694438717061496,2.3713730200033902,3.1622776601683795,0.0126,0.01,0.0158489,0.748,0.7,0.8,0.255,0.2,0.3,4050.0,39.8,0.0,1.0,True,0.01,0.95,10.0,39600.0,0.938,0.139
7111,1 - 1 - 2022,19800.0,2.7730849247724096,2.3713730200033902,3.1622776601683795,0.0125,0.01,0.0158489,0.745,0.7,0.8,0.359,0.3,0.4,3880.0,38.9,0.0,1.0,True,0.01,0.95,10.0,39600.0,0.938,0.139
7112,1 - 1 - 2022,19800.0,2.72213151776324,2.3713730200033902,3.1622776601683795,0.013,0.01,0.0158489,0.743,0.7,0.8,0.445,0.4,0.5,3620.0,37.6,0.0,1.0,True,0.01,0.95,10.0,39600.0,0.938,0.139
7113,1 - 1 - 2022,19800.0,2.649528259898354,2.3713730200033902,3.1622776601683795,0.0127,0.01,0.0158489,0.738,0.7,0.8,0.549,0.5,0.6,3540.0,37.2,86.2,1.0,True,0.01,0.95,10.0,39600.0,0.938,0.139
7114,1 - 1 - 2022,19800.0,2.6627053911388696,2.3713730200033902,3.1622776601683795,0.0127,0.01,0.0158489,0.739,0.7,0.8,0.646,0.6,0.7,3790.0,38.5,0.0,1.0,True,0.01,0.95,10.0,39600.0,0.938,0.139
7115,1 - 1 - 2022,19800.0,2.6814175355583845,2.3713730200033902,3.1622776601683795,0.0127,0.01,0.0158489,0.749,0.7,0.8,0.745,0.7,0.8,2590.0,31.8,86.3,1.0,True,0.01,0.95,10.0,39600.0,0.938,0.139
7116,1 - 1 - 2022,19800.0,2.6739483914241875,2.3713730200033902,3.1622776601683795,0.0128,0.01,0.0158489,0.745,0.7,0.8,0.842,0.8,0.9,1720.0,26.0,172.0,1.0,True,0.01,0.95,10.0,39600.0,0.938,0.139
7117,1 - 1 - 2022,19800.0,2.7838821814150108,2.3713730200033902,3.1622776601683795,0.0128,0.01,0.0158489,0.752,0.7,0.8,0.961,0.9,1.0,1380.0,23.2,86.2,1.0,True,0.01,0.95,10.0,39600.0,0.938,0.139
7118,1 - 1 - 2022,19800.0,2.6645825188948455,2.3713730200033902,3.1622776601683795,0.0122,0.01,0.0158489,0.745,0.7,0.8,1.15,1.0,1.5,345.0,5.19,17.2,1.0,True,0.01,0.95,10.0,39600.0,0.938,0.139
7119,1 - 1 - 2022,19800.0,2.6038433132583076,2.3713730200033902,3.1622776601683795,0.0149,0.01,0.0158489,0.724,0.7,0.8,1.68,1.5,2.0,34.5,1.64,17.3,1.0,True,0.01,0.95,10.0,39600.0,0.938,0.139
7120,1 - 1 - 2022,19800.0,2.981610303175115,2.3713730200033902,3.1622776601683795,0.0128,0.01,0.0158489,0.819,0.8,0.9,0.0391,0.0,0.05,345.0,16.4,0.0,1.0,True,0.01,0.95,10.0,39600.0,0.938,0.139
7121,1 - 1 - 2022,19800.0,2.870540018881465,2.3713730200033902,3.1622776601683795,0.0123,0.01,0.0158489,0.835,0.8,0.9,0.0816,0.05,0.1,517.0,20.1,0.0,1.0,True,0.01,0.95,10.0,39600.0,0.938,0.139
7122,1 - 1 - 2022,19800.0,2.6627053911388696,2.3713730200033902,3.1622776601683795,0.0124,0.01,0.0158489,0.841,0.8,0.9,0.159,0.1,0.2,690.0,16.4,0.0,1.0,True,0.01,0.95,10.0,39600.0,0.938,0.139
7123,1 - 1 - 2022,19800.0,2.6888659319497505,2.3713730200033902,3.1622776601683795,0.0127,0.01,0.0158489,0.839,0.8,0.9,0.25,0.2,0.3,2160.0,29.0,0.0,1.0,True,0.01,0.95,10.0,39600.0,0.938,0.139
7124,1 - 1 - 2022,19800.0,2.7184554438136375,2.3713730200033902,3.1622776601683795,0.0131,0.01,0.0158489,0.849,0.8,0.9,0.346,0.3,0.4,2330.0,30.2,0.0,1.0,True,0.01,0.95,10.0,39600.0,0.938,0.139
7125,1 - 1 - 2022,19800.0,2.7549954627911823,2.3713730200033902,3.1622776601683795,0.0124,0.01,0.0158489,0.839,0.8,0.9,0.454,0.4,0.5,3100.0,34.8,172.0,1.0,True,0.01,0.95,10.0,39600.0,0.938,0.139
7126,1 - 1 - 2022,19800.0,2.7092434368288134,2.3713730200033902,3.1622776601683795,0.0126,0.01,0.0158489,0.844,0.8,0.9,0.55,0.5,0.6,2500.0,31.3,86.2,1.0,True,0.01,0.95,10.0,39600.0,0.938,0.139
7127,1 - 1 - 2022,19800.0,2.6907248094147422,2.3713730200033902,3.1622776601683795,0.0119,0.01,0.0158489,0.84,0.8,0.9,0.663,0.6,0.7,1720.0,26.0,0.0,1.0,True,0.01,0.95,10.0,39600.0,0.938,0.139
7128,1 - 1 - 2022,19800.0,2.6570660511172846,2.3713730200033902,3.1622776601683795,0.013,0.01,0.0158489,0.846,0.8,0.9,0.743,0.7,0.8,1290.0,22.5,0.0,1.0,True,0.01,0.95,10.0,39600.0,0.938,0.139
7129,1 - 1 - 2022,19800.0,2.692582403567252,2.3713730200033902,3.1622776601683795,0.0118,0.01,0.0158489,0.838,0.8,0.9,0.846,0.8,0.9,1030.0,20.1,0.0,1.0,True,0.01,0.95,10.0,39600.0,0.938,0.139
7130,1 - 1 - 2022,19800.0,2.6229754097208002,2.3713730200033902,3.1622776601683795,0.0132,0.01,0.0158489,0.835,0.8,0.9,0.957,0.9,1.0,431.0,13.0,0.0,1.0,True,0.01,0.95,10.0,39600.0,0.938,0.139
7131,1 - 1 - 2022,19800.0,2.7129319932501073,2.3713730200033902,3.1622776601683795,0.0129,0.01,0.0158489,0.844,0.8,0.9,1.2,1.0,1.5,190.0,3.85,17.2,1.0,True,0.01,0.95,10.0,39600.0,0.938,0.139
7132,1 - 1 - 2022,19800.0,2.727636339397171,2.3713730200033902,3.1622776601683795,0.0134,0.01,0.0158489,0.912,0.9,1.0,0.0739,0.05,0.1,690.0,23.2,0.0,1.0,True,0.01,0.95,10.0,39600.0,0.938,0.139
7133,1 - 1 - 2022,19800.0,2.630589287593181,2.3713730200033902,3.1622776601683795,0.0124,0.01,0.0158489,0.923,0.9,1.0,0.152,0.1,0.2,776.0,17.4,0.0,1.0,True,0.01,0.95,10.0,39600.0,0.938,0.139
7134,1 - 1 - 2022,19800.0,2.6795522013948525,2.3713730200033902,3.1622776601683795,0.0136,0.01,0.0158489,0.924,0.9,1.0,0.245,0.2,0.3,949.0,19.3,173.0,1.0,True,0.01,0.95,10.0,39600.0,0.938,0.139
7135,1 - 1 - 2022,19800.0,2.615339366124404,2.3713730200033902,3.1622776601683795,0.0127,0.01,0.0158489,0.941,0.9,1.0,0.353,0.3,0.4,690.0,16.4,0.0,1.0,True,0.01,0.95,10.0,39600.0,0.938,0.139
7136,1 - 1 - 2022,19800.0,2.5748786379167465,2.3713730200033902,3.1622776601683795,0.0139,0.01,0.0158489,0.93,0.9,1.0,0.461,0.4,0.5,604.0,15.4,0.0,1.0,True,0.01,0.95,10.0,39600.0,0.938,0.139
7137,1 - 1 - 2022,19800.0,2.6851443164195103,2.3713730200033902,3.1622776601683795,0.0135,0.01,0.0158489,0.934,0.9,1.0,0.516,0.5,0.6,259.0,10.1,0.0,1.0,True,0.01,0.95,10.0,39600.0,0.938,0.139
7138,1 - 1 - 2022,19800.0,2.7820855486487113,2.3713730200033902,3.1622776601683795,0.0137,0.01,0.0158489,0.93,0.9,1.0,0.631,0.6,0.7,517.0,14.2,86.2,1.0,True,0.01,0.95,10.0,39600.0,0.938,0.139
7139,1 - 1 - 2022,19800.0,2.596150997149434,2.3713730200033902,3.1622776601683795,0.0151,0.01,0.0158489,0.909,0.9,1.0,0.767,0.7,0.8,86.2,5.8,0.0,1.0,True,0.01,0.95,10.0,39600.0,0.938,0.139
7140,1 - 1 - 2022,19800.0,2.898275349237888,2.3713730200033902,3.1622776601683795,0.0129,0.01,0.0158489,0.943,0.9,1.0,0.857,0.8,0.9,431.0,13.0,172.0,1.0,True,0.01,0.95,10.0,39600.0,0.938,0.139
7141,1 - 1 - 2022,19800.0,2.8722813232690143,2.3713730200033902,3.1622776601683795,0.019,0.0158489,0.0251189,0.0441,0.0,0.05,0.0818,0.05,0.1,11500.0,107.0,10900.0,1.0,True,0.01,0.95,10.0,39600.0,0.938,0.139
7142,1 - 1 - 2022,19800.0,2.8530685235374214,2.3713730200033902,3.1622776601683795,0.0193,0.0158489,0.0251189,0.0412,0.0,0.05,0.159,0.1,0.2,39000.0,139.0,33200.0,1.0,True,0.01,0.95,10.0,39600.0,0.938,0.139
7143,1 - 1 - 2022,19800.0,2.8160255680657444,2.3713730200033902,3.1622776601683795,0.0193,0.0158489,0.0251189,0.0385,0.0,0.05,0.255,0.2,0.3,92100.0,213.0,77000.0,1.0,True,0.01,0.95,10.0,39600.0,0.938,0.139
7144,1 - 1 - 2022,19800.0,2.8,2.3713730200033902,3.1622776601683795,0.0193,0.0158489,0.0251189,0.0373,0.0,0.05,0.349,0.3,0.4,126000.0,249.0,99400.0,1.0,True,0.01,0.95,10.0,39600.0,0.938,0.139
7145,1 - 1 - 2022,19800.0,2.7802877548915688,2.3713730200033902,3.1622776601683795,0.0194,0.0158489,0.0251189,0.0366,0.0,0.05,0.45,0.4,0.5,122000.0,246.0,93500.0,1.0,True,0.01,0.95,10.0,39600.0,0.938,0.139
7146,1 - 1 - 2022,19800.0,2.794637722496424,2.3713730200033902,3.1622776601683795,0.0196,0.0158489,0.0251189,0.0367,0.0,0.05,0.547,0.5,0.6,91700.0,213.0,69100.0,1.0,True,0.01,0.95,10.0,39600.0,0.938,0.139
7147,1 - 1 - 2022,19800.0,2.792848008753788,2.3713730200033902,3.1622776601683795,0.0196,0.0158489,0.0251189,0.0375,0.0,0.05,0.648,0.6,0.7,62400.0,175.0,48400.0,1.0,True,0.01,0.95,10.0,39600.0,0.938,0.139
7148,1 - 1 - 2022,19800.0,2.8035691537752374,2.3713730200033902,3.1622776601683795,0.0192,0.0158489,0.0251189,0.0374,0.0,0.05,0.744,0.7,0.8,34800.0,131.0,28300.0,1.0,True,0.01,0.95,10.0,39600.0,0.938,0.139
7149,1 - 1 - 2022,19800.0,2.7964262908219126,2.3713730200033902,3.1622776601683795,0.0193,0.0158489,0.0251189,0.0392,0.0,0.05,0.846,0.8,0.9,21200.0,102.0,18000.0,1.0,True,0.01,0.95,10.0,39600.0,0.938,0.139
7150,1 - 1 - 2022,19800.0,2.839013913315678,2.3713730200033902,3.1622776601683795,0.0194,0.0158489,0.0251189,0.0398,0.0,0.05,0.945,0.9,1.0,11600.0,75.8,9680.0,1.0,True,0.01,0.95,10.0,39600.0,0.938,0.139
7151,1 - 1 - 2022,19800.0,2.8513154858766505,2.3713730200033902,3.1622776601683795,0.0188,0.0158489,0.0251189,0.041,0.0,0.05,1.12,1.0,1.5,2550.0,15.8,2260.0,1.0,True,0.01,0.95,10.0,39600.0,0.938,0.139
7152,1 - 1 - 2022,19800.0,2.7712812921102037,2.3713730200033902,3.1622776601683795,0.0195,0.0158489,0.0251189,0.0759,0.05,0.1,0.0328,0.0,0.05,32400.0,179.0,11100.0,1.0,True,0.01,0.95,10.0,39600.0,0.938,0.139
7153,1 - 1 - 2022,19800.0,2.7694764848252458,2.3713730200033902,3.1622776601683795,0.02,0.0158489,0.0251189,0.0756,0.05,0.1,0.077,0.05,0.1,92500.0,302.0,30500.0,1.0,True,0.01,0.95,10.0,39600.0,0.938,0.139
7154,1 - 1 - 2022,19800.0,2.7386127875258306,2.3713730200033902,3.1622776601683795,0.0199,0.0158489,0.0251189,0.0745,0.05,0.1,0.152,0.1,0.2,135000.0,258.0,39100.0,1.0,True,0.01,0.95,10.0,39600.0,0.938,0.139
7155,1 - 1 - 2022,19800.0,2.7422618401604177,2.3713730200033902,3.1622776601683795,0.0199,0.0158489,0.0251189,0.0738,0.05,0.1,0.252,0.2,0.3,186000.0,302.0,43000.0,1.0,True,0.01,0.95,10.0,39600.0,0.938,0.139
7156,1 - 1 - 2022,19800.0,2.7294688127912363,2.3713730200033902,3.1622776601683795,0.02,0.0158489,0.0251189,0.0733,0.05,0.1,0.348,0.3,0.4,202000.0,316.0,35300.0,1.0,True,0.01,0.95,10.0,39600.0,0.938,0.139
7157,1 - 1 - 2022,19800.0,2.7294688127912363,2.3713730200033902,3.1622776601683795,0.02,0.0158489,0.0251189,0.0732,0.05,0.1,0.448,0.4,0.5,172000.0,291.0,12600.0,1.0,True,0.01,0.95,10.0,39600.0,0.938,0.139
7158,1 - 1 - 2022,19800.0,2.7386127875258306,2.3713730200033902,3.1622776601683795,0.02,0.0158489,0.0251189,0.0725,0.05,0.1,0.546,0.5,0.6,127000.0,250.0,8490.0,1.0,True,0.01,0.95,10.0,39600.0,0.938,0.139
7159,1 - 1 - 2022,19800.0,2.7313000567495327,2.3713730200033902,3.1622776601683795,0.02,0.0158489,0.0251189,0.0737,0.05,0.1,0.647,0.6,0.7,91600.0,213.0,6530.0,1.0,True,0.01,0.95,10.0,39600.0,0.938,0.139
7160,1 - 1 - 2022,19800.0,2.7294688127912363,2.3713730200033902,3.1622776601683795,0.02,0.0158489,0.0251189,0.072,0.05,0.1,0.748,0.7,0.8,60700.0,173.0,7070.0,1.0,True,0.01,0.95,10.0,39600.0,0.938,0.139
7161,1 - 1 - 2022,19800.0,2.727636339397171,2.3713730200033902,3.1622776601683795,0.02,0.0158489,0.0251189,0.0738,0.05,0.1,0.845,0.8,0.9,43400.0,146.0,6200.0,1.0,True,0.01,0.95,10.0,39600.0,0.938,0.139
7162,1 - 1 - 2022,19800.0,2.7586228448267445,2.3713730200033902,3.1622776601683795,0.0199,0.0158489,0.0251189,0.0734,0.05,0.1,0.943,0.9,1.0,24600.0,110.0,2940.0,1.0,True,0.01,0.95,10.0,39600.0,0.938,0.139
7163,1 - 1 - 2022,19800.0,2.7404379212089442,2.3713730200033902,3.1622776601683795,0.0201,0.0158489,0.0251189,0.0737,0.05,0.1,1.14,1.0,1.5,6880.0,26.0,1940.0,1.0,True,0.01,0.95,10.0,39600.0,0.938,0.139
7164,1 - 1 - 2022,19800.0,2.7640549922170505,2.3713730200033902,3.1622776601683795,0.0197,0.0158489,0.0251189,0.0761,0.05,0.1,1.67,1.5,2.0,392.0,6.22,218.0,1.0,True,0.01,0.95,10.0,39600.0,0.938,0.139
7165,1 - 1 - 2022,19800.0,2.723967694375247,2.3713730200033902,3.1622776601683795,0.018,0.0158489,0.0251189,0.0861,0.05,0.1,2.24,2.0,4.0,16.3,0.634,5.44,1.0,True,0.01,0.95,10.0,39600.0,0.938,0.139
7166,1 - 1 - 2022,19800.0,2.725802634087802,2.3713730200033902,3.1622776601683795,0.0199,0.0158489,0.0251189,0.125,0.1,0.15,0.0323,0.0,0.05,19600.0,139.0,1310.0,1.0,True,0.01,0.95,10.0,39600.0,0.938,0.139
7167,1 - 1 - 2022,19800.0,2.7367864366808017,2.3713730200033902,3.1622776601683795,0.0198,0.0158489,0.0251189,0.123,0.1,0.15,0.078,0.05,0.1,60900.0,245.0,5440.0,1.0,True,0.01,0.95,10.0,39600.0,0.938,0.139
7168,1 - 1 - 2022,19800.0,2.727636339397171,2.3713730200033902,3.1622776601683795,0.0199,0.0158489,0.0251189,0.123,0.1,0.15,0.154,0.1,0.2,107000.0,229.0,16800.0,1.0,True,0.01,0.95,10.0,39600.0,0.938,0.139
7169,1 - 1 - 2022,19800.0,2.727636339397171,2.3713730200033902,3.1622776601683795,0.0199,0.0158489,0.0251189,0.123,0.1,0.15,0.251,0.2,0.3,125000.0,249.0,21100.0,1.0,True,0.01,0.95,10.0,39600.0,0.938,0.139
7170,1 - 1 - 2022,19800.0,2.7313000567495327,2.3713730200033902,3.1622776601683795,0.0201,0.0158489,0.0251189,0.123,0.1,0.15,0.349,0.3,0.4,133000.0,256.0,18000.0,1.0,True,0.01,0.95,10.0,39600.0,0.938,0.139
7171,1 - 1 - 2022,19800.0,2.7202941017470885,2.3713730200033902,3.1622776601683795,0.02,0.0158489,0.0251189,0.123,0.1,0.15,0.448,0.4,0.5,113000.0,236.0,12600.0,1.0,True,0.01,0.95,10.0,39600.0,0.938,0.139
7172,1 - 1 - 2022,19800.0,2.725802634087802,2.3713730200033902,3.1622776601683795,0.0201,0.0158489,0.0251189,0.124,0.1,0.15,0.548,0.5,0.6,93900.0,215.0,6750.0,1.0,True,0.01,0.95,10.0,39600.0,0.938,0.139
7173,1 - 1 - 2022,19800.0,2.7404379212089442,2.3713730200033902,3.1622776601683795,0.0201,0.0158489,0.0251189,0.124,0.1,0.15,0.647,0.6,0.7,62200.0,175.0,2070.0,1.0,True,0.01,0.95,10.0,39600.0,0.938,0.139
7174,1 - 1 - 2022,19800.0,2.7386127875258306,2.3713730200033902,3.1622776601683795,0.02,0.0158489,0.0251189,0.124,0.1,0.15,0.747,0.7,0.8,48800.0,155.0,871.0,1.0,True,0.01,0.95,10.0,39600.0,0.938,0.139
7175,1 - 1 - 2022,19800.0,2.7294688127912363,2.3713730200033902,3.1622776601683795,0.02,0.0158489,0.0251189,0.124,0.1,0.15,0.848,0.8,0.9,27100.0,116.0,326.0,1.0,True,0.01,0.95,10.0,39600.0,0.938,0.139
7176,1 - 1 - 2022,19800.0,2.749545416973504,2.3713730200033902,3.1622776601683795,0.0199,0.0158489,0.0251189,0.123,0.1,0.15,0.947,0.9,1.0,19600.0,98.3,218.0,1.0,True,0.01,0.95,10.0,39600.0,0.938,0.139
7177,1 - 1 - 2022,19800.0,2.7422618401604177,2.3713730200033902,3.1622776601683795,0.0202,0.0158489,0.0251189,0.125,0.1,0.15,1.16,1.0,1.5,5510.0,23.3,0.0,1.0,True,0.01,0.95,10.0,39600.0,0.938,0.139
7178,1 - 1 - 2022,19800.0,2.8442925306655784,2.3713730200033902,3.1622776601683795,0.0205,0.0158489,0.0251189,0.127,0.1,0.15,1.74,1.5,2.0,501.0,7.02,0.0,1.0,True,0.01,0.95,10.0,39600.0,0.938,0.139
7179,1 - 1 - 2022,19800.0,2.7712812921102037,2.3713730200033902,3.1622776601683795,0.0199,0.0158489,0.0251189,0.128,0.1,0.15,2.34,2.0,4.0,49.0,1.1,10.9,1.0,True,0.01,0.95,10.0,39600.0,0.938,0.139
7180,1 - 1 - 2022,19800.0,2.7037011669191546,2.3713730200033902,3.1622776601683795,0.0203,0.0158489,0.0251189,0.171,0.15,0.2,0.0361,0.0,0.05,13700.0,116.0,870.0,1.0,True,0.01,0.95,10.0,39600.0,0.938,0.139
7181,1 - 1 - 2022,19800.0,2.72213151776324,2.3713730200033902,3.1622776601683795,0.02,0.0158489,0.0251189,0.171,0.15,0.2,0.0787,0.05,0.1,38300.0,194.0,4570.0,1.0,True,0.01,0.95,10.0,39600.0,0.938,0.139
7182,1 - 1 - 2022,19800.0,2.72213151776324,2.3713730200033902,3.1622776601683795,0.0198,0.0158489,0.0251189,0.173,0.15,0.2,0.152,0.1,0.2,63400.0,177.0,13600.0,1.0,True,0.01,0.95,10.0,39600.0,0.938,0.139
7183,1 - 1 - 2022,19800.0,2.72213151776324,2.3713730200033902,3.1622776601683795,0.0199,0.0158489,0.0251189,0.173,0.15,0.2,0.252,0.2,0.3,93600.0,215.0,25400.0,1.0,True,0.01,0.95,10.0,39600.0,0.938,0.139
7184,1 - 1 - 2022,19800.0,2.7367864366808017,2.3713730200033902,3.1622776601683795,0.0201,0.0158489,0.0251189,0.174,0.15,0.2,0.35,0.3,0.4,94800.0,216.0,23700.0,1.0,True,0.01,0.95,10.0,39600.0,0.938,0.139
7185,1 - 1 - 2022,19800.0,2.7422618401604177,2.3713730200033902,3.1622776601683795,0.0202,0.0158489,0.0251189,0.174,0.15,0.2,0.451,0.4,0.5,80500.0,199.0,20000.0,1.0,True,0.01,0.95,10.0,39600.0,0.938,0.139
7186,1 - 1 - 2022,19800.0,2.727636339397171,2.3713730200033902,3.1622776601683795,0.02,0.0158489,0.0251189,0.174,0.15,0.2,0.547,0.5,0.6,69600.0,185.0,13300.0,1.0,True,0.01,0.95,10.0,39600.0,0.938,0.139
7187,1 - 1 - 2022,19800.0,2.7477263328068173,2.3713730200033902,3.1622776601683795,0.0201,0.0158489,0.0251189,0.173,0.15,0.2,0.648,0.6,0.7,52500.0,161.0,10200.0,1.0,True,0.01,0.95,10.0,39600.0,0.938,0.139
7188,1 - 1 - 2022,19800.0,2.753179979587241,2.3713730200033902,3.1622776601683795,0.02,0.0158489,0.0251189,0.173,0.15,0.2,0.745,0.7,0.8,30600.0,123.0,4680.0,1.0,True,0.01,0.95,10.0,39600.0,0.938,0.139
7189,1 - 1 - 2022,19800.0,2.725802634087802,2.3713730200033902,3.1622776601683795,0.02,0.0158489,0.0251189,0.176,0.15,0.2,0.844,0.8,0.9,23100.0,107.0,2390.0,1.0,True,0.01,0.95,10.0,39600.0,0.938,0.139
7190,1 - 1 - 2022,19800.0,2.725802634087802,2.3713730200033902,3.1622776601683795,0.0198,0.0158489,0.0251189,0.173,0.15,0.2,0.944,0.9,1.0,14500.0,84.5,435.0,1.0,True,0.01,0.95,10.0,39600.0,0.938,0.139
7191,1 - 1 - 2022,19800.0,2.7386127875258306,2.3713730200033902,3.1622776601683795,0.0197,0.0158489,0.0251189,0.173,0.15,0.2,1.18,1.0,1.5,4440.0,20.9,21.8,1.0,True,0.01,0.95,10.0,39600.0,0.938,0.139
7192,1 - 1 - 2022,19800.0,2.7982137159266447,2.3713730200033902,3.1622776601683795,0.0198,0.0158489,0.0251189,0.171,0.15,0.2,1.67,1.5,2.0,588.0,7.61,0.0,1.0,True,0.01,0.95,10.0,39600.0,0.938,0.139
7193,1 - 1 - 2022,19800.0,2.8442925306655784,2.3713730200033902,3.1622776601683795,0.0187,0.0158489,0.0251189,0.173,0.15,0.2,2.43,2.0,4.0,32.6,0.897,0.0,1.0,True,0.01,0.95,10.0,39600.0,0.938,0.139
7194,1 - 1 - 2022,19800.0,2.705549851693737,2.3713730200033902,3.1622776601683795,0.0207,0.0158489,0.0251189,0.223,0.2,0.25,0.0327,0.0,0.05,10000.0,99.4,0.0,1.0,True,0.01,0.95,10.0,39600.0,0.938,0.139
7195,1 - 1 - 2022,19800.0,2.749545416973504,2.3713730200033902,3.1622776601683795,0.02,0.0158489,0.0251189,0.222,0.2,0.25,0.0771,0.05,0.1,24400.0,155.0,1960.0,1.0,True,0.01,0.95,10.0,39600.0,0.938,0.139
7196,1 - 1 - 2022,19800.0,2.7184554438136375,2.3713730200033902,3.1622776601683795,0.02,0.0158489,0.0251189,0.223,0.2,0.25,0.153,0.1,0.2,45500.0,150.0,8050.0,1.0,True,0.01,0.95,10.0,39600.0,0.938,0.139
7197,1 - 1 - 2022,19800.0,2.727636339397171,2.3713730200033902,3.1622776601683795,0.0198,0.0158489,0.0251189,0.224,0.2,0.25,0.251,0.2,0.3,63200.0,177.0,18600.0,1.0,True,0.01,0.95,10.0,39600.0,0.938,0.139
7198,1 - 1 - 2022,19800.0,2.7313000567495327,2.3713730200033902,3.1622776601683795,0.0201,0.0158489,0.0251189,0.223,0.2,0.25,0.349,0.3,0.4,67800.0,183.0,18900.0,1.0,True,0.01,0.95,10.0,39600.0,0.938,0.139
7199,1 - 1 - 2022,19800.0,2.723967694375247,2.3713730200033902,3.1622776601683795,0.0199,0.0158489,0.0251189,0.223,0.2,0.25,0.449,0.4,0.5,56500.0,167.0,17500.0,1.0,True,0.01,0.95,10.0,39600.0,0.938,0.139
7200,1 - 1 - 2022,19800.0,2.716615541441225,2.3713730200033902,3.1622776601683795,0.0202,0.0158489,0.0251189,0.223,0.2,0.25,0.547,0.5,0.6,46400.0,151.0,12200.0,1.0,True,0.01,0.95,10.0,39600.0,0.938,0.139
7201,1 - 1 - 2022,19800.0,2.7202941017470885,2.3713730200033902,3.1622776601683795,0.0198,0.0158489,0.0251189,0.224,0.2,0.25,0.647,0.6,0.7,39400.0,139.0,9900.0,1.0,True,0.01,0.95,10.0,39600.0,0.938,0.139
7202,1 - 1 - 2022,19800.0,2.7386127875258306,2.3713730200033902,3.1622776601683795,0.0199,0.0158489,0.0251189,0.224,0.2,0.25,0.747,0.7,0.8,27500.0,116.0,5880.0,1.0,True,0.01,0.95,10.0,39600.0,0.938,0.139
7203,1 - 1 - 2022,19800.0,2.7313000567495327,2.3713730200033902,3.1622776601683795,0.0199,0.0158489,0.0251189,0.221,0.2,0.25,0.843,0.8,0.9,20000.0,99.3,3260.0,1.0,True,0.01,0.95,10.0,39600.0,0.938,0.139
7204,1 - 1 - 2022,19800.0,2.727636339397171,2.3713730200033902,3.1622776601683795,0.0197,0.0158489,0.0251189,0.223,0.2,0.25,0.948,0.9,1.0,14100.0,83.5,2500.0,1.0,True,0.01,0.95,10.0,39600.0,0.938,0.139
7205,1 - 1 - 2022,19800.0,2.7184554438136375,2.3713730200033902,3.1622776601683795,0.0199,0.0158489,0.0251189,0.224,0.2,0.25,1.16,1.0,1.5,4030.0,19.9,196.0,1.0,True,0.01,0.95,10.0,39600.0,0.938,0.139
7206,1 - 1 - 2022,19800.0,2.8053520278211077,2.3713730200033902,3.1622776601683795,0.0196,0.0158489,0.0251189,0.226,0.2,0.25,1.7,1.5,2.0,762.0,8.67,0.0,1.0,True,0.01,0.95,10.0,39600.0,0.938,0.139
7207,1 - 1 - 2022,19800.0,2.734958866235469,2.3713730200033902,3.1622776601683795,0.0184,0.0158489,0.0251189,0.221,0.2,0.25,2.33,2.0,4.0,65.3,1.27,0.0,1.0,True,0.01,0.95,10.0,39600.0,0.938,0.139
7208,1 - 1 - 2022,19800.0,2.8053520278211077,2.3713730200033902,3.1622776601683795,0.0205,0.0158489,0.0251189,0.27,0.25,0.3,0.0293,0.0,0.05,4570.0,67.1,218.0,1.0,True,0.01,0.95,10.0,39600.0,0.938,0.139
7209,1 - 1 - 2022,19800.0,2.6664583251946765,2.3713730200033902,3.1622776601683795,0.0204,0.0158489,0.0251189,0.272,0.25,0.3,0.0779,0.05,0.1,15200.0,123.0,0.0,1.0,True,0.01,0.95,10.0,39600.0,0.938,0.139
7210,1 - 1 - 2022,19800.0,2.72213151776324,2.3713730200033902,3.1622776601683795,0.0203,0.0158489,0.0251189,0.275,0.25,0.3,0.155,0.1,0.2,32300.0,126.0,3050.0,1.0,True,0.01,0.95,10.0,39600.0,0.938,0.139
7211,1 - 1 - 2022,19800.0,2.7367864366808017,2.3713730200033902,3.1622776601683795,0.0201,0.0158489,0.0251189,0.273,0.25,0.3,0.252,0.2,0.3,40700.0,142.0,8160.0,1.0,True,0.01,0.95,10.0,39600.0,0.938,0.139
7212,1 - 1 - 2022,19800.0,2.7422618401604177,2.3713730200033902,3.1622776601683795,0.0199,0.0158489,0.0251189,0.274,0.25,0.3,0.35,0.3,0.4,45600.0,150.0,11200.0,1.0,True,0.01,0.95,10.0,39600.0,0.938,0.139
7213,1 - 1 - 2022,19800.0,2.725802634087802,2.3713730200033902,3.1622776601683795,0.0201,0.0158489,0.0251189,0.273,0.25,0.3,0.448,0.4,0.5,39700.0,140.0,12700.0,1.0,True,0.01,0.95,10.0,39600.0,0.938,0.139
7214,1 - 1 - 2022,19800.0,2.7331300737432898,2.3713730200033902,3.1622776601683795,0.0201,0.0158489,0.0251189,0.274,0.25,0.3,0.548,0.5,0.6,36000.0,133.0,9790.0,1.0,True,0.01,0.95,10.0,39600.0,0.938,0.139
7215,1 - 1 - 2022,19800.0,2.705549851693737,2.3713730200033902,3.1622776601683795,0.0202,0.0158489,0.0251189,0.273,0.25,0.3,0.648,0.6,0.7,25400.0,112.0,9030.0,1.0,True,0.01,0.95,10.0,39600.0,0.938,0.139
7216,1 - 1 - 2022,19800.0,2.725802634087802,2.3713730200033902,3.1622776601683795,0.0199,0.0158489,0.0251189,0.274,0.25,0.3,0.748,0.7,0.8,21100.0,102.0,5880.0,1.0,True,0.01,0.95,10.0,39600.0,0.938,0.139
7217,1 - 1 - 2022,19800.0,2.711088342345192,2.3713730200033902,3.1622776601683795,0.02,0.0158489,0.0251189,0.274,0.25,0.3,0.848,0.8,0.9,13900.0,82.9,3700.0,1.0,True,0.01,0.95,10.0,39600.0,0.938,0.139
7218,1 - 1 - 2022,19800.0,2.7386127875258306,2.3713730200033902,3.1622776601683795,0.0201,0.0158489,0.0251189,0.277,0.25,0.3,0.943,0.9,1.0,10100.0,70.6,2390.0,1.0,True,0.01,0.95,10.0,39600.0,0.938,0.139
7219,1 - 1 - 2022,19800.0,2.7294688127912363,2.3713730200033902,3.1622776601683795,0.0198,0.0158489,0.0251189,0.274,0.25,0.3,1.16,1.0,1.5,3220.0,17.8,239.0,1.0,True,0.01,0.95,10.0,39600.0,0.938,0.139
7220,1 - 1 - 2022,19800.0,2.753179979587241,2.3713730200033902,3.1622776601683795,0.0199,0.0158489,0.0251189,0.275,0.25,0.3,1.65,1.5,2.0,348.0,5.86,0.0,1.0,True,0.01,0.95,10.0,39600.0,0.938,0.139
7221,1 - 1 - 2022,19800.0,2.727636339397171,2.3713730200033902,3.1622776601683795,0.0189,0.0158489,0.0251189,0.271,0.25,0.3,2.44,2.0,4.0,70.7,1.32,0.0,1.0,True,0.01,0.95,10.0,39600.0,0.938,0.139
7222,1 - 1 - 2022,19800.0,2.711088342345192,2.3713730200033902,3.1622776601683795,0.0209,0.0158489,0.0251189,0.351,0.3,0.4,0.0305,0.0,0.05,2720.0,36.6,0.0,1.0,True,0.01,0.95,10.0,39600.0,0.938,0.139
7223,1 - 1 - 2022,19800.0,2.727636339397171,2.3713730200033902,3.1622776601683795,0.0199,0.0158489,0.0251189,0.346,0.3,0.4,0.0759,0.05,0.1,11900.0,76.5,0.0,1.0,True,0.01,0.95,10.0,39600.0,0.938,0.139
7224,1 - 1 - 2022,19800.0,2.7202941017470885,2.3713730200033902,3.1622776601683795,0.0202,0.0158489,0.0251189,0.348,0.3,0.4,0.154,0.1,0.2,18100.0,66.7,544.0,1.0,True,0.01,0.95,10.0,39600.0,0.938,0.139
7225,1 - 1 - 2022,19800.0,2.7422618401604177,2.3713730200033902,3.1622776601683795,0.0201,0.0158489,0.0251189,0.346,0.3,0.4,0.252,0.2,0.3,23900.0,76.7,2880.0,1.0,True,0.01,0.95,10.0,39600.0,0.938,0.139
7226,1 - 1 - 2022,19800.0,2.7313000567495327,2.3713730200033902,3.1622776601683795,0.02,0.0158489,0.0251189,0.343,0.3,0.4,0.346,0.3,0.4,27200.0,81.8,5440.0,1.0,True,0.01,0.95,10.0,39600.0,0.938,0.139
7227,1 - 1 - 2022,19800.0,2.7294688127912363,2.3713730200033902,3.1622776601683795,0.0199,0.0158489,0.0251189,0.346,0.3,0.4,0.449,0.4,0.5,27400.0,82.1,6090.0,1.0,True,0.01,0.95,10.0,39600.0,0.938,0.139
7228,1 - 1 - 2022,19800.0,2.705549851693737,2.3713730200033902,3.1622776601683795,0.0203,0.0158489,0.0251189,0.342,0.3,0.4,0.547,0.5,0.6,20900.0,71.9,4950.0,1.0,True,0.01,0.95,10.0,39600.0,0.938,0.139
7229,1 - 1 - 2022,19800.0,2.7367864366808017,2.3713730200033902,3.1622776601683795,0.0202,0.0158489,0.0251189,0.348,0.3,0.4,0.647,0.6,0.7,17800.0,66.2,4620.0,1.0,True,0.01,0.95,10.0,39600.0,0.938,0.139
7230,1 - 1 - 2022,19800.0,2.7404379212089442,2.3713730200033902,3.1622776601683795,0.0203,0.0158489,0.0251189,0.347,0.3,0.4,0.749,0.7,0.8,14700.0,60.2,3920.0,1.0,True,0.01,0.95,10.0,39600.0,0.938,0.139
7231,1 - 1 - 2022,19800.0,2.7294688127912363,2.3713730200033902,3.1622776601683795,0.02,0.0158489,0.0251189,0.347,0.3,0.4,0.848,0.8,0.9,10000.0,49.7,2940.0,1.0,True,0.01,0.95,10.0,39600.0,0.938,0.139
7232,1 - 1 - 2022,19800.0,2.7092434368288134,2.3713730200033902,3.1622776601683795,0.0203,0.0158489,0.0251189,0.345,0.3,0.4,0.948,0.9,1.0,7560.0,43.2,1800.0,1.0,True,0.01,0.95,10.0,39600.0,0.938,0.139
7233,1 - 1 - 2022,19800.0,2.7294688127912363,2.3713730200033902,3.1622776601683795,0.0199,0.0158489,0.0251189,0.346,0.3,0.4,1.15,1.0,1.5,2250.0,10.5,403.0,1.0,True,0.01,0.95,10.0,39600.0,0.938,0.139
7234,1 - 1 - 2022,19800.0,2.7294688127912363,2.3713730200033902,3.1622776601683795,0.0205,0.0158489,0.0251189,0.348,0.3,0.4,1.65,1.5,2.0,446.0,4.69,32.7,1.0,True,0.01,0.95,10.0,39600.0,0.938,0.139
7235,1 - 1 - 2022,19800.0,2.7694764848252458,2.3713730200033902,3.1622776601683795,0.0199,0.0158489,0.0251189,0.354,0.3,0.4,2.65,2.0,4.0,32.6,0.634,0.0,1.0,True,0.01,0.95,10.0,39600.0,0.938,0.139
7236,1 - 1 - 2022,19800.0,2.6210684844162313,2.3713730200033902,3.1622776601683795,0.021,0.0158489,0.0251189,0.439,0.4,0.5,0.031,0.0,0.05,1740.0,29.3,0.0,1.0,True,0.01,0.95,10.0,39600.0,0.938,0.139
7237,1 - 1 - 2022,19800.0,2.7129319932501073,2.3713730200033902,3.1622776601683795,0.0197,0.0158489,0.0251189,0.451,0.4,0.5,0.079,0.05,0.1,8160.0,63.4,0.0,1.0,True,0.01,0.95,10.0,39600.0,0.938,0.139
7238,1 - 1 - 2022,19800.0,2.7092434368288134,2.3713730200033902,3.1622776601683795,0.0202,0.0158489,0.0251189,0.445,0.4,0.5,0.153,0.1,0.2,12000.0,54.4,0.0,1.0,True,0.01,0.95,10.0,39600.0,0.938,0.139
7239,1 - 1 - 2022,19800.0,2.734958866235469,2.3713730200033902,3.1622776601683795,0.0199,0.0158489,0.0251189,0.447,0.4,0.5,0.252,0.2,0.3,13800.0,58.4,218.0,1.0,True,0.01,0.95,10.0,39600.0,0.938,0.139
7240,1 - 1 - 2022,19800.0,2.723967694375247,2.3713730200033902,3.1622776601683795,0.02,0.0158489,0.0251189,0.443,0.4,0.5,0.353,0.3,0.4,13900.0,58.5,925.0,1.0,True,0.01,0.95,10.0,39600.0,0.938,0.139
7241,1 - 1 - 2022,19800.0,2.7367864366808017,2.3713730200033902,3.1622776601683795,0.0201,0.0158489,0.0251189,0.445,0.4,0.5,0.448,0.4,0.5,14600.0,60.0,1580.0,1.0,True,0.01,0.95,10.0,39600.0,0.938,0.139
7242,1 - 1 - 2022,19800.0,2.725802634087802,2.3713730200033902,3.1622776601683795,0.02,0.0158489,0.0251189,0.446,0.4,0.5,0.548,0.5,0.6,11900.0,54.1,1900.0,1.0,True,0.01,0.95,10.0,39600.0,0.938,0.139
7243,1 - 1 - 2022,19800.0,2.7440845468024486,2.3713730200033902,3.1622776601683795,0.0199,0.0158489,0.0251189,0.442,0.4,0.5,0.651,0.6,0.7,10200.0,50.2,2010.0,1.0,True,0.01,0.95,10.0,39600.0,0.938,0.139
7244,1 - 1 - 2022,19800.0,2.7404379212089442,2.3713730200033902,3.1622776601683795,0.0201,0.0158489,0.0251189,0.452,0.4,0.5,0.745,0.7,0.8,6530.0,40.1,925.0,1.0,True,0.01,0.95,10.0,39600.0,0.938,0.139
7245,1 - 1 - 2022,19800.0,2.723967694375247,2.3713730200033902,3.1622776601683795,0.0198,0.0158489,0.0251189,0.443,0.4,0.5,0.852,0.8,0.9,5010.0,35.1,707.0,1.0,True,0.01,0.95,10.0,39600.0,0.938,0.139
7246,1 - 1 - 2022,19800.0,2.778488797889961,2.3713730200033902,3.1622776601683795,0.0203,0.0158489,0.0251189,0.448,0.4,0.5,0.945,0.9,1.0,3260.0,28.4,435.0,1.0,True,0.01,0.95,10.0,39600.0,0.938,0.139
7247,1 - 1 - 2022,19800.0,2.7404379212089442,2.3713730200033902,3.1622776601683795,0.0198,0.0158489,0.0251189,0.442,0.4,0.5,1.2,1.0,1.5,1220.0,7.75,272.0,1.0,True,0.01,0.95,10.0,39600.0,0.938,0.139
7248,1 - 1 - 2022,19800.0,2.7658633371878665,2.3713730200033902,3.1622776601683795,0.0199,0.0158489,0.0251189,0.451,0.4,0.5,1.71,1.5,2.0,229.0,3.36,21.8,1.0,True,0.01,0.95,10.0,39600.0,0.938,0.139
7249,1 - 1 - 2022,19800.0,2.6888659319497505,2.3713730200033902,3.1622776601683795,0.0204,0.0158489,0.0251189,0.453,0.4,0.5,2.39,2.0,4.0,21.8,0.518,0.0,1.0,True,0.01,0.95,10.0,39600.0,0.938,0.139
7250,1 - 1 - 2022,19800.0,2.7712812921102037,2.3713730200033902,3.1622776601683795,0.0196,0.0158489,0.0251189,0.551,0.5,0.6,0.0355,0.0,0.05,1850.0,30.2,0.0,1.0,True,0.01,0.95,10.0,39600.0,0.938,0.139
7251,1 - 1 - 2022,19800.0,2.6870057685088806,2.3713730200033902,3.1622776601683795,0.0207,0.0158489,0.0251189,0.55,0.5,0.6,0.0814,0.05,0.1,4240.0,45.7,0.0,1.0,True,0.01,0.95,10.0,39600.0,0.938,0.139
7252,1 - 1 - 2022,19800.0,2.734958866235469,2.3713730200033902,3.1622776601683795,0.0204,0.0158489,0.0251189,0.546,0.5,0.6,0.157,0.1,0.2,6260.0,39.3,0.0,1.0,True,0.01,0.95,10.0,39600.0,0.938,0.139
7253,1 - 1 - 2022,19800.0,2.7147743920996454,2.3713730200033902,3.1622776601683795,0.0202,0.0158489,0.0251189,0.55,0.5,0.6,0.248,0.2,0.3,9090.0,47.3,163.0,1.0,True,0.01,0.95,10.0,39600.0,0.938,0.139
7254,1 - 1 - 2022,19800.0,2.7640549922170505,2.3713730200033902,3.1622776601683795,0.0201,0.0158489,0.0251189,0.545,0.5,0.6,0.346,0.3,0.4,9740.0,49.0,0.0,1.0,True,0.01,0.95,10.0,39600.0,0.938,0.139
7255,1 - 1 - 2022,19800.0,2.711088342345192,2.3713730200033902,3.1622776601683795,0.0201,0.0158489,0.0251189,0.548,0.5,0.6,0.449,0.4,0.5,8600.0,46.0,109.0,1.0,True,0.01,0.95,10.0,39600.0,0.938,0.139
7256,1 - 1 - 2022,19800.0,2.7184554438136375,2.3713730200033902,3.1622776601683795,0.0202,0.0158489,0.0251189,0.544,0.5,0.6,0.548,0.5,0.6,7180.0,42.1,327.0,1.0,True,0.01,0.95,10.0,39600.0,0.938,0.139
7257,1 - 1 - 2022,19800.0,2.716615541441225,2.3713730200033902,3.1622776601683795,0.0199,0.0158489,0.0251189,0.547,0.5,0.6,0.649,0.6,0.7,5500.0,36.8,163.0,1.0,True,0.01,0.95,10.0,39600.0,0.938,0.139
7258,1 - 1 - 2022,19800.0,2.711088342345192,2.3713730200033902,3.1622776601683795,0.0199,0.0158489,0.0251189,0.547,0.5,0.6,0.749,0.7,0.8,4460.0,33.2,381.0,1.0,True,0.01,0.95,10.0,39600.0,0.938,0.139
7259,1 - 1 - 2022,19800.0,2.7294688127912363,2.3713730200033902,3.1622776601683795,0.0199,0.0158489,0.0251189,0.547,0.5,0.6,0.847,0.8,0.9,3480.0,29.3,326.0,1.0,True,0.01,0.95,10.0,39600.0,0.938,0.139
7260,1 - 1 - 2022,19800.0,2.72213151776324,2.3713730200033902,3.1622776601683795,0.0196,0.0158489,0.0251189,0.541,0.5,0.6,0.946,0.9,1.0,1740.0,20.7,218.0,1.0,True,0.01,0.95,10.0,39600.0,0.938,0.139
7261,1 - 1 - 2022,19800.0,2.7640549922170505,2.3713730200033902,3.1622776601683795,0.0212,0.0158489,0.0251189,0.536,0.5,0.6,1.16,1.0,1.5,762.0,6.13,87.1,1.0,True,0.01,0.95,10.0,39600.0,0.938,0.139
7262,1 - 1 - 2022,19800.0,2.7422618401604177,2.3713730200033902,3.1622776601683795,0.0212,0.0158489,0.0251189,0.549,0.5,0.6,1.65,1.5,2.0,97.9,2.2,21.8,1.0,True,0.01,0.95,10.0,39600.0,0.938,0.139
7263,1 - 1 - 2022,19800.0,2.8478061731796283,2.3713730200033902,3.1622776601683795,0.0199,0.0158489,0.0251189,0.564,0.5,0.6,2.33,2.0,4.0,10.9,0.366,0.0,1.0,True,0.01,0.95,10.0,39600.0,0.938,0.139
7264,1 - 1 - 2022,19800.0,2.658947160061666,2.3713730200033902,3.1622776601683795,0.0205,0.0158489,0.0251189,0.615,0.6,0.7,0.039,0.0,0.05,435.0,14.6,0.0,1.0,True,0.01,0.95,10.0,39600.0,0.938,0.139
7265,1 - 1 - 2022,19800.0,2.723967694375247,2.3713730200033902,3.1622776601683795,0.0198,0.0158489,0.0251189,0.651,0.6,0.7,0.0718,0.05,0.1,1630.0,28.4,0.0,1.0,True,0.01,0.95,10.0,39600.0,0.938,0.139
7266,1 - 1 - 2022,19800.0,2.7313000567495327,2.3713730200033902,3.1622776601683795,0.0202,0.0158489,0.0251189,0.639,0.6,0.7,0.152,0.1,0.2,3320.0,28.6,109.0,1.0,True,0.01,0.95,10.0,39600.0,0.938,0.139
7267,1 - 1 - 2022,19800.0,2.753179979587241,2.3713730200033902,3.1622776601683795,0.0207,0.0158489,0.0251189,0.643,0.6,0.7,0.249,0.2,0.3,4140.0,31.9,0.0,1.0,True,0.01,0.95,10.0,39600.0,0.938,0.139
7268,1 - 1 - 2022,19800.0,2.7073972741361767,2.3713730200033902,3.1622776601683795,0.0202,0.0158489,0.0251189,0.646,0.6,0.7,0.35,0.3,0.4,4840.0,34.5,0.0,1.0,True,0.01,0.95,10.0,39600.0,0.938,0.139
7269,1 - 1 - 2022,19800.0,2.7092434368288134,2.3713730200033902,3.1622776601683795,0.02,0.0158489,0.0251189,0.646,0.6,0.7,0.443,0.4,0.5,4730.0,34.2,0.0,1.0,True,0.01,0.95,10.0,39600.0,0.938,0.139
7270,1 - 1 - 2022,19800.0,2.7676705006196096,2.3713730200033902,3.1622776601683795,0.0203,0.0158489,0.0251189,0.642,0.6,0.7,0.548,0.5,0.6,3650.0,30.0,0.0,1.0,True,0.01,0.95,10.0,39600.0,0.938,0.139
7271,1 - 1 - 2022,19800.0,2.711088342345192,2.3713730200033902,3.1622776601683795,0.0202,0.0158489,0.0251189,0.644,0.6,0.7,0.65,0.6,0.7,3430.0,29.1,0.0,1.0,True,0.01,0.95,10.0,39600.0,0.938,0.139
7272,1 - 1 - 2022,19800.0,2.7404379212089442,2.3713730200033902,3.1622776601683795,0.0195,0.0158489,0.0251189,0.647,0.6,0.7,0.753,0.7,0.8,2880.0,26.7,54.4,1.0,True,0.01,0.95,10.0,39600.0,0.938,0.139
7273,1 - 1 - 2022,19800.0,2.7404379212089442,2.3713730200033902,3.1622776601683795,0.02,0.0158489,0.0251189,0.639,0.6,0.7,0.852,0.8,0.9,1900.0,21.7,0.0,1.0,True,0.01,0.95,10.0,39600.0,0.938,0.139
7274,1 - 1 - 2022,19800.0,2.8600699292150185,2.3713730200033902,3.1622776601683795,0.0201,0.0158489,0.0251189,0.635,0.6,0.7,0.942,0.9,1.0,1030.0,16.0,0.0,1.0,True,0.01,0.95,10.0,39600.0,0.938,0.139
7275,1 - 1 - 2022,19800.0,2.727636339397171,2.3713730200033902,3.1622776601683795,0.0204,0.0158489,0.0251189,0.652,0.6,0.7,1.15,1.0,1.5,490.0,4.91,32.6,1.0,True,0.01,0.95,10.0,39600.0,0.938,0.139
7276,1 - 1 - 2022,19800.0,2.7982137159266447,2.3713730200033902,3.1622776601683795,0.0204,0.0158489,0.0251189,0.64,0.6,0.7,1.57,1.5,2.0,65.3,1.79,0.0,1.0,True,0.01,0.95,10.0,39600.0,0.938,0.139
7277,1 - 1 - 2022,19800.0,2.8600699292150185,2.3713730200033902,3.1622776601683795,0.0197,0.0158489,0.0251189,0.663,0.6,0.7,2.73,2.0,4.0,5.44,0.259,0.0,1.0,True,0.01,0.95,10.0,39600.0,0.938,0.139
7278,1 - 1 - 2022,19800.0,2.7147743920996454,2.3713730200033902,3.1622776601683795,0.0214,0.0158489,0.0251189,0.751,0.7,0.8,0.0376,0.0,0.05,435.0,14.6,0.0,1.0,True,0.01,0.95,10.0,39600.0,0.938,0.139
7279,1 - 1 - 2022,19800.0,2.6551836094703507,2.3713730200033902,3.1622776601683795,0.022,0.0158489,0.0251189,0.733,0.7,0.8,0.0769,0.05,0.1,979.0,22.0,0.0,1.0,True,0.01,0.95,10.0,39600.0,0.938,0.139
7280,1 - 1 - 2022,19800.0,2.727636339397171,2.3713730200033902,3.1622776601683795,0.0209,0.0158489,0.0251189,0.744,0.7,0.8,0.153,0.1,0.2,2120.0,22.9,0.0,1.0,True,0.01,0.95,10.0,39600.0,0.938,0.139
7281,1 - 1 - 2022,19800.0,2.7073972741361767,2.3713730200033902,3.1622776601683795,0.0196,0.0158489,0.0251189,0.751,0.7,0.8,0.255,0.2,0.3,2290.0,23.7,0.0,1.0,True,0.01,0.95,10.0,39600.0,0.938,0.139
7282,1 - 1 - 2022,19800.0,2.6683328128252666,2.3713730200033902,3.1622776601683795,0.0199,0.0158489,0.0251189,0.748,0.7,0.8,0.351,0.3,0.4,2830.0,26.4,0.0,1.0,True,0.01,0.95,10.0,39600.0,0.938,0.139
7283,1 - 1 - 2022,19800.0,2.7073972741361767,2.3713730200033902,3.1622776601683795,0.0199,0.0158489,0.0251189,0.75,0.7,0.8,0.45,0.4,0.5,2780.0,26.2,0.0,1.0,True,0.01,0.95,10.0,39600.0,0.938,0.139
7284,1 - 1 - 2022,19800.0,2.6608269391300143,2.3713730200033902,3.1622776601683795,0.0203,0.0158489,0.0251189,0.735,0.7,0.8,0.541,0.5,0.6,2070.0,22.6,0.0,1.0,True,0.01,0.95,10.0,39600.0,0.938,0.139
7285,1 - 1 - 2022,19800.0,2.6962937525425525,2.3713730200033902,3.1622776601683795,0.0197,0.0158489,0.0251189,0.74,0.7,0.8,0.65,0.6,0.7,2070.0,22.6,0.0,1.0,True,0.01,0.95,10.0,39600.0,0.938,0.139
7286,1 - 1 - 2022,19800.0,2.7658633371878665,2.3713730200033902,3.1622776601683795,0.0197,0.0158489,0.0251189,0.747,0.7,0.8,0.747,0.7,0.8,1630.0,20.1,54.4,1.0,True,0.01,0.95,10.0,39600.0,0.938,0.139
7287,1 - 1 - 2022,19800.0,2.6962937525425525,2.3713730200033902,3.1622776601683795,0.0196,0.0158489,0.0251189,0.747,0.7,0.8,0.843,0.8,0.9,1090.0,16.4,0.0,1.0,True,0.01,0.95,10.0,39600.0,0.938,0.139
7288,1 - 1 - 2022,19800.0,2.6720778431774774,2.3713730200033902,3.1622776601683795,0.019,0.0158489,0.0251189,0.737,0.7,0.8,0.941,0.9,1.0,762.0,13.7,0.0,1.0,True,0.01,0.95,10.0,39600.0,0.938,0.139
7289,1 - 1 - 2022,19800.0,2.6627053911388696,2.3713730200033902,3.1622776601683795,0.0207,0.0158489,0.0251189,0.743,0.7,0.8,1.2,1.0,1.5,185.0,3.02,0.0,1.0,True,0.01,0.95,10.0,39600.0,0.938,0.139
7290,1 - 1 - 2022,19800.0,2.7838821814150108,2.3713730200033902,3.1622776601683795,0.0217,0.0158489,0.0251189,0.723,0.7,0.8,1.68,1.5,2.0,21.8,1.04,0.0,1.0,True,0.01,0.95,10.0,39600.0,0.938,0.139
7291,1 - 1 - 2022,19800.0,2.949576240750525,2.3713730200033902,3.1622776601683795,0.0194,0.0158489,0.0251189,0.872,0.8,0.9,0.0758,0.05,0.1,544.0,16.4,0.0,1.0,True,0.01,0.95,10.0,39600.0,0.938,0.139
7292,1 - 1 - 2022,19800.0,2.6870057685088806,2.3713730200033902,3.1622776601683795,0.0202,0.0158489,0.0251189,0.847,0.8,0.9,0.154,0.1,0.2,1250.0,17.6,0.0,1.0,True,0.01,0.95,10.0,39600.0,0.938,0.139
7293,1 - 1 - 2022,19800.0,2.7331300737432898,2.3713730200033902,3.1622776601683795,0.0203,0.0158489,0.0251189,0.848,0.8,0.9,0.248,0.2,0.3,1520.0,19.4,0.0,1.0,True,0.01,0.95,10.0,39600.0,0.938,0.139
7294,1 - 1 - 2022,19800.0,2.7,2.3713730200033902,3.1622776601683795,0.0201,0.0158489,0.0251189,0.837,0.8,0.9,0.348,0.3,0.4,1580.0,19.7,0.0,1.0,True,0.01,0.95,10.0,39600.0,0.938,0.139
7295,1 - 1 - 2022,19800.0,2.677685567799177,2.3713730200033902,3.1622776601683795,0.0204,0.0158489,0.0251189,0.849,0.8,0.9,0.441,0.4,0.5,1520.0,19.4,0.0,1.0,True,0.01,0.95,10.0,39600.0,0.938,0.139
7296,1 - 1 - 2022,19800.0,2.745906043549196,2.3713730200033902,3.1622776601683795,0.0205,0.0158489,0.0251189,0.839,0.8,0.9,0.552,0.5,0.6,2070.0,22.6,0.0,1.0,True,0.01,0.95,10.0,39600.0,0.938,0.139
7297,1 - 1 - 2022,19800.0,2.7313000567495327,2.3713730200033902,3.1622776601683795,0.0201,0.0158489,0.0251189,0.837,0.8,0.9,0.661,0.6,0.7,1200.0,17.2,0.0,1.0,True,0.01,0.95,10.0,39600.0,0.938,0.139
7298,1 - 1 - 2022,19800.0,2.7586228448267445,2.3713730200033902,3.1622776601683795,0.0205,0.0158489,0.0251189,0.848,0.8,0.9,0.744,0.7,0.8,925.0,15.1,0.0,1.0,True,0.01,0.95,10.0,39600.0,0.938,0.139
7299,1 - 1 - 2022,19800.0,2.6532998322843198,2.3713730200033902,3.1622776601683795,0.0206,0.0158489,0.0251189,0.838,0.8,0.9,0.84,0.8,0.9,326.0,8.97,0.0,1.0,True,0.01,0.95,10.0,39600.0,0.938,0.139
7300,1 - 1 - 2022,19800.0,2.6286878856189833,2.3713730200033902,3.1622776601683795,0.0203,0.0158489,0.0251189,0.84,0.8,0.9,0.946,0.9,1.0,218.0,7.32,0.0,1.0,True,0.01,0.95,10.0,39600.0,0.938,0.139
7301,1 - 1 - 2022,19800.0,2.6608269391300143,2.3713730200033902,3.1622776601683795,0.0197,0.0158489,0.0251189,0.841,0.8,0.9,1.14,1.0,1.5,65.3,1.79,0.0,1.0,True,0.01,0.95,10.0,39600.0,0.938,0.139
7302,1 - 1 - 2022,19800.0,2.3706539182259396,1.7782800679308082,2.3713730200033902,0.0176,0.0158489,0.0251189,0.838,0.8,0.9,1.6,1.5,2.0,10.9,0.733,0.0,1.0,True,0.01,0.95,10.0,39600.0,0.938,0.139
7303,1 - 1 - 2022,19800.0,2.725802634087802,2.3713730200033902,3.1622776601683795,0.0204,0.0158489,0.0251189,0.932,0.9,1.0,0.087,0.05,0.1,218.0,10.4,0.0,1.0,True,0.01,0.95,10.0,39600.0,0.938,0.139
7304,1 - 1 - 2022,19800.0,2.6758176320519302,2.3713730200033902,3.1622776601683795,0.02,0.0158489,0.0251189,0.927,0.9,1.0,0.164,0.1,0.2,544.0,11.6,0.0,1.0,True,0.01,0.95,10.0,39600.0,0.938,0.139
7305,1 - 1 - 2022,19800.0,2.692582403567252,2.3713730200033902,3.1622776601683795,0.0195,0.0158489,0.0251189,0.934,0.9,1.0,0.246,0.2,0.3,544.0,11.6,0.0,1.0,True,0.01,0.95,10.0,39600.0,0.938,0.139
7306,1 - 1 - 2022,19800.0,2.727636339397171,2.3713730200033902,3.1622776601683795,0.0203,0.0158489,0.0251189,0.929,0.9,1.0,0.352,0.3,0.4,707.0,13.2,0.0,1.0,True,0.01,0.95,10.0,39600.0,0.938,0.139
7307,1 - 1 - 2022,19800.0,2.677685567799177,2.3713730200033902,3.1622776601683795,0.0199,0.0158489,0.0251189,0.919,0.9,1.0,0.448,0.4,0.5,381.0,9.69,0.0,1.0,True,0.01,0.95,10.0,39600.0,0.938,0.139
7308,1 - 1 - 2022,19800.0,2.8896366553599777,2.3713730200033902,3.1622776601683795,0.0199,0.0158489,0.0251189,0.925,0.9,1.0,0.541,0.5,0.6,490.0,11.0,0.0,1.0,True,0.01,0.95,10.0,39600.0,0.938,0.139
7309,1 - 1 - 2022,19800.0,2.553429066960741,2.3713730200033902,3.1622776601683795,0.0207,0.0158489,0.0251189,0.928,0.9,1.0,0.646,0.6,0.7,163.0,6.34,0.0,1.0,True,0.01,0.95,10.0,39600.0,0.938,0.139
7310,1 - 1 - 2022,19800.0,2.8053520278211077,2.3713730200033902,3.1622776601683795,0.0197,0.0158489,0.0251189,0.923,0.9,1.0,0.754,0.7,0.8,326.0,8.97,0.0,1.0,True,0.01,0.95,10.0,39600.0,0.938,0.139
7311,1 - 1 - 2022,19800.0,2.467792535850613,2.3713730200033902,3.1622776601683795,0.0198,0.0158489,0.0251189,0.911,0.9,1.0,0.9,0.9,1.0,54.4,3.66,0.0,1.0,True,0.01,0.95,10.0,39600.0,0.938,0.139
7312,1 - 1 - 2022,19800.0,3.0512292604784714,2.3713730200033902,3.1622776601683795,0.0227,0.0158489,0.0251189,0.925,0.9,1.0,0.929,0.9,1.0,54.4,3.66,0.0,1.0,True,0.01,0.95,10.0,39600.0,0.938,0.139
7313,1 - 1 - 2022,19800.0,2.8035691537752374,2.3713730200033902,3.1622776601683795,0.0224,0.0158489,0.0251189,0.924,0.9,1.0,1.08,1.0,1.5,32.6,1.27,0.0,1.0,True,0.01,0.95,10.0,39600.0,0.938,0.139
7314,1 - 1 - 2022,19800.0,2.9223278392404914,2.3713730200033902,3.1622776601683795,0.0292,0.0251189,0.0398107,0.0427,0.0,0.05,0.351,0.3,0.4,19000.0,76.9,18700.0,1.0,True,0.01,0.95,10.0,39600.0,0.938,0.139
7315,1 - 1 - 2022,19800.0,2.9,2.3713730200033902,3.1622776601683795,0.0293,0.0251189,0.0398107,0.0425,0.0,0.05,0.447,0.4,0.5,18200.0,75.2,17900.0,1.0,True,0.01,0.95,10.0,39600.0,0.938,0.139
7316,1 - 1 - 2022,19800.0,2.9068883707497264,2.3713730200033902,3.1622776601683795,0.0295,0.0251189,0.0398107,0.0431,0.0,0.05,0.546,0.5,0.6,16400.0,71.4,15900.0,1.0,True,0.01,0.95,10.0,39600.0,0.938,0.139
7317,1 - 1 - 2022,19800.0,2.9444863728670914,2.3713730200033902,3.1622776601683795,0.0295,0.0251189,0.0398107,0.0441,0.0,0.05,0.747,0.7,0.8,3910.0,34.9,3840.0,1.0,True,0.01,0.95,10.0,39600.0,0.938,0.139
7318,1 - 1 - 2022,19800.0,2.9359836511806394,2.3713730200033902,3.1622776601683795,0.0287,0.0251189,0.0398107,0.0434,0.0,0.05,0.842,0.8,0.9,3160.0,31.3,3090.0,1.0,True,0.01,0.95,10.0,39600.0,0.938,0.139
7319,1 - 1 - 2022,19800.0,2.8460498941515415,2.3713730200033902,3.1622776601683795,0.0314,0.0251189,0.0398107,0.0775,0.05,0.1,0.0332,0.0,0.05,10300.0,80.0,7280.0,1.0,True,0.01,0.95,10.0,39600.0,0.938,0.139
7320,1 - 1 - 2022,19800.0,2.8372521918222215,2.3713730200033902,3.1622776601683795,0.0304,0.0251189,0.0398107,0.0791,0.05,0.1,0.0769,0.05,0.1,29400.0,135.0,15500.0,1.0,True,0.01,0.95,10.0,39600.0,0.938,0.139
7321,1 - 1 - 2022,19800.0,2.8160255680657444,2.3713730200033902,3.1622776601683795,0.0305,0.0251189,0.0398107,0.0759,0.05,0.1,0.155,0.1,0.2,49500.0,124.0,26200.0,1.0,True,0.01,0.95,10.0,39600.0,0.938,0.139
7322,1 - 1 - 2022,19800.0,2.808914381037628,2.3713730200033902,3.1622776601683795,0.0304,0.0251189,0.0398107,0.0748,0.05,0.1,0.254,0.2,0.3,67300.0,145.0,33000.0,1.0,True,0.01,0.95,10.0,39600.0,0.938,0.139
7323,1 - 1 - 2022,19800.0,2.8106938645110393,2.3713730200033902,3.1622776601683795,0.0304,0.0251189,0.0398107,0.0733,0.05,0.1,0.35,0.3,0.4,80100.0,158.0,41300.0,1.0,True,0.01,0.95,10.0,39600.0,0.938,0.139
7324,1 - 1 - 2022,19800.0,2.792848008753788,2.3713730200033902,3.1622776601683795,0.0305,0.0251189,0.0398107,0.0734,0.05,0.1,0.448,0.4,0.5,73500.0,151.0,32100.0,1.0,True,0.01,0.95,10.0,39600.0,0.938,0.139
7325,1 - 1 - 2022,19800.0,2.8035691537752374,2.3713730200033902,3.1622776601683795,0.0306,0.0251189,0.0398107,0.0736,0.05,0.1,0.548,0.5,0.6,52500.0,128.0,20700.0,1.0,True,0.01,0.95,10.0,39600.0,0.938,0.139
7326,1 - 1 - 2022,19800.0,2.80713376952364,2.3713730200033902,3.1622776601683795,0.0309,0.0251189,0.0398107,0.074,0.05,0.1,0.649,0.6,0.7,37200.0,108.0,15900.0,1.0,True,0.01,0.95,10.0,39600.0,0.938,0.139
7327,1 - 1 - 2022,19800.0,2.80178514522438,2.3713730200033902,3.1622776601683795,0.0307,0.0251189,0.0398107,0.0736,0.05,0.1,0.745,0.7,0.8,26000.0,90.0,13500.0,1.0,True,0.01,0.95,10.0,39600.0,0.938,0.139
7328,1 - 1 - 2022,19800.0,2.792848008753788,2.3713730200033902,3.1622776601683795,0.0306,0.0251189,0.0398107,0.0738,0.05,0.1,0.843,0.8,0.9,15400.0,69.2,8860.0,1.0,True,0.01,0.95,10.0,39600.0,0.938,0.139
7329,1 - 1 - 2022,19800.0,2.812472222085047,2.3713730200033902,3.1622776601683795,0.0305,0.0251189,0.0398107,0.0756,0.05,0.1,0.944,0.9,1.0,8510.0,51.5,4940.0,1.0,True,0.01,0.95,10.0,39600.0,0.938,0.139
7330,1 - 1 - 2022,19800.0,2.8530685235374214,2.3713730200033902,3.1622776601683795,0.0304,0.0251189,0.0398107,0.0762,0.05,0.1,1.14,1.0,1.5,2270.0,11.9,1480.0,1.0,True,0.01,0.95,10.0,39600.0,0.938,0.139
7331,1 - 1 - 2022,19800.0,2.8337254630609507,2.3713730200033902,3.1622776601683795,0.0311,0.0251189,0.0398107,0.122,0.1,0.15,0.0338,0.0,0.05,7140.0,66.6,0.0,1.0,True,0.01,0.95,10.0,39600.0,0.938,0.139
7332,1 - 1 - 2022,19800.0,2.760434748368452,2.3713730200033902,3.1622776601683795,0.0303,0.0251189,0.0398107,0.123,0.1,0.15,0.0764,0.05,0.1,25800.0,127.0,137.0,1.0,True,0.01,0.95,10.0,39600.0,0.938,0.139
7333,1 - 1 - 2022,19800.0,2.7982137159266447,2.3713730200033902,3.1622776601683795,0.0306,0.0251189,0.0398107,0.123,0.1,0.15,0.154,0.1,0.2,44800.0,118.0,2330.0,1.0,True,0.01,0.95,10.0,39600.0,0.938,0.139
7334,1 - 1 - 2022,19800.0,2.8053520278211077,2.3713730200033902,3.1622776601683795,0.0307,0.0251189,0.0398107,0.123,0.1,0.15,0.252,0.2,0.3,54200.0,130.0,4260.0,1.0,True,0.01,0.95,10.0,39600.0,0.938,0.139
7335,1 - 1 - 2022,19800.0,2.80178514522438,2.3713730200033902,3.1622776601683795,0.0306,0.0251189,0.0398107,0.124,0.1,0.15,0.349,0.3,0.4,52100.0,127.0,4460.0,1.0,True,0.01,0.95,10.0,39600.0,0.938,0.139
7336,1 - 1 - 2022,19800.0,2.7838821814150108,2.3713730200033902,3.1622776601683795,0.0303,0.0251189,0.0398107,0.124,0.1,0.15,0.448,0.4,0.5,49600.0,124.0,3360.0,1.0,True,0.01,0.95,10.0,39600.0,0.938,0.139
7337,1 - 1 - 2022,19800.0,2.8,2.3713730200033902,3.1622776601683795,0.0309,0.0251189,0.0398107,0.124,0.1,0.15,0.549,0.5,0.6,39800.0,111.0,68.7,1.0,True,0.01,0.95,10.0,39600.0,0.938,0.139
7338,1 - 1 - 2022,19800.0,2.812472222085047,2.3713730200033902,3.1622776601683795,0.0304,0.0251189,0.0398107,0.124,0.1,0.15,0.646,0.6,0.7,29300.0,95.5,68.7,1.0,True,0.01,0.95,10.0,39600.0,0.938,0.139
7339,1 - 1 - 2022,19800.0,2.812472222085047,2.3713730200033902,3.1622776601683795,0.0308,0.0251189,0.0398107,0.124,0.1,0.15,0.744,0.7,0.8,19200.0,77.2,68.7,1.0,True,0.01,0.95,10.0,39600.0,0.938,0.139
7340,1 - 1 - 2022,19800.0,2.7586228448267445,2.3713730200033902,3.1622776601683795,0.0304,0.0251189,0.0398107,0.123,0.1,0.15,0.848,0.8,0.9,13400.0,64.5,0.0326,1.0,True,0.01,0.95,10.0,39600.0,0.938,0.139
7341,1 - 1 - 2022,19800.0,2.792848008753788,2.3713730200033902,3.1622776601683795,0.0299,0.0251189,0.0398107,0.124,0.1,0.15,0.945,0.9,1.0,7420.0,48.0,0.0408,1.0,True,0.01,0.95,10.0,39600.0,0.938,0.139
7342,1 - 1 - 2022,19800.0,2.821347195933177,2.3713730200033902,3.1622776601683795,0.0311,0.0251189,0.0398107,0.124,0.1,0.15,1.16,1.0,1.5,2110.0,11.5,165.0,1.0,True,0.01,0.95,10.0,39600.0,0.938,0.139
7343,1 - 1 - 2022,19800.0,2.7367864366808017,2.3713730200033902,3.1622776601683795,0.0291,0.0251189,0.0398107,0.126,0.1,0.15,1.63,1.5,2.0,192.0,3.46,54.9,1.0,True,0.01,0.95,10.0,39600.0,0.938,0.139
7344,1 - 1 - 2022,19800.0,2.749545416973504,2.3713730200033902,3.1622776601683795,0.0307,0.0251189,0.0398107,0.172,0.15,0.2,0.029,0.0,0.05,6730.0,64.7,0.0,1.0,True,0.01,0.95,10.0,39600.0,0.938,0.139
7345,1 - 1 - 2022,19800.0,2.821347195933177,2.3713730200033902,3.1622776601683795,0.0305,0.0251189,0.0398107,0.173,0.15,0.2,0.079,0.05,0.1,18500.0,107.0,0.0,1.0,True,0.01,0.95,10.0,39600.0,0.938,0.139
7346,1 - 1 - 2022,19800.0,2.8,2.3713730200033902,3.1622776601683795,0.0305,0.0251189,0.0398107,0.174,0.15,0.2,0.155,0.1,0.2,30100.0,96.7,0.0356,1.0,True,0.01,0.95,10.0,39600.0,0.938,0.139
7347,1 - 1 - 2022,19800.0,2.7982137159266447,2.3713730200033902,3.1622776601683795,0.0306,0.0251189,0.0398107,0.173,0.15,0.2,0.252,0.2,0.3,36800.0,107.0,1510.0,1.0,True,0.01,0.95,10.0,39600.0,0.938,0.139
7348,1 - 1 - 2022,19800.0,2.7982137159266447,2.3713730200033902,3.1622776601683795,0.0305,0.0251189,0.0398107,0.172,0.15,0.2,0.352,0.3,0.4,37600.0,108.0,3230.0,1.0,True,0.01,0.95,10.0,39600.0,0.938,0.139
7349,1 - 1 - 2022,19800.0,2.80178514522438,2.3713730200033902,3.1622776601683795,0.0305,0.0251189,0.0398107,0.173,0.15,0.2,0.447,0.4,0.5,31100.0,98.4,2680.0,1.0,True,0.01,0.95,10.0,39600.0,0.938,0.139
7350,1 - 1 - 2022,19800.0,2.787471972953271,2.3713730200033902,3.1622776601683795,0.0307,0.0251189,0.0398107,0.173,0.15,0.2,0.547,0.5,0.6,27500.0,92.5,2200.0,1.0,True,0.01,0.95,10.0,39600.0,0.938,0.139
7351,1 - 1 - 2022,19800.0,2.814249455894058,2.3713730200033902,3.1622776601683795,0.0306,0.0251189,0.0398107,0.174,0.15,0.2,0.649,0.6,0.7,20500.0,79.8,618.0,1.0,True,0.01,0.95,10.0,39600.0,0.938,0.139
7352,1 - 1 - 2022,19800.0,2.8160255680657444,2.3713730200033902,3.1622776601683795,0.0309,0.0251189,0.0398107,0.175,0.15,0.2,0.746,0.7,0.8,14600.0,67.3,549.0,1.0,True,0.01,0.95,10.0,39600.0,0.938,0.139
7353,1 - 1 - 2022,19800.0,2.794637722496424,2.3713730200033902,3.1622776601683795,0.0307,0.0251189,0.0398107,0.174,0.15,0.2,0.849,0.8,0.9,8790.0,52.3,0.0,1.0,True,0.01,0.95,10.0,39600.0,0.938,0.139
7354,1 - 1 - 2022,19800.0,2.8231188426986207,2.3713730200033902,3.1622776601683795,0.03,0.0251189,0.0398107,0.176,0.15,0.2,0.946,0.9,1.0,6660.0,45.5,0.0,1.0,True,0.01,0.95,10.0,39600.0,0.938,0.139
7355,1 - 1 - 2022,19800.0,2.812472222085047,2.3713730200033902,3.1622776601683795,0.0311,0.0251189,0.0398107,0.173,0.15,0.2,1.16,1.0,1.5,2020.0,11.2,0.0,1.0,True,0.01,0.95,10.0,39600.0,0.938,0.139
7356,1 - 1 - 2022,19800.0,2.8635642126552705,2.3713730200033902,3.1622776601683795,0.03,0.0251189,0.0398107,0.173,0.15,0.2,1.64,1.5,2.0,220.0,3.7,0.0,1.0,True,0.01,0.95,10.0,39600.0,0.938,0.139
7357,1 - 1 - 2022,19800.0,2.9120439557122073,2.3713730200033902,3.1622776601683795,0.0266,0.0251189,0.0398107,0.173,0.15,0.2,2.47,2.0,4.0,13.7,0.462,3.43,1.0,True,0.01,0.95,10.0,39600.0,0.938,0.139
7358,1 - 1 - 2022,19800.0,2.7820855486487113,2.3713730200033902,3.1622776601683795,0.0299,0.0251189,0.0398107,0.226,0.2,0.25,0.0347,0.0,0.05,4390.0,52.3,0.0,1.0,True,0.01,0.95,10.0,39600.0,0.938,0.139
7359,1 - 1 - 2022,19800.0,2.7982137159266447,2.3713730200033902,3.1622776601683795,0.0305,0.0251189,0.0398107,0.225,0.2,0.25,0.0785,0.05,0.1,11400.0,84.2,0.0,1.0,True,0.01,0.95,10.0,39600.0,0.938,0.139
7360,1 - 1 - 2022,19800.0,2.8106938645110393,2.3713730200033902,3.1622776601683795,0.0306,0.0251189,0.0398107,0.222,0.2,0.25,0.155,0.1,0.2,19800.0,78.6,68.7,1.0,True,0.01,0.95,10.0,39600.0,0.938,0.139
7361,1 - 1 - 2022,19800.0,2.7802877548915688,2.3713730200033902,3.1622776601683795,0.0303,0.0251189,0.0398107,0.223,0.2,0.25,0.252,0.2,0.3,24200.0,86.7,824.0,1.0,True,0.01,0.95,10.0,39600.0,0.938,0.139
7362,1 - 1 - 2022,19800.0,2.8,2.3713730200033902,3.1622776601683795,0.0309,0.0251189,0.0398107,0.222,0.2,0.25,0.349,0.3,0.4,24600.0,87.6,1790.0,1.0,True,0.01,0.95,10.0,39600.0,0.938,0.139
7363,1 - 1 - 2022,19800.0,2.794637722496424,2.3713730200033902,3.1622776601683795,0.0308,0.0251189,0.0398107,0.223,0.2,0.25,0.448,0.4,0.5,25500.0,89.1,3020.0,1.0,True,0.01,0.95,10.0,39600.0,0.938,0.139
7364,1 - 1 - 2022,19800.0,2.7964262908219126,2.3713730200033902,3.1622776601683795,0.0306,0.0251189,0.0398107,0.222,0.2,0.25,0.548,0.5,0.6,22200.0,83.1,2950.0,1.0,True,0.01,0.95,10.0,39600.0,0.938,0.139
7365,1 - 1 - 2022,19800.0,2.7892651361962706,2.3713730200033902,3.1622776601683795,0.0304,0.0251189,0.0398107,0.224,0.2,0.25,0.647,0.6,0.7,15600.0,69.6,2750.0,1.0,True,0.01,0.95,10.0,39600.0,0.938,0.139
7366,1 - 1 - 2022,19800.0,2.7982137159266447,2.3713730200033902,3.1622776601683795,0.031,0.0251189,0.0398107,0.225,0.2,0.25,0.747,0.7,0.8,13000.0,63.7,1510.0,1.0,True,0.01,0.95,10.0,39600.0,0.938,0.139
7367,1 - 1 - 2022,19800.0,2.7910571473905725,2.3713730200033902,3.1622776601683795,0.0302,0.0251189,0.0398107,0.224,0.2,0.25,0.85,0.8,0.9,8930.0,52.7,893.0,1.0,True,0.01,0.95,10.0,39600.0,0.938,0.139
7368,1 - 1 - 2022,19800.0,2.8160255680657444,2.3713730200033902,3.1622776601683795,0.0309,0.0251189,0.0398107,0.223,0.2,0.25,0.949,0.9,1.0,5630.0,41.8,68.7,1.0,True,0.01,0.95,10.0,39600.0,0.938,0.139
7369,1 - 1 - 2022,19800.0,2.8442925306655784,2.3713730200033902,3.1622776601683795,0.0311,0.0251189,0.0398107,0.223,0.2,0.25,1.14,1.0,1.5,1590.0,9.95,13.7,1.0,True,0.01,0.95,10.0,39600.0,0.938,0.139
7370,1 - 1 - 2022,19800.0,2.831960451701259,2.3713730200033902,3.1622776601683795,0.0317,0.0251189,0.0398107,0.226,0.2,0.25,1.72,1.5,2.0,124.0,2.77,0.0,1.0,True,0.01,0.95,10.0,39600.0,0.938,0.139
7371,1 - 1 - 2022,19800.0,2.9223278392404914,2.3713730200033902,3.1622776601683795,0.0294,0.0251189,0.0398107,0.224,0.2,0.25,2.11,2.0,4.0,17.2,0.517,0.0,1.0,True,0.01,0.95,10.0,39600.0,0.938,0.139
7372,1 - 1 - 2022,19800.0,2.8106938645110393,2.3713730200033902,3.1622776601683795,0.0305,0.0251189,0.0398107,0.272,0.25,0.3,0.0304,0.0,0.05,3430.0,46.2,0.0,1.0,True,0.01,0.95,10.0,39600.0,0.938,0.139
7373,1 - 1 - 2022,19800.0,2.794637722496424,2.3713730200033902,3.1622776601683795,0.0303,0.0251189,0.0398107,0.272,0.25,0.3,0.0791,0.05,0.1,7140.0,66.7,0.0,1.0,True,0.01,0.95,10.0,39600.0,0.938,0.139
7374,1 - 1 - 2022,19800.0,2.794637722496424,2.3713730200033902,3.1622776601683795,0.0309,0.0251189,0.0398107,0.275,0.25,0.3,0.154,0.1,0.2,12900.0,63.4,137.0,1.0,True,0.01,0.95,10.0,39600.0,0.938,0.139
7375,1 - 1 - 2022,19800.0,2.792848008753788,2.3713730200033902,3.1622776601683795,0.0309,0.0251189,0.0398107,0.274,0.25,0.3,0.253,0.2,0.3,18300.0,75.5,68.7,1.0,True,0.01,0.95,10.0,39600.0,0.938,0.139
7376,1 - 1 - 2022,19800.0,2.80713376952364,2.3713730200033902,3.1622776601683795,0.0307,0.0251189,0.0398107,0.275,0.25,0.3,0.349,0.3,0.4,17400.0,73.7,1300.0,1.0,True,0.01,0.95,10.0,39600.0,0.938,0.139
7377,1 - 1 - 2022,19800.0,2.7748873851023217,2.3713730200033902,3.1622776601683795,0.0304,0.0251189,0.0398107,0.273,0.25,0.3,0.451,0.4,0.5,17000.0,72.8,2200.0,1.0,True,0.01,0.95,10.0,39600.0,0.938,0.139
7378,1 - 1 - 2022,19800.0,2.7694764848252458,2.3713730200033902,3.1622776601683795,0.0304,0.0251189,0.0398107,0.274,0.25,0.3,0.55,0.5,0.6,14400.0,67.0,2540.0,1.0,True,0.01,0.95,10.0,39600.0,0.938,0.139
7379,1 - 1 - 2022,19800.0,2.8053520278211077,2.3713730200033902,3.1622776601683795,0.0304,0.0251189,0.0398107,0.273,0.25,0.3,0.645,0.6,0.7,11400.0,59.5,1440.0,1.0,True,0.01,0.95,10.0,39600.0,0.938,0.139
7380,1 - 1 - 2022,19800.0,2.7964262908219126,2.3713730200033902,3.1622776601683795,0.0305,0.0251189,0.0398107,0.275,0.25,0.3,0.75,0.7,0.8,9340.0,53.9,1440.0,1.0,True,0.01,0.95,10.0,39600.0,0.938,0.139
7381,1 - 1 - 2022,19800.0,2.8053520278211077,2.3713730200033902,3.1622776601683795,0.0308,0.0251189,0.0398107,0.274,0.25,0.3,0.849,0.8,0.9,6520.0,45.0,1170.0,1.0,True,0.01,0.95,10.0,39600.0,0.938,0.139
7382,1 - 1 - 2022,19800.0,2.792848008753788,2.3713730200033902,3.1622776601683795,0.0305,0.0251189,0.0398107,0.272,0.25,0.3,0.944,0.9,1.0,4050.0,35.5,687.0,1.0,True,0.01,0.95,10.0,39600.0,0.938,0.139
7383,1 - 1 - 2022,19800.0,2.8053520278211077,2.3713730200033902,3.1622776601683795,0.0302,0.0251189,0.0398107,0.275,0.25,0.3,1.15,1.0,1.5,1030.0,8.0,82.4,1.0,True,0.01,0.95,10.0,39600.0,0.938,0.139
7384,1 - 1 - 2022,19800.0,2.85657137141714,2.3713730200033902,3.1622776601683795,0.0296,0.0251189,0.0398107,0.27,0.25,0.3,1.69,1.5,2.0,233.0,3.81,0.0,1.0,True,0.01,0.95,10.0,39600.0,0.938,0.139
7385,1 - 1 - 2022,19800.0,2.6888659319497505,2.3713730200033902,3.1622776601683795,0.0283,0.0251189,0.0398107,0.27,0.25,0.3,2.58,2.0,4.0,13.7,0.462,0.0,1.0,True,0.01,0.95,10.0,39600.0,0.938,0.139
7386,1 - 1 - 2022,19800.0,2.7477263328068173,2.3713730200033902,3.1622776601683795,0.0307,0.0251189,0.0398107,0.358,0.3,0.4,0.0297,0.0,0.05,1370.0,20.7,0.0,1.0,True,0.01,0.95,10.0,39600.0,0.938,0.139
7387,1 - 1 - 2022,19800.0,2.7820855486487113,2.3713730200033902,3.1622776601683795,0.031,0.0251189,0.0398107,0.346,0.3,0.4,0.076,0.05,0.1,4260.0,36.4,0.0,1.0,True,0.01,0.95,10.0,39600.0,0.938,0.139
7388,1 - 1 - 2022,19800.0,2.7856776554368237,2.3713730200033902,3.1622776601683795,0.0301,0.0251189,0.0398107,0.349,0.3,0.4,0.152,0.1,0.2,7040.0,33.1,68.7,1.0,True,0.01,0.95,10.0,39600.0,0.938,0.139
7389,1 - 1 - 2022,19800.0,2.8231188426986207,2.3713730200033902,3.1622776601683795,0.0305,0.0251189,0.0398107,0.342,0.3,0.4,0.253,0.2,0.3,12000.0,43.3,0.0,1.0,True,0.01,0.95,10.0,39600.0,0.938,0.139
7390,1 - 1 - 2022,19800.0,2.778488797889961,2.3713730200033902,3.1622776601683795,0.0304,0.0251189,0.0398107,0.343,0.3,0.4,0.349,0.3,0.4,11500.0,42.4,172.0,1.0,True,0.01,0.95,10.0,39600.0,0.938,0.139
7391,1 - 1 - 2022,19800.0,2.7910571473905725,2.3713730200033902,3.1622776601683795,0.0308,0.0251189,0.0398107,0.346,0.3,0.4,0.447,0.4,0.5,9920.0,39.3,515.0,1.0,True,0.01,0.95,10.0,39600.0,0.938,0.139
7392,1 - 1 - 2022,19800.0,2.812472222085047,2.3713730200033902,3.1622776601683795,0.031,0.0251189,0.0398107,0.343,0.3,0.4,0.549,0.5,0.6,9100.0,37.6,1030.0,1.0,True,0.01,0.95,10.0,39600.0,0.938,0.139
7393,1 - 1 - 2022,19800.0,2.7910571473905725,2.3713730200033902,3.1622776601683795,0.0306,0.0251189,0.0398107,0.346,0.3,0.4,0.649,0.6,0.7,7110.0,33.2,1030.0,1.0,True,0.01,0.95,10.0,39600.0,0.938,0.139
7394,1 - 1 - 2022,19800.0,2.7982137159266447,2.3713730200033902,3.1622776601683795,0.0308,0.0251189,0.0398107,0.346,0.3,0.4,0.747,0.7,0.8,5050.0,28.0,1030.0,1.0,True,0.01,0.95,10.0,39600.0,0.938,0.139
7395,1 - 1 - 2022,19800.0,2.751363298439521,2.3713730200033902,3.1622776601683795,0.0298,0.0251189,0.0398107,0.346,0.3,0.4,0.848,0.8,0.9,4630.0,26.8,755.0,1.0,True,0.01,0.95,10.0,39600.0,0.938,0.139
7396,1 - 1 - 2022,19800.0,2.7964262908219126,2.3713730200033902,3.1622776601683795,0.0308,0.0251189,0.0398107,0.344,0.3,0.4,0.949,0.9,1.0,2330.0,19.1,412.0,1.0,True,0.01,0.95,10.0,39600.0,0.938,0.139
7397,1 - 1 - 2022,19800.0,2.7766886753829643,2.3713730200033902,3.1622776601683795,0.0302,0.0251189,0.0398107,0.346,0.3,0.4,1.17,1.0,1.5,783.0,4.93,82.4,1.0,True,0.01,0.95,10.0,39600.0,0.938,0.139
7398,1 - 1 - 2022,19800.0,2.8372521918222215,2.3713730200033902,3.1622776601683795,0.0308,0.0251189,0.0398107,0.356,0.3,0.4,1.68,1.5,2.0,130.0,2.01,6.87,1.0,True,0.01,0.95,10.0,39600.0,0.938,0.139
7399,1 - 1 - 2022,19800.0,2.7184554438136375,2.3713730200033902,3.1622776601683795,0.0337,0.0251189,0.0398107,0.354,0.3,0.4,2.59,2.0,4.0,8.58,0.258,1.72,1.0,True,0.01,0.95,10.0,39600.0,0.938,0.139
7400,1 - 1 - 2022,19800.0,2.8407745422683583,2.3713730200033902,3.1622776601683795,0.0299,0.0251189,0.0398107,0.451,0.4,0.5,0.0366,0.0,0.05,1030.0,17.9,0.0,1.0,True,0.01,0.95,10.0,39600.0,0.938,0.139
7401,1 - 1 - 2022,19800.0,2.7586228448267445,2.3713730200033902,3.1622776601683795,0.0314,0.0251189,0.0398107,0.444,0.4,0.5,0.0763,0.05,0.1,2540.0,28.1,0.0,1.0,True,0.01,0.95,10.0,39600.0,0.938,0.139
7402,1 - 1 - 2022,19800.0,2.7712812921102037,2.3713730200033902,3.1622776601683795,0.03,0.0251189,0.0398107,0.444,0.4,0.5,0.154,0.1,0.2,3980.0,24.9,0.0,1.0,True,0.01,0.95,10.0,39600.0,0.938,0.139
7403,1 - 1 - 2022,19800.0,2.7802877548915688,2.3713730200033902,3.1622776601683795,0.0302,0.0251189,0.0398107,0.448,0.4,0.5,0.253,0.2,0.3,6040.0,30.7,68.7,1.0,True,0.01,0.95,10.0,39600.0,0.938,0.139
7404,1 - 1 - 2022,19800.0,2.817800560721074,2.3713730200033902,3.1622776601683795,0.0312,0.0251189,0.0398107,0.444,0.4,0.5,0.35,0.3,0.4,6080.0,30.7,0.0,1.0,True,0.01,0.95,10.0,39600.0,0.938,0.139
7405,1 - 1 - 2022,19800.0,2.8,2.3713730200033902,3.1622776601683795,0.0306,0.0251189,0.0398107,0.443,0.4,0.5,0.451,0.4,0.5,5730.0,29.9,0.0,1.0,True,0.01,0.95,10.0,39600.0,0.938,0.139
7406,1 - 1 - 2022,19800.0,2.787471972953271,2.3713730200033902,3.1622776601683795,0.0308,0.0251189,0.0398107,0.447,0.4,0.5,0.55,0.5,0.6,4570.0,26.6,34.3,1.0,True,0.01,0.95,10.0,39600.0,0.938,0.139
7407,1 - 1 - 2022,19800.0,2.7892651361962706,2.3713730200033902,3.1622776601683795,0.0303,0.0251189,0.0398107,0.445,0.4,0.5,0.647,0.6,0.7,4090.0,25.2,172.0,1.0,True,0.01,0.95,10.0,39600.0,0.938,0.139
7408,1 - 1 - 2022,19800.0,2.812472222085047,2.3713730200033902,3.1622776601683795,0.0306,0.0251189,0.0398107,0.444,0.4,0.5,0.747,0.7,0.8,2850.0,21.1,343.0,1.0,True,0.01,0.95,10.0,39600.0,0.938,0.139
7409,1 - 1 - 2022,19800.0,2.7367864366808017,2.3713730200033902,3.1622776601683795,0.0303,0.0251189,0.0398107,0.448,0.4,0.5,0.842,0.8,0.9,2370.0,19.2,549.0,1.0,True,0.01,0.95,10.0,39600.0,0.938,0.139
7410,1 - 1 - 2022,19800.0,2.8478061731796283,2.3713730200033902,3.1622776601683795,0.0318,0.0251189,0.0398107,0.448,0.4,0.5,0.941,0.9,1.0,1300.0,14.2,206.0,1.0,True,0.01,0.95,10.0,39600.0,0.938,0.139
7411,1 - 1 - 2022,19800.0,2.8231188426986207,2.3713730200033902,3.1622776601683795,0.0309,0.0251189,0.0398107,0.448,0.4,0.5,1.17,1.0,1.5,584.0,4.26,124.0,1.0,True,0.01,0.95,10.0,39600.0,0.938,0.139
7412,1 - 1 - 2022,19800.0,2.7694764848252458,2.3713730200033902,3.1622776601683795,0.03,0.0251189,0.0398107,0.439,0.4,0.5,1.69,1.5,2.0,82.4,1.6,0.0,1.0,True,0.01,0.95,10.0,39600.0,0.938,0.139
7413,1 - 1 - 2022,19800.0,2.8635642126552705,2.3713730200033902,3.1622776601683795,0.0308,0.0251189,0.0398107,0.447,0.4,0.5,2.39,2.0,4.0,5.15,0.2,0.0,1.0,True,0.01,0.95,10.0,39600.0,0.938,0.139
7414,1 - 1 - 2022,19800.0,2.8653097563788807,2.3713730200033902,3.1622776601683795,0.0294,0.0251189,0.0398107,0.538,0.5,0.6,0.0336,0.0,0.05,961.0,17.3,0.0,1.0,True,0.01,0.95,10.0,39600.0,0.938,0.139
7415,1 - 1 - 2022,19800.0,2.7658633371878665,2.3713730200033902,3.1622776601683795,0.0296,0.0251189,0.0398107,0.543,0.5,0.6,0.0797,0.05,0.1,1300.0,20.1,0.0,1.0,True,0.01,0.95,10.0,39600.0,0.938,0.139
7416,1 - 1 - 2022,19800.0,2.7676705006196096,2.3713730200033902,3.1622776601683795,0.0305,0.0251189,0.0398107,0.545,0.5,0.6,0.148,0.1,0.2,3430.0,23.1,0.0,1.0,True,0.01,0.95,10.0,39600.0,0.938,0.139
7417,1 - 1 - 2022,19800.0,2.7694764848252458,2.3713730200033902,3.1622776601683795,0.0307,0.0251189,0.0398107,0.547,0.5,0.6,0.25,0.2,0.3,4290.0,25.8,34.3,1.0,True,0.01,0.95,10.0,39600.0,0.938,0.139
7418,1 - 1 - 2022,19800.0,2.812472222085047,2.3713730200033902,3.1622776601683795,0.0307,0.0251189,0.0398107,0.542,0.5,0.6,0.359,0.3,0.4,3060.0,21.8,0.0,1.0,True,0.01,0.95,10.0,39600.0,0.938,0.139
7419,1 - 1 - 2022,19800.0,2.7766886753829643,2.3713730200033902,3.1622776601683795,0.0299,0.0251189,0.0398107,0.548,0.5,0.6,0.453,0.4,0.5,3740.0,24.1,0.0,1.0,True,0.01,0.95,10.0,39600.0,0.938,0.139
7420,1 - 1 - 2022,19800.0,2.7640549922170505,2.3713730200033902,3.1622776601683795,0.0295,0.0251189,0.0398107,0.541,0.5,0.6,0.55,0.5,0.6,2990.0,21.6,0.0,1.0,True,0.01,0.95,10.0,39600.0,0.938,0.139
7421,1 - 1 - 2022,19800.0,2.817800560721074,2.3713730200033902,3.1622776601683795,0.0313,0.0251189,0.0398107,0.542,0.5,0.6,0.65,0.6,0.7,2330.0,19.1,34.3,1.0,True,0.01,0.95,10.0,39600.0,0.938,0.139
7422,1 - 1 - 2022,19800.0,2.787471972953271,2.3713730200033902,3.1622776601683795,0.03,0.0251189,0.0398107,0.546,0.5,0.6,0.748,0.7,0.8,1890.0,17.1,103.0,1.0,True,0.01,0.95,10.0,39600.0,0.938,0.139
7423,1 - 1 - 2022,19800.0,2.821347195933177,2.3713730200033902,3.1622776601683795,0.0303,0.0251189,0.0398107,0.547,0.5,0.6,0.848,0.8,0.9,1130.0,13.3,34.3,1.0,True,0.01,0.95,10.0,39600.0,0.938,0.139
7424,1 - 1 - 2022,19800.0,2.8035691537752374,2.3713730200033902,3.1622776601683795,0.0297,0.0251189,0.0398107,0.541,0.5,0.6,0.949,0.9,1.0,858.0,11.6,137.0,1.0,True,0.01,0.95,10.0,39600.0,0.938,0.139
7425,1 - 1 - 2022,19800.0,2.7982137159266447,2.3713730200033902,3.1622776601683795,0.0301,0.0251189,0.0398107,0.549,0.5,0.6,1.11,1.0,1.5,302.0,3.07,34.3,1.0,True,0.01,0.95,10.0,39600.0,0.938,0.139
7426,1 - 1 - 2022,19800.0,2.7037011669191546,2.3713730200033902,3.1622776601683795,0.0294,0.0251189,0.0398107,0.548,0.5,0.6,1.59,1.5,2.0,41.2,1.13,13.7,1.0,True,0.01,0.95,10.0,39600.0,0.938,0.139
7427,1 - 1 - 2022,19800.0,2.7313000567495327,2.3713730200033902,3.1622776601683795,0.027,0.0251189,0.0398107,0.534,0.5,0.6,2.41,2.0,4.0,3.43,0.163,0.0,1.0,True,0.01,0.95,10.0,39600.0,0.938,0.139
7428,1 - 1 - 2022,19800.0,2.9189039038652846,2.3713730200033902,3.1622776601683795,0.0377,0.0251189,0.0398107,0.651,0.6,0.7,0.0342,0.0,0.05,275.0,9.24,0.0,1.0,True,0.01,0.95,10.0,39600.0,0.938,0.139
7429,1 - 1 - 2022,19800.0,2.72213151776324,2.3713730200033902,3.1622776601683795,0.0305,0.0251189,0.0398107,0.628,0.6,0.7,0.0757,0.05,0.1,755.0,15.3,0.0,1.0,True,0.01,0.95,10.0,39600.0,0.938,0.139
7430,1 - 1 - 2022,19800.0,2.7802877548915688,2.3713730200033902,3.1622776601683795,0.0302,0.0251189,0.0398107,0.639,0.6,0.7,0.159,0.1,0.2,1340.0,14.4,68.6,1.0,True,0.01,0.95,10.0,39600.0,0.938,0.139
7431,1 - 1 - 2022,19800.0,2.7802877548915688,2.3713730200033902,3.1622776601683795,0.03,0.0251189,0.0398107,0.641,0.6,0.7,0.245,0.2,0.3,2370.0,19.2,0.0,1.0,True,0.01,0.95,10.0,39600.0,0.938,0.139
7432,1 - 1 - 2022,19800.0,2.7748873851023217,2.3713730200033902,3.1622776601683795,0.0312,0.0251189,0.0398107,0.643,0.6,0.7,0.351,0.3,0.4,2510.0,19.7,0.0,1.0,True,0.01,0.95,10.0,39600.0,0.938,0.139
7433,1 - 1 - 2022,19800.0,2.7856776554368237,2.3713730200033902,3.1622776601683795,0.0308,0.0251189,0.0398107,0.641,0.6,0.7,0.446,0.4,0.5,2200.0,18.5,0.0,1.0,True,0.01,0.95,10.0,39600.0,0.938,0.139
7434,1 - 1 - 2022,19800.0,2.7313000567495327,2.3713730200033902,3.1622776601683795,0.0303,0.0251189,0.0398107,0.657,0.6,0.7,0.547,0.5,0.6,1200.0,13.7,0.0,1.0,True,0.01,0.95,10.0,39600.0,0.938,0.139
7435,1 - 1 - 2022,19800.0,2.7712812921102037,2.3713730200033902,3.1622776601683795,0.0318,0.0251189,0.0398107,0.643,0.6,0.7,0.643,0.6,0.7,1370.0,14.6,0.0,1.0,True,0.01,0.95,10.0,39600.0,0.938,0.139
7436,1 - 1 - 2022,19800.0,2.7964262908219126,2.3713730200033902,3.1622776601683795,0.0304,0.0251189,0.0398107,0.644,0.6,0.7,0.745,0.7,0.8,1060.0,12.9,0.0,1.0,True,0.01,0.95,10.0,39600.0,0.938,0.139
7437,1 - 1 - 2022,19800.0,2.7730849247724096,2.3713730200033902,3.1622776601683795,0.0308,0.0251189,0.0398107,0.644,0.6,0.7,0.846,0.8,0.9,995.0,12.4,0.0,1.0,True,0.01,0.95,10.0,39600.0,0.938,0.139
7438,1 - 1 - 2022,19800.0,2.951270912674741,2.3713730200033902,3.1622776601683795,0.0327,0.0251189,0.0398107,0.635,0.6,0.7,0.947,0.9,1.0,343.0,7.31,34.3,1.0,True,0.01,0.95,10.0,39600.0,0.938,0.139
7439,1 - 1 - 2022,19800.0,2.7748873851023217,2.3713730200033902,3.1622776601683795,0.0297,0.0251189,0.0398107,0.649,0.6,0.7,1.17,1.0,1.5,227.0,2.65,41.2,1.0,True,0.01,0.95,10.0,39600.0,0.938,0.139
7440,1 - 1 - 2022,19800.0,2.9782545223670858,2.3713730200033902,3.1622776601683795,0.0294,0.0251189,0.0398107,0.656,0.6,0.7,1.67,1.5,2.0,27.5,0.924,6.86,1.0,True,0.01,0.95,10.0,39600.0,0.938,0.139
7441,1 - 1 - 2022,19800.0,2.9597297173897483,2.3713730200033902,3.1622776601683795,0.0318,0.0251189,0.0398107,0.694,0.6,0.7,3.28,2.0,4.0,1.72,0.116,0.0,1.0,True,0.01,0.95,10.0,39600.0,0.938,0.139
7442,1 - 1 - 2022,19800.0,2.723967694375247,2.3713730200033902,3.1622776601683795,0.0374,0.0251189,0.0398107,0.706,0.7,0.8,0.0272,0.0,0.05,68.6,4.62,0.0,1.0,True,0.01,0.95,10.0,39600.0,0.938,0.139
7443,1 - 1 - 2022,19800.0,2.8635642126552705,2.3713730200033902,3.1622776601683795,0.0296,0.0251189,0.0398107,0.744,0.7,0.8,0.0769,0.05,0.1,549.0,13.1,0.0,1.0,True,0.01,0.95,10.0,39600.0,0.938,0.139
7444,1 - 1 - 2022,19800.0,2.814249455894058,2.3713730200033902,3.1622776601683795,0.0306,0.0251189,0.0398107,0.759,0.7,0.8,0.147,0.1,0.2,858.0,11.6,0.0,1.0,True,0.01,0.95,10.0,39600.0,0.938,0.139
7445,1 - 1 - 2022,19800.0,2.7838821814150108,2.3713730200033902,3.1622776601683795,0.0307,0.0251189,0.0398107,0.746,0.7,0.8,0.261,0.2,0.3,1270.0,14.1,0.0,1.0,True,0.01,0.95,10.0,39600.0,0.938,0.139
7446,1 - 1 - 2022,19800.0,2.808914381037628,2.3713730200033902,3.1622776601683795,0.0305,0.0251189,0.0398107,0.755,0.7,0.8,0.35,0.3,0.4,1680.0,16.2,0.0,1.0,True,0.01,0.95,10.0,39600.0,0.938,0.139
7447,1 - 1 - 2022,19800.0,2.8160255680657444,2.3713730200033902,3.1622776601683795,0.0308,0.0251189,0.0398107,0.753,0.7,0.8,0.451,0.4,0.5,1340.0,14.4,0.0,1.0,True,0.01,0.95,10.0,39600.0,0.938,0.139
7448,1 - 1 - 2022,19800.0,2.7676705006196096,2.3713730200033902,3.1622776601683795,0.0307,0.0251189,0.0398107,0.743,0.7,0.8,0.546,0.5,0.6,1200.0,13.7,0.0,1.0,True,0.01,0.95,10.0,39600.0,0.938,0.139
7449,1 - 1 - 2022,19800.0,2.842534080710379,2.3713730200033902,3.1622776601683795,0.0299,0.0251189,0.0398107,0.754,0.7,0.8,0.642,0.6,0.7,858.0,11.6,0.0,1.0,True,0.01,0.95,10.0,39600.0,0.938,0.139
7450,1 - 1 - 2022,19800.0,2.8284271247461903,2.3713730200033902,3.1622776601683795,0.0314,0.0251189,0.0398107,0.737,0.7,0.8,0.743,0.7,0.8,755.0,10.8,0.0,1.0,True,0.01,0.95,10.0,39600.0,0.938,0.139
7451,1 - 1 - 2022,19800.0,2.808914381037628,2.3713730200033902,3.1622776601683795,0.0312,0.0251189,0.0398107,0.748,0.7,0.8,0.845,0.8,0.9,412.0,8.01,0.0,1.0,True,0.01,0.95,10.0,39600.0,0.938,0.139
7452,1 - 1 - 2022,19800.0,2.835489375751565,2.3713730200033902,3.1622776601683795,0.0279,0.0251189,0.0398107,0.732,0.7,0.8,0.93,0.9,1.0,172.0,5.17,0.0,1.0,True,0.01,0.95,10.0,39600.0,0.938,0.139
7453,1 - 1 - 2022,19800.0,2.8513154858766505,2.3713730200033902,3.1622776601683795,0.0313,0.0251189,0.0398107,0.759,0.7,0.8,1.21,1.0,1.5,75.5,1.53,0.0,1.0,True,0.01,0.95,10.0,39600.0,0.938,0.139
7454,1 - 1 - 2022,19800.0,2.9410882339705484,2.3713730200033902,3.1622776601683795,0.0354,0.0251189,0.0398107,0.896,0.8,0.9,0.021,0.0,0.05,68.6,4.62,0.0,1.0,True,0.01,0.95,10.0,39600.0,0.938,0.139
7455,1 - 1 - 2022,19800.0,2.8513154858766505,2.3713730200033902,3.1622776601683795,0.0309,0.0251189,0.0398107,0.839,0.8,0.9,0.151,0.1,0.2,721.0,10.6,0.0,1.0,True,0.01,0.95,10.0,39600.0,0.938,0.139
7456,1 - 1 - 2022,19800.0,2.749545416973504,2.3713730200033902,3.1622776601683795,0.0308,0.0251189,0.0398107,0.845,0.8,0.9,0.258,0.2,0.3,1240.0,13.9,0.0,1.0,True,0.01,0.95,10.0,39600.0,0.938,0.139
7457,1 - 1 - 2022,19800.0,2.7910571473905725,2.3713730200033902,3.1622776601683795,0.0312,0.0251189,0.0398107,0.848,0.8,0.9,0.344,0.3,0.4,1240.0,13.9,0.0,1.0,True,0.01,0.95,10.0,39600.0,0.938,0.139
7458,1 - 1 - 2022,19800.0,2.7622454633866265,2.3713730200033902,3.1622776601683795,0.0311,0.0251189,0.0398107,0.85,0.8,0.9,0.449,0.4,0.5,1060.0,12.9,0.0,1.0,True,0.01,0.95,10.0,39600.0,0.938,0.139
7459,1 - 1 - 2022,19800.0,2.72213151776324,2.3713730200033902,3.1622776601683795,0.031,0.0251189,0.0398107,0.854,0.8,0.9,0.543,0.5,0.6,618.0,9.8,0.0,1.0,True,0.01,0.95,10.0,39600.0,0.938,0.139
7460,1 - 1 - 2022,19800.0,2.7440845468024486,2.3713730200033902,3.1622776601683795,0.0311,0.0251189,0.0398107,0.848,0.8,0.9,0.642,0.6,0.7,378.0,7.66,0.0,1.0,True,0.01,0.95,10.0,39600.0,0.938,0.139
7461,1 - 1 - 2022,19800.0,2.7386127875258306,2.3713730200033902,3.1622776601683795,0.0298,0.0251189,0.0398107,0.852,0.8,0.9,0.745,0.7,0.8,549.0,9.24,0.0,1.0,True,0.01,0.95,10.0,39600.0,0.938,0.139
7462,1 - 1 - 2022,19800.0,2.7640549922170505,2.3713730200033902,3.1622776601683795,0.0282,0.0251189,0.0398107,0.845,0.8,0.9,0.833,0.8,0.9,240.0,6.11,0.0,1.0,True,0.01,0.95,10.0,39600.0,0.938,0.139
7463,1 - 1 - 2022,19800.0,2.8337254630609507,2.3713730200033902,3.1622776601683795,0.0305,0.0251189,0.0398107,0.855,0.8,0.9,0.949,0.9,1.0,103.0,4.0,0.0,1.0,True,0.01,0.95,10.0,39600.0,0.938,0.139
7464,1 - 1 - 2022,19800.0,2.7910571473905725,2.3713730200033902,3.1622776601683795,0.0276,0.0251189,0.0398107,0.835,0.8,0.9,1.09,1.0,1.5,20.6,0.8,0.0,1.0,True,0.01,0.95,10.0,39600.0,0.938,0.139
7465,1 - 1 - 2022,19800.0,3.1336879231984796,2.3713730200033902,3.1622776601683795,0.0289,0.0251189,0.0398107,0.921,0.9,1.0,0.0836,0.05,0.1,68.7,4.62,0.0,1.0,True,0.01,0.95,10.0,39600.0,0.938,0.139
7466,1 - 1 - 2022,19800.0,2.694438717061496,2.3713730200033902,3.1622776601683795,0.0288,0.0251189,0.0398107,0.945,0.9,1.0,0.156,0.1,0.2,68.6,3.27,0.0,1.0,True,0.01,0.95,10.0,39600.0,0.938,0.139
7467,1 - 1 - 2022,19800.0,2.751363298439521,2.3713730200033902,3.1622776601683795,0.0315,0.0251189,0.0398107,0.925,0.9,1.0,0.271,0.2,0.3,172.0,5.17,0.0,1.0,True,0.01,0.95,10.0,39600.0,0.938,0.139
7468,1 - 1 - 2022,19800.0,2.6570660511172846,2.3713730200033902,3.1622776601683795,0.0291,0.0251189,0.0398107,0.922,0.9,1.0,0.337,0.3,0.4,240.0,6.11,0.0,1.0,True,0.01,0.95,10.0,39600.0,0.938,0.139
7469,1 - 1 - 2022,19800.0,2.7766886753829643,2.3713730200033902,3.1622776601683795,0.0289,0.0251189,0.0398107,0.923,0.9,1.0,0.44,0.4,0.5,172.0,5.17,0.0,1.0,True,0.01,0.95,10.0,39600.0,0.938,0.139
7470,1 - 1 - 2022,19800.0,2.7694764848252458,2.3713730200033902,3.1622776601683795,0.0339,0.0251189,0.0398107,0.921,0.9,1.0,0.557,0.5,0.6,137.0,4.62,0.0,1.0,True,0.01,0.95,10.0,39600.0,0.938,0.139
7471,1 - 1 - 2022,19800.0,2.949576240750525,2.3713730200033902,3.1622776601683795,0.038,0.0251189,0.0398107,0.917,0.9,1.0,0.654,0.6,0.7,103.0,4.0,0.0,1.0,True,0.01,0.95,10.0,39600.0,0.938,0.139
7472,1 - 1 - 2022,19800.0,2.6286878856189833,2.3713730200033902,3.1622776601683795,0.0273,0.0251189,0.0398107,0.915,0.9,1.0,0.704,0.7,0.8,68.7,3.27,0.0,1.0,True,0.01,0.95,10.0,39600.0,0.938,0.139
7473,1 - 1 - 2022,19800.0,2.7856776554368237,2.3713730200033902,3.1622776601683795,0.0327,0.0251189,0.0398107,0.908,0.9,1.0,0.876,0.8,0.9,34.3,2.31,0.0,1.0,True,0.01,0.95,10.0,39600.0,0.938,0.139
7474,1 - 1 - 2022,19800.0,3.0708305065568173,2.3713730200033902,3.1622776601683795,0.0365,0.0251189,0.0398107,0.918,0.9,1.0,0.939,0.9,1.0,34.3,2.31,0.0,1.0,True,0.01,0.95,10.0,39600.0,0.938,0.139
7475,1 - 1 - 2022,19800.0,2.6664583251946765,2.3713730200033902,3.1622776601683795,0.0278,0.0251189,0.0398107,0.932,0.9,1.0,1.22,1.0,1.5,6.86,0.462,0.0,1.0,True,0.01,0.95,10.0,39600.0,0.938,0.139
7476,1 - 1 - 2022,19800.0,3.083828789021855,2.3713730200033902,3.1622776601683795,0.0434,0.0398107,0.0630957,0.0786,0.05,0.1,0.0284,0.0,0.05,607.0,15.4,433.0,1.0,True,0.01,0.95,10.0,39600.0,0.938,0.139
7477,1 - 1 - 2022,19800.0,3.0675723300355937,2.3713730200033902,3.1622776601683795,0.0437,0.0398107,0.0630957,0.0823,0.05,0.1,0.074,0.05,0.1,1560.0,24.7,1300.0,1.0,True,0.01,0.95,10.0,39600.0,0.938,0.139
7478,1 - 1 - 2022,19800.0,3.023243291566195,2.3713730200033902,3.1622776601683795,0.0425,0.0398107,0.0630957,0.0768,0.05,0.1,0.159,0.1,0.2,3080.0,24.6,2300.0,1.0,True,0.01,0.95,10.0,39600.0,0.938,0.139
7479,1 - 1 - 2022,19800.0,3.0446674695276656,2.3713730200033902,3.1622776601683795,0.0432,0.0398107,0.0630957,0.0768,0.05,0.1,0.253,0.2,0.3,4810.0,30.7,3080.0,1.0,True,0.01,0.95,10.0,39600.0,0.938,0.139
7480,1 - 1 - 2022,19800.0,3.043024810940588,2.3713730200033902,3.1622776601683795,0.0434,0.0398107,0.0630957,0.0746,0.05,0.1,0.353,0.3,0.4,5030.0,31.4,3470.0,1.0,True,0.01,0.95,10.0,39600.0,0.938,0.139
7481,1 - 1 - 2022,19800.0,3.03315017762062,2.3713730200033902,3.1622776601683795,0.043,0.0398107,0.0630957,0.0741,0.05,0.1,0.452,0.4,0.5,3730.0,27.0,2470.0,1.0,True,0.01,0.95,10.0,39600.0,0.938,0.139
7482,1 - 1 - 2022,19800.0,3.057776970284131,2.3713730200033902,3.1622776601683795,0.0431,0.0398107,0.0630957,0.0734,0.05,0.1,0.549,0.5,0.6,3250.0,25.3,2170.0,1.0,True,0.01,0.95,10.0,39600.0,0.938,0.139
7483,1 - 1 - 2022,19800.0,3.0199337741082997,2.3713730200033902,3.1622776601683795,0.0435,0.0398107,0.0630957,0.0718,0.05,0.1,0.641,0.6,0.7,2380.0,21.6,1910.0,1.0,True,0.01,0.95,10.0,39600.0,0.938,0.139
7484,1 - 1 - 2022,19800.0,3.0610455730027932,2.3713730200033902,3.1622776601683795,0.0436,0.0398107,0.0630957,0.0745,0.05,0.1,0.741,0.7,0.8,2300.0,21.2,1650.0,1.0,True,0.01,0.95,10.0,39600.0,0.938,0.139
7485,1 - 1 - 2022,19800.0,3.004995840263344,2.3713730200033902,3.1622776601683795,0.043,0.0398107,0.0630957,0.0757,0.05,0.1,0.841,0.8,0.9,823.0,12.7,607.0,1.0,True,0.01,0.95,10.0,39600.0,0.938,0.139
7486,1 - 1 - 2022,19800.0,3.003331483536241,2.3713730200033902,3.1622776601683795,0.0426,0.0398107,0.0630957,0.0769,0.05,0.1,0.948,0.9,1.0,737.0,12.0,693.0,1.0,True,0.01,0.95,10.0,39600.0,0.938,0.139
7487,1 - 1 - 2022,19800.0,3.083828789021855,2.3713730200033902,3.1622776601683795,0.0439,0.0398107,0.0630957,0.12,0.1,0.15,0.0402,0.0,0.05,520.0,14.3,0.0,1.0,True,0.01,0.95,10.0,39600.0,0.938,0.139
7488,1 - 1 - 2022,19800.0,3.0298514815086235,2.3713730200033902,3.1622776601683795,0.043,0.0398107,0.0630957,0.122,0.1,0.15,0.0784,0.05,0.1,1470.0,24.0,0.0,1.0,True,0.01,0.95,10.0,39600.0,0.938,0.139
7489,1 - 1 - 2022,19800.0,3.028200785945344,2.3713730200033902,3.1622776601683795,0.0432,0.0398107,0.0630957,0.126,0.1,0.15,0.159,0.1,0.2,3120.0,24.7,86.6,1.0,True,0.01,0.95,10.0,39600.0,0.938,0.139
7490,1 - 1 - 2022,19800.0,3.0380915061926625,2.3713730200033902,3.1622776601683795,0.0429,0.0398107,0.0630957,0.123,0.1,0.15,0.252,0.2,0.3,3640.0,26.7,390.0,1.0,True,0.01,0.95,10.0,39600.0,0.938,0.139
7491,1 - 1 - 2022,19800.0,3.034798181098704,2.3713730200033902,3.1622776601683795,0.0429,0.0398107,0.0630957,0.125,0.1,0.15,0.347,0.3,0.4,4380.0,29.3,260.0,1.0,True,0.01,0.95,10.0,39600.0,0.938,0.139
7492,1 - 1 - 2022,19800.0,3.0446674695276656,2.3713730200033902,3.1622776601683795,0.0433,0.0398107,0.0630957,0.121,0.1,0.15,0.445,0.4,0.5,2900.0,23.9,303.0,1.0,True,0.01,0.95,10.0,39600.0,0.938,0.139
7493,1 - 1 - 2022,19800.0,3.0413812651491097,2.3713730200033902,3.1622776601683795,0.0433,0.0398107,0.0630957,0.123,0.1,0.15,0.546,0.5,0.6,2900.0,23.9,130.0,1.0,True,0.01,0.95,10.0,39600.0,0.938,0.139
7494,1 - 1 - 2022,19800.0,3.034798181098704,2.3713730200033902,3.1622776601683795,0.0434,0.0398107,0.0630957,0.12,0.1,0.15,0.646,0.6,0.7,1390.0,16.5,0.0,1.0,True,0.01,0.95,10.0,39600.0,0.938,0.139
7495,1 - 1 - 2022,19800.0,3.0528675044947495,2.3713730200033902,3.1622776601683795,0.0431,0.0398107,0.0630957,0.123,0.1,0.15,0.739,0.7,0.8,1080.0,14.6,86.7,1.0,True,0.01,0.95,10.0,39600.0,0.938,0.139
7496,1 - 1 - 2022,19800.0,3.0380915061926625,2.3713730200033902,3.1622776601683795,0.0426,0.0398107,0.0630957,0.125,0.1,0.15,0.845,0.8,0.9,910.0,13.4,0.0,1.0,True,0.01,0.95,10.0,39600.0,0.938,0.139
7497,1 - 1 - 2022,19800.0,3.034798181098704,2.3713730200033902,3.1622776601683795,0.043,0.0398107,0.0630957,0.123,0.1,0.15,0.947,0.9,1.0,520.0,10.1,130.0,1.0,True,0.01,0.95,10.0,39600.0,0.938,0.139
7498,1 - 1 - 2022,19800.0,3.0446674695276656,2.3713730200033902,3.1622776601683795,0.0433,0.0398107,0.0630957,0.118,0.1,0.15,1.12,1.0,1.5,121.0,2.18,34.7,1.0,True,0.01,0.95,10.0,39600.0,0.938,0.139
7499,1 - 1 - 2022,19800.0,3.111269837220809,2.3713730200033902,3.1622776601683795,0.0475,0.0398107,0.0630957,0.18,0.15,0.2,0.0388,0.0,0.05,86.6,5.83,0.0,1.0,True,0.01,0.95,10.0,39600.0,0.938,0.139
7500,1 - 1 - 2022,19800.0,3.028200785945344,2.3713730200033902,3.1622776601683795,0.0429,0.0398107,0.0630957,0.171,0.15,0.2,0.0785,0.05,0.1,1470.0,24.0,0.0,1.0,True,0.01,0.95,10.0,39600.0,0.938,0.139
7501,1 - 1 - 2022,19800.0,3.024896692450835,2.3713730200033902,3.1622776601683795,0.0426,0.0398107,0.0630957,0.17,0.15,0.2,0.154,0.1,0.2,1820.0,18.9,86.6,1.0,True,0.01,0.95,10.0,39600.0,0.938,0.139
7502,1 - 1 - 2022,19800.0,3.014962686336267,2.3713730200033902,3.1622776601683795,0.0429,0.0398107,0.0630957,0.173,0.15,0.2,0.246,0.2,0.3,2510.0,22.2,86.6,1.0,True,0.01,0.95,10.0,39600.0,0.938,0.139
7503,1 - 1 - 2022,19800.0,3.046309242345563,2.3713730200033902,3.1622776601683795,0.0433,0.0398107,0.0630957,0.171,0.15,0.2,0.352,0.3,0.4,2250.0,21.0,0.0,1.0,True,0.01,0.95,10.0,39600.0,0.938,0.139
7504,1 - 1 - 2022,19800.0,3.0528675044947495,2.3713730200033902,3.1622776601683795,0.0429,0.0398107,0.0630957,0.173,0.15,0.2,0.445,0.4,0.5,2120.0,20.4,43.3,1.0,True,0.01,0.95,10.0,39600.0,0.938,0.139
7505,1 - 1 - 2022,19800.0,3.0528675044947495,2.3713730200033902,3.1622776601683795,0.0434,0.0398107,0.0630957,0.174,0.15,0.2,0.543,0.5,0.6,2560.0,22.4,43.3,1.0,True,0.01,0.95,10.0,39600.0,0.938,0.139
7506,1 - 1 - 2022,19800.0,3.043024810940588,2.3713730200033902,3.1622776601683795,0.0429,0.0398107,0.0630957,0.173,0.15,0.2,0.656,0.6,0.7,1300.0,16.0,0.0,1.0,True,0.01,0.95,10.0,39600.0,0.938,0.139
7507,1 - 1 - 2022,19800.0,3.034798181098704,2.3713730200033902,3.1622776601683795,0.0432,0.0398107,0.0630957,0.175,0.15,0.2,0.758,0.7,0.8,910.0,13.4,0.0,1.0,True,0.01,0.95,10.0,39600.0,0.938,0.139
7508,1 - 1 - 2022,19800.0,3.0380915061926625,2.3713730200033902,3.1622776601683795,0.0433,0.0398107,0.0630957,0.168,0.15,0.2,0.838,0.8,0.9,650.0,11.3,0.0,1.0,True,0.01,0.95,10.0,39600.0,0.938,0.139
7509,1 - 1 - 2022,19800.0,3.026549190084311,2.3713730200033902,3.1622776601683795,0.0433,0.0398107,0.0630957,0.169,0.15,0.2,0.936,0.9,1.0,693.0,11.7,0.0,1.0,True,0.01,0.95,10.0,39600.0,0.938,0.139
7510,1 - 1 - 2022,19800.0,3.023243291566195,2.3713730200033902,3.1622776601683795,0.0421,0.0398107,0.0630957,0.177,0.15,0.2,1.13,1.0,1.5,104.0,2.02,0.0,1.0,True,0.01,0.95,10.0,39600.0,0.938,0.139
7511,1 - 1 - 2022,19800.0,3.0789608636681307,2.3713730200033902,3.1622776601683795,0.0404,0.0398107,0.0630957,0.179,0.15,0.2,1.76,1.5,2.0,8.66,0.583,0.0,1.0,True,0.01,0.95,10.0,39600.0,0.938,0.139
7512,1 - 1 - 2022,19800.0,3.122498999199199,2.3713730200033902,3.1622776601683795,0.043,0.0398107,0.0630957,0.209,0.2,0.25,0.0307,0.0,0.05,173.0,8.25,0.0,1.0,True,0.01,0.95,10.0,39600.0,0.938,0.139
7513,1 - 1 - 2022,19800.0,3.057776970284131,2.3713730200033902,3.1622776601683795,0.0437,0.0398107,0.0630957,0.225,0.2,0.25,0.0687,0.05,0.1,866.0,18.4,0.0,1.0,True,0.01,0.95,10.0,39600.0,0.938,0.139
7514,1 - 1 - 2022,19800.0,3.014962686336267,2.3713730200033902,3.1622776601683795,0.0428,0.0398107,0.0630957,0.224,0.2,0.25,0.16,0.1,0.2,1390.0,16.5,0.0,1.0,True,0.01,0.95,10.0,39600.0,0.938,0.139
7515,1 - 1 - 2022,19800.0,3.0446674695276656,2.3713730200033902,3.1622776601683795,0.0434,0.0398107,0.0630957,0.219,0.2,0.25,0.243,0.2,0.3,1860.0,19.1,43.3,1.0,True,0.01,0.95,10.0,39600.0,0.938,0.139
7516,1 - 1 - 2022,19800.0,3.056141357987225,2.3713730200033902,3.1622776601683795,0.0437,0.0398107,0.0630957,0.223,0.2,0.25,0.351,0.3,0.4,1730.0,18.4,43.3,1.0,True,0.01,0.95,10.0,39600.0,0.938,0.139
7517,1 - 1 - 2022,19800.0,3.0446674695276656,2.3713730200033902,3.1622776601683795,0.0435,0.0398107,0.0630957,0.22,0.2,0.25,0.443,0.4,0.5,2120.0,20.4,130.0,1.0,True,0.01,0.95,10.0,39600.0,0.938,0.139
7518,1 - 1 - 2022,19800.0,3.059411708155671,2.3713730200033902,3.1622776601683795,0.0434,0.0398107,0.0630957,0.224,0.2,0.25,0.546,0.5,0.6,1210.0,15.4,43.3,1.0,True,0.01,0.95,10.0,39600.0,0.938,0.139
7519,1 - 1 - 2022,19800.0,3.0528675044947495,2.3713730200033902,3.1622776601683795,0.0432,0.0398107,0.0630957,0.226,0.2,0.25,0.645,0.6,0.7,910.0,13.4,0.00538,1.0,True,0.01,0.95,10.0,39600.0,0.938,0.139
7520,1 - 1 - 2022,19800.0,2.988310559496787,2.3713730200033902,3.1622776601683795,0.0427,0.0398107,0.0630957,0.223,0.2,0.25,0.742,0.7,0.8,823.0,12.7,43.3,1.0,True,0.01,0.95,10.0,39600.0,0.938,0.139
7521,1 - 1 - 2022,19800.0,3.0495901363953815,2.3713730200033902,3.1622776601683795,0.0436,0.0398107,0.0630957,0.227,0.2,0.25,0.839,0.8,0.9,390.0,8.75,0.0,1.0,True,0.01,0.95,10.0,39600.0,0.938,0.139
7522,1 - 1 - 2022,19800.0,3.0298514815086235,2.3713730200033902,3.1622776601683795,0.0429,0.0398107,0.0630957,0.222,0.2,0.25,0.955,0.9,1.0,347.0,8.25,0.0,1.0,True,0.01,0.95,10.0,39600.0,0.938,0.139
7523,1 - 1 - 2022,19800.0,3.0315012782448236,2.3713730200033902,3.1622776601683795,0.0428,0.0398107,0.0630957,0.221,0.2,0.25,1.18,1.0,1.5,113.0,2.1,0.0,1.0,True,0.01,0.95,10.0,39600.0,0.938,0.139
7524,1 - 1 - 2022,19800.0,3.024896692450835,2.3713730200033902,3.1622776601683795,0.0419,0.0398107,0.0630957,0.261,0.25,0.3,0.0159,0.0,0.05,173.0,8.25,0.0,1.0,True,0.01,0.95,10.0,39600.0,0.938,0.139
7525,1 - 1 - 2022,19800.0,3.03315017762062,2.3713730200033902,3.1622776601683795,0.0422,0.0398107,0.0630957,0.275,0.25,0.3,0.08,0.05,0.1,953.0,19.3,0.0,1.0,True,0.01,0.95,10.0,39600.0,0.938,0.139
7526,1 - 1 - 2022,19800.0,3.043024810940588,2.3713730200033902,3.1622776601683795,0.0425,0.0398107,0.0630957,0.283,0.25,0.3,0.155,0.1,0.2,563.0,10.5,0.0,1.0,True,0.01,0.95,10.0,39600.0,0.938,0.139
7527,1 - 1 - 2022,19800.0,3.026549190084311,2.3713730200033902,3.1622776601683795,0.0425,0.0398107,0.0630957,0.272,0.25,0.3,0.247,0.2,0.3,1430.0,16.8,0.0,1.0,True,0.01,0.95,10.0,39600.0,0.938,0.139
7528,1 - 1 - 2022,19800.0,3.0099833886584824,2.3713730200033902,3.1622776601683795,0.0423,0.0398107,0.0630957,0.274,0.25,0.3,0.353,0.3,0.4,1210.0,15.4,43.3,1.0,True,0.01,0.95,10.0,39600.0,0.938,0.139
7529,1 - 1 - 2022,19800.0,3.0397368307141326,2.3713730200033902,3.1622776601683795,0.043,0.0398107,0.0630957,0.272,0.25,0.3,0.446,0.4,0.5,1430.0,16.8,43.3,1.0,True,0.01,0.95,10.0,39600.0,0.938,0.139
7530,1 - 1 - 2022,19800.0,3.047950130825634,2.3713730200033902,3.1622776601683795,0.0425,0.0398107,0.0630957,0.273,0.25,0.3,0.55,0.5,0.6,1340.0,16.2,86.6,1.0,True,0.01,0.95,10.0,39600.0,0.938,0.139
7531,1 - 1 - 2022,19800.0,3.023243291566195,2.3713730200033902,3.1622776601683795,0.0433,0.0398107,0.0630957,0.282,0.25,0.3,0.648,0.6,0.7,1130.0,14.9,43.3,1.0,True,0.01,0.95,10.0,39600.0,0.938,0.139
7532,1 - 1 - 2022,19800.0,2.9832867780352594,2.3713730200033902,3.1622776601683795,0.0428,0.0398107,0.0630957,0.273,0.25,0.3,0.748,0.7,0.8,520.0,10.1,0.0,1.0,True,0.01,0.95,10.0,39600.0,0.938,0.139
7533,1 - 1 - 2022,19800.0,3.0724582991474434,2.3713730200033902,3.1622776601683795,0.043,0.0398107,0.0630957,0.276,0.25,0.3,0.841,0.8,0.9,433.0,9.22,43.3,1.0,True,0.01,0.95,10.0,39600.0,0.938,0.139
7534,1 - 1 - 2022,19800.0,3.0413812651491097,2.3713730200033902,3.1622776601683795,0.0423,0.0398107,0.0630957,0.282,0.25,0.3,0.943,0.9,1.0,173.0,5.83,0.0,1.0,True,0.01,0.95,10.0,39600.0,0.938,0.139
7535,1 - 1 - 2022,19800.0,2.9966648127543394,2.3713730200033902,3.1622776601683795,0.0437,0.0398107,0.0630957,0.278,0.25,0.3,1.21,1.0,1.5,78.0,1.75,0.0,1.0,True,0.01,0.95,10.0,39600.0,0.938,0.139
7536,1 - 1 - 2022,19800.0,3.1352830813181765,2.3713730200033902,3.1622776601683795,0.0478,0.0398107,0.0630957,0.299,0.25,0.3,1.73,1.5,2.0,8.67,0.583,0.0,1.0,True,0.01,0.95,10.0,39600.0,0.938,0.139
7537,1 - 1 - 2022,19800.0,2.98496231131986,2.3713730200033902,3.1622776601683795,0.0426,0.0398107,0.0630957,0.337,0.3,0.4,0.0302,0.0,0.05,217.0,6.52,0.0,1.0,True,0.01,0.95,10.0,39600.0,0.938,0.139
7538,1 - 1 - 2022,19800.0,3.0099833886584824,2.3713730200033902,3.1622776601683795,0.0422,0.0398107,0.0630957,0.362,0.3,0.4,0.0811,0.05,0.1,347.0,8.25,0.0,1.0,True,0.01,0.95,10.0,39600.0,0.938,0.139
7539,1 - 1 - 2022,19800.0,3.0215889859476257,2.3713730200033902,3.1622776601683795,0.0429,0.0398107,0.0630957,0.34,0.3,0.4,0.156,0.1,0.2,671.0,8.12,0.0,1.0,True,0.01,0.95,10.0,39600.0,0.938,0.139
7540,1 - 1 - 2022,19800.0,3.0512292604784714,2.3713730200033902,3.1622776601683795,0.0429,0.0398107,0.0630957,0.35,0.3,0.4,0.258,0.2,0.3,758.0,8.63,0.0,1.0,True,0.01,0.95,10.0,39600.0,0.938,0.139
7541,1 - 1 - 2022,19800.0,3.046309242345563,2.3713730200033902,3.1622776601683795,0.0427,0.0398107,0.0630957,0.347,0.3,0.4,0.354,0.3,0.4,715.0,8.37,43.3,1.0,True,0.01,0.95,10.0,39600.0,0.938,0.139
7542,1 - 1 - 2022,19800.0,3.0610455730027932,2.3713730200033902,3.1622776601683795,0.043,0.0398107,0.0630957,0.34,0.3,0.4,0.447,0.4,0.5,671.0,8.12,21.7,1.0,True,0.01,0.95,10.0,39600.0,0.938,0.139
7543,1 - 1 - 2022,19800.0,3.0413812651491097,2.3713730200033902,3.1622776601683795,0.0433,0.0398107,0.0630957,0.351,0.3,0.4,0.544,0.5,0.6,758.0,8.62,0.000468,1.0,True,0.01,0.95,10.0,39600.0,0.938,0.139
7544,1 - 1 - 2022,19800.0,3.0298514815086235,2.3713730200033902,3.1622776601683795,0.043,0.0398107,0.0630957,0.347,0.3,0.4,0.638,0.6,0.7,282.0,5.26,0.0,1.0,True,0.01,0.95,10.0,39600.0,0.938,0.139
7545,1 - 1 - 2022,19800.0,3.046309242345563,2.3713730200033902,3.1622776601683795,0.0428,0.0398107,0.0630957,0.343,0.3,0.4,0.746,0.7,0.8,412.0,6.36,21.7,1.0,True,0.01,0.95,10.0,39600.0,0.938,0.139
7546,1 - 1 - 2022,19800.0,3.0166206257996713,2.3713730200033902,3.1622776601683795,0.0428,0.0398107,0.0630957,0.355,0.3,0.4,0.85,0.8,0.9,390.0,6.19,21.7,1.0,True,0.01,0.95,10.0,39600.0,0.938,0.139
7547,1 - 1 - 2022,19800.0,3.0315012782448236,2.3713730200033902,3.1622776601683795,0.0436,0.0398107,0.0630957,0.359,0.3,0.4,0.947,0.9,1.0,130.0,3.57,0.0,1.0,True,0.01,0.95,10.0,39600.0,0.938,0.139
7548,1 - 1 - 2022,19800.0,3.0413812651491097,2.3713730200033902,3.1622776601683795,0.0423,0.0398107,0.0630957,0.346,0.3,0.4,1.12,1.0,1.5,56.3,1.05,8.66,1.0,True,0.01,0.95,10.0,39600.0,0.938,0.139
7549,1 - 1 - 2022,19800.0,2.9933259094191533,2.3713730200033902,3.1622776601683795,0.0424,0.0398107,0.0630957,0.317,0.3,0.4,2.27,2.0,4.0,2.17,0.103,1.08,1.0,True,0.01,0.95,10.0,39600.0,0.938,0.139
7550,1 - 1 - 2022,19800.0,3.047950130825634,2.3713730200033902,3.1622776601683795,0.0427,0.0398107,0.0630957,0.455,0.4,0.5,0.0823,0.05,0.1,217.0,6.52,0.0,1.0,True,0.01,0.95,10.0,39600.0,0.938,0.139
7551,1 - 1 - 2022,19800.0,3.0315012782448236,2.3713730200033902,3.1622776601683795,0.0435,0.0398107,0.0630957,0.445,0.4,0.5,0.152,0.1,0.2,520.0,7.14,0.0,1.0,True,0.01,0.95,10.0,39600.0,0.938,0.139
7552,1 - 1 - 2022,19800.0,3.0215889859476257,2.3713730200033902,3.1622776601683795,0.0431,0.0398107,0.0630957,0.435,0.4,0.5,0.246,0.2,0.3,390.0,6.19,0.0,1.0,True,0.01,0.95,10.0,39600.0,0.938,0.139
7553,1 - 1 - 2022,19800.0,3.0528675044947495,2.3713730200033902,3.1622776601683795,0.043,0.0398107,0.0630957,0.446,0.4,0.5,0.353,0.3,0.4,542.0,7.29,0.0,1.0,True,0.01,0.95,10.0,39600.0,0.938,0.139
7554,1 - 1 - 2022,19800.0,3.054504869860253,2.3713730200033902,3.1622776601683795,0.0439,0.0398107,0.0630957,0.445,0.4,0.5,0.445,0.4,0.5,433.0,6.52,0.0,1.0,True,0.01,0.95,10.0,39600.0,0.938,0.139
7555,1 - 1 - 2022,19800.0,3.03315017762062,2.3713730200033902,3.1622776601683795,0.0416,0.0398107,0.0630957,0.435,0.4,0.5,0.547,0.5,0.6,390.0,6.19,0.0,1.0,True,0.01,0.95,10.0,39600.0,0.938,0.139
7556,1 - 1 - 2022,19800.0,2.9597297173897483,2.3713730200033902,3.1622776601683795,0.0418,0.0398107,0.0630957,0.432,0.4,0.5,0.651,0.6,0.7,173.0,4.12,0.0,1.0,True,0.01,0.95,10.0,39600.0,0.938,0.139
7557,1 - 1 - 2022,19800.0,3.0919249667480613,2.3713730200033902,3.1622776601683795,0.0446,0.0398107,0.0630957,0.443,0.4,0.5,0.758,0.7,0.8,282.0,5.26,0.0,1.0,True,0.01,0.95,10.0,39600.0,0.938,0.139
7558,1 - 1 - 2022,19800.0,3.046309242345563,2.3713730200033902,3.1622776601683795,0.0432,0.0398107,0.0630957,0.438,0.4,0.5,0.847,0.8,0.9,217.0,4.61,21.7,1.0,True,0.01,0.95,10.0,39600.0,0.938,0.139
7559,1 - 1 - 2022,19800.0,3.003331483536241,2.3713730200033902,3.1622776601683795,0.0426,0.0398107,0.0630957,0.438,0.4,0.5,0.966,0.9,1.0,108.0,3.26,0.0,1.0,True,0.01,0.95,10.0,39600.0,0.938,0.139
7560,1 - 1 - 2022,19800.0,3.023243291566195,2.3713730200033902,3.1622776601683795,0.0435,0.0398107,0.0630957,0.465,0.4,0.5,1.17,1.0,1.5,17.3,0.583,0.0,1.0,True,0.01,0.95,10.0,39600.0,0.938,0.139
7561,1 - 1 - 2022,19800.0,2.9782545223670858,2.3713730200033902,3.1622776601683795,0.0429,0.0398107,0.0630957,0.416,0.4,0.5,1.63,1.5,2.0,4.33,0.292,0.0,1.0,True,0.01,0.95,10.0,39600.0,0.938,0.139
7562,1 - 1 - 2022,19800.0,3.0983866769659336,2.3713730200033902,3.1622776601683795,0.0443,0.0398107,0.0630957,0.471,0.4,0.5,3.11,2.0,4.0,1.08,0.0729,0.0,1.0,True,0.01,0.95,10.0,39600.0,0.938,0.139
7563,1 - 1 - 2022,19800.0,2.9748949561287032,2.3713730200033902,3.1622776601683795,0.0418,0.0398107,0.0630957,0.526,0.5,0.6,0.0549,0.05,0.1,86.6,4.12,0.0,1.0,True,0.01,0.95,10.0,39600.0,0.938,0.139
7564,1 - 1 - 2022,19800.0,3.0724582991474434,2.3713730200033902,3.1622776601683795,0.0445,0.0398107,0.0630957,0.543,0.5,0.6,0.141,0.1,0.2,260.0,5.05,0.0,1.0,True,0.01,0.95,10.0,39600.0,0.938,0.139
7565,1 - 1 - 2022,19800.0,3.047950130825634,2.3713730200033902,3.1622776601683795,0.0434,0.0398107,0.0630957,0.542,0.5,0.6,0.263,0.2,0.3,260.0,5.05,21.7,1.0,True,0.01,0.95,10.0,39600.0,0.938,0.139
7566,1 - 1 - 2022,19800.0,3.0215889859476257,2.3713730200033902,3.1622776601683795,0.043,0.0398107,0.0630957,0.536,0.5,0.6,0.35,0.3,0.4,282.0,5.26,0.0,1.0,True,0.01,0.95,10.0,39600.0,0.938,0.139
7567,1 - 1 - 2022,19800.0,3.0773365106858237,2.3713730200033902,3.1622776601683795,0.0449,0.0398107,0.0630957,0.543,0.5,0.6,0.453,0.4,0.5,130.0,3.57,0.0,1.0,True,0.01,0.95,10.0,39600.0,0.938,0.139
7568,1 - 1 - 2022,19800.0,3.046309242345563,2.3713730200033902,3.1622776601683795,0.0439,0.0398107,0.0630957,0.555,0.5,0.6,0.569,0.5,0.6,217.0,4.61,0.0,1.0,True,0.01,0.95,10.0,39600.0,0.938,0.139
7569,1 - 1 - 2022,19800.0,3.014962686336267,2.3713730200033902,3.1622776601683795,0.0444,0.0398107,0.0630957,0.575,0.5,0.6,0.643,0.6,0.7,43.3,2.06,0.0,1.0,True,0.01,0.95,10.0,39600.0,0.938,0.139
7570,1 - 1 - 2022,19800.0,3.024896692450835,2.3713730200033902,3.1622776601683795,0.0442,0.0398107,0.0630957,0.574,0.5,0.6,0.766,0.7,0.8,65.0,2.52,0.0,1.0,True,0.01,0.95,10.0,39600.0,0.938,0.139
7571,1 - 1 - 2022,19800.0,3.0298514815086235,2.3713730200033902,3.1622776601683795,0.0427,0.0398107,0.0630957,0.56,0.5,0.6,0.841,0.8,0.9,130.0,3.57,0.0,1.0,True,0.01,0.95,10.0,39600.0,0.938,0.139
7572,1 - 1 - 2022,19800.0,2.951270912674741,2.3713730200033902,3.1622776601683795,0.0433,0.0398107,0.0630957,0.547,0.5,0.6,0.972,0.9,1.0,65.0,2.53,21.7,1.0,True,0.01,0.95,10.0,39600.0,0.938,0.139
7573,1 - 1 - 2022,19800.0,3.043024810940588,2.3713730200033902,3.1622776601683795,0.0437,0.0398107,0.0630957,0.547,0.5,0.6,1.2,1.0,1.5,43.3,0.922,4.33,1.0,True,0.01,0.95,10.0,39600.0,0.938,0.139
7574,1 - 1 - 2022,19800.0,3.1256999216175565,2.3713730200033902,3.1622776601683795,0.0403,0.0398107,0.0630957,0.519,0.5,0.6,1.65,1.5,2.0,4.33,0.292,0.0,1.0,True,0.01,0.95,10.0,39600.0,0.938,0.139
7575,1 - 1 - 2022,19800.0,3.0919249667480613,2.3713730200033902,3.1622776601683795,0.0482,0.0398107,0.0630957,0.61,0.6,0.7,0.0851,0.05,0.1,43.3,2.92,0.0,1.0,True,0.01,0.95,10.0,39600.0,0.938,0.139
7576,1 - 1 - 2022,19800.0,3.138470965295043,2.3713730200033902,3.1622776601683795,0.0477,0.0398107,0.0630957,0.624,0.6,0.7,0.147,0.1,0.2,43.3,2.06,0.0,1.0,True,0.01,0.95,10.0,39600.0,0.938,0.139
7577,1 - 1 - 2022,19800.0,3.057776970284131,2.3713730200033902,3.1622776601683795,0.0434,0.0398107,0.0630957,0.628,0.6,0.7,0.262,0.2,0.3,238.0,4.84,0.0,1.0,True,0.01,0.95,10.0,39600.0,0.938,0.139
7578,1 - 1 - 2022,19800.0,3.069201850644561,2.3713730200033902,3.1622776601683795,0.0431,0.0398107,0.0630957,0.646,0.6,0.7,0.343,0.3,0.4,217.0,4.61,0.0,1.0,True,0.01,0.95,10.0,39600.0,0.938,0.139
7579,1 - 1 - 2022,19800.0,3.034798181098704,2.3713730200033902,3.1622776601683795,0.0445,0.0398107,0.0630957,0.658,0.6,0.7,0.444,0.4,0.5,108.0,3.26,0.0,1.0,True,0.01,0.95,10.0,39600.0,0.938,0.139
7580,1 - 1 - 2022,19800.0,3.0659419433511785,2.3713730200033902,3.1622776601683795,0.0434,0.0398107,0.0630957,0.638,0.6,0.7,0.568,0.5,0.6,130.0,3.57,0.0,1.0,True,0.01,0.95,10.0,39600.0,0.938,0.139
7581,1 - 1 - 2022,19800.0,2.99833287011299,2.3713730200033902,3.1622776601683795,0.0421,0.0398107,0.0630957,0.637,0.6,0.7,0.647,0.6,0.7,173.0,4.12,0.0,1.0,True,0.01,0.95,10.0,39600.0,0.938,0.139
7582,1 - 1 - 2022,19800.0,3.1240998703626617,2.3713730200033902,3.1622776601683795,0.044,0.0398107,0.0630957,0.648,0.6,0.7,0.747,0.7,0.8,86.7,2.92,0.0,1.0,True,0.01,0.95,10.0,39600.0,0.938,0.139
7583,1 - 1 - 2022,19800.0,2.9966648127543394,2.3713730200033902,3.1622776601683795,0.0422,0.0398107,0.0630957,0.634,0.6,0.7,0.848,0.8,0.9,108.0,3.26,0.0,1.0,True,0.01,0.95,10.0,39600.0,0.938,0.139
7584,1 - 1 - 2022,19800.0,2.9223278392404914,2.3713730200033902,3.1622776601683795,0.0402,0.0398107,0.0630957,0.654,0.6,0.7,1.2,1.0,1.5,8.66,0.412,0.0,1.0,True,0.01,0.95,10.0,39600.0,0.938,0.139
7585,1 - 1 - 2022,19800.0,3.003331483536241,2.3713730200033902,3.1622776601683795,0.0432,0.0398107,0.0630957,0.733,0.7,0.8,0.092,0.05,0.1,43.3,2.92,0.0,1.0,True,0.01,0.95,10.0,39600.0,0.938,0.139
7586,1 - 1 - 2022,19800.0,2.9899832775452104,2.3713730200033902,3.1622776601683795,0.0437,0.0398107,0.0630957,0.775,0.7,0.8,0.139,0.1,0.2,86.6,2.92,0.0,1.0,True,0.01,0.95,10.0,39600.0,0.938,0.139
7587,1 - 1 - 2022,19800.0,2.986636904613616,2.3713730200033902,3.1622776601683795,0.0423,0.0398107,0.0630957,0.749,0.7,0.8,0.273,0.2,0.3,86.6,2.92,0.0,1.0,True,0.01,0.95,10.0,39600.0,0.938,0.139
7588,1 - 1 - 2022,19800.0,3.152776554086889,2.3713730200033902,3.1622776601683795,0.0418,0.0398107,0.0630957,0.794,0.7,0.8,0.322,0.3,0.4,21.7,1.46,0.0,1.0,True,0.01,0.95,10.0,39600.0,0.938,0.139
7589,1 - 1 - 2022,19800.0,3.1064449134018135,2.3713730200033902,3.1622776601683795,0.0448,0.0398107,0.0630957,0.765,0.7,0.8,0.441,0.4,0.5,152.0,3.86,0.0,1.0,True,0.01,0.95,10.0,39600.0,0.938,0.139
7590,1 - 1 - 2022,19800.0,3.095157508108432,2.3713730200033902,3.1622776601683795,0.0449,0.0398107,0.0630957,0.778,0.7,0.8,0.523,0.5,0.6,43.3,2.06,0.0,1.0,True,0.01,0.95,10.0,39600.0,0.938,0.139
7591,1 - 1 - 2022,19800.0,3.046309242345563,2.3713730200033902,3.1622776601683795,0.0425,0.0398107,0.0630957,0.74,0.7,0.8,0.647,0.6,0.7,65.0,2.53,0.0,1.0,True,0.01,0.95,10.0,39600.0,0.938,0.139
7592,1 - 1 - 2022,19800.0,2.9899832775452104,2.3713730200033902,3.1622776601683795,0.0448,0.0398107,0.0630957,0.714,0.7,0.8,0.76,0.7,0.8,21.7,1.46,0.0,1.0,True,0.01,0.95,10.0,39600.0,0.938,0.139
7593,1 - 1 - 2022,19800.0,2.9546573405388314,2.3713730200033902,3.1622776601683795,0.0437,0.0398107,0.0630957,0.715,0.7,0.8,0.831,0.8,0.9,21.7,1.46,0.0,1.0,True,0.01,0.95,10.0,39600.0,0.938,0.139
7594,1 - 1 - 2022,19800.0,3.1352830813181765,2.3713730200033902,3.1622776601683795,0.0469,0.0398107,0.0630957,0.73,0.7,0.8,0.977,0.9,1.0,21.7,1.46,0.0,1.0,True,0.01,0.95,10.0,39600.0,0.938,0.139
7595,1 - 1 - 2022,19800.0,3.003331483536241,2.3713730200033902,3.1622776601683795,0.0442,0.0398107,0.0630957,0.756,0.7,0.8,1.01,1.0,1.5,4.33,0.292,0.0,1.0,True,0.01,0.95,10.0,39600.0,0.938,0.139
7596,1 - 1 - 2022,19800.0,2.99833287011299,2.3713730200033902,3.1622776601683795,0.0427,0.0398107,0.0630957,0.845,0.8,0.9,0.153,0.1,0.2,65.0,2.53,0.0,1.0,True,0.01,0.95,10.0,39600.0,0.938,0.139
7597,1 - 1 - 2022,19800.0,2.9966648127543394,2.3713730200033902,3.1622776601683795,0.0435,0.0398107,0.0630957,0.843,0.8,0.9,0.248,0.2,0.3,152.0,3.86,0.0,1.0,True,0.01,0.95,10.0,39600.0,0.938,0.139
7598,1 - 1 - 2022,19800.0,3.03315017762062,2.3713730200033902,3.1622776601683795,0.0428,0.0398107,0.0630957,0.847,0.8,0.9,0.354,0.3,0.4,86.6,2.92,0.0,1.0,True,0.01,0.95,10.0,39600.0,0.938,0.139
7599,1 - 1 - 2022,19800.0,2.98496231131986,2.3713730200033902,3.1622776601683795,0.041,0.0398107,0.0630957,0.864,0.8,0.9,0.463,0.4,0.5,65.0,2.52,0.0,1.0,True,0.01,0.95,10.0,39600.0,0.938,0.139
7600,1 - 1 - 2022,19800.0,3.082207001484488,2.3713730200033902,3.1622776601683795,0.0453,0.0398107,0.0630957,0.831,0.8,0.9,0.562,0.5,0.6,43.3,2.06,0.0,1.0,True,0.01,0.95,10.0,39600.0,0.938,0.139
7601,1 - 1 - 2022,19800.0,3.0099833886584824,2.3713730200033902,3.1622776601683795,0.0407,0.0398107,0.0630957,0.855,0.8,0.9,0.888,0.8,0.9,43.3,2.06,0.0,1.0,True,0.01,0.95,10.0,39600.0,0.938,0.139
7602,1 - 1 - 2022,19800.0,2.9748949561287032,2.3713730200033902,3.1622776601683795,0.0434,0.0398107,0.0630957,0.833,0.8,0.9,1.06,1.0,1.5,4.33,0.292,0.0,1.0,True,0.01,0.95,10.0,39600.0,0.938,0.139
7603,1 - 1 - 2022,19800.0,3.117691453623979,2.3713730200033902,3.1622776601683795,0.0476,0.0398107,0.0630957,0.965,0.9,1.0,0.291,0.2,0.3,21.7,1.46,0.0,1.0,True,0.01,0.95,10.0,39600.0,0.938,0.139
7604,1 - 1 - 2022,19800.0,2.9137604568666933,2.3713730200033902,3.1622776601683795,0.042,0.0398107,0.0630957,0.935,0.9,1.0,0.491,0.4,0.5,21.7,1.46,0.0,1.0,True,0.01,0.95,10.0,39600.0,0.938,0.139
7605,1 - 1 - 2022,19800.0,3.255764119219941,3.1622776601683795,4.216965733794858,0.000596,0.000398107,0.000630957,0.0127,0.0,0.05,0.156,0.1,0.2,826000.0,3020.0,748000.0,1.0,True,0.01,0.95,10.0,39600.0,0.938,0.139
7606,1 - 1 - 2022,19800.0,3.255764119219941,3.1622776601683795,4.216965733794858,0.000594,0.000398107,0.000630957,0.014,0.0,0.05,0.252,0.2,0.3,1120000.0,3510.0,840000.0,1.0,True,0.01,0.95,10.0,39600.0,0.938,0.139
7607,1 - 1 - 2022,19800.0,3.255764119219941,3.1622776601683795,4.216965733794858,0.000594,0.000398107,0.000630957,0.0125,0.0,0.05,0.349,0.3,0.4,1160000.0,3580.0,738000.0,1.0,True,0.01,0.95,10.0,39600.0,0.938,0.139
7608,1 - 1 - 2022,19800.0,3.255764119219941,3.1622776601683795,4.216965733794858,0.000596,0.000398107,0.000630957,0.0123,0.0,0.05,0.445,0.4,0.5,1050000.0,3400.0,514000.0,1.0,True,0.01,0.95,10.0,39600.0,0.938,0.139
7609,1 - 1 - 2022,19800.0,3.255764119219941,3.1622776601683795,4.216965733794858,0.000594,0.000398107,0.000630957,0.0138,0.0,0.05,0.55,0.5,0.6,814000.0,3000.0,236000.0,1.0,True,0.01,0.95,10.0,39600.0,0.938,0.139
7610,1 - 1 - 2022,19800.0,3.255764119219941,3.1622776601683795,4.216965733794858,0.000596,0.000398107,0.000630957,0.0123,0.0,0.05,0.647,0.6,0.7,563000.0,2490.0,195000.0,1.0,True,0.01,0.95,10.0,39600.0,0.938,0.139
7611,1 - 1 - 2022,19800.0,3.255764119219941,3.1622776601683795,4.216965733794858,0.000598,0.000398107,0.000630957,0.0141,0.0,0.05,0.746,0.7,0.8,407000.0,2120.0,114000.0,1.0,True,0.01,0.95,10.0,39600.0,0.938,0.139
7612,1 - 1 - 2022,19800.0,3.255764119219941,3.1622776601683795,4.216965733794858,0.000597,0.000398107,0.000630957,0.0142,0.0,0.05,0.85,0.8,0.9,309000.0,1850.0,31700.0,1.0,True,0.01,0.95,10.0,39600.0,0.938,0.139
7613,1 - 1 - 2022,19800.0,3.255764119219941,3.1622776601683795,4.216965733794858,0.000592,0.000398107,0.000630957,0.0167,0.0,0.05,0.939,0.9,1.0,173000.0,1380.0,31700.0,1.0,True,0.01,0.95,10.0,39600.0,0.938,0.139
7614,1 - 1 - 2022,19800.0,3.255764119219941,3.1622776601683795,4.216965733794858,0.000591,0.000398107,0.000630957,0.0168,0.0,0.05,1.17,1.0,1.5,49700.0,331.0,2920.0,1.0,True,0.01,0.95,10.0,39600.0,0.938,0.139
7615,1 - 1 - 2022,19800.0,3.271085446759225,3.1622776601683795,4.216965733794858,0.000591,0.000398107,0.000630957,0.0282,0.0,0.05,1.68,1.5,2.0,8280.0,135.0,0.0138,1.0,True,0.01,0.95,10.0,39600.0,0.938,0.139
7616,1 - 1 - 2022,19800.0,3.361547262794322,3.1622776601683795,4.216965733794858,0.000599,0.000398107,0.000630957,0.0241,0.0,0.05,2.36,2.0,4.0,1100.0,24.6,0.0,1.0,True,0.01,0.95,10.0,39600.0,0.938,0.139
7617,1 - 1 - 2022,19800.0,3.255764119219941,3.1622776601683795,4.216965733794858,0.000594,0.000398107,0.000630957,0.0721,0.05,0.1,0.156,0.1,0.2,166000.0,1350.0,163000.0,1.0,True,0.01,0.95,10.0,39600.0,0.938,0.139
7618,1 - 1 - 2022,19800.0,3.255764119219941,3.1622776601683795,4.216965733794858,0.000593,0.000398107,0.000630957,0.0766,0.05,0.1,0.246,0.2,0.3,239000.0,1620.0,231000.0,1.0,True,0.01,0.95,10.0,39600.0,0.938,0.139
7619,1 - 1 - 2022,19800.0,3.255764119219941,3.1622776601683795,4.216965733794858,0.000596,0.000398107,0.000630957,0.0747,0.05,0.1,0.349,0.3,0.4,290000.0,1790.0,283000.0,1.0,True,0.01,0.95,10.0,39600.0,0.938,0.139
7620,1 - 1 - 2022,19800.0,3.255764119219941,3.1622776601683795,4.216965733794858,0.000593,0.000398107,0.000630957,0.0719,0.05,0.1,0.452,0.4,0.5,227000.0,1580.0,217000.0,1.0,True,0.01,0.95,10.0,39600.0,0.938,0.139
7621,1 - 1 - 2022,19800.0,3.255764119219941,3.1622776601683795,4.216965733794858,0.000599,0.000398107,0.000630957,0.0735,0.05,0.1,0.548,0.5,0.6,222000.0,1560.0,210000.0,1.0,True,0.01,0.95,10.0,39600.0,0.938,0.139
7622,1 - 1 - 2022,19800.0,3.24037034920393,3.1622776601683795,4.216965733794858,0.000596,0.000398107,0.000630957,0.0755,0.05,0.1,0.652,0.6,0.7,156000.0,1310.0,102000.0,1.0,True,0.01,0.95,10.0,39600.0,0.938,0.139
7623,1 - 1 - 2022,19800.0,3.271085446759225,3.1622776601683795,4.216965733794858,0.000596,0.000398107,0.000630957,0.0697,0.05,0.1,0.743,0.7,0.8,90100.0,997.0,51200.0,1.0,True,0.01,0.95,10.0,39600.0,0.938,0.139
7624,1 - 1 - 2022,19800.0,3.24037034920393,3.1622776601683795,4.216965733794858,0.000597,0.000398107,0.000630957,0.0721,0.05,0.1,0.845,0.8,0.9,73100.0,898.0,19500.0,1.0,True,0.01,0.95,10.0,39600.0,0.938,0.139
7625,1 - 1 - 2022,19800.0,3.24037034920393,3.1622776601683795,4.216965733794858,0.000593,0.000398107,0.000630957,0.0736,0.05,0.1,0.957,0.9,1.0,46300.0,715.0,12200.0,1.0,True,0.01,0.95,10.0,39600.0,0.938,0.139
7626,1 - 1 - 2022,19800.0,3.24037034920393,3.1622776601683795,4.216965733794858,0.000592,0.000398107,0.000630957,0.0721,0.05,0.1,1.18,1.0,1.5,19000.0,205.0,0.0408,1.0,True,0.01,0.95,10.0,39600.0,0.938,0.139
7627,1 - 1 - 2022,19800.0,3.24037034920393,3.1622776601683795,4.216965733794858,0.000596,0.000398107,0.000630957,0.0764,0.05,0.1,1.8,1.5,2.0,4380.0,98.4,0.0,1.0,True,0.01,0.95,10.0,39600.0,0.938,0.139
7628,1 - 1 - 2022,19800.0,3.5071355833500366,3.1622776601683795,4.216965733794858,0.000598,0.000398107,0.000630957,0.0804,0.05,0.1,2.86,2.0,4.0,487.0,16.4,122.0,1.0,True,0.01,0.95,10.0,39600.0,0.938,0.139
7629,1 - 1 - 2022,19800.0,3.271085446759225,3.1622776601683795,4.216965733794858,0.000596,0.000398107,0.000630957,0.128,0.1,0.15,0.0321,0.0,0.05,39000.0,928.0,19500.0,1.0,True,0.01,0.95,10.0,39600.0,0.938,0.139
7630,1 - 1 - 2022,19800.0,3.255764119219941,3.1622776601683795,4.216965733794858,0.000597,0.000398107,0.000630957,0.122,0.1,0.15,0.0753,0.05,0.1,73100.0,1270.0,34100.0,1.0,True,0.01,0.95,10.0,39600.0,0.938,0.139
7631,1 - 1 - 2022,19800.0,3.255764119219941,3.1622776601683795,4.216965733794858,0.000597,0.000398107,0.000630957,0.127,0.1,0.15,0.15,0.1,0.2,119000.0,1150.0,19500.0,1.0,True,0.01,0.95,10.0,39600.0,0.938,0.139
7632,1 - 1 - 2022,19800.0,3.255764119219941,3.1622776601683795,4.216965733794858,0.000595,0.000398107,0.000630957,0.125,0.1,0.15,0.252,0.2,0.3,153000.0,1300.0,14600.0,1.0,True,0.01,0.95,10.0,39600.0,0.938,0.139
7633,1 - 1 - 2022,19800.0,3.271085446759225,3.1622776601683795,4.216965733794858,0.000596,0.000398107,0.000630957,0.123,0.1,0.15,0.353,0.3,0.4,219000.0,1560.0,4870.0,1.0,True,0.01,0.95,10.0,39600.0,0.938,0.139
7634,1 - 1 - 2022,19800.0,3.255764119219941,3.1622776601683795,4.216965733794858,0.000596,0.000398107,0.000630957,0.123,0.1,0.15,0.454,0.4,0.5,175000.0,1390.0,0.724,1.0,True,0.01,0.95,10.0,39600.0,0.938,0.139
7635,1 - 1 - 2022,19800.0,3.255764119219941,3.1622776601683795,4.216965733794858,0.000599,0.000398107,0.000630957,0.126,0.1,0.15,0.556,0.5,0.6,95000.0,1020.0,0.0,1.0,True,0.01,0.95,10.0,39600.0,0.938,0.139
7636,1 - 1 - 2022,19800.0,3.255764119219941,3.1622776601683795,4.216965733794858,0.000595,0.000398107,0.000630957,0.119,0.1,0.15,0.638,0.6,0.7,70600.0,883.0,4870.0,1.0,True,0.01,0.95,10.0,39600.0,0.938,0.139
7637,1 - 1 - 2022,19800.0,3.271085446759225,3.1622776601683795,4.216965733794858,0.000603,0.000398107,0.000630957,0.121,0.1,0.15,0.734,0.7,0.8,75500.0,913.0,2440.0,1.0,True,0.01,0.95,10.0,39600.0,0.938,0.139
7638,1 - 1 - 2022,19800.0,3.255764119219941,3.1622776601683795,4.216965733794858,0.000601,0.000398107,0.000630957,0.12,0.1,0.15,0.851,0.8,0.9,51200.0,751.0,0.921,1.0,True,0.01,0.95,10.0,39600.0,0.938,0.139
7639,1 - 1 - 2022,19800.0,3.24037034920393,3.1622776601683795,4.216965733794858,0.000588,0.000398107,0.000630957,0.126,0.1,0.15,0.951,0.9,1.0,51200.0,751.0,2440.0,1.0,True,0.01,0.95,10.0,39600.0,0.938,0.139
7640,1 - 1 - 2022,19800.0,3.271085446759225,3.1622776601683795,4.216965733794858,0.000602,0.000398107,0.000630957,0.124,0.1,0.15,1.23,1.0,1.5,13600.0,174.0,487.0,1.0,True,0.01,0.95,10.0,39600.0,0.938,0.139
7641,1 - 1 - 2022,19800.0,3.255764119219941,3.1622776601683795,4.216965733794858,0.000587,0.000398107,0.000630957,0.116,0.1,0.15,1.68,1.5,2.0,3410.0,86.8,0.0,1.0,True,0.01,0.95,10.0,39600.0,0.938,0.139
7642,1 - 1 - 2022,19800.0,3.4351128074635335,3.1622776601683795,4.216965733794858,0.000604,0.000398107,0.000630957,0.121,0.1,0.15,2.55,2.0,4.0,975.0,23.2,0.0,1.0,True,0.01,0.95,10.0,39600.0,0.938,0.139
7643,1 - 1 - 2022,19800.0,3.1937438845342623,3.1622776601683795,4.216965733794858,0.000581,0.000398107,0.000630957,0.167,0.15,0.2,0.0348,0.0,0.05,24400.0,733.0,4870.0,1.0,True,0.01,0.95,10.0,39600.0,0.938,0.139
7644,1 - 1 - 2022,19800.0,3.271085446759225,3.1622776601683795,4.216965733794858,0.000596,0.000398107,0.000630957,0.168,0.15,0.2,0.0733,0.05,0.1,43900.0,984.0,24400.0,1.0,True,0.01,0.95,10.0,39600.0,0.938,0.139
7645,1 - 1 - 2022,19800.0,3.255764119219941,3.1622776601683795,4.216965733794858,0.000602,0.000398107,0.000630957,0.176,0.15,0.2,0.147,0.1,0.2,85300.0,970.0,19500.0,1.0,True,0.01,0.95,10.0,39600.0,0.938,0.139
7646,1 - 1 - 2022,19800.0,3.255764119219941,3.1622776601683795,4.216965733794858,0.000596,0.000398107,0.000630957,0.172,0.15,0.2,0.25,0.2,0.3,107000.0,1090.0,17100.0,1.0,True,0.01,0.95,10.0,39600.0,0.938,0.139
7647,1 - 1 - 2022,19800.0,3.271085446759225,3.1622776601683795,4.216965733794858,0.0006,0.000398107,0.000630957,0.18,0.15,0.2,0.345,0.3,0.4,122000.0,1160.0,12200.0,1.0,True,0.01,0.95,10.0,39600.0,0.938,0.139
7648,1 - 1 - 2022,19800.0,3.24037034920393,3.1622776601683795,4.216965733794858,0.000589,0.000398107,0.000630957,0.178,0.15,0.2,0.449,0.4,0.5,85300.0,970.0,2440.0,1.0,True,0.01,0.95,10.0,39600.0,0.938,0.139
7649,1 - 1 - 2022,19800.0,3.255764119219941,3.1622776601683795,4.216965733794858,0.000594,0.000398107,0.000630957,0.175,0.15,0.2,0.559,0.5,0.6,90100.0,997.0,0.0,1.0,True,0.01,0.95,10.0,39600.0,0.938,0.139
7650,1 - 1 - 2022,19800.0,3.24037034920393,3.1622776601683795,4.216965733794858,0.000589,0.000398107,0.000630957,0.171,0.15,0.2,0.65,0.6,0.7,65800.0,852.0,0.0,1.0,True,0.01,0.95,10.0,39600.0,0.938,0.139
7651,1 - 1 - 2022,19800.0,3.24037034920393,3.1622776601683795,4.216965733794858,0.000596,0.000398107,0.000630957,0.173,0.15,0.2,0.753,0.7,0.8,36500.0,635.0,0.0,1.0,True,0.01,0.95,10.0,39600.0,0.938,0.139
7652,1 - 1 - 2022,19800.0,3.255764119219941,3.1622776601683795,4.216965733794858,0.000602,0.000398107,0.000630957,0.175,0.15,0.2,0.854,0.8,0.9,43900.0,696.0,0.332,1.0,True,0.01,0.95,10.0,39600.0,0.938,0.139
7653,1 - 1 - 2022,19800.0,3.271085446759225,3.1622776601683795,4.216965733794858,0.000601,0.000398107,0.000630957,0.172,0.15,0.2,0.944,0.9,1.0,24400.0,519.0,0.0,1.0,True,0.01,0.95,10.0,39600.0,0.938,0.139
7654,1 - 1 - 2022,19800.0,3.271085446759225,3.1622776601683795,4.216965733794858,0.000595,0.000398107,0.000630957,0.175,0.15,0.2,1.19,1.0,1.5,7310.0,127.0,487.0,1.0,True,0.01,0.95,10.0,39600.0,0.938,0.139
7655,1 - 1 - 2022,19800.0,3.271085446759225,3.1622776601683795,4.216965733794858,0.000597,0.000398107,0.000630957,0.172,0.15,0.2,1.7,1.5,2.0,4870.0,104.0,0.0,1.0,True,0.01,0.95,10.0,39600.0,0.938,0.139
7656,1 - 1 - 2022,19800.0,3.449637662132068,3.1622776601683795,4.216965733794858,0.000601,0.000398107,0.000630957,0.174,0.15,0.2,2.98,2.0,4.0,731.0,20.1,244.0,1.0,True,0.01,0.95,10.0,39600.0,0.938,0.139
7657,1 - 1 - 2022,19800.0,3.24037034920393,3.1622776601683795,4.216965733794858,0.000594,0.000398107,0.000630957,0.234,0.2,0.25,0.0723,0.05,0.1,29200.0,803.0,9740.0,1.0,True,0.01,0.95,10.0,39600.0,0.938,0.139
7658,1 - 1 - 2022,19800.0,3.24037034920393,3.1622776601683795,4.216965733794858,0.000589,0.000398107,0.000630957,0.226,0.2,0.25,0.154,0.1,0.2,68200.0,868.0,26800.0,1.0,True,0.01,0.95,10.0,39600.0,0.938,0.139
7659,1 - 1 - 2022,19800.0,3.255764119219941,3.1622776601683795,4.216965733794858,0.000601,0.000398107,0.000630957,0.228,0.2,0.25,0.255,0.2,0.3,75500.0,913.0,12200.0,1.0,True,0.01,0.95,10.0,39600.0,0.938,0.139
7660,1 - 1 - 2022,19800.0,3.255764119219941,3.1622776601683795,4.216965733794858,0.000597,0.000398107,0.000630957,0.222,0.2,0.25,0.354,0.3,0.4,68200.0,868.0,14600.0,1.0,True,0.01,0.95,10.0,39600.0,0.938,0.139
7661,1 - 1 - 2022,19800.0,3.24037034920393,3.1622776601683795,4.216965733794858,0.000598,0.000398107,0.000630957,0.221,0.2,0.25,0.457,0.4,0.5,68200.0,868.0,0.842,1.0,True,0.01,0.95,10.0,39600.0,0.938,0.139
7662,1 - 1 - 2022,19800.0,3.286335345030997,3.1622776601683795,4.216965733794858,0.000603,0.000398107,0.000630957,0.23,0.2,0.25,0.546,0.5,0.6,60900.0,820.0,0.954,1.0,True,0.01,0.95,10.0,39600.0,0.938,0.139
7663,1 - 1 - 2022,19800.0,3.271085446759225,3.1622776601683795,4.216965733794858,0.000599,0.000398107,0.000630957,0.222,0.2,0.25,0.638,0.6,0.7,43900.0,696.0,2440.0,1.0,True,0.01,0.95,10.0,39600.0,0.938,0.139
7664,1 - 1 - 2022,19800.0,3.24037034920393,3.1622776601683795,4.216965733794858,0.000589,0.000398107,0.000630957,0.228,0.2,0.25,0.752,0.7,0.8,43900.0,696.0,4870.0,1.0,True,0.01,0.95,10.0,39600.0,0.938,0.139
7665,1 - 1 - 2022,19800.0,3.2093613071762426,3.1622776601683795,4.216965733794858,0.000585,0.000398107,0.000630957,0.225,0.2,0.25,0.845,0.8,0.9,41400.0,676.0,0.0,1.0,True,0.01,0.95,10.0,39600.0,0.938,0.139
7666,1 - 1 - 2022,19800.0,3.24037034920393,3.1622776601683795,4.216965733794858,0.000603,0.000398107,0.000630957,0.232,0.2,0.25,0.945,0.9,1.0,21900.0,492.0,0.0,1.0,True,0.01,0.95,10.0,39600.0,0.938,0.139
7667,1 - 1 - 2022,19800.0,3.271085446759225,3.1622776601683795,4.216965733794858,0.000597,0.000398107,0.000630957,0.234,0.2,0.25,1.23,1.0,1.5,9260.0,143.0,0.0,1.0,True,0.01,0.95,10.0,39600.0,0.938,0.139
7668,1 - 1 - 2022,19800.0,3.271085446759225,3.1622776601683795,4.216965733794858,0.000599,0.000398107,0.000630957,0.23,0.2,0.25,1.77,1.5,2.0,4870.0,104.0,0.0,1.0,True,0.01,0.95,10.0,39600.0,0.938,0.139
7669,1 - 1 - 2022,19800.0,3.4641016151377544,3.1622776601683795,4.216965733794858,0.000595,0.000398107,0.000630957,0.222,0.2,0.25,2.3,2.0,4.0,122.0,8.2,0.0,1.0,True,0.01,0.95,10.0,39600.0,0.938,0.139
7670,1 - 1 - 2022,19800.0,3.255764119219941,3.1622776601683795,4.216965733794858,0.000604,0.000398107,0.000630957,0.266,0.25,0.3,0.0759,0.05,0.1,24400.0,733.0,9750.0,1.0,True,0.01,0.95,10.0,39600.0,0.938,0.139
7671,1 - 1 - 2022,19800.0,3.22490309931942,3.1622776601683795,4.216965733794858,0.000603,0.000398107,0.000630957,0.278,0.25,0.3,0.14,0.1,0.2,21900.0,492.0,2440.0,1.0,True,0.01,0.95,10.0,39600.0,0.938,0.139
7672,1 - 1 - 2022,19800.0,3.22490309931942,3.1622776601683795,4.216965733794858,0.00059,0.000398107,0.000630957,0.276,0.25,0.3,0.249,0.2,0.3,34100.0,614.0,7310.0,1.0,True,0.01,0.95,10.0,39600.0,0.938,0.139
7673,1 - 1 - 2022,19800.0,3.255764119219941,3.1622776601683795,4.216965733794858,0.000594,0.000398107,0.000630957,0.274,0.25,0.3,0.349,0.3,0.4,53600.0,769.0,7310.0,1.0,True,0.01,0.95,10.0,39600.0,0.938,0.139
7674,1 - 1 - 2022,19800.0,3.22490309931942,3.1622776601683795,4.216965733794858,0.000593,0.000398107,0.000630957,0.275,0.25,0.3,0.447,0.4,0.5,60900.0,820.0,7310.0,1.0,True,0.01,0.95,10.0,39600.0,0.938,0.139
7675,1 - 1 - 2022,19800.0,3.24037034920393,3.1622776601683795,4.216965733794858,0.000592,0.000398107,0.000630957,0.274,0.25,0.3,0.538,0.5,0.6,60900.0,820.0,9740.0,1.0,True,0.01,0.95,10.0,39600.0,0.938,0.139
7676,1 - 1 - 2022,19800.0,3.24037034920393,3.1622776601683795,4.216965733794858,0.000599,0.000398107,0.000630957,0.272,0.25,0.3,0.637,0.6,0.7,53600.0,769.0,4870.0,1.0,True,0.01,0.95,10.0,39600.0,0.938,0.139
7677,1 - 1 - 2022,19800.0,3.271085446759225,3.1622776601683795,4.216965733794858,0.000593,0.000398107,0.000630957,0.273,0.25,0.3,0.742,0.7,0.8,36500.0,635.0,0.0,1.0,True,0.01,0.95,10.0,39600.0,0.938,0.139
7678,1 - 1 - 2022,19800.0,3.24037034920393,3.1622776601683795,4.216965733794858,0.000591,0.000398107,0.000630957,0.277,0.25,0.3,0.833,0.8,0.9,19500.0,464.0,0.0,1.0,True,0.01,0.95,10.0,39600.0,0.938,0.139
7679,1 - 1 - 2022,19800.0,3.24037034920393,3.1622776601683795,4.216965733794858,0.000616,0.000398107,0.000630957,0.277,0.25,0.3,0.955,0.9,1.0,7310.0,284.0,2440.0,1.0,True,0.01,0.95,10.0,39600.0,0.938,0.139
7680,1 - 1 - 2022,19800.0,3.24037034920393,3.1622776601683795,4.216965733794858,0.000586,0.000398107,0.000630957,0.279,0.25,0.3,1.21,1.0,1.5,4870.0,104.0,487.0,1.0,True,0.01,0.95,10.0,39600.0,0.938,0.139
7681,1 - 1 - 2022,19800.0,3.255764119219941,3.1622776601683795,4.216965733794858,0.000587,0.000398107,0.000630957,0.266,0.25,0.3,1.7,1.5,2.0,1460.0,56.8,0.0,1.0,True,0.01,0.95,10.0,39600.0,0.938,0.139
7682,1 - 1 - 2022,19800.0,3.4641016151377544,3.1622776601683795,4.216965733794858,0.00056,0.000398107,0.000630957,0.275,0.25,0.3,2.86,2.0,4.0,365.0,14.2,122.0,1.0,True,0.01,0.95,10.0,39600.0,0.938,0.139
7683,1 - 1 - 2022,19800.0,3.24037034920393,3.1622776601683795,4.216965733794858,0.000591,0.000398107,0.000630957,0.36,0.3,0.4,0.0754,0.05,0.1,17100.0,434.0,14600.0,1.0,True,0.01,0.95,10.0,39600.0,0.938,0.139
7684,1 - 1 - 2022,19800.0,3.271085446759225,3.1622776601683795,4.216965733794858,0.000604,0.000398107,0.000630957,0.339,0.3,0.4,0.256,0.2,0.3,15800.0,296.0,12200.0,1.0,True,0.01,0.95,10.0,39600.0,0.938,0.139
7685,1 - 1 - 2022,19800.0,3.24037034920393,3.1622776601683795,4.216965733794858,0.000596,0.000398107,0.000630957,0.36,0.3,0.4,0.349,0.3,0.4,19500.0,328.0,18300.0,1.0,True,0.01,0.95,10.0,39600.0,0.938,0.139
7686,1 - 1 - 2022,19800.0,3.255764119219941,3.1622776601683795,4.216965733794858,0.000604,0.000398107,0.000630957,0.348,0.3,0.4,0.44,0.4,0.5,30400.0,410.0,25600.0,1.0,True,0.01,0.95,10.0,39600.0,0.938,0.139
7687,1 - 1 - 2022,19800.0,3.255764119219941,3.1622776601683795,4.216965733794858,0.000595,0.000398107,0.000630957,0.338,0.3,0.4,0.642,0.6,0.7,24400.0,367.0,23100.0,1.0,True,0.01,0.95,10.0,39600.0,0.938,0.139
7688,1 - 1 - 2022,19800.0,3.255764119219941,3.1622776601683795,4.216965733794858,0.000604,0.000398107,0.000630957,0.337,0.3,0.4,0.746,0.7,0.8,15800.0,296.0,13400.0,1.0,True,0.01,0.95,10.0,39600.0,0.938,0.139
7689,1 - 1 - 2022,19800.0,3.255764119219941,3.1622776601683795,4.216965733794858,0.000593,0.000398107,0.000630957,0.356,0.3,0.4,0.845,0.8,0.9,15800.0,296.0,13400.0,1.0,True,0.01,0.95,10.0,39600.0,0.938,0.139
7690,1 - 1 - 2022,19800.0,3.24037034920393,3.1622776601683795,4.216965733794858,0.000589,0.000398107,0.000630957,0.351,0.3,0.4,1.17,1.0,1.5,3410.0,61.4,2920.0,1.0,True,0.01,0.95,10.0,39600.0,0.938,0.139
7691,1 - 1 - 2022,19800.0,3.255764119219941,3.1622776601683795,4.216965733794858,0.00061,0.000398107,0.000630957,0.313,0.3,0.4,1.72,1.5,2.0,1220.0,36.7,731.0,1.0,True,0.01,0.95,10.0,39600.0,0.938,0.139
7692,1 - 1 - 2022,19800.0,3.5355339059327378,3.1622776601683795,4.216965733794858,0.000835,0.000630957,0.001,0.0161,0.0,0.05,0.0776,0.05,0.1,2850000.0,6300.0,2840000.0,1.0,True,0.01,0.95,10.0,39600.0,0.938,0.139
7693,1 - 1 - 2022,19800.0,3.521363372331802,3.1622776601683795,4.216965733794858,0.000826,0.000630957,0.001,0.0145,0.0,0.05,0.155,0.1,0.2,5430000.0,6150.0,4810000.0,1.0,True,0.01,0.95,10.0,39600.0,0.938,0.139
7694,1 - 1 - 2022,19800.0,3.521363372331802,3.1622776601683795,4.216965733794858,0.000829,0.000630957,0.001,0.0135,0.0,0.05,0.251,0.2,0.3,7570000.0,7260.0,5560000.0,1.0,True,0.01,0.95,10.0,39600.0,0.938,0.139
7695,1 - 1 - 2022,19800.0,3.5071355833500366,3.1622776601683795,4.216965733794858,0.000829,0.000630957,0.001,0.0128,0.0,0.05,0.349,0.3,0.4,7910000.0,7420.0,5030000.0,1.0,True,0.01,0.95,10.0,39600.0,0.938,0.139
7696,1 - 1 - 2022,19800.0,3.521363372331802,3.1622776601683795,4.216965733794858,0.000831,0.000630957,0.001,0.0131,0.0,0.05,0.449,0.4,0.5,6590000.0,6770.0,3200000.0,1.0,True,0.01,0.95,10.0,39600.0,0.938,0.139
7697,1 - 1 - 2022,19800.0,3.521363372331802,3.1622776601683795,4.216965733794858,0.000828,0.000630957,0.001,0.0137,0.0,0.05,0.548,0.5,0.6,5300000.0,6080.0,1780000.0,1.0,True,0.01,0.95,10.0,39600.0,0.938,0.139
7698,1 - 1 - 2022,19800.0,3.521363372331802,3.1622776601683795,4.216965733794858,0.000828,0.000630957,0.001,0.0138,0.0,0.05,0.648,0.6,0.7,3800000.0,5140.0,1330000.0,1.0,True,0.01,0.95,10.0,39600.0,0.938,0.139
7699,1 - 1 - 2022,19800.0,3.521363372331802,3.1622776601683795,4.216965733794858,0.000828,0.000630957,0.001,0.0141,0.0,0.05,0.745,0.7,0.8,2580000.0,4240.0,833000.0,1.0,True,0.01,0.95,10.0,39600.0,0.938,0.139
7700,1 - 1 - 2022,19800.0,3.5071355833500366,3.1622776601683795,4.216965733794858,0.000825,0.000630957,0.001,0.0152,0.0,0.05,0.846,0.8,0.9,1650000.0,3390.0,238000.0,1.0,True,0.01,0.95,10.0,39600.0,0.938,0.139
7701,1 - 1 - 2022,19800.0,3.521363372331802,3.1622776601683795,4.216965733794858,0.000828,0.000630957,0.001,0.016,0.0,0.05,0.945,0.9,1.0,996000.0,2630.0,92200.0,1.0,True,0.01,0.95,10.0,39600.0,0.938,0.139
7702,1 - 1 - 2022,19800.0,3.521363372331802,3.1622776601683795,4.216965733794858,0.000828,0.000630957,0.001,0.0175,0.0,0.05,1.16,1.0,1.5,325000.0,672.0,20300.0,1.0,True,0.01,0.95,10.0,39600.0,0.938,0.139
7703,1 - 1 - 2022,19800.0,3.5071355833500366,3.1622776601683795,4.216965733794858,0.000826,0.000630957,0.001,0.0243,0.0,0.05,1.72,1.5,2.0,50100.0,264.0,307.0,1.0,True,0.01,0.95,10.0,39600.0,0.938,0.139
7704,1 - 1 - 2022,19800.0,3.5637059362410923,3.1622776601683795,4.216965733794858,0.000819,0.000630957,0.001,0.0263,0.0,0.05,2.51,2.0,4.0,7530.0,51.2,307.0,1.0,True,0.01,0.95,10.0,39600.0,0.938,0.139
7705,1 - 1 - 2022,19800.0,3.521363372331802,3.1622776601683795,4.216965733794858,0.000836,0.000630957,0.001,0.073,0.05,0.1,0.0772,0.05,0.1,765000.0,3270.0,762000.0,1.0,True,0.01,0.95,10.0,39600.0,0.938,0.139
7706,1 - 1 - 2022,19800.0,3.5071355833500366,3.1622776601683795,4.216965733794858,0.000833,0.000630957,0.001,0.0732,0.05,0.1,0.154,0.1,0.2,1360000.0,3080.0,1340000.0,1.0,True,0.01,0.95,10.0,39600.0,0.938,0.139
7707,1 - 1 - 2022,19800.0,3.521363372331802,3.1622776601683795,4.216965733794858,0.000834,0.000630957,0.001,0.0731,0.05,0.1,0.25,0.2,0.3,1880000.0,3620.0,1810000.0,1.0,True,0.01,0.95,10.0,39600.0,0.938,0.139
7708,1 - 1 - 2022,19800.0,3.521363372331802,3.1622776601683795,4.216965733794858,0.000831,0.000630957,0.001,0.0726,0.05,0.1,0.349,0.3,0.4,1830000.0,3570.0,1720000.0,1.0,True,0.01,0.95,10.0,39600.0,0.938,0.139
7709,1 - 1 - 2022,19800.0,3.5071355833500366,3.1622776601683795,4.216965733794858,0.000833,0.000630957,0.001,0.073,0.05,0.1,0.447,0.4,0.5,1570000.0,3300.0,1420000.0,1.0,True,0.01,0.95,10.0,39600.0,0.938,0.139
7710,1 - 1 - 2022,19800.0,3.521363372331802,3.1622776601683795,4.216965733794858,0.000838,0.000630957,0.001,0.0727,0.05,0.1,0.547,0.5,0.6,1270000.0,2970.0,990000.0,1.0,True,0.01,0.95,10.0,39600.0,0.938,0.139
7711,1 - 1 - 2022,19800.0,3.521363372331802,3.1622776601683795,4.216965733794858,0.000833,0.000630957,0.001,0.0718,0.05,0.1,0.647,0.6,0.7,961000.0,2590.0,576000.0,1.0,True,0.01,0.95,10.0,39600.0,0.938,0.139
7712,1 - 1 - 2022,19800.0,3.5355339059327378,3.1622776601683795,4.216965733794858,0.000838,0.000630957,0.001,0.0733,0.05,0.1,0.747,0.7,0.8,704000.0,2210.0,298000.0,1.0,True,0.01,0.95,10.0,39600.0,0.938,0.139
7713,1 - 1 - 2022,19800.0,3.5355339059327378,3.1622776601683795,4.216965733794858,0.000832,0.000630957,0.001,0.0724,0.05,0.1,0.847,0.8,0.9,512000.0,1890.0,109000.0,1.0,True,0.01,0.95,10.0,39600.0,0.938,0.139
7714,1 - 1 - 2022,19800.0,3.478505426185217,3.1622776601683795,4.216965733794858,0.000838,0.000630957,0.001,0.0729,0.05,0.1,0.947,0.9,1.0,347000.0,1560.0,27700.0,1.0,True,0.01,0.95,10.0,39600.0,0.938,0.139
7715,1 - 1 - 2022,19800.0,3.521363372331802,3.1622776601683795,4.216965733794858,0.000825,0.000630957,0.001,0.0737,0.05,0.1,1.19,1.0,1.5,144000.0,448.0,2460.0,1.0,True,0.01,0.95,10.0,39600.0,0.938,0.139
7716,1 - 1 - 2022,19800.0,3.5496478698597698,3.1622776601683795,4.216965733794858,0.000823,0.000630957,0.001,0.0727,0.05,0.1,1.72,1.5,2.0,36900.0,227.0,0.0,1.0,True,0.01,0.95,10.0,39600.0,0.938,0.139
7717,1 - 1 - 2022,19800.0,3.5637059362410923,3.1622776601683795,4.216965733794858,0.000845,0.000630957,0.001,0.0733,0.05,0.1,2.58,2.0,4.0,6610.0,48.0,384.0,1.0,True,0.01,0.95,10.0,39600.0,0.938,0.139
7718,1 - 1 - 2022,19800.0,3.478505426185217,3.1622776601683795,4.216965733794858,0.000815,0.000630957,0.001,0.122,0.1,0.15,0.0315,0.0,0.05,203000.0,1680.0,101000.0,1.0,True,0.01,0.95,10.0,39600.0,0.938,0.139
7719,1 - 1 - 2022,19800.0,3.5071355833500366,3.1622776601683795,4.216965733794858,0.000832,0.000630957,0.001,0.123,0.1,0.15,0.0772,0.05,0.1,569000.0,2810.0,286000.0,1.0,True,0.01,0.95,10.0,39600.0,0.938,0.139
7720,1 - 1 - 2022,19800.0,3.492849839314596,3.1622776601683795,4.216965733794858,0.000828,0.000630957,0.001,0.124,0.1,0.15,0.153,0.1,0.2,979000.0,2610.0,516000.0,1.0,True,0.01,0.95,10.0,39600.0,0.938,0.139
7721,1 - 1 - 2022,19800.0,3.521363372331802,3.1622776601683795,4.216965733794858,0.000834,0.000630957,0.001,0.124,0.1,0.15,0.248,0.2,0.3,1200000.0,2890.0,576000.0,1.0,True,0.01,0.95,10.0,39600.0,0.938,0.139
7722,1 - 1 - 2022,19800.0,3.521363372331802,3.1622776601683795,4.216965733794858,0.000831,0.000630957,0.001,0.123,0.1,0.15,0.35,0.3,0.4,1190000.0,2880.0,509000.0,1.0,True,0.01,0.95,10.0,39600.0,0.938,0.139
7723,1 - 1 - 2022,19800.0,3.5071355833500366,3.1622776601683795,4.216965733794858,0.000835,0.000630957,0.001,0.123,0.1,0.15,0.447,0.4,0.5,1070000.0,2730.0,478000.0,1.0,True,0.01,0.95,10.0,39600.0,0.938,0.139
7724,1 - 1 - 2022,19800.0,3.521363372331802,3.1622776601683795,4.216965733794858,0.000832,0.000630957,0.001,0.124,0.1,0.15,0.549,0.5,0.6,873000.0,2470.0,329000.0,1.0,True,0.01,0.95,10.0,39600.0,0.938,0.139
7725,1 - 1 - 2022,19800.0,3.521363372331802,3.1622776601683795,4.216965733794858,0.000824,0.000630957,0.001,0.123,0.1,0.15,0.645,0.6,0.7,679000.0,2170.0,200000.0,1.0,True,0.01,0.95,10.0,39600.0,0.938,0.139
7726,1 - 1 - 2022,19800.0,3.5496478698597698,3.1622776601683795,4.216965733794858,0.00084,0.000630957,0.001,0.125,0.1,0.15,0.749,0.7,0.8,458000.0,1790.0,121000.0,1.0,True,0.01,0.95,10.0,39600.0,0.938,0.139
7727,1 - 1 - 2022,19800.0,3.478505426185217,3.1622776601683795,4.216965733794858,0.000836,0.000630957,0.001,0.124,0.1,0.15,0.849,0.8,0.9,307000.0,1460.0,72200.0,1.0,True,0.01,0.95,10.0,39600.0,0.938,0.139
7728,1 - 1 - 2022,19800.0,3.5496478698597698,3.1622776601683795,4.216965733794858,0.000828,0.000630957,0.001,0.124,0.1,0.15,0.945,0.9,1.0,218000.0,1230.0,30700.0,1.0,True,0.01,0.95,10.0,39600.0,0.938,0.139
7729,1 - 1 - 2022,19800.0,3.521363372331802,3.1622776601683795,4.216965733794858,0.000828,0.000630957,0.001,0.123,0.1,0.15,1.19,1.0,1.5,105000.0,382.0,3690.0,1.0,True,0.01,0.95,10.0,39600.0,0.938,0.139
7730,1 - 1 - 2022,19800.0,3.5355339059327378,3.1622776601683795,4.216965733794858,0.000823,0.000630957,0.001,0.125,0.1,0.15,1.72,1.5,2.0,30700.0,207.0,0.0,1.0,True,0.01,0.95,10.0,39600.0,0.938,0.139
7731,1 - 1 - 2022,19800.0,3.5637059362410923,3.1622776601683795,4.216965733794858,0.000824,0.000630957,0.001,0.126,0.1,0.15,2.55,2.0,4.0,5690.0,44.5,0.0,1.0,True,0.01,0.95,10.0,39600.0,0.938,0.139
7732,1 - 1 - 2022,19800.0,3.449637662132068,3.1622776601683795,4.216965733794858,0.000834,0.000630957,0.001,0.168,0.15,0.2,0.0325,0.0,0.05,141000.0,1400.0,12300.0,1.0,True,0.01,0.95,10.0,39600.0,0.938,0.139
7733,1 - 1 - 2022,19800.0,3.478505426185217,3.1622776601683795,4.216965733794858,0.000823,0.000630957,0.001,0.176,0.15,0.2,0.0772,0.05,0.1,341000.0,2180.0,21500.0,1.0,True,0.01,0.95,10.0,39600.0,0.938,0.139
7734,1 - 1 - 2022,19800.0,3.492849839314596,3.1622776601683795,4.216965733794858,0.00083,0.000630957,0.001,0.172,0.15,0.2,0.153,0.1,0.2,555000.0,1970.0,70700.0,1.0,True,0.01,0.95,10.0,39600.0,0.938,0.139
7735,1 - 1 - 2022,19800.0,3.5071355833500366,3.1622776601683795,4.216965733794858,0.000837,0.000630957,0.001,0.172,0.15,0.2,0.253,0.2,0.3,736000.0,2260.0,98400.0,1.0,True,0.01,0.95,10.0,39600.0,0.938,0.139
7736,1 - 1 - 2022,19800.0,3.521363372331802,3.1622776601683795,4.216965733794858,0.000826,0.000630957,0.001,0.173,0.15,0.2,0.349,0.3,0.4,801000.0,2360.0,64600.0,1.0,True,0.01,0.95,10.0,39600.0,0.938,0.139
7737,1 - 1 - 2022,19800.0,3.521363372331802,3.1622776601683795,4.216965733794858,0.000836,0.000630957,0.001,0.173,0.15,0.2,0.449,0.4,0.5,718000.0,2240.0,26100.0,1.0,True,0.01,0.95,10.0,39600.0,0.938,0.139
7738,1 - 1 - 2022,19800.0,3.5071355833500366,3.1622776601683795,4.216965733794858,0.000832,0.000630957,0.001,0.173,0.15,0.2,0.549,0.5,0.6,603000.0,2050.0,15400.0,1.0,True,0.01,0.95,10.0,39600.0,0.938,0.139
7739,1 - 1 - 2022,19800.0,3.5071355833500366,3.1622776601683795,4.216965733794858,0.000827,0.000630957,0.001,0.174,0.15,0.2,0.649,0.6,0.7,477000.0,1820.0,3070.0,1.0,True,0.01,0.95,10.0,39600.0,0.938,0.139
7740,1 - 1 - 2022,19800.0,3.5071355833500366,3.1622776601683795,4.216965733794858,0.000823,0.000630957,0.001,0.173,0.15,0.2,0.746,0.7,0.8,363000.0,1590.0,3070.0,1.0,True,0.01,0.95,10.0,39600.0,0.938,0.139
7741,1 - 1 - 2022,19800.0,3.5071355833500366,3.1622776601683795,4.216965733794858,0.000831,0.000630957,0.001,0.174,0.15,0.2,0.847,0.8,0.9,246000.0,1310.0,0.631,1.0,True,0.01,0.95,10.0,39600.0,0.938,0.139
7742,1 - 1 - 2022,19800.0,3.5496478698597698,3.1622776601683795,4.216965733794858,0.000824,0.000630957,0.001,0.176,0.15,0.2,0.945,0.9,1.0,220000.0,1240.0,1540.0,1.0,True,0.01,0.95,10.0,39600.0,0.938,0.139
7743,1 - 1 - 2022,19800.0,3.521363372331802,3.1622776601683795,4.216965733794858,0.000842,0.000630957,0.001,0.173,0.15,0.2,1.19,1.0,1.5,76900.0,327.0,307.0,1.0,True,0.01,0.95,10.0,39600.0,0.938,0.139
7744,1 - 1 - 2022,19800.0,3.5071355833500366,3.1622776601683795,4.216965733794858,0.000847,0.000630957,0.001,0.176,0.15,0.2,1.73,1.5,2.0,24000.0,183.0,0.0,1.0,True,0.01,0.95,10.0,39600.0,0.938,0.139
7745,1 - 1 - 2022,19800.0,3.5496478698597698,3.1622776601683795,4.216965733794858,0.00085,0.000630957,0.001,0.176,0.15,0.2,2.55,2.0,4.0,5000.0,41.7,76.9,1.0,True,0.01,0.95,10.0,39600.0,0.938,0.139
7746,1 - 1 - 2022,19800.0,3.4641016151377544,3.1622776601683795,4.216965733794858,0.000815,0.000630957,0.001,0.228,0.2,0.25,0.0227,0.0,0.05,52300.0,853.0,6150.0,1.0,True,0.01,0.95,10.0,39600.0,0.938,0.139
7747,1 - 1 - 2022,19800.0,3.478505426185217,3.1622776601683795,4.216965733794858,0.000815,0.000630957,0.001,0.221,0.2,0.25,0.0729,0.05,0.1,197000.0,1660.0,21500.0,1.0,True,0.01,0.95,10.0,39600.0,0.938,0.139
7748,1 - 1 - 2022,19800.0,3.521363372331802,3.1622776601683795,4.216965733794858,0.000847,0.000630957,0.001,0.223,0.2,0.25,0.156,0.1,0.2,364000.0,1590.0,24600.0,1.0,True,0.01,0.95,10.0,39600.0,0.938,0.139
7749,1 - 1 - 2022,19800.0,3.492849839314596,3.1622776601683795,4.216965733794858,0.000829,0.000630957,0.001,0.222,0.2,0.25,0.25,0.2,0.3,469000.0,1810.0,32300.0,1.0,True,0.01,0.95,10.0,39600.0,0.938,0.139
7750,1 - 1 - 2022,19800.0,3.5071355833500366,3.1622776601683795,4.216965733794858,0.000833,0.000630957,0.001,0.223,0.2,0.25,0.351,0.3,0.4,560000.0,1970.0,41500.0,1.0,True,0.01,0.95,10.0,39600.0,0.938,0.139
7751,1 - 1 - 2022,19800.0,3.5071355833500366,3.1622776601683795,4.216965733794858,0.000828,0.000630957,0.001,0.223,0.2,0.25,0.452,0.4,0.5,489000.0,1840.0,27700.0,1.0,True,0.01,0.95,10.0,39600.0,0.938,0.139
7752,1 - 1 - 2022,19800.0,3.5071355833500366,3.1622776601683795,4.216965733794858,0.000843,0.000630957,0.001,0.223,0.2,0.25,0.551,0.5,0.6,469000.0,1810.0,20000.0,1.0,True,0.01,0.95,10.0,39600.0,0.938,0.139
7753,1 - 1 - 2022,19800.0,3.521363372331802,3.1622776601683795,4.216965733794858,0.000833,0.000630957,0.001,0.224,0.2,0.25,0.649,0.6,0.7,297000.0,1440.0,0.266,1.0,True,0.01,0.95,10.0,39600.0,0.938,0.139
7754,1 - 1 - 2022,19800.0,3.5355339059327378,3.1622776601683795,4.216965733794858,0.00084,0.000630957,0.001,0.223,0.2,0.25,0.745,0.7,0.8,269000.0,1370.0,0.0,1.0,True,0.01,0.95,10.0,39600.0,0.938,0.139
7755,1 - 1 - 2022,19800.0,3.5496478698597698,3.1622776601683795,4.216965733794858,0.000831,0.000630957,0.001,0.222,0.2,0.25,0.845,0.8,0.9,214000.0,1220.0,0.0,1.0,True,0.01,0.95,10.0,39600.0,0.938,0.139
7756,1 - 1 - 2022,19800.0,3.5071355833500366,3.1622776601683795,4.216965733794858,0.000827,0.000630957,0.001,0.224,0.2,0.25,0.95,0.9,1.0,158000.0,1050.0,1540.0,1.0,True,0.01,0.95,10.0,39600.0,0.938,0.139
7757,1 - 1 - 2022,19800.0,3.5071355833500366,3.1622776601683795,4.216965733794858,0.000827,0.000630957,0.001,0.223,0.2,0.25,1.19,1.0,1.5,56300.0,280.0,307.0,1.0,True,0.01,0.95,10.0,39600.0,0.938,0.139
7758,1 - 1 - 2022,19800.0,3.5071355833500366,3.1622776601683795,4.216965733794858,0.000811,0.000630957,0.001,0.225,0.2,0.25,1.69,1.5,2.0,18400.0,160.0,0.0,1.0,True,0.01,0.95,10.0,39600.0,0.938,0.139
7759,1 - 1 - 2022,19800.0,3.5637059362410923,3.1622776601683795,4.216965733794858,0.000815,0.000630957,0.001,0.224,0.2,0.25,2.49,2.0,4.0,4460.0,39.4,538.0,1.0,True,0.01,0.95,10.0,39600.0,0.938,0.139
7760,1 - 1 - 2022,19800.0,3.478505426185217,3.1622776601683795,4.216965733794858,0.000835,0.000630957,0.001,0.272,0.25,0.3,0.0351,0.0,0.05,52300.0,853.0,0.0,1.0,True,0.01,0.95,10.0,39600.0,0.938,0.139
7761,1 - 1 - 2022,19800.0,3.5496478698597698,3.1622776601683795,4.216965733794858,0.000823,0.000630957,0.001,0.275,0.25,0.3,0.0768,0.05,0.1,108000.0,1220.0,15400.0,1.0,True,0.01,0.95,10.0,39600.0,0.938,0.139
7762,1 - 1 - 2022,19800.0,3.4641016151377544,3.1622776601683795,4.216965733794858,0.000814,0.000630957,0.001,0.274,0.25,0.3,0.155,0.1,0.2,226000.0,1250.0,10800.0,1.0,True,0.01,0.95,10.0,39600.0,0.938,0.139
7763,1 - 1 - 2022,19800.0,3.449637662132068,3.1622776601683795,4.216965733794858,0.000832,0.000630957,0.001,0.273,0.25,0.3,0.254,0.2,0.3,321000.0,1500.0,18400.0,1.0,True,0.01,0.95,10.0,39600.0,0.938,0.139
7764,1 - 1 - 2022,19800.0,3.521363372331802,3.1622776601683795,4.216965733794858,0.000832,0.000630957,0.001,0.273,0.25,0.3,0.351,0.3,0.4,349000.0,1560.0,32300.0,1.0,True,0.01,0.95,10.0,39600.0,0.938,0.139
7765,1 - 1 - 2022,19800.0,3.492849839314596,3.1622776601683795,4.216965733794858,0.000838,0.000630957,0.001,0.272,0.25,0.3,0.45,0.4,0.5,387000.0,1640.0,20000.0,1.0,True,0.01,0.95,10.0,39600.0,0.938,0.139
7766,1 - 1 - 2022,19800.0,3.492849839314596,3.1622776601683795,4.216965733794858,0.000827,0.000630957,0.001,0.273,0.25,0.3,0.552,0.5,0.6,344000.0,1550.0,20000.0,1.0,True,0.01,0.95,10.0,39600.0,0.938,0.139
7767,1 - 1 - 2022,19800.0,3.5496478698597698,3.1622776601683795,4.216965733794858,0.000838,0.000630957,0.001,0.275,0.25,0.3,0.645,0.6,0.7,275000.0,1380.0,12300.0,1.0,True,0.01,0.95,10.0,39600.0,0.938,0.139
7768,1 - 1 - 2022,19800.0,3.5355339059327378,3.1622776601683795,4.216965733794858,0.000842,0.000630957,0.001,0.277,0.25,0.3,0.747,0.7,0.8,166000.0,1080.0,3070.0,1.0,True,0.01,0.95,10.0,39600.0,0.938,0.139
7769,1 - 1 - 2022,19800.0,3.5355339059327378,3.1622776601683795,4.216965733794858,0.000834,0.000630957,0.001,0.274,0.25,0.3,0.848,0.8,0.9,132000.0,959.0,0.0,1.0,True,0.01,0.95,10.0,39600.0,0.938,0.139
7770,1 - 1 - 2022,19800.0,3.5071355833500366,3.1622776601683795,4.216965733794858,0.000856,0.000630957,0.001,0.272,0.25,0.3,0.95,0.9,1.0,101000.0,841.0,0.0,1.0,True,0.01,0.95,10.0,39600.0,0.938,0.139
7771,1 - 1 - 2022,19800.0,3.521363372331802,3.1622776601683795,4.216965733794858,0.000819,0.000630957,0.001,0.275,0.25,0.3,1.19,1.0,1.5,52600.0,271.0,1230.0,1.0,True,0.01,0.95,10.0,39600.0,0.938,0.139
7772,1 - 1 - 2022,19800.0,3.5355339059327378,3.1622776601683795,4.216965733794858,0.00084,0.000630957,0.001,0.275,0.25,0.3,1.71,1.5,2.0,14100.0,140.0,307.0,1.0,True,0.01,0.95,10.0,39600.0,0.938,0.139
7773,1 - 1 - 2022,19800.0,3.591656999213594,3.1622776601683795,4.216965733794858,0.000819,0.000630957,0.001,0.271,0.25,0.3,2.54,2.0,4.0,4150.0,38.0,1230.0,1.0,True,0.01,0.95,10.0,39600.0,0.938,0.139
7774,1 - 1 - 2022,19800.0,3.5355339059327378,3.1622776601683795,4.216965733794858,0.000848,0.000630957,0.001,0.354,0.3,0.4,0.0242,0.0,0.05,21500.0,387.0,9220.0,1.0,True,0.01,0.95,10.0,39600.0,0.938,0.139
7775,1 - 1 - 2022,19800.0,3.5071355833500366,3.1622776601683795,4.216965733794858,0.00085,0.000630957,0.001,0.34,0.3,0.4,0.0791,0.05,0.1,83000.0,760.0,24600.0,1.0,True,0.01,0.95,10.0,39600.0,0.938,0.139
7776,1 - 1 - 2022,19800.0,3.5355339059327378,3.1622776601683795,4.216965733794858,0.000847,0.000630957,0.001,0.342,0.3,0.4,0.155,0.1,0.2,125000.0,660.0,47700.0,1.0,True,0.01,0.95,10.0,39600.0,0.938,0.139
7777,1 - 1 - 2022,19800.0,3.5071355833500366,3.1622776601683795,4.216965733794858,0.000833,0.000630957,0.001,0.346,0.3,0.4,0.251,0.2,0.3,171000.0,772.0,63000.0,1.0,True,0.01,0.95,10.0,39600.0,0.938,0.139
7778,1 - 1 - 2022,19800.0,3.478505426185217,3.1622776601683795,4.216965733794858,0.000834,0.000630957,0.001,0.345,0.3,0.4,0.352,0.3,0.4,181000.0,793.0,68400.0,1.0,True,0.01,0.95,10.0,39600.0,0.938,0.139
7779,1 - 1 - 2022,19800.0,3.5071355833500366,3.1622776601683795,4.216965733794858,0.000843,0.000630957,0.001,0.342,0.3,0.4,0.45,0.4,0.5,181000.0,793.0,66100.0,1.0,True,0.01,0.95,10.0,39600.0,0.938,0.139
7780,1 - 1 - 2022,19800.0,3.478505426185217,3.1622776601683795,4.216965733794858,0.000836,0.000630957,0.001,0.346,0.3,0.4,0.545,0.5,0.6,204000.0,844.0,77600.0,1.0,True,0.01,0.95,10.0,39600.0,0.938,0.139
7781,1 - 1 - 2022,19800.0,3.521363372331802,3.1622776601683795,4.216965733794858,0.000835,0.000630957,0.001,0.344,0.3,0.4,0.647,0.6,0.7,150000.0,722.0,58400.0,1.0,True,0.01,0.95,10.0,39600.0,0.938,0.139
7782,1 - 1 - 2022,19800.0,3.492849839314596,3.1622776601683795,4.216965733794858,0.000837,0.000630957,0.001,0.346,0.3,0.4,0.75,0.7,0.8,115000.0,631.0,45300.0,1.0,True,0.01,0.95,10.0,39600.0,0.938,0.139
7783,1 - 1 - 2022,19800.0,3.478505426185217,3.1622776601683795,4.216965733794858,0.00083,0.000630957,0.001,0.342,0.3,0.4,0.85,0.8,0.9,111000.0,623.0,43800.0,1.0,True,0.01,0.95,10.0,39600.0,0.938,0.139
7784,1 - 1 - 2022,19800.0,3.521363372331802,3.1622776601683795,4.216965733794858,0.000825,0.000630957,0.001,0.345,0.3,0.4,0.946,0.9,1.0,77600.0,520.0,33800.0,1.0,True,0.01,0.95,10.0,39600.0,0.938,0.139
7785,1 - 1 - 2022,19800.0,3.5496478698597698,3.1622776601683795,4.216965733794858,0.00084,0.000630957,0.001,0.348,0.3,0.4,1.19,1.0,1.5,32300.0,150.0,13700.0,1.0,True,0.01,0.95,10.0,39600.0,0.938,0.139
7786,1 - 1 - 2022,19800.0,3.492849839314596,3.1622776601683795,4.216965733794858,0.000847,0.000630957,0.001,0.346,0.3,0.4,1.73,1.5,2.0,9070.0,79.5,3230.0,1.0,True,0.01,0.95,10.0,39600.0,0.938,0.139
7787,1 - 1 - 2022,19800.0,3.492849839314596,3.1622776601683795,4.216965733794858,0.000818,0.000630957,0.001,0.346,0.3,0.4,2.58,2.0,4.0,3070.0,23.1,1920.0,1.0,True,0.01,0.95,10.0,39600.0,0.938,0.139
7788,1 - 1 - 2022,19800.0,3.4351128074635335,3.1622776601683795,4.216965733794858,0.000782,0.000630957,0.001,0.419,0.4,0.5,0.0326,0.0,0.05,6150.0,207.0,4610.0,1.0,True,0.01,0.95,10.0,39600.0,0.938,0.139
7789,1 - 1 - 2022,19800.0,3.5496478698597698,3.1622776601683795,4.216965733794858,0.000824,0.000630957,0.001,0.436,0.4,0.5,0.0735,0.05,0.1,47600.0,576.0,41500.0,1.0,True,0.01,0.95,10.0,39600.0,0.938,0.139
7790,1 - 1 - 2022,19800.0,3.5355339059327378,3.1622776601683795,4.216965733794858,0.000845,0.000630957,0.001,0.441,0.4,0.5,0.158,0.1,0.2,67600.0,485.0,53800.0,1.0,True,0.01,0.95,10.0,39600.0,0.938,0.139
7791,1 - 1 - 2022,19800.0,3.492849839314596,3.1622776601683795,4.216965733794858,0.000831,0.000630957,0.001,0.444,0.4,0.5,0.245,0.2,0.3,88400.0,555.0,76100.0,1.0,True,0.01,0.95,10.0,39600.0,0.938,0.139
7792,1 - 1 - 2022,19800.0,3.4641016151377544,3.1622776601683795,4.216965733794858,0.000833,0.000630957,0.001,0.438,0.4,0.5,0.351,0.3,0.4,93000.0,569.0,72200.0,1.0,True,0.01,0.95,10.0,39600.0,0.938,0.139
7793,1 - 1 - 2022,19800.0,3.521363372331802,3.1622776601683795,4.216965733794858,0.000842,0.000630957,0.001,0.444,0.4,0.5,0.451,0.4,0.5,90700.0,562.0,75300.0,1.0,True,0.01,0.95,10.0,39600.0,0.938,0.139
7794,1 - 1 - 2022,19800.0,3.492849839314596,3.1622776601683795,4.216965733794858,0.000848,0.000630957,0.001,0.445,0.4,0.5,0.551,0.5,0.6,83800.0,540.0,69900.0,1.0,True,0.01,0.95,10.0,39600.0,0.938,0.139
7795,1 - 1 - 2022,19800.0,3.5355339059327378,3.1622776601683795,4.216965733794858,0.00083,0.000630957,0.001,0.446,0.4,0.5,0.649,0.6,0.7,69200.0,491.0,61500.0,1.0,True,0.01,0.95,10.0,39600.0,0.938,0.139
7796,1 - 1 - 2022,19800.0,3.5355339059327378,3.1622776601683795,4.216965733794858,0.000826,0.000630957,0.001,0.442,0.4,0.5,0.75,0.7,0.8,57600.0,448.0,51500.0,1.0,True,0.01,0.95,10.0,39600.0,0.938,0.139
7797,1 - 1 - 2022,19800.0,3.5071355833500366,3.1622776601683795,4.216965733794858,0.00084,0.000630957,0.001,0.444,0.4,0.5,0.85,0.8,0.9,50000.0,417.0,42300.0,1.0,True,0.01,0.95,10.0,39600.0,0.938,0.139
7798,1 - 1 - 2022,19800.0,3.5496478698597698,3.1622776601683795,4.216965733794858,0.000856,0.000630957,0.001,0.443,0.4,0.5,0.952,0.9,1.0,43000.0,387.0,34600.0,1.0,True,0.01,0.95,10.0,39600.0,0.938,0.139
7799,1 - 1 - 2022,19800.0,3.5496478698597698,3.1622776601683795,4.216965733794858,0.000821,0.000630957,0.001,0.448,0.4,0.5,1.2,1.0,1.5,18100.0,112.0,16400.0,1.0,True,0.01,0.95,10.0,39600.0,0.938,0.139
7800,1 - 1 - 2022,19800.0,3.5496478698597698,3.1622776601683795,4.216965733794858,0.000817,0.000630957,0.001,0.446,0.4,0.5,1.66,1.5,2.0,4000.0,52.8,3690.0,1.0,True,0.01,0.95,10.0,39600.0,0.938,0.139
7801,1 - 1 - 2022,19800.0,3.5071355833500366,3.1622776601683795,4.216965733794858,0.000803,0.000630957,0.001,0.451,0.4,0.5,2.78,2.0,4.0,1340.0,15.3,1270.0,1.0,True,0.01,0.95,10.0,39600.0,0.938,0.139
7802,1 - 1 - 2022,19800.0,3.4351128074635335,3.1622776601683795,4.216965733794858,0.000832,0.000630957,0.001,0.535,0.5,0.6,0.161,0.1,0.2,23800.0,288.0,23100.0,1.0,True,0.01,0.95,10.0,39600.0,0.938,0.139
7803,1 - 1 - 2022,19800.0,3.478505426185217,3.1622776601683795,4.216965733794858,0.000848,0.000630957,0.001,0.545,0.5,0.6,0.46,0.4,0.5,37700.0,362.0,36100.0,1.0,True,0.01,0.95,10.0,39600.0,0.938,0.139
7804,1 - 1 - 2022,19800.0,3.5637059362410923,3.1622776601683795,4.216965733794858,0.000845,0.000630957,0.001,0.548,0.5,0.6,1.19,1.0,1.5,11200.0,88.4,11100.0,1.0,True,0.01,0.95,10.0,39600.0,0.938,0.139
7805,1 - 1 - 2022,19800.0,3.63318042491699,3.1622776601683795,4.216965733794858,0.00127,0.001,0.00158489,0.0179,0.0,0.05,0.0781,0.05,0.1,2170000.0,4370.0,2170000.0,1.0,True,0.01,0.95,10.0,39600.0,0.938,0.139
7806,1 - 1 - 2022,19800.0,3.63318042491699,3.1622776601683795,4.216965733794858,0.00127,0.001,0.00158489,0.0158,0.0,0.05,0.155,0.1,0.2,4650000.0,4520.0,4100000.0,1.0,True,0.01,0.95,10.0,39600.0,0.938,0.139
7807,1 - 1 - 2022,19800.0,3.646916505762094,3.1622776601683795,4.216965733794858,0.00127,0.001,0.00158489,0.0147,0.0,0.05,0.252,0.2,0.3,6260000.0,5240.0,4620000.0,1.0,True,0.01,0.95,10.0,39600.0,0.938,0.139
7808,1 - 1 - 2022,19800.0,3.63318042491699,3.1622776601683795,4.216965733794858,0.00127,0.001,0.00158489,0.0142,0.0,0.05,0.349,0.3,0.4,6220000.0,5230.0,3920000.0,1.0,True,0.01,0.95,10.0,39600.0,0.938,0.139
7809,1 - 1 - 2022,19800.0,3.63318042491699,3.1622776601683795,4.216965733794858,0.00127,0.001,0.00158489,0.0141,0.0,0.05,0.448,0.4,0.5,5440000.0,4890.0,2550000.0,1.0,True,0.01,0.95,10.0,39600.0,0.938,0.139
7810,1 - 1 - 2022,19800.0,3.63318042491699,3.1622776601683795,4.216965733794858,0.00127,0.001,0.00158489,0.0142,0.0,0.05,0.548,0.5,0.6,4300000.0,4350.0,1490000.0,1.0,True,0.01,0.95,10.0,39600.0,0.938,0.139
7811,1 - 1 - 2022,19800.0,3.63318042491699,3.1622776601683795,4.216965733794858,0.00127,0.001,0.00158489,0.0153,0.0,0.05,0.647,0.6,0.7,3070000.0,3670.0,1010000.0,1.0,True,0.01,0.95,10.0,39600.0,0.938,0.139
7812,1 - 1 - 2022,19800.0,3.63318042491699,3.1622776601683795,4.216965733794858,0.00127,0.001,0.00158489,0.015,0.0,0.05,0.748,0.7,0.8,2140000.0,3060.0,573000.0,1.0,True,0.01,0.95,10.0,39600.0,0.938,0.139
7813,1 - 1 - 2022,19800.0,3.63318042491699,3.1622776601683795,4.216965733794858,0.00127,0.001,0.00158489,0.0167,0.0,0.05,0.846,0.8,0.9,1380000.0,2470.0,256000.0,1.0,True,0.01,0.95,10.0,39600.0,0.938,0.139
7814,1 - 1 - 2022,19800.0,3.646916505762094,3.1622776601683795,4.216965733794858,0.00125,0.001,0.00158489,0.0159,0.0,0.05,0.946,0.9,1.0,842000.0,1920.0,108000.0,1.0,True,0.01,0.95,10.0,39600.0,0.938,0.139
7815,1 - 1 - 2022,19800.0,3.63318042491699,3.1622776601683795,4.216965733794858,0.00126,0.001,0.00158489,0.0192,0.0,0.05,1.16,1.0,1.5,242000.0,462.0,17100.0,1.0,True,0.01,0.95,10.0,39600.0,0.938,0.139
7816,1 - 1 - 2022,19800.0,3.6606010435446255,3.1622776601683795,4.216965733794858,0.00126,0.001,0.00158489,0.0247,0.0,0.05,1.72,1.5,2.0,36100.0,178.0,1360.0,1.0,True,0.01,0.95,10.0,39600.0,0.938,0.139
7817,1 - 1 - 2022,19800.0,3.687817782917155,3.1622776601683795,4.216965733794858,0.00124,0.001,0.00158489,0.0266,0.0,0.05,2.57,2.0,4.0,3930.0,29.4,194.0,1.0,True,0.01,0.95,10.0,39600.0,0.938,0.139
7818,1 - 1 - 2022,19800.0,3.6193922141707713,3.1622776601683795,4.216965733794858,0.00127,0.001,0.00158489,0.0747,0.05,0.1,0.0334,0.0,0.05,246000.0,1470.0,235000.0,1.0,True,0.01,0.95,10.0,39600.0,0.938,0.139
7819,1 - 1 - 2022,19800.0,3.63318042491699,3.1622776601683795,4.216965733794858,0.00126,0.001,0.00158489,0.0724,0.05,0.1,0.0774,0.05,0.1,700000.0,2480.0,665000.0,1.0,True,0.01,0.95,10.0,39600.0,0.938,0.139
7820,1 - 1 - 2022,19800.0,3.6193922141707713,3.1622776601683795,4.216965733794858,0.00127,0.001,0.00158489,0.0737,0.05,0.1,0.154,0.1,0.2,1310000.0,2400.0,1170000.0,1.0,True,0.01,0.95,10.0,39600.0,0.938,0.139
7821,1 - 1 - 2022,19800.0,3.6193922141707713,3.1622776601683795,4.216965733794858,0.00127,0.001,0.00158489,0.0729,0.05,0.1,0.252,0.2,0.3,1630000.0,2680.0,1390000.0,1.0,True,0.01,0.95,10.0,39600.0,0.938,0.139
7822,1 - 1 - 2022,19800.0,3.6193922141707713,3.1622776601683795,4.216965733794858,0.00127,0.001,0.00158489,0.0729,0.05,0.1,0.35,0.3,0.4,1650000.0,2690.0,1160000.0,1.0,True,0.01,0.95,10.0,39600.0,0.938,0.139
7823,1 - 1 - 2022,19800.0,3.63318042491699,3.1622776601683795,4.216965733794858,0.00127,0.001,0.00158489,0.0733,0.05,0.1,0.449,0.4,0.5,1410000.0,2490.0,814000.0,1.0,True,0.01,0.95,10.0,39600.0,0.938,0.139
7824,1 - 1 - 2022,19800.0,3.63318042491699,3.1622776601683795,4.216965733794858,0.00128,0.001,0.00158489,0.0735,0.05,0.1,0.548,0.5,0.6,1060000.0,2160.0,523000.0,1.0,True,0.01,0.95,10.0,39600.0,0.938,0.139
7825,1 - 1 - 2022,19800.0,3.63318042491699,3.1622776601683795,4.216965733794858,0.00127,0.001,0.00158489,0.0731,0.05,0.1,0.648,0.6,0.7,872000.0,1960.0,353000.0,1.0,True,0.01,0.95,10.0,39600.0,0.938,0.139
7826,1 - 1 - 2022,19800.0,3.6193922141707713,3.1622776601683795,4.216965733794858,0.00128,0.001,0.00158489,0.0727,0.05,0.1,0.746,0.7,0.8,618000.0,1650.0,181000.0,1.0,True,0.01,0.95,10.0,39600.0,0.938,0.139
7827,1 - 1 - 2022,19800.0,3.6193922141707713,3.1622776601683795,4.216965733794858,0.00128,0.001,0.00158489,0.0733,0.05,0.1,0.848,0.8,0.9,419000.0,1360.0,70800.0,1.0,True,0.01,0.95,10.0,39600.0,0.938,0.139
7828,1 - 1 - 2022,19800.0,3.63318042491699,3.1622776601683795,4.216965733794858,0.00126,0.001,0.00158489,0.0743,0.05,0.1,0.947,0.9,1.0,322000.0,1190.0,15500.0,1.0,True,0.01,0.95,10.0,39600.0,0.938,0.139
7829,1 - 1 - 2022,19800.0,3.6606010435446255,3.1622776601683795,4.216965733794858,0.00127,0.001,0.00158489,0.0752,0.05,0.1,1.19,1.0,1.5,117000.0,320.0,194.0,1.0,True,0.01,0.95,10.0,39600.0,0.938,0.139
7830,1 - 1 - 2022,19800.0,3.6742346141747673,3.1622776601683795,4.216965733794858,0.00129,0.001,0.00158489,0.0738,0.05,0.1,1.71,1.5,2.0,32200.0,168.0,0.0,1.0,True,0.01,0.95,10.0,39600.0,0.938,0.139
7831,1 - 1 - 2022,19800.0,3.6742346141747673,3.1622776601683795,4.216965733794858,0.00125,0.001,0.00158489,0.077,0.05,0.1,2.56,2.0,4.0,5190.0,33.8,776.0,1.0,True,0.01,0.95,10.0,39600.0,0.938,0.139
7832,1 - 1 - 2022,19800.0,3.5777087639996634,3.1622776601683795,4.216965733794858,0.00126,0.001,0.00158489,0.125,0.1,0.15,0.0333,0.0,0.05,165000.0,1200.0,161000.0,1.0,True,0.01,0.95,10.0,39600.0,0.938,0.139
7833,1 - 1 - 2022,19800.0,3.646916505762094,3.1622776601683795,4.216965733794858,0.00129,0.001,0.00158489,0.122,0.1,0.15,0.0774,0.05,0.1,464000.0,2020.0,427000.0,1.0,True,0.01,0.95,10.0,39600.0,0.938,0.139
7834,1 - 1 - 2022,19800.0,3.6193922141707713,3.1622776601683795,4.216965733794858,0.00127,0.001,0.00158489,0.124,0.1,0.15,0.155,0.1,0.2,839000.0,1920.0,767000.0,1.0,True,0.01,0.95,10.0,39600.0,0.938,0.139
7835,1 - 1 - 2022,19800.0,3.605551275463989,3.1622776601683795,4.216965733794858,0.00127,0.001,0.00158489,0.124,0.1,0.15,0.25,0.2,0.3,1080000.0,2180.0,984000.0,1.0,True,0.01,0.95,10.0,39600.0,0.938,0.139
7836,1 - 1 - 2022,19800.0,3.63318042491699,3.1622776601683795,4.216965733794858,0.00128,0.001,0.00158489,0.123,0.1,0.15,0.349,0.3,0.4,1140000.0,2240.0,975000.0,1.0,True,0.01,0.95,10.0,39600.0,0.938,0.139
7837,1 - 1 - 2022,19800.0,3.6193922141707713,3.1622776601683795,4.216965733794858,0.00128,0.001,0.00158489,0.122,0.1,0.15,0.448,0.4,0.5,921000.0,2010.0,726000.0,1.0,True,0.01,0.95,10.0,39600.0,0.938,0.139
7838,1 - 1 - 2022,19800.0,3.63318042491699,3.1622776601683795,4.216965733794858,0.00127,0.001,0.00158489,0.125,0.1,0.15,0.549,0.5,0.6,740000.0,1800.0,471000.0,1.0,True,0.01,0.95,10.0,39600.0,0.938,0.139
7839,1 - 1 - 2022,19800.0,3.63318042491699,3.1622776601683795,4.216965733794858,0.00128,0.001,0.00158489,0.124,0.1,0.15,0.648,0.6,0.7,587000.0,1610.0,329000.0,1.0,True,0.01,0.95,10.0,39600.0,0.938,0.139
7840,1 - 1 - 2022,19800.0,3.646916505762094,3.1622776601683795,4.216965733794858,0.00127,0.001,0.00158489,0.123,0.1,0.15,0.744,0.7,0.8,408000.0,1340.0,180000.0,1.0,True,0.01,0.95,10.0,39600.0,0.938,0.139
7841,1 - 1 - 2022,19800.0,3.6606010435446255,3.1622776601683795,4.216965733794858,0.0013,0.001,0.00158489,0.125,0.1,0.15,0.847,0.8,0.9,299000.0,1150.0,82400.0,1.0,True,0.01,0.95,10.0,39600.0,0.938,0.139
7842,1 - 1 - 2022,19800.0,3.6742346141747673,3.1622776601683795,4.216965733794858,0.00126,0.001,0.00158489,0.124,0.1,0.15,0.945,0.9,1.0,202000.0,941.0,42700.0,1.0,True,0.01,0.95,10.0,39600.0,0.938,0.139
7843,1 - 1 - 2022,19800.0,3.6193922141707713,3.1622776601683795,4.216965733794858,0.00126,0.001,0.00158489,0.124,0.1,0.15,1.19,1.0,1.5,96200.0,291.0,5620.0,1.0,True,0.01,0.95,10.0,39600.0,0.938,0.139
7844,1 - 1 - 2022,19800.0,3.646916505762094,3.1622776601683795,4.216965733794858,0.00129,0.001,0.00158489,0.124,0.1,0.15,1.71,1.5,2.0,27300.0,155.0,194.0,1.0,True,0.01,0.95,10.0,39600.0,0.938,0.139
7845,1 - 1 - 2022,19800.0,3.687817782917155,3.1622776601683795,4.216965733794858,0.00128,0.001,0.00158489,0.127,0.1,0.15,2.6,2.0,4.0,4950.0,33.0,291.0,1.0,True,0.01,0.95,10.0,39600.0,0.938,0.139
7846,1 - 1 - 2022,19800.0,3.646916505762094,3.1622776601683795,4.216965733794858,0.00127,0.001,0.00158489,0.174,0.15,0.2,0.0334,0.0,0.05,97000.0,923.0,46600.0,1.0,True,0.01,0.95,10.0,39600.0,0.938,0.139
7847,1 - 1 - 2022,19800.0,3.5777087639996634,3.1622776601683795,4.216965733794858,0.00129,0.001,0.00158489,0.171,0.15,0.2,0.0766,0.05,0.1,283000.0,1580.0,173000.0,1.0,True,0.01,0.95,10.0,39600.0,0.938,0.139
7848,1 - 1 - 2022,19800.0,3.6193922141707713,3.1622776601683795,4.216965733794858,0.00128,0.001,0.00158489,0.172,0.15,0.2,0.153,0.1,0.2,571000.0,1580.0,303000.0,1.0,True,0.01,0.95,10.0,39600.0,0.938,0.139
7849,1 - 1 - 2022,19800.0,3.63318042491699,3.1622776601683795,4.216965733794858,0.00128,0.001,0.00158489,0.174,0.15,0.2,0.251,0.2,0.3,704000.0,1760.0,339000.0,1.0,True,0.01,0.95,10.0,39600.0,0.938,0.139
7850,1 - 1 - 2022,19800.0,3.63318042491699,3.1622776601683795,4.216965733794858,0.00128,0.001,0.00158489,0.173,0.15,0.2,0.351,0.3,0.4,738000.0,1800.0,332000.0,1.0,True,0.01,0.95,10.0,39600.0,0.938,0.139
7851,1 - 1 - 2022,19800.0,3.6193922141707713,3.1622776601683795,4.216965733794858,0.00128,0.001,0.00158489,0.173,0.15,0.2,0.448,0.4,0.5,623000.0,1650.0,276000.0,1.0,True,0.01,0.95,10.0,39600.0,0.938,0.139
7852,1 - 1 - 2022,19800.0,3.63318042491699,3.1622776601683795,4.216965733794858,0.00128,0.001,0.00158489,0.173,0.15,0.2,0.548,0.5,0.6,570000.0,1580.0,221000.0,1.0,True,0.01,0.95,10.0,39600.0,0.938,0.139
7853,1 - 1 - 2022,19800.0,3.646916505762094,3.1622776601683795,4.216965733794858,0.00128,0.001,0.00158489,0.175,0.15,0.2,0.646,0.6,0.7,412000.0,1350.0,113000.0,1.0,True,0.01,0.95,10.0,39600.0,0.938,0.139
7854,1 - 1 - 2022,19800.0,3.63318042491699,3.1622776601683795,4.216965733794858,0.00127,0.001,0.00158489,0.174,0.15,0.2,0.746,0.7,0.8,325000.0,1190.0,74700.0,1.0,True,0.01,0.95,10.0,39600.0,0.938,0.139
7855,1 - 1 - 2022,19800.0,3.6606010435446255,3.1622776601683795,4.216965733794858,0.00128,0.001,0.00158489,0.174,0.15,0.2,0.847,0.8,0.9,236000.0,1020.0,49500.0,1.0,True,0.01,0.95,10.0,39600.0,0.938,0.139
7856,1 - 1 - 2022,19800.0,3.646916505762094,3.1622776601683795,4.216965733794858,0.00127,0.001,0.00158489,0.172,0.15,0.2,0.948,0.9,1.0,163000.0,846.0,27200.0,1.0,True,0.01,0.95,10.0,39600.0,0.938,0.139
7857,1 - 1 - 2022,19800.0,3.6606010435446255,3.1622776601683795,4.216965733794858,0.00128,0.001,0.00158489,0.173,0.15,0.2,1.19,1.0,1.5,73700.0,254.0,6790.0,1.0,True,0.01,0.95,10.0,39600.0,0.938,0.139
7858,1 - 1 - 2022,19800.0,3.646916505762094,3.1622776601683795,4.216965733794858,0.00128,0.001,0.00158489,0.173,0.15,0.2,1.72,1.5,2.0,21300.0,137.0,0.0,1.0,True,0.01,0.95,10.0,39600.0,0.938,0.139
7859,1 - 1 - 2022,19800.0,3.7013511046643495,3.1622776601683795,4.216965733794858,0.00127,0.001,0.00158489,0.176,0.15,0.2,2.54,2.0,4.0,3880.0,29.2,97.0,1.0,True,0.01,0.95,10.0,39600.0,0.938,0.139
7860,1 - 1 - 2022,19800.0,3.605551275463989,3.1622776601683795,4.216965733794858,0.00127,0.001,0.00158489,0.22,0.2,0.25,0.0337,0.0,0.05,66000.0,761.0,11600.0,1.0,True,0.01,0.95,10.0,39600.0,0.938,0.139
7861,1 - 1 - 2022,19800.0,3.5777087639996634,3.1622776601683795,4.216965733794858,0.00127,0.001,0.00158489,0.224,0.2,0.25,0.0784,0.05,0.1,178000.0,1250.0,29100.0,1.0,True,0.01,0.95,10.0,39600.0,0.938,0.139
7862,1 - 1 - 2022,19800.0,3.605551275463989,3.1622776601683795,4.216965733794858,0.00127,0.001,0.00158489,0.222,0.2,0.25,0.153,0.1,0.2,394000.0,1320.0,51400.0,1.0,True,0.01,0.95,10.0,39600.0,0.938,0.139
7863,1 - 1 - 2022,19800.0,3.6193922141707713,3.1622776601683795,4.216965733794858,0.00129,0.001,0.00158489,0.223,0.2,0.25,0.252,0.2,0.3,485000.0,1460.0,58200.0,1.0,True,0.01,0.95,10.0,39600.0,0.938,0.139
7864,1 - 1 - 2022,19800.0,3.605551275463989,3.1622776601683795,4.216965733794858,0.00126,0.001,0.00158489,0.224,0.2,0.25,0.351,0.3,0.4,519000.0,1510.0,62100.0,1.0,True,0.01,0.95,10.0,39600.0,0.938,0.139
7865,1 - 1 - 2022,19800.0,3.6193922141707713,3.1622776601683795,4.216965733794858,0.00128,0.001,0.00158489,0.224,0.2,0.25,0.448,0.4,0.5,458000.0,1420.0,59200.0,1.0,True,0.01,0.95,10.0,39600.0,0.938,0.139
7866,1 - 1 - 2022,19800.0,3.605551275463989,3.1622776601683795,4.216965733794858,0.00127,0.001,0.00158489,0.223,0.2,0.25,0.549,0.5,0.6,402000.0,1330.0,49500.0,1.0,True,0.01,0.95,10.0,39600.0,0.938,0.139
7867,1 - 1 - 2022,19800.0,3.6193922141707713,3.1622776601683795,4.216965733794858,0.00127,0.001,0.00158489,0.222,0.2,0.25,0.65,0.6,0.7,306000.0,1160.0,33000.0,1.0,True,0.01,0.95,10.0,39600.0,0.938,0.139
7868,1 - 1 - 2022,19800.0,3.6193922141707713,3.1622776601683795,4.216965733794858,0.00128,0.001,0.00158489,0.222,0.2,0.25,0.743,0.7,0.8,249000.0,1050.0,15500.0,1.0,True,0.01,0.95,10.0,39600.0,0.938,0.139
7869,1 - 1 - 2022,19800.0,3.6193922141707713,3.1622776601683795,4.216965733794858,0.00129,0.001,0.00158489,0.224,0.2,0.25,0.845,0.8,0.9,183000.0,897.0,14500.0,1.0,True,0.01,0.95,10.0,39600.0,0.938,0.139
7870,1 - 1 - 2022,19800.0,3.6606010435446255,3.1622776601683795,4.216965733794858,0.00129,0.001,0.00158489,0.226,0.2,0.25,0.95,0.9,1.0,148000.0,807.0,7760.0,1.0,True,0.01,0.95,10.0,39600.0,0.938,0.139
7871,1 - 1 - 2022,19800.0,3.6606010435446255,3.1622776601683795,4.216965733794858,0.00128,0.001,0.00158489,0.225,0.2,0.25,1.18,1.0,1.5,48500.0,206.0,582.0,1.0,True,0.01,0.95,10.0,39600.0,0.938,0.139
7872,1 - 1 - 2022,19800.0,3.5777087639996634,3.1622776601683795,4.216965733794858,0.00128,0.001,0.00158489,0.224,0.2,0.25,1.71,1.5,2.0,14500.0,113.0,0.0,1.0,True,0.01,0.95,10.0,39600.0,0.938,0.139
7873,1 - 1 - 2022,19800.0,3.63318042491699,3.1622776601683795,4.216965733794858,0.00125,0.001,0.00158489,0.225,0.2,0.25,2.6,2.0,4.0,3880.0,29.2,145.0,1.0,True,0.01,0.95,10.0,39600.0,0.938,0.139
7874,1 - 1 - 2022,19800.0,3.6742346141747673,3.1622776601683795,4.216965733794858,0.00127,0.001,0.00158489,0.277,0.25,0.3,0.0304,0.0,0.05,36900.0,569.0,0.0,1.0,True,0.01,0.95,10.0,39600.0,0.938,0.139
7875,1 - 1 - 2022,19800.0,3.5777087639996634,3.1622776601683795,4.216965733794858,0.00127,0.001,0.00158489,0.273,0.25,0.3,0.0798,0.05,0.1,101000.0,941.0,0.0,1.0,True,0.01,0.95,10.0,39600.0,0.938,0.139
7876,1 - 1 - 2022,19800.0,3.6193922141707713,3.1622776601683795,4.216965733794858,0.00127,0.001,0.00158489,0.273,0.25,0.3,0.153,0.1,0.2,198000.0,932.0,1940.0,1.0,True,0.01,0.95,10.0,39600.0,0.938,0.139
7877,1 - 1 - 2022,19800.0,3.6193922141707713,3.1622776601683795,4.216965733794858,0.00127,0.001,0.00158489,0.274,0.25,0.3,0.251,0.2,0.3,326000.0,1200.0,1940.0,1.0,True,0.01,0.95,10.0,39600.0,0.938,0.139
7878,1 - 1 - 2022,19800.0,3.605551275463989,3.1622776601683795,4.216965733794858,0.00127,0.001,0.00158489,0.273,0.25,0.3,0.351,0.3,0.4,313000.0,1170.0,2910.0,1.0,True,0.01,0.95,10.0,39600.0,0.938,0.139
7879,1 - 1 - 2022,19800.0,3.6193922141707713,3.1622776601683795,4.216965733794858,0.00128,0.001,0.00158489,0.274,0.25,0.3,0.452,0.4,0.5,360000.0,1260.0,11600.0,1.0,True,0.01,0.95,10.0,39600.0,0.938,0.139
7880,1 - 1 - 2022,19800.0,3.605551275463989,3.1622776601683795,4.216965733794858,0.00128,0.001,0.00158489,0.275,0.25,0.3,0.547,0.5,0.6,278000.0,1110.0,6790.0,1.0,True,0.01,0.95,10.0,39600.0,0.938,0.139
7881,1 - 1 - 2022,19800.0,3.63318042491699,3.1622776601683795,4.216965733794858,0.00129,0.001,0.00158489,0.274,0.25,0.3,0.649,0.6,0.7,222000.0,988.0,10700.0,1.0,True,0.01,0.95,10.0,39600.0,0.938,0.139
7882,1 - 1 - 2022,19800.0,3.6193922141707713,3.1622776601683795,4.216965733794858,0.00129,0.001,0.00158489,0.274,0.25,0.3,0.748,0.7,0.8,187000.0,907.0,4850.0,1.0,True,0.01,0.95,10.0,39600.0,0.938,0.139
7883,1 - 1 - 2022,19800.0,3.6193922141707713,3.1622776601683795,4.216965733794858,0.00127,0.001,0.00158489,0.274,0.25,0.3,0.845,0.8,0.9,148000.0,807.0,0.0,1.0,True,0.01,0.95,10.0,39600.0,0.938,0.139
7884,1 - 1 - 2022,19800.0,3.6193922141707713,3.1622776601683795,4.216965733794858,0.00126,0.001,0.00158489,0.274,0.25,0.3,0.945,0.9,1.0,83400.0,605.0,0.0,1.0,True,0.01,0.95,10.0,39600.0,0.938,0.139
7885,1 - 1 - 2022,19800.0,3.63318042491699,3.1622776601683795,4.216965733794858,0.00127,0.001,0.00158489,0.275,0.25,0.3,1.18,1.0,1.5,38600.0,184.0,194.0,1.0,True,0.01,0.95,10.0,39600.0,0.938,0.139
7886,1 - 1 - 2022,19800.0,3.6742346141747673,3.1622776601683795,4.216965733794858,0.00127,0.001,0.00158489,0.274,0.25,0.3,1.72,1.5,2.0,12800.0,106.0,0.0,1.0,True,0.01,0.95,10.0,39600.0,0.938,0.139
7887,1 - 1 - 2022,19800.0,3.6606010435446255,3.1622776601683795,4.216965733794858,0.00126,0.001,0.00158489,0.274,0.25,0.3,2.67,2.0,4.0,3490.0,27.7,436.0,1.0,True,0.01,0.95,10.0,39600.0,0.938,0.139
7888,1 - 1 - 2022,19800.0,3.6193922141707713,3.1622776601683795,4.216965733794858,0.00125,0.001,0.00158489,0.345,0.3,0.4,0.032,0.0,0.05,28100.0,352.0,970.0,1.0,True,0.01,0.95,10.0,39600.0,0.938,0.139
7889,1 - 1 - 2022,19800.0,3.646916505762094,3.1622776601683795,4.216965733794858,0.0013,0.001,0.00158489,0.35,0.3,0.4,0.0738,0.05,0.1,58200.0,506.0,2910.0,1.0,True,0.01,0.95,10.0,39600.0,0.938,0.139
7890,1 - 1 - 2022,19800.0,3.605551275463989,3.1622776601683795,4.216965733794858,0.00128,0.001,0.00158489,0.343,0.3,0.4,0.154,0.1,0.2,111000.0,493.0,5820.0,1.0,True,0.01,0.95,10.0,39600.0,0.938,0.139
7891,1 - 1 - 2022,19800.0,3.6193922141707713,3.1622776601683795,4.216965733794858,0.00127,0.001,0.00158489,0.344,0.3,0.4,0.251,0.2,0.3,154000.0,581.0,5330.0,1.0,True,0.01,0.95,10.0,39600.0,0.938,0.139
7892,1 - 1 - 2022,19800.0,3.605551275463989,3.1622776601683795,4.216965733794858,0.00128,0.001,0.00158489,0.341,0.3,0.4,0.35,0.3,0.4,194000.0,653.0,4360.0,1.0,True,0.01,0.95,10.0,39600.0,0.938,0.139
7893,1 - 1 - 2022,19800.0,3.605551275463989,3.1622776601683795,4.216965733794858,0.00126,0.001,0.00158489,0.345,0.3,0.4,0.45,0.4,0.5,175000.0,619.0,4360.0,1.0,True,0.01,0.95,10.0,39600.0,0.938,0.139
7894,1 - 1 - 2022,19800.0,3.6193922141707713,3.1622776601683795,4.216965733794858,0.00127,0.001,0.00158489,0.344,0.3,0.4,0.548,0.5,0.6,169000.0,609.0,3880.0,1.0,True,0.01,0.95,10.0,39600.0,0.938,0.139
7895,1 - 1 - 2022,19800.0,3.605551275463989,3.1622776601683795,4.216965733794858,0.00128,0.001,0.00158489,0.344,0.3,0.4,0.651,0.6,0.7,156000.0,586.0,5820.0,1.0,True,0.01,0.95,10.0,39600.0,0.938,0.139
7896,1 - 1 - 2022,19800.0,3.63318042491699,3.1622776601683795,4.216965733794858,0.00128,0.001,0.00158489,0.347,0.3,0.4,0.746,0.7,0.8,122000.0,517.0,4850.0,1.0,True,0.01,0.95,10.0,39600.0,0.938,0.139
7897,1 - 1 - 2022,19800.0,3.605551275463989,3.1622776601683795,4.216965733794858,0.00129,0.001,0.00158489,0.344,0.3,0.4,0.849,0.8,0.9,89200.0,443.0,2910.0,1.0,True,0.01,0.95,10.0,39600.0,0.938,0.139
7898,1 - 1 - 2022,19800.0,3.646916505762094,3.1622776601683795,4.216965733794858,0.00128,0.001,0.00158489,0.345,0.3,0.4,0.947,0.9,1.0,65000.0,378.0,3880.0,1.0,True,0.01,0.95,10.0,39600.0,0.938,0.139
7899,1 - 1 - 2022,19800.0,3.63318042491699,3.1622776601683795,4.216965733794858,0.00125,0.001,0.00158489,0.345,0.3,0.4,1.18,1.0,1.5,27000.0,109.0,970.0,1.0,True,0.01,0.95,10.0,39600.0,0.938,0.139
7900,1 - 1 - 2022,19800.0,3.6742346141747673,3.1622776601683795,4.216965733794858,0.00127,0.001,0.00158489,0.348,0.3,0.4,1.71,1.5,2.0,8440.0,60.9,291.0,1.0,True,0.01,0.95,10.0,39600.0,0.938,0.139
7901,1 - 1 - 2022,19800.0,3.63318042491699,3.1622776601683795,4.216965733794858,0.00126,0.001,0.00158489,0.354,0.3,0.4,2.59,2.0,4.0,1700.0,13.7,509.0,1.0,True,0.01,0.95,10.0,39600.0,0.938,0.139
7902,1 - 1 - 2022,19800.0,3.521363372331802,3.1622776601683795,4.216965733794858,0.00125,0.001,0.00158489,0.445,0.4,0.5,0.034,0.0,0.05,10700.0,217.0,3880.0,1.0,True,0.01,0.95,10.0,39600.0,0.938,0.139
7903,1 - 1 - 2022,19800.0,3.5637059362410923,3.1622776601683795,4.216965733794858,0.00129,0.001,0.00158489,0.454,0.4,0.5,0.075,0.05,0.1,25200.0,333.0,4850.0,1.0,True,0.01,0.95,10.0,39600.0,0.938,0.139
7904,1 - 1 - 2022,19800.0,3.5637059362410923,3.1622776601683795,4.216965733794858,0.00128,0.001,0.00158489,0.439,0.4,0.5,0.154,0.1,0.2,58200.0,358.0,10200.0,1.0,True,0.01,0.95,10.0,39600.0,0.938,0.139
7905,1 - 1 - 2022,19800.0,3.6193922141707713,3.1622776601683795,4.216965733794858,0.00127,0.001,0.00158489,0.444,0.4,0.5,0.252,0.2,0.3,71300.0,396.0,12100.0,1.0,True,0.01,0.95,10.0,39600.0,0.938,0.139
7906,1 - 1 - 2022,19800.0,3.591656999213594,3.1622776601683795,4.216965733794858,0.00127,0.001,0.00158489,0.445,0.4,0.5,0.349,0.3,0.4,80500.0,421.0,18400.0,1.0,True,0.01,0.95,10.0,39600.0,0.938,0.139
7907,1 - 1 - 2022,19800.0,3.591656999213594,3.1622776601683795,4.216965733794858,0.0013,0.001,0.00158489,0.445,0.4,0.5,0.452,0.4,0.5,84900.0,432.0,18900.0,1.0,True,0.01,0.95,10.0,39600.0,0.938,0.139
7908,1 - 1 - 2022,19800.0,3.605551275463989,3.1622776601683795,4.216965733794858,0.00126,0.001,0.00158489,0.447,0.4,0.5,0.548,0.5,0.6,76600.0,410.0,19400.0,1.0,True,0.01,0.95,10.0,39600.0,0.938,0.139
7909,1 - 1 - 2022,19800.0,3.6193922141707713,3.1622776601683795,4.216965733794858,0.00129,0.001,0.00158489,0.444,0.4,0.5,0.647,0.6,0.7,65000.0,378.0,12600.0,1.0,True,0.01,0.95,10.0,39600.0,0.938,0.139
7910,1 - 1 - 2022,19800.0,3.63318042491699,3.1622776601683795,4.216965733794858,0.00129,0.001,0.00158489,0.444,0.4,0.5,0.752,0.7,0.8,54300.0,345.0,9210.0,1.0,True,0.01,0.95,10.0,39600.0,0.938,0.139
7911,1 - 1 - 2022,19800.0,3.646916505762094,3.1622776601683795,4.216965733794858,0.00127,0.001,0.00158489,0.447,0.4,0.5,0.841,0.8,0.9,43600.0,310.0,13100.0,1.0,True,0.01,0.95,10.0,39600.0,0.938,0.139
7912,1 - 1 - 2022,19800.0,3.5637059362410923,3.1622776601683795,4.216965733794858,0.00125,0.001,0.00158489,0.438,0.4,0.5,0.947,0.9,1.0,33900.0,273.0,6300.0,1.0,True,0.01,0.95,10.0,39600.0,0.938,0.139
7913,1 - 1 - 2022,19800.0,3.6742346141747673,3.1622776601683795,4.216965733794858,0.00127,0.001,0.00158489,0.446,0.4,0.5,1.18,1.0,1.5,13600.0,77.2,3880.0,1.0,True,0.01,0.95,10.0,39600.0,0.938,0.139
7914,1 - 1 - 2022,19800.0,3.7282703764614498,3.1622776601683795,4.216965733794858,0.00127,0.001,0.00158489,0.445,0.4,0.5,1.72,1.5,2.0,3880.0,41.3,1550.0,1.0,True,0.01,0.95,10.0,39600.0,0.938,0.139
7915,1 - 1 - 2022,19800.0,3.646916505762094,3.1622776601683795,4.216965733794858,0.00125,0.001,0.00158489,0.441,0.4,0.5,2.75,2.0,4.0,1160.0,11.3,849.0,1.0,True,0.01,0.95,10.0,39600.0,0.938,0.139
7916,1 - 1 - 2022,19800.0,3.714835124201342,3.1622776601683795,4.216965733794858,0.0013,0.001,0.00158489,0.557,0.5,0.6,0.0321,0.0,0.05,3880.0,131.0,2910.0,1.0,True,0.01,0.95,10.0,39600.0,0.938,0.139
7917,1 - 1 - 2022,19800.0,3.492849839314596,3.1622776601683795,4.216965733794858,0.00127,0.001,0.00158489,0.547,0.5,0.6,0.081,0.05,0.1,11600.0,226.0,4850.0,1.0,True,0.01,0.95,10.0,39600.0,0.938,0.139
7918,1 - 1 - 2022,19800.0,3.6606010435446255,3.1622776601683795,4.216965733794858,0.00127,0.001,0.00158489,0.549,0.5,0.6,0.154,0.1,0.2,27200.0,244.0,16000.0,1.0,True,0.01,0.95,10.0,39600.0,0.938,0.139
7919,1 - 1 - 2022,19800.0,3.605551275463989,3.1622776601683795,4.216965733794858,0.00126,0.001,0.00158489,0.541,0.5,0.6,0.252,0.2,0.3,42200.0,304.0,21800.0,1.0,True,0.01,0.95,10.0,39600.0,0.938,0.139
7920,1 - 1 - 2022,19800.0,3.605551275463989,3.1622776601683795,4.216965733794858,0.00128,0.001,0.00158489,0.541,0.5,0.6,0.345,0.3,0.4,45100.0,315.0,22300.0,1.0,True,0.01,0.95,10.0,39600.0,0.938,0.139
7921,1 - 1 - 2022,19800.0,3.6193922141707713,3.1622776601683795,4.216965733794858,0.00128,0.001,0.00158489,0.541,0.5,0.6,0.447,0.4,0.5,43600.0,310.0,23800.0,1.0,True,0.01,0.95,10.0,39600.0,0.938,0.139
7922,1 - 1 - 2022,19800.0,3.6193922141707713,3.1622776601683795,4.216965733794858,0.00128,0.001,0.00158489,0.547,0.5,0.6,0.551,0.5,0.6,40700.0,299.0,25200.0,1.0,True,0.01,0.95,10.0,39600.0,0.938,0.139
7923,1 - 1 - 2022,19800.0,3.646916505762094,3.1622776601683795,4.216965733794858,0.00127,0.001,0.00158489,0.545,0.5,0.6,0.647,0.6,0.7,37300.0,286.0,21800.0,1.0,True,0.01,0.95,10.0,39600.0,0.938,0.139
7924,1 - 1 - 2022,19800.0,3.646916505762094,3.1622776601683795,4.216965733794858,0.00129,0.001,0.00158489,0.546,0.5,0.6,0.751,0.7,0.8,29600.0,255.0,16000.0,1.0,True,0.01,0.95,10.0,39600.0,0.938,0.139
7925,1 - 1 - 2022,19800.0,3.591656999213594,3.1622776601683795,4.216965733794858,0.00126,0.001,0.00158489,0.538,0.5,0.6,0.846,0.8,0.9,25700.0,238.0,12100.0,1.0,True,0.01,0.95,10.0,39600.0,0.938,0.139
7926,1 - 1 - 2022,19800.0,3.591656999213594,3.1622776601683795,4.216965733794858,0.0013,0.001,0.00158489,0.548,0.5,0.6,0.95,0.9,1.0,20400.0,212.0,12100.0,1.0,True,0.01,0.95,10.0,39600.0,0.938,0.139
7927,1 - 1 - 2022,19800.0,3.6193922141707713,3.1622776601683795,4.216965733794858,0.00127,0.001,0.00158489,0.544,0.5,0.6,1.19,1.0,1.5,10500.0,67.8,6110.0,1.0,True,0.01,0.95,10.0,39600.0,0.938,0.139
7928,1 - 1 - 2022,19800.0,3.7013511046643495,3.1622776601683795,4.216965733794858,0.00126,0.001,0.00158489,0.538,0.5,0.6,1.74,1.5,2.0,2040.0,29.9,1450.0,1.0,True,0.01,0.95,10.0,39600.0,0.938,0.139
7929,1 - 1 - 2022,19800.0,3.687817782917155,3.1622776601683795,4.216965733794858,0.00122,0.001,0.00158489,0.547,0.5,0.6,2.87,2.0,4.0,533.0,7.65,509.0,1.0,True,0.01,0.95,10.0,39600.0,0.938,0.139
7930,1 - 1 - 2022,19800.0,3.1780497164141406,3.1622776601683795,4.216965733794858,0.00138,0.001,0.00158489,0.626,0.6,0.7,0.0366,0.0,0.05,970.0,65.3,0.0,1.0,True,0.01,0.95,10.0,39600.0,0.938,0.139
7931,1 - 1 - 2022,19800.0,3.5777087639996634,3.1622776601683795,4.216965733794858,0.00127,0.001,0.00158489,0.634,0.6,0.7,0.0789,0.05,0.1,7760.0,185.0,5820.0,1.0,True,0.01,0.95,10.0,39600.0,0.938,0.139
7932,1 - 1 - 2022,19800.0,3.6193922141707713,3.1622776601683795,4.216965733794858,0.00125,0.001,0.00158489,0.643,0.6,0.7,0.154,0.1,0.2,13100.0,170.0,11600.0,1.0,True,0.01,0.95,10.0,39600.0,0.938,0.139
7933,1 - 1 - 2022,19800.0,3.605551275463989,3.1622776601683795,4.216965733794858,0.00129,0.001,0.00158489,0.642,0.6,0.7,0.244,0.2,0.3,13100.0,170.0,8730.0,1.0,True,0.01,0.95,10.0,39600.0,0.938,0.139
7934,1 - 1 - 2022,19800.0,3.591656999213594,3.1622776601683795,4.216965733794858,0.00122,0.001,0.00158489,0.64,0.6,0.7,0.348,0.3,0.4,18900.0,204.0,15000.0,1.0,True,0.01,0.95,10.0,39600.0,0.938,0.139
7935,1 - 1 - 2022,19800.0,3.5637059362410923,3.1622776601683795,4.216965733794858,0.00126,0.001,0.00158489,0.645,0.6,0.7,0.45,0.4,0.5,27600.0,246.0,22800.0,1.0,True,0.01,0.95,10.0,39600.0,0.938,0.139
7936,1 - 1 - 2022,19800.0,3.6742346141747673,3.1622776601683795,4.216965733794858,0.0013,0.001,0.00158489,0.645,0.6,0.7,0.547,0.5,0.6,17500.0,196.0,15500.0,1.0,True,0.01,0.95,10.0,39600.0,0.938,0.139
7937,1 - 1 - 2022,19800.0,3.6193922141707713,3.1622776601683795,4.216965733794858,0.00131,0.001,0.00158489,0.648,0.6,0.7,0.641,0.6,0.7,17500.0,196.0,13600.0,1.0,True,0.01,0.95,10.0,39600.0,0.938,0.139
7938,1 - 1 - 2022,19800.0,3.646916505762094,3.1622776601683795,4.216965733794858,0.00129,0.001,0.00158489,0.645,0.6,0.7,0.742,0.7,0.8,17500.0,196.0,14500.0,1.0,True,0.01,0.95,10.0,39600.0,0.938,0.139
7939,1 - 1 - 2022,19800.0,3.687817782917155,3.1622776601683795,4.216965733794858,0.00133,0.001,0.00158489,0.655,0.6,0.7,0.856,0.8,0.9,11600.0,160.0,10700.0,1.0,True,0.01,0.95,10.0,39600.0,0.938,0.139
7940,1 - 1 - 2022,19800.0,3.6742346141747673,3.1622776601683795,4.216965733794858,0.00123,0.001,0.00158489,0.632,0.6,0.7,0.958,0.9,1.0,10200.0,150.0,9700.0,1.0,True,0.01,0.95,10.0,39600.0,0.938,0.139
7941,1 - 1 - 2022,19800.0,3.605551275463989,3.1622776601683795,4.216965733794858,0.00128,0.001,0.00158489,0.637,0.6,0.7,1.19,1.0,1.5,4850.0,46.2,3880.0,1.0,True,0.01,0.95,10.0,39600.0,0.938,0.139
7942,1 - 1 - 2022,19800.0,3.794733192202055,3.1622776601683795,4.216965733794858,0.00134,0.001,0.00158489,0.748,0.7,0.8,0.164,0.1,0.2,3880.0,92.3,3390.0,1.0,True,0.01,0.95,10.0,39600.0,0.938,0.139
7943,1 - 1 - 2022,19800.0,3.5496478698597698,3.1622776601683795,4.216965733794858,0.00128,0.001,0.00158489,0.751,0.7,0.8,0.356,0.3,0.4,13600.0,173.0,13100.0,1.0,True,0.01,0.95,10.0,39600.0,0.938,0.139
7944,1 - 1 - 2022,19800.0,3.591656999213594,3.1622776601683795,4.216965733794858,0.00127,0.001,0.00158489,0.735,0.7,0.8,0.451,0.4,0.5,12600.0,166.0,12100.0,1.0,True,0.01,0.95,10.0,39600.0,0.938,0.139
7945,1 - 1 - 2022,19800.0,3.605551275463989,3.1622776601683795,4.216965733794858,0.00129,0.001,0.00158489,0.742,0.7,0.8,0.555,0.5,0.6,8730.0,138.0,8240.0,1.0,True,0.01,0.95,10.0,39600.0,0.938,0.139
7946,1 - 1 - 2022,19800.0,3.5355339059327378,3.1622776601683795,4.216965733794858,0.00132,0.001,0.00158489,0.745,0.7,0.8,0.651,0.6,0.7,12100.0,163.0,11600.0,1.0,True,0.01,0.95,10.0,39600.0,0.938,0.139
7947,1 - 1 - 2022,19800.0,3.6606010435446255,3.1622776601683795,4.216965733794858,0.00126,0.001,0.00158489,0.746,0.7,0.8,0.844,0.8,0.9,4360.0,97.9,3880.0,1.0,True,0.01,0.95,10.0,39600.0,0.938,0.139
7948,1 - 1 - 2022,19800.0,3.63318042491699,3.1622776601683795,4.216965733794858,0.00134,0.001,0.00158489,0.735,0.7,0.8,1.64,1.5,2.0,970.0,20.6,776.0,1.0,True,0.01,0.95,10.0,39600.0,0.938,0.139
7949,1 - 1 - 2022,19800.0,3.646916505762094,3.1622776601683795,4.216965733794858,0.00199,0.00158489,0.00251189,0.0206,0.0,0.05,0.0791,0.05,0.1,1150000.0,2520.0,1140000.0,1.0,True,0.01,0.95,10.0,39600.0,0.938,0.139
7950,1 - 1 - 2022,19800.0,3.63318042491699,3.1622776601683795,4.216965733794858,0.002,0.00158489,0.00251189,0.0176,0.0,0.05,0.154,0.1,0.2,2600000.0,2690.0,2230000.0,1.0,True,0.01,0.95,10.0,39600.0,0.938,0.139
7951,1 - 1 - 2022,19800.0,3.63318042491699,3.1622776601683795,4.216965733794858,0.002,0.00158489,0.00251189,0.0161,0.0,0.05,0.251,0.2,0.3,3520000.0,3130.0,2420000.0,1.0,True,0.01,0.95,10.0,39600.0,0.938,0.139
7952,1 - 1 - 2022,19800.0,3.63318042491699,3.1622776601683795,4.216965733794858,0.002,0.00158489,0.00251189,0.016,0.0,0.05,0.349,0.3,0.4,3630000.0,3170.0,2090000.0,1.0,True,0.01,0.95,10.0,39600.0,0.938,0.139
7953,1 - 1 - 2022,19800.0,3.63318042491699,3.1622776601683795,4.216965733794858,0.002,0.00158489,0.00251189,0.0156,0.0,0.05,0.448,0.4,0.5,3090000.0,2930.0,1430000.0,1.0,True,0.01,0.95,10.0,39600.0,0.938,0.139
7954,1 - 1 - 2022,19800.0,3.63318042491699,3.1622776601683795,4.216965733794858,0.002,0.00158489,0.00251189,0.0163,0.0,0.05,0.548,0.5,0.6,2430000.0,2590.0,989000.0,1.0,True,0.01,0.95,10.0,39600.0,0.938,0.139
7955,1 - 1 - 2022,19800.0,3.646916505762094,3.1622776601683795,4.216965733794858,0.002,0.00158489,0.00251189,0.0166,0.0,0.05,0.646,0.6,0.7,1750000.0,2200.0,558000.0,1.0,True,0.01,0.95,10.0,39600.0,0.938,0.139
7956,1 - 1 - 2022,19800.0,3.63318042491699,3.1622776601683795,4.216965733794858,0.00199,0.00158489,0.00251189,0.0171,0.0,0.05,0.747,0.7,0.8,1210000.0,1830.0,317000.0,1.0,True,0.01,0.95,10.0,39600.0,0.938,0.139
7957,1 - 1 - 2022,19800.0,3.646916505762094,3.1622776601683795,4.216965733794858,0.002,0.00158489,0.00251189,0.0172,0.0,0.05,0.848,0.8,0.9,757000.0,1450.0,149000.0,1.0,True,0.01,0.95,10.0,39600.0,0.938,0.139
7958,1 - 1 - 2022,19800.0,3.6193922141707713,3.1622776601683795,4.216965733794858,0.00199,0.00158489,0.00251189,0.0182,0.0,0.05,0.947,0.9,1.0,471000.0,1140.0,83800.0,1.0,True,0.01,0.95,10.0,39600.0,0.938,0.139
7959,1 - 1 - 2022,19800.0,3.646916505762094,3.1622776601683795,4.216965733794858,0.00199,0.00158489,0.00251189,0.0205,0.0,0.05,1.16,1.0,1.5,138000.0,277.0,10400.0,1.0,True,0.01,0.95,10.0,39600.0,0.938,0.139
7960,1 - 1 - 2022,19800.0,3.6606010435446255,3.1622776601683795,4.216965733794858,0.00202,0.00158489,0.00251189,0.0241,0.0,0.05,1.72,1.5,2.0,17000.0,97.1,612.0,1.0,True,0.01,0.95,10.0,39600.0,0.938,0.139
7961,1 - 1 - 2022,19800.0,3.7013511046643495,3.1622776601683795,4.216965733794858,0.00197,0.00158489,0.00251189,0.0285,0.0,0.05,2.59,2.0,4.0,1620.0,15.0,0.00991,1.0,True,0.01,0.95,10.0,39600.0,0.938,0.139
7962,1 - 1 - 2022,19800.0,3.6606010435446255,3.1622776601683795,4.216965733794858,0.002,0.00158489,0.00251189,0.0716,0.05,0.1,0.0337,0.0,0.05,187000.0,1020.0,175000.0,1.0,True,0.01,0.95,10.0,39600.0,0.938,0.139
7963,1 - 1 - 2022,19800.0,3.63318042491699,3.1622776601683795,4.216965733794858,0.00204,0.00158489,0.00251189,0.0726,0.05,0.1,0.0766,0.05,0.1,475000.0,1620.0,437000.0,1.0,True,0.01,0.95,10.0,39600.0,0.938,0.139
7964,1 - 1 - 2022,19800.0,3.63318042491699,3.1622776601683795,4.216965733794858,0.00201,0.00158489,0.00251189,0.0729,0.05,0.1,0.155,0.1,0.2,865000.0,1550.0,784000.0,1.0,True,0.01,0.95,10.0,39600.0,0.938,0.139
7965,1 - 1 - 2022,19800.0,3.63318042491699,3.1622776601683795,4.216965733794858,0.00202,0.00158489,0.00251189,0.0738,0.05,0.1,0.25,0.2,0.3,1040000.0,1700.0,873000.0,1.0,True,0.01,0.95,10.0,39600.0,0.938,0.139
7966,1 - 1 - 2022,19800.0,3.63318042491699,3.1622776601683795,4.216965733794858,0.00201,0.00158489,0.00251189,0.0731,0.05,0.1,0.348,0.3,0.4,1090000.0,1740.0,691000.0,1.0,True,0.01,0.95,10.0,39600.0,0.938,0.139
7967,1 - 1 - 2022,19800.0,3.646916505762094,3.1622776601683795,4.216965733794858,0.00202,0.00158489,0.00251189,0.0729,0.05,0.1,0.449,0.4,0.5,930000.0,1610.0,466000.0,1.0,True,0.01,0.95,10.0,39600.0,0.938,0.139
7968,1 - 1 - 2022,19800.0,3.646916505762094,3.1622776601683795,4.216965733794858,0.00201,0.00158489,0.00251189,0.0723,0.05,0.1,0.549,0.5,0.6,695000.0,1390.0,338000.0,1.0,True,0.01,0.95,10.0,39600.0,0.938,0.139
7969,1 - 1 - 2022,19800.0,3.6193922141707713,3.1622776601683795,4.216965733794858,0.00202,0.00158489,0.00251189,0.0731,0.05,0.1,0.648,0.6,0.7,542000.0,1230.0,145000.0,1.0,True,0.01,0.95,10.0,39600.0,0.938,0.139
7970,1 - 1 - 2022,19800.0,3.63318042491699,3.1622776601683795,4.216965733794858,0.002,0.00158489,0.00251189,0.0735,0.05,0.1,0.746,0.7,0.8,380000.0,1030.0,61800.0,1.0,True,0.01,0.95,10.0,39600.0,0.938,0.139
7971,1 - 1 - 2022,19800.0,3.6193922141707713,3.1622776601683795,4.216965733794858,0.00202,0.00158489,0.00251189,0.0731,0.05,0.1,0.848,0.8,0.9,255000.0,840.0,45300.0,1.0,True,0.01,0.95,10.0,39600.0,0.938,0.139
7972,1 - 1 - 2022,19800.0,3.646916505762094,3.1622776601683795,4.216965733794858,0.00201,0.00158489,0.00251189,0.0721,0.05,0.1,0.945,0.9,1.0,176000.0,699.0,23900.0,1.0,True,0.01,0.95,10.0,39600.0,0.938,0.139
7973,1 - 1 - 2022,19800.0,3.646916505762094,3.1622776601683795,4.216965733794858,0.00198,0.00158489,0.00251189,0.0732,0.05,0.1,1.2,1.0,1.5,71800.0,200.0,245.0,1.0,True,0.01,0.95,10.0,39600.0,0.938,0.139
7974,1 - 1 - 2022,19800.0,3.6606010435446255,3.1622776601683795,4.216965733794858,0.00196,0.00158489,0.00251189,0.0743,0.05,0.1,1.7,1.5,2.0,16000.0,94.3,0.0,1.0,True,0.01,0.95,10.0,39600.0,0.938,0.139
7975,1 - 1 - 2022,19800.0,3.63318042491699,3.1622776601683795,4.216965733794858,0.00202,0.00158489,0.00251189,0.0773,0.05,0.1,2.56,2.0,4.0,2910.0,20.1,30.6,1.0,True,0.01,0.95,10.0,39600.0,0.938,0.139
7976,1 - 1 - 2022,19800.0,3.63318042491699,3.1622776601683795,4.216965733794858,0.00198,0.00158489,0.00251189,0.123,0.1,0.15,0.0339,0.0,0.05,120000.0,815.0,94200.0,1.0,True,0.01,0.95,10.0,39600.0,0.938,0.139
7977,1 - 1 - 2022,19800.0,3.646916505762094,3.1622776601683795,4.216965733794858,0.002,0.00158489,0.00251189,0.124,0.1,0.15,0.0793,0.05,0.1,361000.0,1410.0,294000.0,1.0,True,0.01,0.95,10.0,39600.0,0.938,0.139
7978,1 - 1 - 2022,19800.0,3.646916505762094,3.1622776601683795,4.216965733794858,0.00201,0.00158489,0.00251189,0.123,0.1,0.15,0.153,0.1,0.2,568000.0,1250.0,441000.0,1.0,True,0.01,0.95,10.0,39600.0,0.938,0.139
7979,1 - 1 - 2022,19800.0,3.63318042491699,3.1622776601683795,4.216965733794858,0.00203,0.00158489,0.00251189,0.124,0.1,0.15,0.251,0.2,0.3,757000.0,1450.0,519000.0,1.0,True,0.01,0.95,10.0,39600.0,0.938,0.139
7980,1 - 1 - 2022,19800.0,3.6193922141707713,3.1622776601683795,4.216965733794858,0.00201,0.00158489,0.00251189,0.124,0.1,0.15,0.348,0.3,0.4,696000.0,1390.0,448000.0,1.0,True,0.01,0.95,10.0,39600.0,0.938,0.139
7981,1 - 1 - 2022,19800.0,3.646916505762094,3.1622776601683795,4.216965733794858,0.00202,0.00158489,0.00251189,0.124,0.1,0.15,0.448,0.4,0.5,641000.0,1330.0,348000.0,1.0,True,0.01,0.95,10.0,39600.0,0.938,0.139
7982,1 - 1 - 2022,19800.0,3.6193922141707713,3.1622776601683795,4.216965733794858,0.00201,0.00158489,0.00251189,0.124,0.1,0.15,0.546,0.5,0.6,509000.0,1190.0,228000.0,1.0,True,0.01,0.95,10.0,39600.0,0.938,0.139
7983,1 - 1 - 2022,19800.0,3.646916505762094,3.1622776601683795,4.216965733794858,0.00202,0.00158489,0.00251189,0.123,0.1,0.15,0.647,0.6,0.7,362000.0,1000.0,125000.0,1.0,True,0.01,0.95,10.0,39600.0,0.938,0.139
7984,1 - 1 - 2022,19800.0,3.6193922141707713,3.1622776601683795,4.216965733794858,0.00202,0.00158489,0.00251189,0.124,0.1,0.15,0.746,0.7,0.8,276000.0,875.0,68500.0,1.0,True,0.01,0.95,10.0,39600.0,0.938,0.139
7985,1 - 1 - 2022,19800.0,3.646916505762094,3.1622776601683795,4.216965733794858,0.00198,0.00158489,0.00251189,0.125,0.1,0.15,0.85,0.8,0.9,203000.0,750.0,43400.0,1.0,True,0.01,0.95,10.0,39600.0,0.938,0.139
7986,1 - 1 - 2022,19800.0,3.6193922141707713,3.1622776601683795,4.216965733794858,0.00199,0.00158489,0.00251189,0.121,0.1,0.15,0.946,0.9,1.0,141000.0,625.0,24500.0,1.0,True,0.01,0.95,10.0,39600.0,0.938,0.139
7987,1 - 1 - 2022,19800.0,3.646916505762094,3.1622776601683795,4.216965733794858,0.002,0.00158489,0.00251189,0.124,0.1,0.15,1.19,1.0,1.5,57000.0,178.0,1590.0,1.0,True,0.01,0.95,10.0,39600.0,0.938,0.139
7988,1 - 1 - 2022,19800.0,3.63318042491699,3.1622776601683795,4.216965733794858,0.00201,0.00158489,0.00251189,0.124,0.1,0.15,1.7,1.5,2.0,16200.0,94.6,122.0,1.0,True,0.01,0.95,10.0,39600.0,0.938,0.139
7989,1 - 1 - 2022,19800.0,3.687817782917155,3.1622776601683795,4.216965733794858,0.00198,0.00158489,0.00251189,0.123,0.1,0.15,2.54,2.0,4.0,3210.0,21.1,367.0,1.0,True,0.01,0.95,10.0,39600.0,0.938,0.139
7990,1 - 1 - 2022,19800.0,3.6193922141707713,3.1622776601683795,4.216965733794858,0.00199,0.00158489,0.00251189,0.173,0.15,0.2,0.0321,0.0,0.05,75900.0,649.0,74700.0,1.0,True,0.01,0.95,10.0,39600.0,0.938,0.139
7991,1 - 1 - 2022,19800.0,3.63318042491699,3.1622776601683795,4.216965733794858,0.00202,0.00158489,0.00251189,0.172,0.15,0.2,0.0803,0.05,0.1,199000.0,1050.0,181000.0,1.0,True,0.01,0.95,10.0,39600.0,0.938,0.139
7992,1 - 1 - 2022,19800.0,3.605551275463989,3.1622776601683795,4.216965733794858,0.00201,0.00158489,0.00251189,0.173,0.15,0.2,0.154,0.1,0.2,374000.0,1020.0,317000.0,1.0,True,0.01,0.95,10.0,39600.0,0.938,0.139
7993,1 - 1 - 2022,19800.0,3.63318042491699,3.1622776601683795,4.216965733794858,0.00201,0.00158489,0.00251189,0.173,0.15,0.2,0.251,0.2,0.3,479000.0,1150.0,368000.0,1.0,True,0.01,0.95,10.0,39600.0,0.938,0.139
7994,1 - 1 - 2022,19800.0,3.63318042491699,3.1622776601683795,4.216965733794858,0.00203,0.00158489,0.00251189,0.172,0.15,0.2,0.35,0.3,0.4,527000.0,1210.0,334000.0,1.0,True,0.01,0.95,10.0,39600.0,0.938,0.139
7995,1 - 1 - 2022,19800.0,3.646916505762094,3.1622776601683795,4.216965733794858,0.002,0.00158489,0.00251189,0.174,0.15,0.2,0.447,0.4,0.5,453000.0,1120.0,261000.0,1.0,True,0.01,0.95,10.0,39600.0,0.938,0.139
7996,1 - 1 - 2022,19800.0,3.646916505762094,3.1622776601683795,4.216965733794858,0.00199,0.00158489,0.00251189,0.174,0.15,0.2,0.55,0.5,0.6,352000.0,988.0,174000.0,1.0,True,0.01,0.95,10.0,39600.0,0.938,0.139
7997,1 - 1 - 2022,19800.0,3.63318042491699,3.1622776601683795,4.216965733794858,0.00201,0.00158489,0.00251189,0.174,0.15,0.2,0.646,0.6,0.7,296000.0,905.0,128000.0,1.0,True,0.01,0.95,10.0,39600.0,0.938,0.139
7998,1 - 1 - 2022,19800.0,3.6193922141707713,3.1622776601683795,4.216965733794858,0.002,0.00158489,0.00251189,0.173,0.15,0.2,0.747,0.7,0.8,201000.0,747.0,69200.0,1.0,True,0.01,0.95,10.0,39600.0,0.938,0.139
7999,1 - 1 - 2022,19800.0,3.646916505762094,3.1622776601683795,4.216965733794858,0.002,0.00158489,0.00251189,0.173,0.15,0.2,0.847,0.8,0.9,147000.0,638.0,52600.0,1.0,True,0.01,0.95,10.0,39600.0,0.938,0.139
8000,1 - 1 - 2022,19800.0,3.6742346141747673,3.1622776601683795,4.216965733794858,0.002,0.00158489,0.00251189,0.174,0.15,0.2,0.945,0.9,1.0,103000.0,534.0,27500.0,1.0,True,0.01,0.95,10.0,39600.0,0.938,0.139
8001,1 - 1 - 2022,19800.0,3.6742346141747673,3.1622776601683795,4.216965733794858,0.002,0.00158489,0.00251189,0.174,0.15,0.2,1.18,1.0,1.5,40100.0,149.0,4530.0,1.0,True,0.01,0.95,10.0,39600.0,0.938,0.139
8002,1 - 1 - 2022,19800.0,3.605551275463989,3.1622776601683795,4.216965733794858,0.002,0.00158489,0.00251189,0.175,0.15,0.2,1.71,1.5,2.0,12000.0,81.5,0.0,1.0,True,0.01,0.95,10.0,39600.0,0.938,0.139
8003,1 - 1 - 2022,19800.0,3.7282703764614498,3.1622776601683795,4.216965733794858,0.00197,0.00158489,0.00251189,0.174,0.15,0.2,2.58,2.0,4.0,2290.0,17.8,275.0,1.0,True,0.01,0.95,10.0,39600.0,0.938,0.139
8004,1 - 1 - 2022,19800.0,3.63318042491699,3.1622776601683795,4.216965733794858,0.00201,0.00158489,0.00251189,0.22,0.2,0.25,0.0331,0.0,0.05,39200.0,466.0,28200.0,1.0,True,0.01,0.95,10.0,39600.0,0.938,0.139
8005,1 - 1 - 2022,19800.0,3.6606010435446255,3.1622776601683795,4.216965733794858,0.00199,0.00158489,0.00251189,0.221,0.2,0.25,0.0806,0.05,0.1,94200.0,723.0,68500.0,1.0,True,0.01,0.95,10.0,39600.0,0.938,0.139
8006,1 - 1 - 2022,19800.0,3.646916505762094,3.1622776601683795,4.216965733794858,0.00201,0.00158489,0.00251189,0.223,0.2,0.25,0.155,0.1,0.2,226000.0,791.0,144000.0,1.0,True,0.01,0.95,10.0,39600.0,0.938,0.139
8007,1 - 1 - 2022,19800.0,3.63318042491699,3.1622776601683795,4.216965733794858,0.00203,0.00158489,0.00251189,0.223,0.2,0.25,0.252,0.2,0.3,313000.0,932.0,188000.0,1.0,True,0.01,0.95,10.0,39600.0,0.938,0.139
8008,1 - 1 - 2022,19800.0,3.6193922141707713,3.1622776601683795,4.216965733794858,0.002,0.00158489,0.00251189,0.223,0.2,0.25,0.351,0.3,0.4,307000.0,922.0,161000.0,1.0,True,0.01,0.95,10.0,39600.0,0.938,0.139
8009,1 - 1 - 2022,19800.0,3.63318042491699,3.1622776601683795,4.216965733794858,0.00202,0.00158489,0.00251189,0.223,0.2,0.25,0.449,0.4,0.5,291000.0,899.0,134000.0,1.0,True,0.01,0.95,10.0,39600.0,0.938,0.139
8010,1 - 1 - 2022,19800.0,3.591656999213594,3.1622776601683795,4.216965733794858,0.002,0.00158489,0.00251189,0.224,0.2,0.25,0.549,0.5,0.6,258000.0,845.0,102000.0,1.0,True,0.01,0.95,10.0,39600.0,0.938,0.139
8011,1 - 1 - 2022,19800.0,3.6193922141707713,3.1622776601683795,4.216965733794858,0.00202,0.00158489,0.00251189,0.223,0.2,0.25,0.647,0.6,0.7,225000.0,790.0,75900.0,1.0,True,0.01,0.95,10.0,39600.0,0.938,0.139
8012,1 - 1 - 2022,19800.0,3.6193922141707713,3.1622776601683795,4.216965733794858,0.00204,0.00158489,0.00251189,0.222,0.2,0.25,0.748,0.7,0.8,163000.0,672.0,52000.0,1.0,True,0.01,0.95,10.0,39600.0,0.938,0.139
8013,1 - 1 - 2022,19800.0,3.63318042491699,3.1622776601683795,4.216965733794858,0.00202,0.00158489,0.00251189,0.224,0.2,0.25,0.844,0.8,0.9,122000.0,581.0,44100.0,1.0,True,0.01,0.95,10.0,39600.0,0.938,0.139
8014,1 - 1 - 2022,19800.0,3.6606010435446255,3.1622776601683795,4.216965733794858,0.00199,0.00158489,0.00251189,0.223,0.2,0.25,0.941,0.9,1.0,69100.0,438.0,16500.0,1.0,True,0.01,0.95,10.0,39600.0,0.938,0.139
8015,1 - 1 - 2022,19800.0,3.63318042491699,3.1622776601683795,4.216965733794858,0.00205,0.00158489,0.00251189,0.224,0.2,0.25,1.2,1.0,1.5,32200.0,134.0,5390.0,1.0,True,0.01,0.95,10.0,39600.0,0.938,0.139
8016,1 - 1 - 2022,19800.0,3.6606010435446255,3.1622776601683795,4.216965733794858,0.00201,0.00158489,0.00251189,0.228,0.2,0.25,1.7,1.5,2.0,9790.0,73.7,0.0,1.0,True,0.01,0.95,10.0,39600.0,0.938,0.139
8017,1 - 1 - 2022,19800.0,3.646916505762094,3.1622776601683795,4.216965733794858,0.00196,0.00158489,0.00251189,0.223,0.2,0.25,2.65,2.0,4.0,2290.0,17.8,214.0,1.0,True,0.01,0.95,10.0,39600.0,0.938,0.139
8018,1 - 1 - 2022,19800.0,3.7549966711037173,3.1622776601683795,4.216965733794858,0.00187,0.00158489,0.00251189,0.271,0.25,0.3,0.0371,0.0,0.05,19600.0,329.0,1220.0,1.0,True,0.01,0.95,10.0,39600.0,0.938,0.139
8019,1 - 1 - 2022,19800.0,3.605551275463989,3.1622776601683795,4.216965733794858,0.00195,0.00158489,0.00251189,0.271,0.25,0.3,0.0763,0.05,0.1,77100.0,654.0,24500.0,1.0,True,0.01,0.95,10.0,39600.0,0.938,0.139
8020,1 - 1 - 2022,19800.0,3.6193922141707713,3.1622776601683795,4.216965733794858,0.002,0.00158489,0.00251189,0.272,0.25,0.3,0.153,0.1,0.2,149000.0,643.0,50800.0,1.0,True,0.01,0.95,10.0,39600.0,0.938,0.139
8021,1 - 1 - 2022,19800.0,3.63318042491699,3.1622776601683795,4.216965733794858,0.00203,0.00158489,0.00251189,0.272,0.25,0.3,0.251,0.2,0.3,195000.0,736.0,60000.0,1.0,True,0.01,0.95,10.0,39600.0,0.938,0.139
8022,1 - 1 - 2022,19800.0,3.6193922141707713,3.1622776601683795,4.216965733794858,0.00202,0.00158489,0.00251189,0.273,0.25,0.3,0.349,0.3,0.4,223000.0,786.0,58100.0,1.0,True,0.01,0.95,10.0,39600.0,0.938,0.139
8023,1 - 1 - 2022,19800.0,3.63318042491699,3.1622776601683795,4.216965733794858,0.00203,0.00158489,0.00251189,0.273,0.25,0.3,0.446,0.4,0.5,215000.0,773.0,47100.0,1.0,True,0.01,0.95,10.0,39600.0,0.938,0.139
8024,1 - 1 - 2022,19800.0,3.646916505762094,3.1622776601683795,4.216965733794858,0.00202,0.00158489,0.00251189,0.275,0.25,0.3,0.548,0.5,0.6,166000.0,679.0,30000.0,1.0,True,0.01,0.95,10.0,39600.0,0.938,0.139
8025,1 - 1 - 2022,19800.0,3.646916505762094,3.1622776601683795,4.216965733794858,0.00201,0.00158489,0.00251189,0.273,0.25,0.3,0.646,0.6,0.7,162000.0,669.0,31800.0,1.0,True,0.01,0.95,10.0,39600.0,0.938,0.139
8026,1 - 1 - 2022,19800.0,3.6606010435446255,3.1622776601683795,4.216965733794858,0.00199,0.00158489,0.00251189,0.274,0.25,0.3,0.745,0.7,0.8,133000.0,607.0,24500.0,1.0,True,0.01,0.95,10.0,39600.0,0.938,0.139
8027,1 - 1 - 2022,19800.0,3.605551275463989,3.1622776601683795,4.216965733794858,0.00202,0.00158489,0.00251189,0.275,0.25,0.3,0.849,0.8,0.9,82600.0,479.0,13500.0,1.0,True,0.01,0.95,10.0,39600.0,0.938,0.139
8028,1 - 1 - 2022,19800.0,3.605551275463989,3.1622776601683795,4.216965733794858,0.00203,0.00158489,0.00251189,0.273,0.25,0.3,0.945,0.9,1.0,69100.0,438.0,7960.0,1.0,True,0.01,0.95,10.0,39600.0,0.938,0.139
8029,1 - 1 - 2022,19800.0,3.6606010435446255,3.1622776601683795,4.216965733794858,0.00202,0.00158489,0.00251189,0.274,0.25,0.3,1.18,1.0,1.5,20300.0,106.0,2690.0,1.0,True,0.01,0.95,10.0,39600.0,0.938,0.139
8030,1 - 1 - 2022,19800.0,3.5777087639996634,3.1622776601683795,4.216965733794858,0.00196,0.00158489,0.00251189,0.272,0.25,0.3,1.77,1.5,2.0,6980.0,62.2,0.0,1.0,True,0.01,0.95,10.0,39600.0,0.938,0.139
8031,1 - 1 - 2022,19800.0,3.6742346141747673,3.1622776601683795,4.216965733794858,0.00204,0.00158489,0.00251189,0.273,0.25,0.3,2.67,2.0,4.0,1870.0,16.1,122.0,1.0,True,0.01,0.95,10.0,39600.0,0.938,0.139
8032,1 - 1 - 2022,19800.0,3.646916505762094,3.1622776601683795,4.216965733794858,0.00201,0.00158489,0.00251189,0.347,0.3,0.4,0.0311,0.0,0.05,11600.0,180.0,0.0,1.0,True,0.01,0.95,10.0,39600.0,0.938,0.139
8033,1 - 1 - 2022,19800.0,3.5355339059327378,3.1622776601683795,4.216965733794858,0.00193,0.00158489,0.00251189,0.341,0.3,0.4,0.0782,0.05,0.1,35500.0,314.0,1840.0,1.0,True,0.01,0.95,10.0,39600.0,0.938,0.139
8034,1 - 1 - 2022,19800.0,3.605551275463989,3.1622776601683795,4.216965733794858,0.00201,0.00158489,0.00251189,0.344,0.3,0.4,0.154,0.1,0.2,65500.0,301.0,4900.0,1.0,True,0.01,0.95,10.0,39600.0,0.938,0.139
8035,1 - 1 - 2022,19800.0,3.605551275463989,3.1622776601683795,4.216965733794858,0.00201,0.00158489,0.00251189,0.343,0.3,0.4,0.251,0.2,0.3,101000.0,374.0,6730.0,1.0,True,0.01,0.95,10.0,39600.0,0.938,0.139
8036,1 - 1 - 2022,19800.0,3.6193922141707713,3.1622776601683795,4.216965733794858,0.00203,0.00158489,0.00251189,0.344,0.3,0.4,0.354,0.3,0.4,129000.0,422.0,6730.0,1.0,True,0.01,0.95,10.0,39600.0,0.938,0.139
8037,1 - 1 - 2022,19800.0,3.646916505762094,3.1622776601683795,4.216965733794858,0.002,0.00158489,0.00251189,0.346,0.3,0.4,0.45,0.4,0.5,119000.0,406.0,5810.0,1.0,True,0.01,0.95,10.0,39600.0,0.938,0.139
8038,1 - 1 - 2022,19800.0,3.605551275463989,3.1622776601683795,4.216965733794858,0.002,0.00158489,0.00251189,0.343,0.3,0.4,0.549,0.5,0.6,113000.0,396.0,6430.0,1.0,True,0.01,0.95,10.0,39600.0,0.938,0.139
8039,1 - 1 - 2022,19800.0,3.591656999213594,3.1622776601683795,4.216965733794858,0.00202,0.00158489,0.00251189,0.344,0.3,0.4,0.648,0.6,0.7,91800.0,357.0,7950.0,1.0,True,0.01,0.95,10.0,39600.0,0.938,0.139
8040,1 - 1 - 2022,19800.0,3.6193922141707713,3.1622776601683795,4.216965733794858,0.00202,0.00158489,0.00251189,0.343,0.3,0.4,0.751,0.7,0.8,84100.0,342.0,6120.0,1.0,True,0.01,0.95,10.0,39600.0,0.938,0.139
8041,1 - 1 - 2022,19800.0,3.6742346141747673,3.1622776601683795,4.216965733794858,0.00198,0.00158489,0.00251189,0.344,0.3,0.4,0.85,0.8,0.9,62100.0,293.0,4280.0,1.0,True,0.01,0.95,10.0,39600.0,0.938,0.139
8042,1 - 1 - 2022,19800.0,3.605551275463989,3.1622776601683795,4.216965733794858,0.00201,0.00158489,0.00251189,0.347,0.3,0.4,0.95,0.9,1.0,48300.0,259.0,3370.0,1.0,True,0.01,0.95,10.0,39600.0,0.938,0.139
8043,1 - 1 - 2022,19800.0,3.6606010435446255,3.1622776601683795,4.216965733794858,0.00199,0.00158489,0.00251189,0.345,0.3,0.4,1.18,1.0,1.5,18000.0,70.6,734.0,1.0,True,0.01,0.95,10.0,39600.0,0.938,0.139
8044,1 - 1 - 2022,19800.0,3.6742346141747673,3.1622776601683795,4.216965733794858,0.00201,0.00158489,0.00251189,0.35,0.3,0.4,1.7,1.5,2.0,4900.0,36.8,122.0,1.0,True,0.01,0.95,10.0,39600.0,0.938,0.139
8045,1 - 1 - 2022,19800.0,3.6742346141747673,3.1622776601683795,4.216965733794858,0.00203,0.00158489,0.00251189,0.347,0.3,0.4,2.63,2.0,4.0,1160.0,8.98,91.8,1.0,True,0.01,0.95,10.0,39600.0,0.938,0.139
8046,1 - 1 - 2022,19800.0,3.7013511046643495,3.1622776601683795,4.216965733794858,0.00192,0.00158489,0.00251189,0.454,0.4,0.5,0.0307,0.0,0.05,6120.0,130.0,612.0,1.0,True,0.01,0.95,10.0,39600.0,0.938,0.139
8047,1 - 1 - 2022,19800.0,3.5777087639996634,3.1622776601683795,4.216965733794858,0.00193,0.00158489,0.00251189,0.445,0.4,0.5,0.0803,0.05,0.1,19600.0,233.0,0.0,1.0,True,0.01,0.95,10.0,39600.0,0.938,0.139
8048,1 - 1 - 2022,19800.0,3.591656999213594,3.1622776601683795,4.216965733794858,0.00206,0.00158489,0.00251189,0.446,0.4,0.5,0.157,0.1,0.2,42200.0,242.0,0.0,1.0,True,0.01,0.95,10.0,39600.0,0.938,0.139
8049,1 - 1 - 2022,19800.0,3.646916505762094,3.1622776601683795,4.216965733794858,0.00201,0.00158489,0.00251189,0.446,0.4,0.5,0.249,0.2,0.3,52000.0,269.0,0.0,1.0,True,0.01,0.95,10.0,39600.0,0.938,0.139
8050,1 - 1 - 2022,19800.0,3.646916505762094,3.1622776601683795,4.216965733794858,0.00203,0.00158489,0.00251189,0.443,0.4,0.5,0.355,0.3,0.4,61800.0,293.0,0.0,1.0,True,0.01,0.95,10.0,39600.0,0.938,0.139
8051,1 - 1 - 2022,19800.0,3.605551275463989,3.1622776601683795,4.216965733794858,0.00197,0.00158489,0.00251189,0.444,0.4,0.5,0.447,0.4,0.5,58100.0,284.0,0.0,1.0,True,0.01,0.95,10.0,39600.0,0.938,0.139
8052,1 - 1 - 2022,19800.0,3.6742346141747673,3.1622776601683795,4.216965733794858,0.00201,0.00158489,0.00251189,0.445,0.4,0.5,0.551,0.5,0.6,54200.0,274.0,0.0,1.0,True,0.01,0.95,10.0,39600.0,0.938,0.139
8053,1 - 1 - 2022,19800.0,3.6193922141707713,3.1622776601683795,4.216965733794858,0.00203,0.00158489,0.00251189,0.447,0.4,0.5,0.651,0.6,0.7,48300.0,259.0,0.0,1.0,True,0.01,0.95,10.0,39600.0,0.938,0.139
8054,1 - 1 - 2022,19800.0,3.63318042491699,3.1622776601683795,4.216965733794858,0.00202,0.00158489,0.00251189,0.446,0.4,0.5,0.752,0.7,0.8,44700.0,249.0,306.0,1.0,True,0.01,0.95,10.0,39600.0,0.938,0.139
8055,1 - 1 - 2022,19800.0,3.5777087639996634,3.1622776601683795,4.216965733794858,0.00199,0.00158489,0.00251189,0.449,0.4,0.5,0.846,0.8,0.9,31200.0,208.0,0.0,1.0,True,0.01,0.95,10.0,39600.0,0.938,0.139
8056,1 - 1 - 2022,19800.0,3.6742346141747673,3.1622776601683795,4.216965733794858,0.00201,0.00158489,0.00251189,0.442,0.4,0.5,0.949,0.9,1.0,21700.0,174.0,0.0,1.0,True,0.01,0.95,10.0,39600.0,0.938,0.139
8057,1 - 1 - 2022,19800.0,3.6193922141707713,3.1622776601683795,4.216965733794858,0.00199,0.00158489,0.00251189,0.442,0.4,0.5,1.18,1.0,1.5,9360.0,50.9,122.0,1.0,True,0.01,0.95,10.0,39600.0,0.938,0.139
8058,1 - 1 - 2022,19800.0,3.591656999213594,3.1622776601683795,4.216965733794858,0.00204,0.00158489,0.00251189,0.439,0.4,0.5,1.68,1.5,2.0,3610.0,31.6,61.2,1.0,True,0.01,0.95,10.0,39600.0,0.938,0.139
8059,1 - 1 - 2022,19800.0,3.591656999213594,3.1622776601683795,4.216965733794858,0.00201,0.00158489,0.00251189,0.446,0.4,0.5,2.64,2.0,4.0,535.0,6.09,122.0,1.0,True,0.01,0.95,10.0,39600.0,0.938,0.139
8060,1 - 1 - 2022,19800.0,3.7282703764614498,3.1622776601683795,4.216965733794858,0.00186,0.00158489,0.00251189,0.54,0.5,0.6,0.03,0.0,0.05,3670.0,101.0,612.0,1.0,True,0.01,0.95,10.0,39600.0,0.938,0.139
8061,1 - 1 - 2022,19800.0,3.5777087639996634,3.1622776601683795,4.216965733794858,0.002,0.00158489,0.00251189,0.543,0.5,0.6,0.0757,0.05,0.1,9180.0,160.0,612.0,1.0,True,0.01,0.95,10.0,39600.0,0.938,0.139
8062,1 - 1 - 2022,19800.0,3.5496478698597698,3.1622776601683795,4.216965733794858,0.00202,0.00158489,0.00251189,0.547,0.5,0.6,0.154,0.1,0.2,20800.0,170.0,306.0,1.0,True,0.01,0.95,10.0,39600.0,0.938,0.139
8063,1 - 1 - 2022,19800.0,3.6193922141707713,3.1622776601683795,4.216965733794858,0.00198,0.00158489,0.00251189,0.542,0.5,0.6,0.251,0.2,0.3,26300.0,191.0,612.0,1.0,True,0.01,0.95,10.0,39600.0,0.938,0.139
8064,1 - 1 - 2022,19800.0,3.646916505762094,3.1622776601683795,4.216965733794858,0.00196,0.00158489,0.00251189,0.542,0.5,0.6,0.349,0.3,0.4,29700.0,203.0,306.0,1.0,True,0.01,0.95,10.0,39600.0,0.938,0.139
8065,1 - 1 - 2022,19800.0,3.605551275463989,3.1622776601683795,4.216965733794858,0.00198,0.00158489,0.00251189,0.542,0.5,0.6,0.449,0.4,0.5,28100.0,198.0,918.0,1.0,True,0.01,0.95,10.0,39600.0,0.938,0.139
8066,1 - 1 - 2022,19800.0,3.63318042491699,3.1622776601683795,4.216965733794858,0.00203,0.00158489,0.00251189,0.545,0.5,0.6,0.546,0.5,0.6,30300.0,205.0,1220.0,1.0,True,0.01,0.95,10.0,39600.0,0.938,0.139
8067,1 - 1 - 2022,19800.0,3.591656999213594,3.1622776601683795,4.216965733794858,0.00203,0.00158489,0.00251189,0.548,0.5,0.6,0.647,0.6,0.7,21400.0,172.0,918.0,1.0,True,0.01,0.95,10.0,39600.0,0.938,0.139
8068,1 - 1 - 2022,19800.0,3.6606010435446255,3.1622776601683795,4.216965733794858,0.00206,0.00158489,0.00251189,0.542,0.5,0.6,0.748,0.7,0.8,17100.0,154.0,612.0,1.0,True,0.01,0.95,10.0,39600.0,0.938,0.139
8069,1 - 1 - 2022,19800.0,3.6193922141707713,3.1622776601683795,4.216965733794858,0.00201,0.00158489,0.00251189,0.544,0.5,0.6,0.852,0.8,0.9,15000.0,144.0,0.0,1.0,True,0.01,0.95,10.0,39600.0,0.938,0.139
8070,1 - 1 - 2022,19800.0,3.6193922141707713,3.1622776601683795,4.216965733794858,0.00204,0.00158489,0.00251189,0.542,0.5,0.6,0.959,0.9,1.0,12200.0,130.0,0.0,1.0,True,0.01,0.95,10.0,39600.0,0.938,0.139
8071,1 - 1 - 2022,19800.0,3.6193922141707713,3.1622776601683795,4.216965733794858,0.00202,0.00158489,0.00251189,0.545,0.5,0.6,1.19,1.0,1.5,6120.0,41.2,306.0,1.0,True,0.01,0.95,10.0,39600.0,0.938,0.139
8072,1 - 1 - 2022,19800.0,3.5637059362410923,3.1622776601683795,4.216965733794858,0.00197,0.00158489,0.00251189,0.542,0.5,0.6,1.66,1.5,2.0,1280.0,18.9,122.0,1.0,True,0.01,0.95,10.0,39600.0,0.938,0.139
8073,1 - 1 - 2022,19800.0,3.63318042491699,3.1622776601683795,4.216965733794858,0.00198,0.00158489,0.00251189,0.55,0.5,0.6,2.56,2.0,4.0,321.0,4.72,91.8,1.0,True,0.01,0.95,10.0,39600.0,0.938,0.139
8074,1 - 1 - 2022,19800.0,3.449637662132068,3.1622776601683795,4.216965733794858,0.00224,0.00158489,0.00251189,0.645,0.6,0.7,0.0457,0.0,0.05,1840.0,71.3,0.0,1.0,True,0.01,0.95,10.0,39600.0,0.938,0.139
8075,1 - 1 - 2022,19800.0,3.5777087639996634,3.1622776601683795,4.216965733794858,0.00198,0.00158489,0.00251189,0.653,0.6,0.7,0.0815,0.05,0.1,4280.0,109.0,612.0,1.0,True,0.01,0.95,10.0,39600.0,0.938,0.139
8076,1 - 1 - 2022,19800.0,3.714835124201342,3.1622776601683795,4.216965733794858,0.00193,0.00158489,0.00251189,0.632,0.6,0.7,0.149,0.1,0.2,7340.0,101.0,918.0,1.0,True,0.01,0.95,10.0,39600.0,0.938,0.139
8077,1 - 1 - 2022,19800.0,3.5355339059327378,3.1622776601683795,4.216965733794858,0.00199,0.00158489,0.00251189,0.647,0.6,0.7,0.247,0.2,0.3,14700.0,143.0,1840.0,1.0,True,0.01,0.95,10.0,39600.0,0.938,0.139
8078,1 - 1 - 2022,19800.0,3.646916505762094,3.1622776601683795,4.216965733794858,0.00205,0.00158489,0.00251189,0.652,0.6,0.7,0.356,0.3,0.4,10700.0,122.0,918.0,1.0,True,0.01,0.95,10.0,39600.0,0.938,0.139
8079,1 - 1 - 2022,19800.0,3.5496478698597698,3.1622776601683795,4.216965733794858,0.00203,0.00158489,0.00251189,0.646,0.6,0.7,0.449,0.4,0.5,15300.0,146.0,1220.0,1.0,True,0.01,0.95,10.0,39600.0,0.938,0.139
8080,1 - 1 - 2022,19800.0,3.5777087639996634,3.1622776601683795,4.216965733794858,0.00206,0.00158489,0.00251189,0.649,0.6,0.7,0.548,0.5,0.6,11000.0,124.0,1220.0,1.0,True,0.01,0.95,10.0,39600.0,0.938,0.139
8081,1 - 1 - 2022,19800.0,3.63318042491699,3.1622776601683795,4.216965733794858,0.00208,0.00158489,0.00251189,0.641,0.6,0.7,0.651,0.6,0.7,9490.0,115.0,1840.0,1.0,True,0.01,0.95,10.0,39600.0,0.938,0.139
8082,1 - 1 - 2022,19800.0,3.687817782917155,3.1622776601683795,4.216965733794858,0.00207,0.00158489,0.00251189,0.655,0.6,0.7,0.74,0.7,0.8,10400.0,120.0,2450.0,1.0,True,0.01,0.95,10.0,39600.0,0.938,0.139
8083,1 - 1 - 2022,19800.0,3.6742346141747673,3.1622776601683795,4.216965733794858,0.002,0.00158489,0.00251189,0.629,0.6,0.7,0.844,0.8,0.9,7040.0,98.8,1530.0,1.0,True,0.01,0.95,10.0,39600.0,0.938,0.139
8084,1 - 1 - 2022,19800.0,3.63318042491699,3.1622776601683795,4.216965733794858,0.00198,0.00158489,0.00251189,0.644,0.6,0.7,0.947,0.9,1.0,6730.0,96.6,2450.0,1.0,True,0.01,0.95,10.0,39600.0,0.938,0.139
8085,1 - 1 - 2022,19800.0,3.6193922141707713,3.1622776601683795,4.216965733794858,0.00201,0.00158489,0.00251189,0.639,0.6,0.7,1.17,1.0,1.5,2750.0,27.6,612.0,1.0,True,0.01,0.95,10.0,39600.0,0.938,0.139
8086,1 - 1 - 2022,19800.0,3.6193922141707713,3.1622776601683795,4.216965733794858,0.00192,0.00158489,0.00251189,0.655,0.6,0.7,1.72,1.5,2.0,1290.0,18.9,428.0,1.0,True,0.01,0.95,10.0,39600.0,0.938,0.139
8087,1 - 1 - 2022,19800.0,3.7013511046643495,3.1622776601683795,4.216965733794858,0.00207,0.00158489,0.00251189,0.648,0.6,0.7,2.42,2.0,4.0,168.0,3.42,122.0,1.0,True,0.01,0.95,10.0,39600.0,0.938,0.139
8088,1 - 1 - 2022,19800.0,3.5777087639996634,3.1622776601683795,4.216965733794858,0.00198,0.00158489,0.00251189,0.726,0.7,0.8,0.155,0.1,0.2,3370.0,68.3,1220.0,1.0,True,0.01,0.95,10.0,39600.0,0.938,0.139
8089,1 - 1 - 2022,19800.0,3.6193922141707713,3.1622776601683795,4.216965733794858,0.00207,0.00158489,0.00251189,0.741,0.7,0.8,0.247,0.2,0.3,3370.0,68.3,1220.0,1.0,True,0.01,0.95,10.0,39600.0,0.938,0.139
8090,1 - 1 - 2022,19800.0,3.492849839314596,3.1622776601683795,4.216965733794858,0.00197,0.00158489,0.00251189,0.742,0.7,0.8,0.353,0.3,0.4,7960.0,105.0,2140.0,1.0,True,0.01,0.95,10.0,39600.0,0.938,0.139
8091,1 - 1 - 2022,19800.0,3.5496478698597698,3.1622776601683795,4.216965733794858,0.00202,0.00158489,0.00251189,0.734,0.7,0.8,0.448,0.4,0.5,9180.0,113.0,2450.0,1.0,True,0.01,0.95,10.0,39600.0,0.938,0.139
8092,1 - 1 - 2022,19800.0,3.6606010435446255,3.1622776601683795,4.216965733794858,0.00197,0.00158489,0.00251189,0.746,0.7,0.8,0.541,0.5,0.6,9180.0,113.0,3980.0,1.0,True,0.01,0.95,10.0,39600.0,0.938,0.139
8093,1 - 1 - 2022,19800.0,3.4351128074635335,3.1622776601683795,4.216965733794858,0.00213,0.00158489,0.00251189,0.747,0.7,0.8,0.646,0.6,0.7,4590.0,79.7,612.0,1.0,True,0.01,0.95,10.0,39600.0,0.938,0.139
8094,1 - 1 - 2022,19800.0,3.5071355833500366,3.1622776601683795,4.216965733794858,0.00201,0.00158489,0.00251189,0.751,0.7,0.8,0.749,0.7,0.8,5200.0,84.9,1220.0,1.0,True,0.01,0.95,10.0,39600.0,0.938,0.139
8095,1 - 1 - 2022,19800.0,3.391164991562634,3.1622776601683795,4.216965733794858,0.00203,0.00158489,0.00251189,0.739,0.7,0.8,0.845,0.8,0.9,3980.0,74.3,612.0,1.0,True,0.01,0.95,10.0,39600.0,0.938,0.139
8096,1 - 1 - 2022,19800.0,3.591656999213594,3.1622776601683795,4.216965733794858,0.00195,0.00158489,0.00251189,0.735,0.7,0.8,0.953,0.9,1.0,2750.0,61.8,1220.0,1.0,True,0.01,0.95,10.0,39600.0,0.938,0.139
8097,1 - 1 - 2022,19800.0,3.605551275463989,3.1622776601683795,4.216965733794858,0.00205,0.00158489,0.00251189,0.748,0.7,0.8,1.17,1.0,1.5,1840.0,22.6,979.0,1.0,True,0.01,0.95,10.0,39600.0,0.938,0.139
8098,1 - 1 - 2022,19800.0,3.492849839314596,3.1622776601683795,4.216965733794858,0.00201,0.00158489,0.00251189,0.737,0.7,0.8,1.71,1.5,2.0,551.0,12.4,184.0,1.0,True,0.01,0.95,10.0,39600.0,0.938,0.139
8099,1 - 1 - 2022,19800.0,3.7682887362833544,3.1622776601683795,4.216965733794858,0.00197,0.00158489,0.00251189,0.744,0.7,0.8,2.84,2.0,4.0,107.0,2.72,91.8,1.0,True,0.01,0.95,10.0,39600.0,0.938,0.139
8100,1 - 1 - 2022,19800.0,3.714835124201342,3.1622776601683795,4.216965733794858,0.00207,0.00158489,0.00251189,0.827,0.8,0.9,0.0814,0.05,0.1,1220.0,58.2,612.0,1.0,True,0.01,0.95,10.0,39600.0,0.938,0.139
8101,1 - 1 - 2022,19800.0,3.5355339059327378,3.1622776601683795,4.216965733794858,0.00204,0.00158489,0.00251189,0.862,0.8,0.9,0.147,0.1,0.2,2450.0,58.2,1530.0,1.0,True,0.01,0.95,10.0,39600.0,0.938,0.139
8102,1 - 1 - 2022,19800.0,3.6606010435446255,3.1622776601683795,4.216965733794858,0.00208,0.00158489,0.00251189,0.838,0.8,0.9,0.248,0.2,0.3,1840.0,50.4,918.0,1.0,True,0.01,0.95,10.0,39600.0,0.938,0.139
8103,1 - 1 - 2022,19800.0,3.5496478698597698,3.1622776601683795,4.216965733794858,0.00209,0.00158489,0.00251189,0.852,0.8,0.9,0.362,0.3,0.4,3670.0,71.3,2450.0,1.0,True,0.01,0.95,10.0,39600.0,0.938,0.139
8104,1 - 1 - 2022,19800.0,3.5637059362410923,3.1622776601683795,4.216965733794858,0.00216,0.00158489,0.00251189,0.827,0.8,0.9,0.457,0.4,0.5,1220.0,41.2,306.0,1.0,True,0.01,0.95,10.0,39600.0,0.938,0.139
8105,1 - 1 - 2022,19800.0,3.6742346141747673,3.1622776601683795,4.216965733794858,0.00199,0.00158489,0.00251189,0.847,0.8,0.9,0.564,0.5,0.6,3370.0,68.3,2140.0,1.0,True,0.01,0.95,10.0,39600.0,0.938,0.139
8106,1 - 1 - 2022,19800.0,3.5496478698597698,3.1622776601683795,4.216965733794858,0.002,0.00158489,0.00251189,0.86,0.8,0.9,0.651,0.6,0.7,2450.0,58.3,1530.0,1.0,True,0.01,0.95,10.0,39600.0,0.938,0.139
8107,1 - 1 - 2022,19800.0,3.7282703764614498,3.1622776601683795,4.216965733794858,0.00215,0.00158489,0.00251189,0.832,0.8,0.9,0.746,0.7,0.8,1840.0,50.4,1220.0,1.0,True,0.01,0.95,10.0,39600.0,0.938,0.139
8108,1 - 1 - 2022,19800.0,3.646916505762094,3.1622776601683795,4.216965733794858,0.00222,0.00158489,0.00251189,0.827,0.8,0.9,0.873,0.8,0.9,1220.0,41.2,612.0,1.0,True,0.01,0.95,10.0,39600.0,0.938,0.139
8109,1 - 1 - 2022,19800.0,3.4351128074635335,3.1622776601683795,4.216965733794858,0.00216,0.00158489,0.00251189,0.836,0.8,0.9,0.951,0.9,1.0,2140.0,54.5,1840.0,1.0,True,0.01,0.95,10.0,39600.0,0.938,0.139
8110,1 - 1 - 2022,19800.0,3.5071355833500366,3.1622776601683795,4.216965733794858,0.0021,0.00158489,0.00251189,0.846,0.8,0.9,1.15,1.0,1.5,734.0,14.3,428.0,1.0,True,0.01,0.95,10.0,39600.0,0.938,0.139
8111,1 - 1 - 2022,19800.0,3.6193922141707713,3.1622776601683795,4.216965733794858,0.00205,0.00158489,0.00251189,0.918,0.9,1.0,0.364,0.3,0.4,1530.0,46.1,1220.0,1.0,True,0.01,0.95,10.0,39600.0,0.938,0.139
8112,1 - 1 - 2022,19800.0,3.40587727318528,3.1622776601683795,4.216965733794858,0.00212,0.00158489,0.00251189,0.939,0.9,1.0,0.53,0.5,0.6,2750.0,61.8,1840.0,1.0,True,0.01,0.95,10.0,39600.0,0.938,0.139
8113,1 - 1 - 2022,19800.0,3.6742346141747673,3.1622776601683795,4.216965733794858,0.00206,0.00158489,0.00251189,0.949,0.9,1.0,1.23,1.0,1.5,490.0,11.6,428.0,1.0,True,0.01,0.95,10.0,39600.0,0.938,0.139
8114,1 - 1 - 2022,19800.0,3.6606010435446255,3.1622776601683795,4.216965733794858,0.00316,0.00251189,0.00398107,0.0242,0.0,0.05,0.0795,0.05,0.1,598000.0,1450.0,590000.0,1.0,True,0.01,0.95,10.0,39600.0,0.938,0.139
8115,1 - 1 - 2022,19800.0,3.646916505762094,3.1622776601683795,4.216965733794858,0.00317,0.00251189,0.00398107,0.0197,0.0,0.05,0.156,0.1,0.2,1330000.0,1530.0,1070000.0,1.0,True,0.01,0.95,10.0,39600.0,0.938,0.139
8116,1 - 1 - 2022,19800.0,3.63318042491699,3.1622776601683795,4.216965733794858,0.00316,0.00251189,0.00398107,0.018,0.0,0.05,0.251,0.2,0.3,1930000.0,1840.0,1230000.0,1.0,True,0.01,0.95,10.0,39600.0,0.938,0.139
8117,1 - 1 - 2022,19800.0,3.646916505762094,3.1622776601683795,4.216965733794858,0.00316,0.00251189,0.00398107,0.0176,0.0,0.05,0.349,0.3,0.4,1940000.0,1840.0,1050000.0,1.0,True,0.01,0.95,10.0,39600.0,0.938,0.139
8118,1 - 1 - 2022,19800.0,3.646916505762094,3.1622776601683795,4.216965733794858,0.00316,0.00251189,0.00398107,0.0175,0.0,0.05,0.447,0.4,0.5,1700000.0,1730.0,806000.0,1.0,True,0.01,0.95,10.0,39600.0,0.938,0.139
8119,1 - 1 - 2022,19800.0,3.63318042491699,3.1622776601683795,4.216965733794858,0.00316,0.00251189,0.00398107,0.0175,0.0,0.05,0.547,0.5,0.6,1300000.0,1510.0,514000.0,1.0,True,0.01,0.95,10.0,39600.0,0.938,0.139
8120,1 - 1 - 2022,19800.0,3.646916505762094,3.1622776601683795,4.216965733794858,0.00316,0.00251189,0.00398107,0.0179,0.0,0.05,0.647,0.6,0.7,956000.0,1290.0,296000.0,1.0,True,0.01,0.95,10.0,39600.0,0.938,0.139
8121,1 - 1 - 2022,19800.0,3.63318042491699,3.1622776601683795,4.216965733794858,0.00318,0.00251189,0.00398107,0.0189,0.0,0.05,0.747,0.7,0.8,627000.0,1050.0,159000.0,1.0,True,0.01,0.95,10.0,39600.0,0.938,0.139
8122,1 - 1 - 2022,19800.0,3.646916505762094,3.1622776601683795,4.216965733794858,0.00318,0.00251189,0.00398107,0.0193,0.0,0.05,0.847,0.8,0.9,417000.0,854.0,79200.0,1.0,True,0.01,0.95,10.0,39600.0,0.938,0.139
8123,1 - 1 - 2022,19800.0,3.646916505762094,3.1622776601683795,4.216965733794858,0.00317,0.00251189,0.00398107,0.0204,0.0,0.05,0.947,0.9,1.0,249000.0,660.0,30900.0,1.0,True,0.01,0.95,10.0,39600.0,0.938,0.139
8124,1 - 1 - 2022,19800.0,3.63318042491699,3.1622776601683795,4.216965733794858,0.00314,0.00251189,0.00398107,0.0215,0.0,0.05,1.16,1.0,1.5,69600.0,156.0,7880.0,1.0,True,0.01,0.95,10.0,39600.0,0.938,0.139
8125,1 - 1 - 2022,19800.0,3.646916505762094,3.1622776601683795,4.216965733794858,0.00315,0.00251189,0.00398107,0.0272,0.0,0.05,1.67,1.5,2.0,10200.0,59.7,386.0,1.0,True,0.01,0.95,10.0,39600.0,0.938,0.139
8126,1 - 1 - 2022,19800.0,3.63318042491699,3.1622776601683795,4.216965733794858,0.00312,0.00251189,0.00398107,0.0301,0.0,0.05,2.47,2.0,4.0,579.0,7.12,38.6,1.0,True,0.01,0.95,10.0,39600.0,0.938,0.139
8127,1 - 1 - 2022,19800.0,3.63318042491699,3.1622776601683795,4.216965733794858,0.00319,0.00251189,0.00398107,0.0731,0.05,0.1,0.154,0.1,0.2,531000.0,963.0,509000.0,1.0,True,0.01,0.95,10.0,39600.0,0.938,0.139
8128,1 - 1 - 2022,19800.0,3.63318042491699,3.1622776601683795,4.216965733794858,0.00319,0.00251189,0.00398107,0.0725,0.05,0.1,0.25,0.2,0.3,683000.0,1090.0,543000.0,1.0,True,0.01,0.95,10.0,39600.0,0.938,0.139
8129,1 - 1 - 2022,19800.0,3.63318042491699,3.1622776601683795,4.216965733794858,0.00317,0.00251189,0.00398107,0.073,0.05,0.1,0.349,0.3,0.4,672000.0,1080.0,423000.0,1.0,True,0.01,0.95,10.0,39600.0,0.938,0.139
8130,1 - 1 - 2022,19800.0,3.63318042491699,3.1622776601683795,4.216965733794858,0.0032,0.00251189,0.00398107,0.073,0.05,0.1,0.447,0.4,0.5,563000.0,992.0,343000.0,1.0,True,0.01,0.95,10.0,39600.0,0.938,0.139
8131,1 - 1 - 2022,19800.0,3.63318042491699,3.1622776601683795,4.216965733794858,0.00318,0.00251189,0.00398107,0.0733,0.05,0.1,0.547,0.5,0.6,455000.0,892.0,214000.0,1.0,True,0.01,0.95,10.0,39600.0,0.938,0.139
8132,1 - 1 - 2022,19800.0,3.63318042491699,3.1622776601683795,4.216965733794858,0.00317,0.00251189,0.00398107,0.073,0.05,0.1,0.647,0.6,0.7,348000.0,780.0,129000.0,1.0,True,0.01,0.95,10.0,39600.0,0.938,0.139
8133,1 - 1 - 2022,19800.0,3.63318042491699,3.1622776601683795,4.216965733794858,0.00318,0.00251189,0.00398107,0.073,0.05,0.1,0.749,0.7,0.8,243000.0,652.0,52900.0,1.0,True,0.01,0.95,10.0,39600.0,0.938,0.139
8134,1 - 1 - 2022,19800.0,3.646916505762094,3.1622776601683795,4.216965733794858,0.00318,0.00251189,0.00398107,0.0735,0.05,0.1,0.848,0.8,0.9,163000.0,533.0,29700.0,1.0,True,0.01,0.95,10.0,39600.0,0.938,0.139
8135,1 - 1 - 2022,19800.0,3.646916505762094,3.1622776601683795,4.216965733794858,0.00315,0.00251189,0.00398107,0.0742,0.05,0.1,0.946,0.9,1.0,109000.0,437.0,12700.0,1.0,True,0.01,0.95,10.0,39600.0,0.938,0.139
8136,1 - 1 - 2022,19800.0,3.6742346141747673,3.1622776601683795,4.216965733794858,0.00316,0.00251189,0.00398107,0.0733,0.05,0.1,1.19,1.0,1.5,42500.0,122.0,927.0,1.0,True,0.01,0.95,10.0,39600.0,0.938,0.139
8137,1 - 1 - 2022,19800.0,3.6606010435446255,3.1622776601683795,4.216965733794858,0.00315,0.00251189,0.00398107,0.0747,0.05,0.1,1.73,1.5,2.0,9270.0,56.9,0.0,1.0,True,0.01,0.95,10.0,39600.0,0.938,0.139
8138,1 - 1 - 2022,19800.0,3.6742346141747673,3.1622776601683795,4.216965733794858,0.00318,0.00251189,0.00398107,0.0748,0.05,0.1,2.46,2.0,4.0,1160.0,10.1,19.3,1.0,True,0.01,0.95,10.0,39600.0,0.938,0.139
8139,1 - 1 - 2022,19800.0,3.605551275463989,3.1622776601683795,4.216965733794858,0.00316,0.00251189,0.00398107,0.121,0.1,0.15,0.032,0.0,0.05,76400.0,517.0,54800.0,1.0,True,0.01,0.95,10.0,39600.0,0.938,0.139
8140,1 - 1 - 2022,19800.0,3.6193922141707713,3.1622776601683795,4.216965733794858,0.00318,0.00251189,0.00398107,0.124,0.1,0.15,0.0789,0.05,0.1,210000.0,857.0,140000.0,1.0,True,0.01,0.95,10.0,39600.0,0.938,0.139
8141,1 - 1 - 2022,19800.0,3.6193922141707713,3.1622776601683795,4.216965733794858,0.00319,0.00251189,0.00398107,0.123,0.1,0.15,0.154,0.1,0.2,344000.0,776.0,201000.0,1.0,True,0.01,0.95,10.0,39600.0,0.938,0.139
8142,1 - 1 - 2022,19800.0,3.63318042491699,3.1622776601683795,4.216965733794858,0.00318,0.00251189,0.00398107,0.123,0.1,0.15,0.251,0.2,0.3,445000.0,882.0,244000.0,1.0,True,0.01,0.95,10.0,39600.0,0.938,0.139
8143,1 - 1 - 2022,19800.0,3.6193922141707713,3.1622776601683795,4.216965733794858,0.00318,0.00251189,0.00398107,0.123,0.1,0.15,0.35,0.3,0.4,450000.0,887.0,261000.0,1.0,True,0.01,0.95,10.0,39600.0,0.938,0.139
8144,1 - 1 - 2022,19800.0,3.6193922141707713,3.1622776601683795,4.216965733794858,0.0032,0.00251189,0.00398107,0.123,0.1,0.15,0.449,0.4,0.5,401000.0,838.0,193000.0,1.0,True,0.01,0.95,10.0,39600.0,0.938,0.139
8145,1 - 1 - 2022,19800.0,3.646916505762094,3.1622776601683795,4.216965733794858,0.00318,0.00251189,0.00398107,0.123,0.1,0.15,0.548,0.5,0.6,326000.0,755.0,137000.0,1.0,True,0.01,0.95,10.0,39600.0,0.938,0.139
8146,1 - 1 - 2022,19800.0,3.6193922141707713,3.1622776601683795,4.216965733794858,0.00318,0.00251189,0.00398107,0.124,0.1,0.15,0.648,0.6,0.7,220000.0,621.0,68700.0,1.0,True,0.01,0.95,10.0,39600.0,0.938,0.139
8147,1 - 1 - 2022,19800.0,3.63318042491699,3.1622776601683795,4.216965733794858,0.00319,0.00251189,0.00398107,0.124,0.1,0.15,0.745,0.7,0.8,171000.0,548.0,41700.0,1.0,True,0.01,0.95,10.0,39600.0,0.938,0.139
8148,1 - 1 - 2022,19800.0,3.6193922141707713,3.1622776601683795,4.216965733794858,0.00314,0.00251189,0.00398107,0.124,0.1,0.15,0.847,0.8,0.9,116000.0,451.0,15400.0,1.0,True,0.01,0.95,10.0,39600.0,0.938,0.139
8149,1 - 1 - 2022,19800.0,3.6742346141747673,3.1622776601683795,4.216965733794858,0.00317,0.00251189,0.00398107,0.126,0.1,0.15,0.95,0.9,1.0,78800.0,371.0,8880.0,1.0,True,0.01,0.95,10.0,39600.0,0.938,0.139
8150,1 - 1 - 2022,19800.0,3.6606010435446255,3.1622776601683795,4.216965733794858,0.00319,0.00251189,0.00398107,0.125,0.1,0.15,1.18,1.0,1.5,30200.0,103.0,1700.0,1.0,True,0.01,0.95,10.0,39600.0,0.938,0.139
8151,1 - 1 - 2022,19800.0,3.646916505762094,3.1622776601683795,4.216965733794858,0.00316,0.00251189,0.00398107,0.128,0.1,0.15,1.73,1.5,2.0,9420.0,57.4,0.0,1.0,True,0.01,0.95,10.0,39600.0,0.938,0.139
8152,1 - 1 - 2022,19800.0,3.63318042491699,3.1622776601683795,4.216965733794858,0.0031,0.00251189,0.00398107,0.126,0.1,0.15,2.66,2.0,4.0,1270.0,10.6,57.9,1.0,True,0.01,0.95,10.0,39600.0,0.938,0.139
8153,1 - 1 - 2022,19800.0,3.7013511046643495,3.1622776601683795,4.216965733794858,0.00323,0.00251189,0.00398107,0.174,0.15,0.2,0.0312,0.0,0.05,37800.0,364.0,17000.0,1.0,True,0.01,0.95,10.0,39600.0,0.938,0.139
8154,1 - 1 - 2022,19800.0,3.591656999213594,3.1622776601683795,4.216965733794858,0.00318,0.00251189,0.00398107,0.173,0.15,0.2,0.08,0.05,0.1,142000.0,705.0,52500.0,1.0,True,0.01,0.95,10.0,39600.0,0.938,0.139
8155,1 - 1 - 2022,19800.0,3.63318042491699,3.1622776601683795,4.216965733794858,0.00315,0.00251189,0.00398107,0.173,0.15,0.2,0.154,0.1,0.2,237000.0,643.0,109000.0,1.0,True,0.01,0.95,10.0,39600.0,0.938,0.139
8156,1 - 1 - 2022,19800.0,3.63318042491699,3.1622776601683795,4.216965733794858,0.00319,0.00251189,0.00398107,0.174,0.15,0.2,0.251,0.2,0.3,305000.0,730.0,139000.0,1.0,True,0.01,0.95,10.0,39600.0,0.938,0.139
8157,1 - 1 - 2022,19800.0,3.63318042491699,3.1622776601683795,4.216965733794858,0.0032,0.00251189,0.00398107,0.173,0.15,0.2,0.349,0.3,0.4,306000.0,731.0,124000.0,1.0,True,0.01,0.95,10.0,39600.0,0.938,0.139
8158,1 - 1 - 2022,19800.0,3.6193922141707713,3.1622776601683795,4.216965733794858,0.00317,0.00251189,0.00398107,0.174,0.15,0.2,0.449,0.4,0.5,267000.0,684.0,93100.0,1.0,True,0.01,0.95,10.0,39600.0,0.938,0.139
8159,1 - 1 - 2022,19800.0,3.63318042491699,3.1622776601683795,4.216965733794858,0.00318,0.00251189,0.00398107,0.173,0.15,0.2,0.55,0.5,0.6,218000.0,618.0,81100.0,1.0,True,0.01,0.95,10.0,39600.0,0.938,0.139
8160,1 - 1 - 2022,19800.0,3.63318042491699,3.1622776601683795,4.216965733794858,0.00315,0.00251189,0.00398107,0.174,0.15,0.2,0.649,0.6,0.7,171000.0,547.0,55600.0,1.0,True,0.01,0.95,10.0,39600.0,0.938,0.139
8161,1 - 1 - 2022,19800.0,3.646916505762094,3.1622776601683795,4.216965733794858,0.00318,0.00251189,0.00398107,0.176,0.15,0.2,0.746,0.7,0.8,135000.0,485.0,35100.0,1.0,True,0.01,0.95,10.0,39600.0,0.938,0.139
8162,1 - 1 - 2022,19800.0,3.63318042491699,3.1622776601683795,4.216965733794858,0.00319,0.00251189,0.00398107,0.173,0.15,0.2,0.845,0.8,0.9,100000.0,419.0,21600.0,1.0,True,0.01,0.95,10.0,39600.0,0.938,0.139
8163,1 - 1 - 2022,19800.0,3.6606010435446255,3.1622776601683795,4.216965733794858,0.00316,0.00251189,0.00398107,0.175,0.15,0.2,0.946,0.9,1.0,62900.0,332.0,11600.0,1.0,True,0.01,0.95,10.0,39600.0,0.938,0.139
8164,1 - 1 - 2022,19800.0,3.646916505762094,3.1622776601683795,4.216965733794858,0.00319,0.00251189,0.00398107,0.175,0.15,0.2,1.2,1.0,1.5,25900.0,95.1,1700.0,1.0,True,0.01,0.95,10.0,39600.0,0.938,0.139
8165,1 - 1 - 2022,19800.0,3.687817782917155,3.1622776601683795,4.216965733794858,0.00315,0.00251189,0.00398107,0.172,0.15,0.2,1.71,1.5,2.0,6250.0,46.8,0.0,1.0,True,0.01,0.95,10.0,39600.0,0.938,0.139
8166,1 - 1 - 2022,19800.0,3.6742346141747673,3.1622776601683795,4.216965733794858,0.00314,0.00251189,0.00398107,0.172,0.15,0.2,2.53,2.0,4.0,1410.0,11.1,212.0,1.0,True,0.01,0.95,10.0,39600.0,0.938,0.139
8167,1 - 1 - 2022,19800.0,3.5355339059327378,3.1622776601683795,4.216965733794858,0.00313,0.00251189,0.00398107,0.225,0.2,0.25,0.0344,0.0,0.05,29300.0,320.0,9270.0,1.0,True,0.01,0.95,10.0,39600.0,0.938,0.139
8168,1 - 1 - 2022,19800.0,3.63318042491699,3.1622776601683795,4.216965733794858,0.00317,0.00251189,0.00398107,0.224,0.2,0.25,0.0774,0.05,0.1,88800.0,557.0,27000.0,1.0,True,0.01,0.95,10.0,39600.0,0.938,0.139
8169,1 - 1 - 2022,19800.0,3.63318042491699,3.1622776601683795,4.216965733794858,0.00316,0.00251189,0.00398107,0.225,0.2,0.25,0.153,0.1,0.2,117000.0,452.0,40200.0,1.0,True,0.01,0.95,10.0,39600.0,0.938,0.139
8170,1 - 1 - 2022,19800.0,3.6193922141707713,3.1622776601683795,4.216965733794858,0.00318,0.00251189,0.00398107,0.224,0.2,0.25,0.252,0.2,0.3,187000.0,572.0,69900.0,1.0,True,0.01,0.95,10.0,39600.0,0.938,0.139
8171,1 - 1 - 2022,19800.0,3.605551275463989,3.1622776601683795,4.216965733794858,0.00319,0.00251189,0.00398107,0.223,0.2,0.25,0.35,0.3,0.4,211000.0,607.0,67600.0,1.0,True,0.01,0.95,10.0,39600.0,0.938,0.139
8172,1 - 1 - 2022,19800.0,3.63318042491699,3.1622776601683795,4.216965733794858,0.00319,0.00251189,0.00398107,0.223,0.2,0.25,0.45,0.4,0.5,183000.0,565.0,63300.0,1.0,True,0.01,0.95,10.0,39600.0,0.938,0.139
8173,1 - 1 - 2022,19800.0,3.63318042491699,3.1622776601683795,4.216965733794858,0.00317,0.00251189,0.00398107,0.222,0.2,0.25,0.55,0.5,0.6,168000.0,541.0,57100.0,1.0,True,0.01,0.95,10.0,39600.0,0.938,0.139
8174,1 - 1 - 2022,19800.0,3.63318042491699,3.1622776601683795,4.216965733794858,0.00318,0.00251189,0.00398107,0.224,0.2,0.25,0.647,0.6,0.7,138000.0,491.0,44400.0,1.0,True,0.01,0.95,10.0,39600.0,0.938,0.139
8175,1 - 1 - 2022,19800.0,3.646916505762094,3.1622776601683795,4.216965733794858,0.00316,0.00251189,0.00398107,0.224,0.2,0.25,0.743,0.7,0.8,95800.0,409.0,24300.0,1.0,True,0.01,0.95,10.0,39600.0,0.938,0.139
8176,1 - 1 - 2022,19800.0,3.63318042491699,3.1622776601683795,4.216965733794858,0.00318,0.00251189,0.00398107,0.223,0.2,0.25,0.851,0.8,0.9,66400.0,341.0,18900.0,1.0,True,0.01,0.95,10.0,39600.0,0.938,0.139
8177,1 - 1 - 2022,19800.0,3.6193922141707713,3.1622776601683795,4.216965733794858,0.00321,0.00251189,0.00398107,0.225,0.2,0.25,0.947,0.9,1.0,54400.0,309.0,12000.0,1.0,True,0.01,0.95,10.0,39600.0,0.938,0.139
8178,1 - 1 - 2022,19800.0,3.687817782917155,3.1622776601683795,4.216965733794858,0.00319,0.00251189,0.00398107,0.224,0.2,0.25,1.2,1.0,1.5,18100.0,79.7,2080.0,1.0,True,0.01,0.95,10.0,39600.0,0.938,0.139
8179,1 - 1 - 2022,19800.0,3.6193922141707713,3.1622776601683795,4.216965733794858,0.00329,0.00251189,0.00398107,0.225,0.2,0.25,1.71,1.5,2.0,4940.0,41.6,0.0,1.0,True,0.01,0.95,10.0,39600.0,0.938,0.139
8180,1 - 1 - 2022,19800.0,3.63318042491699,3.1622776601683795,4.216965733794858,0.00315,0.00251189,0.00398107,0.226,0.2,0.25,2.61,2.0,4.0,1040.0,9.55,212.0,1.0,True,0.01,0.95,10.0,39600.0,0.938,0.139
8181,1 - 1 - 2022,19800.0,3.6193922141707713,3.1622776601683795,4.216965733794858,0.00317,0.00251189,0.00398107,0.277,0.25,0.3,0.0357,0.0,0.05,19300.0,260.0,1540.0,1.0,True,0.01,0.95,10.0,39600.0,0.938,0.139
8182,1 - 1 - 2022,19800.0,3.6742346141747673,3.1622776601683795,4.216965733794858,0.00311,0.00251189,0.00398107,0.274,0.25,0.3,0.0785,0.05,0.1,51700.0,425.0,7720.0,1.0,True,0.01,0.95,10.0,39600.0,0.938,0.139
8183,1 - 1 - 2022,19800.0,3.605551275463989,3.1622776601683795,4.216965733794858,0.00316,0.00251189,0.00398107,0.273,0.25,0.3,0.156,0.1,0.2,84200.0,384.0,14300.0,1.0,True,0.01,0.95,10.0,39600.0,0.938,0.139
8184,1 - 1 - 2022,19800.0,3.605551275463989,3.1622776601683795,4.216965733794858,0.0032,0.00251189,0.00398107,0.273,0.25,0.3,0.249,0.2,0.3,125000.0,468.0,30100.0,1.0,True,0.01,0.95,10.0,39600.0,0.938,0.139
8185,1 - 1 - 2022,19800.0,3.6193922141707713,3.1622776601683795,4.216965733794858,0.00319,0.00251189,0.00398107,0.273,0.25,0.3,0.351,0.3,0.4,149000.0,510.0,49400.0,1.0,True,0.01,0.95,10.0,39600.0,0.938,0.139
8186,1 - 1 - 2022,19800.0,3.6193922141707713,3.1622776601683795,4.216965733794858,0.00318,0.00251189,0.00398107,0.274,0.25,0.3,0.451,0.4,0.5,133000.0,482.0,39400.0,1.0,True,0.01,0.95,10.0,39600.0,0.938,0.139
8187,1 - 1 - 2022,19800.0,3.63318042491699,3.1622776601683795,4.216965733794858,0.00316,0.00251189,0.00398107,0.274,0.25,0.3,0.549,0.5,0.6,117000.0,453.0,36700.0,1.0,True,0.01,0.95,10.0,39600.0,0.938,0.139
8188,1 - 1 - 2022,19800.0,3.63318042491699,3.1622776601683795,4.216965733794858,0.00318,0.00251189,0.00398107,0.272,0.25,0.3,0.648,0.6,0.7,102000.0,422.0,30100.0,1.0,True,0.01,0.95,10.0,39600.0,0.938,0.139
8189,1 - 1 - 2022,19800.0,3.6742346141747673,3.1622776601683795,4.216965733794858,0.00316,0.00251189,0.00398107,0.273,0.25,0.3,0.746,0.7,0.8,66000.0,340.0,18500.0,1.0,True,0.01,0.95,10.0,39600.0,0.938,0.139
8190,1 - 1 - 2022,19800.0,3.646916505762094,3.1622776601683795,4.216965733794858,0.00317,0.00251189,0.00398107,0.273,0.25,0.3,0.848,0.8,0.9,66800.0,342.0,20800.0,1.0,True,0.01,0.95,10.0,39600.0,0.938,0.139
8191,1 - 1 - 2022,19800.0,3.6606010435446255,3.1622776601683795,4.216965733794858,0.00322,0.00251189,0.00398107,0.274,0.25,0.3,0.946,0.9,1.0,34400.0,245.0,8490.0,1.0,True,0.01,0.95,10.0,39600.0,0.938,0.139
8192,1 - 1 - 2022,19800.0,3.6606010435446255,3.1622776601683795,4.216965733794858,0.00318,0.00251189,0.00398107,0.273,0.25,0.3,1.19,1.0,1.5,15800.0,74.2,3860.0,1.0,True,0.01,0.95,10.0,39600.0,0.938,0.139
8193,1 - 1 - 2022,19800.0,3.6193922141707713,3.1622776601683795,4.216965733794858,0.00315,0.00251189,0.00398107,0.275,0.25,0.3,1.71,1.5,2.0,4630.0,40.3,232.0,1.0,True,0.01,0.95,10.0,39600.0,0.938,0.139
8194,1 - 1 - 2022,19800.0,3.6606010435446255,3.1622776601683795,4.216965733794858,0.00327,0.00251189,0.00398107,0.278,0.25,0.3,2.62,2.0,4.0,792.0,8.32,154.0,1.0,True,0.01,0.95,10.0,39600.0,0.938,0.139
8195,1 - 1 - 2022,19800.0,3.605551275463989,3.1622776601683795,4.216965733794858,0.00298,0.00251189,0.00398107,0.344,0.3,0.4,0.0321,0.0,0.05,12400.0,147.0,386.0,1.0,True,0.01,0.95,10.0,39600.0,0.938,0.139
8196,1 - 1 - 2022,19800.0,3.646916505762094,3.1622776601683795,4.216965733794858,0.00325,0.00251189,0.00398107,0.344,0.3,0.4,0.0766,0.05,0.1,19700.0,186.0,772.0,1.0,True,0.01,0.95,10.0,39600.0,0.938,0.139
8197,1 - 1 - 2022,19800.0,3.605551275463989,3.1622776601683795,4.216965733794858,0.0032,0.00251189,0.00398107,0.344,0.3,0.4,0.155,0.1,0.2,45900.0,200.0,2320.0,1.0,True,0.01,0.95,10.0,39600.0,0.938,0.139
8198,1 - 1 - 2022,19800.0,3.6193922141707713,3.1622776601683795,4.216965733794858,0.00318,0.00251189,0.00398107,0.342,0.3,0.4,0.251,0.2,0.3,63900.0,236.0,6180.0,1.0,True,0.01,0.95,10.0,39600.0,0.938,0.139
8199,1 - 1 - 2022,19800.0,3.63318042491699,3.1622776601683795,4.216965733794858,0.00319,0.00251189,0.00398107,0.346,0.3,0.4,0.35,0.3,0.4,82000.0,268.0,11800.0,1.0,True,0.01,0.95,10.0,39600.0,0.938,0.139
8200,1 - 1 - 2022,19800.0,3.6193922141707713,3.1622776601683795,4.216965733794858,0.00316,0.00251189,0.00398107,0.343,0.3,0.4,0.447,0.4,0.5,72400.0,252.0,16800.0,1.0,True,0.01,0.95,10.0,39600.0,0.938,0.139
8201,1 - 1 - 2022,19800.0,3.63318042491699,3.1622776601683795,4.216965733794858,0.00318,0.00251189,0.00398107,0.344,0.3,0.4,0.55,0.5,0.6,65600.0,240.0,14300.0,1.0,True,0.01,0.95,10.0,39600.0,0.938,0.139
8202,1 - 1 - 2022,19800.0,3.6606010435446255,3.1622776601683795,4.216965733794858,0.00316,0.00251189,0.00398107,0.344,0.3,0.4,0.65,0.6,0.7,55800.0,221.0,10000.0,1.0,True,0.01,0.95,10.0,39600.0,0.938,0.139
8203,1 - 1 - 2022,19800.0,3.63318042491699,3.1622776601683795,4.216965733794858,0.00316,0.00251189,0.00398107,0.343,0.3,0.4,0.745,0.7,0.8,48500.0,206.0,10200.0,1.0,True,0.01,0.95,10.0,39600.0,0.938,0.139
8204,1 - 1 - 2022,19800.0,3.63318042491699,3.1622776601683795,4.216965733794858,0.00314,0.00251189,0.00398107,0.348,0.3,0.4,0.848,0.8,0.9,33000.0,170.0,5790.0,1.0,True,0.01,0.95,10.0,39600.0,0.938,0.139
8205,1 - 1 - 2022,19800.0,3.63318042491699,3.1622776601683795,4.216965733794858,0.00314,0.00251189,0.00398107,0.346,0.3,0.4,0.949,0.9,1.0,27800.0,156.0,4830.0,1.0,True,0.01,0.95,10.0,39600.0,0.938,0.139
8206,1 - 1 - 2022,19800.0,3.646916505762094,3.1622776601683795,4.216965733794858,0.00321,0.00251189,0.00398107,0.346,0.3,0.4,1.18,1.0,1.5,9810.0,41.4,1850.0,1.0,True,0.01,0.95,10.0,39600.0,0.938,0.139
8207,1 - 1 - 2022,19800.0,3.6742346141747673,3.1622776601683795,4.216965733794858,0.00311,0.00251189,0.00398107,0.353,0.3,0.4,1.71,1.5,2.0,3510.0,24.8,309.0,1.0,True,0.01,0.95,10.0,39600.0,0.938,0.139
8208,1 - 1 - 2022,19800.0,3.6606010435446255,3.1622776601683795,4.216965733794858,0.00314,0.00251189,0.00398107,0.35,0.3,0.4,2.68,2.0,4.0,627.0,5.24,67.6,1.0,True,0.01,0.95,10.0,39600.0,0.938,0.139
8209,1 - 1 - 2022,19800.0,3.4641016151377544,3.1622776601683795,4.216965733794858,0.00324,0.00251189,0.00398107,0.443,0.4,0.5,0.0375,0.0,0.05,4250.0,86.2,0.0,1.0,True,0.01,0.95,10.0,39600.0,0.938,0.139
8210,1 - 1 - 2022,19800.0,3.63318042491699,3.1622776601683795,4.216965733794858,0.0033,0.00251189,0.00398107,0.449,0.4,0.5,0.0815,0.05,0.1,10400.0,135.0,0.0,1.0,True,0.01,0.95,10.0,39600.0,0.938,0.139
8211,1 - 1 - 2022,19800.0,3.6193922141707713,3.1622776601683795,4.216965733794858,0.00321,0.00251189,0.00398107,0.441,0.4,0.5,0.158,0.1,0.2,25300.0,149.0,0.0,1.0,True,0.01,0.95,10.0,39600.0,0.938,0.139
8212,1 - 1 - 2022,19800.0,3.605551275463989,3.1622776601683795,4.216965733794858,0.00318,0.00251189,0.00398107,0.445,0.4,0.5,0.252,0.2,0.3,34600.0,174.0,0.0,1.0,True,0.01,0.95,10.0,39600.0,0.938,0.139
8213,1 - 1 - 2022,19800.0,3.6193922141707713,3.1622776601683795,4.216965733794858,0.00318,0.00251189,0.00398107,0.442,0.4,0.5,0.35,0.3,0.4,35700.0,177.0,193.0,1.0,True,0.01,0.95,10.0,39600.0,0.938,0.139
8214,1 - 1 - 2022,19800.0,3.6193922141707713,3.1622776601683795,4.216965733794858,0.00321,0.00251189,0.00398107,0.445,0.4,0.5,0.451,0.4,0.5,40200.0,187.0,1350.0,1.0,True,0.01,0.95,10.0,39600.0,0.938,0.139
8215,1 - 1 - 2022,19800.0,3.63318042491699,3.1622776601683795,4.216965733794858,0.00317,0.00251189,0.00398107,0.443,0.4,0.5,0.55,0.5,0.6,36900.0,180.0,2320.0,1.0,True,0.01,0.95,10.0,39600.0,0.938,0.139
8216,1 - 1 - 2022,19800.0,3.5777087639996634,3.1622776601683795,4.216965733794858,0.00319,0.00251189,0.00398107,0.444,0.4,0.5,0.649,0.6,0.7,35900.0,177.0,4050.0,1.0,True,0.01,0.95,10.0,39600.0,0.938,0.139
8217,1 - 1 - 2022,19800.0,3.6742346141747673,3.1622776601683795,4.216965733794858,0.0032,0.00251189,0.00398107,0.441,0.4,0.5,0.748,0.7,0.8,23400.0,143.0,1540.0,1.0,True,0.01,0.95,10.0,39600.0,0.938,0.139
8218,1 - 1 - 2022,19800.0,3.6193922141707713,3.1622776601683795,4.216965733794858,0.00323,0.00251189,0.00398107,0.443,0.4,0.5,0.848,0.8,0.9,18100.0,126.0,2510.0,1.0,True,0.01,0.95,10.0,39600.0,0.938,0.139
8219,1 - 1 - 2022,19800.0,3.605551275463989,3.1622776601683795,4.216965733794858,0.00315,0.00251189,0.00398107,0.45,0.4,0.5,0.944,0.9,1.0,13500.0,109.0,965.0,1.0,True,0.01,0.95,10.0,39600.0,0.938,0.139
8220,1 - 1 - 2022,19800.0,3.6193922141707713,3.1622776601683795,4.216965733794858,0.00326,0.00251189,0.00398107,0.445,0.4,0.5,1.19,1.0,1.5,6760.0,34.4,734.0,1.0,True,0.01,0.95,10.0,39600.0,0.938,0.139
8221,1 - 1 - 2022,19800.0,3.6742346141747673,3.1622776601683795,4.216965733794858,0.00324,0.00251189,0.00398107,0.446,0.4,0.5,1.69,1.5,2.0,1700.0,17.2,116.0,1.0,True,0.01,0.95,10.0,39600.0,0.938,0.139
8222,1 - 1 - 2022,19800.0,3.605551275463989,3.1622776601683795,4.216965733794858,0.0031,0.00251189,0.00398107,0.451,0.4,0.5,2.7,2.0,4.0,376.0,4.06,96.5,1.0,True,0.01,0.95,10.0,39600.0,0.938,0.139
8223,1 - 1 - 2022,19800.0,3.6606010435446255,3.1622776601683795,4.216965733794858,0.00329,0.00251189,0.00398107,0.552,0.5,0.6,0.0408,0.0,0.05,3090.0,73.5,0.0,1.0,True,0.01,0.95,10.0,39600.0,0.938,0.139
8224,1 - 1 - 2022,19800.0,3.6606010435446255,3.1622776601683795,4.216965733794858,0.00333,0.00251189,0.00398107,0.535,0.5,0.6,0.0736,0.05,0.1,9650.0,130.0,0.0,1.0,True,0.01,0.95,10.0,39600.0,0.938,0.139
8225,1 - 1 - 2022,19800.0,3.605551275463989,3.1622776601683795,4.216965733794858,0.00319,0.00251189,0.00398107,0.549,0.5,0.6,0.158,0.1,0.2,14700.0,113.0,0.0,1.0,True,0.01,0.95,10.0,39600.0,0.938,0.139
8226,1 - 1 - 2022,19800.0,3.63318042491699,3.1622776601683795,4.216965733794858,0.00317,0.00251189,0.00398107,0.544,0.5,0.6,0.254,0.2,0.3,20500.0,134.0,193.0,1.0,True,0.01,0.95,10.0,39600.0,0.938,0.139
8227,1 - 1 - 2022,19800.0,3.646916505762094,3.1622776601683795,4.216965733794858,0.00316,0.00251189,0.00398107,0.547,0.5,0.6,0.347,0.3,0.4,20500.0,134.0,0.0,1.0,True,0.01,0.95,10.0,39600.0,0.938,0.139
8228,1 - 1 - 2022,19800.0,3.5496478698597698,3.1622776601683795,4.216965733794858,0.00317,0.00251189,0.00398107,0.546,0.5,0.6,0.447,0.4,0.5,20700.0,134.0,0.0,1.0,True,0.01,0.95,10.0,39600.0,0.938,0.139
8229,1 - 1 - 2022,19800.0,3.591656999213594,3.1622776601683795,4.216965733794858,0.00316,0.00251189,0.00398107,0.543,0.5,0.6,0.544,0.5,0.6,16600.0,120.0,0.0,1.0,True,0.01,0.95,10.0,39600.0,0.938,0.139
8230,1 - 1 - 2022,19800.0,3.6606010435446255,3.1622776601683795,4.216965733794858,0.00314,0.00251189,0.00398107,0.543,0.5,0.6,0.642,0.6,0.7,19100.0,129.0,0.0,1.0,True,0.01,0.95,10.0,39600.0,0.938,0.139
8231,1 - 1 - 2022,19800.0,3.6193922141707713,3.1622776601683795,4.216965733794858,0.00326,0.00251189,0.00398107,0.54,0.5,0.6,0.746,0.7,0.8,12700.0,106.0,579.0,1.0,True,0.01,0.95,10.0,39600.0,0.938,0.139
8232,1 - 1 - 2022,19800.0,3.5777087639996634,3.1622776601683795,4.216965733794858,0.0031,0.00251189,0.00398107,0.541,0.5,0.6,0.839,0.8,0.9,10600.0,96.4,386.0,1.0,True,0.01,0.95,10.0,39600.0,0.938,0.139
8233,1 - 1 - 2022,19800.0,3.591656999213594,3.1622776601683795,4.216965733794858,0.00311,0.00251189,0.00398107,0.545,0.5,0.6,0.943,0.9,1.0,6950.0,78.0,0.0,1.0,True,0.01,0.95,10.0,39600.0,0.938,0.139
8234,1 - 1 - 2022,19800.0,3.6193922141707713,3.1622776601683795,4.216965733794858,0.00319,0.00251189,0.00398107,0.543,0.5,0.6,1.16,1.0,1.5,3360.0,24.2,116.0,1.0,True,0.01,0.95,10.0,39600.0,0.938,0.139
8235,1 - 1 - 2022,19800.0,3.6742346141747673,3.1622776601683795,4.216965733794858,0.00326,0.00251189,0.00398107,0.548,0.5,0.6,1.68,1.5,2.0,656.0,10.7,38.6,1.0,True,0.01,0.95,10.0,39600.0,0.938,0.139
8236,1 - 1 - 2022,19800.0,3.646916505762094,3.1622776601683795,4.216965733794858,0.0031,0.00251189,0.00398107,0.545,0.5,0.6,2.58,2.0,4.0,212.0,3.05,67.6,1.0,True,0.01,0.95,10.0,39600.0,0.938,0.139
8237,1 - 1 - 2022,19800.0,3.5071355833500366,3.1622776601683795,4.216965733794858,0.00315,0.00251189,0.00398107,0.657,0.6,0.7,0.0402,0.0,0.05,386.0,26.0,0.0,1.0,True,0.01,0.95,10.0,39600.0,0.938,0.139
8238,1 - 1 - 2022,19800.0,3.5777087639996634,3.1622776601683795,4.216965733794858,0.00319,0.00251189,0.00398107,0.649,0.6,0.7,0.0895,0.05,0.1,3470.0,78.0,0.0,1.0,True,0.01,0.95,10.0,39600.0,0.938,0.139
8239,1 - 1 - 2022,19800.0,3.6193922141707713,3.1622776601683795,4.216965733794858,0.00317,0.00251189,0.00398107,0.644,0.6,0.7,0.15,0.1,0.2,6760.0,76.9,0.0,1.0,True,0.01,0.95,10.0,39600.0,0.938,0.139
8240,1 - 1 - 2022,19800.0,3.646916505762094,3.1622776601683795,4.216965733794858,0.00316,0.00251189,0.00398107,0.643,0.6,0.7,0.255,0.2,0.3,9460.0,91.0,0.0,1.0,True,0.01,0.95,10.0,39600.0,0.938,0.139
8241,1 - 1 - 2022,19800.0,3.521363372331802,3.1622776601683795,4.216965733794858,0.00327,0.00251189,0.00398107,0.644,0.6,0.7,0.351,0.3,0.4,10600.0,96.4,0.0,1.0,True,0.01,0.95,10.0,39600.0,0.938,0.139
8242,1 - 1 - 2022,19800.0,3.5777087639996634,3.1622776601683795,4.216965733794858,0.00316,0.00251189,0.00398107,0.643,0.6,0.7,0.449,0.4,0.5,11800.0,101.0,0.0,1.0,True,0.01,0.95,10.0,39600.0,0.938,0.139
8243,1 - 1 - 2022,19800.0,3.5777087639996634,3.1622776601683795,4.216965733794858,0.00317,0.00251189,0.00398107,0.65,0.6,0.7,0.552,0.5,0.6,9850.0,92.8,0.0,1.0,True,0.01,0.95,10.0,39600.0,0.938,0.139
8244,1 - 1 - 2022,19800.0,3.605551275463989,3.1622776601683795,4.216965733794858,0.00316,0.00251189,0.00398107,0.647,0.6,0.7,0.648,0.6,0.7,8300.0,85.2,0.0,1.0,True,0.01,0.95,10.0,39600.0,0.938,0.139
8245,1 - 1 - 2022,19800.0,3.591656999213594,3.1622776601683795,4.216965733794858,0.0032,0.00251189,0.00398107,0.653,0.6,0.7,0.751,0.7,0.8,7720.0,82.2,0.0,1.0,True,0.01,0.95,10.0,39600.0,0.938,0.139
8246,1 - 1 - 2022,19800.0,3.646916505762094,3.1622776601683795,4.216965733794858,0.00312,0.00251189,0.00398107,0.641,0.6,0.7,0.856,0.8,0.9,3860.0,58.1,0.0,1.0,True,0.01,0.95,10.0,39600.0,0.938,0.139
8247,1 - 1 - 2022,19800.0,3.5496478698597698,3.1622776601683795,4.216965733794858,0.00321,0.00251189,0.00398107,0.632,0.6,0.7,0.951,0.9,1.0,2510.0,46.9,0.0,1.0,True,0.01,0.95,10.0,39600.0,0.938,0.139
8248,1 - 1 - 2022,19800.0,3.7549966711037173,3.1622776601683795,4.216965733794858,0.00312,0.00251189,0.00398107,0.644,0.6,0.7,1.21,1.0,1.5,1540.0,16.4,116.0,1.0,True,0.01,0.95,10.0,39600.0,0.938,0.139
8249,1 - 1 - 2022,19800.0,3.687817782917155,3.1622776601683795,4.216965733794858,0.00299,0.00251189,0.00398107,0.642,0.6,0.7,1.74,1.5,2.0,309.0,7.35,116.0,1.0,True,0.01,0.95,10.0,39600.0,0.938,0.139
8250,1 - 1 - 2022,19800.0,3.5637059362410923,3.1622776601683795,4.216965733794858,0.00329,0.00251189,0.00398107,0.628,0.6,0.7,2.67,2.0,4.0,96.5,2.05,57.9,1.0,True,0.01,0.95,10.0,39600.0,0.938,0.139
8251,1 - 1 - 2022,19800.0,3.5637059362410923,3.1622776601683795,4.216965733794858,0.00327,0.00251189,0.00398107,0.742,0.7,0.8,0.0792,0.05,0.1,2320.0,63.7,0.0,1.0,True,0.01,0.95,10.0,39600.0,0.938,0.139
8252,1 - 1 - 2022,19800.0,3.605551275463989,3.1622776601683795,4.216965733794858,0.00318,0.00251189,0.00398107,0.735,0.7,0.8,0.174,0.1,0.2,2120.0,43.1,0.0,1.0,True,0.01,0.95,10.0,39600.0,0.938,0.139
8253,1 - 1 - 2022,19800.0,3.605551275463989,3.1622776601683795,4.216965733794858,0.00334,0.00251189,0.00398107,0.745,0.7,0.8,0.26,0.2,0.3,4830.0,65.0,386.0,1.0,True,0.01,0.95,10.0,39600.0,0.938,0.139
8254,1 - 1 - 2022,19800.0,3.5637059362410923,3.1622776601683795,4.216965733794858,0.00318,0.00251189,0.00398107,0.75,0.7,0.8,0.348,0.3,0.4,5600.0,70.0,0.0,1.0,True,0.01,0.95,10.0,39600.0,0.938,0.139
8255,1 - 1 - 2022,19800.0,3.6193922141707713,3.1622776601683795,4.216965733794858,0.0031,0.00251189,0.00398107,0.738,0.7,0.8,0.45,0.4,0.5,4830.0,65.0,579.0,1.0,True,0.01,0.95,10.0,39600.0,0.938,0.139
8256,1 - 1 - 2022,19800.0,3.478505426185217,3.1622776601683795,4.216965733794858,0.00328,0.00251189,0.00398107,0.742,0.7,0.8,0.549,0.5,0.6,4630.0,63.7,0.0,1.0,True,0.01,0.95,10.0,39600.0,0.938,0.139
8257,1 - 1 - 2022,19800.0,3.521363372331802,3.1622776601683795,4.216965733794858,0.00304,0.00251189,0.00398107,0.738,0.7,0.8,0.64,0.6,0.7,2900.0,50.3,0.0,1.0,True,0.01,0.95,10.0,39600.0,0.938,0.139
8258,1 - 1 - 2022,19800.0,3.492849839314596,3.1622776601683795,4.216965733794858,0.00305,0.00251189,0.00398107,0.74,0.7,0.8,0.762,0.7,0.8,2900.0,50.3,193.0,1.0,True,0.01,0.95,10.0,39600.0,0.938,0.139
8259,1 - 1 - 2022,19800.0,3.7815340802378077,3.1622776601683795,4.216965733794858,0.0031,0.00251189,0.00398107,0.739,0.7,0.8,0.84,0.8,0.9,2120.0,43.1,579.0,1.0,True,0.01,0.95,10.0,39600.0,0.938,0.139
8260,1 - 1 - 2022,19800.0,3.714835124201342,3.1622776601683795,4.216965733794858,0.00317,0.00251189,0.00398107,0.743,0.7,0.8,0.941,0.9,1.0,3280.0,53.6,579.0,1.0,True,0.01,0.95,10.0,39600.0,0.938,0.139
8261,1 - 1 - 2022,19800.0,3.7682887362833544,3.1622776601683795,4.216965733794858,0.00318,0.00251189,0.00398107,0.757,0.7,0.8,1.17,1.0,1.5,1080.0,13.8,425.0,1.0,True,0.01,0.95,10.0,39600.0,0.938,0.139
8262,1 - 1 - 2022,19800.0,3.478505426185217,3.1622776601683795,4.216965733794858,0.00298,0.00251189,0.00398107,0.738,0.7,0.8,1.71,1.5,2.0,193.0,5.81,0.0,1.0,True,0.01,0.95,10.0,39600.0,0.938,0.139
8263,1 - 1 - 2022,19800.0,4.110960958218893,3.1622776601683795,4.216965733794858,0.00258,0.00251189,0.00398107,0.703,0.7,0.8,2.14,2.0,4.0,19.3,0.919,9.65,1.0,True,0.01,0.95,10.0,39600.0,0.938,0.139
8264,1 - 1 - 2022,19800.0,3.5637059362410923,3.1622776601683795,4.216965733794858,0.00375,0.00251189,0.00398107,0.831,0.8,0.9,0.0448,0.0,0.05,386.0,26.0,0.0,1.0,True,0.01,0.95,10.0,39600.0,0.938,0.139
8265,1 - 1 - 2022,19800.0,3.478505426185217,3.1622776601683795,4.216965733794858,0.0031,0.00251189,0.00398107,0.81,0.8,0.9,0.0874,0.05,0.1,386.0,26.0,0.0,1.0,True,0.01,0.95,10.0,39600.0,0.938,0.139
8266,1 - 1 - 2022,19800.0,3.5637059362410923,3.1622776601683795,4.216965733794858,0.00335,0.00251189,0.00398107,0.843,0.8,0.9,0.152,0.1,0.2,1740.0,39.0,0.0,1.0,True,0.01,0.95,10.0,39600.0,0.938,0.139
8267,1 - 1 - 2022,19800.0,3.7013511046643495,3.1622776601683795,4.216965733794858,0.00341,0.00251189,0.00398107,0.844,0.8,0.9,0.239,0.2,0.3,1740.0,39.0,579.0,1.0,True,0.01,0.95,10.0,39600.0,0.938,0.139
8268,1 - 1 - 2022,19800.0,3.5071355833500366,3.1622776601683795,4.216965733794858,0.00312,0.00251189,0.00398107,0.835,0.8,0.9,0.358,0.3,0.4,3090.0,52.0,772.0,1.0,True,0.01,0.95,10.0,39600.0,0.938,0.139
8269,1 - 1 - 2022,19800.0,3.5496478698597698,3.1622776601683795,4.216965733794858,0.00322,0.00251189,0.00398107,0.853,0.8,0.9,0.449,0.4,0.5,3480.0,55.1,386.0,1.0,True,0.01,0.95,10.0,39600.0,0.938,0.139
8270,1 - 1 - 2022,19800.0,3.6193922141707713,3.1622776601683795,4.216965733794858,0.003,0.00251189,0.00398107,0.852,0.8,0.9,0.546,0.5,0.6,2900.0,50.3,579.0,1.0,True,0.01,0.95,10.0,39600.0,0.938,0.139
8271,1 - 1 - 2022,19800.0,3.6193922141707713,3.1622776601683795,4.216965733794858,0.00309,0.00251189,0.00398107,0.837,0.8,0.9,0.645,0.6,0.7,3280.0,53.6,965.0,1.0,True,0.01,0.95,10.0,39600.0,0.938,0.139
8272,1 - 1 - 2022,19800.0,3.5496478698597698,3.1622776601683795,4.216965733794858,0.00312,0.00251189,0.00398107,0.832,0.8,0.9,0.744,0.7,0.8,1740.0,39.0,579.0,1.0,True,0.01,0.95,10.0,39600.0,0.938,0.139
8273,1 - 1 - 2022,19800.0,3.591656999213594,3.1622776601683795,4.216965733794858,0.00307,0.00251189,0.00398107,0.833,0.8,0.9,0.836,0.8,0.9,1740.0,39.0,386.0,1.0,True,0.01,0.95,10.0,39600.0,0.938,0.139
8274,1 - 1 - 2022,19800.0,3.4351128074635335,3.1622776601683795,4.216965733794858,0.0032,0.00251189,0.00398107,0.856,0.8,0.9,0.946,0.9,1.0,1160.0,31.8,193.0,1.0,True,0.01,0.95,10.0,39600.0,0.938,0.139
8275,1 - 1 - 2022,19800.0,3.63318042491699,3.1622776601683795,4.216965733794858,0.00311,0.00251189,0.00398107,0.842,0.8,0.9,1.19,1.0,1.5,579.0,10.1,77.2,1.0,True,0.01,0.95,10.0,39600.0,0.938,0.139
8276,1 - 1 - 2022,19800.0,3.7282703764614498,3.1622776601683795,4.216965733794858,0.00374,0.00251189,0.00398107,0.807,0.8,0.9,1.54,1.5,2.0,38.6,2.6,0.0,1.0,True,0.01,0.95,10.0,39600.0,0.938,0.139
8277,1 - 1 - 2022,19800.0,3.521363372331802,3.1622776601683795,4.216965733794858,0.00328,0.00251189,0.00398107,0.958,0.9,1.0,0.18,0.1,0.2,386.0,18.4,193.0,1.0,True,0.01,0.95,10.0,39600.0,0.938,0.139
8278,1 - 1 - 2022,19800.0,3.4351128074635335,3.1622776601683795,4.216965733794858,0.00321,0.00251189,0.00398107,0.931,0.9,1.0,0.25,0.2,0.3,1930.0,41.1,386.0,1.0,True,0.01,0.95,10.0,39600.0,0.938,0.139
8279,1 - 1 - 2022,19800.0,3.5355339059327378,3.1622776601683795,4.216965733794858,0.00314,0.00251189,0.00398107,0.946,0.9,1.0,0.364,0.3,0.4,965.0,29.1,579.0,1.0,True,0.01,0.95,10.0,39600.0,0.938,0.139
8280,1 - 1 - 2022,19800.0,3.5777087639996634,3.1622776601683795,4.216965733794858,0.0033,0.00251189,0.00398107,0.944,0.9,1.0,0.459,0.4,0.5,965.0,29.1,386.0,1.0,True,0.01,0.95,10.0,39600.0,0.938,0.139
8281,1 - 1 - 2022,19800.0,3.591656999213594,3.1622776601683795,4.216965733794858,0.00327,0.00251189,0.00398107,0.921,0.9,1.0,0.558,0.5,0.6,772.0,26.0,386.0,1.0,True,0.01,0.95,10.0,39600.0,0.938,0.139
8282,1 - 1 - 2022,19800.0,3.4351128074635335,3.1622776601683795,4.216965733794858,0.00331,0.00251189,0.00398107,0.923,0.9,1.0,0.646,0.6,0.7,193.0,13.0,0.0,1.0,True,0.01,0.95,10.0,39600.0,0.938,0.139
8283,1 - 1 - 2022,19800.0,3.521363372331802,3.1622776601683795,4.216965733794858,0.00313,0.00251189,0.00398107,0.928,0.9,1.0,0.738,0.7,0.8,965.0,29.1,386.0,1.0,True,0.01,0.95,10.0,39600.0,0.938,0.139
8284,1 - 1 - 2022,19800.0,3.7682887362833544,3.1622776601683795,4.216965733794858,0.00306,0.00251189,0.00398107,0.925,0.9,1.0,0.838,0.8,0.9,193.0,13.0,0.0,1.0,True,0.01,0.95,10.0,39600.0,0.938,0.139
8285,1 - 1 - 2022,19800.0,3.6742346141747673,3.1622776601683795,4.216965733794858,0.00502,0.00398107,0.00630957,0.0282,0.0,0.05,0.0343,0.0,0.05,74500.0,406.0,73600.0,1.0,True,0.01,0.95,10.0,39600.0,0.938,0.139
8286,1 - 1 - 2022,19800.0,3.6742346141747673,3.1622776601683795,4.216965733794858,0.00498,0.00398107,0.00630957,0.0267,0.0,0.05,0.0781,0.05,0.1,267000.0,768.0,252000.0,1.0,True,0.01,0.95,10.0,39600.0,0.938,0.139
8287,1 - 1 - 2022,19800.0,3.6606010435446255,3.1622776601683795,4.216965733794858,0.00499,0.00398107,0.00630957,0.0227,0.0,0.05,0.157,0.1,0.2,672000.0,861.0,510000.0,1.0,True,0.01,0.95,10.0,39600.0,0.938,0.139
8288,1 - 1 - 2022,19800.0,3.646916505762094,3.1622776601683795,4.216965733794858,0.00501,0.00398107,0.00630957,0.0209,0.0,0.05,0.251,0.2,0.3,979000.0,1040.0,589000.0,1.0,True,0.01,0.95,10.0,39600.0,0.938,0.139
8289,1 - 1 - 2022,19800.0,3.646916505762094,3.1622776601683795,4.216965733794858,0.00501,0.00398107,0.00630957,0.0196,0.0,0.05,0.35,0.3,0.4,1030000.0,1070.0,496000.0,1.0,True,0.01,0.95,10.0,39600.0,0.938,0.139
8290,1 - 1 - 2022,19800.0,3.646916505762094,3.1622776601683795,4.216965733794858,0.00501,0.00398107,0.00630957,0.0203,0.0,0.05,0.448,0.4,0.5,885000.0,988.0,346000.0,1.0,True,0.01,0.95,10.0,39600.0,0.938,0.139
8291,1 - 1 - 2022,19800.0,3.646916505762094,3.1622776601683795,4.216965733794858,0.00501,0.00398107,0.00630957,0.0204,0.0,0.05,0.548,0.5,0.6,698000.0,878.0,203000.0,1.0,True,0.01,0.95,10.0,39600.0,0.938,0.139
8292,1 - 1 - 2022,19800.0,3.646916505762094,3.1622776601683795,4.216965733794858,0.005,0.00398107,0.00630957,0.0204,0.0,0.05,0.647,0.6,0.7,487000.0,733.0,110000.0,1.0,True,0.01,0.95,10.0,39600.0,0.938,0.139
8293,1 - 1 - 2022,19800.0,3.646916505762094,3.1622776601683795,4.216965733794858,0.00503,0.00398107,0.00630957,0.0211,0.0,0.05,0.745,0.7,0.8,318000.0,593.0,60400.0,1.0,True,0.01,0.95,10.0,39600.0,0.938,0.139
8294,1 - 1 - 2022,19800.0,3.646916505762094,3.1622776601683795,4.216965733794858,0.00502,0.00398107,0.00630957,0.021,0.0,0.05,0.846,0.8,0.9,216000.0,488.0,32900.0,1.0,True,0.01,0.95,10.0,39600.0,0.938,0.139
8295,1 - 1 - 2022,19800.0,3.6742346141747673,3.1622776601683795,4.216965733794858,0.00499,0.00398107,0.00630957,0.0219,0.0,0.05,0.947,0.9,1.0,126000.0,374.0,20000.0,1.0,True,0.01,0.95,10.0,39600.0,0.938,0.139
8296,1 - 1 - 2022,19800.0,3.6742346141747673,3.1622776601683795,4.216965733794858,0.00502,0.00398107,0.00630957,0.0242,0.0,0.05,1.15,1.0,1.5,32400.0,84.6,4340.0,1.0,True,0.01,0.95,10.0,39600.0,0.938,0.139
8297,1 - 1 - 2022,19800.0,3.6606010435446255,3.1622776601683795,4.216965733794858,0.00494,0.00398107,0.00630957,0.0283,0.0,0.05,1.69,1.5,2.0,3510.0,27.8,439.0,1.0,True,0.01,0.95,10.0,39600.0,0.938,0.139
8298,1 - 1 - 2022,19800.0,3.7682887362833544,3.1622776601683795,4.216965733794858,0.00502,0.00398107,0.00630957,0.0346,0.0,0.05,2.44,2.0,4.0,365.0,4.49,24.4,1.0,True,0.01,0.95,10.0,39600.0,0.938,0.139
8299,1 - 1 - 2022,19800.0,3.605551275463989,3.1622776601683795,4.216965733794858,0.00504,0.00398107,0.00630957,0.073,0.05,0.1,0.0341,0.0,0.05,55500.0,350.0,52100.0,1.0,True,0.01,0.95,10.0,39600.0,0.938,0.139
8300,1 - 1 - 2022,19800.0,3.646916505762094,3.1622776601683795,4.216965733794858,0.00505,0.00398107,0.00630957,0.0734,0.05,0.1,0.0775,0.05,0.1,186000.0,640.0,167000.0,1.0,True,0.01,0.95,10.0,39600.0,0.938,0.139
8301,1 - 1 - 2022,19800.0,3.63318042491699,3.1622776601683795,4.216965733794858,0.00504,0.00398107,0.00630957,0.0732,0.05,0.1,0.153,0.1,0.2,312000.0,587.0,255000.0,1.0,True,0.01,0.95,10.0,39600.0,0.938,0.139
8302,1 - 1 - 2022,19800.0,3.63318042491699,3.1622776601683795,4.216965733794858,0.00507,0.00398107,0.00630957,0.0729,0.05,0.1,0.251,0.2,0.3,409000.0,672.0,313000.0,1.0,True,0.01,0.95,10.0,39600.0,0.938,0.139
8303,1 - 1 - 2022,19800.0,3.63318042491699,3.1622776601683795,4.216965733794858,0.00503,0.00398107,0.00630957,0.0735,0.05,0.1,0.349,0.3,0.4,389000.0,655.0,295000.0,1.0,True,0.01,0.95,10.0,39600.0,0.938,0.139
8304,1 - 1 - 2022,19800.0,3.63318042491699,3.1622776601683795,4.216965733794858,0.00505,0.00398107,0.00630957,0.0726,0.05,0.1,0.449,0.4,0.5,336000.0,609.0,238000.0,1.0,True,0.01,0.95,10.0,39600.0,0.938,0.139
8305,1 - 1 - 2022,19800.0,3.63318042491699,3.1622776601683795,4.216965733794858,0.00505,0.00398107,0.00630957,0.0731,0.05,0.1,0.547,0.5,0.6,264000.0,540.0,161000.0,1.0,True,0.01,0.95,10.0,39600.0,0.938,0.139
8306,1 - 1 - 2022,19800.0,3.646916505762094,3.1622776601683795,4.216965733794858,0.00507,0.00398107,0.00630957,0.0731,0.05,0.1,0.647,0.6,0.7,193000.0,462.0,103000.0,1.0,True,0.01,0.95,10.0,39600.0,0.938,0.139
8307,1 - 1 - 2022,19800.0,3.63318042491699,3.1622776601683795,4.216965733794858,0.00506,0.00398107,0.00630957,0.0731,0.05,0.1,0.749,0.7,0.8,135000.0,386.0,46500.0,1.0,True,0.01,0.95,10.0,39600.0,0.938,0.139
8308,1 - 1 - 2022,19800.0,3.6193922141707713,3.1622776601683795,4.216965733794858,0.00501,0.00398107,0.00630957,0.0745,0.05,0.1,0.845,0.8,0.9,91800.0,318.0,22200.0,1.0,True,0.01,0.95,10.0,39600.0,0.938,0.139
8309,1 - 1 - 2022,19800.0,3.646916505762094,3.1622776601683795,4.216965733794858,0.00506,0.00398107,0.00630957,0.0741,0.05,0.1,0.949,0.9,1.0,68200.0,274.0,11700.0,1.0,True,0.01,0.95,10.0,39600.0,0.938,0.139
8310,1 - 1 - 2022,19800.0,3.646916505762094,3.1622776601683795,4.216965733794858,0.00501,0.00398107,0.00630957,0.075,0.05,0.1,1.17,1.0,1.5,24600.0,73.7,1510.0,1.0,True,0.01,0.95,10.0,39600.0,0.938,0.139
8311,1 - 1 - 2022,19800.0,3.6606010435446255,3.1622776601683795,4.216965733794858,0.00502,0.00398107,0.00630957,0.0773,0.05,0.1,1.73,1.5,2.0,4530.0,31.6,0.0,1.0,True,0.01,0.95,10.0,39600.0,0.938,0.139
8312,1 - 1 - 2022,19800.0,3.687817782917155,3.1622776601683795,4.216965733794858,0.00508,0.00398107,0.00630957,0.0751,0.05,0.1,2.48,2.0,4.0,475.0,5.12,0.0,1.0,True,0.01,0.95,10.0,39600.0,0.938,0.139
8313,1 - 1 - 2022,19800.0,3.6193922141707713,3.1622776601683795,4.216965733794858,0.00496,0.00398107,0.00630957,0.125,0.1,0.15,0.0361,0.0,0.05,39000.0,293.0,30200.0,1.0,True,0.01,0.95,10.0,39600.0,0.938,0.139
8314,1 - 1 - 2022,19800.0,3.605551275463989,3.1622776601683795,4.216965733794858,0.00509,0.00398107,0.00630957,0.123,0.1,0.15,0.0807,0.05,0.1,118000.0,511.0,85700.0,1.0,True,0.01,0.95,10.0,39600.0,0.938,0.139
8315,1 - 1 - 2022,19800.0,3.605551275463989,3.1622776601683795,4.216965733794858,0.00502,0.00398107,0.00630957,0.124,0.1,0.15,0.154,0.1,0.2,209000.0,481.0,121000.0,1.0,True,0.01,0.95,10.0,39600.0,0.938,0.139
8316,1 - 1 - 2022,19800.0,3.63318042491699,3.1622776601683795,4.216965733794858,0.00503,0.00398107,0.00630957,0.124,0.1,0.15,0.248,0.2,0.3,259000.0,535.0,157000.0,1.0,True,0.01,0.95,10.0,39600.0,0.938,0.139
8317,1 - 1 - 2022,19800.0,3.63318042491699,3.1622776601683795,4.216965733794858,0.00506,0.00398107,0.00630957,0.123,0.1,0.15,0.35,0.3,0.4,259000.0,535.0,149000.0,1.0,True,0.01,0.95,10.0,39600.0,0.938,0.139
8318,1 - 1 - 2022,19800.0,3.646916505762094,3.1622776601683795,4.216965733794858,0.00501,0.00398107,0.00630957,0.123,0.1,0.15,0.449,0.4,0.5,229000.0,503.0,110000.0,1.0,True,0.01,0.95,10.0,39600.0,0.938,0.139
8319,1 - 1 - 2022,19800.0,3.63318042491699,3.1622776601683795,4.216965733794858,0.00501,0.00398107,0.00630957,0.124,0.1,0.15,0.547,0.5,0.6,198000.0,468.0,79700.0,1.0,True,0.01,0.95,10.0,39600.0,0.938,0.139
8320,1 - 1 - 2022,19800.0,3.6742346141747673,3.1622776601683795,4.216965733794858,0.00508,0.00398107,0.00630957,0.123,0.1,0.15,0.647,0.6,0.7,135000.0,387.0,43100.0,1.0,True,0.01,0.95,10.0,39600.0,0.938,0.139
8321,1 - 1 - 2022,19800.0,3.63318042491699,3.1622776601683795,4.216965733794858,0.00502,0.00398107,0.00630957,0.124,0.1,0.15,0.748,0.7,0.8,99400.0,331.0,22400.0,1.0,True,0.01,0.95,10.0,39600.0,0.938,0.139
8322,1 - 1 - 2022,19800.0,3.646916505762094,3.1622776601683795,4.216965733794858,0.00507,0.00398107,0.00630957,0.123,0.1,0.15,0.849,0.8,0.9,73300.0,284.0,14900.0,1.0,True,0.01,0.95,10.0,39600.0,0.938,0.139
8323,1 - 1 - 2022,19800.0,3.63318042491699,3.1622776601683795,4.216965733794858,0.00501,0.00398107,0.00630957,0.123,0.1,0.15,0.946,0.9,1.0,50900.0,237.0,6090.0,1.0,True,0.01,0.95,10.0,39600.0,0.938,0.139
8324,1 - 1 - 2022,19800.0,3.646916505762094,3.1622776601683795,4.216965733794858,0.00503,0.00398107,0.00630957,0.124,0.1,0.15,1.18,1.0,1.5,17800.0,62.7,926.0,1.0,True,0.01,0.95,10.0,39600.0,0.938,0.139
8325,1 - 1 - 2022,19800.0,3.6742346141747673,3.1622776601683795,4.216965733794858,0.00502,0.00398107,0.00630957,0.127,0.1,0.15,1.71,1.5,2.0,3750.0,28.8,0.0,1.0,True,0.01,0.95,10.0,39600.0,0.938,0.139
8326,1 - 1 - 2022,19800.0,3.7282703764614498,3.1622776601683795,4.216965733794858,0.005,0.00398107,0.00630957,0.126,0.1,0.15,2.45,2.0,4.0,621.0,5.85,0.0,1.0,True,0.01,0.95,10.0,39600.0,0.938,0.139
8327,1 - 1 - 2022,19800.0,3.6193922141707713,3.1622776601683795,4.216965733794858,0.00509,0.00398107,0.00630957,0.173,0.15,0.2,0.034,0.0,0.05,22900.0,225.0,2920.0,1.0,True,0.01,0.95,10.0,39600.0,0.938,0.139
8328,1 - 1 - 2022,19800.0,3.605551275463989,3.1622776601683795,4.216965733794858,0.00514,0.00398107,0.00630957,0.173,0.15,0.2,0.079,0.05,0.1,86700.0,438.0,20900.0,1.0,True,0.01,0.95,10.0,39600.0,0.938,0.139
8329,1 - 1 - 2022,19800.0,3.646916505762094,3.1622776601683795,4.216965733794858,0.00508,0.00398107,0.00630957,0.172,0.15,0.2,0.153,0.1,0.2,132000.0,382.0,54600.0,1.0,True,0.01,0.95,10.0,39600.0,0.938,0.139
8330,1 - 1 - 2022,19800.0,3.63318042491699,3.1622776601683795,4.216965733794858,0.00503,0.00398107,0.00630957,0.173,0.15,0.2,0.249,0.2,0.3,174000.0,439.0,73800.0,1.0,True,0.01,0.95,10.0,39600.0,0.938,0.139
8331,1 - 1 - 2022,19800.0,3.63318042491699,3.1622776601683795,4.216965733794858,0.00505,0.00398107,0.00630957,0.174,0.15,0.2,0.35,0.3,0.4,179000.0,444.0,74800.0,1.0,True,0.01,0.95,10.0,39600.0,0.938,0.139
8332,1 - 1 - 2022,19800.0,3.63318042491699,3.1622776601683795,4.216965733794858,0.00502,0.00398107,0.00630957,0.174,0.15,0.2,0.449,0.4,0.5,171000.0,434.0,58200.0,1.0,True,0.01,0.95,10.0,39600.0,0.938,0.139
8333,1 - 1 - 2022,19800.0,3.6193922141707713,3.1622776601683795,4.216965733794858,0.00505,0.00398107,0.00630957,0.173,0.15,0.2,0.548,0.5,0.6,143000.0,397.0,51200.0,1.0,True,0.01,0.95,10.0,39600.0,0.938,0.139
8334,1 - 1 - 2022,19800.0,3.6606010435446255,3.1622776601683795,4.216965733794858,0.00501,0.00398107,0.00630957,0.174,0.15,0.2,0.648,0.6,0.7,104000.0,339.0,29200.0,1.0,True,0.01,0.95,10.0,39600.0,0.938,0.139
8335,1 - 1 - 2022,19800.0,3.6193922141707713,3.1622776601683795,4.216965733794858,0.00498,0.00398107,0.00630957,0.174,0.15,0.2,0.744,0.7,0.8,70200.0,278.0,17300.0,1.0,True,0.01,0.95,10.0,39600.0,0.938,0.139
8336,1 - 1 - 2022,19800.0,3.646916505762094,3.1622776601683795,4.216965733794858,0.00499,0.00398107,0.00630957,0.174,0.15,0.2,0.847,0.8,0.9,58200.0,253.0,13900.0,1.0,True,0.01,0.95,10.0,39600.0,0.938,0.139
8337,1 - 1 - 2022,19800.0,3.6606010435446255,3.1622776601683795,4.216965733794858,0.00504,0.00398107,0.00630957,0.173,0.15,0.2,0.948,0.9,1.0,34400.0,195.0,3900.0,1.0,True,0.01,0.95,10.0,39600.0,0.938,0.139
8338,1 - 1 - 2022,19800.0,3.63318042491699,3.1622776601683795,4.216965733794858,0.00504,0.00398107,0.00630957,0.174,0.15,0.2,1.18,1.0,1.5,15200.0,57.9,974.0,1.0,True,0.01,0.95,10.0,39600.0,0.938,0.139
8339,1 - 1 - 2022,19800.0,3.6606010435446255,3.1622776601683795,4.216965733794858,0.00501,0.00398107,0.00630957,0.176,0.15,0.2,1.7,1.5,2.0,3800.0,29.0,0.0,1.0,True,0.01,0.95,10.0,39600.0,0.938,0.139
8340,1 - 1 - 2022,19800.0,3.687817782917155,3.1622776601683795,4.216965733794858,0.00506,0.00398107,0.00630957,0.175,0.15,0.2,2.59,2.0,4.0,560.0,5.56,12.2,1.0,True,0.01,0.95,10.0,39600.0,0.938,0.139
8341,1 - 1 - 2022,19800.0,3.5496478698597698,3.1622776601683795,4.216965733794858,0.00504,0.00398107,0.00630957,0.223,0.2,0.25,0.0317,0.0,0.05,16600.0,191.0,7310.0,1.0,True,0.01,0.95,10.0,39600.0,0.938,0.139
8342,1 - 1 - 2022,19800.0,3.6606010435446255,3.1622776601683795,4.216965733794858,0.00507,0.00398107,0.00630957,0.221,0.2,0.25,0.0768,0.05,0.1,46300.0,320.0,13200.0,1.0,True,0.01,0.95,10.0,39600.0,0.938,0.139
8343,1 - 1 - 2022,19800.0,3.6193922141707713,3.1622776601683795,4.216965733794858,0.00506,0.00398107,0.00630957,0.223,0.2,0.25,0.155,0.1,0.2,92800.0,320.0,20500.0,1.0,True,0.01,0.95,10.0,39600.0,0.938,0.139
8344,1 - 1 - 2022,19800.0,3.63318042491699,3.1622776601683795,4.216965733794858,0.00503,0.00398107,0.00630957,0.223,0.2,0.25,0.253,0.2,0.3,123000.0,368.0,24100.0,1.0,True,0.01,0.95,10.0,39600.0,0.938,0.139
8345,1 - 1 - 2022,19800.0,3.6193922141707713,3.1622776601683795,4.216965733794858,0.00513,0.00398107,0.00630957,0.223,0.2,0.25,0.351,0.3,0.4,116000.0,358.0,23400.0,1.0,True,0.01,0.95,10.0,39600.0,0.938,0.139
8346,1 - 1 - 2022,19800.0,3.6193922141707713,3.1622776601683795,4.216965733794858,0.00504,0.00398107,0.00630957,0.223,0.2,0.25,0.447,0.4,0.5,121000.0,365.0,23600.0,1.0,True,0.01,0.95,10.0,39600.0,0.938,0.139
8347,1 - 1 - 2022,19800.0,3.6193922141707713,3.1622776601683795,4.216965733794858,0.00511,0.00398107,0.00630957,0.224,0.2,0.25,0.547,0.5,0.6,84800.0,306.0,23600.0,1.0,True,0.01,0.95,10.0,39600.0,0.938,0.139
8348,1 - 1 - 2022,19800.0,3.63318042491699,3.1622776601683795,4.216965733794858,0.00507,0.00398107,0.00630957,0.225,0.2,0.25,0.648,0.6,0.7,87500.0,311.0,19500.0,1.0,True,0.01,0.95,10.0,39600.0,0.938,0.139
8349,1 - 1 - 2022,19800.0,3.6606010435446255,3.1622776601683795,4.216965733794858,0.00501,0.00398107,0.00630957,0.223,0.2,0.25,0.746,0.7,0.8,57700.0,252.0,13200.0,1.0,True,0.01,0.95,10.0,39600.0,0.938,0.139
8350,1 - 1 - 2022,19800.0,3.63318042491699,3.1622776601683795,4.216965733794858,0.0051,0.00398107,0.00630957,0.223,0.2,0.25,0.848,0.8,0.9,38500.0,206.0,7310.0,1.0,True,0.01,0.95,10.0,39600.0,0.938,0.139
8351,1 - 1 - 2022,19800.0,3.63318042491699,3.1622776601683795,4.216965733794858,0.00505,0.00398107,0.00630957,0.222,0.2,0.25,0.946,0.9,1.0,31200.0,186.0,4870.0,1.0,True,0.01,0.95,10.0,39600.0,0.938,0.139
8352,1 - 1 - 2022,19800.0,3.646916505762094,3.1622776601683795,4.216965733794858,0.00509,0.00398107,0.00630957,0.225,0.2,0.25,1.18,1.0,1.5,12700.0,53.0,1410.0,1.0,True,0.01,0.95,10.0,39600.0,0.938,0.139
8353,1 - 1 - 2022,19800.0,3.6742346141747673,3.1622776601683795,4.216965733794858,0.00501,0.00398107,0.00630957,0.224,0.2,0.25,1.72,1.5,2.0,3170.0,26.4,48.7,1.0,True,0.01,0.95,10.0,39600.0,0.938,0.139
8354,1 - 1 - 2022,19800.0,3.6742346141747673,3.1622776601683795,4.216965733794858,0.0049,0.00398107,0.00630957,0.223,0.2,0.25,2.53,2.0,4.0,451.0,4.99,36.6,1.0,True,0.01,0.95,10.0,39600.0,0.938,0.139
8355,1 - 1 - 2022,19800.0,3.646916505762094,3.1622776601683795,4.216965733794858,0.00543,0.00398107,0.00630957,0.27,0.25,0.3,0.0253,0.0,0.05,6330.0,118.0,0.0,1.0,True,0.01,0.95,10.0,39600.0,0.938,0.139
8356,1 - 1 - 2022,19800.0,3.5777087639996634,3.1622776601683795,4.216965733794858,0.005,0.00398107,0.00630957,0.27,0.25,0.3,0.0781,0.05,0.1,26800.0,243.0,2440.0,1.0,True,0.01,0.95,10.0,39600.0,0.938,0.139
8357,1 - 1 - 2022,19800.0,3.6193922141707713,3.1622776601683795,4.216965733794858,0.00511,0.00398107,0.00630957,0.272,0.25,0.3,0.156,0.1,0.2,48500.0,231.0,5360.0,1.0,True,0.01,0.95,10.0,39600.0,0.938,0.139
8358,1 - 1 - 2022,19800.0,3.63318042491699,3.1622776601683795,4.216965733794858,0.00505,0.00398107,0.00630957,0.273,0.25,0.3,0.25,0.2,0.3,83100.0,303.0,8770.0,1.0,True,0.01,0.95,10.0,39600.0,0.938,0.139
8359,1 - 1 - 2022,19800.0,3.646916505762094,3.1622776601683795,4.216965733794858,0.00505,0.00398107,0.00630957,0.273,0.25,0.3,0.349,0.3,0.4,84000.0,305.0,9740.0,1.0,True,0.01,0.95,10.0,39600.0,0.938,0.139
8360,1 - 1 - 2022,19800.0,3.63318042491699,3.1622776601683795,4.216965733794858,0.00502,0.00398107,0.00630957,0.273,0.25,0.3,0.448,0.4,0.5,79400.0,296.0,12400.0,1.0,True,0.01,0.95,10.0,39600.0,0.938,0.139
8361,1 - 1 - 2022,19800.0,3.646916505762094,3.1622776601683795,4.216965733794858,0.00503,0.00398107,0.00630957,0.274,0.25,0.3,0.549,0.5,0.6,72600.0,283.0,11900.0,1.0,True,0.01,0.95,10.0,39600.0,0.938,0.139
8362,1 - 1 - 2022,19800.0,3.63318042491699,3.1622776601683795,4.216965733794858,0.00503,0.00398107,0.00630957,0.272,0.25,0.3,0.647,0.6,0.7,62400.0,262.0,13600.0,1.0,True,0.01,0.95,10.0,39600.0,0.938,0.139
8363,1 - 1 - 2022,19800.0,3.6193922141707713,3.1622776601683795,4.216965733794858,0.00497,0.00398107,0.00630957,0.274,0.25,0.3,0.746,0.7,0.8,48200.0,231.0,9990.0,1.0,True,0.01,0.95,10.0,39600.0,0.938,0.139
8364,1 - 1 - 2022,19800.0,3.605551275463989,3.1622776601683795,4.216965733794858,0.00504,0.00398107,0.00630957,0.274,0.25,0.3,0.85,0.8,0.9,34800.0,196.0,7800.0,1.0,True,0.01,0.95,10.0,39600.0,0.938,0.139
8365,1 - 1 - 2022,19800.0,3.646916505762094,3.1622776601683795,4.216965733794858,0.00506,0.00398107,0.00630957,0.275,0.25,0.3,0.949,0.9,1.0,22200.0,156.0,3410.0,1.0,True,0.01,0.95,10.0,39600.0,0.938,0.139
8366,1 - 1 - 2022,19800.0,3.6606010435446255,3.1622776601683795,4.216965733794858,0.00499,0.00398107,0.00630957,0.275,0.25,0.3,1.18,1.0,1.5,8620.0,43.6,1220.0,1.0,True,0.01,0.95,10.0,39600.0,0.938,0.139
8367,1 - 1 - 2022,19800.0,3.6742346141747673,3.1622776601683795,4.216965733794858,0.00509,0.00398107,0.00630957,0.274,0.25,0.3,1.71,1.5,2.0,2390.0,23.0,48.7,1.0,True,0.01,0.95,10.0,39600.0,0.938,0.139
8368,1 - 1 - 2022,19800.0,3.63318042491699,3.1622776601683795,4.216965733794858,0.00495,0.00398107,0.00630957,0.273,0.25,0.3,2.45,2.0,4.0,439.0,4.92,60.9,1.0,True,0.01,0.95,10.0,39600.0,0.938,0.139
8369,1 - 1 - 2022,19800.0,3.5777087639996634,3.1622776601683795,4.216965733794858,0.0052,0.00398107,0.00630957,0.341,0.3,0.4,0.0369,0.0,0.05,6330.0,83.6,0.0,1.0,True,0.01,0.95,10.0,39600.0,0.938,0.139
8370,1 - 1 - 2022,19800.0,3.63318042491699,3.1622776601683795,4.216965733794858,0.00511,0.00398107,0.00630957,0.347,0.3,0.4,0.0774,0.05,0.1,14600.0,127.0,0.0,1.0,True,0.01,0.95,10.0,39600.0,0.938,0.139
8371,1 - 1 - 2022,19800.0,3.63318042491699,3.1622776601683795,4.216965733794858,0.00501,0.00398107,0.00630957,0.344,0.3,0.4,0.157,0.1,0.2,32900.0,135.0,244.0,1.0,True,0.01,0.95,10.0,39600.0,0.938,0.139
8372,1 - 1 - 2022,19800.0,3.63318042491699,3.1622776601683795,4.216965733794858,0.005,0.00398107,0.00630957,0.344,0.3,0.4,0.253,0.2,0.3,41500.0,151.0,731.0,1.0,True,0.01,0.95,10.0,39600.0,0.938,0.139
8373,1 - 1 - 2022,19800.0,3.6193922141707713,3.1622776601683795,4.216965733794858,0.0051,0.00398107,0.00630957,0.344,0.3,0.4,0.35,0.3,0.4,49500.0,165.0,1950.0,1.0,True,0.01,0.95,10.0,39600.0,0.938,0.139
8374,1 - 1 - 2022,19800.0,3.63318042491699,3.1622776601683795,4.216965733794858,0.005,0.00398107,0.00630957,0.344,0.3,0.4,0.449,0.4,0.5,44600.0,157.0,2190.0,1.0,True,0.01,0.95,10.0,39600.0,0.938,0.139
8375,1 - 1 - 2022,19800.0,3.6193922141707713,3.1622776601683795,4.216965733794858,0.00507,0.00398107,0.00630957,0.344,0.3,0.4,0.549,0.5,0.6,43000.0,154.0,3650.0,1.0,True,0.01,0.95,10.0,39600.0,0.938,0.139
8376,1 - 1 - 2022,19800.0,3.6193922141707713,3.1622776601683795,4.216965733794858,0.00501,0.00398107,0.00630957,0.347,0.3,0.4,0.648,0.6,0.7,37500.0,144.0,4390.0,1.0,True,0.01,0.95,10.0,39600.0,0.938,0.139
8377,1 - 1 - 2022,19800.0,3.63318042491699,3.1622776601683795,4.216965733794858,0.00503,0.00398107,0.00630957,0.345,0.3,0.4,0.745,0.7,0.8,27800.0,124.0,4990.0,1.0,True,0.01,0.95,10.0,39600.0,0.938,0.139
8378,1 - 1 - 2022,19800.0,3.63318042491699,3.1622776601683795,4.216965733794858,0.00497,0.00398107,0.00630957,0.345,0.3,0.4,0.851,0.8,0.9,19600.0,104.0,2560.0,1.0,True,0.01,0.95,10.0,39600.0,0.938,0.139
8379,1 - 1 - 2022,19800.0,3.646916505762094,3.1622776601683795,4.216965733794858,0.00509,0.00398107,0.00630957,0.342,0.3,0.4,0.95,0.9,1.0,14600.0,89.8,2920.0,1.0,True,0.01,0.95,10.0,39600.0,0.938,0.139
8380,1 - 1 - 2022,19800.0,3.6606010435446255,3.1622776601683795,4.216965733794858,0.00504,0.00398107,0.00630957,0.345,0.3,0.4,1.19,1.0,1.5,6410.0,26.6,1270.0,1.0,True,0.01,0.95,10.0,39600.0,0.938,0.139
8381,1 - 1 - 2022,19800.0,3.6606010435446255,3.1622776601683795,4.216965733794858,0.00504,0.00398107,0.00630957,0.339,0.3,0.4,1.75,1.5,2.0,1440.0,12.6,146.0,1.0,True,0.01,0.95,10.0,39600.0,0.938,0.139
8382,1 - 1 - 2022,19800.0,3.6742346141747673,3.1622776601683795,4.216965733794858,0.00501,0.00398107,0.00630957,0.348,0.3,0.4,2.55,2.0,4.0,365.0,3.18,140.0,1.0,True,0.01,0.95,10.0,39600.0,0.938,0.139
8383,1 - 1 - 2022,19800.0,3.5071355833500366,3.1622776601683795,4.216965733794858,0.00508,0.00398107,0.00630957,0.441,0.4,0.5,0.0254,0.0,0.05,2680.0,54.4,0.0,1.0,True,0.01,0.95,10.0,39600.0,0.938,0.139
8384,1 - 1 - 2022,19800.0,3.591656999213594,3.1622776601683795,4.216965733794858,0.00513,0.00398107,0.00630957,0.444,0.4,0.5,0.0768,0.05,0.1,8770.0,98.4,0.0,1.0,True,0.01,0.95,10.0,39600.0,0.938,0.139
8385,1 - 1 - 2022,19800.0,3.6606010435446255,3.1622776601683795,4.216965733794858,0.00511,0.00398107,0.00630957,0.443,0.4,0.5,0.151,0.1,0.2,17700.0,98.7,0.0,1.0,True,0.01,0.95,10.0,39600.0,0.938,0.139
8386,1 - 1 - 2022,19800.0,3.605551275463989,3.1622776601683795,4.216965733794858,0.00511,0.00398107,0.00630957,0.441,0.4,0.5,0.254,0.2,0.3,21700.0,109.0,0.0,1.0,True,0.01,0.95,10.0,39600.0,0.938,0.139
8387,1 - 1 - 2022,19800.0,3.591656999213594,3.1622776601683795,4.216965733794858,0.00501,0.00398107,0.00630957,0.444,0.4,0.5,0.351,0.3,0.4,21100.0,108.0,122.0,1.0,True,0.01,0.95,10.0,39600.0,0.938,0.139
8388,1 - 1 - 2022,19800.0,3.63318042491699,3.1622776601683795,4.216965733794858,0.00496,0.00398107,0.00630957,0.443,0.4,0.5,0.449,0.4,0.5,22000.0,110.0,122.0,1.0,True,0.01,0.95,10.0,39600.0,0.938,0.139
8389,1 - 1 - 2022,19800.0,3.7013511046643495,3.1622776601683795,4.216965733794858,0.00513,0.00398107,0.00630957,0.445,0.4,0.5,0.553,0.5,0.6,20200.0,106.0,122.0,1.0,True,0.01,0.95,10.0,39600.0,0.938,0.139
8390,1 - 1 - 2022,19800.0,3.5777087639996634,3.1622776601683795,4.216965733794858,0.00503,0.00398107,0.00630957,0.444,0.4,0.5,0.646,0.6,0.7,19900.0,105.0,244.0,1.0,True,0.01,0.95,10.0,39600.0,0.938,0.139
8391,1 - 1 - 2022,19800.0,3.63318042491699,3.1622776601683795,4.216965733794858,0.00501,0.00398107,0.00630957,0.445,0.4,0.5,0.746,0.7,0.8,13800.0,87.2,975.0,1.0,True,0.01,0.95,10.0,39600.0,0.938,0.139
8392,1 - 1 - 2022,19800.0,3.646916505762094,3.1622776601683795,4.216965733794858,0.00504,0.00398107,0.00630957,0.445,0.4,0.5,0.854,0.8,0.9,10600.0,76.5,853.0,1.0,True,0.01,0.95,10.0,39600.0,0.938,0.139
8393,1 - 1 - 2022,19800.0,3.591656999213594,3.1622776601683795,4.216965733794858,0.00504,0.00398107,0.00630957,0.446,0.4,0.5,0.944,0.9,1.0,7670.0,65.1,731.0,1.0,True,0.01,0.95,10.0,39600.0,0.938,0.139
8394,1 - 1 - 2022,19800.0,3.646916505762094,3.1622776601683795,4.216965733794858,0.00501,0.00398107,0.00630957,0.448,0.4,0.5,1.18,1.0,1.5,4120.0,21.3,633.0,1.0,True,0.01,0.95,10.0,39600.0,0.938,0.139
8395,1 - 1 - 2022,19800.0,3.63318042491699,3.1622776601683795,4.216965733794858,0.00515,0.00398107,0.00630957,0.428,0.4,0.5,1.73,1.5,2.0,682.0,8.68,195.0,1.0,True,0.01,0.95,10.0,39600.0,0.938,0.139
8396,1 - 1 - 2022,19800.0,3.5071355833500366,3.1622776601683795,4.216965733794858,0.00502,0.00398107,0.00630957,0.446,0.4,0.5,2.6,2.0,4.0,171.0,2.17,54.8,1.0,True,0.01,0.95,10.0,39600.0,0.938,0.139
8397,1 - 1 - 2022,19800.0,3.521363372331802,3.1622776601683795,4.216965733794858,0.00546,0.00398107,0.00630957,0.546,0.5,0.6,0.0268,0.0,0.05,2190.0,49.2,0.0,1.0,True,0.01,0.95,10.0,39600.0,0.938,0.139
8398,1 - 1 - 2022,19800.0,3.6606010435446255,3.1622776601683795,4.216965733794858,0.00506,0.00398107,0.00630957,0.55,0.5,0.6,0.0789,0.05,0.1,4630.0,71.5,0.0,1.0,True,0.01,0.95,10.0,39600.0,0.938,0.139
8399,1 - 1 - 2022,19800.0,3.605551275463989,3.1622776601683795,4.216965733794858,0.00514,0.00398107,0.00630957,0.544,0.5,0.6,0.15,0.1,0.2,8400.0,68.1,0.0,1.0,True,0.01,0.95,10.0,39600.0,0.938,0.139
8400,1 - 1 - 2022,19800.0,3.63318042491699,3.1622776601683795,4.216965733794858,0.005,0.00398107,0.00630957,0.544,0.5,0.6,0.25,0.2,0.3,13900.0,87.5,122.0,1.0,True,0.01,0.95,10.0,39600.0,0.938,0.139
8401,1 - 1 - 2022,19800.0,3.63318042491699,3.1622776601683795,4.216965733794858,0.00516,0.00398107,0.00630957,0.544,0.5,0.6,0.349,0.3,0.4,12200.0,82.0,0.0,1.0,True,0.01,0.95,10.0,39600.0,0.938,0.139
8402,1 - 1 - 2022,19800.0,3.646916505762094,3.1622776601683795,4.216965733794858,0.00525,0.00398107,0.00630957,0.546,0.5,0.6,0.453,0.4,0.5,11700.0,80.3,0.0,1.0,True,0.01,0.95,10.0,39600.0,0.938,0.139
8403,1 - 1 - 2022,19800.0,3.591656999213594,3.1622776601683795,4.216965733794858,0.00513,0.00398107,0.00630957,0.547,0.5,0.6,0.548,0.5,0.6,12800.0,84.0,0.0,1.0,True,0.01,0.95,10.0,39600.0,0.938,0.139
8404,1 - 1 - 2022,19800.0,3.6193922141707713,3.1622776601683795,4.216965733794858,0.00508,0.00398107,0.00630957,0.545,0.5,0.6,0.65,0.6,0.7,9990.0,74.2,0.0,1.0,True,0.01,0.95,10.0,39600.0,0.938,0.139
8405,1 - 1 - 2022,19800.0,3.63318042491699,3.1622776601683795,4.216965733794858,0.00498,0.00398107,0.00630957,0.548,0.5,0.6,0.748,0.7,0.8,7430.0,64.0,122.0,1.0,True,0.01,0.95,10.0,39600.0,0.938,0.139
8406,1 - 1 - 2022,19800.0,3.591656999213594,3.1622776601683795,4.216965733794858,0.00517,0.00398107,0.00630957,0.546,0.5,0.6,0.845,0.8,0.9,5600.0,55.6,122.0,1.0,True,0.01,0.95,10.0,39600.0,0.938,0.139
8407,1 - 1 - 2022,19800.0,3.605551275463989,3.1622776601683795,4.216965733794858,0.00516,0.00398107,0.00630957,0.55,0.5,0.6,0.953,0.9,1.0,5600.0,55.6,487.0,1.0,True,0.01,0.95,10.0,39600.0,0.938,0.139
8408,1 - 1 - 2022,19800.0,3.6193922141707713,3.1622776601683795,4.216965733794858,0.00508,0.00398107,0.00630957,0.544,0.5,0.6,1.18,1.0,1.5,2050.0,15.0,171.0,1.0,True,0.01,0.95,10.0,39600.0,0.938,0.139
8409,1 - 1 - 2022,19800.0,3.714835124201342,3.1622776601683795,4.216965733794858,0.00492,0.00398107,0.00630957,0.548,0.5,0.6,1.74,1.5,2.0,341.0,6.14,48.7,1.0,True,0.01,0.95,10.0,39600.0,0.938,0.139
8410,1 - 1 - 2022,19800.0,3.7549966711037173,3.1622776601683795,4.216965733794858,0.005,0.00398107,0.00630957,0.534,0.5,0.6,2.73,2.0,4.0,91.3,1.59,30.4,1.0,True,0.01,0.95,10.0,39600.0,0.938,0.139
8411,1 - 1 - 2022,19800.0,3.3466401061363023,3.1622776601683795,4.216965733794858,0.00524,0.00398107,0.00630957,0.629,0.6,0.7,0.0377,0.0,0.05,731.0,28.4,0.0,1.0,True,0.01,0.95,10.0,39600.0,0.938,0.139
8412,1 - 1 - 2022,19800.0,3.591656999213594,3.1622776601683795,4.216965733794858,0.00512,0.00398107,0.00630957,0.632,0.6,0.7,0.0738,0.05,0.1,2440.0,51.9,0.0,1.0,True,0.01,0.95,10.0,39600.0,0.938,0.139
8413,1 - 1 - 2022,19800.0,3.5777087639996634,3.1622776601683795,4.216965733794858,0.00514,0.00398107,0.00630957,0.637,0.6,0.7,0.158,0.1,0.2,2920.0,40.2,0.0,1.0,True,0.01,0.95,10.0,39600.0,0.938,0.139
8414,1 - 1 - 2022,19800.0,3.5777087639996634,3.1622776601683795,4.216965733794858,0.005,0.00398107,0.00630957,0.645,0.6,0.7,0.255,0.2,0.3,4750.0,51.2,0.0,1.0,True,0.01,0.95,10.0,39600.0,0.938,0.139
8415,1 - 1 - 2022,19800.0,3.5496478698597698,3.1622776601683795,4.216965733794858,0.00501,0.00398107,0.00630957,0.644,0.6,0.7,0.358,0.3,0.4,4870.0,51.9,0.0,1.0,True,0.01,0.95,10.0,39600.0,0.938,0.139
8416,1 - 1 - 2022,19800.0,3.6193922141707713,3.1622776601683795,4.216965733794858,0.00495,0.00398107,0.00630957,0.639,0.6,0.7,0.455,0.4,0.5,7070.0,62.4,0.0,1.0,True,0.01,0.95,10.0,39600.0,0.938,0.139
8417,1 - 1 - 2022,19800.0,3.605551275463989,3.1622776601683795,4.216965733794858,0.00496,0.00398107,0.00630957,0.645,0.6,0.7,0.541,0.5,0.6,6330.0,59.1,0.0,1.0,True,0.01,0.95,10.0,39600.0,0.938,0.139
8418,1 - 1 - 2022,19800.0,3.5355339059327378,3.1622776601683795,4.216965733794858,0.00526,0.00398107,0.00630957,0.642,0.6,0.7,0.655,0.6,0.7,4990.0,52.5,0.0,1.0,True,0.01,0.95,10.0,39600.0,0.938,0.139
8419,1 - 1 - 2022,19800.0,3.63318042491699,3.1622776601683795,4.216965733794858,0.0053,0.00398107,0.00630957,0.648,0.6,0.7,0.748,0.7,0.8,4020.0,47.1,0.0,1.0,True,0.01,0.95,10.0,39600.0,0.938,0.139
8420,1 - 1 - 2022,19800.0,3.646916505762094,3.1622776601683795,4.216965733794858,0.00513,0.00398107,0.00630957,0.655,0.6,0.7,0.848,0.8,0.9,3780.0,45.6,0.0,1.0,True,0.01,0.95,10.0,39600.0,0.938,0.139
8421,1 - 1 - 2022,19800.0,3.605551275463989,3.1622776601683795,4.216965733794858,0.00523,0.00398107,0.00630957,0.645,0.6,0.7,0.954,0.9,1.0,2440.0,36.7,0.0,1.0,True,0.01,0.95,10.0,39600.0,0.938,0.139
8422,1 - 1 - 2022,19800.0,3.7013511046643495,3.1622776601683795,4.216965733794858,0.00501,0.00398107,0.00630957,0.642,0.6,0.7,1.2,1.0,1.5,1360.0,12.3,97.5,1.0,True,0.01,0.95,10.0,39600.0,0.938,0.139
8423,1 - 1 - 2022,19800.0,3.8600518131237567,3.1622776601683795,4.216965733794858,0.00501,0.00398107,0.00630957,0.643,0.6,0.7,1.66,1.5,2.0,292.0,5.68,73.1,1.0,True,0.01,0.95,10.0,39600.0,0.938,0.139
8424,1 - 1 - 2022,19800.0,3.714835124201342,3.1622776601683795,4.216965733794858,0.00467,0.00398107,0.00630957,0.653,0.6,0.7,2.35,2.0,4.0,24.4,0.82,12.2,1.0,True,0.01,0.95,10.0,39600.0,0.938,0.139
8425,1 - 1 - 2022,19800.0,3.63318042491699,3.1622776601683795,4.216965733794858,0.00532,0.00398107,0.00630957,0.764,0.7,0.8,0.0748,0.05,0.1,731.0,28.4,0.0,1.0,True,0.01,0.95,10.0,39600.0,0.938,0.139
8426,1 - 1 - 2022,19800.0,3.5071355833500366,3.1622776601683795,4.216965733794858,0.0053,0.00398107,0.00630957,0.756,0.7,0.8,0.16,0.1,0.2,1460.0,28.4,0.0,1.0,True,0.01,0.95,10.0,39600.0,0.938,0.139
8427,1 - 1 - 2022,19800.0,3.6193922141707713,3.1622776601683795,4.216965733794858,0.00534,0.00398107,0.00630957,0.747,0.7,0.8,0.26,0.2,0.3,3170.0,41.8,0.0,1.0,True,0.01,0.95,10.0,39600.0,0.938,0.139
8428,1 - 1 - 2022,19800.0,3.687817782917155,3.1622776601683795,4.216965733794858,0.00511,0.00398107,0.00630957,0.747,0.7,0.8,0.343,0.3,0.4,3780.0,45.6,0.0,1.0,True,0.01,0.95,10.0,39600.0,0.938,0.139
8429,1 - 1 - 2022,19800.0,3.5777087639996634,3.1622776601683795,4.216965733794858,0.0051,0.00398107,0.00630957,0.741,0.7,0.8,0.452,0.4,0.5,3410.0,43.4,0.0,1.0,True,0.01,0.95,10.0,39600.0,0.938,0.139
8430,1 - 1 - 2022,19800.0,3.63318042491699,3.1622776601683795,4.216965733794858,0.00514,0.00398107,0.00630957,0.74,0.7,0.8,0.544,0.5,0.6,3780.0,45.6,0.0,1.0,True,0.01,0.95,10.0,39600.0,0.938,0.139
8431,1 - 1 - 2022,19800.0,3.591656999213594,3.1622776601683795,4.216965733794858,0.00505,0.00398107,0.00630957,0.757,0.7,0.8,0.642,0.6,0.7,3290.0,42.6,0.0,1.0,True,0.01,0.95,10.0,39600.0,0.938,0.139
8432,1 - 1 - 2022,19800.0,3.605551275463989,3.1622776601683795,4.216965733794858,0.00493,0.00398107,0.00630957,0.746,0.7,0.8,0.742,0.7,0.8,2920.0,40.2,0.0,1.0,True,0.01,0.95,10.0,39600.0,0.938,0.139
8433,1 - 1 - 2022,19800.0,3.605551275463989,3.1622776601683795,4.216965733794858,0.00498,0.00398107,0.00630957,0.753,0.7,0.8,0.855,0.8,0.9,2190.0,34.8,0.0,1.0,True,0.01,0.95,10.0,39600.0,0.938,0.139
8434,1 - 1 - 2022,19800.0,3.7282703764614498,3.1622776601683795,4.216965733794858,0.00527,0.00398107,0.00630957,0.744,0.7,0.8,0.945,0.9,1.0,487.0,16.4,0.0,1.0,True,0.01,0.95,10.0,39600.0,0.938,0.139
8435,1 - 1 - 2022,19800.0,3.6742346141747673,3.1622776601683795,4.216965733794858,0.00507,0.00398107,0.00630957,0.732,0.7,0.8,1.19,1.0,1.5,317.0,5.91,0.0,1.0,True,0.01,0.95,10.0,39600.0,0.938,0.139
8436,1 - 1 - 2022,19800.0,3.794733192202055,3.1622776601683795,4.216965733794858,0.00489,0.00398107,0.00630957,0.76,0.7,0.8,1.6,1.5,2.0,122.0,3.67,24.4,1.0,True,0.01,0.95,10.0,39600.0,0.938,0.139
8437,1 - 1 - 2022,19800.0,3.5777087639996634,3.1622776601683795,4.216965733794858,0.00552,0.00398107,0.00630957,0.868,0.8,0.9,0.0758,0.05,0.1,244.0,16.4,0.0,1.0,True,0.01,0.95,10.0,39600.0,0.938,0.139
8438,1 - 1 - 2022,19800.0,3.449637662132068,3.1622776601683795,4.216965733794858,0.00514,0.00398107,0.00630957,0.845,0.8,0.9,0.162,0.1,0.2,609.0,18.3,0.0,1.0,True,0.01,0.95,10.0,39600.0,0.938,0.139
8439,1 - 1 - 2022,19800.0,3.4641016151377544,3.1622776601683795,4.216965733794858,0.0052,0.00398107,0.00630957,0.84,0.8,0.9,0.252,0.2,0.3,1340.0,27.2,0.0,1.0,True,0.01,0.95,10.0,39600.0,0.938,0.139
8440,1 - 1 - 2022,19800.0,3.7682887362833544,3.1622776601683795,4.216965733794858,0.00485,0.00398107,0.00630957,0.836,0.8,0.9,0.357,0.3,0.4,1340.0,27.2,122.0,1.0,True,0.01,0.95,10.0,39600.0,0.938,0.139
8441,1 - 1 - 2022,19800.0,3.687817782917155,3.1622776601683795,4.216965733794858,0.00509,0.00398107,0.00630957,0.849,0.8,0.9,0.452,0.4,0.5,1710.0,30.7,0.0,1.0,True,0.01,0.95,10.0,39600.0,0.938,0.139
8442,1 - 1 - 2022,19800.0,3.7416573867739413,3.1622776601683795,4.216965733794858,0.00532,0.00398107,0.00630957,0.835,0.8,0.9,0.567,0.5,0.6,974.0,23.2,0.0,1.0,True,0.01,0.95,10.0,39600.0,0.938,0.139
8443,1 - 1 - 2022,19800.0,3.7682887362833544,3.1622776601683795,4.216965733794858,0.005,0.00398107,0.00630957,0.835,0.8,0.9,0.653,0.6,0.7,1460.0,28.4,122.0,1.0,True,0.01,0.95,10.0,39600.0,0.938,0.139
8444,1 - 1 - 2022,19800.0,3.5355339059327378,3.1622776601683795,4.216965733794858,0.00508,0.00398107,0.00630957,0.853,0.8,0.9,0.746,0.7,0.8,1460.0,28.4,0.0,1.0,True,0.01,0.95,10.0,39600.0,0.938,0.139
8445,1 - 1 - 2022,19800.0,3.605551275463989,3.1622776601683795,4.216965733794858,0.00488,0.00398107,0.00630957,0.858,0.8,0.9,0.845,0.8,0.9,1340.0,27.2,244.0,1.0,True,0.01,0.95,10.0,39600.0,0.938,0.139
8446,1 - 1 - 2022,19800.0,3.6606010435446255,3.1622776601683795,4.216965733794858,0.00509,0.00398107,0.00630957,0.832,0.8,0.9,0.964,0.9,1.0,487.0,16.4,0.0,1.0,True,0.01,0.95,10.0,39600.0,0.938,0.139
8447,1 - 1 - 2022,19800.0,3.591656999213594,3.1622776601683795,4.216965733794858,0.00511,0.00398107,0.00630957,0.833,0.8,0.9,1.16,1.0,1.5,292.0,5.68,0.0,1.0,True,0.01,0.95,10.0,39600.0,0.938,0.139
8448,1 - 1 - 2022,19800.0,3.646916505762094,3.1622776601683795,4.216965733794858,0.00536,0.00398107,0.00630957,0.807,0.8,0.9,1.81,1.5,2.0,24.4,1.64,0.0,1.0,True,0.01,0.95,10.0,39600.0,0.938,0.139
8449,1 - 1 - 2022,19800.0,3.687817782917155,3.1622776601683795,4.216965733794858,0.00516,0.00398107,0.00630957,0.964,0.9,1.0,0.139,0.1,0.2,244.0,11.6,0.0,1.0,True,0.01,0.95,10.0,39600.0,0.938,0.139
8450,1 - 1 - 2022,19800.0,3.5355339059327378,3.1622776601683795,4.216965733794858,0.00538,0.00398107,0.00630957,0.943,0.9,1.0,0.339,0.3,0.4,974.0,23.2,0.0,1.0,True,0.01,0.95,10.0,39600.0,0.938,0.139
8451,1 - 1 - 2022,19800.0,3.7013511046643495,3.1622776601683795,4.216965733794858,0.00525,0.00398107,0.00630957,0.919,0.9,1.0,0.449,0.4,0.5,731.0,20.1,0.0,1.0,True,0.01,0.95,10.0,39600.0,0.938,0.139
8452,1 - 1 - 2022,19800.0,3.605551275463989,3.1622776601683795,4.216965733794858,0.00523,0.00398107,0.00630957,0.928,0.9,1.0,0.553,0.5,0.6,731.0,20.1,122.0,1.0,True,0.01,0.95,10.0,39600.0,0.938,0.139
8453,1 - 1 - 2022,19800.0,3.521363372331802,3.1622776601683795,4.216965733794858,0.00588,0.00398107,0.00630957,0.934,0.9,1.0,0.666,0.6,0.7,244.0,11.6,0.0,1.0,True,0.01,0.95,10.0,39600.0,0.938,0.139
8454,1 - 1 - 2022,19800.0,3.4351128074635335,3.1622776601683795,4.216965733794858,0.00525,0.00398107,0.00630957,0.949,0.9,1.0,0.738,0.7,0.8,487.0,16.4,0.0,1.0,True,0.01,0.95,10.0,39600.0,0.938,0.139
8455,1 - 1 - 2022,19800.0,3.40587727318528,3.1622776601683795,4.216965733794858,0.00462,0.00398107,0.00630957,0.918,0.9,1.0,0.954,0.9,1.0,122.0,8.2,0.0,1.0,True,0.01,0.95,10.0,39600.0,0.938,0.139
8456,1 - 1 - 2022,19800.0,3.6742346141747673,3.1622776601683795,4.216965733794858,0.00498,0.00398107,0.00630957,0.958,0.9,1.0,1.25,1.0,1.5,48.7,2.32,24.4,1.0,True,0.01,0.95,10.0,39600.0,0.938,0.139
8457,1 - 1 - 2022,19800.0,3.6742346141747673,3.1622776601683795,4.216965733794858,0.00792,0.00630957,0.01,0.033,0.0,0.05,0.0333,0.0,0.05,40300.0,237.0,36600.0,1.0,True,0.01,0.95,10.0,39600.0,0.938,0.139
8458,1 - 1 - 2022,19800.0,3.6742346141747673,3.1622776601683795,4.216965733794858,0.00792,0.00630957,0.01,0.0311,0.0,0.05,0.079,0.05,0.1,129000.0,425.0,105000.0,1.0,True,0.01,0.95,10.0,39600.0,0.938,0.139
8459,1 - 1 - 2022,19800.0,3.6606010435446255,3.1622776601683795,4.216965733794858,0.0079,0.00630957,0.01,0.0261,0.0,0.05,0.157,0.1,0.2,285000.0,445.0,194000.0,1.0,True,0.01,0.95,10.0,39600.0,0.938,0.139
8460,1 - 1 - 2022,19800.0,3.6606010435446255,3.1622776601683795,4.216965733794858,0.00793,0.00630957,0.01,0.0235,0.0,0.05,0.252,0.2,0.3,475000.0,575.0,241000.0,1.0,True,0.01,0.95,10.0,39600.0,0.938,0.139
8461,1 - 1 - 2022,19800.0,3.6606010435446255,3.1622776601683795,4.216965733794858,0.0079,0.00630957,0.01,0.023,0.0,0.05,0.348,0.3,0.4,483000.0,580.0,174000.0,1.0,True,0.01,0.95,10.0,39600.0,0.938,0.139
8462,1 - 1 - 2022,19800.0,3.6606010435446255,3.1622776601683795,4.216965733794858,0.00796,0.00630957,0.01,0.0226,0.0,0.05,0.449,0.4,0.5,425000.0,544.0,115000.0,1.0,True,0.01,0.95,10.0,39600.0,0.938,0.139
8463,1 - 1 - 2022,19800.0,3.646916505762094,3.1622776601683795,4.216965733794858,0.00793,0.00630957,0.01,0.0228,0.0,0.05,0.547,0.5,0.6,331000.0,480.0,72200.0,1.0,True,0.01,0.95,10.0,39600.0,0.938,0.139
8464,1 - 1 - 2022,19800.0,3.6606010435446255,3.1622776601683795,4.216965733794858,0.0079,0.00630957,0.01,0.0227,0.0,0.05,0.647,0.6,0.7,223000.0,394.0,47800.0,1.0,True,0.01,0.95,10.0,39600.0,0.938,0.139
8465,1 - 1 - 2022,19800.0,3.6742346141747673,3.1622776601683795,4.216965733794858,0.00789,0.00630957,0.01,0.0231,0.0,0.05,0.745,0.7,0.8,143000.0,315.0,29500.0,1.0,True,0.01,0.95,10.0,39600.0,0.938,0.139
8466,1 - 1 - 2022,19800.0,3.6742346141747673,3.1622776601683795,4.216965733794858,0.00791,0.00630957,0.01,0.0252,0.0,0.05,0.847,0.8,0.9,97500.0,261.0,14900.0,1.0,True,0.01,0.95,10.0,39600.0,0.938,0.139
8467,1 - 1 - 2022,19800.0,3.6742346141747673,3.1622776601683795,4.216965733794858,0.00797,0.00630957,0.01,0.0251,0.0,0.05,0.944,0.9,1.0,57200.0,200.0,11700.0,1.0,True,0.01,0.95,10.0,39600.0,0.938,0.139
8468,1 - 1 - 2022,19800.0,3.6742346141747673,3.1622776601683795,4.216965733794858,0.00791,0.00630957,0.01,0.026,0.0,0.05,1.15,1.0,1.5,14200.0,44.5,2860.0,1.0,True,0.01,0.95,10.0,39600.0,0.938,0.139
8469,1 - 1 - 2022,19800.0,3.6742346141747673,3.1622776601683795,4.216965733794858,0.0076,0.00630957,0.01,0.0321,0.0,0.05,1.69,1.5,2.0,1290.0,13.4,92.2,1.0,True,0.01,0.95,10.0,39600.0,0.938,0.139
8470,1 - 1 - 2022,19800.0,3.6742346141747673,3.1622776601683795,4.216965733794858,0.00825,0.00630957,0.01,0.0361,0.0,0.05,2.36,2.0,4.0,115.0,2.0,15.4,1.0,True,0.01,0.95,10.0,39600.0,0.938,0.139
8471,1 - 1 - 2022,19800.0,3.6193922141707713,3.1622776601683795,4.216965733794858,0.00807,0.00630957,0.01,0.0733,0.05,0.1,0.0332,0.0,0.05,32600.0,213.0,26400.0,1.0,True,0.01,0.95,10.0,39600.0,0.938,0.139
8472,1 - 1 - 2022,19800.0,3.646916505762094,3.1622776601683795,4.216965733794858,0.00801,0.00630957,0.01,0.0733,0.05,0.1,0.0762,0.05,0.1,102000.0,376.0,87900.0,1.0,True,0.01,0.95,10.0,39600.0,0.938,0.139
8473,1 - 1 - 2022,19800.0,3.6193922141707713,3.1622776601683795,4.216965733794858,0.00798,0.00630957,0.01,0.0738,0.05,0.1,0.154,0.1,0.2,189000.0,362.0,172000.0,1.0,True,0.01,0.95,10.0,39600.0,0.938,0.139
8474,1 - 1 - 2022,19800.0,3.63318042491699,3.1622776601683795,4.216965733794858,0.00797,0.00630957,0.01,0.0725,0.05,0.1,0.251,0.2,0.3,230000.0,400.0,214000.0,1.0,True,0.01,0.95,10.0,39600.0,0.938,0.139
8475,1 - 1 - 2022,19800.0,3.63318042491699,3.1622776601683795,4.216965733794858,0.00792,0.00630957,0.01,0.0735,0.05,0.1,0.349,0.3,0.4,232000.0,402.0,197000.0,1.0,True,0.01,0.95,10.0,39600.0,0.938,0.139
8476,1 - 1 - 2022,19800.0,3.646916505762094,3.1622776601683795,4.216965733794858,0.008,0.00630957,0.01,0.0725,0.05,0.1,0.449,0.4,0.5,197000.0,371.0,140000.0,1.0,True,0.01,0.95,10.0,39600.0,0.938,0.139
8477,1 - 1 - 2022,19800.0,3.646916505762094,3.1622776601683795,4.216965733794858,0.00798,0.00630957,0.01,0.0735,0.05,0.1,0.549,0.5,0.6,155000.0,328.0,89600.0,1.0,True,0.01,0.95,10.0,39600.0,0.938,0.139
8478,1 - 1 - 2022,19800.0,3.6193922141707713,3.1622776601683795,4.216965733794858,0.00801,0.00630957,0.01,0.0732,0.05,0.1,0.648,0.6,0.7,109000.0,276.0,42700.0,1.0,True,0.01,0.95,10.0,39600.0,0.938,0.139
8479,1 - 1 - 2022,19800.0,3.6193922141707713,3.1622776601683795,4.216965733794858,0.00797,0.00630957,0.01,0.0726,0.05,0.1,0.746,0.7,0.8,83200.0,241.0,22000.0,1.0,True,0.01,0.95,10.0,39600.0,0.938,0.139
8480,1 - 1 - 2022,19800.0,3.6606010435446255,3.1622776601683795,4.216965733794858,0.00794,0.00630957,0.01,0.0732,0.05,0.1,0.848,0.8,0.9,57600.0,200.0,10800.0,1.0,True,0.01,0.95,10.0,39600.0,0.938,0.139
8481,1 - 1 - 2022,19800.0,3.646916505762094,3.1622776601683795,4.216965733794858,0.0079,0.00630957,0.01,0.0742,0.05,0.1,0.95,0.9,1.0,36000.0,158.0,4300.0,1.0,True,0.01,0.95,10.0,39600.0,0.938,0.139
8482,1 - 1 - 2022,19800.0,3.6606010435446255,3.1622776601683795,4.216965733794858,0.0079,0.00630957,0.01,0.0728,0.05,0.1,1.17,1.0,1.5,11700.0,40.3,215.0,1.0,True,0.01,0.95,10.0,39600.0,0.938,0.139
8483,1 - 1 - 2022,19800.0,3.5777087639996634,3.1622776601683795,4.216965733794858,0.00799,0.00630957,0.01,0.0714,0.05,0.1,1.7,1.5,2.0,2270.0,17.8,0.0,1.0,True,0.01,0.95,10.0,39600.0,0.938,0.139
8484,1 - 1 - 2022,19800.0,3.7815340802378077,3.1622776601683795,4.216965733794858,0.00802,0.00630957,0.01,0.073,0.05,0.1,2.46,2.0,4.0,261.0,3.02,0.0,1.0,True,0.01,0.95,10.0,39600.0,0.938,0.139
8485,1 - 1 - 2022,19800.0,3.6193922141707713,3.1622776601683795,4.216965733794858,0.00786,0.00630957,0.01,0.122,0.1,0.15,0.0329,0.0,0.05,21500.0,173.0,11700.0,1.0,True,0.01,0.95,10.0,39600.0,0.938,0.139
8486,1 - 1 - 2022,19800.0,3.646916505762094,3.1622776601683795,4.216965733794858,0.00802,0.00630957,0.01,0.124,0.1,0.15,0.0765,0.05,0.1,66100.0,303.0,31700.0,1.0,True,0.01,0.95,10.0,39600.0,0.938,0.139
8487,1 - 1 - 2022,19800.0,3.63318042491699,3.1622776601683795,4.216965733794858,0.00797,0.00630957,0.01,0.124,0.1,0.15,0.153,0.1,0.2,122000.0,291.0,75800.0,1.0,True,0.01,0.95,10.0,39600.0,0.938,0.139
8488,1 - 1 - 2022,19800.0,3.63318042491699,3.1622776601683795,4.216965733794858,0.00798,0.00630957,0.01,0.123,0.1,0.15,0.251,0.2,0.3,156000.0,329.0,105000.0,1.0,True,0.01,0.95,10.0,39600.0,0.938,0.139
8489,1 - 1 - 2022,19800.0,3.6193922141707713,3.1622776601683795,4.216965733794858,0.00794,0.00630957,0.01,0.124,0.1,0.15,0.35,0.3,0.4,156000.0,330.0,103000.0,1.0,True,0.01,0.95,10.0,39600.0,0.938,0.139
8490,1 - 1 - 2022,19800.0,3.6193922141707713,3.1622776601683795,4.216965733794858,0.00791,0.00630957,0.01,0.124,0.1,0.15,0.449,0.4,0.5,140000.0,313.0,88100.0,1.0,True,0.01,0.95,10.0,39600.0,0.938,0.139
8491,1 - 1 - 2022,19800.0,3.646916505762094,3.1622776601683795,4.216965733794858,0.00798,0.00630957,0.01,0.124,0.1,0.15,0.547,0.5,0.6,110000.0,277.0,57800.0,1.0,True,0.01,0.95,10.0,39600.0,0.938,0.139
8492,1 - 1 - 2022,19800.0,3.63318042491699,3.1622776601683795,4.216965733794858,0.00799,0.00630957,0.01,0.125,0.1,0.15,0.648,0.6,0.7,82800.0,240.0,32000.0,1.0,True,0.01,0.95,10.0,39600.0,0.938,0.139
8493,1 - 1 - 2022,19800.0,3.6193922141707713,3.1622776601683795,4.216965733794858,0.00793,0.00630957,0.01,0.124,0.1,0.15,0.747,0.7,0.8,65200.0,213.0,22100.0,1.0,True,0.01,0.95,10.0,39600.0,0.938,0.139
8494,1 - 1 - 2022,19800.0,3.63318042491699,3.1622776601683795,4.216965733794858,0.00798,0.00630957,0.01,0.123,0.1,0.15,0.846,0.8,0.9,38100.0,163.0,8910.0,1.0,True,0.01,0.95,10.0,39600.0,0.938,0.139
8495,1 - 1 - 2022,19800.0,3.646916505762094,3.1622776601683795,4.216965733794858,0.00809,0.00630957,0.01,0.124,0.1,0.15,0.945,0.9,1.0,27800.0,139.0,4300.0,1.0,True,0.01,0.95,10.0,39600.0,0.938,0.139
8496,1 - 1 - 2022,19800.0,3.646916505762094,3.1622776601683795,4.216965733794858,0.00799,0.00630957,0.01,0.125,0.1,0.15,1.17,1.0,1.5,9870.0,37.1,1080.0,1.0,True,0.01,0.95,10.0,39600.0,0.938,0.139
8497,1 - 1 - 2022,19800.0,3.6742346141747673,3.1622776601683795,4.216965733794858,0.0079,0.00630957,0.01,0.125,0.1,0.15,1.64,1.5,2.0,2430.0,18.4,0.0,1.0,True,0.01,0.95,10.0,39600.0,0.938,0.139
8498,1 - 1 - 2022,19800.0,3.6606010435446255,3.1622776601683795,4.216965733794858,0.00791,0.00630957,0.01,0.125,0.1,0.15,2.4,2.0,4.0,269.0,3.06,0.0,1.0,True,0.01,0.95,10.0,39600.0,0.938,0.139
8499,1 - 1 - 2022,19800.0,3.646916505762094,3.1622776601683795,4.216965733794858,0.0081,0.00630957,0.01,0.173,0.15,0.2,0.0302,0.0,0.05,14800.0,143.0,4920.0,1.0,True,0.01,0.95,10.0,39600.0,0.938,0.139
8500,1 - 1 - 2022,19800.0,3.6606010435446255,3.1622776601683795,4.216965733794858,0.00812,0.00630957,0.01,0.174,0.15,0.2,0.0772,0.05,0.1,42700.0,244.0,12900.0,1.0,True,0.01,0.95,10.0,39600.0,0.938,0.139
8501,1 - 1 - 2022,19800.0,3.6193922141707713,3.1622776601683795,4.216965733794858,0.00793,0.00630957,0.01,0.172,0.15,0.2,0.155,0.1,0.2,76500.0,231.0,24000.0,1.0,True,0.01,0.95,10.0,39600.0,0.938,0.139
8502,1 - 1 - 2022,19800.0,3.6193922141707713,3.1622776601683795,4.216965733794858,0.00794,0.00630957,0.01,0.173,0.15,0.2,0.251,0.2,0.3,105000.0,270.0,37400.0,1.0,True,0.01,0.95,10.0,39600.0,0.938,0.139
8503,1 - 1 - 2022,19800.0,3.6193922141707713,3.1622776601683795,4.216965733794858,0.00797,0.00630957,0.01,0.172,0.15,0.2,0.35,0.3,0.4,103000.0,268.0,42600.0,1.0,True,0.01,0.95,10.0,39600.0,0.938,0.139
8504,1 - 1 - 2022,19800.0,3.63318042491699,3.1622776601683795,4.216965733794858,0.008,0.00630957,0.01,0.174,0.15,0.2,0.448,0.4,0.5,99300.0,263.0,35200.0,1.0,True,0.01,0.95,10.0,39600.0,0.938,0.139
8505,1 - 1 - 2022,19800.0,3.63318042491699,3.1622776601683795,4.216965733794858,0.00792,0.00630957,0.01,0.173,0.15,0.2,0.549,0.5,0.6,78500.0,234.0,26900.0,1.0,True,0.01,0.95,10.0,39600.0,0.938,0.139
8506,1 - 1 - 2022,19800.0,3.6606010435446255,3.1622776601683795,4.216965733794858,0.00797,0.00630957,0.01,0.175,0.15,0.2,0.646,0.6,0.7,58100.0,201.0,16000.0,1.0,True,0.01,0.95,10.0,39600.0,0.938,0.139
8507,1 - 1 - 2022,19800.0,3.6193922141707713,3.1622776601683795,4.216965733794858,0.0079,0.00630957,0.01,0.173,0.15,0.2,0.752,0.7,0.8,48600.0,184.0,12100.0,1.0,True,0.01,0.95,10.0,39600.0,0.938,0.139
8508,1 - 1 - 2022,19800.0,3.687817782917155,3.1622776601683795,4.216965733794858,0.00796,0.00630957,0.01,0.174,0.15,0.2,0.847,0.8,0.9,30700.0,146.0,6460.0,1.0,True,0.01,0.95,10.0,39600.0,0.938,0.139
8509,1 - 1 - 2022,19800.0,3.646916505762094,3.1622776601683795,4.216965733794858,0.00794,0.00630957,0.01,0.173,0.15,0.2,0.943,0.9,1.0,20000.0,118.0,4000.0,1.0,True,0.01,0.95,10.0,39600.0,0.938,0.139
8510,1 - 1 - 2022,19800.0,3.63318042491699,3.1622776601683795,4.216965733794858,0.00805,0.00630957,0.01,0.174,0.15,0.2,1.18,1.0,1.5,7560.0,32.5,646.0,1.0,True,0.01,0.95,10.0,39600.0,0.938,0.139
8511,1 - 1 - 2022,19800.0,3.6742346141747673,3.1622776601683795,4.216965733794858,0.00811,0.00630957,0.01,0.174,0.15,0.2,1.69,1.5,2.0,1600.0,14.9,0.0,1.0,True,0.01,0.95,10.0,39600.0,0.938,0.139
8512,1 - 1 - 2022,19800.0,3.687817782917155,3.1622776601683795,4.216965733794858,0.00788,0.00630957,0.01,0.173,0.15,0.2,2.57,2.0,4.0,231.0,2.83,7.68,1.0,True,0.01,0.95,10.0,39600.0,0.938,0.139
8513,1 - 1 - 2022,19800.0,3.5777087639996634,3.1622776601683795,4.216965733794858,0.00801,0.00630957,0.01,0.219,0.2,0.25,0.034,0.0,0.05,6760.0,97.1,2150.0,1.0,True,0.01,0.95,10.0,39600.0,0.938,0.139
8514,1 - 1 - 2022,19800.0,3.646916505762094,3.1622776601683795,4.216965733794858,0.00781,0.00630957,0.01,0.222,0.2,0.25,0.078,0.05,0.1,27400.0,195.0,7070.0,1.0,True,0.01,0.95,10.0,39600.0,0.938,0.139
8515,1 - 1 - 2022,19800.0,3.6193922141707713,3.1622776601683795,4.216965733794858,0.00795,0.00630957,0.01,0.224,0.2,0.25,0.155,0.1,0.2,48600.0,184.0,9990.0,1.0,True,0.01,0.95,10.0,39600.0,0.938,0.139
8516,1 - 1 - 2022,19800.0,3.6606010435446255,3.1622776601683795,4.216965733794858,0.00804,0.00630957,0.01,0.223,0.2,0.25,0.248,0.2,0.3,65300.0,213.0,11100.0,1.0,True,0.01,0.95,10.0,39600.0,0.938,0.139
8517,1 - 1 - 2022,19800.0,3.6193922141707713,3.1622776601683795,4.216965733794858,0.00797,0.00630957,0.01,0.224,0.2,0.25,0.351,0.3,0.4,79900.0,236.0,17400.0,1.0,True,0.01,0.95,10.0,39600.0,0.938,0.139
8518,1 - 1 - 2022,19800.0,3.6193922141707713,3.1622776601683795,4.216965733794858,0.00796,0.00630957,0.01,0.224,0.2,0.25,0.45,0.4,0.5,65600.0,214.0,12900.0,1.0,True,0.01,0.95,10.0,39600.0,0.938,0.139
8519,1 - 1 - 2022,19800.0,3.63318042491699,3.1622776601683795,4.216965733794858,0.00802,0.00630957,0.01,0.223,0.2,0.25,0.551,0.5,0.6,59900.0,204.0,12900.0,1.0,True,0.01,0.95,10.0,39600.0,0.938,0.139
8520,1 - 1 - 2022,19800.0,3.646916505762094,3.1622776601683795,4.216965733794858,0.00803,0.00630957,0.01,0.224,0.2,0.25,0.649,0.6,0.7,42900.0,173.0,11800.0,1.0,True,0.01,0.95,10.0,39600.0,0.938,0.139
8521,1 - 1 - 2022,19800.0,3.6193922141707713,3.1622776601683795,4.216965733794858,0.00788,0.00630957,0.01,0.224,0.2,0.25,0.746,0.7,0.8,30300.0,145.0,7380.0,1.0,True,0.01,0.95,10.0,39600.0,0.938,0.139
8522,1 - 1 - 2022,19800.0,3.6742346141747673,3.1622776601683795,4.216965733794858,0.00803,0.00630957,0.01,0.224,0.2,0.25,0.847,0.8,0.9,25200.0,132.0,5070.0,1.0,True,0.01,0.95,10.0,39600.0,0.938,0.139
8523,1 - 1 - 2022,19800.0,3.5777087639996634,3.1622776601683795,4.216965733794858,0.00806,0.00630957,0.01,0.226,0.2,0.25,0.95,0.9,1.0,15800.0,105.0,4150.0,1.0,True,0.01,0.95,10.0,39600.0,0.938,0.139
8524,1 - 1 - 2022,19800.0,3.6742346141747673,3.1622776601683795,4.216965733794858,0.00803,0.00630957,0.01,0.223,0.2,0.25,1.2,1.0,1.5,5930.0,28.7,707.0,1.0,True,0.01,0.95,10.0,39600.0,0.938,0.139
8525,1 - 1 - 2022,19800.0,3.5637059362410923,3.1622776601683795,4.216965733794858,0.00813,0.00630957,0.01,0.222,0.2,0.25,1.71,1.5,2.0,1260.0,13.2,30.7,1.0,True,0.01,0.95,10.0,39600.0,0.938,0.139
8526,1 - 1 - 2022,19800.0,3.6606010435446255,3.1622776601683795,4.216965733794858,0.00794,0.00630957,0.01,0.219,0.2,0.25,2.68,2.0,4.0,223.0,2.79,0.0,1.0,True,0.01,0.95,10.0,39600.0,0.938,0.139
8527,1 - 1 - 2022,19800.0,3.7682887362833544,3.1622776601683795,4.216965733794858,0.0077,0.00630957,0.01,0.273,0.25,0.3,0.0342,0.0,0.05,4610.0,80.1,0.0,1.0,True,0.01,0.95,10.0,39600.0,0.938,0.139
8528,1 - 1 - 2022,19800.0,3.63318042491699,3.1622776601683795,4.216965733794858,0.00794,0.00630957,0.01,0.273,0.25,0.3,0.0777,0.05,0.1,19700.0,166.0,615.0,1.0,True,0.01,0.95,10.0,39600.0,0.938,0.139
8529,1 - 1 - 2022,19800.0,3.63318042491699,3.1622776601683795,4.216965733794858,0.00812,0.00630957,0.01,0.272,0.25,0.3,0.154,0.1,0.2,33200.0,152.0,3230.0,1.0,True,0.01,0.95,10.0,39600.0,0.938,0.139
8530,1 - 1 - 2022,19800.0,3.6193922141707713,3.1622776601683795,4.216965733794858,0.00798,0.00630957,0.01,0.274,0.25,0.3,0.254,0.2,0.3,45200.0,177.0,5840.0,1.0,True,0.01,0.95,10.0,39600.0,0.938,0.139
8531,1 - 1 - 2022,19800.0,3.646916505762094,3.1622776601683795,4.216965733794858,0.00797,0.00630957,0.01,0.273,0.25,0.3,0.35,0.3,0.4,50300.0,187.0,6760.0,1.0,True,0.01,0.95,10.0,39600.0,0.938,0.139
8532,1 - 1 - 2022,19800.0,3.6606010435446255,3.1622776601683795,4.216965733794858,0.00812,0.00630957,0.01,0.274,0.25,0.3,0.451,0.4,0.5,49500.0,186.0,5990.0,1.0,True,0.01,0.95,10.0,39600.0,0.938,0.139
8533,1 - 1 - 2022,19800.0,3.646916505762094,3.1622776601683795,4.216965733794858,0.00805,0.00630957,0.01,0.273,0.25,0.3,0.548,0.5,0.6,39300.0,166.0,5840.0,1.0,True,0.01,0.95,10.0,39600.0,0.938,0.139
8534,1 - 1 - 2022,19800.0,3.63318042491699,3.1622776601683795,4.216965733794858,0.00793,0.00630957,0.01,0.275,0.25,0.3,0.646,0.6,0.7,31800.0,149.0,5690.0,1.0,True,0.01,0.95,10.0,39600.0,0.938,0.139
8535,1 - 1 - 2022,19800.0,3.6606010435446255,3.1622776601683795,4.216965733794858,0.00795,0.00630957,0.01,0.273,0.25,0.3,0.749,0.7,0.8,24100.0,130.0,4920.0,1.0,True,0.01,0.95,10.0,39600.0,0.938,0.139
8536,1 - 1 - 2022,19800.0,3.646916505762094,3.1622776601683795,4.216965733794858,0.00799,0.00630957,0.01,0.275,0.25,0.3,0.849,0.8,0.9,21200.0,122.0,4460.0,1.0,True,0.01,0.95,10.0,39600.0,0.938,0.139
8537,1 - 1 - 2022,19800.0,3.591656999213594,3.1622776601683795,4.216965733794858,0.00801,0.00630957,0.01,0.274,0.25,0.3,0.948,0.9,1.0,13100.0,95.4,2150.0,1.0,True,0.01,0.95,10.0,39600.0,0.938,0.139
8538,1 - 1 - 2022,19800.0,3.687817782917155,3.1622776601683795,4.216965733794858,0.00808,0.00630957,0.01,0.275,0.25,0.3,1.18,1.0,1.5,4550.0,25.2,461.0,1.0,True,0.01,0.95,10.0,39600.0,0.938,0.139
8539,1 - 1 - 2022,19800.0,3.687817782917155,3.1622776601683795,4.216965733794858,0.00826,0.00630957,0.01,0.275,0.25,0.3,1.68,1.5,2.0,1110.0,12.4,61.5,1.0,True,0.01,0.95,10.0,39600.0,0.938,0.139
8540,1 - 1 - 2022,19800.0,3.7815340802378077,3.1622776601683795,4.216965733794858,0.00767,0.00630957,0.01,0.276,0.25,0.3,2.54,2.0,4.0,207.0,2.69,7.69,1.0,True,0.01,0.95,10.0,39600.0,0.938,0.139
8541,1 - 1 - 2022,19800.0,3.6606010435446255,3.1622776601683795,4.216965733794858,0.00833,0.00630957,0.01,0.345,0.3,0.4,0.0358,0.0,0.05,4300.0,54.7,0.0,1.0,True,0.01,0.95,10.0,39600.0,0.938,0.139
8542,1 - 1 - 2022,19800.0,3.605551275463989,3.1622776601683795,4.216965733794858,0.00794,0.00630957,0.01,0.347,0.3,0.4,0.0783,0.05,0.1,10600.0,85.9,0.0,1.0,True,0.01,0.95,10.0,39600.0,0.938,0.139
8543,1 - 1 - 2022,19800.0,3.63318042491699,3.1622776601683795,4.216965733794858,0.008,0.00630957,0.01,0.342,0.3,0.4,0.156,0.1,0.2,16900.0,76.7,0.0,1.0,True,0.01,0.95,10.0,39600.0,0.938,0.139
8544,1 - 1 - 2022,19800.0,3.63318042491699,3.1622776601683795,4.216965733794858,0.00804,0.00630957,0.01,0.343,0.3,0.4,0.25,0.2,0.3,26400.0,95.8,461.0,1.0,True,0.01,0.95,10.0,39600.0,0.938,0.139
8545,1 - 1 - 2022,19800.0,3.63318042491699,3.1622776601683795,4.216965733794858,0.00794,0.00630957,0.01,0.344,0.3,0.4,0.351,0.3,0.4,30000.0,102.0,922.0,1.0,True,0.01,0.95,10.0,39600.0,0.938,0.139
8546,1 - 1 - 2022,19800.0,3.63318042491699,3.1622776601683795,4.216965733794858,0.00796,0.00630957,0.01,0.344,0.3,0.4,0.447,0.4,0.5,24800.0,93.0,1770.0,1.0,True,0.01,0.95,10.0,39600.0,0.938,0.139
8547,1 - 1 - 2022,19800.0,3.646916505762094,3.1622776601683795,4.216965733794858,0.008,0.00630957,0.01,0.344,0.3,0.4,0.55,0.5,0.6,23000.0,89.4,1690.0,1.0,True,0.01,0.95,10.0,39600.0,0.938,0.139
8548,1 - 1 - 2022,19800.0,3.6193922141707713,3.1622776601683795,4.216965733794858,0.00804,0.00630957,0.01,0.345,0.3,0.4,0.649,0.6,0.7,19600.0,82.6,1840.0,1.0,True,0.01,0.95,10.0,39600.0,0.938,0.139
8549,1 - 1 - 2022,19800.0,3.63318042491699,3.1622776601683795,4.216965733794858,0.00806,0.00630957,0.01,0.346,0.3,0.4,0.746,0.7,0.8,16400.0,75.7,2460.0,1.0,True,0.01,0.95,10.0,39600.0,0.938,0.139
8550,1 - 1 - 2022,19800.0,3.6742346141747673,3.1622776601683795,4.216965733794858,0.00799,0.00630957,0.01,0.344,0.3,0.4,0.848,0.8,0.9,12100.0,65.0,845.0,1.0,True,0.01,0.95,10.0,39600.0,0.938,0.139
8551,1 - 1 - 2022,19800.0,3.6606010435446255,3.1622776601683795,4.216965733794858,0.00789,0.00630957,0.01,0.343,0.3,0.4,0.944,0.9,1.0,8840.0,55.5,769.0,1.0,True,0.01,0.95,10.0,39600.0,0.938,0.139
8552,1 - 1 - 2022,19800.0,3.687817782917155,3.1622776601683795,4.216965733794858,0.00799,0.00630957,0.01,0.348,0.3,0.4,1.17,1.0,1.5,3470.0,15.6,430.0,1.0,True,0.01,0.95,10.0,39600.0,0.938,0.139
8553,1 - 1 - 2022,19800.0,3.591656999213594,3.1622776601683795,4.216965733794858,0.00814,0.00630957,0.01,0.345,0.3,0.4,1.71,1.5,2.0,799.0,7.46,108.0,1.0,True,0.01,0.95,10.0,39600.0,0.938,0.139
8554,1 - 1 - 2022,19800.0,3.7013511046643495,3.1622776601683795,4.216965733794858,0.00769,0.00630957,0.01,0.346,0.3,0.4,2.7,2.0,4.0,146.0,1.59,19.2,1.0,True,0.01,0.95,10.0,39600.0,0.938,0.139
8555,1 - 1 - 2022,19800.0,3.6193922141707713,3.1622776601683795,4.216965733794858,0.00778,0.00630957,0.01,0.457,0.4,0.5,0.0338,0.0,0.05,1840.0,35.8,0.0,1.0,True,0.01,0.95,10.0,39600.0,0.938,0.139
8556,1 - 1 - 2022,19800.0,3.5496478698597698,3.1622776601683795,4.216965733794858,0.008,0.00630957,0.01,0.442,0.4,0.5,0.0781,0.05,0.1,5840.0,63.8,0.0,1.0,True,0.01,0.95,10.0,39600.0,0.938,0.139
8557,1 - 1 - 2022,19800.0,3.591656999213594,3.1622776601683795,4.216965733794858,0.00789,0.00630957,0.01,0.449,0.4,0.5,0.156,0.1,0.2,10800.0,61.2,0.0,1.0,True,0.01,0.95,10.0,39600.0,0.938,0.139
8558,1 - 1 - 2022,19800.0,3.6193922141707713,3.1622776601683795,4.216965733794858,0.008,0.00630957,0.01,0.445,0.4,0.5,0.25,0.2,0.3,11800.0,64.0,0.0,1.0,True,0.01,0.95,10.0,39600.0,0.938,0.139
8559,1 - 1 - 2022,19800.0,3.63318042491699,3.1622776601683795,4.216965733794858,0.00793,0.00630957,0.01,0.444,0.4,0.5,0.346,0.3,0.4,15400.0,73.3,76.9,1.0,True,0.01,0.95,10.0,39600.0,0.938,0.139
8560,1 - 1 - 2022,19800.0,3.5777087639996634,3.1622776601683795,4.216965733794858,0.00793,0.00630957,0.01,0.445,0.4,0.5,0.449,0.4,0.5,14700.0,71.5,0.0,1.0,True,0.01,0.95,10.0,39600.0,0.938,0.139
8561,1 - 1 - 2022,19800.0,3.6193922141707713,3.1622776601683795,4.216965733794858,0.00813,0.00630957,0.01,0.443,0.4,0.5,0.55,0.5,0.6,14600.0,71.3,461.0,1.0,True,0.01,0.95,10.0,39600.0,0.938,0.139
8562,1 - 1 - 2022,19800.0,3.6193922141707713,3.1622776601683795,4.216965733794858,0.00787,0.00630957,0.01,0.445,0.4,0.5,0.651,0.6,0.7,11100.0,62.1,384.0,1.0,True,0.01,0.95,10.0,39600.0,0.938,0.139
8563,1 - 1 - 2022,19800.0,3.6193922141707713,3.1622776601683795,4.216965733794858,0.00787,0.00630957,0.01,0.443,0.4,0.5,0.746,0.7,0.8,7150.0,49.9,384.0,1.0,True,0.01,0.95,10.0,39600.0,0.938,0.139
8564,1 - 1 - 2022,19800.0,3.646916505762094,3.1622776601683795,4.216965733794858,0.00802,0.00630957,0.01,0.44,0.4,0.5,0.848,0.8,0.9,5840.0,45.1,154.0,1.0,True,0.01,0.95,10.0,39600.0,0.938,0.139
8565,1 - 1 - 2022,19800.0,3.6193922141707713,3.1622776601683795,4.216965733794858,0.00761,0.00630957,0.01,0.451,0.4,0.5,0.952,0.9,1.0,4920.0,41.4,231.0,1.0,True,0.01,0.95,10.0,39600.0,0.938,0.139
8566,1 - 1 - 2022,19800.0,3.646916505762094,3.1622776601683795,4.216965733794858,0.00795,0.00630957,0.01,0.441,0.4,0.5,1.19,1.0,1.5,1890.0,11.5,277.0,1.0,True,0.01,0.95,10.0,39600.0,0.938,0.139
8567,1 - 1 - 2022,19800.0,3.6193922141707713,3.1622776601683795,4.216965733794858,0.00779,0.00630957,0.01,0.449,0.4,0.5,1.68,1.5,2.0,400.0,5.28,92.2,1.0,True,0.01,0.95,10.0,39600.0,0.938,0.139
8568,1 - 1 - 2022,19800.0,3.7549966711037173,3.1622776601683795,4.216965733794858,0.00781,0.00630957,0.01,0.446,0.4,0.5,2.51,2.0,4.0,104.0,1.34,38.4,1.0,True,0.01,0.95,10.0,39600.0,0.938,0.139
8569,1 - 1 - 2022,19800.0,3.5071355833500366,3.1622776601683795,4.216965733794858,0.00753,0.00630957,0.01,0.532,0.5,0.6,0.034,0.0,0.05,1380.0,31.0,0.0,1.0,True,0.01,0.95,10.0,39600.0,0.938,0.139
8570,1 - 1 - 2022,19800.0,3.591656999213594,3.1622776601683795,4.216965733794858,0.00829,0.00630957,0.01,0.532,0.5,0.6,0.0814,0.05,0.1,3540.0,49.6,0.0,1.0,True,0.01,0.95,10.0,39600.0,0.938,0.139
8571,1 - 1 - 2022,19800.0,3.6193922141707713,3.1622776601683795,4.216965733794858,0.00805,0.00630957,0.01,0.547,0.5,0.6,0.152,0.1,0.2,6230.0,46.6,0.0,1.0,True,0.01,0.95,10.0,39600.0,0.938,0.139
8572,1 - 1 - 2022,19800.0,3.646916505762094,3.1622776601683795,4.216965733794858,0.00766,0.00630957,0.01,0.541,0.5,0.6,0.249,0.2,0.3,6300.0,46.8,0.0,1.0,True,0.01,0.95,10.0,39600.0,0.938,0.139
8573,1 - 1 - 2022,19800.0,3.6193922141707713,3.1622776601683795,4.216965733794858,0.0082,0.00630957,0.01,0.546,0.5,0.6,0.352,0.3,0.4,7530.0,51.2,0.0,1.0,True,0.01,0.95,10.0,39600.0,0.938,0.139
8574,1 - 1 - 2022,19800.0,3.591656999213594,3.1622776601683795,4.216965733794858,0.00809,0.00630957,0.01,0.546,0.5,0.6,0.45,0.4,0.5,7450.0,50.9,0.0,1.0,True,0.01,0.95,10.0,39600.0,0.938,0.139
8575,1 - 1 - 2022,19800.0,3.6193922141707713,3.1622776601683795,4.216965733794858,0.00808,0.00630957,0.01,0.543,0.5,0.6,0.552,0.5,0.6,6920.0,49.1,0.0,1.0,True,0.01,0.95,10.0,39600.0,0.938,0.139
8576,1 - 1 - 2022,19800.0,3.605551275463989,3.1622776601683795,4.216965733794858,0.00805,0.00630957,0.01,0.541,0.5,0.6,0.651,0.6,0.7,5610.0,44.2,0.0,1.0,True,0.01,0.95,10.0,39600.0,0.938,0.139
8577,1 - 1 - 2022,19800.0,3.646916505762094,3.1622776601683795,4.216965733794858,0.00783,0.00630957,0.01,0.541,0.5,0.6,0.752,0.7,0.8,3540.0,35.1,0.0,1.0,True,0.01,0.95,10.0,39600.0,0.938,0.139
8578,1 - 1 - 2022,19800.0,3.605551275463989,3.1622776601683795,4.216965733794858,0.00799,0.00630957,0.01,0.55,0.5,0.6,0.854,0.8,0.9,2840.0,31.5,76.9,1.0,True,0.01,0.95,10.0,39600.0,0.938,0.139
8579,1 - 1 - 2022,19800.0,3.6193922141707713,3.1622776601683795,4.216965733794858,0.00806,0.00630957,0.01,0.548,0.5,0.6,0.939,0.9,1.0,3540.0,35.1,0.0,1.0,True,0.01,0.95,10.0,39600.0,0.938,0.139
8580,1 - 1 - 2022,19800.0,3.6193922141707713,3.1622776601683795,4.216965733794858,0.00776,0.00630957,0.01,0.542,0.5,0.6,1.18,1.0,1.5,1090.0,8.72,61.5,1.0,True,0.01,0.95,10.0,39600.0,0.938,0.139
8581,1 - 1 - 2022,19800.0,3.687817782917155,3.1622776601683795,4.216965733794858,0.00768,0.00630957,0.01,0.548,0.5,0.6,1.71,1.5,2.0,215.0,3.87,76.9,1.0,True,0.01,0.95,10.0,39600.0,0.938,0.139
8582,1 - 1 - 2022,19800.0,3.5777087639996634,3.1622776601683795,4.216965733794858,0.00766,0.00630957,0.01,0.552,0.5,0.6,2.66,2.0,4.0,46.1,0.896,19.2,1.0,True,0.01,0.95,10.0,39600.0,0.938,0.139
8583,1 - 1 - 2022,19800.0,3.478505426185217,3.1622776601683795,4.216965733794858,0.00841,0.00630957,0.01,0.622,0.6,0.7,0.0318,0.0,0.05,1080.0,27.4,0.0,1.0,True,0.01,0.95,10.0,39600.0,0.938,0.139
8584,1 - 1 - 2022,19800.0,3.521363372331802,3.1622776601683795,4.216965733794858,0.00839,0.00630957,0.01,0.659,0.6,0.7,0.0818,0.05,0.1,1080.0,27.4,0.0,1.0,True,0.01,0.95,10.0,39600.0,0.938,0.139
8585,1 - 1 - 2022,19800.0,3.605551275463989,3.1622776601683795,4.216965733794858,0.00788,0.00630957,0.01,0.638,0.6,0.7,0.154,0.1,0.2,2770.0,31.0,0.0,1.0,True,0.01,0.95,10.0,39600.0,0.938,0.139
8586,1 - 1 - 2022,19800.0,3.605551275463989,3.1622776601683795,4.216965733794858,0.00808,0.00630957,0.01,0.637,0.6,0.7,0.262,0.2,0.3,3150.0,33.1,0.0,1.0,True,0.01,0.95,10.0,39600.0,0.938,0.139
8587,1 - 1 - 2022,19800.0,3.6606010435446255,3.1622776601683795,4.216965733794858,0.00814,0.00630957,0.01,0.653,0.6,0.7,0.345,0.3,0.4,3610.0,35.5,0.0,1.0,True,0.01,0.95,10.0,39600.0,0.938,0.139
8588,1 - 1 - 2022,19800.0,3.646916505762094,3.1622776601683795,4.216965733794858,0.00806,0.00630957,0.01,0.644,0.6,0.7,0.45,0.4,0.5,3610.0,35.5,0.0,1.0,True,0.01,0.95,10.0,39600.0,0.938,0.139
8589,1 - 1 - 2022,19800.0,3.646916505762094,3.1622776601683795,4.216965733794858,0.00809,0.00630957,0.01,0.644,0.6,0.7,0.553,0.5,0.6,3460.0,34.7,0.0,1.0,True,0.01,0.95,10.0,39600.0,0.938,0.139
8590,1 - 1 - 2022,19800.0,3.6606010435446255,3.1622776601683795,4.216965733794858,0.00794,0.00630957,0.01,0.649,0.6,0.7,0.639,0.6,0.7,3070.0,32.7,76.9,1.0,True,0.01,0.95,10.0,39600.0,0.938,0.139
8591,1 - 1 - 2022,19800.0,3.646916505762094,3.1622776601683795,4.216965733794858,0.00814,0.00630957,0.01,0.648,0.6,0.7,0.751,0.7,0.8,2920.0,31.9,0.0,1.0,True,0.01,0.95,10.0,39600.0,0.938,0.139
8592,1 - 1 - 2022,19800.0,3.5777087639996634,3.1622776601683795,4.216965733794858,0.00803,0.00630957,0.01,0.64,0.6,0.7,0.845,0.8,0.9,2920.0,31.9,0.0,1.0,True,0.01,0.95,10.0,39600.0,0.938,0.139
8593,1 - 1 - 2022,19800.0,3.6606010435446255,3.1622776601683795,4.216965733794858,0.00812,0.00630957,0.01,0.654,0.6,0.7,0.937,0.9,1.0,922.0,17.9,0.0,1.0,True,0.01,0.95,10.0,39600.0,0.938,0.139
8594,1 - 1 - 2022,19800.0,3.714835124201342,3.1622776601683795,4.216965733794858,0.0078,0.00630957,0.01,0.635,0.6,0.7,1.19,1.0,1.5,553.0,6.21,46.1,1.0,True,0.01,0.95,10.0,39600.0,0.938,0.139
8595,1 - 1 - 2022,19800.0,3.8858718455450894,3.1622776601683795,4.216965733794858,0.00903,0.00630957,0.01,0.659,0.6,0.7,1.75,1.5,2.0,76.9,2.31,46.1,1.0,True,0.01,0.95,10.0,39600.0,0.938,0.139
8596,1 - 1 - 2022,19800.0,3.6606010435446255,3.1622776601683795,4.216965733794858,0.00819,0.00630957,0.01,0.631,0.6,0.7,2.59,2.0,4.0,19.2,0.578,15.4,1.0,True,0.01,0.95,10.0,39600.0,0.938,0.139
8597,1 - 1 - 2022,19800.0,3.82099463490856,3.1622776601683795,4.216965733794858,0.00865,0.00630957,0.01,0.776,0.7,0.8,0.0728,0.05,0.1,615.0,20.7,0.0,1.0,True,0.01,0.95,10.0,39600.0,0.938,0.139
8598,1 - 1 - 2022,19800.0,3.5777087639996634,3.1622776601683795,4.216965733794858,0.00778,0.00630957,0.01,0.751,0.7,0.8,0.158,0.1,0.2,1230.0,20.7,0.0,1.0,True,0.01,0.95,10.0,39600.0,0.938,0.139
8599,1 - 1 - 2022,19800.0,3.5637059362410923,3.1622776601683795,4.216965733794858,0.00794,0.00630957,0.01,0.75,0.7,0.8,0.25,0.2,0.3,1610.0,23.7,0.0,1.0,True,0.01,0.95,10.0,39600.0,0.938,0.139
8600,1 - 1 - 2022,19800.0,3.5777087639996634,3.1622776601683795,4.216965733794858,0.00807,0.00630957,0.01,0.743,0.7,0.8,0.351,0.3,0.4,2000.0,26.4,0.0,1.0,True,0.01,0.95,10.0,39600.0,0.938,0.139
8601,1 - 1 - 2022,19800.0,3.6742346141747673,3.1622776601683795,4.216965733794858,0.00782,0.00630957,0.01,0.75,0.7,0.8,0.448,0.4,0.5,2380.0,28.8,0.0,1.0,True,0.01,0.95,10.0,39600.0,0.938,0.139
8602,1 - 1 - 2022,19800.0,3.5637059362410923,3.1622776601683795,4.216965733794858,0.00782,0.00630957,0.01,0.748,0.7,0.8,0.549,0.5,0.6,2770.0,31.0,0.0,1.0,True,0.01,0.95,10.0,39600.0,0.938,0.139
8603,1 - 1 - 2022,19800.0,3.478505426185217,3.1622776601683795,4.216965733794858,0.00794,0.00630957,0.01,0.748,0.7,0.8,0.643,0.6,0.7,1310.0,21.3,0.0,1.0,True,0.01,0.95,10.0,39600.0,0.938,0.139
8604,1 - 1 - 2022,19800.0,3.7282703764614498,3.1622776601683795,4.216965733794858,0.00779,0.00630957,0.01,0.744,0.7,0.8,0.754,0.7,0.8,1540.0,23.1,0.0,1.0,True,0.01,0.95,10.0,39600.0,0.938,0.139
8605,1 - 1 - 2022,19800.0,3.478505426185217,3.1622776601683795,4.216965733794858,0.00738,0.00630957,0.01,0.751,0.7,0.8,0.85,0.8,0.9,692.0,15.5,76.9,1.0,True,0.01,0.95,10.0,39600.0,0.938,0.139
8606,1 - 1 - 2022,19800.0,3.5777087639996634,3.1622776601683795,4.216965733794858,0.00787,0.00630957,0.01,0.748,0.7,0.8,0.963,0.9,1.0,1380.0,21.9,76.8,1.0,True,0.01,0.95,10.0,39600.0,0.938,0.139
8607,1 - 1 - 2022,19800.0,3.4351128074635335,3.1622776601683795,4.216965733794858,0.00813,0.00630957,0.01,0.74,0.7,0.8,1.14,1.0,1.5,200.0,3.73,30.7,1.0,True,0.01,0.95,10.0,39600.0,0.938,0.139
8608,1 - 1 - 2022,19800.0,3.7013511046643495,3.1622776601683795,4.216965733794858,0.00809,0.00630957,0.01,0.759,0.7,0.8,1.72,1.5,2.0,61.5,2.07,15.4,1.0,True,0.01,0.95,10.0,39600.0,0.938,0.139
8609,1 - 1 - 2022,19800.0,3.8600518131237567,3.1622776601683795,4.216965733794858,0.00837,0.00630957,0.01,0.871,0.8,0.9,0.0161,0.0,0.05,307.0,14.6,0.0,1.0,True,0.01,0.95,10.0,39600.0,0.938,0.139
8610,1 - 1 - 2022,19800.0,3.40587727318528,3.1622776601683795,4.216965733794858,0.00656,0.00630957,0.01,0.853,0.8,0.9,0.0582,0.05,0.1,154.0,10.3,0.0,1.0,True,0.01,0.95,10.0,39600.0,0.938,0.139
8611,1 - 1 - 2022,19800.0,3.5777087639996634,3.1622776601683795,4.216965733794858,0.00788,0.00630957,0.01,0.855,0.8,0.9,0.142,0.1,0.2,538.0,13.7,0.0,1.0,True,0.01,0.95,10.0,39600.0,0.938,0.139
8612,1 - 1 - 2022,19800.0,3.605551275463989,3.1622776601683795,4.216965733794858,0.00794,0.00630957,0.01,0.836,0.8,0.9,0.24,0.2,0.3,692.0,15.5,0.0,1.0,True,0.01,0.95,10.0,39600.0,0.938,0.139
8613,1 - 1 - 2022,19800.0,3.646916505762094,3.1622776601683795,4.216965733794858,0.00768,0.00630957,0.01,0.845,0.8,0.9,0.349,0.3,0.4,769.0,16.4,0.0,1.0,True,0.01,0.95,10.0,39600.0,0.938,0.139
8614,1 - 1 - 2022,19800.0,3.687817782917155,3.1622776601683795,4.216965733794858,0.00797,0.00630957,0.01,0.861,0.8,0.9,0.465,0.4,0.5,1080.0,19.4,0.0,1.0,True,0.01,0.95,10.0,39600.0,0.938,0.139
8615,1 - 1 - 2022,19800.0,3.478505426185217,3.1622776601683795,4.216965733794858,0.00799,0.00630957,0.01,0.842,0.8,0.9,0.528,0.5,0.6,538.0,13.7,0.0,1.0,True,0.01,0.95,10.0,39600.0,0.938,0.139
8616,1 - 1 - 2022,19800.0,3.5071355833500366,3.1622776601683795,4.216965733794858,0.0079,0.00630957,0.01,0.836,0.8,0.9,0.651,0.6,0.7,1460.0,22.5,76.9,1.0,True,0.01,0.95,10.0,39600.0,0.938,0.139
8617,1 - 1 - 2022,19800.0,3.7549966711037173,3.1622776601683795,4.216965733794858,0.00799,0.00630957,0.01,0.834,0.8,0.9,0.741,0.7,0.8,769.0,16.4,154.0,1.0,True,0.01,0.95,10.0,39600.0,0.938,0.139
8618,1 - 1 - 2022,19800.0,3.6606010435446255,3.1622776601683795,4.216965733794858,0.00867,0.00630957,0.01,0.83,0.8,0.9,0.835,0.8,0.9,384.0,11.6,0.0,1.0,True,0.01,0.95,10.0,39600.0,0.938,0.139
8619,1 - 1 - 2022,19800.0,3.7013511046643495,3.1622776601683795,4.216965733794858,0.008,0.00630957,0.01,0.884,0.8,0.9,0.932,0.9,1.0,384.0,11.6,231.0,1.0,True,0.01,0.95,10.0,39600.0,0.938,0.139
8620,1 - 1 - 2022,19800.0,3.6606010435446255,3.1622776601683795,4.216965733794858,0.00745,0.00630957,0.01,0.827,0.8,0.9,1.24,1.0,1.5,108.0,2.74,30.7,1.0,True,0.01,0.95,10.0,39600.0,0.938,0.139
8621,1 - 1 - 2022,19800.0,4.049691346263317,3.1622776601683795,4.216965733794858,0.00836,0.00630957,0.01,0.932,0.9,1.0,0.154,0.1,0.2,76.9,5.17,0.0,1.0,True,0.01,0.95,10.0,39600.0,0.938,0.139
8622,1 - 1 - 2022,19800.0,3.6193922141707713,3.1622776601683795,4.216965733794858,0.00747,0.00630957,0.01,0.914,0.9,1.0,0.257,0.2,0.3,384.0,11.6,0.0,1.0,True,0.01,0.95,10.0,39600.0,0.938,0.139
8623,1 - 1 - 2022,19800.0,3.794733192202055,3.1622776601683795,4.216965733794858,0.00776,0.00630957,0.01,0.937,0.9,1.0,0.343,0.3,0.4,384.0,11.6,76.8,1.0,True,0.01,0.95,10.0,39600.0,0.938,0.139
8624,1 - 1 - 2022,19800.0,3.687817782917155,3.1622776601683795,4.216965733794858,0.00777,0.00630957,0.01,0.929,0.9,1.0,0.451,0.4,0.5,769.0,16.4,76.9,1.0,True,0.01,0.95,10.0,39600.0,0.938,0.139
8625,1 - 1 - 2022,19800.0,3.3015148038438356,3.1622776601683795,4.216965733794858,0.00792,0.00630957,0.01,0.925,0.9,1.0,0.553,0.5,0.6,231.0,8.96,76.8,1.0,True,0.01,0.95,10.0,39600.0,0.938,0.139
8626,1 - 1 - 2022,19800.0,4.024922359499621,3.1622776601683795,4.216965733794858,0.007,0.00630957,0.01,0.937,0.9,1.0,0.673,0.6,0.7,76.9,5.17,0.0,1.0,True,0.01,0.95,10.0,39600.0,0.938,0.139
8627,1 - 1 - 2022,19800.0,3.492849839314596,3.1622776601683795,4.216965733794858,0.00887,0.00630957,0.01,0.944,0.9,1.0,0.763,0.7,0.8,231.0,8.96,76.8,1.0,True,0.01,0.95,10.0,39600.0,0.938,0.139
8628,1 - 1 - 2022,19800.0,3.1937438845342623,3.1622776601683795,4.216965733794858,0.00967,0.00630957,0.01,0.936,0.9,1.0,0.845,0.8,0.9,76.8,5.17,0.0,1.0,True,0.01,0.95,10.0,39600.0,0.938,0.139
8629,1 - 1 - 2022,19800.0,3.82099463490856,3.1622776601683795,4.216965733794858,0.00787,0.00630957,0.01,0.905,0.9,1.0,1.16,1.0,1.5,30.8,1.46,15.4,1.0,True,0.01,0.95,10.0,39600.0,0.938,0.139
8630,1 - 1 - 2022,19800.0,3.6193922141707713,3.1622776601683795,4.216965733794858,0.0122,0.01,0.0158489,0.0366,0.0,0.05,0.0344,0.0,0.05,15300.0,116.0,10500.0,1.0,True,0.01,0.95,10.0,39600.0,0.938,0.139
8631,1 - 1 - 2022,19800.0,3.7013511046643495,3.1622776601683795,4.216965733794858,0.0124,0.01,0.0158489,0.0348,0.0,0.05,0.0779,0.05,0.1,53100.0,216.0,29500.0,1.0,True,0.01,0.95,10.0,39600.0,0.938,0.139
8632,1 - 1 - 2022,19800.0,3.6742346141747673,3.1622776601683795,4.216965733794858,0.0124,0.01,0.0158489,0.0303,0.0,0.05,0.157,0.1,0.2,116000.0,226.0,59000.0,1.0,True,0.01,0.95,10.0,39600.0,0.938,0.139
8633,1 - 1 - 2022,19800.0,3.6606010435446255,3.1622776601683795,4.216965733794858,0.0125,0.01,0.0158489,0.0277,0.0,0.05,0.252,0.2,0.3,199000.0,295.0,82300.0,1.0,True,0.01,0.95,10.0,39600.0,0.938,0.139
8634,1 - 1 - 2022,19800.0,3.6606010435446255,3.1622776601683795,4.216965733794858,0.0126,0.01,0.0158489,0.0262,0.0,0.05,0.349,0.3,0.4,224000.0,314.0,66200.0,1.0,True,0.01,0.95,10.0,39600.0,0.938,0.139
8635,1 - 1 - 2022,19800.0,3.6606010435446255,3.1622776601683795,4.216965733794858,0.0126,0.01,0.0158489,0.0258,0.0,0.05,0.448,0.4,0.5,191000.0,290.0,51700.0,1.0,True,0.01,0.95,10.0,39600.0,0.938,0.139
8636,1 - 1 - 2022,19800.0,3.6606010435446255,3.1622776601683795,4.216965733794858,0.0125,0.01,0.0158489,0.0261,0.0,0.05,0.546,0.5,0.6,153000.0,259.0,36100.0,1.0,True,0.01,0.95,10.0,39600.0,0.938,0.139
8637,1 - 1 - 2022,19800.0,3.646916505762094,3.1622776601683795,4.216965733794858,0.0125,0.01,0.0158489,0.0268,0.0,0.05,0.646,0.6,0.7,105000.0,215.0,25400.0,1.0,True,0.01,0.95,10.0,39600.0,0.938,0.139
8638,1 - 1 - 2022,19800.0,3.6742346141747673,3.1622776601683795,4.216965733794858,0.0125,0.01,0.0158489,0.0262,0.0,0.05,0.746,0.7,0.8,67500.0,172.0,18600.0,1.0,True,0.01,0.95,10.0,39600.0,0.938,0.139
8639,1 - 1 - 2022,19800.0,3.6742346141747673,3.1622776601683795,4.216965733794858,0.0125,0.01,0.0158489,0.0275,0.0,0.05,0.847,0.8,0.9,40100.0,133.0,10100.0,1.0,True,0.01,0.95,10.0,39600.0,0.938,0.139
8640,1 - 1 - 2022,19800.0,3.646916505762094,3.1622776601683795,4.216965733794858,0.0125,0.01,0.0158489,0.0291,0.0,0.05,0.945,0.9,1.0,23600.0,102.0,6110.0,1.0,True,0.01,0.95,10.0,39600.0,0.938,0.139
8641,1 - 1 - 2022,19800.0,3.6742346141747673,3.1622776601683795,4.216965733794858,0.0125,0.01,0.0158489,0.03,0.0,0.05,1.16,1.0,1.5,5900.0,22.8,1920.0,1.0,True,0.01,0.95,10.0,39600.0,0.938,0.139
8642,1 - 1 - 2022,19800.0,3.5496478698597698,3.1622776601683795,4.216965733794858,0.0121,0.01,0.0158489,0.0374,0.0,0.05,1.58,1.5,2.0,272.0,4.89,58.2,1.0,True,0.01,0.95,10.0,39600.0,0.938,0.139
8643,1 - 1 - 2022,19800.0,3.9115214431215892,3.1622776601683795,4.216965733794858,0.0112,0.01,0.0158489,0.0294,0.0,0.05,2.18,2.0,4.0,14.5,0.565,9.7,1.0,True,0.01,0.95,10.0,39600.0,0.938,0.139
8644,1 - 1 - 2022,19800.0,3.63318042491699,3.1622776601683795,4.216965733794858,0.0127,0.01,0.0158489,0.073,0.05,0.1,0.035,0.0,0.05,22700.0,141.0,20600.0,1.0,True,0.01,0.95,10.0,39600.0,0.938,0.139
8645,1 - 1 - 2022,19800.0,3.6193922141707713,3.1622776601683795,4.216965733794858,0.0126,0.01,0.0158489,0.074,0.05,0.1,0.0763,0.05,0.1,65800.0,240.0,61300.0,1.0,True,0.01,0.95,10.0,39600.0,0.938,0.139
8646,1 - 1 - 2022,19800.0,3.63318042491699,3.1622776601683795,4.216965733794858,0.0126,0.01,0.0158489,0.073,0.05,0.1,0.154,0.1,0.2,107000.0,217.0,89300.0,1.0,True,0.01,0.95,10.0,39600.0,0.938,0.139
8647,1 - 1 - 2022,19800.0,3.646916505762094,3.1622776601683795,4.216965733794858,0.0126,0.01,0.0158489,0.0734,0.05,0.1,0.25,0.2,0.3,132000.0,241.0,92700.0,1.0,True,0.01,0.95,10.0,39600.0,0.938,0.139
8648,1 - 1 - 2022,19800.0,3.63318042491699,3.1622776601683795,4.216965733794858,0.0126,0.01,0.0158489,0.0734,0.05,0.1,0.349,0.3,0.4,127000.0,236.0,62800.0,1.0,True,0.01,0.95,10.0,39600.0,0.938,0.139
8649,1 - 1 - 2022,19800.0,3.646916505762094,3.1622776601683795,4.216965733794858,0.0126,0.01,0.0158489,0.0729,0.05,0.1,0.448,0.4,0.5,112000.0,221.0,40100.0,1.0,True,0.01,0.95,10.0,39600.0,0.938,0.139
8650,1 - 1 - 2022,19800.0,3.646916505762094,3.1622776601683795,4.216965733794858,0.0126,0.01,0.0158489,0.0734,0.05,0.1,0.548,0.5,0.6,88200.0,197.0,25100.0,1.0,True,0.01,0.95,10.0,39600.0,0.938,0.139
8651,1 - 1 - 2022,19800.0,3.6193922141707713,3.1622776601683795,4.216965733794858,0.0128,0.01,0.0158489,0.0736,0.05,0.1,0.648,0.6,0.7,64900.0,169.0,9800.0,1.0,True,0.01,0.95,10.0,39600.0,0.938,0.139
8652,1 - 1 - 2022,19800.0,3.63318042491699,3.1622776601683795,4.216965733794858,0.0126,0.01,0.0158489,0.0737,0.05,0.1,0.747,0.7,0.8,42400.0,136.0,3490.0,1.0,True,0.01,0.95,10.0,39600.0,0.938,0.139
8653,1 - 1 - 2022,19800.0,3.646916505762094,3.1622776601683795,4.216965733794858,0.0127,0.01,0.0158489,0.0732,0.05,0.1,0.849,0.8,0.9,29700.0,114.0,970.0,1.0,True,0.01,0.95,10.0,39600.0,0.938,0.139
8654,1 - 1 - 2022,19800.0,3.6606010435446255,3.1622776601683795,4.216965733794858,0.0125,0.01,0.0158489,0.0722,0.05,0.1,0.942,0.9,1.0,19200.0,91.9,388.0,1.0,True,0.01,0.95,10.0,39600.0,0.938,0.139
8655,1 - 1 - 2022,19800.0,3.6606010435446255,3.1622776601683795,4.216965733794858,0.0126,0.01,0.0158489,0.0731,0.05,0.1,1.17,1.0,1.5,6500.0,23.9,19.4,1.0,True,0.01,0.95,10.0,39600.0,0.938,0.139
8656,1 - 1 - 2022,19800.0,3.6742346141747673,3.1622776601683795,4.216965733794858,0.0125,0.01,0.0158489,0.0777,0.05,0.1,1.69,1.5,2.0,853.0,8.66,0.0,1.0,True,0.01,0.95,10.0,39600.0,0.938,0.139
8657,1 - 1 - 2022,19800.0,3.5637059362410923,3.1622776601683795,4.216965733794858,0.012,0.01,0.0158489,0.0775,0.05,0.1,2.4,2.0,4.0,63.0,1.18,0.0,1.0,True,0.01,0.95,10.0,39600.0,0.938,0.139
8658,1 - 1 - 2022,19800.0,3.6193922141707713,3.1622776601683795,4.216965733794858,0.0125,0.01,0.0158489,0.124,0.1,0.15,0.078,0.05,0.1,40700.0,189.0,37800.0,1.0,True,0.01,0.95,10.0,39600.0,0.938,0.139
8659,1 - 1 - 2022,19800.0,3.605551275463989,3.1622776601683795,4.216965733794858,0.0126,0.01,0.0158489,0.124,0.1,0.15,0.154,0.1,0.2,71100.0,177.0,64400.0,1.0,True,0.01,0.95,10.0,39600.0,0.938,0.139
8660,1 - 1 - 2022,19800.0,3.63318042491699,3.1622776601683795,4.216965733794858,0.0126,0.01,0.0158489,0.123,0.1,0.15,0.249,0.2,0.3,88800.0,198.0,70700.0,1.0,True,0.01,0.95,10.0,39600.0,0.938,0.139
8661,1 - 1 - 2022,19800.0,3.646916505762094,3.1622776601683795,4.216965733794858,0.0126,0.01,0.0158489,0.123,0.1,0.15,0.351,0.3,0.4,86700.0,195.0,58000.0,1.0,True,0.01,0.95,10.0,39600.0,0.938,0.139
8662,1 - 1 - 2022,19800.0,3.6606010435446255,3.1622776601683795,4.216965733794858,0.0126,0.01,0.0158489,0.123,0.1,0.15,0.447,0.4,0.5,78900.0,186.0,43700.0,1.0,True,0.01,0.95,10.0,39600.0,0.938,0.139
8663,1 - 1 - 2022,19800.0,3.63318042491699,3.1622776601683795,4.216965733794858,0.0126,0.01,0.0158489,0.123,0.1,0.15,0.547,0.5,0.6,56800.0,158.0,24200.0,1.0,True,0.01,0.95,10.0,39600.0,0.938,0.139
8664,1 - 1 - 2022,19800.0,3.63318042491699,3.1622776601683795,4.216965733794858,0.0126,0.01,0.0158489,0.123,0.1,0.15,0.647,0.6,0.7,46000.0,142.0,18100.0,1.0,True,0.01,0.95,10.0,39600.0,0.938,0.139
8665,1 - 1 - 2022,19800.0,3.63318042491699,3.1622776601683795,4.216965733794858,0.0126,0.01,0.0158489,0.125,0.1,0.15,0.746,0.7,0.8,32500.0,119.0,9600.0,1.0,True,0.01,0.95,10.0,39600.0,0.938,0.139
8666,1 - 1 - 2022,19800.0,3.63318042491699,3.1622776601683795,4.216965733794858,0.0125,0.01,0.0158489,0.125,0.1,0.15,0.845,0.8,0.9,22500.0,99.4,6500.0,1.0,True,0.01,0.95,10.0,39600.0,0.938,0.139
8667,1 - 1 - 2022,19800.0,3.63318042491699,3.1622776601683795,4.216965733794858,0.0128,0.01,0.0158489,0.122,0.1,0.15,0.946,0.9,1.0,13300.0,76.4,2230.0,1.0,True,0.01,0.95,10.0,39600.0,0.938,0.139
8668,1 - 1 - 2022,19800.0,3.63318042491699,3.1622776601683795,4.216965733794858,0.0127,0.01,0.0158489,0.125,0.1,0.15,1.18,1.0,1.5,4730.0,20.4,407.0,1.0,True,0.01,0.95,10.0,39600.0,0.938,0.139
8669,1 - 1 - 2022,19800.0,3.714835124201342,3.1622776601683795,4.216965733794858,0.0131,0.01,0.0158489,0.125,0.1,0.15,1.66,1.5,2.0,873.0,8.76,0.0,1.0,True,0.01,0.95,10.0,39600.0,0.938,0.139
8670,1 - 1 - 2022,19800.0,3.7815340802378077,3.1622776601683795,4.216965733794858,0.0124,0.01,0.0158489,0.121,0.1,0.15,2.44,2.0,4.0,87.3,1.38,0.0,1.0,True,0.01,0.95,10.0,39600.0,0.938,0.139
8671,1 - 1 - 2022,19800.0,3.646916505762094,3.1622776601683795,4.216965733794858,0.013,0.01,0.0158489,0.176,0.15,0.2,0.032,0.0,0.05,7180.0,79.4,5040.0,1.0,True,0.01,0.95,10.0,39600.0,0.938,0.139
8672,1 - 1 - 2022,19800.0,3.646916505762094,3.1622776601683795,4.216965733794858,0.0125,0.01,0.0158489,0.173,0.15,0.2,0.0766,0.05,0.1,28500.0,158.0,19800.0,1.0,True,0.01,0.95,10.0,39600.0,0.938,0.139
8673,1 - 1 - 2022,19800.0,3.63318042491699,3.1622776601683795,4.216965733794858,0.0126,0.01,0.0158489,0.173,0.15,0.2,0.154,0.1,0.2,47800.0,145.0,31900.0,1.0,True,0.01,0.95,10.0,39600.0,0.938,0.139
8674,1 - 1 - 2022,19800.0,3.605551275463989,3.1622776601683795,4.216965733794858,0.0125,0.01,0.0158489,0.174,0.15,0.2,0.251,0.2,0.3,59500.0,162.0,33800.0,1.0,True,0.01,0.95,10.0,39600.0,0.938,0.139
8675,1 - 1 - 2022,19800.0,3.63318042491699,3.1622776601683795,4.216965733794858,0.0127,0.01,0.0158489,0.174,0.15,0.2,0.347,0.3,0.4,57000.0,158.0,28100.0,1.0,True,0.01,0.95,10.0,39600.0,0.938,0.139
8676,1 - 1 - 2022,19800.0,3.646916505762094,3.1622776601683795,4.216965733794858,0.0127,0.01,0.0158489,0.173,0.15,0.2,0.448,0.4,0.5,51100.0,150.0,23600.0,1.0,True,0.01,0.95,10.0,39600.0,0.938,0.139
8677,1 - 1 - 2022,19800.0,3.646916505762094,3.1622776601683795,4.216965733794858,0.0126,0.01,0.0158489,0.176,0.15,0.2,0.55,0.5,0.6,44600.0,140.0,18400.0,1.0,True,0.01,0.95,10.0,39600.0,0.938,0.139
8678,1 - 1 - 2022,19800.0,3.6742346141747673,3.1622776601683795,4.216965733794858,0.0127,0.01,0.0158489,0.174,0.15,0.2,0.647,0.6,0.7,35500.0,125.0,12600.0,1.0,True,0.01,0.95,10.0,39600.0,0.938,0.139
8679,1 - 1 - 2022,19800.0,3.63318042491699,3.1622776601683795,4.216965733794858,0.0127,0.01,0.0158489,0.174,0.15,0.2,0.744,0.7,0.8,26500.0,108.0,8240.0,1.0,True,0.01,0.95,10.0,39600.0,0.938,0.139
8680,1 - 1 - 2022,19800.0,3.6193922141707713,3.1622776601683795,4.216965733794858,0.0127,0.01,0.0158489,0.174,0.15,0.2,0.844,0.8,0.9,14500.0,79.9,4170.0,1.0,True,0.01,0.95,10.0,39600.0,0.938,0.139
8681,1 - 1 - 2022,19800.0,3.6742346141747673,3.1622776601683795,4.216965733794858,0.0124,0.01,0.0158489,0.174,0.15,0.2,0.949,0.9,1.0,11300.0,70.3,3010.0,1.0,True,0.01,0.95,10.0,39600.0,0.938,0.139
8682,1 - 1 - 2022,19800.0,3.6606010435446255,3.1622776601683795,4.216965733794858,0.0125,0.01,0.0158489,0.174,0.15,0.2,1.19,1.0,1.5,3650.0,17.9,388.0,1.0,True,0.01,0.95,10.0,39600.0,0.938,0.139
8683,1 - 1 - 2022,19800.0,3.646916505762094,3.1622776601683795,4.216965733794858,0.0126,0.01,0.0158489,0.174,0.15,0.2,1.69,1.5,2.0,873.0,8.76,19.4,1.0,True,0.01,0.95,10.0,39600.0,0.938,0.139
8684,1 - 1 - 2022,19800.0,3.6606010435446255,3.1622776601683795,4.216965733794858,0.0121,0.01,0.0158489,0.174,0.15,0.2,2.59,2.0,4.0,126.0,1.66,0.0,1.0,True,0.01,0.95,10.0,39600.0,0.938,0.139
8685,1 - 1 - 2022,19800.0,3.5777087639996634,3.1622776601683795,4.216965733794858,0.0128,0.01,0.0158489,0.227,0.2,0.25,0.0354,0.0,0.05,6210.0,73.9,2720.0,1.0,True,0.01,0.95,10.0,39600.0,0.938,0.139
8686,1 - 1 - 2022,19800.0,3.63318042491699,3.1622776601683795,4.216965733794858,0.0125,0.01,0.0158489,0.224,0.2,0.25,0.0775,0.05,0.1,16900.0,122.0,5430.0,1.0,True,0.01,0.95,10.0,39600.0,0.938,0.139
8687,1 - 1 - 2022,19800.0,3.63318042491699,3.1622776601683795,4.216965733794858,0.0127,0.01,0.0158489,0.223,0.2,0.25,0.153,0.1,0.2,28500.0,112.0,9890.0,1.0,True,0.01,0.95,10.0,39600.0,0.938,0.139
8688,1 - 1 - 2022,19800.0,3.646916505762094,3.1622776601683795,4.216965733794858,0.0126,0.01,0.0158489,0.223,0.2,0.25,0.252,0.2,0.3,39900.0,132.0,11500.0,1.0,True,0.01,0.95,10.0,39600.0,0.938,0.139
8689,1 - 1 - 2022,19800.0,3.63318042491699,3.1622776601683795,4.216965733794858,0.0128,0.01,0.0158489,0.224,0.2,0.25,0.348,0.3,0.4,36700.0,127.0,9120.0,1.0,True,0.01,0.95,10.0,39600.0,0.938,0.139
8690,1 - 1 - 2022,19800.0,3.63318042491699,3.1622776601683795,4.216965733794858,0.0126,0.01,0.0158489,0.222,0.2,0.25,0.448,0.4,0.5,40100.0,133.0,11200.0,1.0,True,0.01,0.95,10.0,39600.0,0.938,0.139
8691,1 - 1 - 2022,19800.0,3.63318042491699,3.1622776601683795,4.216965733794858,0.0127,0.01,0.0158489,0.224,0.2,0.25,0.549,0.5,0.6,33500.0,121.0,8630.0,1.0,True,0.01,0.95,10.0,39600.0,0.938,0.139
8692,1 - 1 - 2022,19800.0,3.6606010435446255,3.1622776601683795,4.216965733794858,0.0129,0.01,0.0158489,0.223,0.2,0.25,0.646,0.6,0.7,23500.0,102.0,6690.0,1.0,True,0.01,0.95,10.0,39600.0,0.938,0.139
8693,1 - 1 - 2022,19800.0,3.63318042491699,3.1622776601683795,4.216965733794858,0.0126,0.01,0.0158489,0.223,0.2,0.25,0.746,0.7,0.8,17000.0,86.4,4560.0,1.0,True,0.01,0.95,10.0,39600.0,0.938,0.139
8694,1 - 1 - 2022,19800.0,3.687817782917155,3.1622776601683795,4.216965733794858,0.0126,0.01,0.0158489,0.225,0.2,0.25,0.846,0.8,0.9,14000.0,78.3,3490.0,1.0,True,0.01,0.95,10.0,39600.0,0.938,0.139
8695,1 - 1 - 2022,19800.0,3.63318042491699,3.1622776601683795,4.216965733794858,0.0124,0.01,0.0158489,0.228,0.2,0.25,0.944,0.9,1.0,10400.0,67.5,1550.0,1.0,True,0.01,0.95,10.0,39600.0,0.938,0.139
8696,1 - 1 - 2022,19800.0,3.646916505762094,3.1622776601683795,4.216965733794858,0.0124,0.01,0.0158489,0.224,0.2,0.25,1.18,1.0,1.5,3380.0,17.2,562.0,1.0,True,0.01,0.95,10.0,39600.0,0.938,0.139
8697,1 - 1 - 2022,19800.0,3.6606010435446255,3.1622776601683795,4.216965733794858,0.0127,0.01,0.0158489,0.222,0.2,0.25,1.7,1.5,2.0,601.0,7.27,19.4,1.0,True,0.01,0.95,10.0,39600.0,0.938,0.139
8698,1 - 1 - 2022,19800.0,3.687817782917155,3.1622776601683795,4.216965733794858,0.0127,0.01,0.0158489,0.223,0.2,0.25,2.63,2.0,4.0,97.0,1.46,0.0,1.0,True,0.01,0.95,10.0,39600.0,0.938,0.139
8699,1 - 1 - 2022,19800.0,3.6742346141747673,3.1622776601683795,4.216965733794858,0.0127,0.01,0.0158489,0.268,0.25,0.3,0.0301,0.0,0.05,2520.0,47.1,582.0,1.0,True,0.01,0.95,10.0,39600.0,0.938,0.139
8700,1 - 1 - 2022,19800.0,3.5777087639996634,3.1622776601683795,4.216965733794858,0.0129,0.01,0.0158489,0.272,0.25,0.3,0.0797,0.05,0.1,8920.0,88.5,2330.0,1.0,True,0.01,0.95,10.0,39600.0,0.938,0.139
8701,1 - 1 - 2022,19800.0,3.63318042491699,3.1622776601683795,4.216965733794858,0.0128,0.01,0.0158489,0.273,0.25,0.3,0.159,0.1,0.2,17200.0,86.8,2130.0,1.0,True,0.01,0.95,10.0,39600.0,0.938,0.139
8702,1 - 1 - 2022,19800.0,3.591656999213594,3.1622776601683795,4.216965733794858,0.0126,0.01,0.0158489,0.272,0.25,0.3,0.254,0.2,0.3,23400.0,101.0,2040.0,1.0,True,0.01,0.95,10.0,39600.0,0.938,0.139
8703,1 - 1 - 2022,19800.0,3.6193922141707713,3.1622776601683795,4.216965733794858,0.0126,0.01,0.0158489,0.275,0.25,0.3,0.35,0.3,0.4,27800.0,111.0,3780.0,1.0,True,0.01,0.95,10.0,39600.0,0.938,0.139
8704,1 - 1 - 2022,19800.0,3.6193922141707713,3.1622776601683795,4.216965733794858,0.0128,0.01,0.0158489,0.275,0.25,0.3,0.449,0.4,0.5,25600.0,106.0,2620.0,1.0,True,0.01,0.95,10.0,39600.0,0.938,0.139
8705,1 - 1 - 2022,19800.0,3.63318042491699,3.1622776601683795,4.216965733794858,0.0125,0.01,0.0158489,0.274,0.25,0.3,0.548,0.5,0.6,23200.0,101.0,2420.0,1.0,True,0.01,0.95,10.0,39600.0,0.938,0.139
8706,1 - 1 - 2022,19800.0,3.63318042491699,3.1622776601683795,4.216965733794858,0.0125,0.01,0.0158489,0.273,0.25,0.3,0.648,0.6,0.7,21800.0,97.9,3200.0,1.0,True,0.01,0.95,10.0,39600.0,0.938,0.139
8707,1 - 1 - 2022,19800.0,3.63318042491699,3.1622776601683795,4.216965733794858,0.0129,0.01,0.0158489,0.272,0.25,0.3,0.748,0.7,0.8,15500.0,82.6,3100.0,1.0,True,0.01,0.95,10.0,39600.0,0.938,0.139
8708,1 - 1 - 2022,19800.0,3.63318042491699,3.1622776601683795,4.216965733794858,0.0127,0.01,0.0158489,0.274,0.25,0.3,0.849,0.8,0.9,10800.0,68.8,2620.0,1.0,True,0.01,0.95,10.0,39600.0,0.938,0.139
8709,1 - 1 - 2022,19800.0,3.6606010435446255,3.1622776601683795,4.216965733794858,0.0126,0.01,0.0158489,0.274,0.25,0.3,0.95,0.9,1.0,8150.0,59.8,1360.0,1.0,True,0.01,0.95,10.0,39600.0,0.938,0.139
8710,1 - 1 - 2022,19800.0,3.6193922141707713,3.1622776601683795,4.216965733794858,0.0127,0.01,0.0158489,0.275,0.25,0.3,1.16,1.0,1.5,2390.0,14.5,194.0,1.0,True,0.01,0.95,10.0,39600.0,0.938,0.139
8711,1 - 1 - 2022,19800.0,3.5637059362410923,3.1622776601683795,4.216965733794858,0.0126,0.01,0.0158489,0.272,0.25,0.3,1.72,1.5,2.0,407.0,5.98,19.4,1.0,True,0.01,0.95,10.0,39600.0,0.938,0.139
8712,1 - 1 - 2022,19800.0,3.6193922141707713,3.1622776601683795,4.216965733794858,0.012,0.01,0.0158489,0.274,0.25,0.3,2.56,2.0,4.0,92.1,1.42,0.0,1.0,True,0.01,0.95,10.0,39600.0,0.938,0.139
8713,1 - 1 - 2022,19800.0,3.5777087639996634,3.1622776601683795,4.216965733794858,0.0129,0.01,0.0158489,0.345,0.3,0.4,0.0333,0.0,0.05,2620.0,33.9,97.0,1.0,True,0.01,0.95,10.0,39600.0,0.938,0.139
8714,1 - 1 - 2022,19800.0,3.6606010435446255,3.1622776601683795,4.216965733794858,0.0123,0.01,0.0158489,0.35,0.3,0.4,0.08,0.05,0.1,5720.0,50.1,0.0,1.0,True,0.01,0.95,10.0,39600.0,0.938,0.139
8715,1 - 1 - 2022,19800.0,3.646916505762094,3.1622776601683795,4.216965733794858,0.0127,0.01,0.0158489,0.344,0.3,0.4,0.157,0.1,0.2,10100.0,47.2,97.0,1.0,True,0.01,0.95,10.0,39600.0,0.938,0.139
8716,1 - 1 - 2022,19800.0,3.63318042491699,3.1622776601683795,4.216965733794858,0.0127,0.01,0.0158489,0.342,0.3,0.4,0.249,0.2,0.3,14500.0,56.5,242.0,1.0,True,0.01,0.95,10.0,39600.0,0.938,0.139
8717,1 - 1 - 2022,19800.0,3.6193922141707713,3.1622776601683795,4.216965733794858,0.0127,0.01,0.0158489,0.344,0.3,0.4,0.35,0.3,0.4,16800.0,60.7,291.0,1.0,True,0.01,0.95,10.0,39600.0,0.938,0.139
8718,1 - 1 - 2022,19800.0,3.63318042491699,3.1622776601683795,4.216965733794858,0.0126,0.01,0.0158489,0.345,0.3,0.4,0.448,0.4,0.5,14800.0,57.1,630.0,1.0,True,0.01,0.95,10.0,39600.0,0.938,0.139
8719,1 - 1 - 2022,19800.0,3.646916505762094,3.1622776601683795,4.216965733794858,0.0126,0.01,0.0158489,0.345,0.3,0.4,0.549,0.5,0.6,13900.0,55.2,1020.0,1.0,True,0.01,0.95,10.0,39600.0,0.938,0.139
8720,1 - 1 - 2022,19800.0,3.646916505762094,3.1622776601683795,4.216965733794858,0.0125,0.01,0.0158489,0.349,0.3,0.4,0.646,0.6,0.7,11400.0,50.0,1120.0,1.0,True,0.01,0.95,10.0,39600.0,0.938,0.139
8721,1 - 1 - 2022,19800.0,3.63318042491699,3.1622776601683795,4.216965733794858,0.0126,0.01,0.0158489,0.347,0.3,0.4,0.746,0.7,0.8,9890.0,46.6,1450.0,1.0,True,0.01,0.95,10.0,39600.0,0.938,0.139
8722,1 - 1 - 2022,19800.0,3.6742346141747673,3.1622776601683795,4.216965733794858,0.0128,0.01,0.0158489,0.349,0.3,0.4,0.846,0.8,0.9,6590.0,38.1,824.0,1.0,True,0.01,0.95,10.0,39600.0,0.938,0.139
8723,1 - 1 - 2022,19800.0,3.6606010435446255,3.1622776601683795,4.216965733794858,0.013,0.01,0.0158489,0.344,0.3,0.4,0.943,0.9,1.0,4320.0,30.8,339.0,1.0,True,0.01,0.95,10.0,39600.0,0.938,0.139
8724,1 - 1 - 2022,19800.0,3.646916505762094,3.1622776601683795,4.216965733794858,0.0127,0.01,0.0158489,0.347,0.3,0.4,1.16,1.0,1.5,1730.0,8.71,204.0,1.0,True,0.01,0.95,10.0,39600.0,0.938,0.139
8725,1 - 1 - 2022,19800.0,3.591656999213594,3.1622776601683795,4.216965733794858,0.0123,0.01,0.0158489,0.338,0.3,0.4,1.72,1.5,2.0,388.0,4.13,9.69,1.0,True,0.01,0.95,10.0,39600.0,0.938,0.139
8726,1 - 1 - 2022,19800.0,3.6742346141747673,3.1622776601683795,4.216965733794858,0.0125,0.01,0.0158489,0.343,0.3,0.4,2.49,2.0,4.0,60.6,0.816,2.42,1.0,True,0.01,0.95,10.0,39600.0,0.938,0.139
8727,1 - 1 - 2022,19800.0,3.63318042491699,3.1622776601683795,4.216965733794858,0.0125,0.01,0.0158489,0.454,0.4,0.5,0.032,0.0,0.05,1160.0,22.6,0.0,1.0,True,0.01,0.95,10.0,39600.0,0.938,0.139
8728,1 - 1 - 2022,19800.0,3.591656999213594,3.1622776601683795,4.216965733794858,0.0129,0.01,0.0158489,0.449,0.4,0.5,0.0785,0.05,0.1,3300.0,38.1,0.0,1.0,True,0.01,0.95,10.0,39600.0,0.938,0.139
8729,1 - 1 - 2022,19800.0,3.6193922141707713,3.1622776601683795,4.216965733794858,0.0128,0.01,0.0158489,0.447,0.4,0.5,0.156,0.1,0.2,5920.0,36.1,0.0,1.0,True,0.01,0.95,10.0,39600.0,0.938,0.139
8730,1 - 1 - 2022,19800.0,3.5777087639996634,3.1622776601683795,4.216965733794858,0.0128,0.01,0.0158489,0.447,0.4,0.5,0.246,0.2,0.3,6400.0,37.5,0.0,1.0,True,0.01,0.95,10.0,39600.0,0.938,0.139
8731,1 - 1 - 2022,19800.0,3.6193922141707713,3.1622776601683795,4.216965733794858,0.0126,0.01,0.0158489,0.444,0.4,0.5,0.353,0.3,0.4,7660.0,41.0,0.0,1.0,True,0.01,0.95,10.0,39600.0,0.938,0.139
8732,1 - 1 - 2022,19800.0,3.6606010435446255,3.1622776601683795,4.216965733794858,0.0125,0.01,0.0158489,0.441,0.4,0.5,0.448,0.4,0.5,7270.0,40.0,0.0,1.0,True,0.01,0.95,10.0,39600.0,0.938,0.139
8733,1 - 1 - 2022,19800.0,3.63318042491699,3.1622776601683795,4.216965733794858,0.0125,0.01,0.0158489,0.44,0.4,0.5,0.547,0.5,0.6,7900.0,41.7,48.5,1.0,True,0.01,0.95,10.0,39600.0,0.938,0.139
8734,1 - 1 - 2022,19800.0,3.605551275463989,3.1622776601683795,4.216965733794858,0.0126,0.01,0.0158489,0.442,0.4,0.5,0.648,0.6,0.7,5920.0,36.1,97.0,1.0,True,0.01,0.95,10.0,39600.0,0.938,0.139
8735,1 - 1 - 2022,19800.0,3.646916505762094,3.1622776601683795,4.216965733794858,0.0126,0.01,0.0158489,0.446,0.4,0.5,0.739,0.7,0.8,4120.0,30.1,48.5,1.0,True,0.01,0.95,10.0,39600.0,0.938,0.139
8736,1 - 1 - 2022,19800.0,3.6742346141747673,3.1622776601683795,4.216965733794858,0.0124,0.01,0.0158489,0.446,0.4,0.5,0.845,0.8,0.9,3730.0,28.6,194.0,1.0,True,0.01,0.95,10.0,39600.0,0.938,0.139
8737,1 - 1 - 2022,19800.0,3.5637059362410923,3.1622776601683795,4.216965733794858,0.0128,0.01,0.0158489,0.441,0.4,0.5,0.959,0.9,1.0,2230.0,22.1,194.0,1.0,True,0.01,0.95,10.0,39600.0,0.938,0.139
8738,1 - 1 - 2022,19800.0,3.605551275463989,3.1622776601683795,4.216965733794858,0.0128,0.01,0.0158489,0.447,0.4,0.5,1.18,1.0,1.5,960.0,6.49,116.0,1.0,True,0.01,0.95,10.0,39600.0,0.938,0.139
8739,1 - 1 - 2022,19800.0,3.6606010435446255,3.1622776601683795,4.216965733794858,0.013,0.01,0.0158489,0.44,0.4,0.5,1.69,1.5,2.0,272.0,3.45,29.1,1.0,True,0.01,0.95,10.0,39600.0,0.938,0.139
8740,1 - 1 - 2022,19800.0,3.5496478698597698,3.1622776601683795,4.216965733794858,0.0126,0.01,0.0158489,0.451,0.4,0.5,2.46,2.0,4.0,33.9,0.611,0.0,1.0,True,0.01,0.95,10.0,39600.0,0.938,0.139
8741,1 - 1 - 2022,19800.0,3.646916505762094,3.1622776601683795,4.216965733794858,0.0127,0.01,0.0158489,0.538,0.5,0.6,0.0346,0.0,0.05,970.0,20.6,0.0,1.0,True,0.01,0.95,10.0,39600.0,0.938,0.139
8742,1 - 1 - 2022,19800.0,3.605551275463989,3.1622776601683795,4.216965733794858,0.0129,0.01,0.0158489,0.533,0.5,0.6,0.0767,0.05,0.1,2130.0,30.6,0.0,1.0,True,0.01,0.95,10.0,39600.0,0.938,0.139
8743,1 - 1 - 2022,19800.0,3.591656999213594,3.1622776601683795,4.216965733794858,0.0128,0.01,0.0158489,0.551,0.5,0.6,0.15,0.1,0.2,3540.0,27.9,0.0,1.0,True,0.01,0.95,10.0,39600.0,0.938,0.139
8744,1 - 1 - 2022,19800.0,3.646916505762094,3.1622776601683795,4.216965733794858,0.0128,0.01,0.0158489,0.543,0.5,0.6,0.252,0.2,0.3,4660.0,32.0,0.0,1.0,True,0.01,0.95,10.0,39600.0,0.938,0.139
8745,1 - 1 - 2022,19800.0,3.605551275463989,3.1622776601683795,4.216965733794858,0.0129,0.01,0.0158489,0.549,0.5,0.6,0.344,0.3,0.4,4700.0,32.1,0.0,1.0,True,0.01,0.95,10.0,39600.0,0.938,0.139
8746,1 - 1 - 2022,19800.0,3.63318042491699,3.1622776601683795,4.216965733794858,0.0126,0.01,0.0158489,0.54,0.5,0.6,0.447,0.4,0.5,3880.0,29.2,0.0,1.0,True,0.01,0.95,10.0,39600.0,0.938,0.139
8747,1 - 1 - 2022,19800.0,3.646916505762094,3.1622776601683795,4.216965733794858,0.0127,0.01,0.0158489,0.55,0.5,0.6,0.547,0.5,0.6,3880.0,29.2,0.0,1.0,True,0.01,0.95,10.0,39600.0,0.938,0.139
8748,1 - 1 - 2022,19800.0,3.6742346141747673,3.1622776601683795,4.216965733794858,0.0124,0.01,0.0158489,0.54,0.5,0.6,0.645,0.6,0.7,3490.0,27.7,0.0,1.0,True,0.01,0.95,10.0,39600.0,0.938,0.139
8749,1 - 1 - 2022,19800.0,3.63318042491699,3.1622776601683795,4.216965733794858,0.0131,0.01,0.0158489,0.543,0.5,0.6,0.747,0.7,0.8,2180.0,21.9,48.5,1.0,True,0.01,0.95,10.0,39600.0,0.938,0.139
8750,1 - 1 - 2022,19800.0,3.7282703764614498,3.1622776601683795,4.216965733794858,0.0131,0.01,0.0158489,0.547,0.5,0.6,0.847,0.8,0.9,1840.0,20.1,48.5,1.0,True,0.01,0.95,10.0,39600.0,0.938,0.139
8751,1 - 1 - 2022,19800.0,3.646916505762094,3.1622776601683795,4.216965733794858,0.013,0.01,0.0158489,0.544,0.5,0.6,0.95,0.9,1.0,1600.0,18.7,48.5,1.0,True,0.01,0.95,10.0,39600.0,0.938,0.139
8752,1 - 1 - 2022,19800.0,3.646916505762094,3.1622776601683795,4.216965733794858,0.0123,0.01,0.0158489,0.55,0.5,0.6,1.17,1.0,1.5,611.0,5.18,87.3,1.0,True,0.01,0.95,10.0,39600.0,0.938,0.139
8753,1 - 1 - 2022,19800.0,3.8340579025361627,3.1622776601683795,4.216965733794858,0.0128,0.01,0.0158489,0.541,0.5,0.6,1.78,1.5,2.0,97.0,2.06,9.7,1.0,True,0.01,0.95,10.0,39600.0,0.938,0.139
8754,1 - 1 - 2022,19800.0,3.5496478698597698,3.1622776601683795,4.216965733794858,0.0126,0.01,0.0158489,0.54,0.5,0.6,2.28,2.0,4.0,19.4,0.462,0.0,1.0,True,0.01,0.95,10.0,39600.0,0.938,0.139
8755,1 - 1 - 2022,19800.0,3.9496835316262997,3.1622776601683795,4.216965733794858,0.0152,0.01,0.0158489,0.654,0.6,0.7,0.0261,0.0,0.05,291.0,11.3,0.0,1.0,True,0.01,0.95,10.0,39600.0,0.938,0.139
8756,1 - 1 - 2022,19800.0,3.794733192202055,3.1622776601683795,4.216965733794858,0.0121,0.01,0.0158489,0.64,0.6,0.7,0.0932,0.05,0.1,582.0,16.0,0.0,1.0,True,0.01,0.95,10.0,39600.0,0.938,0.139
8757,1 - 1 - 2022,19800.0,3.5777087639996634,3.1622776601683795,4.216965733794858,0.0128,0.01,0.0158489,0.644,0.6,0.7,0.154,0.1,0.2,1700.0,19.3,0.0,1.0,True,0.01,0.95,10.0,39600.0,0.938,0.139
8758,1 - 1 - 2022,19800.0,3.591656999213594,3.1622776601683795,4.216965733794858,0.0132,0.01,0.0158489,0.645,0.6,0.7,0.252,0.2,0.3,2520.0,23.5,0.0,1.0,True,0.01,0.95,10.0,39600.0,0.938,0.139
8759,1 - 1 - 2022,19800.0,3.63318042491699,3.1622776601683795,4.216965733794858,0.0128,0.01,0.0158489,0.649,0.6,0.7,0.352,0.3,0.4,2620.0,24.0,0.0,1.0,True,0.01,0.95,10.0,39600.0,0.938,0.139
8760,1 - 1 - 2022,19800.0,3.714835124201342,3.1622776601683795,4.216965733794858,0.0125,0.01,0.0158489,0.644,0.6,0.7,0.449,0.4,0.5,2040.0,21.2,145.0,1.0,True,0.01,0.95,10.0,39600.0,0.938,0.139
8761,1 - 1 - 2022,19800.0,3.591656999213594,3.1622776601683795,4.216965733794858,0.0129,0.01,0.0158489,0.648,0.6,0.7,0.545,0.5,0.6,2280.0,22.4,194.0,1.0,True,0.01,0.95,10.0,39600.0,0.938,0.139
8762,1 - 1 - 2022,19800.0,3.5777087639996634,3.1622776601683795,4.216965733794858,0.0126,0.01,0.0158489,0.641,0.6,0.7,0.642,0.6,0.7,1450.0,17.9,48.5,1.0,True,0.01,0.95,10.0,39600.0,0.938,0.139
8763,1 - 1 - 2022,19800.0,3.5777087639996634,3.1622776601683795,4.216965733794858,0.0124,0.01,0.0158489,0.645,0.6,0.7,0.749,0.7,0.8,1750.0,19.6,242.0,1.0,True,0.01,0.95,10.0,39600.0,0.938,0.139
8764,1 - 1 - 2022,19800.0,3.5355339059327378,3.1622776601683795,4.216965733794858,0.0127,0.01,0.0158489,0.647,0.6,0.7,0.849,0.8,0.9,1260.0,16.6,194.0,1.0,True,0.01,0.95,10.0,39600.0,0.938,0.139
8765,1 - 1 - 2022,19800.0,3.646916505762094,3.1622776601683795,4.216965733794858,0.0123,0.01,0.0158489,0.64,0.6,0.7,0.952,0.9,1.0,824.0,13.5,97.0,1.0,True,0.01,0.95,10.0,39600.0,0.938,0.139
8766,1 - 1 - 2022,19800.0,3.5496478698597698,3.1622776601683795,4.216965733794858,0.0132,0.01,0.0158489,0.652,0.6,0.7,1.2,1.0,1.5,310.0,3.69,19.4,1.0,True,0.01,0.95,10.0,39600.0,0.938,0.139
8767,1 - 1 - 2022,19800.0,3.605551275463989,3.1622776601683795,4.216965733794858,0.0128,0.01,0.0158489,0.621,0.6,0.7,1.69,1.5,2.0,77.6,1.85,9.7,1.0,True,0.01,0.95,10.0,39600.0,0.938,0.139
8768,1 - 1 - 2022,19800.0,3.5071355833500366,3.1622776601683795,4.216965733794858,0.0126,0.01,0.0158489,0.621,0.6,0.7,2.8,2.0,4.0,7.27,0.283,0.0,1.0,True,0.01,0.95,10.0,39600.0,0.938,0.139
8769,1 - 1 - 2022,19800.0,3.63318042491699,3.1622776601683795,4.216965733794858,0.0139,0.01,0.0158489,0.727,0.7,0.8,0.0466,0.0,0.05,97.0,6.53,0.0,1.0,True,0.01,0.95,10.0,39600.0,0.938,0.139
8770,1 - 1 - 2022,19800.0,3.3166247903554,3.1622776601683795,4.216965733794858,0.0113,0.01,0.0158489,0.733,0.7,0.8,0.073,0.05,0.1,388.0,13.1,0.0,1.0,True,0.01,0.95,10.0,39600.0,0.938,0.139
8771,1 - 1 - 2022,19800.0,3.6193922141707713,3.1622776601683795,4.216965733794858,0.0131,0.01,0.0158489,0.743,0.7,0.8,0.153,0.1,0.2,1070.0,15.3,97.0,1.0,True,0.01,0.95,10.0,39600.0,0.938,0.139
8772,1 - 1 - 2022,19800.0,3.7013511046643495,3.1622776601683795,4.216965733794858,0.0133,0.01,0.0158489,0.733,0.7,0.8,0.254,0.2,0.3,776.0,13.1,0.0,1.0,True,0.01,0.95,10.0,39600.0,0.938,0.139
8773,1 - 1 - 2022,19800.0,3.5637059362410923,3.1622776601683795,4.216965733794858,0.0131,0.01,0.0158489,0.74,0.7,0.8,0.345,0.3,0.4,1450.0,17.9,97.0,1.0,True,0.01,0.95,10.0,39600.0,0.938,0.139
8774,1 - 1 - 2022,19800.0,3.492849839314596,3.1622776601683795,4.216965733794858,0.0123,0.01,0.0158489,0.752,0.7,0.8,0.451,0.4,0.5,1790.0,19.9,48.5,1.0,True,0.01,0.95,10.0,39600.0,0.938,0.139
8775,1 - 1 - 2022,19800.0,3.646916505762094,3.1622776601683795,4.216965733794858,0.0122,0.01,0.0158489,0.748,0.7,0.8,0.549,0.5,0.6,1700.0,19.3,388.0,1.0,True,0.01,0.95,10.0,39600.0,0.938,0.139
8776,1 - 1 - 2022,19800.0,3.6606010435446255,3.1622776601683795,4.216965733794858,0.0133,0.01,0.0158489,0.745,0.7,0.8,0.651,0.6,0.7,1410.0,17.6,339.0,1.0,True,0.01,0.95,10.0,39600.0,0.938,0.139
8777,1 - 1 - 2022,19800.0,3.6606010435446255,3.1622776601683795,4.216965733794858,0.0126,0.01,0.0158489,0.737,0.7,0.8,0.749,0.7,0.8,873.0,13.8,145.0,1.0,True,0.01,0.95,10.0,39600.0,0.938,0.139
8778,1 - 1 - 2022,19800.0,3.5496478698597698,3.1622776601683795,4.216965733794858,0.0129,0.01,0.0158489,0.741,0.7,0.8,0.848,0.8,0.9,824.0,13.5,97.0,1.0,True,0.01,0.95,10.0,39600.0,0.938,0.139
8779,1 - 1 - 2022,19800.0,4.06201920231798,3.1622776601683795,4.216965733794858,0.0131,0.01,0.0158489,0.734,0.7,0.8,0.942,0.9,1.0,194.0,6.53,146.0,1.0,True,0.01,0.95,10.0,39600.0,0.938,0.139
8780,1 - 1 - 2022,19800.0,3.591656999213594,3.1622776601683795,4.216965733794858,0.0123,0.01,0.0158489,0.734,0.7,0.8,1.1,1.0,1.5,145.0,2.53,29.1,1.0,True,0.01,0.95,10.0,39600.0,0.938,0.139
8781,1 - 1 - 2022,19800.0,4.049691346263317,3.1622776601683795,4.216965733794858,0.0121,0.01,0.0158489,0.73,0.7,0.8,1.62,1.5,2.0,19.4,0.923,9.7,1.0,True,0.01,0.95,10.0,39600.0,0.938,0.139
8782,1 - 1 - 2022,19800.0,3.6742346141747673,3.1622776601683795,4.216965733794858,0.0123,0.01,0.0158489,0.733,0.7,0.8,2.24,2.0,4.0,7.27,0.283,2.43,1.0,True,0.01,0.95,10.0,39600.0,0.938,0.139
8783,1 - 1 - 2022,19800.0,4.147288270665544,3.1622776601683795,4.216965733794858,0.0101,0.01,0.0158489,0.852,0.8,0.9,0.0774,0.05,0.1,97.0,6.53,0.0,1.0,True,0.01,0.95,10.0,39600.0,0.938,0.139
8784,1 - 1 - 2022,19800.0,3.5071355833500366,3.1622776601683795,4.216965733794858,0.0128,0.01,0.0158489,0.84,0.8,0.9,0.157,0.1,0.2,679.0,12.2,48.5,1.0,True,0.01,0.95,10.0,39600.0,0.938,0.139
8785,1 - 1 - 2022,19800.0,3.8078865529319543,3.1622776601683795,4.216965733794858,0.0114,0.01,0.0158489,0.826,0.8,0.9,0.262,0.2,0.3,436.0,9.79,0.0,1.0,True,0.01,0.95,10.0,39600.0,0.938,0.139
8786,1 - 1 - 2022,19800.0,3.605551275463989,3.1622776601683795,4.216965733794858,0.0128,0.01,0.0158489,0.835,0.8,0.9,0.358,0.3,0.4,873.0,13.8,194.0,1.0,True,0.01,0.95,10.0,39600.0,0.938,0.139
8787,1 - 1 - 2022,19800.0,3.591656999213594,3.1622776601683795,4.216965733794858,0.0121,0.01,0.0158489,0.838,0.8,0.9,0.457,0.4,0.5,533.0,10.8,242.0,1.0,True,0.01,0.95,10.0,39600.0,0.938,0.139
8788,1 - 1 - 2022,19800.0,3.591656999213594,3.1622776601683795,4.216965733794858,0.0127,0.01,0.0158489,0.855,0.8,0.9,0.551,0.5,0.6,485.0,10.3,242.0,1.0,True,0.01,0.95,10.0,39600.0,0.938,0.139
8789,1 - 1 - 2022,19800.0,3.521363372331802,3.1622776601683795,4.216965733794858,0.0131,0.01,0.0158489,0.835,0.8,0.9,0.636,0.6,0.7,582.0,11.3,97.0,1.0,True,0.01,0.95,10.0,39600.0,0.938,0.139
8790,1 - 1 - 2022,19800.0,3.7416573867739413,3.1622776601683795,4.216965733794858,0.0132,0.01,0.0158489,0.843,0.8,0.9,0.737,0.7,0.8,339.0,8.64,145.0,1.0,True,0.01,0.95,10.0,39600.0,0.938,0.139
8791,1 - 1 - 2022,19800.0,3.449637662132068,3.1622776601683795,4.216965733794858,0.0119,0.01,0.0158489,0.848,0.8,0.9,0.867,0.8,0.9,291.0,7.99,97.0,1.0,True,0.01,0.95,10.0,39600.0,0.938,0.139
8792,1 - 1 - 2022,19800.0,3.7682887362833544,3.1622776601683795,4.216965733794858,0.0125,0.01,0.0158489,0.84,0.8,0.9,0.97,0.9,1.0,194.0,6.53,48.5,1.0,True,0.01,0.95,10.0,39600.0,0.938,0.139
8793,1 - 1 - 2022,19800.0,3.492849839314596,3.1622776601683795,4.216965733794858,0.0125,0.01,0.0158489,0.848,0.8,0.9,1.18,1.0,1.5,87.3,1.96,9.7,1.0,True,0.01,0.95,10.0,39600.0,0.938,0.139
8794,1 - 1 - 2022,19800.0,3.5071355833500366,3.1622776601683795,4.216965733794858,0.0111,0.01,0.0158489,0.929,0.9,1.0,0.164,0.1,0.2,242.0,7.3,48.5,1.0,True,0.01,0.95,10.0,39600.0,0.938,0.139
8795,1 - 1 - 2022,19800.0,3.449637662132068,3.1622776601683795,4.216965733794858,0.0111,0.01,0.0158489,0.934,0.9,1.0,0.25,0.2,0.3,243.0,7.3,48.5,1.0,True,0.01,0.95,10.0,39600.0,0.938,0.139
8796,1 - 1 - 2022,19800.0,3.605551275463989,3.1622776601683795,4.216965733794858,0.0125,0.01,0.0158489,0.929,0.9,1.0,0.368,0.3,0.4,242.0,7.3,48.5,1.0,True,0.01,0.95,10.0,39600.0,0.938,0.139
8797,1 - 1 - 2022,19800.0,3.4641016151377544,3.1622776601683795,4.216965733794858,0.0134,0.01,0.0158489,0.946,0.9,1.0,0.556,0.5,0.6,339.0,8.64,194.0,1.0,True,0.01,0.95,10.0,39600.0,0.938,0.139
8798,1 - 1 - 2022,19800.0,3.7013511046643495,3.1622776601683795,4.216965733794858,0.0122,0.01,0.0158489,0.945,0.9,1.0,0.632,0.6,0.7,145.0,5.65,0.0,1.0,True,0.01,0.95,10.0,39600.0,0.938,0.139
8799,1 - 1 - 2022,19800.0,3.96232255123179,3.1622776601683795,4.216965733794858,0.012,0.01,0.0158489,0.936,0.9,1.0,0.713,0.7,0.8,97.0,4.61,0.0,1.0,True,0.01,0.95,10.0,39600.0,0.938,0.139
8800,1 - 1 - 2022,19800.0,3.22490309931942,3.1622776601683795,4.216965733794858,0.0102,0.01,0.0158489,0.921,0.9,1.0,0.995,0.9,1.0,48.5,3.26,0.0,1.0,True,0.01,0.95,10.0,39600.0,0.938,0.139
8801,1 - 1 - 2022,19800.0,3.1622776601683795,3.1622776601683795,4.216965733794858,0.0109,0.01,0.0158489,0.928,0.9,1.0,1.3,1.0,1.5,9.7,0.653,0.0,1.0,True,0.01,0.95,10.0,39600.0,0.938,0.139
8802,1 - 1 - 2022,19800.0,3.714835124201342,3.1622776601683795,4.216965733794858,0.0194,0.0158489,0.0251189,0.0394,0.0,0.05,0.0336,0.0,0.05,7590.0,64.9,4900.0,1.0,True,0.01,0.95,10.0,39600.0,0.938,0.139
8803,1 - 1 - 2022,19800.0,3.7013511046643495,3.1622776601683795,4.216965733794858,0.0196,0.0158489,0.0251189,0.0391,0.0,0.05,0.0799,0.05,0.1,18200.0,101.0,10200.0,1.0,True,0.01,0.95,10.0,39600.0,0.938,0.139
8804,1 - 1 - 2022,19800.0,3.7013511046643495,3.1622776601683795,4.216965733794858,0.0196,0.0158489,0.0251189,0.0346,0.0,0.05,0.156,0.1,0.2,38700.0,104.0,20700.0,1.0,True,0.01,0.95,10.0,39600.0,0.938,0.139
8805,1 - 1 - 2022,19800.0,3.6742346141747673,3.1622776601683795,4.216965733794858,0.0196,0.0158489,0.0251189,0.0321,0.0,0.05,0.254,0.2,0.3,77200.0,146.0,38400.0,1.0,True,0.01,0.95,10.0,39600.0,0.938,0.139
8806,1 - 1 - 2022,19800.0,3.687817782917155,3.1622776601683795,4.216965733794858,0.0198,0.0158489,0.0251189,0.0306,0.0,0.05,0.35,0.3,0.4,85500.0,154.0,37200.0,1.0,True,0.01,0.95,10.0,39600.0,0.938,0.139
8807,1 - 1 - 2022,19800.0,3.6742346141747673,3.1622776601683795,4.216965733794858,0.0197,0.0158489,0.0251189,0.0297,0.0,0.05,0.449,0.4,0.5,83800.0,152.0,32400.0,1.0,True,0.01,0.95,10.0,39600.0,0.938,0.139
8808,1 - 1 - 2022,19800.0,3.6742346141747673,3.1622776601683795,4.216965733794858,0.0198,0.0158489,0.0251189,0.0302,0.0,0.05,0.548,0.5,0.6,58300.0,127.0,22500.0,1.0,True,0.01,0.95,10.0,39600.0,0.938,0.139
8809,1 - 1 - 2022,19800.0,3.6742346141747673,3.1622776601683795,4.216965733794858,0.0198,0.0158489,0.0251189,0.0314,0.0,0.05,0.647,0.6,0.7,40900.0,106.0,14700.0,1.0,True,0.01,0.95,10.0,39600.0,0.938,0.139
8810,1 - 1 - 2022,19800.0,3.6742346141747673,3.1622776601683795,4.216965733794858,0.0197,0.0158489,0.0251189,0.0306,0.0,0.05,0.745,0.7,0.8,26500.0,85.7,10800.0,1.0,True,0.01,0.95,10.0,39600.0,0.938,0.139
8811,1 - 1 - 2022,19800.0,3.687817782917155,3.1622776601683795,4.216965733794858,0.0197,0.0158489,0.0251189,0.0325,0.0,0.05,0.846,0.8,0.9,17300.0,69.2,6910.0,1.0,True,0.01,0.95,10.0,39600.0,0.938,0.139
8812,1 - 1 - 2022,19800.0,3.6742346141747673,3.1622776601683795,4.216965733794858,0.0194,0.0158489,0.0251189,0.0308,0.0,0.05,0.941,0.9,1.0,8140.0,47.5,4100.0,1.0,True,0.01,0.95,10.0,39600.0,0.938,0.139
8813,1 - 1 - 2022,19800.0,3.7282703764614498,3.1622776601683795,4.216965733794858,0.0196,0.0158489,0.0251189,0.0342,0.0,0.05,1.15,1.0,1.5,2090.0,10.8,1080.0,1.0,True,0.01,0.95,10.0,39600.0,0.938,0.139
8814,1 - 1 - 2022,19800.0,3.7682887362833544,3.1622776601683795,4.216965733794858,0.019,0.0158489,0.0251189,0.0406,0.0,0.05,1.65,1.5,2.0,97.9,2.33,61.2,1.0,True,0.01,0.95,10.0,39600.0,0.938,0.139
8815,1 - 1 - 2022,19800.0,3.63318042491699,3.1622776601683795,4.216965733794858,0.0197,0.0158489,0.0251189,0.0745,0.05,0.1,0.0344,0.0,0.05,12000.0,81.5,4770.0,1.0,True,0.01,0.95,10.0,39600.0,0.938,0.139
8816,1 - 1 - 2022,19800.0,3.605551275463989,3.1622776601683795,4.216965733794858,0.0201,0.0158489,0.0251189,0.074,0.05,0.1,0.0769,0.05,0.1,32600.0,134.0,10500.0,1.0,True,0.01,0.95,10.0,39600.0,0.938,0.139
8817,1 - 1 - 2022,19800.0,3.646916505762094,3.1622776601683795,4.216965733794858,0.0201,0.0158489,0.0251189,0.0733,0.05,0.1,0.153,0.1,0.2,58800.0,128.0,16300.0,1.0,True,0.01,0.95,10.0,39600.0,0.938,0.139
8818,1 - 1 - 2022,19800.0,3.646916505762094,3.1622776601683795,4.216965733794858,0.02,0.0158489,0.0251189,0.0728,0.05,0.1,0.252,0.2,0.3,70100.0,139.0,16000.0,1.0,True,0.01,0.95,10.0,39600.0,0.938,0.139
8819,1 - 1 - 2022,19800.0,3.63318042491699,3.1622776601683795,4.216965733794858,0.02,0.0158489,0.0251189,0.0726,0.05,0.1,0.349,0.3,0.4,70700.0,140.0,11600.0,1.0,True,0.01,0.95,10.0,39600.0,0.938,0.139
8820,1 - 1 - 2022,19800.0,3.63318042491699,3.1622776601683795,4.216965733794858,0.02,0.0158489,0.0251189,0.0738,0.05,0.1,0.451,0.4,0.5,63000.0,132.0,7650.0,1.0,True,0.01,0.95,10.0,39600.0,0.938,0.139
8821,1 - 1 - 2022,19800.0,3.6193922141707713,3.1622776601683795,4.216965733794858,0.02,0.0158489,0.0251189,0.0731,0.05,0.1,0.548,0.5,0.6,44700.0,111.0,3730.0,1.0,True,0.01,0.95,10.0,39600.0,0.938,0.139
8822,1 - 1 - 2022,19800.0,3.646916505762094,3.1622776601683795,4.216965733794858,0.0202,0.0158489,0.0251189,0.0737,0.05,0.1,0.644,0.6,0.7,35600.0,99.4,1590.0,1.0,True,0.01,0.95,10.0,39600.0,0.938,0.139
8823,1 - 1 - 2022,19800.0,3.646916505762094,3.1622776601683795,4.216965733794858,0.0199,0.0158489,0.0251189,0.074,0.05,0.1,0.751,0.7,0.8,23600.0,80.8,306.0,1.0,True,0.01,0.95,10.0,39600.0,0.938,0.139
8824,1 - 1 - 2022,19800.0,3.63318042491699,3.1622776601683795,4.216965733794858,0.0205,0.0158489,0.0251189,0.0729,0.05,0.1,0.846,0.8,0.9,14900.0,64.3,61.2,1.0,True,0.01,0.95,10.0,39600.0,0.938,0.139
8825,1 - 1 - 2022,19800.0,3.6606010435446255,3.1622776601683795,4.216965733794858,0.0201,0.0158489,0.0251189,0.0749,0.05,0.1,0.945,0.9,1.0,10500.0,53.9,61.2,1.0,True,0.01,0.95,10.0,39600.0,0.938,0.139
8826,1 - 1 - 2022,19800.0,3.6606010435446255,3.1622776601683795,4.216965733794858,0.0201,0.0158489,0.0251189,0.0729,0.05,0.1,1.15,1.0,1.5,2900.0,12.7,12.2,1.0,True,0.01,0.95,10.0,39600.0,0.938,0.139
8827,1 - 1 - 2022,19800.0,3.687817782917155,3.1622776601683795,4.216965733794858,0.0199,0.0158489,0.0251189,0.0802,0.05,0.1,1.64,1.5,2.0,306.0,4.12,0.0,1.0,True,0.01,0.95,10.0,39600.0,0.938,0.139
8828,1 - 1 - 2022,19800.0,3.6606010435446255,3.1622776601683795,4.216965733794858,0.0198,0.0158489,0.0251189,0.0803,0.05,0.1,2.3,2.0,4.0,21.4,0.545,3.06,1.0,True,0.01,0.95,10.0,39600.0,0.938,0.139
8829,1 - 1 - 2022,19800.0,3.6193922141707713,3.1622776601683795,4.216965733794858,0.0192,0.0158489,0.0251189,0.125,0.1,0.15,0.0352,0.0,0.05,7590.0,64.9,5260.0,1.0,True,0.01,0.95,10.0,39600.0,0.938,0.139
8830,1 - 1 - 2022,19800.0,3.6742346141747673,3.1622776601683795,4.216965733794858,0.02,0.0158489,0.0251189,0.124,0.1,0.15,0.0771,0.05,0.1,17400.0,98.2,10600.0,1.0,True,0.01,0.95,10.0,39600.0,0.938,0.139
8831,1 - 1 - 2022,19800.0,3.6193922141707713,3.1622776601683795,4.216965733794858,0.02,0.0158489,0.0251189,0.123,0.1,0.15,0.153,0.1,0.2,39000.0,104.0,21500.0,1.0,True,0.01,0.95,10.0,39600.0,0.938,0.139
8832,1 - 1 - 2022,19800.0,3.63318042491699,3.1622776601683795,4.216965733794858,0.02,0.0158489,0.0251189,0.124,0.1,0.15,0.249,0.2,0.3,49300.0,117.0,23300.0,1.0,True,0.01,0.95,10.0,39600.0,0.938,0.139
8833,1 - 1 - 2022,19800.0,3.6606010435446255,3.1622776601683795,4.216965733794858,0.0199,0.0158489,0.0251189,0.123,0.1,0.15,0.35,0.3,0.4,47700.0,115.0,18800.0,1.0,True,0.01,0.95,10.0,39600.0,0.938,0.139
8834,1 - 1 - 2022,19800.0,3.63318042491699,3.1622776601683795,4.216965733794858,0.0201,0.0158489,0.0251189,0.124,0.1,0.15,0.447,0.4,0.5,43000.0,109.0,14800.0,1.0,True,0.01,0.95,10.0,39600.0,0.938,0.139
8835,1 - 1 - 2022,19800.0,3.646916505762094,3.1622776601683795,4.216965733794858,0.0201,0.0158489,0.0251189,0.124,0.1,0.15,0.547,0.5,0.6,36100.0,100.0,10900.0,1.0,True,0.01,0.95,10.0,39600.0,0.938,0.139
8836,1 - 1 - 2022,19800.0,3.6742346141747673,3.1622776601683795,4.216965733794858,0.02,0.0158489,0.0251189,0.124,0.1,0.15,0.648,0.6,0.7,25000.0,83.2,7160.0,1.0,True,0.01,0.95,10.0,39600.0,0.938,0.139
8837,1 - 1 - 2022,19800.0,3.6606010435446255,3.1622776601683795,4.216965733794858,0.02,0.0158489,0.0251189,0.124,0.1,0.15,0.746,0.7,0.8,15700.0,65.9,2750.0,1.0,True,0.01,0.95,10.0,39600.0,0.938,0.139
8838,1 - 1 - 2022,19800.0,3.63318042491699,3.1622776601683795,4.216965733794858,0.0201,0.0158489,0.0251189,0.122,0.1,0.15,0.846,0.8,0.9,11800.0,57.2,1650.0,1.0,True,0.01,0.95,10.0,39600.0,0.938,0.139
8839,1 - 1 - 2022,19800.0,3.646916505762094,3.1622776601683795,4.216965733794858,0.0196,0.0158489,0.0251189,0.125,0.1,0.15,0.947,0.9,1.0,7650.0,46.0,918.0,1.0,True,0.01,0.95,10.0,39600.0,0.938,0.139
8840,1 - 1 - 2022,19800.0,3.646916505762094,3.1622776601683795,4.216965733794858,0.0196,0.0158489,0.0251189,0.125,0.1,0.15,1.18,1.0,1.5,2770.0,12.4,36.7,1.0,True,0.01,0.95,10.0,39600.0,0.938,0.139
8841,1 - 1 - 2022,19800.0,3.6606010435446255,3.1622776601683795,4.216965733794858,0.0197,0.0158489,0.0251189,0.128,0.1,0.15,1.73,1.5,2.0,392.0,4.66,0.0,1.0,True,0.01,0.95,10.0,39600.0,0.938,0.139
8842,1 - 1 - 2022,19800.0,3.5496478698597698,3.1622776601683795,4.216965733794858,0.0192,0.0158489,0.0251189,0.124,0.1,0.15,2.29,2.0,4.0,36.7,0.713,0.0,1.0,True,0.01,0.95,10.0,39600.0,0.938,0.139
8843,1 - 1 - 2022,19800.0,3.6742346141747673,3.1622776601683795,4.216965733794858,0.0201,0.0158489,0.0251189,0.171,0.15,0.2,0.034,0.0,0.05,5140.0,53.4,2810.0,1.0,True,0.01,0.95,10.0,39600.0,0.938,0.139
8844,1 - 1 - 2022,19800.0,3.646916505762094,3.1622776601683795,4.216965733794858,0.0197,0.0158489,0.0251189,0.173,0.15,0.2,0.0774,0.05,0.1,13700.0,87.2,8200.0,1.0,True,0.01,0.95,10.0,39600.0,0.938,0.139
8845,1 - 1 - 2022,19800.0,3.6193922141707713,3.1622776601683795,4.216965733794858,0.02,0.0158489,0.0251189,0.173,0.15,0.2,0.154,0.1,0.2,23900.0,81.3,12700.0,1.0,True,0.01,0.95,10.0,39600.0,0.938,0.139
8846,1 - 1 - 2022,19800.0,3.63318042491699,3.1622776601683795,4.216965733794858,0.0198,0.0158489,0.0251189,0.174,0.15,0.2,0.252,0.2,0.3,31900.0,94.1,14700.0,1.0,True,0.01,0.95,10.0,39600.0,0.938,0.139
8847,1 - 1 - 2022,19800.0,3.63318042491699,3.1622776601683795,4.216965733794858,0.0202,0.0158489,0.0251189,0.172,0.15,0.2,0.347,0.3,0.4,31100.0,92.8,12800.0,1.0,True,0.01,0.95,10.0,39600.0,0.938,0.139
8848,1 - 1 - 2022,19800.0,3.6193922141707713,3.1622776601683795,4.216965733794858,0.02,0.0158489,0.0251189,0.173,0.15,0.2,0.449,0.4,0.5,30700.0,92.2,11300.0,1.0,True,0.01,0.95,10.0,39600.0,0.938,0.139
8849,1 - 1 - 2022,19800.0,3.6193922141707713,3.1622776601683795,4.216965733794858,0.02,0.0158489,0.0251189,0.173,0.15,0.2,0.546,0.5,0.6,22300.0,78.6,7340.0,1.0,True,0.01,0.95,10.0,39600.0,0.938,0.139
8850,1 - 1 - 2022,19800.0,3.605551275463989,3.1622776601683795,4.216965733794858,0.0199,0.0158489,0.0251189,0.175,0.15,0.2,0.65,0.6,0.7,17300.0,69.3,5450.0,1.0,True,0.01,0.95,10.0,39600.0,0.938,0.139
8851,1 - 1 - 2022,19800.0,3.687817782917155,3.1622776601683795,4.216965733794858,0.0201,0.0158489,0.0251189,0.172,0.15,0.2,0.746,0.7,0.8,13200.0,60.5,3430.0,1.0,True,0.01,0.95,10.0,39600.0,0.938,0.139
8852,1 - 1 - 2022,19800.0,3.646916505762094,3.1622776601683795,4.216965733794858,0.0204,0.0158489,0.0251189,0.174,0.15,0.2,0.847,0.8,0.9,10100.0,52.9,2450.0,1.0,True,0.01,0.95,10.0,39600.0,0.938,0.139
8853,1 - 1 - 2022,19800.0,3.6606010435446255,3.1622776601683795,4.216965733794858,0.0199,0.0158489,0.0251189,0.174,0.15,0.2,0.946,0.9,1.0,6430.0,42.2,1840.0,1.0,True,0.01,0.95,10.0,39600.0,0.938,0.139
8854,1 - 1 - 2022,19800.0,3.6193922141707713,3.1622776601683795,4.216965733794858,0.0201,0.0158489,0.0251189,0.174,0.15,0.2,1.17,1.0,1.5,2180.0,11.0,269.0,1.0,True,0.01,0.95,10.0,39600.0,0.938,0.139
8855,1 - 1 - 2022,19800.0,3.646916505762094,3.1622776601683795,4.216965733794858,0.0202,0.0158489,0.0251189,0.173,0.15,0.2,1.7,1.5,2.0,477.0,5.14,12.2,1.0,True,0.01,0.95,10.0,39600.0,0.938,0.139
8856,1 - 1 - 2022,19800.0,3.5071355833500366,3.1622776601683795,4.216965733794858,0.019,0.0158489,0.0251189,0.178,0.15,0.2,2.46,2.0,4.0,30.6,0.651,0.0,1.0,True,0.01,0.95,10.0,39600.0,0.938,0.139
8857,1 - 1 - 2022,19800.0,3.605551275463989,3.1622776601683795,4.216965733794858,0.0198,0.0158489,0.0251189,0.224,0.2,0.25,0.0315,0.0,0.05,3300.0,42.8,1220.0,1.0,True,0.01,0.95,10.0,39600.0,0.938,0.139
8858,1 - 1 - 2022,19800.0,3.605551275463989,3.1622776601683795,4.216965733794858,0.0206,0.0158489,0.0251189,0.223,0.2,0.25,0.0787,0.05,0.1,9300.0,71.8,2450.0,1.0,True,0.01,0.95,10.0,39600.0,0.938,0.139
8859,1 - 1 - 2022,19800.0,3.6606010435446255,3.1622776601683795,4.216965733794858,0.02,0.0158489,0.0251189,0.222,0.2,0.25,0.153,0.1,0.2,15300.0,65.1,6120.0,1.0,True,0.01,0.95,10.0,39600.0,0.938,0.139
8860,1 - 1 - 2022,19800.0,3.63318042491699,3.1622776601683795,4.216965733794858,0.0202,0.0158489,0.0251189,0.223,0.2,0.25,0.251,0.2,0.3,22200.0,78.4,8200.0,1.0,True,0.01,0.95,10.0,39600.0,0.938,0.139
8861,1 - 1 - 2022,19800.0,3.63318042491699,3.1622776601683795,4.216965733794858,0.0199,0.0158489,0.0251189,0.224,0.2,0.25,0.349,0.3,0.4,21900.0,77.9,7590.0,1.0,True,0.01,0.95,10.0,39600.0,0.938,0.139
8862,1 - 1 - 2022,19800.0,3.6193922141707713,3.1622776601683795,4.216965733794858,0.02,0.0158489,0.0251189,0.224,0.2,0.25,0.45,0.4,0.5,22300.0,78.7,7590.0,1.0,True,0.01,0.95,10.0,39600.0,0.938,0.139
8863,1 - 1 - 2022,19800.0,3.6193922141707713,3.1622776601683795,4.216965733794858,0.0202,0.0158489,0.0251189,0.224,0.2,0.25,0.55,0.5,0.6,17900.0,70.4,5570.0,1.0,True,0.01,0.95,10.0,39600.0,0.938,0.139
8864,1 - 1 - 2022,19800.0,3.6193922141707713,3.1622776601683795,4.216965733794858,0.02,0.0158489,0.0251189,0.223,0.2,0.25,0.652,0.6,0.7,12500.0,58.8,4100.0,1.0,True,0.01,0.95,10.0,39600.0,0.938,0.139
8865,1 - 1 - 2022,19800.0,3.646916505762094,3.1622776601683795,4.216965733794858,0.0198,0.0158489,0.0251189,0.224,0.2,0.25,0.746,0.7,0.8,10500.0,54.0,3790.0,1.0,True,0.01,0.95,10.0,39600.0,0.938,0.139
8866,1 - 1 - 2022,19800.0,3.6606010435446255,3.1622776601683795,4.216965733794858,0.0199,0.0158489,0.0251189,0.222,0.2,0.25,0.846,0.8,0.9,6000.0,40.8,1590.0,1.0,True,0.01,0.95,10.0,39600.0,0.938,0.139
8867,1 - 1 - 2022,19800.0,3.605551275463989,3.1622776601683795,4.216965733794858,0.0201,0.0158489,0.0251189,0.222,0.2,0.25,0.953,0.9,1.0,5140.0,37.7,1160.0,1.0,True,0.01,0.95,10.0,39600.0,0.938,0.139
8868,1 - 1 - 2022,19800.0,3.714835124201342,3.1622776601683795,4.216965733794858,0.0201,0.0158489,0.0251189,0.225,0.2,0.25,1.18,1.0,1.5,1930.0,10.4,306.0,1.0,True,0.01,0.95,10.0,39600.0,0.938,0.139
8869,1 - 1 - 2022,19800.0,3.687817782917155,3.1622776601683795,4.216965733794858,0.0202,0.0158489,0.0251189,0.223,0.2,0.25,1.71,1.5,2.0,294.0,4.04,24.5,1.0,True,0.01,0.95,10.0,39600.0,0.938,0.139
8870,1 - 1 - 2022,19800.0,3.82099463490856,3.1622776601683795,4.216965733794858,0.0196,0.0158489,0.0251189,0.223,0.2,0.25,2.43,2.0,4.0,27.5,0.618,0.0,1.0,True,0.01,0.95,10.0,39600.0,0.938,0.139
8871,1 - 1 - 2022,19800.0,3.5637059362410923,3.1622776601683795,4.216965733794858,0.02,0.0158489,0.0251189,0.274,0.25,0.3,0.0321,0.0,0.05,2200.0,34.9,122.0,1.0,True,0.01,0.95,10.0,39600.0,0.938,0.139
8872,1 - 1 - 2022,19800.0,3.591656999213594,3.1622776601683795,4.216965733794858,0.0202,0.0158489,0.0251189,0.274,0.25,0.3,0.0777,0.05,0.1,6120.0,58.2,612.0,1.0,True,0.01,0.95,10.0,39600.0,0.938,0.139
8873,1 - 1 - 2022,19800.0,3.63318042491699,3.1622776601683795,4.216965733794858,0.02,0.0158489,0.0251189,0.274,0.25,0.3,0.151,0.1,0.2,9730.0,51.9,1470.0,1.0,True,0.01,0.95,10.0,39600.0,0.938,0.139
8874,1 - 1 - 2022,19800.0,3.63318042491699,3.1622776601683795,4.216965733794858,0.0199,0.0158489,0.0251189,0.274,0.25,0.3,0.25,0.2,0.3,15700.0,66.0,3730.0,1.0,True,0.01,0.95,10.0,39600.0,0.938,0.139
8875,1 - 1 - 2022,19800.0,3.63318042491699,3.1622776601683795,4.216965733794858,0.02,0.0158489,0.0251189,0.273,0.25,0.3,0.349,0.3,0.4,14000.0,62.3,3120.0,1.0,True,0.01,0.95,10.0,39600.0,0.938,0.139
8876,1 - 1 - 2022,19800.0,3.6606010435446255,3.1622776601683795,4.216965733794858,0.0201,0.0158489,0.0251189,0.275,0.25,0.3,0.451,0.4,0.5,13200.0,60.5,3000.0,1.0,True,0.01,0.95,10.0,39600.0,0.938,0.139
8877,1 - 1 - 2022,19800.0,3.6193922141707713,3.1622776601683795,4.216965733794858,0.0202,0.0158489,0.0251189,0.275,0.25,0.3,0.549,0.5,0.6,12900.0,59.8,2880.0,1.0,True,0.01,0.95,10.0,39600.0,0.938,0.139
8878,1 - 1 - 2022,19800.0,3.646916505762094,3.1622776601683795,4.216965733794858,0.0204,0.0158489,0.0251189,0.273,0.25,0.3,0.648,0.6,0.7,9970.0,52.6,2200.0,1.0,True,0.01,0.95,10.0,39600.0,0.938,0.139
8879,1 - 1 - 2022,19800.0,3.6193922141707713,3.1622776601683795,4.216965733794858,0.0199,0.0158489,0.0251189,0.276,0.25,0.3,0.744,0.7,0.8,7040.0,44.2,1410.0,1.0,True,0.01,0.95,10.0,39600.0,0.938,0.139
8880,1 - 1 - 2022,19800.0,3.646916505762094,3.1622776601683795,4.216965733794858,0.0199,0.0158489,0.0251189,0.275,0.25,0.3,0.846,0.8,0.9,4900.0,36.8,1350.0,1.0,True,0.01,0.95,10.0,39600.0,0.938,0.139
8881,1 - 1 - 2022,19800.0,3.605551275463989,3.1622776601683795,4.216965733794858,0.02,0.0158489,0.0251189,0.272,0.25,0.3,0.944,0.9,1.0,3180.0,29.7,1040.0,1.0,True,0.01,0.95,10.0,39600.0,0.938,0.139
8882,1 - 1 - 2022,19800.0,3.6193922141707713,3.1622776601683795,4.216965733794858,0.0199,0.0158489,0.0251189,0.274,0.25,0.3,1.17,1.0,1.5,1240.0,8.28,196.0,1.0,True,0.01,0.95,10.0,39600.0,0.938,0.139
8883,1 - 1 - 2022,19800.0,3.687817782917155,3.1622776601683795,4.216965733794858,0.0201,0.0158489,0.0251189,0.275,0.25,0.3,1.67,1.5,2.0,379.0,4.59,36.7,1.0,True,0.01,0.95,10.0,39600.0,0.938,0.139
8884,1 - 1 - 2022,19800.0,3.478505426185217,3.1622776601683795,4.216965733794858,0.0198,0.0158489,0.0251189,0.274,0.25,0.3,2.63,2.0,4.0,33.7,0.683,0.0,1.0,True,0.01,0.95,10.0,39600.0,0.938,0.139
8885,1 - 1 - 2022,19800.0,3.478505426185217,3.1622776601683795,4.216965733794858,0.0196,0.0158489,0.0251189,0.34,0.3,0.4,0.0355,0.0,0.05,1040.0,17.0,0.0,1.0,True,0.01,0.95,10.0,39600.0,0.938,0.139
8886,1 - 1 - 2022,19800.0,3.5496478698597698,3.1622776601683795,4.216965733794858,0.0204,0.0158489,0.0251189,0.347,0.3,0.4,0.0724,0.05,0.1,2940.0,28.5,0.0,1.0,True,0.01,0.95,10.0,39600.0,0.938,0.139
8887,1 - 1 - 2022,19800.0,3.63318042491699,3.1622776601683795,4.216965733794858,0.0197,0.0158489,0.0251189,0.347,0.3,0.4,0.152,0.1,0.2,5810.0,28.4,184.0,1.0,True,0.01,0.95,10.0,39600.0,0.938,0.139
8888,1 - 1 - 2022,19800.0,3.63318042491699,3.1622776601683795,4.216965733794858,0.02,0.0158489,0.0251189,0.343,0.3,0.4,0.251,0.2,0.3,7860.0,33.0,428.0,1.0,True,0.01,0.95,10.0,39600.0,0.938,0.139
8889,1 - 1 - 2022,19800.0,3.63318042491699,3.1622776601683795,4.216965733794858,0.0201,0.0158489,0.0251189,0.342,0.3,0.4,0.349,0.3,0.4,9210.0,35.7,1220.0,1.0,True,0.01,0.95,10.0,39600.0,0.938,0.139
8890,1 - 1 - 2022,19800.0,3.63318042491699,3.1622776601683795,4.216965733794858,0.0199,0.0158489,0.0251189,0.342,0.3,0.4,0.448,0.4,0.5,7860.0,33.0,1160.0,1.0,True,0.01,0.95,10.0,39600.0,0.938,0.139
8891,1 - 1 - 2022,19800.0,3.63318042491699,3.1622776601683795,4.216965733794858,0.0201,0.0158489,0.0251189,0.347,0.3,0.4,0.55,0.5,0.6,6790.0,30.7,918.0,1.0,True,0.01,0.95,10.0,39600.0,0.938,0.139
8892,1 - 1 - 2022,19800.0,3.591656999213594,3.1622776601683795,4.216965733794858,0.0201,0.0158489,0.0251189,0.344,0.3,0.4,0.649,0.6,0.7,7100.0,31.4,857.0,1.0,True,0.01,0.95,10.0,39600.0,0.938,0.139
8893,1 - 1 - 2022,19800.0,3.6193922141707713,3.1622776601683795,4.216965733794858,0.0201,0.0158489,0.0251189,0.344,0.3,0.4,0.748,0.7,0.8,4560.0,25.1,581.0,1.0,True,0.01,0.95,10.0,39600.0,0.938,0.139
8894,1 - 1 - 2022,19800.0,3.646916505762094,3.1622776601683795,4.216965733794858,0.0197,0.0158489,0.0251189,0.345,0.3,0.4,0.848,0.8,0.9,3730.0,22.7,551.0,1.0,True,0.01,0.95,10.0,39600.0,0.938,0.139
8895,1 - 1 - 2022,19800.0,3.605551275463989,3.1622776601683795,4.216965733794858,0.0197,0.0158489,0.0251189,0.338,0.3,0.4,0.949,0.9,1.0,2050.0,16.9,275.0,1.0,True,0.01,0.95,10.0,39600.0,0.938,0.139
8896,1 - 1 - 2022,19800.0,3.646916505762094,3.1622776601683795,4.216965733794858,0.02,0.0158489,0.0251189,0.346,0.3,0.4,1.18,1.0,1.5,942.0,5.11,159.0,1.0,True,0.01,0.95,10.0,39600.0,0.938,0.139
8897,1 - 1 - 2022,19800.0,3.63318042491699,3.1622776601683795,4.216965733794858,0.0206,0.0158489,0.0251189,0.34,0.3,0.4,1.67,1.5,2.0,208.0,2.4,24.5,1.0,True,0.01,0.95,10.0,39600.0,0.938,0.139
8898,1 - 1 - 2022,19800.0,3.714835124201342,3.1622776601683795,4.216965733794858,0.0206,0.0158489,0.0251189,0.347,0.3,0.4,2.68,2.0,4.0,38.2,0.515,0.0,1.0,True,0.01,0.95,10.0,39600.0,0.938,0.139
8899,1 - 1 - 2022,19800.0,3.5777087639996634,3.1622776601683795,4.216965733794858,0.0203,0.0158489,0.0251189,0.429,0.4,0.5,0.0346,0.0,0.05,795.0,14.8,0.0,1.0,True,0.01,0.95,10.0,39600.0,0.938,0.139
8900,1 - 1 - 2022,19800.0,3.605551275463989,3.1622776601683795,4.216965733794858,0.02,0.0158489,0.0251189,0.448,0.4,0.5,0.0728,0.05,0.1,2020.0,23.7,0.0,1.0,True,0.01,0.95,10.0,39600.0,0.938,0.139
8901,1 - 1 - 2022,19800.0,3.63318042491699,3.1622776601683795,4.216965733794858,0.0201,0.0158489,0.0251189,0.45,0.4,0.5,0.155,0.1,0.2,3460.0,21.9,0.0,1.0,True,0.01,0.95,10.0,39600.0,0.938,0.139
8902,1 - 1 - 2022,19800.0,3.646916505762094,3.1622776601683795,4.216965733794858,0.0202,0.0158489,0.0251189,0.446,0.4,0.5,0.249,0.2,0.3,4040.0,23.7,0.0,1.0,True,0.01,0.95,10.0,39600.0,0.938,0.139
8903,1 - 1 - 2022,19800.0,3.6193922141707713,3.1622776601683795,4.216965733794858,0.02,0.0158489,0.0251189,0.446,0.4,0.5,0.35,0.3,0.4,4340.0,24.5,30.6,1.0,True,0.01,0.95,10.0,39600.0,0.938,0.139
8904,1 - 1 - 2022,19800.0,3.591656999213594,3.1622776601683795,4.216965733794858,0.0202,0.0158489,0.0251189,0.448,0.4,0.5,0.447,0.4,0.5,4900.0,26.0,30.6,1.0,True,0.01,0.95,10.0,39600.0,0.938,0.139
8905,1 - 1 - 2022,19800.0,3.63318042491699,3.1622776601683795,4.216965733794858,0.0208,0.0158489,0.0251189,0.442,0.4,0.5,0.55,0.5,0.6,4470.0,24.9,153.0,1.0,True,0.01,0.95,10.0,39600.0,0.938,0.139
8906,1 - 1 - 2022,19800.0,3.5637059362410923,3.1622776601683795,4.216965733794858,0.0205,0.0158489,0.0251189,0.446,0.4,0.5,0.646,0.6,0.7,3430.0,21.8,91.8,1.0,True,0.01,0.95,10.0,39600.0,0.938,0.139
8907,1 - 1 - 2022,19800.0,3.63318042491699,3.1622776601683795,4.216965733794858,0.0203,0.0158489,0.0251189,0.441,0.4,0.5,0.747,0.7,0.8,2200.0,17.5,0.0,1.0,True,0.01,0.95,10.0,39600.0,0.938,0.139
8908,1 - 1 - 2022,19800.0,3.6193922141707713,3.1622776601683795,4.216965733794858,0.0196,0.0158489,0.0251189,0.445,0.4,0.5,0.846,0.8,0.9,1770.0,15.7,30.6,1.0,True,0.01,0.95,10.0,39600.0,0.938,0.139
8909,1 - 1 - 2022,19800.0,3.5777087639996634,3.1622776601683795,4.216965733794858,0.0204,0.0158489,0.0251189,0.426,0.4,0.5,0.95,0.9,1.0,949.0,11.5,61.2,1.0,True,0.01,0.95,10.0,39600.0,0.938,0.139
8910,1 - 1 - 2022,19800.0,3.63318042491699,3.1622776601683795,4.216965733794858,0.0202,0.0158489,0.0251189,0.447,0.4,0.5,1.19,1.0,1.5,520.0,3.8,42.8,1.0,True,0.01,0.95,10.0,39600.0,0.938,0.139
8911,1 - 1 - 2022,19800.0,3.7682887362833544,3.1622776601683795,4.216965733794858,0.0205,0.0158489,0.0251189,0.447,0.4,0.5,1.71,1.5,2.0,67.3,1.37,12.2,1.0,True,0.01,0.95,10.0,39600.0,0.938,0.139
8912,1 - 1 - 2022,19800.0,3.794733192202055,3.1622776601683795,4.216965733794858,0.0205,0.0158489,0.0251189,0.45,0.4,0.5,2.62,2.0,4.0,13.8,0.309,0.0,1.0,True,0.01,0.95,10.0,39600.0,0.938,0.139
8913,1 - 1 - 2022,19800.0,3.4351128074635335,3.1622776601683795,4.216965733794858,0.0191,0.0158489,0.0251189,0.553,0.5,0.6,0.0246,0.0,0.05,306.0,9.21,0.0,1.0,True,0.01,0.95,10.0,39600.0,0.938,0.139
8914,1 - 1 - 2022,19800.0,3.6742346141747673,3.1622776601683795,4.216965733794858,0.0199,0.0158489,0.0251189,0.539,0.5,0.6,0.0727,0.05,0.1,918.0,16.0,0.0,1.0,True,0.01,0.95,10.0,39600.0,0.938,0.139
8915,1 - 1 - 2022,19800.0,3.63318042491699,3.1622776601683795,4.216965733794858,0.0204,0.0158489,0.0251189,0.547,0.5,0.6,0.158,0.1,0.2,1900.0,16.2,30.6,1.0,True,0.01,0.95,10.0,39600.0,0.938,0.139
8916,1 - 1 - 2022,19800.0,3.605551275463989,3.1622776601683795,4.216965733794858,0.0201,0.0158489,0.0251189,0.541,0.5,0.6,0.25,0.2,0.3,2880.0,20.0,0.0,1.0,True,0.01,0.95,10.0,39600.0,0.938,0.139
8917,1 - 1 - 2022,19800.0,3.646916505762094,3.1622776601683795,4.216965733794858,0.0199,0.0158489,0.0251189,0.547,0.5,0.6,0.348,0.3,0.4,2810.0,19.8,0.0,1.0,True,0.01,0.95,10.0,39600.0,0.938,0.139
8918,1 - 1 - 2022,19800.0,3.605551275463989,3.1622776601683795,4.216965733794858,0.0199,0.0158489,0.0251189,0.548,0.5,0.6,0.446,0.4,0.5,2170.0,17.4,0.0,1.0,True,0.01,0.95,10.0,39600.0,0.938,0.139
8919,1 - 1 - 2022,19800.0,3.63318042491699,3.1622776601683795,4.216965733794858,0.0202,0.0158489,0.0251189,0.545,0.5,0.6,0.55,0.5,0.6,2110.0,17.1,0.0,1.0,True,0.01,0.95,10.0,39600.0,0.938,0.139
8920,1 - 1 - 2022,19800.0,3.591656999213594,3.1622776601683795,4.216965733794858,0.0198,0.0158489,0.0251189,0.543,0.5,0.6,0.648,0.6,0.7,1770.0,15.7,0.0,1.0,True,0.01,0.95,10.0,39600.0,0.938,0.139
8921,1 - 1 - 2022,19800.0,3.605551275463989,3.1622776601683795,4.216965733794858,0.0196,0.0158489,0.0251189,0.545,0.5,0.6,0.747,0.7,0.8,1190.0,12.9,0.0,1.0,True,0.01,0.95,10.0,39600.0,0.938,0.139
8922,1 - 1 - 2022,19800.0,3.63318042491699,3.1622776601683795,4.216965733794858,0.0203,0.0158489,0.0251189,0.553,0.5,0.6,0.843,0.8,0.9,1190.0,12.9,0.0,1.0,True,0.01,0.95,10.0,39600.0,0.938,0.139
8923,1 - 1 - 2022,19800.0,3.605551275463989,3.1622776601683795,4.216965733794858,0.019,0.0158489,0.0251189,0.541,0.5,0.6,0.938,0.9,1.0,857.0,10.9,0.0,1.0,True,0.01,0.95,10.0,39600.0,0.938,0.139
8924,1 - 1 - 2022,19800.0,3.605551275463989,3.1622776601683795,4.216965733794858,0.0206,0.0158489,0.0251189,0.547,0.5,0.6,1.17,1.0,1.5,312.0,2.94,18.4,1.0,True,0.01,0.95,10.0,39600.0,0.938,0.139
8925,1 - 1 - 2022,19800.0,3.605551275463989,3.1622776601683795,4.216965733794858,0.0191,0.0158489,0.0251189,0.548,0.5,0.6,1.74,1.5,2.0,36.7,1.01,0.0,1.0,True,0.01,0.95,10.0,39600.0,0.938,0.139
8926,1 - 1 - 2022,19800.0,3.687817782917155,3.1622776601683795,4.216965733794858,0.0205,0.0158489,0.0251189,0.543,0.5,0.6,2.64,2.0,4.0,9.18,0.252,0.0,1.0,True,0.01,0.95,10.0,39600.0,0.938,0.139
8927,1 - 1 - 2022,19800.0,3.449637662132068,3.1622776601683795,4.216965733794858,0.0214,0.0158489,0.0251189,0.624,0.6,0.7,0.0333,0.0,0.05,184.0,7.14,0.0,1.0,True,0.01,0.95,10.0,39600.0,0.938,0.139
8928,1 - 1 - 2022,19800.0,3.591656999213594,3.1622776601683795,4.216965733794858,0.02,0.0158489,0.0251189,0.63,0.6,0.7,0.0832,0.05,0.1,306.0,9.21,0.0,1.0,True,0.01,0.95,10.0,39600.0,0.938,0.139
8929,1 - 1 - 2022,19800.0,3.646916505762094,3.1622776601683795,4.216965733794858,0.02,0.0158489,0.0251189,0.641,0.6,0.7,0.158,0.1,0.2,673.0,9.66,0.0,1.0,True,0.01,0.95,10.0,39600.0,0.938,0.139
8930,1 - 1 - 2022,19800.0,3.521363372331802,3.1622776601683795,4.216965733794858,0.0198,0.0158489,0.0251189,0.64,0.6,0.7,0.253,0.2,0.3,1130.0,12.5,61.2,1.0,True,0.01,0.95,10.0,39600.0,0.938,0.139
8931,1 - 1 - 2022,19800.0,3.591656999213594,3.1622776601683795,4.216965733794858,0.0198,0.0158489,0.0251189,0.643,0.6,0.7,0.35,0.3,0.4,1380.0,13.8,61.2,1.0,True,0.01,0.95,10.0,39600.0,0.938,0.139
8932,1 - 1 - 2022,19800.0,3.6193922141707713,3.1622776601683795,4.216965733794858,0.0201,0.0158489,0.0251189,0.642,0.6,0.7,0.456,0.4,0.5,1500.0,14.4,0.0,1.0,True,0.01,0.95,10.0,39600.0,0.938,0.139
8933,1 - 1 - 2022,19800.0,3.687817782917155,3.1622776601683795,4.216965733794858,0.0205,0.0158489,0.0251189,0.639,0.6,0.7,0.553,0.5,0.6,1320.0,13.5,30.6,1.0,True,0.01,0.95,10.0,39600.0,0.938,0.139
8934,1 - 1 - 2022,19800.0,3.591656999213594,3.1622776601683795,4.216965733794858,0.0197,0.0158489,0.0251189,0.645,0.6,0.7,0.65,0.6,0.7,887.0,11.1,0.0,1.0,True,0.01,0.95,10.0,39600.0,0.938,0.139
8935,1 - 1 - 2022,19800.0,3.646916505762094,3.1622776601683795,4.216965733794858,0.02,0.0158489,0.0251189,0.631,0.6,0.7,0.747,0.7,0.8,948.0,11.5,0.0,1.0,True,0.01,0.95,10.0,39600.0,0.938,0.139
8936,1 - 1 - 2022,19800.0,3.4641016151377544,3.1622776601683795,4.216965733794858,0.0211,0.0158489,0.0251189,0.654,0.6,0.7,0.838,0.8,0.9,520.0,8.49,0.0,1.0,True,0.01,0.95,10.0,39600.0,0.938,0.139
8937,1 - 1 - 2022,19800.0,3.521363372331802,3.1622776601683795,4.216965733794858,0.0209,0.0158489,0.0251189,0.635,0.6,0.7,0.953,0.9,1.0,459.0,7.98,0.0,1.0,True,0.01,0.95,10.0,39600.0,0.938,0.139
8938,1 - 1 - 2022,19800.0,3.646916505762094,3.1622776601683795,4.216965733794858,0.0199,0.0158489,0.0251189,0.642,0.6,0.7,1.18,1.0,1.5,159.0,2.1,6.12,1.0,True,0.01,0.95,10.0,39600.0,0.938,0.139
8939,1 - 1 - 2022,19800.0,3.5777087639996634,3.1622776601683795,4.216965733794858,0.0197,0.0158489,0.0251189,0.626,0.6,0.7,1.74,1.5,2.0,49.0,1.16,0.0,1.0,True,0.01,0.95,10.0,39600.0,0.938,0.139
8940,1 - 1 - 2022,19800.0,3.6742346141747673,3.1622776601683795,4.216965733794858,0.0191,0.0158489,0.0251189,0.634,0.6,0.7,2.58,2.0,4.0,4.59,0.178,1.53,1.0,True,0.01,0.95,10.0,39600.0,0.938,0.139
8941,1 - 1 - 2022,19800.0,3.3466401061363023,3.1622776601683795,4.216965733794858,0.0245,0.0158489,0.0251189,0.709,0.7,0.8,0.0398,0.0,0.05,61.2,4.12,0.0,1.0,True,0.01,0.95,10.0,39600.0,0.938,0.139
8942,1 - 1 - 2022,19800.0,3.8600518131237567,3.1622776601683795,4.216965733794858,0.0186,0.0158489,0.0251189,0.716,0.7,0.8,0.0584,0.05,0.1,122.0,5.83,61.2,1.0,True,0.01,0.95,10.0,39600.0,0.938,0.139
8943,1 - 1 - 2022,19800.0,3.5355339059327378,3.1622776601683795,4.216965733794858,0.0195,0.0158489,0.0251189,0.751,0.7,0.8,0.142,0.1,0.2,490.0,8.24,30.6,1.0,True,0.01,0.95,10.0,39600.0,0.938,0.139
8944,1 - 1 - 2022,19800.0,3.687817782917155,3.1622776601683795,4.216965733794858,0.0201,0.0158489,0.0251189,0.739,0.7,0.8,0.25,0.2,0.3,704.0,9.88,61.2,1.0,True,0.01,0.95,10.0,39600.0,0.938,0.139
8945,1 - 1 - 2022,19800.0,3.6193922141707713,3.1622776601683795,4.216965733794858,0.0195,0.0158489,0.0251189,0.742,0.7,0.8,0.35,0.3,0.4,979.0,11.6,0.0,1.0,True,0.01,0.95,10.0,39600.0,0.938,0.139
8946,1 - 1 - 2022,19800.0,3.6742346141747673,3.1622776601683795,4.216965733794858,0.0197,0.0158489,0.0251189,0.735,0.7,0.8,0.452,0.4,0.5,581.0,8.98,0.0,1.0,True,0.01,0.95,10.0,39600.0,0.938,0.139
8947,1 - 1 - 2022,19800.0,3.6193922141707713,3.1622776601683795,4.216965733794858,0.0208,0.0158489,0.0251189,0.749,0.7,0.8,0.545,0.5,0.6,918.0,11.3,91.8,1.0,True,0.01,0.95,10.0,39600.0,0.938,0.139
8948,1 - 1 - 2022,19800.0,3.605551275463989,3.1622776601683795,4.216965733794858,0.0207,0.0158489,0.0251189,0.746,0.7,0.8,0.659,0.6,0.7,490.0,8.24,30.6,1.0,True,0.01,0.95,10.0,39600.0,0.938,0.139
8949,1 - 1 - 2022,19800.0,3.7416573867739413,3.1622776601683795,4.216965733794858,0.02,0.0158489,0.0251189,0.752,0.7,0.8,0.742,0.7,0.8,275.0,6.18,30.6,1.0,True,0.01,0.95,10.0,39600.0,0.938,0.139
8950,1 - 1 - 2022,19800.0,3.391164991562634,3.1622776601683795,4.216965733794858,0.0212,0.0158489,0.0251189,0.764,0.7,0.8,0.847,0.8,0.9,153.0,4.61,0.0,1.0,True,0.01,0.95,10.0,39600.0,0.938,0.139
8951,1 - 1 - 2022,19800.0,3.605551275463989,3.1622776601683795,4.216965733794858,0.019,0.0158489,0.0251189,0.717,0.7,0.8,0.966,0.9,1.0,153.0,4.6,30.6,1.0,True,0.01,0.95,10.0,39600.0,0.938,0.139
8952,1 - 1 - 2022,19800.0,3.7416573867739413,3.1622776601683795,4.216965733794858,0.0194,0.0158489,0.0251189,0.733,0.7,0.8,1.16,1.0,1.5,91.8,1.6,6.12,1.0,True,0.01,0.95,10.0,39600.0,0.938,0.139
8953,1 - 1 - 2022,19800.0,3.847076812334269,3.1622776601683795,4.216965733794858,0.019,0.0158489,0.0251189,0.747,0.7,0.8,1.51,1.5,2.0,12.2,0.582,0.0,1.0,True,0.01,0.95,10.0,39600.0,0.938,0.139
8954,1 - 1 - 2022,19800.0,3.449637662132068,3.1622776601683795,4.216965733794858,0.0205,0.0158489,0.0251189,0.744,0.7,0.8,2.2,2.0,4.0,1.53,0.103,0.0,1.0,True,0.01,0.95,10.0,39600.0,0.938,0.139
8955,1 - 1 - 2022,19800.0,3.449637662132068,3.1622776601683795,4.216965733794858,0.0248,0.0158489,0.0251189,0.805,0.8,0.9,0.0262,0.0,0.05,61.2,4.12,0.0,1.0,True,0.01,0.95,10.0,39600.0,0.938,0.139
8956,1 - 1 - 2022,19800.0,3.3166247903554,3.1622776601683795,4.216965733794858,0.0207,0.0158489,0.0251189,0.865,0.8,0.9,0.0902,0.05,0.1,122.0,5.83,0.0,1.0,True,0.01,0.95,10.0,39600.0,0.938,0.139
8957,1 - 1 - 2022,19800.0,3.8078865529319543,3.1622776601683795,4.216965733794858,0.0198,0.0158489,0.0251189,0.838,0.8,0.9,0.145,0.1,0.2,337.0,6.83,184.0,1.0,True,0.01,0.95,10.0,39600.0,0.938,0.139
8958,1 - 1 - 2022,19800.0,3.5355339059327378,3.1622776601683795,4.216965733794858,0.0204,0.0158489,0.0251189,0.855,0.8,0.9,0.248,0.2,0.3,459.0,7.98,0.0,1.0,True,0.01,0.95,10.0,39600.0,0.938,0.139
8959,1 - 1 - 2022,19800.0,3.5637059362410923,3.1622776601683795,4.216965733794858,0.0207,0.0158489,0.0251189,0.84,0.8,0.9,0.338,0.3,0.4,643.0,9.44,91.8,1.0,True,0.01,0.95,10.0,39600.0,0.938,0.139
8960,1 - 1 - 2022,19800.0,3.5355339059327378,3.1622776601683795,4.216965733794858,0.0185,0.0158489,0.0251189,0.856,0.8,0.9,0.456,0.4,0.5,428.0,7.71,30.6,1.0,True,0.01,0.95,10.0,39600.0,0.938,0.139
8961,1 - 1 - 2022,19800.0,3.591656999213594,3.1622776601683795,4.216965733794858,0.0204,0.0158489,0.0251189,0.842,0.8,0.9,0.545,0.5,0.6,428.0,7.7,30.6,1.0,True,0.01,0.95,10.0,39600.0,0.938,0.139
8962,1 - 1 - 2022,19800.0,3.521363372331802,3.1622776601683795,4.216965733794858,0.0211,0.0158489,0.0251189,0.838,0.8,0.9,0.649,0.6,0.7,306.0,6.51,30.6,1.0,True,0.01,0.95,10.0,39600.0,0.938,0.139
8963,1 - 1 - 2022,19800.0,3.82099463490856,3.1622776601683795,4.216965733794858,0.0184,0.0158489,0.0251189,0.869,0.8,0.9,0.756,0.7,0.8,91.8,3.57,0.0,1.0,True,0.01,0.95,10.0,39600.0,0.938,0.139
8964,1 - 1 - 2022,19800.0,3.5071355833500366,3.1622776601683795,4.216965733794858,0.02,0.0158489,0.0251189,0.836,0.8,0.9,0.835,0.8,0.9,245.0,5.82,0.0,1.0,True,0.01,0.95,10.0,39600.0,0.938,0.139
8965,1 - 1 - 2022,19800.0,3.5496478698597698,3.1622776601683795,4.216965733794858,0.0212,0.0158489,0.0251189,0.855,0.8,0.9,0.952,0.9,1.0,122.0,4.12,0.0,1.0,True,0.01,0.95,10.0,39600.0,0.938,0.139
8966,1 - 1 - 2022,19800.0,3.605551275463989,3.1622776601683795,4.216965733794858,0.019,0.0158489,0.0251189,0.846,0.8,0.9,1.1,1.0,1.5,42.8,1.09,6.12,1.0,True,0.01,0.95,10.0,39600.0,0.938,0.139
8967,1 - 1 - 2022,19800.0,3.8340579025361627,3.1622776601683795,4.216965733794858,0.0196,0.0158489,0.0251189,0.935,0.9,1.0,0.173,0.1,0.2,122.0,4.12,61.2,1.0,True,0.01,0.95,10.0,39600.0,0.938,0.139
8968,1 - 1 - 2022,19800.0,3.5777087639996634,3.1622776601683795,4.216965733794858,0.0184,0.0158489,0.0251189,0.925,0.9,1.0,0.271,0.2,0.3,214.0,5.45,122.0,1.0,True,0.01,0.95,10.0,39600.0,0.938,0.139
8969,1 - 1 - 2022,19800.0,3.4641016151377544,3.1622776601683795,4.216965733794858,0.0198,0.0158489,0.0251189,0.937,0.9,1.0,0.348,0.3,0.4,122.0,4.12,0.0,1.0,True,0.01,0.95,10.0,39600.0,0.938,0.139
8970,1 - 1 - 2022,19800.0,3.872983346207417,3.1622776601683795,4.216965733794858,0.0189,0.0158489,0.0251189,0.948,0.9,1.0,0.456,0.4,0.5,91.8,3.57,61.2,1.0,True,0.01,0.95,10.0,39600.0,0.938,0.139
8971,1 - 1 - 2022,19800.0,3.4351128074635335,3.1622776601683795,4.216965733794858,0.02,0.0158489,0.0251189,0.923,0.9,1.0,0.562,0.5,0.6,122.0,4.12,0.0,1.0,True,0.01,0.95,10.0,39600.0,0.938,0.139
8972,1 - 1 - 2022,19800.0,3.449637662132068,3.1622776601683795,4.216965733794858,0.0183,0.0158489,0.0251189,0.956,0.9,1.0,0.62,0.6,0.7,91.8,3.57,0.0,1.0,True,0.01,0.95,10.0,39600.0,0.938,0.139
8973,1 - 1 - 2022,19800.0,3.286335345030997,3.1622776601683795,4.216965733794858,0.018,0.0158489,0.0251189,0.93,0.9,1.0,0.832,0.8,0.9,30.6,2.06,0.0,1.0,True,0.01,0.95,10.0,39600.0,0.938,0.139
8974,1 - 1 - 2022,19800.0,3.331666249791536,3.1622776601683795,4.216965733794858,0.0163,0.0158489,0.0251189,0.971,0.9,1.0,0.964,0.9,1.0,30.6,2.06,0.0,1.0,True,0.01,0.95,10.0,39600.0,0.938,0.139
8975,1 - 1 - 2022,19800.0,3.40587727318528,3.1622776601683795,4.216965733794858,0.0183,0.0158489,0.0251189,0.951,0.9,1.0,1.19,1.0,1.5,12.2,0.582,0.0,1.0,True,0.01,0.95,10.0,39600.0,0.938,0.139
8976,1 - 1 - 2022,19800.0,3.7549966711037173,3.1622776601683795,4.216965733794858,0.0301,0.0251189,0.0398107,0.0435,0.0,0.05,0.0329,0.0,0.05,1850.0,25.5,1700.0,1.0,True,0.01,0.95,10.0,39600.0,0.938,0.139
8977,1 - 1 - 2022,19800.0,3.8340579025361627,3.1622776601683795,4.216965733794858,0.0306,0.0251189,0.0398107,0.0408,0.0,0.05,0.077,0.05,0.1,5410.0,43.5,4790.0,1.0,True,0.01,0.95,10.0,39600.0,0.938,0.139
8978,1 - 1 - 2022,19800.0,3.714835124201342,3.1622776601683795,4.216965733794858,0.0309,0.0251189,0.0398107,0.0396,0.0,0.05,0.159,0.1,0.2,12600.0,46.9,9610.0,1.0,True,0.01,0.95,10.0,39600.0,0.938,0.139
8979,1 - 1 - 2022,19800.0,3.714835124201342,3.1622776601683795,4.216965733794858,0.0306,0.0251189,0.0398107,0.0376,0.0,0.05,0.255,0.2,0.3,22800.0,63.2,16100.0,1.0,True,0.01,0.95,10.0,39600.0,0.938,0.139
8980,1 - 1 - 2022,19800.0,3.7013511046643495,3.1622776601683795,4.216965733794858,0.0309,0.0251189,0.0398107,0.0359,0.0,0.05,0.349,0.3,0.4,30700.0,73.2,22500.0,1.0,True,0.01,0.95,10.0,39600.0,0.938,0.139
8981,1 - 1 - 2022,19800.0,3.7013511046643495,3.1622776601683795,4.216965733794858,0.031,0.0251189,0.0398107,0.0351,0.0,0.05,0.447,0.4,0.5,28600.0,70.7,19500.0,1.0,True,0.01,0.95,10.0,39600.0,0.938,0.139
8982,1 - 1 - 2022,19800.0,3.687817782917155,3.1622776601683795,4.216965733794858,0.0309,0.0251189,0.0398107,0.0357,0.0,0.05,0.546,0.5,0.6,21900.0,61.9,14700.0,1.0,True,0.01,0.95,10.0,39600.0,0.938,0.139
8983,1 - 1 - 2022,19800.0,3.7013511046643495,3.1622776601683795,4.216965733794858,0.031,0.0251189,0.0398107,0.0361,0.0,0.05,0.646,0.6,0.7,16700.0,54.0,11100.0,1.0,True,0.01,0.95,10.0,39600.0,0.938,0.139
8984,1 - 1 - 2022,19800.0,3.714835124201342,3.1622776601683795,4.216965733794858,0.0311,0.0251189,0.0398107,0.0366,0.0,0.05,0.744,0.7,0.8,8490.0,38.5,5830.0,1.0,True,0.01,0.95,10.0,39600.0,0.938,0.139
8985,1 - 1 - 2022,19800.0,3.7013511046643495,3.1622776601683795,4.216965733794858,0.0314,0.0251189,0.0398107,0.0381,0.0,0.05,0.845,0.8,0.9,5210.0,30.2,3710.0,1.0,True,0.01,0.95,10.0,39600.0,0.938,0.139
8986,1 - 1 - 2022,19800.0,3.687817782917155,3.1622776601683795,4.216965733794858,0.03,0.0251189,0.0398107,0.0391,0.0,0.05,0.945,0.9,1.0,3130.0,23.4,2280.0,1.0,True,0.01,0.95,10.0,39600.0,0.938,0.139
8987,1 - 1 - 2022,19800.0,3.8078865529319543,3.1622776601683795,4.216965733794858,0.0307,0.0251189,0.0398107,0.0393,0.0,0.05,1.1,1.0,1.5,595.0,4.56,494.0,1.0,True,0.01,0.95,10.0,39600.0,0.938,0.139
8988,1 - 1 - 2022,19800.0,3.7013511046643495,3.1622776601683795,4.216965733794858,0.032,0.0251189,0.0398107,0.0741,0.05,0.1,0.0334,0.0,0.05,6950.0,49.3,849.0,1.0,True,0.01,0.95,10.0,39600.0,0.938,0.139
8989,1 - 1 - 2022,19800.0,3.6606010435446255,3.1622776601683795,4.216965733794858,0.0319,0.0251189,0.0398107,0.0739,0.05,0.1,0.0766,0.05,0.1,19400.0,82.3,3480.0,1.0,True,0.01,0.95,10.0,39600.0,0.938,0.139
8990,1 - 1 - 2022,19800.0,3.6606010435446255,3.1622776601683795,4.216965733794858,0.0318,0.0251189,0.0398107,0.074,0.05,0.1,0.155,0.1,0.2,30800.0,73.4,5370.0,1.0,True,0.01,0.95,10.0,39600.0,0.938,0.139
8991,1 - 1 - 2022,19800.0,3.646916505762094,3.1622776601683795,4.216965733794858,0.0317,0.0251189,0.0398107,0.0738,0.05,0.1,0.252,0.2,0.3,36400.0,79.8,5640.0,1.0,True,0.01,0.95,10.0,39600.0,0.938,0.139
8992,1 - 1 - 2022,19800.0,3.63318042491699,3.1622776601683795,4.216965733794858,0.0318,0.0251189,0.0398107,0.0726,0.05,0.1,0.35,0.3,0.4,39500.0,83.2,5140.0,1.0,True,0.01,0.95,10.0,39600.0,0.938,0.139
8993,1 - 1 - 2022,19800.0,3.646916505762094,3.1622776601683795,4.216965733794858,0.0318,0.0251189,0.0398107,0.0737,0.05,0.1,0.448,0.4,0.5,33800.0,76.9,1850.0,1.0,True,0.01,0.95,10.0,39600.0,0.938,0.139
8994,1 - 1 - 2022,19800.0,3.63318042491699,3.1622776601683795,4.216965733794858,0.0317,0.0251189,0.0398107,0.0733,0.05,0.1,0.547,0.5,0.6,26300.0,67.8,656.0,1.0,True,0.01,0.95,10.0,39600.0,0.938,0.139
8995,1 - 1 - 2022,19800.0,3.63318042491699,3.1622776601683795,4.216965733794858,0.032,0.0251189,0.0398107,0.074,0.05,0.1,0.648,0.6,0.7,18200.0,56.4,618.0,1.0,True,0.01,0.95,10.0,39600.0,0.938,0.139
8996,1 - 1 - 2022,19800.0,3.646916505762094,3.1622776601683795,4.216965733794858,0.0319,0.0251189,0.0398107,0.0744,0.05,0.1,0.747,0.7,0.8,13700.0,48.9,463.0,1.0,True,0.01,0.95,10.0,39600.0,0.938,0.139
8997,1 - 1 - 2022,19800.0,3.63318042491699,3.1622776601683795,4.216965733794858,0.0315,0.0251189,0.0398107,0.0737,0.05,0.1,0.848,0.8,0.9,8840.0,39.3,965.0,1.0,True,0.01,0.95,10.0,39600.0,0.938,0.139
8998,1 - 1 - 2022,19800.0,3.7013511046643495,3.1622776601683795,4.216965733794858,0.0312,0.0251189,0.0398107,0.0756,0.05,0.1,0.947,0.9,1.0,6290.0,33.2,309.0,1.0,True,0.01,0.95,10.0,39600.0,0.938,0.139
8999,1 - 1 - 2022,19800.0,3.687817782917155,3.1622776601683795,4.216965733794858,0.0316,0.0251189,0.0398107,0.0749,0.05,0.1,1.18,1.0,1.5,1440.0,7.11,239.0,1.0,True,0.01,0.95,10.0,39600.0,0.938,0.139
9000,1 - 1 - 2022,19800.0,3.7282703764614498,3.1622776601683795,4.216965733794858,0.0301,0.0251189,0.0398107,0.075,0.05,0.1,1.7,1.5,2.0,154.0,2.32,46.3,1.0,True,0.01,0.95,10.0,39600.0,0.938,0.139
9001,1 - 1 - 2022,19800.0,3.8858718455450894,3.1622776601683795,4.216965733794858,0.0328,0.0251189,0.0398107,0.0785,0.05,0.1,2.47,2.0,4.0,7.72,0.26,3.86,1.0,True,0.01,0.95,10.0,39600.0,0.938,0.139
9002,1 - 1 - 2022,19800.0,3.591656999213594,3.1622776601683795,4.216965733794858,0.032,0.0251189,0.0398107,0.124,0.1,0.15,0.034,0.0,0.05,3860.0,36.7,0.0,1.0,True,0.01,0.95,10.0,39600.0,0.938,0.139
9003,1 - 1 - 2022,19800.0,3.63318042491699,3.1622776601683795,4.216965733794858,0.0314,0.0251189,0.0398107,0.122,0.1,0.15,0.0776,0.05,0.1,12300.0,65.5,154.0,1.0,True,0.01,0.95,10.0,39600.0,0.938,0.139
9004,1 - 1 - 2022,19800.0,3.646916505762094,3.1622776601683795,4.216965733794858,0.0317,0.0251189,0.0398107,0.122,0.1,0.15,0.155,0.1,0.2,21200.0,60.9,1780.0,1.0,True,0.01,0.95,10.0,39600.0,0.938,0.139
9005,1 - 1 - 2022,19800.0,3.646916505762094,3.1622776601683795,4.216965733794858,0.0314,0.0251189,0.0398107,0.123,0.1,0.15,0.251,0.2,0.3,27300.0,69.1,3710.0,1.0,True,0.01,0.95,10.0,39600.0,0.938,0.139
9006,1 - 1 - 2022,19800.0,3.63318042491699,3.1622776601683795,4.216965733794858,0.0316,0.0251189,0.0398107,0.124,0.1,0.15,0.349,0.3,0.4,27300.0,69.1,4670.0,1.0,True,0.01,0.95,10.0,39600.0,0.938,0.139
9007,1 - 1 - 2022,19800.0,3.6193922141707713,3.1622776601683795,4.216965733794858,0.0317,0.0251189,0.0398107,0.124,0.1,0.15,0.448,0.4,0.5,22200.0,62.3,3510.0,1.0,True,0.01,0.95,10.0,39600.0,0.938,0.139
9008,1 - 1 - 2022,19800.0,3.6606010435446255,3.1622776601683795,4.216965733794858,0.032,0.0251189,0.0398107,0.124,0.1,0.15,0.548,0.5,0.6,17800.0,55.9,2510.0,1.0,True,0.01,0.95,10.0,39600.0,0.938,0.139
9009,1 - 1 - 2022,19800.0,3.646916505762094,3.1622776601683795,4.216965733794858,0.0316,0.0251189,0.0398107,0.125,0.1,0.15,0.646,0.6,0.7,13900.0,49.3,1310.0,1.0,True,0.01,0.95,10.0,39600.0,0.938,0.139
9010,1 - 1 - 2022,19800.0,3.605551275463989,3.1622776601683795,4.216965733794858,0.0314,0.0251189,0.0398107,0.123,0.1,0.15,0.746,0.7,0.8,9190.0,40.1,425.0,1.0,True,0.01,0.95,10.0,39600.0,0.938,0.139
9011,1 - 1 - 2022,19800.0,3.63318042491699,3.1622776601683795,4.216965733794858,0.0322,0.0251189,0.0398107,0.123,0.1,0.15,0.847,0.8,0.9,7340.0,35.8,193.0,1.0,True,0.01,0.95,10.0,39600.0,0.938,0.139
9012,1 - 1 - 2022,19800.0,3.6606010435446255,3.1622776601683795,4.216965733794858,0.0321,0.0251189,0.0398107,0.124,0.1,0.15,0.941,0.9,1.0,3630.0,25.2,77.2,1.0,True,0.01,0.95,10.0,39600.0,0.938,0.139
9013,1 - 1 - 2022,19800.0,3.646916505762094,3.1622776601683795,4.216965733794858,0.0321,0.0251189,0.0398107,0.126,0.1,0.15,1.17,1.0,1.5,1260.0,6.64,0.0,1.0,True,0.01,0.95,10.0,39600.0,0.938,0.139
9014,1 - 1 - 2022,19800.0,3.794733192202055,3.1622776601683795,4.216965733794858,0.0312,0.0251189,0.0398107,0.126,0.1,0.15,1.69,1.5,2.0,193.0,2.6,0.0,1.0,True,0.01,0.95,10.0,39600.0,0.938,0.139
9015,1 - 1 - 2022,19800.0,3.6606010435446255,3.1622776601683795,4.216965733794858,0.0267,0.0251189,0.0398107,0.125,0.1,0.15,2.33,2.0,4.0,11.6,0.318,0.0,1.0,True,0.01,0.95,10.0,39600.0,0.938,0.139
9016,1 - 1 - 2022,19800.0,3.6742346141747673,3.1622776601683795,4.216965733794858,0.0324,0.0251189,0.0398107,0.172,0.15,0.2,0.0352,0.0,0.05,2630.0,30.3,0.0,1.0,True,0.01,0.95,10.0,39600.0,0.938,0.139
9017,1 - 1 - 2022,19800.0,3.6606010435446255,3.1622776601683795,4.216965733794858,0.032,0.0251189,0.0398107,0.173,0.15,0.2,0.0774,0.05,0.1,6560.0,47.9,0.0,1.0,True,0.01,0.95,10.0,39600.0,0.938,0.139
9018,1 - 1 - 2022,19800.0,3.646916505762094,3.1622776601683795,4.216965733794858,0.0318,0.0251189,0.0398107,0.173,0.15,0.2,0.152,0.1,0.2,13100.0,47.8,618.0,1.0,True,0.01,0.95,10.0,39600.0,0.938,0.139
9019,1 - 1 - 2022,19800.0,3.6193922141707713,3.1622776601683795,4.216965733794858,0.032,0.0251189,0.0398107,0.174,0.15,0.2,0.25,0.2,0.3,18100.0,56.2,2320.0,1.0,True,0.01,0.95,10.0,39600.0,0.938,0.139
9020,1 - 1 - 2022,19800.0,3.646916505762094,3.1622776601683795,4.216965733794858,0.0316,0.0251189,0.0398107,0.173,0.15,0.2,0.35,0.3,0.4,20300.0,59.7,4050.0,1.0,True,0.01,0.95,10.0,39600.0,0.938,0.139
9021,1 - 1 - 2022,19800.0,3.605551275463989,3.1622776601683795,4.216965733794858,0.0318,0.0251189,0.0398107,0.174,0.15,0.2,0.449,0.4,0.5,14800.0,50.9,3780.0,1.0,True,0.01,0.95,10.0,39600.0,0.938,0.139
9022,1 - 1 - 2022,19800.0,3.63318042491699,3.1622776601683795,4.216965733794858,0.0319,0.0251189,0.0398107,0.174,0.15,0.2,0.547,0.5,0.6,13500.0,48.6,2930.0,1.0,True,0.01,0.95,10.0,39600.0,0.938,0.139
9023,1 - 1 - 2022,19800.0,3.646916505762094,3.1622776601683795,4.216965733794858,0.0318,0.0251189,0.0398107,0.172,0.15,0.2,0.648,0.6,0.7,10200.0,42.2,2240.0,1.0,True,0.01,0.95,10.0,39600.0,0.938,0.139
9024,1 - 1 - 2022,19800.0,3.63318042491699,3.1622776601683795,4.216965733794858,0.0322,0.0251189,0.0398107,0.172,0.15,0.2,0.745,0.7,0.8,7570.0,36.4,1160.0,1.0,True,0.01,0.95,10.0,39600.0,0.938,0.139
9025,1 - 1 - 2022,19800.0,3.63318042491699,3.1622776601683795,4.216965733794858,0.0322,0.0251189,0.0398107,0.174,0.15,0.2,0.846,0.8,0.9,5330.0,30.5,965.0,1.0,True,0.01,0.95,10.0,39600.0,0.938,0.139
9026,1 - 1 - 2022,19800.0,3.646916505762094,3.1622776601683795,4.216965733794858,0.0319,0.0251189,0.0398107,0.175,0.15,0.2,0.947,0.9,1.0,2970.0,22.8,425.0,1.0,True,0.01,0.95,10.0,39600.0,0.938,0.139
9027,1 - 1 - 2022,19800.0,3.6742346141747673,3.1622776601683795,4.216965733794858,0.0314,0.0251189,0.0398107,0.173,0.15,0.2,1.19,1.0,1.5,1150.0,6.34,30.9,1.0,True,0.01,0.95,10.0,39600.0,0.938,0.139
9028,1 - 1 - 2022,19800.0,3.605551275463989,3.1622776601683795,4.216965733794858,0.031,0.0251189,0.0398107,0.173,0.15,0.2,1.66,1.5,2.0,170.0,2.44,0.0,1.0,True,0.01,0.95,10.0,39600.0,0.938,0.139
9029,1 - 1 - 2022,19800.0,3.6606010435446255,3.1622776601683795,4.216965733794858,0.0301,0.0251189,0.0398107,0.173,0.15,0.2,2.2,2.0,4.0,11.6,0.318,0.0,1.0,True,0.01,0.95,10.0,39600.0,0.938,0.139
9030,1 - 1 - 2022,19800.0,3.7682887362833544,3.1622776601683795,4.216965733794858,0.0338,0.0251189,0.0398107,0.222,0.2,0.25,0.032,0.0,0.05,1470.0,22.7,0.0,1.0,True,0.01,0.95,10.0,39600.0,0.938,0.139
9031,1 - 1 - 2022,19800.0,3.646916505762094,3.1622776601683795,4.216965733794858,0.0318,0.0251189,0.0398107,0.225,0.2,0.25,0.0765,0.05,0.1,4170.0,38.2,77.2,1.0,True,0.01,0.95,10.0,39600.0,0.938,0.139
9032,1 - 1 - 2022,19800.0,3.63318042491699,3.1622776601683795,4.216965733794858,0.0317,0.0251189,0.0398107,0.224,0.2,0.25,0.153,0.1,0.2,8490.0,38.5,38.6,1.0,True,0.01,0.95,10.0,39600.0,0.938,0.139
9033,1 - 1 - 2022,19800.0,3.63318042491699,3.1622776601683795,4.216965733794858,0.0315,0.0251189,0.0398107,0.224,0.2,0.25,0.251,0.2,0.3,11900.0,45.5,1200.0,1.0,True,0.01,0.95,10.0,39600.0,0.938,0.139
9034,1 - 1 - 2022,19800.0,3.6606010435446255,3.1622776601683795,4.216965733794858,0.0315,0.0251189,0.0398107,0.223,0.2,0.25,0.346,0.3,0.4,12000.0,45.8,2050.0,1.0,True,0.01,0.95,10.0,39600.0,0.938,0.139
9035,1 - 1 - 2022,19800.0,3.646916505762094,3.1622776601683795,4.216965733794858,0.0321,0.0251189,0.0398107,0.224,0.2,0.25,0.451,0.4,0.5,10200.0,42.2,2120.0,1.0,True,0.01,0.95,10.0,39600.0,0.938,0.139
9036,1 - 1 - 2022,19800.0,3.63318042491699,3.1622776601683795,4.216965733794858,0.0313,0.0251189,0.0398107,0.224,0.2,0.25,0.548,0.5,0.6,9500.0,40.8,2320.0,1.0,True,0.01,0.95,10.0,39600.0,0.938,0.139
9037,1 - 1 - 2022,19800.0,3.6193922141707713,3.1622776601683795,4.216965733794858,0.0317,0.0251189,0.0398107,0.223,0.2,0.25,0.646,0.6,0.7,7880.0,37.1,1660.0,1.0,True,0.01,0.95,10.0,39600.0,0.938,0.139
9038,1 - 1 - 2022,19800.0,3.605551275463989,3.1622776601683795,4.216965733794858,0.0318,0.0251189,0.0398107,0.227,0.2,0.25,0.746,0.7,0.8,4980.0,29.5,927.0,1.0,True,0.01,0.95,10.0,39600.0,0.938,0.139
9039,1 - 1 - 2022,19800.0,3.6606010435446255,3.1622776601683795,4.216965733794858,0.0322,0.0251189,0.0398107,0.224,0.2,0.25,0.847,0.8,0.9,3280.0,24.0,849.0,1.0,True,0.01,0.95,10.0,39600.0,0.938,0.139
9040,1 - 1 - 2022,19800.0,3.714835124201342,3.1622776601683795,4.216965733794858,0.0323,0.0251189,0.0398107,0.22,0.2,0.25,0.951,0.9,1.0,2080.0,19.1,232.0,1.0,True,0.01,0.95,10.0,39600.0,0.938,0.139
9041,1 - 1 - 2022,19800.0,3.6742346141747673,3.1622776601683795,4.216965733794858,0.0312,0.0251189,0.0398107,0.223,0.2,0.25,1.16,1.0,1.5,749.0,5.12,61.8,1.0,True,0.01,0.95,10.0,39600.0,0.938,0.139
9042,1 - 1 - 2022,19800.0,3.63318042491699,3.1622776601683795,4.216965733794858,0.029,0.0251189,0.0398107,0.224,0.2,0.25,1.65,1.5,2.0,84.9,1.72,0.0,1.0,True,0.01,0.95,10.0,39600.0,0.938,0.139
9043,1 - 1 - 2022,19800.0,3.7282703764614498,3.1622776601683795,4.216965733794858,0.0304,0.0251189,0.0398107,0.232,0.2,0.25,2.25,2.0,4.0,11.6,0.318,0.0,1.0,True,0.01,0.95,10.0,39600.0,0.938,0.139
9044,1 - 1 - 2022,19800.0,3.5777087639996634,3.1622776601683795,4.216965733794858,0.0316,0.0251189,0.0398107,0.272,0.25,0.3,0.0372,0.0,0.05,772.0,16.4,0.0,1.0,True,0.01,0.95,10.0,39600.0,0.938,0.139
9045,1 - 1 - 2022,19800.0,3.5071355833500366,3.1622776601683795,4.216965733794858,0.0317,0.0251189,0.0398107,0.273,0.25,0.3,0.0773,0.05,0.1,2700.0,30.7,0.0,1.0,True,0.01,0.95,10.0,39600.0,0.938,0.139
9046,1 - 1 - 2022,19800.0,3.591656999213594,3.1622776601683795,4.216965733794858,0.0321,0.0251189,0.0398107,0.275,0.25,0.3,0.153,0.1,0.2,5710.0,31.6,0.0,1.0,True,0.01,0.95,10.0,39600.0,0.938,0.139
9047,1 - 1 - 2022,19800.0,3.646916505762094,3.1622776601683795,4.216965733794858,0.0316,0.0251189,0.0398107,0.273,0.25,0.3,0.251,0.2,0.3,7410.0,36.0,77.2,1.0,True,0.01,0.95,10.0,39600.0,0.938,0.139
9048,1 - 1 - 2022,19800.0,3.6193922141707713,3.1622776601683795,4.216965733794858,0.0318,0.0251189,0.0398107,0.275,0.25,0.3,0.35,0.3,0.4,7530.0,36.3,309.0,1.0,True,0.01,0.95,10.0,39600.0,0.938,0.139
9049,1 - 1 - 2022,19800.0,3.6193922141707713,3.1622776601683795,4.216965733794858,0.0314,0.0251189,0.0398107,0.274,0.25,0.3,0.452,0.4,0.5,6870.0,34.7,1040.0,1.0,True,0.01,0.95,10.0,39600.0,0.938,0.139
9050,1 - 1 - 2022,19800.0,3.63318042491699,3.1622776601683795,4.216965733794858,0.0315,0.0251189,0.0398107,0.273,0.25,0.3,0.551,0.5,0.6,7370.0,35.9,1350.0,1.0,True,0.01,0.95,10.0,39600.0,0.938,0.139
9051,1 - 1 - 2022,19800.0,3.646916505762094,3.1622776601683795,4.216965733794858,0.0319,0.0251189,0.0398107,0.275,0.25,0.3,0.649,0.6,0.7,5480.0,31.0,1270.0,1.0,True,0.01,0.95,10.0,39600.0,0.938,0.139
9052,1 - 1 - 2022,19800.0,3.6606010435446255,3.1622776601683795,4.216965733794858,0.032,0.0251189,0.0398107,0.274,0.25,0.3,0.745,0.7,0.8,2860.0,22.4,695.0,1.0,True,0.01,0.95,10.0,39600.0,0.938,0.139
9053,1 - 1 - 2022,19800.0,3.6606010435446255,3.1622776601683795,4.216965733794858,0.0321,0.0251189,0.0398107,0.276,0.25,0.3,0.847,0.8,0.9,2820.0,22.2,579.0,1.0,True,0.01,0.95,10.0,39600.0,0.938,0.139
9054,1 - 1 - 2022,19800.0,3.5496478698597698,3.1622776601683795,4.216965733794858,0.0315,0.0251189,0.0398107,0.269,0.25,0.3,0.941,0.9,1.0,1430.0,15.8,232.0,1.0,True,0.01,0.95,10.0,39600.0,0.938,0.139
9055,1 - 1 - 2022,19800.0,3.6606010435446255,3.1622776601683795,4.216965733794858,0.031,0.0251189,0.0398107,0.271,0.25,0.3,1.18,1.0,1.5,741.0,5.09,116.0,1.0,True,0.01,0.95,10.0,39600.0,0.938,0.139
9056,1 - 1 - 2022,19800.0,3.7682887362833544,3.1622776601683795,4.216965733794858,0.0297,0.0251189,0.0398107,0.269,0.25,0.3,1.72,1.5,2.0,61.8,1.47,7.72,1.0,True,0.01,0.95,10.0,39600.0,0.938,0.139
9057,1 - 1 - 2022,19800.0,3.6742346141747673,3.1622776601683795,4.216965733794858,0.0303,0.0251189,0.0398107,0.279,0.25,0.3,2.61,2.0,4.0,9.65,0.291,0.0,1.0,True,0.01,0.95,10.0,39600.0,0.938,0.139
9058,1 - 1 - 2022,19800.0,3.6742346141747673,3.1622776601683795,4.216965733794858,0.031,0.0251189,0.0398107,0.329,0.3,0.4,0.0316,0.0,0.05,425.0,8.62,0.0,1.0,True,0.01,0.95,10.0,39600.0,0.938,0.139
9059,1 - 1 - 2022,19800.0,3.63318042491699,3.1622776601683795,4.216965733794858,0.0319,0.0251189,0.0398107,0.343,0.3,0.4,0.0782,0.05,0.1,1660.0,17.0,38.6,1.0,True,0.01,0.95,10.0,39600.0,0.938,0.139
9060,1 - 1 - 2022,19800.0,3.605551275463989,3.1622776601683795,4.216965733794858,0.0318,0.0251189,0.0398107,0.348,0.3,0.4,0.154,0.1,0.2,3650.0,17.9,0.0,1.0,True,0.01,0.95,10.0,39600.0,0.938,0.139
9061,1 - 1 - 2022,19800.0,3.605551275463989,3.1622776601683795,4.216965733794858,0.0315,0.0251189,0.0398107,0.345,0.3,0.4,0.25,0.2,0.3,4900.0,20.7,57.9,1.0,True,0.01,0.95,10.0,39600.0,0.938,0.139
9062,1 - 1 - 2022,19800.0,3.605551275463989,3.1622776601683795,4.216965733794858,0.0313,0.0251189,0.0398107,0.344,0.3,0.4,0.348,0.3,0.4,5410.0,21.7,57.9,1.0,True,0.01,0.95,10.0,39600.0,0.938,0.139
9063,1 - 1 - 2022,19800.0,3.6742346141747673,3.1622776601683795,4.216965733794858,0.032,0.0251189,0.0398107,0.345,0.3,0.4,0.447,0.4,0.5,4880.0,20.7,270.0,1.0,True,0.01,0.95,10.0,39600.0,0.938,0.139
9064,1 - 1 - 2022,19800.0,3.646916505762094,3.1622776601683795,4.216965733794858,0.0321,0.0251189,0.0398107,0.345,0.3,0.4,0.547,0.5,0.6,4150.0,19.1,367.0,1.0,True,0.01,0.95,10.0,39600.0,0.938,0.139
9065,1 - 1 - 2022,19800.0,3.605551275463989,3.1622776601683795,4.216965733794858,0.032,0.0251189,0.0398107,0.346,0.3,0.4,0.65,0.6,0.7,3050.0,16.3,560.0,1.0,True,0.01,0.95,10.0,39600.0,0.938,0.139
9066,1 - 1 - 2022,19800.0,3.6742346141747673,3.1622776601683795,4.216965733794858,0.0317,0.0251189,0.0398107,0.348,0.3,0.4,0.745,0.7,0.8,2640.0,15.2,328.0,1.0,True,0.01,0.95,10.0,39600.0,0.938,0.139
9067,1 - 1 - 2022,19800.0,3.6742346141747673,3.1622776601683795,4.216965733794858,0.0316,0.0251189,0.0398107,0.342,0.3,0.4,0.845,0.8,0.9,2140.0,13.7,251.0,1.0,True,0.01,0.95,10.0,39600.0,0.938,0.139
9068,1 - 1 - 2022,19800.0,3.6193922141707713,3.1622776601683795,4.216965733794858,0.0323,0.0251189,0.0398107,0.345,0.3,0.4,0.95,0.9,1.0,869.0,8.72,174.0,1.0,True,0.01,0.95,10.0,39600.0,0.938,0.139
9069,1 - 1 - 2022,19800.0,3.63318042491699,3.1622776601683795,4.216965733794858,0.0318,0.0251189,0.0398107,0.344,0.3,0.4,1.17,1.0,1.5,405.0,2.66,92.7,1.0,True,0.01,0.95,10.0,39600.0,0.938,0.139
9070,1 - 1 - 2022,19800.0,3.646916505762094,3.1622776601683795,4.216965733794858,0.0316,0.0251189,0.0398107,0.336,0.3,0.4,1.74,1.5,2.0,77.2,1.16,11.6,1.0,True,0.01,0.95,10.0,39600.0,0.938,0.139
9071,1 - 1 - 2022,19800.0,3.6606010435446255,3.1622776601683795,4.216965733794858,0.0302,0.0251189,0.0398107,0.347,0.3,0.4,2.49,2.0,4.0,12.5,0.234,0.0,1.0,True,0.01,0.95,10.0,39600.0,0.938,0.139
9072,1 - 1 - 2022,19800.0,3.687817782917155,3.1622776601683795,4.216965733794858,0.0293,0.0251189,0.0398107,0.436,0.4,0.5,0.0368,0.0,0.05,232.0,6.37,0.0,1.0,True,0.01,0.95,10.0,39600.0,0.938,0.139
9073,1 - 1 - 2022,19800.0,3.6606010435446255,3.1622776601683795,4.216965733794858,0.0306,0.0251189,0.0398107,0.444,0.4,0.5,0.0745,0.05,0.1,1310.0,15.2,0.0,1.0,True,0.01,0.95,10.0,39600.0,0.938,0.139
9074,1 - 1 - 2022,19800.0,3.646916505762094,3.1622776601683795,4.216965733794858,0.0318,0.0251189,0.0398107,0.449,0.4,0.5,0.158,0.1,0.2,2080.0,13.5,0.0,1.0,True,0.01,0.95,10.0,39600.0,0.938,0.139
9075,1 - 1 - 2022,19800.0,3.63318042491699,3.1622776601683795,4.216965733794858,0.0313,0.0251189,0.0398107,0.445,0.4,0.5,0.252,0.2,0.3,2660.0,15.3,0.0,1.0,True,0.01,0.95,10.0,39600.0,0.938,0.139
9076,1 - 1 - 2022,19800.0,3.646916505762094,3.1622776601683795,4.216965733794858,0.0316,0.0251189,0.0398107,0.448,0.4,0.5,0.351,0.3,0.4,2410.0,14.5,0.0,1.0,True,0.01,0.95,10.0,39600.0,0.938,0.139
9077,1 - 1 - 2022,19800.0,3.605551275463989,3.1622776601683795,4.216965733794858,0.0314,0.0251189,0.0398107,0.446,0.4,0.5,0.447,0.4,0.5,2930.0,16.0,19.3,1.0,True,0.01,0.95,10.0,39600.0,0.938,0.139
9078,1 - 1 - 2022,19800.0,3.6193922141707713,3.1622776601683795,4.216965733794858,0.0322,0.0251189,0.0398107,0.442,0.4,0.5,0.549,0.5,0.6,2470.0,14.7,0.0,1.0,True,0.01,0.95,10.0,39600.0,0.938,0.139
9079,1 - 1 - 2022,19800.0,3.63318042491699,3.1622776601683795,4.216965733794858,0.0318,0.0251189,0.0398107,0.443,0.4,0.5,0.643,0.6,0.7,2050.0,13.4,19.3,1.0,True,0.01,0.95,10.0,39600.0,0.938,0.139
9080,1 - 1 - 2022,19800.0,3.646916505762094,3.1622776601683795,4.216965733794858,0.0313,0.0251189,0.0398107,0.447,0.4,0.5,0.752,0.7,0.8,1510.0,11.5,135.0,1.0,True,0.01,0.95,10.0,39600.0,0.938,0.139
9081,1 - 1 - 2022,19800.0,3.6193922141707713,3.1622776601683795,4.216965733794858,0.0319,0.0251189,0.0398107,0.443,0.4,0.5,0.849,0.8,0.9,830.0,8.52,96.5,1.0,True,0.01,0.95,10.0,39600.0,0.938,0.139
9082,1 - 1 - 2022,19800.0,3.646916505762094,3.1622776601683795,4.216965733794858,0.0315,0.0251189,0.0398107,0.449,0.4,0.5,0.942,0.9,1.0,502.0,6.63,57.9,1.0,True,0.01,0.95,10.0,39600.0,0.938,0.139
9083,1 - 1 - 2022,19800.0,3.591656999213594,3.1622776601683795,4.216965733794858,0.0323,0.0251189,0.0398107,0.446,0.4,0.5,1.19,1.0,1.5,301.0,2.3,11.6,1.0,True,0.01,0.95,10.0,39600.0,0.938,0.139
9084,1 - 1 - 2022,19800.0,3.646916505762094,3.1622776601683795,4.216965733794858,0.0289,0.0251189,0.0398107,0.446,0.4,0.5,1.67,1.5,2.0,38.6,0.822,0.0,1.0,True,0.01,0.95,10.0,39600.0,0.938,0.139
9085,1 - 1 - 2022,19800.0,3.5071355833500366,3.1622776601683795,4.216965733794858,0.0311,0.0251189,0.0398107,0.452,0.4,0.5,2.51,2.0,4.0,5.79,0.159,0.0,1.0,True,0.01,0.95,10.0,39600.0,0.938,0.139
9086,1 - 1 - 2022,19800.0,3.5496478698597698,3.1622776601683795,4.216965733794858,0.029,0.0251189,0.0398107,0.549,0.5,0.6,0.0369,0.0,0.05,270.0,6.88,0.0,1.0,True,0.01,0.95,10.0,39600.0,0.938,0.139
9087,1 - 1 - 2022,19800.0,3.5637059362410923,3.1622776601683795,4.216965733794858,0.0332,0.0251189,0.0398107,0.547,0.5,0.6,0.0792,0.05,0.1,1000.0,13.3,0.0,1.0,True,0.01,0.95,10.0,39600.0,0.938,0.139
9088,1 - 1 - 2022,19800.0,3.605551275463989,3.1622776601683795,4.216965733794858,0.0315,0.0251189,0.0398107,0.551,0.5,0.6,0.156,0.1,0.2,1060.0,9.64,19.3,1.0,True,0.01,0.95,10.0,39600.0,0.938,0.139
9089,1 - 1 - 2022,19800.0,3.7013511046643495,3.1622776601683795,4.216965733794858,0.032,0.0251189,0.0398107,0.544,0.5,0.6,0.248,0.2,0.3,1430.0,11.2,0.0,1.0,True,0.01,0.95,10.0,39600.0,0.938,0.139
9090,1 - 1 - 2022,19800.0,3.5777087639996634,3.1622776601683795,4.216965733794858,0.0312,0.0251189,0.0398107,0.55,0.5,0.6,0.351,0.3,0.4,1850.0,12.7,19.3,1.0,True,0.01,0.95,10.0,39600.0,0.938,0.139
9091,1 - 1 - 2022,19800.0,3.6193922141707713,3.1622776601683795,4.216965733794858,0.0317,0.0251189,0.0398107,0.549,0.5,0.6,0.446,0.4,0.5,2080.0,13.5,0.0,1.0,True,0.01,0.95,10.0,39600.0,0.938,0.139
9092,1 - 1 - 2022,19800.0,3.7013511046643495,3.1622776601683795,4.216965733794858,0.0313,0.0251189,0.0398107,0.538,0.5,0.6,0.543,0.5,0.6,1390.0,11.0,0.0,1.0,True,0.01,0.95,10.0,39600.0,0.938,0.139
9093,1 - 1 - 2022,19800.0,3.63318042491699,3.1622776601683795,4.216965733794858,0.0315,0.0251189,0.0398107,0.552,0.5,0.6,0.652,0.6,0.7,1200.0,10.2,0.0,1.0,True,0.01,0.95,10.0,39600.0,0.938,0.139
9094,1 - 1 - 2022,19800.0,3.687817782917155,3.1622776601683795,4.216965733794858,0.0318,0.0251189,0.0398107,0.543,0.5,0.6,0.741,0.7,0.8,772.0,8.22,0.0,1.0,True,0.01,0.95,10.0,39600.0,0.938,0.139
9095,1 - 1 - 2022,19800.0,3.63318042491699,3.1622776601683795,4.216965733794858,0.0322,0.0251189,0.0398107,0.544,0.5,0.6,0.843,0.8,0.9,521.0,6.75,19.3,1.0,True,0.01,0.95,10.0,39600.0,0.938,0.139
9096,1 - 1 - 2022,19800.0,3.646916505762094,3.1622776601683795,4.216965733794858,0.0307,0.0251189,0.0398107,0.536,0.5,0.6,0.94,0.9,1.0,405.0,5.95,19.3,1.0,True,0.01,0.95,10.0,39600.0,0.938,0.139
9097,1 - 1 - 2022,19800.0,3.687817782917155,3.1622776601683795,4.216965733794858,0.0319,0.0251189,0.0398107,0.546,0.5,0.6,1.2,1.0,1.5,208.0,1.91,3.86,1.0,True,0.01,0.95,10.0,39600.0,0.938,0.139
9098,1 - 1 - 2022,19800.0,3.63318042491699,3.1622776601683795,4.216965733794858,0.0315,0.0251189,0.0398107,0.556,0.5,0.6,1.74,1.5,2.0,27.0,0.688,0.0,1.0,True,0.01,0.95,10.0,39600.0,0.938,0.139
9099,1 - 1 - 2022,19800.0,3.286335345030997,3.1622776601683795,4.216965733794858,0.0336,0.0251189,0.0398107,0.58,0.5,0.6,2.02,2.0,4.0,0.965,0.065,0.0,1.0,True,0.01,0.95,10.0,39600.0,0.938,0.139
9100,1 - 1 - 2022,19800.0,3.7416573867739413,3.1622776601683795,4.216965733794858,0.0313,0.0251189,0.0398107,0.641,0.6,0.7,0.0234,0.0,0.05,77.2,3.68,0.0,1.0,True,0.01,0.95,10.0,39600.0,0.938,0.139
9101,1 - 1 - 2022,19800.0,3.646916505762094,3.1622776601683795,4.216965733794858,0.033,0.0251189,0.0398107,0.65,0.6,0.7,0.084,0.05,0.1,232.0,6.37,0.0,1.0,True,0.01,0.95,10.0,39600.0,0.938,0.139
9102,1 - 1 - 2022,19800.0,3.63318042491699,3.1622776601683795,4.216965733794858,0.032,0.0251189,0.0398107,0.647,0.6,0.7,0.146,0.1,0.2,695.0,7.8,0.0,1.0,True,0.01,0.95,10.0,39600.0,0.938,0.139
9103,1 - 1 - 2022,19800.0,3.605551275463989,3.1622776601683795,4.216965733794858,0.032,0.0251189,0.0398107,0.642,0.6,0.7,0.248,0.2,0.3,849.0,8.62,0.0,1.0,True,0.01,0.95,10.0,39600.0,0.938,0.139
9104,1 - 1 - 2022,19800.0,3.5777087639996634,3.1622776601683795,4.216965733794858,0.0324,0.0251189,0.0398107,0.65,0.6,0.7,0.343,0.3,0.4,946.0,9.1,0.0,1.0,True,0.01,0.95,10.0,39600.0,0.938,0.139
9105,1 - 1 - 2022,19800.0,3.591656999213594,3.1622776601683795,4.216965733794858,0.0315,0.0251189,0.0398107,0.65,0.6,0.7,0.445,0.4,0.5,830.0,8.52,19.3,1.0,True,0.01,0.95,10.0,39600.0,0.938,0.139
9106,1 - 1 - 2022,19800.0,3.591656999213594,3.1622776601683795,4.216965733794858,0.0329,0.0251189,0.0398107,0.642,0.6,0.7,0.553,0.5,0.6,772.0,8.22,0.0,1.0,True,0.01,0.95,10.0,39600.0,0.938,0.139
9107,1 - 1 - 2022,19800.0,3.591656999213594,3.1622776601683795,4.216965733794858,0.0307,0.0251189,0.0398107,0.654,0.6,0.7,0.64,0.6,0.7,618.0,7.35,0.0,1.0,True,0.01,0.95,10.0,39600.0,0.938,0.139
9108,1 - 1 - 2022,19800.0,3.63318042491699,3.1622776601683795,4.216965733794858,0.0308,0.0251189,0.0398107,0.642,0.6,0.7,0.746,0.7,0.8,521.0,6.75,0.0,1.0,True,0.01,0.95,10.0,39600.0,0.938,0.139
9109,1 - 1 - 2022,19800.0,3.5637059362410923,3.1622776601683795,4.216965733794858,0.032,0.0251189,0.0398107,0.635,0.6,0.7,0.85,0.8,0.9,386.0,5.81,0.0,1.0,True,0.01,0.95,10.0,39600.0,0.938,0.139
9110,1 - 1 - 2022,19800.0,3.5777087639996634,3.1622776601683795,4.216965733794858,0.0295,0.0251189,0.0398107,0.659,0.6,0.7,0.961,0.9,1.0,57.9,2.25,0.0,1.0,True,0.01,0.95,10.0,39600.0,0.938,0.139
9111,1 - 1 - 2022,19800.0,3.6606010435446255,3.1622776601683795,4.216965733794858,0.0311,0.0251189,0.0398107,0.653,0.6,0.7,1.13,1.0,1.5,96.5,1.3,0.0,1.0,True,0.01,0.95,10.0,39600.0,0.938,0.139
9112,1 - 1 - 2022,19800.0,3.847076812334269,3.1622776601683795,4.216965733794858,0.029,0.0251189,0.0398107,0.612,0.6,0.7,3.11,2.0,4.0,0.965,0.0649,0.0,1.0,True,0.01,0.95,10.0,39600.0,0.938,0.139
9113,1 - 1 - 2022,19800.0,3.9496835316262997,3.1622776601683795,4.216965733794858,0.0267,0.0251189,0.0398107,0.719,0.7,0.8,0.0398,0.0,0.05,38.6,2.6,0.0,1.0,True,0.01,0.95,10.0,39600.0,0.938,0.139
9114,1 - 1 - 2022,19800.0,3.5777087639996634,3.1622776601683795,4.216965733794858,0.0308,0.0251189,0.0398107,0.731,0.7,0.8,0.0853,0.05,0.1,154.0,5.2,0.0,1.0,True,0.01,0.95,10.0,39600.0,0.938,0.139
9115,1 - 1 - 2022,19800.0,3.605551275463989,3.1622776601683795,4.216965733794858,0.0335,0.0251189,0.0398107,0.758,0.7,0.8,0.17,0.1,0.2,154.0,3.68,0.0,1.0,True,0.01,0.95,10.0,39600.0,0.938,0.139
9116,1 - 1 - 2022,19800.0,3.646916505762094,3.1622776601683795,4.216965733794858,0.0325,0.0251189,0.0398107,0.749,0.7,0.8,0.256,0.2,0.3,560.0,7.0,0.0,1.0,True,0.01,0.95,10.0,39600.0,0.938,0.139
9117,1 - 1 - 2022,19800.0,3.605551275463989,3.1622776601683795,4.216965733794858,0.0301,0.0251189,0.0398107,0.75,0.7,0.8,0.356,0.3,0.4,502.0,6.63,0.0,1.0,True,0.01,0.95,10.0,39600.0,0.938,0.139
9118,1 - 1 - 2022,19800.0,3.5496478698597698,3.1622776601683795,4.216965733794858,0.0318,0.0251189,0.0398107,0.749,0.7,0.8,0.442,0.4,0.5,425.0,6.09,0.0,1.0,True,0.01,0.95,10.0,39600.0,0.938,0.139
9119,1 - 1 - 2022,19800.0,3.6193922141707713,3.1622776601683795,4.216965733794858,0.0317,0.0251189,0.0398107,0.743,0.7,0.8,0.556,0.5,0.6,405.0,5.95,0.0,1.0,True,0.01,0.95,10.0,39600.0,0.938,0.139
9120,1 - 1 - 2022,19800.0,3.714835124201342,3.1622776601683795,4.216965733794858,0.0324,0.0251189,0.0398107,0.751,0.7,0.8,0.636,0.6,0.7,425.0,6.09,0.0,1.0,True,0.01,0.95,10.0,39600.0,0.938,0.139
9121,1 - 1 - 2022,19800.0,3.5355339059327378,3.1622776601683795,4.216965733794858,0.0324,0.0251189,0.0398107,0.741,0.7,0.8,0.752,0.7,0.8,290.0,5.03,0.0,1.0,True,0.01,0.95,10.0,39600.0,0.938,0.139
9122,1 - 1 - 2022,19800.0,3.5777087639996634,3.1622776601683795,4.216965733794858,0.0334,0.0251189,0.0398107,0.761,0.7,0.8,0.855,0.8,0.9,135.0,3.44,0.0,1.0,True,0.01,0.95,10.0,39600.0,0.938,0.139
9123,1 - 1 - 2022,19800.0,3.492849839314596,3.1622776601683795,4.216965733794858,0.029,0.0251189,0.0398107,0.751,0.7,0.8,0.931,0.9,1.0,96.5,2.91,0.0,1.0,True,0.01,0.95,10.0,39600.0,0.938,0.139
9124,1 - 1 - 2022,19800.0,3.5777087639996634,3.1622776601683795,4.216965733794858,0.0311,0.0251189,0.0398107,0.746,0.7,0.8,1.17,1.0,1.5,54.0,0.972,0.0,1.0,True,0.01,0.95,10.0,39600.0,0.938,0.139
9125,1 - 1 - 2022,19800.0,3.7549966711037173,3.1622776601683795,4.216965733794858,0.0291,0.0251189,0.0398107,0.74,0.7,0.8,1.66,1.5,2.0,7.72,0.367,0.0,1.0,True,0.01,0.95,10.0,39600.0,0.938,0.139
9126,1 - 1 - 2022,19800.0,3.391164991562634,3.1622776601683795,4.216965733794858,0.0353,0.0251189,0.0398107,0.816,0.8,0.9,0.0719,0.05,0.1,77.2,3.68,0.0,1.0,True,0.01,0.95,10.0,39600.0,0.938,0.139
9127,1 - 1 - 2022,19800.0,3.7013511046643495,3.1622776601683795,4.216965733794858,0.0328,0.0251189,0.0398107,0.834,0.8,0.9,0.149,0.1,0.2,135.0,3.44,0.0,1.0,True,0.01,0.95,10.0,39600.0,0.938,0.139
9128,1 - 1 - 2022,19800.0,3.6193922141707713,3.1622776601683795,4.216965733794858,0.0316,0.0251189,0.0398107,0.843,0.8,0.9,0.253,0.2,0.3,425.0,6.09,0.0,1.0,True,0.01,0.95,10.0,39600.0,0.938,0.139
9129,1 - 1 - 2022,19800.0,3.6606010435446255,3.1622776601683795,4.216965733794858,0.0333,0.0251189,0.0398107,0.834,0.8,0.9,0.353,0.3,0.4,347.0,5.51,0.0,1.0,True,0.01,0.95,10.0,39600.0,0.938,0.139
9130,1 - 1 - 2022,19800.0,3.591656999213594,3.1622776601683795,4.216965733794858,0.0326,0.0251189,0.0398107,0.839,0.8,0.9,0.444,0.4,0.5,290.0,5.03,0.0,1.0,True,0.01,0.95,10.0,39600.0,0.938,0.139
9131,1 - 1 - 2022,19800.0,3.714835124201342,3.1622776601683795,4.216965733794858,0.0315,0.0251189,0.0398107,0.859,0.8,0.9,0.552,0.5,0.6,251.0,4.69,0.0,1.0,True,0.01,0.95,10.0,39600.0,0.938,0.139
9132,1 - 1 - 2022,19800.0,3.7013511046643495,3.1622776601683795,4.216965733794858,0.0304,0.0251189,0.0398107,0.839,0.8,0.9,0.634,0.6,0.7,270.0,4.86,0.0,1.0,True,0.01,0.95,10.0,39600.0,0.938,0.139
9133,1 - 1 - 2022,19800.0,3.5496478698597698,3.1622776601683795,4.216965733794858,0.0313,0.0251189,0.0398107,0.832,0.8,0.9,0.749,0.7,0.8,154.0,3.68,0.0,1.0,True,0.01,0.95,10.0,39600.0,0.938,0.139
9134,1 - 1 - 2022,19800.0,3.521363372331802,3.1622776601683795,4.216965733794858,0.0278,0.0251189,0.0398107,0.836,0.8,0.9,0.833,0.8,0.9,96.5,2.91,0.0,1.0,True,0.01,0.95,10.0,39600.0,0.938,0.139
9135,1 - 1 - 2022,19800.0,3.4351128074635335,3.1622776601683795,4.216965733794858,0.0331,0.0251189,0.0398107,0.823,0.8,0.9,0.937,0.9,1.0,38.6,1.84,0.0,1.0,True,0.01,0.95,10.0,39600.0,0.938,0.139
9136,1 - 1 - 2022,19800.0,3.7013511046643495,3.1622776601683795,4.216965733794858,0.031,0.0251189,0.0398107,0.852,0.8,0.9,1.1,1.0,1.5,34.7,0.78,0.0,1.0,True,0.01,0.95,10.0,39600.0,0.938,0.139
9137,1 - 1 - 2022,19800.0,3.5777087639996634,3.1622776601683795,4.216965733794858,0.0253,0.0251189,0.0398107,0.947,0.9,1.0,0.0811,0.05,0.1,38.6,2.6,0.0,1.0,True,0.01,0.95,10.0,39600.0,0.938,0.139
9138,1 - 1 - 2022,19800.0,3.605551275463989,3.1622776601683795,4.216965733794858,0.0302,0.0251189,0.0398107,0.924,0.9,1.0,0.15,0.1,0.2,77.2,2.6,0.0,1.0,True,0.01,0.95,10.0,39600.0,0.938,0.139
9139,1 - 1 - 2022,19800.0,3.591656999213594,3.1622776601683795,4.216965733794858,0.031,0.0251189,0.0398107,0.931,0.9,1.0,0.234,0.2,0.3,154.0,3.68,0.0,1.0,True,0.01,0.95,10.0,39600.0,0.938,0.139
9140,1 - 1 - 2022,19800.0,4.183300132670378,3.1622776601683795,4.216965733794858,0.0306,0.0251189,0.0398107,0.909,0.9,1.0,0.352,0.3,0.4,19.3,1.3,0.0,1.0,True,0.01,0.95,10.0,39600.0,0.938,0.139
9141,1 - 1 - 2022,19800.0,3.40587727318528,3.1622776601683795,4.216965733794858,0.0318,0.0251189,0.0398107,0.934,0.9,1.0,0.432,0.4,0.5,77.2,2.6,0.0,1.0,True,0.01,0.95,10.0,39600.0,0.938,0.139
9142,1 - 1 - 2022,19800.0,3.3166247903554,3.1622776601683795,4.216965733794858,0.0345,0.0251189,0.0398107,0.929,0.9,1.0,0.567,0.5,0.6,19.3,1.3,0.0,1.0,True,0.01,0.95,10.0,39600.0,0.938,0.139
9143,1 - 1 - 2022,19800.0,3.3015148038438356,3.1622776601683795,4.216965733794858,0.0317,0.0251189,0.0398107,0.92,0.9,1.0,0.673,0.6,0.7,57.9,2.25,0.0,1.0,True,0.01,0.95,10.0,39600.0,0.938,0.139
9144,1 - 1 - 2022,19800.0,3.5637059362410923,3.1622776601683795,4.216965733794858,0.0331,0.0251189,0.0398107,0.913,0.9,1.0,0.768,0.7,0.8,19.3,1.3,0.0,1.0,True,0.01,0.95,10.0,39600.0,0.938,0.139
9145,1 - 1 - 2022,19800.0,3.255764119219941,3.1622776601683795,4.216965733794858,0.0302,0.0251189,0.0398107,0.92,0.9,1.0,0.824,0.8,0.9,19.3,1.3,0.0,1.0,True,0.01,0.95,10.0,39600.0,0.938,0.139
9146,1 - 1 - 2022,19800.0,3.872983346207417,3.1622776601683795,4.216965733794858,0.0452,0.0398107,0.0630957,0.0464,0.0,0.05,0.0783,0.05,0.1,731.0,12.7,682.0,1.0,True,0.01,0.95,10.0,39600.0,0.938,0.139
9147,1 - 1 - 2022,19800.0,3.8987177379235853,3.1622776601683795,4.216965733794858,0.047,0.0398107,0.0630957,0.0432,0.0,0.05,0.157,0.1,0.2,1780.0,14.0,1750.0,1.0,True,0.01,0.95,10.0,39600.0,0.938,0.139
9148,1 - 1 - 2022,19800.0,3.847076812334269,3.1622776601683795,4.216965733794858,0.0474,0.0398107,0.0630957,0.042,0.0,0.05,0.255,0.2,0.3,3850.0,20.6,3680.0,1.0,True,0.01,0.95,10.0,39600.0,0.938,0.139
9149,1 - 1 - 2022,19800.0,3.82099463490856,3.1622776601683795,4.216965733794858,0.0475,0.0398107,0.0630957,0.042,0.0,0.05,0.351,0.3,0.4,5970.0,25.7,5700.0,1.0,True,0.01,0.95,10.0,39600.0,0.938,0.139
9150,1 - 1 - 2022,19800.0,3.847076812334269,3.1622776601683795,4.216965733794858,0.047,0.0398107,0.0630957,0.0411,0.0,0.05,0.454,0.4,0.5,5680.0,25.0,5340.0,1.0,True,0.01,0.95,10.0,39600.0,0.938,0.139
9151,1 - 1 - 2022,19800.0,3.794733192202055,3.1622776601683795,4.216965733794858,0.0472,0.0398107,0.0630957,0.0409,0.0,0.05,0.548,0.5,0.6,4700.0,22.8,4510.0,1.0,True,0.01,0.95,10.0,39600.0,0.938,0.139
9152,1 - 1 - 2022,19800.0,3.82099463490856,3.1622776601683795,4.216965733794858,0.0468,0.0398107,0.0630957,0.0416,0.0,0.05,0.648,0.6,0.7,2970.0,18.1,2900.0,1.0,True,0.01,0.95,10.0,39600.0,0.938,0.139
9153,1 - 1 - 2022,19800.0,3.794733192202055,3.1622776601683795,4.216965733794858,0.0457,0.0398107,0.0630957,0.0419,0.0,0.05,0.741,0.7,0.8,1660.0,13.5,1610.0,1.0,True,0.01,0.95,10.0,39600.0,0.938,0.139
9154,1 - 1 - 2022,19800.0,3.7013511046643495,3.1622776601683795,4.216965733794858,0.0477,0.0398107,0.0630957,0.0741,0.05,0.1,0.0311,0.0,0.05,2630.0,24.1,926.0,1.0,True,0.01,0.95,10.0,39600.0,0.938,0.139
9155,1 - 1 - 2022,19800.0,3.6742346141747673,3.1622776601683795,4.216965733794858,0.0479,0.0398107,0.0630957,0.0748,0.05,0.1,0.0782,0.05,0.1,7700.0,41.2,3460.0,1.0,True,0.01,0.95,10.0,39600.0,0.938,0.139
9156,1 - 1 - 2022,19800.0,3.7013511046643495,3.1622776601683795,4.216965733794858,0.0494,0.0398107,0.0630957,0.0759,0.05,0.1,0.152,0.1,0.2,13900.0,39.2,5970.0,1.0,True,0.01,0.95,10.0,39600.0,0.938,0.139
9157,1 - 1 - 2022,19800.0,3.687817782917155,3.1622776601683795,4.216965733794858,0.0495,0.0398107,0.0630957,0.0737,0.05,0.1,0.25,0.2,0.3,16800.0,43.1,6890.0,1.0,True,0.01,0.95,10.0,39600.0,0.938,0.139
9158,1 - 1 - 2022,19800.0,3.687817782917155,3.1622776601683795,4.216965733794858,0.0493,0.0398107,0.0630957,0.0728,0.05,0.1,0.349,0.3,0.4,18900.0,45.6,7500.0,1.0,True,0.01,0.95,10.0,39600.0,0.938,0.139
9159,1 - 1 - 2022,19800.0,3.687817782917155,3.1622776601683795,4.216965733794858,0.0495,0.0398107,0.0630957,0.0732,0.05,0.1,0.449,0.4,0.5,16700.0,42.9,6430.0,1.0,True,0.01,0.95,10.0,39600.0,0.938,0.139
9160,1 - 1 - 2022,19800.0,3.6606010435446255,3.1622776601683795,4.216965733794858,0.0493,0.0398107,0.0630957,0.0742,0.05,0.1,0.549,0.5,0.6,12700.0,37.5,4260.0,1.0,True,0.01,0.95,10.0,39600.0,0.938,0.139
9161,1 - 1 - 2022,19800.0,3.6606010435446255,3.1622776601683795,4.216965733794858,0.0492,0.0398107,0.0630957,0.0735,0.05,0.1,0.644,0.6,0.7,8700.0,31.0,3140.0,1.0,True,0.01,0.95,10.0,39600.0,0.938,0.139
9162,1 - 1 - 2022,19800.0,3.687817782917155,3.1622776601683795,4.216965733794858,0.0493,0.0398107,0.0630957,0.0731,0.05,0.1,0.746,0.7,0.8,6360.0,26.5,2460.0,1.0,True,0.01,0.95,10.0,39600.0,0.938,0.139
9163,1 - 1 - 2022,19800.0,3.646916505762094,3.1622776601683795,4.216965733794858,0.0495,0.0398107,0.0630957,0.0738,0.05,0.1,0.846,0.8,0.9,4240.0,21.6,2270.0,1.0,True,0.01,0.95,10.0,39600.0,0.938,0.139
9164,1 - 1 - 2022,19800.0,3.7013511046643495,3.1622776601683795,4.216965733794858,0.0495,0.0398107,0.0630957,0.0741,0.05,0.1,0.948,0.9,1.0,2830.0,17.7,1630.0,1.0,True,0.01,0.95,10.0,39600.0,0.938,0.139
9165,1 - 1 - 2022,19800.0,3.687817782917155,3.1622776601683795,4.216965733794858,0.0477,0.0398107,0.0630957,0.0744,0.05,0.1,1.15,1.0,1.5,570.0,3.55,365.0,1.0,True,0.01,0.95,10.0,39600.0,0.938,0.139
9166,1 - 1 - 2022,19800.0,3.96232255123179,3.1622776601683795,4.216965733794858,0.0481,0.0398107,0.0630957,0.0862,0.05,0.1,1.64,1.5,2.0,24.4,0.733,9.74,1.0,True,0.01,0.95,10.0,39600.0,0.938,0.139
9167,1 - 1 - 2022,19800.0,3.63318042491699,3.1622776601683795,4.216965733794858,0.0477,0.0398107,0.0630957,0.124,0.1,0.15,0.0347,0.0,0.05,1950.0,20.7,0.0,1.0,True,0.01,0.95,10.0,39600.0,0.938,0.139
9168,1 - 1 - 2022,19800.0,3.6742346141747673,3.1622776601683795,4.216965733794858,0.0483,0.0398107,0.0630957,0.122,0.1,0.15,0.0791,0.05,0.1,5410.0,34.6,0.0,1.0,True,0.01,0.95,10.0,39600.0,0.938,0.139
9169,1 - 1 - 2022,19800.0,3.6606010435446255,3.1622776601683795,4.216965733794858,0.0495,0.0398107,0.0630957,0.124,0.1,0.15,0.154,0.1,0.2,10200.0,33.6,24.4,1.0,True,0.01,0.95,10.0,39600.0,0.938,0.139
9170,1 - 1 - 2022,19800.0,3.6742346141747673,3.1622776601683795,4.216965733794858,0.0491,0.0398107,0.0630957,0.123,0.1,0.15,0.251,0.2,0.3,14100.0,39.4,536.0,1.0,True,0.01,0.95,10.0,39600.0,0.938,0.139
9171,1 - 1 - 2022,19800.0,3.6742346141747673,3.1622776601683795,4.216965733794858,0.0492,0.0398107,0.0630957,0.124,0.1,0.15,0.349,0.3,0.4,13000.0,37.8,560.0,1.0,True,0.01,0.95,10.0,39600.0,0.938,0.139
9172,1 - 1 - 2022,19800.0,3.6742346141747673,3.1622776601683795,4.216965733794858,0.0493,0.0398107,0.0630957,0.123,0.1,0.15,0.447,0.4,0.5,10300.0,33.7,682.0,1.0,True,0.01,0.95,10.0,39600.0,0.938,0.139
9173,1 - 1 - 2022,19800.0,3.6606010435446255,3.1622776601683795,4.216965733794858,0.0492,0.0398107,0.0630957,0.124,0.1,0.15,0.547,0.5,0.6,9110.0,31.7,390.0,1.0,True,0.01,0.95,10.0,39600.0,0.938,0.139
9174,1 - 1 - 2022,19800.0,3.7013511046643495,3.1622776601683795,4.216965733794858,0.0496,0.0398107,0.0630957,0.124,0.1,0.15,0.647,0.6,0.7,6330.0,26.4,97.4,1.0,True,0.01,0.95,10.0,39600.0,0.938,0.139
9175,1 - 1 - 2022,19800.0,3.7013511046643495,3.1622776601683795,4.216965733794858,0.0498,0.0398107,0.0630957,0.125,0.1,0.15,0.749,0.7,0.8,4770.0,23.0,24.4,1.0,True,0.01,0.95,10.0,39600.0,0.938,0.139
9176,1 - 1 - 2022,19800.0,3.7013511046643495,3.1622776601683795,4.216965733794858,0.0497,0.0398107,0.0630957,0.123,0.1,0.15,0.847,0.8,0.9,2950.0,18.0,0.00658,1.0,True,0.01,0.95,10.0,39600.0,0.938,0.139
9177,1 - 1 - 2022,19800.0,3.6606010435446255,3.1622776601683795,4.216965733794858,0.0501,0.0398107,0.0630957,0.123,0.1,0.15,0.944,0.9,1.0,2240.0,15.7,48.7,1.0,True,0.01,0.95,10.0,39600.0,0.938,0.139
9178,1 - 1 - 2022,19800.0,3.7013511046643495,3.1622776601683795,4.216965733794858,0.0486,0.0398107,0.0630957,0.127,0.1,0.15,1.16,1.0,1.5,555.0,3.5,53.6,1.0,True,0.01,0.95,10.0,39600.0,0.938,0.139
9179,1 - 1 - 2022,19800.0,3.7013511046643495,3.1622776601683795,4.216965733794858,0.0484,0.0398107,0.0630957,0.12,0.1,0.15,1.67,1.5,2.0,82.8,1.35,19.5,1.0,True,0.01,0.95,10.0,39600.0,0.938,0.139
9180,1 - 1 - 2022,19800.0,3.9115214431215892,3.1622776601683795,4.216965733794858,0.0446,0.0398107,0.0630957,0.141,0.1,0.15,2.1,2.0,4.0,1.22,0.082,0.0,1.0,True,0.01,0.95,10.0,39600.0,0.938,0.139
9181,1 - 1 - 2022,19800.0,3.5637059362410923,3.1622776601683795,4.216965733794858,0.0481,0.0398107,0.0630957,0.169,0.15,0.2,0.0348,0.0,0.05,1320.0,17.0,0.0,1.0,True,0.01,0.95,10.0,39600.0,0.938,0.139
9182,1 - 1 - 2022,19800.0,3.6606010435446255,3.1622776601683795,4.216965733794858,0.0511,0.0398107,0.0630957,0.172,0.15,0.2,0.0787,0.05,0.1,3850.0,29.1,48.7,1.0,True,0.01,0.95,10.0,39600.0,0.938,0.139
9183,1 - 1 - 2022,19800.0,3.7013511046643495,3.1622776601683795,4.216965733794858,0.0491,0.0398107,0.0630957,0.174,0.15,0.2,0.155,0.1,0.2,6260.0,26.3,24.4,1.0,True,0.01,0.95,10.0,39600.0,0.938,0.139
9184,1 - 1 - 2022,19800.0,3.6606010435446255,3.1622776601683795,4.216965733794858,0.0491,0.0398107,0.0630957,0.171,0.15,0.2,0.253,0.2,0.3,8380.0,30.4,48.7,1.0,True,0.01,0.95,10.0,39600.0,0.938,0.139
9185,1 - 1 - 2022,19800.0,3.6742346141747673,3.1622776601683795,4.216965733794858,0.0486,0.0398107,0.0630957,0.174,0.15,0.2,0.348,0.3,0.4,9380.0,32.2,195.0,1.0,True,0.01,0.95,10.0,39600.0,0.938,0.139
9186,1 - 1 - 2022,19800.0,3.7013511046643495,3.1622776601683795,4.216965733794858,0.0497,0.0398107,0.0630957,0.174,0.15,0.2,0.449,0.4,0.5,7110.0,28.0,268.0,1.0,True,0.01,0.95,10.0,39600.0,0.938,0.139
9187,1 - 1 - 2022,19800.0,3.6742346141747673,3.1622776601683795,4.216965733794858,0.0492,0.0398107,0.0630957,0.172,0.15,0.2,0.547,0.5,0.6,6650.0,27.1,439.0,1.0,True,0.01,0.95,10.0,39600.0,0.938,0.139
9188,1 - 1 - 2022,19800.0,3.6742346141747673,3.1622776601683795,4.216965733794858,0.05,0.0398107,0.0630957,0.175,0.15,0.2,0.646,0.6,0.7,5140.0,23.8,633.0,1.0,True,0.01,0.95,10.0,39600.0,0.938,0.139
9189,1 - 1 - 2022,19800.0,3.687817782917155,3.1622776601683795,4.216965733794858,0.0487,0.0398107,0.0630957,0.173,0.15,0.2,0.746,0.7,0.8,3610.0,19.9,219.0,1.0,True,0.01,0.95,10.0,39600.0,0.938,0.139
9190,1 - 1 - 2022,19800.0,3.7013511046643495,3.1622776601683795,4.216965733794858,0.0496,0.0398107,0.0630957,0.176,0.15,0.2,0.845,0.8,0.9,2440.0,16.4,219.0,1.0,True,0.01,0.95,10.0,39600.0,0.938,0.139
9191,1 - 1 - 2022,19800.0,3.7416573867739413,3.1622776601683795,4.216965733794858,0.0491,0.0398107,0.0630957,0.174,0.15,0.2,0.946,0.9,1.0,1440.0,12.6,24.4,1.0,True,0.01,0.95,10.0,39600.0,0.938,0.139
9192,1 - 1 - 2022,19800.0,3.7013511046643495,3.1622776601683795,4.216965733794858,0.0482,0.0398107,0.0630957,0.173,0.15,0.2,1.17,1.0,1.5,551.0,3.49,4.87,1.0,True,0.01,0.95,10.0,39600.0,0.938,0.139
9193,1 - 1 - 2022,19800.0,3.7549966711037173,3.1622776601683795,4.216965733794858,0.049,0.0398107,0.0630957,0.166,0.15,0.2,1.67,1.5,2.0,58.5,1.14,4.87,1.0,True,0.01,0.95,10.0,39600.0,0.938,0.139
9194,1 - 1 - 2022,19800.0,3.5071355833500366,3.1622776601683795,4.216965733794858,0.0438,0.0398107,0.0630957,0.167,0.15,0.2,2.43,2.0,4.0,6.09,0.183,2.44,1.0,True,0.01,0.95,10.0,39600.0,0.938,0.139
9195,1 - 1 - 2022,19800.0,3.5777087639996634,3.1622776601683795,4.216965733794858,0.0505,0.0398107,0.0630957,0.225,0.2,0.25,0.0265,0.0,0.05,828.0,13.5,0.0,1.0,True,0.01,0.95,10.0,39600.0,0.938,0.139
9196,1 - 1 - 2022,19800.0,3.63318042491699,3.1622776601683795,4.216965733794858,0.0488,0.0398107,0.0630957,0.223,0.2,0.25,0.0784,0.05,0.1,2390.0,23.0,0.0,1.0,True,0.01,0.95,10.0,39600.0,0.938,0.139
9197,1 - 1 - 2022,19800.0,3.687817782917155,3.1622776601683795,4.216965733794858,0.0495,0.0398107,0.0630957,0.222,0.2,0.25,0.155,0.1,0.2,4390.0,22.0,0.0,1.0,True,0.01,0.95,10.0,39600.0,0.938,0.139
9198,1 - 1 - 2022,19800.0,3.6742346141747673,3.1622776601683795,4.216965733794858,0.0494,0.0398107,0.0630957,0.223,0.2,0.25,0.254,0.2,0.3,5260.0,24.1,0.0,1.0,True,0.01,0.95,10.0,39600.0,0.938,0.139
9199,1 - 1 - 2022,19800.0,3.6606010435446255,3.1622776601683795,4.216965733794858,0.0488,0.0398107,0.0630957,0.224,0.2,0.25,0.348,0.3,0.4,5530.0,24.7,0.0,1.0,True,0.01,0.95,10.0,39600.0,0.938,0.139
9200,1 - 1 - 2022,19800.0,3.7013511046643495,3.1622776601683795,4.216965733794858,0.0499,0.0398107,0.0630957,0.223,0.2,0.25,0.448,0.4,0.5,5190.0,23.9,195.0,1.0,True,0.01,0.95,10.0,39600.0,0.938,0.139
9201,1 - 1 - 2022,19800.0,3.6742346141747673,3.1622776601683795,4.216965733794858,0.0493,0.0398107,0.0630957,0.222,0.2,0.25,0.55,0.5,0.6,4820.0,23.1,268.0,1.0,True,0.01,0.95,10.0,39600.0,0.938,0.139
9202,1 - 1 - 2022,19800.0,3.6742346141747673,3.1622776601683795,4.216965733794858,0.0503,0.0398107,0.0630957,0.224,0.2,0.25,0.652,0.6,0.7,3480.0,19.6,512.0,1.0,True,0.01,0.95,10.0,39600.0,0.938,0.139
9203,1 - 1 - 2022,19800.0,3.63318042491699,3.1622776601683795,4.216965733794858,0.049,0.0398107,0.0630957,0.22,0.2,0.25,0.753,0.7,0.8,2560.0,16.8,365.0,1.0,True,0.01,0.95,10.0,39600.0,0.938,0.139
9204,1 - 1 - 2022,19800.0,3.6742346141747673,3.1622776601683795,4.216965733794858,0.0493,0.0398107,0.0630957,0.225,0.2,0.25,0.852,0.8,0.9,2120.0,15.3,195.0,1.0,True,0.01,0.95,10.0,39600.0,0.938,0.139
9205,1 - 1 - 2022,19800.0,3.646916505762094,3.1622776601683795,4.216965733794858,0.0489,0.0398107,0.0630957,0.225,0.2,0.25,0.948,0.9,1.0,1170.0,11.4,122.0,1.0,True,0.01,0.95,10.0,39600.0,0.938,0.139
9206,1 - 1 - 2022,19800.0,3.687817782917155,3.1622776601683795,4.216965733794858,0.05,0.0398107,0.0630957,0.223,0.2,0.25,1.16,1.0,1.5,434.0,3.09,4.87,1.0,True,0.01,0.95,10.0,39600.0,0.938,0.139
9207,1 - 1 - 2022,19800.0,3.82099463490856,3.1622776601683795,4.216965733794858,0.0496,0.0398107,0.0630957,0.218,0.2,0.25,1.72,1.5,2.0,68.2,1.23,0.0,1.0,True,0.01,0.95,10.0,39600.0,0.938,0.139
9208,1 - 1 - 2022,19800.0,3.646916505762094,3.1622776601683795,4.216965733794858,0.051,0.0398107,0.0630957,0.238,0.2,0.25,2.03,2.0,4.0,1.22,0.082,0.0,1.0,True,0.01,0.95,10.0,39600.0,0.938,0.139
9209,1 - 1 - 2022,19800.0,3.6193922141707713,3.1622776601683795,4.216965733794858,0.0488,0.0398107,0.0630957,0.272,0.25,0.3,0.0377,0.0,0.05,633.0,11.8,0.0,1.0,True,0.01,0.95,10.0,39600.0,0.938,0.139
9210,1 - 1 - 2022,19800.0,3.687817782917155,3.1622776601683795,4.216965733794858,0.0484,0.0398107,0.0630957,0.266,0.25,0.3,0.0811,0.05,0.1,1900.0,20.5,0.0,1.0,True,0.01,0.95,10.0,39600.0,0.938,0.139
9211,1 - 1 - 2022,19800.0,3.6606010435446255,3.1622776601683795,4.216965733794858,0.0498,0.0398107,0.0630957,0.273,0.25,0.3,0.157,0.1,0.2,2660.0,17.1,24.4,1.0,True,0.01,0.95,10.0,39600.0,0.938,0.139
9212,1 - 1 - 2022,19800.0,3.6742346141747673,3.1622776601683795,4.216965733794858,0.0492,0.0398107,0.0630957,0.275,0.25,0.3,0.254,0.2,0.3,3560.0,19.8,24.4,1.0,True,0.01,0.95,10.0,39600.0,0.938,0.139
9213,1 - 1 - 2022,19800.0,3.7013511046643495,3.1622776601683795,4.216965733794858,0.0501,0.0398107,0.0630957,0.276,0.25,0.3,0.352,0.3,0.4,4560.0,22.4,24.4,1.0,True,0.01,0.95,10.0,39600.0,0.938,0.139
9214,1 - 1 - 2022,19800.0,3.6606010435446255,3.1622776601683795,4.216965733794858,0.0494,0.0398107,0.0630957,0.273,0.25,0.3,0.451,0.4,0.5,3800.0,20.5,0.00421,1.0,True,0.01,0.95,10.0,39600.0,0.938,0.139
9215,1 - 1 - 2022,19800.0,3.6742346141747673,3.1622776601683795,4.216965733794858,0.0494,0.0398107,0.0630957,0.271,0.25,0.3,0.549,0.5,0.6,2660.0,17.1,48.7,1.0,True,0.01,0.95,10.0,39600.0,0.938,0.139
9216,1 - 1 - 2022,19800.0,3.7282703764614498,3.1622776601683795,4.216965733794858,0.0502,0.0398107,0.0630957,0.274,0.25,0.3,0.647,0.6,0.7,2780.0,17.5,292.0,1.0,True,0.01,0.95,10.0,39600.0,0.938,0.139
9217,1 - 1 - 2022,19800.0,3.6742346141747673,3.1622776601683795,4.216965733794858,0.0498,0.0398107,0.0630957,0.273,0.25,0.3,0.746,0.7,0.8,1920.0,14.6,171.0,1.0,True,0.01,0.95,10.0,39600.0,0.938,0.139
9218,1 - 1 - 2022,19800.0,3.687817782917155,3.1622776601683795,4.216965733794858,0.0508,0.0398107,0.0630957,0.278,0.25,0.3,0.845,0.8,0.9,1190.0,11.5,171.0,1.0,True,0.01,0.95,10.0,39600.0,0.938,0.139
9219,1 - 1 - 2022,19800.0,3.714835124201342,3.1622776601683795,4.216965733794858,0.051,0.0398107,0.0630957,0.276,0.25,0.3,0.95,0.9,1.0,853.0,9.7,195.0,1.0,True,0.01,0.95,10.0,39600.0,0.938,0.139
9220,1 - 1 - 2022,19800.0,3.714835124201342,3.1622776601683795,4.216965733794858,0.0478,0.0398107,0.0630957,0.274,0.25,0.3,1.17,1.0,1.5,370.0,2.86,43.8,1.0,True,0.01,0.95,10.0,39600.0,0.938,0.139
9221,1 - 1 - 2022,19800.0,3.8078865529319543,3.1622776601683795,4.216965733794858,0.0511,0.0398107,0.0630957,0.271,0.25,0.3,1.71,1.5,2.0,53.6,1.09,0.0,1.0,True,0.01,0.95,10.0,39600.0,0.938,0.139
9222,1 - 1 - 2022,19800.0,3.5071355833500366,3.1622776601683795,4.216965733794858,0.0486,0.0398107,0.0630957,0.262,0.25,0.3,3.03,2.0,4.0,2.44,0.116,1.22,1.0,True,0.01,0.95,10.0,39600.0,0.938,0.139
9223,1 - 1 - 2022,19800.0,3.605551275463989,3.1622776601683795,4.216965733794858,0.0507,0.0398107,0.0630957,0.338,0.3,0.4,0.0288,0.0,0.05,171.0,4.34,0.0,1.0,True,0.01,0.95,10.0,39600.0,0.938,0.139
9224,1 - 1 - 2022,19800.0,3.687817782917155,3.1622776601683795,4.216965733794858,0.0482,0.0398107,0.0630957,0.344,0.3,0.4,0.0787,0.05,0.1,1020.0,10.6,24.4,1.0,True,0.01,0.95,10.0,39600.0,0.938,0.139
9225,1 - 1 - 2022,19800.0,3.6193922141707713,3.1622776601683795,4.216965733794858,0.0483,0.0398107,0.0630957,0.346,0.3,0.4,0.16,0.1,0.2,1550.0,9.24,12.2,1.0,True,0.01,0.95,10.0,39600.0,0.938,0.139
9226,1 - 1 - 2022,19800.0,3.6742346141747673,3.1622776601683795,4.216965733794858,0.0493,0.0398107,0.0630957,0.35,0.3,0.4,0.252,0.2,0.3,2030.0,10.6,36.5,1.0,True,0.01,0.95,10.0,39600.0,0.938,0.139
9227,1 - 1 - 2022,19800.0,3.6742346141747673,3.1622776601683795,4.216965733794858,0.0494,0.0398107,0.0630957,0.344,0.3,0.4,0.352,0.3,0.4,2350.0,11.4,0.0,1.0,True,0.01,0.95,10.0,39600.0,0.938,0.139
9228,1 - 1 - 2022,19800.0,3.687817782917155,3.1622776601683795,4.216965733794858,0.049,0.0398107,0.0630957,0.342,0.3,0.4,0.45,0.4,0.5,2400.0,11.5,12.2,1.0,True,0.01,0.95,10.0,39600.0,0.938,0.139
9229,1 - 1 - 2022,19800.0,3.6606010435446255,3.1622776601683795,4.216965733794858,0.0492,0.0398107,0.0630957,0.347,0.3,0.4,0.549,0.5,0.6,1900.0,10.2,0.0,1.0,True,0.01,0.95,10.0,39600.0,0.938,0.139
9230,1 - 1 - 2022,19800.0,3.646916505762094,3.1622776601683795,4.216965733794858,0.049,0.0398107,0.0630957,0.343,0.3,0.4,0.647,0.6,0.7,1600.0,9.38,36.5,1.0,True,0.01,0.95,10.0,39600.0,0.938,0.139
9231,1 - 1 - 2022,19800.0,3.714835124201342,3.1622776601683795,4.216965733794858,0.0489,0.0398107,0.0630957,0.346,0.3,0.4,0.749,0.7,0.8,1220.0,8.2,36.5,1.0,True,0.01,0.95,10.0,39600.0,0.938,0.139
9232,1 - 1 - 2022,19800.0,3.646916505762094,3.1622776601683795,4.216965733794858,0.0486,0.0398107,0.0630957,0.35,0.3,0.4,0.842,0.8,0.9,913.0,7.1,73.1,1.0,True,0.01,0.95,10.0,39600.0,0.938,0.139
9233,1 - 1 - 2022,19800.0,3.63318042491699,3.1622776601683795,4.216965733794858,0.0496,0.0398107,0.0630957,0.344,0.3,0.4,0.949,0.9,1.0,621.0,5.85,122.0,1.0,True,0.01,0.95,10.0,39600.0,0.938,0.139
9234,1 - 1 - 2022,19800.0,3.6742346141747673,3.1622776601683795,4.216965733794858,0.0495,0.0398107,0.0630957,0.345,0.3,0.4,1.17,1.0,1.5,236.0,1.61,29.2,1.0,True,0.01,0.95,10.0,39600.0,0.938,0.139
9235,1 - 1 - 2022,19800.0,3.63318042491699,3.1622776601683795,4.216965733794858,0.0462,0.0398107,0.0630957,0.335,0.3,0.4,1.7,1.5,2.0,43.8,0.696,4.87,1.0,True,0.01,0.95,10.0,39600.0,0.938,0.139
9236,1 - 1 - 2022,19800.0,3.8340579025361627,3.1622776601683795,4.216965733794858,0.053,0.0398107,0.0630957,0.363,0.3,0.4,2.31,2.0,4.0,3.05,0.0917,0.0,1.0,True,0.01,0.95,10.0,39600.0,0.938,0.139
9237,1 - 1 - 2022,19800.0,3.6193922141707713,3.1622776601683795,4.216965733794858,0.0485,0.0398107,0.0630957,0.435,0.4,0.5,0.039,0.0,0.05,268.0,5.44,0.0,1.0,True,0.01,0.95,10.0,39600.0,0.938,0.139
9238,1 - 1 - 2022,19800.0,3.591656999213594,3.1622776601683795,4.216965733794858,0.0474,0.0398107,0.0630957,0.457,0.4,0.5,0.0769,0.05,0.1,780.0,9.28,24.4,1.0,True,0.01,0.95,10.0,39600.0,0.938,0.139
9239,1 - 1 - 2022,19800.0,3.7013511046643495,3.1622776601683795,4.216965733794858,0.0493,0.0398107,0.0630957,0.445,0.4,0.5,0.15,0.1,0.2,1050.0,7.6,12.2,1.0,True,0.01,0.95,10.0,39600.0,0.938,0.139
9240,1 - 1 - 2022,19800.0,3.6606010435446255,3.1622776601683795,4.216965733794858,0.0493,0.0398107,0.0630957,0.448,0.4,0.5,0.25,0.2,0.3,1340.0,8.6,0.0,1.0,True,0.01,0.95,10.0,39600.0,0.938,0.139
9241,1 - 1 - 2022,19800.0,3.687817782917155,3.1622776601683795,4.216965733794858,0.0485,0.0398107,0.0630957,0.443,0.4,0.5,0.348,0.3,0.4,1210.0,8.16,0.0,1.0,True,0.01,0.95,10.0,39600.0,0.938,0.139
9242,1 - 1 - 2022,19800.0,3.646916505762094,3.1622776601683795,4.216965733794858,0.0483,0.0398107,0.0630957,0.446,0.4,0.5,0.453,0.4,0.5,1510.0,9.13,12.2,1.0,True,0.01,0.95,10.0,39600.0,0.938,0.139
9243,1 - 1 - 2022,19800.0,3.6742346141747673,3.1622776601683795,4.216965733794858,0.0505,0.0398107,0.0630957,0.451,0.4,0.5,0.546,0.5,0.6,1250.0,8.32,0.0,1.0,True,0.01,0.95,10.0,39600.0,0.938,0.139
9244,1 - 1 - 2022,19800.0,3.605551275463989,3.1622776601683795,4.216965733794858,0.0495,0.0398107,0.0630957,0.441,0.4,0.5,0.653,0.6,0.7,938.0,7.19,0.0,1.0,True,0.01,0.95,10.0,39600.0,0.938,0.139
9245,1 - 1 - 2022,19800.0,3.6742346141747673,3.1622776601683795,4.216965733794858,0.0507,0.0398107,0.0630957,0.443,0.4,0.5,0.743,0.7,0.8,706.0,6.24,12.2,1.0,True,0.01,0.95,10.0,39600.0,0.938,0.139
9246,1 - 1 - 2022,19800.0,3.6193922141707713,3.1622776601683795,4.216965733794858,0.0476,0.0398107,0.0630957,0.438,0.4,0.5,0.848,0.8,0.9,438.0,4.92,12.2,1.0,True,0.01,0.95,10.0,39600.0,0.938,0.139
9247,1 - 1 - 2022,19800.0,3.6606010435446255,3.1622776601683795,4.216965733794858,0.0502,0.0398107,0.0630957,0.442,0.4,0.5,0.95,0.9,1.0,353.0,4.42,0.0,1.0,True,0.01,0.95,10.0,39600.0,0.938,0.139
9248,1 - 1 - 2022,19800.0,3.7013511046643495,3.1622776601683795,4.216965733794858,0.0508,0.0398107,0.0630957,0.448,0.4,0.5,1.18,1.0,1.5,149.0,1.28,26.8,1.0,True,0.01,0.95,10.0,39600.0,0.938,0.139
9249,1 - 1 - 2022,19800.0,3.82099463490856,3.1622776601683795,4.216965733794858,0.0504,0.0398107,0.0630957,0.446,0.4,0.5,1.75,1.5,2.0,12.2,0.367,0.0,1.0,True,0.01,0.95,10.0,39600.0,0.938,0.139
9250,1 - 1 - 2022,19800.0,3.449637662132068,3.1622776601683795,4.216965733794858,0.0501,0.0398107,0.0630957,0.427,0.4,0.5,3.77,2.0,4.0,1.22,0.058,0.0,1.0,True,0.01,0.95,10.0,39600.0,0.938,0.139
9251,1 - 1 - 2022,19800.0,3.6742346141747673,3.1622776601683795,4.216965733794858,0.0484,0.0398107,0.0630957,0.542,0.5,0.6,0.0302,0.0,0.05,122.0,3.67,0.0,1.0,True,0.01,0.95,10.0,39600.0,0.938,0.139
9252,1 - 1 - 2022,19800.0,3.714835124201342,3.1622776601683795,4.216965733794858,0.05,0.0398107,0.0630957,0.56,0.5,0.6,0.0808,0.05,0.1,219.0,4.92,0.0,1.0,True,0.01,0.95,10.0,39600.0,0.938,0.139
9253,1 - 1 - 2022,19800.0,3.591656999213594,3.1622776601683795,4.216965733794858,0.0493,0.0398107,0.0630957,0.542,0.5,0.6,0.15,0.1,0.2,524.0,5.38,0.0,1.0,True,0.01,0.95,10.0,39600.0,0.938,0.139
9254,1 - 1 - 2022,19800.0,3.687817782917155,3.1622776601683795,4.216965733794858,0.0492,0.0398107,0.0630957,0.545,0.5,0.6,0.249,0.2,0.3,682.0,6.14,0.0,1.0,True,0.01,0.95,10.0,39600.0,0.938,0.139
9255,1 - 1 - 2022,19800.0,3.714835124201342,3.1622776601683795,4.216965733794858,0.0506,0.0398107,0.0630957,0.547,0.5,0.6,0.36,0.3,0.4,877.0,6.96,12.2,1.0,True,0.01,0.95,10.0,39600.0,0.938,0.139
9256,1 - 1 - 2022,19800.0,3.63318042491699,3.1622776601683795,4.216965733794858,0.0505,0.0398107,0.0630957,0.543,0.5,0.6,0.443,0.4,0.5,621.0,5.86,0.0,1.0,True,0.01,0.95,10.0,39600.0,0.938,0.139
9257,1 - 1 - 2022,19800.0,3.6193922141707713,3.1622776601683795,4.216965733794858,0.0491,0.0398107,0.0630957,0.546,0.5,0.6,0.545,0.5,0.6,706.0,6.24,0.0,1.0,True,0.01,0.95,10.0,39600.0,0.938,0.139
9258,1 - 1 - 2022,19800.0,3.6606010435446255,3.1622776601683795,4.216965733794858,0.0483,0.0398107,0.0630957,0.54,0.5,0.6,0.651,0.6,0.7,499.0,5.25,0.0,1.0,True,0.01,0.95,10.0,39600.0,0.938,0.139
9259,1 - 1 - 2022,19800.0,3.646916505762094,3.1622776601683795,4.216965733794858,0.0499,0.0398107,0.0630957,0.548,0.5,0.6,0.747,0.7,0.8,414.0,4.78,0.0,1.0,True,0.01,0.95,10.0,39600.0,0.938,0.139
9260,1 - 1 - 2022,19800.0,3.646916505762094,3.1622776601683795,4.216965733794858,0.0503,0.0398107,0.0630957,0.543,0.5,0.6,0.844,0.8,0.9,292.0,4.02,12.2,1.0,True,0.01,0.95,10.0,39600.0,0.938,0.139
9261,1 - 1 - 2022,19800.0,3.5637059362410923,3.1622776601683795,4.216965733794858,0.0505,0.0398107,0.0630957,0.531,0.5,0.6,0.953,0.9,1.0,183.0,3.18,0.0,1.0,True,0.01,0.95,10.0,39600.0,0.938,0.139
9262,1 - 1 - 2022,19800.0,3.7013511046643495,3.1622776601683795,4.216965733794858,0.0488,0.0398107,0.0630957,0.553,0.5,0.6,1.19,1.0,1.5,78.0,0.928,4.87,1.0,True,0.01,0.95,10.0,39600.0,0.938,0.139
9263,1 - 1 - 2022,19800.0,3.8078865529319543,3.1622776601683795,4.216965733794858,0.0545,0.0398107,0.0630957,0.559,0.5,0.6,1.72,1.5,2.0,9.74,0.328,2.44,1.0,True,0.01,0.95,10.0,39600.0,0.938,0.139
9264,1 - 1 - 2022,19800.0,3.63318042491699,3.1622776601683795,4.216965733794858,0.049,0.0398107,0.0630957,0.563,0.5,0.6,2.57,2.0,4.0,1.83,0.071,0.0,1.0,True,0.01,0.95,10.0,39600.0,0.938,0.139
9265,1 - 1 - 2022,19800.0,3.7416573867739413,3.1622776601683795,4.216965733794858,0.0479,0.0398107,0.0630957,0.655,0.6,0.7,0.0322,0.0,0.05,122.0,3.67,0.0,1.0,True,0.01,0.95,10.0,39600.0,0.938,0.139
9266,1 - 1 - 2022,19800.0,3.7549966711037173,3.1622776601683795,4.216965733794858,0.0499,0.0398107,0.0630957,0.625,0.6,0.7,0.0878,0.05,0.1,146.0,4.02,0.0,1.0,True,0.01,0.95,10.0,39600.0,0.938,0.139
9267,1 - 1 - 2022,19800.0,3.6193922141707713,3.1622776601683795,4.216965733794858,0.0493,0.0398107,0.0630957,0.643,0.6,0.7,0.154,0.1,0.2,268.0,3.85,0.0,1.0,True,0.01,0.95,10.0,39600.0,0.938,0.139
9268,1 - 1 - 2022,19800.0,3.646916505762094,3.1622776601683795,4.216965733794858,0.0503,0.0398107,0.0630957,0.635,0.6,0.7,0.247,0.2,0.3,560.0,5.56,0.0,1.0,True,0.01,0.95,10.0,39600.0,0.938,0.139
9269,1 - 1 - 2022,19800.0,3.646916505762094,3.1622776601683795,4.216965733794858,0.0481,0.0398107,0.0630957,0.641,0.6,0.7,0.353,0.3,0.4,414.0,4.78,0.0,1.0,True,0.01,0.95,10.0,39600.0,0.938,0.139
9270,1 - 1 - 2022,19800.0,3.605551275463989,3.1622776601683795,4.216965733794858,0.0485,0.0398107,0.0630957,0.642,0.6,0.7,0.452,0.4,0.5,463.0,5.05,12.2,1.0,True,0.01,0.95,10.0,39600.0,0.938,0.139
9271,1 - 1 - 2022,19800.0,3.5777087639996634,3.1622776601683795,4.216965733794858,0.0488,0.0398107,0.0630957,0.643,0.6,0.7,0.55,0.5,0.6,280.0,3.93,12.2,1.0,True,0.01,0.95,10.0,39600.0,0.938,0.139
9272,1 - 1 - 2022,19800.0,3.7013511046643495,3.1622776601683795,4.216965733794858,0.0481,0.0398107,0.0630957,0.647,0.6,0.7,0.642,0.6,0.7,329.0,4.26,12.2,1.0,True,0.01,0.95,10.0,39600.0,0.938,0.139
9273,1 - 1 - 2022,19800.0,3.646916505762094,3.1622776601683795,4.216965733794858,0.0508,0.0398107,0.0630957,0.649,0.6,0.7,0.758,0.7,0.8,280.0,3.93,0.0,1.0,True,0.01,0.95,10.0,39600.0,0.938,0.139
9274,1 - 1 - 2022,19800.0,3.872983346207417,3.1622776601683795,4.216965733794858,0.0507,0.0398107,0.0630957,0.65,0.6,0.7,0.844,0.8,0.9,73.1,2.01,0.0,1.0,True,0.01,0.95,10.0,39600.0,0.938,0.139
9275,1 - 1 - 2022,19800.0,3.7416573867739413,3.1622776601683795,4.216965733794858,0.0467,0.0398107,0.0630957,0.636,0.6,0.7,0.941,0.9,1.0,122.0,2.59,0.0,1.0,True,0.01,0.95,10.0,39600.0,0.938,0.139
9276,1 - 1 - 2022,19800.0,3.9496835316262997,3.1622776601683795,4.216965733794858,0.051,0.0398107,0.0630957,0.65,0.6,0.7,1.2,1.0,1.5,39.0,0.656,0.0,1.0,True,0.01,0.95,10.0,39600.0,0.938,0.139
9277,1 - 1 - 2022,19800.0,3.3466401061363023,3.1622776601683795,4.216965733794858,0.049,0.0398107,0.0630957,0.619,0.6,0.7,1.65,1.5,2.0,4.87,0.232,0.0,1.0,True,0.01,0.95,10.0,39600.0,0.938,0.139
9278,1 - 1 - 2022,19800.0,4.09878030638384,3.1622776601683795,4.216965733794858,0.049,0.0398107,0.0630957,0.756,0.7,0.8,0.0286,0.0,0.05,24.4,1.64,0.0,1.0,True,0.01,0.95,10.0,39600.0,0.938,0.139
9279,1 - 1 - 2022,19800.0,3.9115214431215892,3.1622776601683795,4.216965733794858,0.0418,0.0398107,0.0630957,0.727,0.7,0.8,0.0607,0.05,0.1,24.4,1.64,0.0,1.0,True,0.01,0.95,10.0,39600.0,0.938,0.139
9280,1 - 1 - 2022,19800.0,3.7013511046643495,3.1622776601683795,4.216965733794858,0.0531,0.0398107,0.0630957,0.739,0.7,0.8,0.161,0.1,0.2,292.0,4.02,0.0,1.0,True,0.01,0.95,10.0,39600.0,0.938,0.139
9281,1 - 1 - 2022,19800.0,3.5777087639996634,3.1622776601683795,4.216965733794858,0.0477,0.0398107,0.0630957,0.755,0.7,0.8,0.249,0.2,0.3,219.0,3.48,0.0,1.0,True,0.01,0.95,10.0,39600.0,0.938,0.139
9282,1 - 1 - 2022,19800.0,3.714835124201342,3.1622776601683795,4.216965733794858,0.0488,0.0398107,0.0630957,0.756,0.7,0.8,0.354,0.3,0.4,329.0,4.26,0.0,1.0,True,0.01,0.95,10.0,39600.0,0.938,0.139
9283,1 - 1 - 2022,19800.0,3.714835124201342,3.1622776601683795,4.216965733794858,0.0491,0.0398107,0.0630957,0.746,0.7,0.8,0.449,0.4,0.5,378.0,4.56,0.0,1.0,True,0.01,0.95,10.0,39600.0,0.938,0.139
9284,1 - 1 - 2022,19800.0,3.605551275463989,3.1622776601683795,4.216965733794858,0.0504,0.0398107,0.0630957,0.744,0.7,0.8,0.543,0.5,0.6,268.0,3.85,0.0,1.0,True,0.01,0.95,10.0,39600.0,0.938,0.139
9285,1 - 1 - 2022,19800.0,3.5496478698597698,3.1622776601683795,4.216965733794858,0.0514,0.0398107,0.0630957,0.741,0.7,0.8,0.653,0.6,0.7,158.0,2.96,0.0,1.0,True,0.01,0.95,10.0,39600.0,0.938,0.139
9286,1 - 1 - 2022,19800.0,3.687817782917155,3.1622776601683795,4.216965733794858,0.0487,0.0398107,0.0630957,0.749,0.7,0.8,0.759,0.7,0.8,171.0,3.07,0.0,1.0,True,0.01,0.95,10.0,39600.0,0.938,0.139
9287,1 - 1 - 2022,19800.0,3.7013511046643495,3.1622776601683795,4.216965733794858,0.0497,0.0398107,0.0630957,0.731,0.7,0.8,0.842,0.8,0.9,183.0,3.18,0.0,1.0,True,0.01,0.95,10.0,39600.0,0.938,0.139
9288,1 - 1 - 2022,19800.0,3.7815340802378077,3.1622776601683795,4.216965733794858,0.0466,0.0398107,0.0630957,0.731,0.7,0.8,0.926,0.9,1.0,48.7,1.64,0.0,1.0,True,0.01,0.95,10.0,39600.0,0.938,0.139
9289,1 - 1 - 2022,19800.0,3.7416573867739413,3.1622776601683795,4.216965733794858,0.0498,0.0398107,0.0630957,0.752,0.7,0.8,1.19,1.0,1.5,17.1,0.434,0.0,1.0,True,0.01,0.95,10.0,39600.0,0.938,0.139
9290,1 - 1 - 2022,19800.0,3.6742346141747673,3.1622776601683795,4.216965733794858,0.0418,0.0398107,0.0630957,0.748,0.7,0.8,1.67,1.5,2.0,2.44,0.164,0.0,1.0,True,0.01,0.95,10.0,39600.0,0.938,0.139
9291,1 - 1 - 2022,19800.0,3.687817782917155,3.1622776601683795,4.216965733794858,0.0466,0.0398107,0.0630957,0.851,0.8,0.9,0.147,0.1,0.2,110.0,2.46,0.0,1.0,True,0.01,0.95,10.0,39600.0,0.938,0.139
9292,1 - 1 - 2022,19800.0,3.5496478698597698,3.1622776601683795,4.216965733794858,0.051,0.0398107,0.0630957,0.848,0.8,0.9,0.239,0.2,0.3,207.0,3.38,0.0,1.0,True,0.01,0.95,10.0,39600.0,0.938,0.139
9293,1 - 1 - 2022,19800.0,3.7013511046643495,3.1622776601683795,4.216965733794858,0.0534,0.0398107,0.0630957,0.838,0.8,0.9,0.351,0.3,0.4,110.0,2.46,0.0,1.0,True,0.01,0.95,10.0,39600.0,0.938,0.139
9294,1 - 1 - 2022,19800.0,3.5637059362410923,3.1622776601683795,4.216965733794858,0.05,0.0398107,0.0630957,0.847,0.8,0.9,0.451,0.4,0.5,183.0,3.18,0.0,1.0,True,0.01,0.95,10.0,39600.0,0.938,0.139
9295,1 - 1 - 2022,19800.0,3.714835124201342,3.1622776601683795,4.216965733794858,0.0495,0.0398107,0.0630957,0.836,0.8,0.9,0.56,0.5,0.6,195.0,3.28,0.0,1.0,True,0.01,0.95,10.0,39600.0,0.938,0.139
9296,1 - 1 - 2022,19800.0,3.7815340802378077,3.1622776601683795,4.216965733794858,0.0533,0.0398107,0.0630957,0.832,0.8,0.9,0.647,0.6,0.7,122.0,2.59,0.0,1.0,True,0.01,0.95,10.0,39600.0,0.938,0.139
9297,1 - 1 - 2022,19800.0,3.7682887362833544,3.1622776601683795,4.216965733794858,0.0529,0.0398107,0.0630957,0.826,0.8,0.9,0.745,0.7,0.8,85.3,2.17,0.0,1.0,True,0.01,0.95,10.0,39600.0,0.938,0.139
9298,1 - 1 - 2022,19800.0,3.5777087639996634,3.1622776601683795,4.216965733794858,0.0499,0.0398107,0.0630957,0.85,0.8,0.9,0.84,0.8,0.9,73.1,2.01,0.0,1.0,True,0.01,0.95,10.0,39600.0,0.938,0.139
9299,1 - 1 - 2022,19800.0,3.521363372331802,3.1622776601683795,4.216965733794858,0.0487,0.0398107,0.0630957,0.825,0.8,0.9,0.946,0.9,1.0,48.7,1.64,0.0,1.0,True,0.01,0.95,10.0,39600.0,0.938,0.139
9300,1 - 1 - 2022,19800.0,3.521363372331802,3.1622776601683795,4.216965733794858,0.0467,0.0398107,0.0630957,0.864,0.8,0.9,1.1,1.0,1.5,9.74,0.328,0.0,1.0,True,0.01,0.95,10.0,39600.0,0.938,0.139
9301,1 - 1 - 2022,19800.0,4.06201920231798,3.1622776601683795,4.216965733794858,0.0495,0.0398107,0.0630957,0.937,0.9,1.0,0.114,0.1,0.2,12.2,0.82,0.0,1.0,True,0.01,0.95,10.0,39600.0,0.938,0.139
9302,1 - 1 - 2022,19800.0,3.6193922141707713,3.1622776601683795,4.216965733794858,0.0507,0.0398107,0.0630957,0.925,0.9,1.0,0.266,0.2,0.3,60.9,1.83,0.0,1.0,True,0.01,0.95,10.0,39600.0,0.938,0.139
9303,1 - 1 - 2022,19800.0,3.5777087639996634,3.1622776601683795,4.216965733794858,0.0463,0.0398107,0.0630957,0.945,0.9,1.0,0.347,0.3,0.4,60.9,1.83,0.0,1.0,True,0.01,0.95,10.0,39600.0,0.938,0.139
9304,1 - 1 - 2022,19800.0,3.6193922141707713,3.1622776601683795,4.216965733794858,0.0497,0.0398107,0.0630957,0.936,0.9,1.0,0.454,0.4,0.5,122.0,2.59,0.0,1.0,True,0.01,0.95,10.0,39600.0,0.938,0.139
9305,1 - 1 - 2022,19800.0,3.40587727318528,3.1622776601683795,4.216965733794858,0.0493,0.0398107,0.0630957,0.914,0.9,1.0,0.559,0.5,0.6,24.4,1.16,0.0,1.0,True,0.01,0.95,10.0,39600.0,0.938,0.139
9306,1 - 1 - 2022,19800.0,4.049691346263317,3.1622776601683795,4.216965733794858,0.0622,0.0398107,0.0630957,0.944,0.9,1.0,0.631,0.6,0.7,12.2,0.82,0.0,1.0,True,0.01,0.95,10.0,39600.0,0.938,0.139
9307,1 - 1 - 2022,19800.0,3.9370039370059056,3.1622776601683795,4.216965733794858,0.0533,0.0398107,0.0630957,0.907,0.9,1.0,0.767,0.7,0.8,12.2,0.82,0.0,1.0,True,0.01,0.95,10.0,39600.0,0.938,0.139
9308,1 - 1 - 2022,19800.0,3.96232255123179,3.1622776601683795,4.216965733794858,0.069,0.0630957,0.1,0.0763,0.05,0.1,0.032,0.0,0.05,430.0,7.74,277.0,1.0,True,0.01,0.95,10.0,39600.0,0.938,0.139
9309,1 - 1 - 2022,19800.0,3.987480407475377,3.1622776601683795,4.216965733794858,0.0708,0.0630957,0.1,0.0751,0.05,0.1,0.0743,0.05,0.1,769.0,10.3,523.0,1.0,True,0.01,0.95,10.0,39600.0,0.938,0.139
9310,1 - 1 - 2022,19800.0,3.987480407475377,3.1622776601683795,4.216965733794858,0.0706,0.0630957,0.1,0.0784,0.05,0.1,0.153,0.1,0.2,1860.0,11.4,1080.0,1.0,True,0.01,0.95,10.0,39600.0,0.938,0.139
9311,1 - 1 - 2022,19800.0,3.96232255123179,3.1622776601683795,4.216965733794858,0.0703,0.0630957,0.1,0.0759,0.05,0.1,0.253,0.2,0.3,2260.0,12.5,1250.0,1.0,True,0.01,0.95,10.0,39600.0,0.938,0.139
9312,1 - 1 - 2022,19800.0,3.96232255123179,3.1622776601683795,4.216965733794858,0.07,0.0630957,0.1,0.0742,0.05,0.1,0.351,0.3,0.4,1840.0,11.3,1140.0,1.0,True,0.01,0.95,10.0,39600.0,0.938,0.139
9313,1 - 1 - 2022,19800.0,3.9496835316262997,3.1622776601683795,4.216965733794858,0.0702,0.0630957,0.1,0.0741,0.05,0.1,0.448,0.4,0.5,2550.0,13.3,1720.0,1.0,True,0.01,0.95,10.0,39600.0,0.938,0.139
9314,1 - 1 - 2022,19800.0,4.0,3.1622776601683795,4.216965733794858,0.0714,0.0630957,0.1,0.0734,0.05,0.1,0.551,0.5,0.6,1640.0,10.7,1110.0,1.0,True,0.01,0.95,10.0,39600.0,0.938,0.139
9315,1 - 1 - 2022,19800.0,3.96232255123179,3.1622776601683795,4.216965733794858,0.0709,0.0630957,0.1,0.0744,0.05,0.1,0.649,0.6,0.7,1290.0,9.48,922.0,1.0,True,0.01,0.95,10.0,39600.0,0.938,0.139
9316,1 - 1 - 2022,19800.0,3.9749213828703582,3.1622776601683795,4.216965733794858,0.0718,0.0630957,0.1,0.0756,0.05,0.1,0.741,0.7,0.8,968.0,8.21,692.0,1.0,True,0.01,0.95,10.0,39600.0,0.938,0.139
9317,1 - 1 - 2022,19800.0,4.0,3.1622776601683795,4.216965733794858,0.0713,0.0630957,0.1,0.0778,0.05,0.1,0.846,0.8,0.9,492.0,5.85,384.0,1.0,True,0.01,0.95,10.0,39600.0,0.938,0.139
9318,1 - 1 - 2022,19800.0,4.0,3.1622776601683795,4.216965733794858,0.0729,0.0630957,0.1,0.0756,0.05,0.1,0.94,0.9,1.0,231.0,4.01,184.0,1.0,True,0.01,0.95,10.0,39600.0,0.938,0.139
9319,1 - 1 - 2022,19800.0,4.012480529547776,3.1622776601683795,4.216965733794858,0.0729,0.0630957,0.1,0.0807,0.05,0.1,1.12,1.0,1.5,40.0,0.746,33.8,1.0,True,0.01,0.95,10.0,39600.0,0.938,0.139
9320,1 - 1 - 2022,19800.0,3.9496835316262997,3.1622776601683795,4.216965733794858,0.0679,0.0630957,0.1,0.123,0.1,0.15,0.034,0.0,0.05,307.0,6.54,0.0,1.0,True,0.01,0.95,10.0,39600.0,0.938,0.139
9321,1 - 1 - 2022,19800.0,3.9496835316262997,3.1622776601683795,4.216965733794858,0.0699,0.0630957,0.1,0.124,0.1,0.15,0.0783,0.05,0.1,984.0,11.7,0.0,1.0,True,0.01,0.95,10.0,39600.0,0.938,0.139
9322,1 - 1 - 2022,19800.0,3.9749213828703582,3.1622776601683795,4.216965733794858,0.0706,0.0630957,0.1,0.124,0.1,0.15,0.154,0.1,0.2,1230.0,9.25,0.0,1.0,True,0.01,0.95,10.0,39600.0,0.938,0.139
9323,1 - 1 - 2022,19800.0,3.987480407475377,3.1622776601683795,4.216965733794858,0.0719,0.0630957,0.1,0.125,0.1,0.15,0.253,0.2,0.3,1600.0,10.6,61.5,1.0,True,0.01,0.95,10.0,39600.0,0.938,0.139
9324,1 - 1 - 2022,19800.0,3.9370039370059056,3.1622776601683795,4.216965733794858,0.0701,0.0630957,0.1,0.126,0.1,0.15,0.345,0.3,0.4,1680.0,10.8,108.0,1.0,True,0.01,0.95,10.0,39600.0,0.938,0.139
9325,1 - 1 - 2022,19800.0,3.9370039370059056,3.1622776601683795,4.216965733794858,0.0708,0.0630957,0.1,0.121,0.1,0.15,0.453,0.4,0.5,1120.0,8.84,92.2,1.0,True,0.01,0.95,10.0,39600.0,0.938,0.139
9326,1 - 1 - 2022,19800.0,3.96232255123179,3.1622776601683795,4.216965733794858,0.0705,0.0630957,0.1,0.124,0.1,0.15,0.547,0.5,0.6,1490.0,10.2,76.8,1.0,True,0.01,0.95,10.0,39600.0,0.938,0.139
9327,1 - 1 - 2022,19800.0,3.9496835316262997,3.1622776601683795,4.216965733794858,0.07,0.0630957,0.1,0.124,0.1,0.15,0.639,0.6,0.7,738.0,7.17,46.1,1.0,True,0.01,0.95,10.0,39600.0,0.938,0.139
9328,1 - 1 - 2022,19800.0,3.9749213828703582,3.1622776601683795,4.216965733794858,0.0699,0.0630957,0.1,0.127,0.1,0.15,0.758,0.7,0.8,615.0,6.54,0.00108,1.0,True,0.01,0.95,10.0,39600.0,0.938,0.139
9329,1 - 1 - 2022,19800.0,4.0,3.1622776601683795,4.216965733794858,0.069,0.0630957,0.1,0.126,0.1,0.15,0.843,0.8,0.9,430.0,5.47,30.7,1.0,True,0.01,0.95,10.0,39600.0,0.938,0.139
9330,1 - 1 - 2022,19800.0,3.8987177379235853,3.1622776601683795,4.216965733794858,0.0714,0.0630957,0.1,0.121,0.1,0.15,0.95,0.9,1.0,307.0,4.63,76.9,1.0,True,0.01,0.95,10.0,39600.0,0.938,0.139
9331,1 - 1 - 2022,19800.0,3.987480407475377,3.1622776601683795,4.216965733794858,0.0705,0.0630957,0.1,0.127,0.1,0.15,1.13,1.0,1.5,148.0,1.43,36.9,1.0,True,0.01,0.95,10.0,39600.0,0.938,0.139
9332,1 - 1 - 2022,19800.0,4.024922359499621,3.1622776601683795,4.216965733794858,0.0716,0.0630957,0.1,0.125,0.1,0.15,1.59,1.5,2.0,12.3,0.414,6.15,1.0,True,0.01,0.95,10.0,39600.0,0.938,0.139
9333,1 - 1 - 2022,19800.0,3.9496835316262997,3.1622776601683795,4.216965733794858,0.0658,0.0630957,0.1,0.171,0.15,0.2,0.0323,0.0,0.05,61.5,2.93,0.0,1.0,True,0.01,0.95,10.0,39600.0,0.938,0.139
9334,1 - 1 - 2022,19800.0,3.924283374069717,3.1622776601683795,4.216965733794858,0.0704,0.0630957,0.1,0.177,0.15,0.2,0.074,0.05,0.1,584.0,9.02,30.7,1.0,True,0.01,0.95,10.0,39600.0,0.938,0.139
9335,1 - 1 - 2022,19800.0,3.987480407475377,3.1622776601683795,4.216965733794858,0.0715,0.0630957,0.1,0.174,0.15,0.2,0.146,0.1,0.2,661.0,6.78,15.4,1.0,True,0.01,0.95,10.0,39600.0,0.938,0.139
9336,1 - 1 - 2022,19800.0,4.0,3.1622776601683795,4.216965733794858,0.0714,0.0630957,0.1,0.173,0.15,0.2,0.252,0.2,0.3,1180.0,9.08,15.4,1.0,True,0.01,0.95,10.0,39600.0,0.938,0.139
9337,1 - 1 - 2022,19800.0,3.9749213828703582,3.1622776601683795,4.216965733794858,0.0706,0.0630957,0.1,0.173,0.15,0.2,0.351,0.3,0.4,1090.0,8.72,0.0,1.0,True,0.01,0.95,10.0,39600.0,0.938,0.139
9338,1 - 1 - 2022,19800.0,3.9749213828703582,3.1622776601683795,4.216965733794858,0.0701,0.0630957,0.1,0.173,0.15,0.2,0.448,0.4,0.5,1060.0,8.59,15.4,1.0,True,0.01,0.95,10.0,39600.0,0.938,0.139
9339,1 - 1 - 2022,19800.0,3.924283374069717,3.1622776601683795,4.216965733794858,0.0698,0.0630957,0.1,0.173,0.15,0.2,0.542,0.5,0.6,815.0,7.53,15.4,1.0,True,0.01,0.95,10.0,39600.0,0.938,0.139
9340,1 - 1 - 2022,19800.0,3.987480407475377,3.1622776601683795,4.216965733794858,0.0726,0.0630957,0.1,0.174,0.15,0.2,0.643,0.6,0.7,646.0,6.7,15.4,1.0,True,0.01,0.95,10.0,39600.0,0.938,0.139
9341,1 - 1 - 2022,19800.0,4.0,3.1622776601683795,4.216965733794858,0.07,0.0630957,0.1,0.177,0.15,0.2,0.743,0.7,0.8,461.0,5.67,15.4,1.0,True,0.01,0.95,10.0,39600.0,0.938,0.139
9342,1 - 1 - 2022,19800.0,4.024922359499621,3.1622776601683795,4.216965733794858,0.0741,0.0630957,0.1,0.171,0.15,0.2,0.847,0.8,0.9,277.0,4.39,0.0,1.0,True,0.01,0.95,10.0,39600.0,0.938,0.139
9343,1 - 1 - 2022,19800.0,3.96232255123179,3.1622776601683795,4.216965733794858,0.0679,0.0630957,0.1,0.176,0.15,0.2,0.941,0.9,1.0,138.0,3.1,0.0,1.0,True,0.01,0.95,10.0,39600.0,0.938,0.139
9344,1 - 1 - 2022,19800.0,3.8600518131237567,3.1622776601683795,4.216965733794858,0.0667,0.0630957,0.1,0.176,0.15,0.2,1.1,1.0,1.5,43.0,0.774,0.0,1.0,True,0.01,0.95,10.0,39600.0,0.938,0.139
9345,1 - 1 - 2022,19800.0,4.08656334834051,3.1622776601683795,4.216965733794858,0.0728,0.0630957,0.1,0.178,0.15,0.2,1.53,1.5,2.0,6.15,0.293,0.0,1.0,True,0.01,0.95,10.0,39600.0,0.938,0.139
9346,1 - 1 - 2022,19800.0,4.08656334834051,3.1622776601683795,4.216965733794858,0.0774,0.0630957,0.1,0.229,0.2,0.25,0.0304,0.0,0.05,154.0,4.63,0.0,1.0,True,0.01,0.95,10.0,39600.0,0.938,0.139
9347,1 - 1 - 2022,19800.0,4.09878030638384,3.1622776601683795,4.216965733794858,0.0775,0.0630957,0.1,0.214,0.2,0.25,0.0716,0.05,0.1,184.0,5.07,0.0,1.0,True,0.01,0.95,10.0,39600.0,0.938,0.139
9348,1 - 1 - 2022,19800.0,3.9370039370059056,3.1622776601683795,4.216965733794858,0.0702,0.0630957,0.1,0.222,0.2,0.25,0.15,0.1,0.2,661.0,6.78,0.0,1.0,True,0.01,0.95,10.0,39600.0,0.938,0.139
9349,1 - 1 - 2022,19800.0,3.96232255123179,3.1622776601683795,4.216965733794858,0.0707,0.0630957,0.1,0.222,0.2,0.25,0.259,0.2,0.3,722.0,7.09,0.0,1.0,True,0.01,0.95,10.0,39600.0,0.938,0.139
9350,1 - 1 - 2022,19800.0,3.9749213828703582,3.1622776601683795,4.216965733794858,0.0704,0.0630957,0.1,0.225,0.2,0.25,0.355,0.3,0.4,830.0,7.6,0.0,1.0,True,0.01,0.95,10.0,39600.0,0.938,0.139
9351,1 - 1 - 2022,19800.0,3.9370039370059056,3.1622776601683795,4.216965733794858,0.0693,0.0630957,0.1,0.225,0.2,0.25,0.445,0.4,0.5,753.0,7.24,0.0,1.0,True,0.01,0.95,10.0,39600.0,0.938,0.139
9352,1 - 1 - 2022,19800.0,3.987480407475377,3.1622776601683795,4.216965733794858,0.0707,0.0630957,0.1,0.228,0.2,0.25,0.554,0.5,0.6,676.0,6.86,15.4,1.0,True,0.01,0.95,10.0,39600.0,0.938,0.139
9353,1 - 1 - 2022,19800.0,3.9749213828703582,3.1622776601683795,4.216965733794858,0.0715,0.0630957,0.1,0.223,0.2,0.25,0.639,0.6,0.7,415.0,5.38,15.4,1.0,True,0.01,0.95,10.0,39600.0,0.938,0.139
9354,1 - 1 - 2022,19800.0,3.9749213828703582,3.1622776601683795,4.216965733794858,0.0693,0.0630957,0.1,0.222,0.2,0.25,0.75,0.7,0.8,338.0,4.85,46.1,1.0,True,0.01,0.95,10.0,39600.0,0.938,0.139
9355,1 - 1 - 2022,19800.0,3.987480407475377,3.1622776601683795,4.216965733794858,0.0702,0.0630957,0.1,0.226,0.2,0.25,0.832,0.8,0.9,200.0,3.73,0.0,1.0,True,0.01,0.95,10.0,39600.0,0.938,0.139
9356,1 - 1 - 2022,19800.0,3.794733192202055,3.1622776601683795,4.216965733794858,0.0688,0.0630957,0.1,0.22,0.2,0.25,0.948,0.9,1.0,123.0,2.93,0.0,1.0,True,0.01,0.95,10.0,39600.0,0.938,0.139
9357,1 - 1 - 2022,19800.0,3.9749213828703582,3.1622776601683795,4.216965733794858,0.0716,0.0630957,0.1,0.232,0.2,0.25,1.17,1.0,1.5,55.3,0.878,0.0,1.0,True,0.01,0.95,10.0,39600.0,0.938,0.139
9358,1 - 1 - 2022,19800.0,4.024922359499621,3.1622776601683795,4.216965733794858,0.0687,0.0630957,0.1,0.22,0.2,0.25,1.69,1.5,2.0,18.4,0.507,0.0,1.0,True,0.01,0.95,10.0,39600.0,0.938,0.139
9359,1 - 1 - 2022,19800.0,3.7682887362833544,3.1622776601683795,4.216965733794858,0.0659,0.0630957,0.1,0.259,0.25,0.3,0.0326,0.0,0.05,61.5,2.93,0.0,1.0,True,0.01,0.95,10.0,39600.0,0.938,0.139
9360,1 - 1 - 2022,19800.0,4.049691346263317,3.1622776601683795,4.216965733794858,0.072,0.0630957,0.1,0.269,0.25,0.3,0.0736,0.05,0.1,154.0,4.63,0.0,1.0,True,0.01,0.95,10.0,39600.0,0.938,0.139
9361,1 - 1 - 2022,19800.0,3.96232255123179,3.1622776601683795,4.216965733794858,0.0714,0.0630957,0.1,0.271,0.25,0.3,0.158,0.1,0.2,446.0,5.57,15.4,1.0,True,0.01,0.95,10.0,39600.0,0.938,0.139
9362,1 - 1 - 2022,19800.0,3.9370039370059056,3.1622776601683795,4.216965733794858,0.0712,0.0630957,0.1,0.27,0.25,0.3,0.239,0.2,0.3,461.0,5.67,0.0,1.0,True,0.01,0.95,10.0,39600.0,0.938,0.139
9363,1 - 1 - 2022,19800.0,3.9749213828703582,3.1622776601683795,4.216965733794858,0.0698,0.0630957,0.1,0.273,0.25,0.3,0.35,0.3,0.4,492.0,5.85,0.0,1.0,True,0.01,0.95,10.0,39600.0,0.938,0.139
9364,1 - 1 - 2022,19800.0,3.987480407475377,3.1622776601683795,4.216965733794858,0.0697,0.0630957,0.1,0.273,0.25,0.3,0.454,0.4,0.5,477.0,5.76,0.0,1.0,True,0.01,0.95,10.0,39600.0,0.938,0.139
9365,1 - 1 - 2022,19800.0,3.9749213828703582,3.1622776601683795,4.216965733794858,0.0709,0.0630957,0.1,0.273,0.25,0.3,0.542,0.5,0.6,430.0,5.47,0.0,1.0,True,0.01,0.95,10.0,39600.0,0.938,0.139
9366,1 - 1 - 2022,19800.0,3.987480407475377,3.1622776601683795,4.216965733794858,0.0681,0.0630957,0.1,0.279,0.25,0.3,0.657,0.6,0.7,261.0,4.27,0.0,1.0,True,0.01,0.95,10.0,39600.0,0.938,0.139
9367,1 - 1 - 2022,19800.0,3.9370039370059056,3.1622776601683795,4.216965733794858,0.0706,0.0630957,0.1,0.272,0.25,0.3,0.741,0.7,0.8,323.0,4.74,0.0,1.0,True,0.01,0.95,10.0,39600.0,0.938,0.139
9368,1 - 1 - 2022,19800.0,3.96232255123179,3.1622776601683795,4.216965733794858,0.0691,0.0630957,0.1,0.274,0.25,0.3,0.848,0.8,0.9,261.0,4.27,15.4,1.0,True,0.01,0.95,10.0,39600.0,0.938,0.139
9369,1 - 1 - 2022,19800.0,4.03732584763727,3.1622776601683795,4.216965733794858,0.0702,0.0630957,0.1,0.276,0.25,0.3,0.947,0.9,1.0,92.2,2.53,30.7,1.0,True,0.01,0.95,10.0,39600.0,0.938,0.139
9370,1 - 1 - 2022,19800.0,3.9370039370059056,3.1622776601683795,4.216965733794858,0.0699,0.0630957,0.1,0.275,0.25,0.3,1.21,1.0,1.5,52.3,0.853,3.07,1.0,True,0.01,0.95,10.0,39600.0,0.938,0.139
9371,1 - 1 - 2022,19800.0,3.8987177379235853,3.1622776601683795,4.216965733794858,0.0697,0.0630957,0.1,0.277,0.25,0.3,1.64,1.5,2.0,9.22,0.358,0.0,1.0,True,0.01,0.95,10.0,39600.0,0.938,0.139
9372,1 - 1 - 2022,19800.0,3.96232255123179,3.1622776601683795,4.216965733794858,0.0779,0.0630957,0.1,0.347,0.3,0.4,0.0293,0.0,0.05,30.7,1.46,0.0,1.0,True,0.01,0.95,10.0,39600.0,0.938,0.139
9373,1 - 1 - 2022,19800.0,3.987480407475377,3.1622776601683795,4.216965733794858,0.0701,0.0630957,0.1,0.359,0.3,0.4,0.0779,0.05,0.1,76.8,2.31,0.0,1.0,True,0.01,0.95,10.0,39600.0,0.938,0.139
9374,1 - 1 - 2022,19800.0,3.987480407475377,3.1622776601683795,4.216965733794858,0.0719,0.0630957,0.1,0.338,0.3,0.4,0.151,0.1,0.2,200.0,2.64,7.68,1.0,True,0.01,0.95,10.0,39600.0,0.938,0.139
9375,1 - 1 - 2022,19800.0,4.0,3.1622776601683795,4.216965733794858,0.0712,0.0630957,0.1,0.354,0.3,0.4,0.246,0.2,0.3,330.0,3.39,0.0,1.0,True,0.01,0.95,10.0,39600.0,0.938,0.139
9376,1 - 1 - 2022,19800.0,3.96232255123179,3.1622776601683795,4.216965733794858,0.0701,0.0630957,0.1,0.349,0.3,0.4,0.349,0.3,0.4,307.0,3.27,0.0,1.0,True,0.01,0.95,10.0,39600.0,0.938,0.139
9377,1 - 1 - 2022,19800.0,3.987480407475377,3.1622776601683795,4.216965733794858,0.0701,0.0630957,0.1,0.349,0.3,0.4,0.448,0.4,0.5,330.0,3.39,0.0,1.0,True,0.01,0.95,10.0,39600.0,0.938,0.139
9378,1 - 1 - 2022,19800.0,3.924283374069717,3.1622776601683795,4.216965733794858,0.0697,0.0630957,0.1,0.347,0.3,0.4,0.549,0.5,0.6,238.0,2.88,0.0,1.0,True,0.01,0.95,10.0,39600.0,0.938,0.139
9379,1 - 1 - 2022,19800.0,4.0,3.1622776601683795,4.216965733794858,0.0712,0.0630957,0.1,0.341,0.3,0.4,0.652,0.6,0.7,238.0,2.88,0.0,1.0,True,0.01,0.95,10.0,39600.0,0.938,0.139
9380,1 - 1 - 2022,19800.0,3.987480407475377,3.1622776601683795,4.216965733794858,0.0715,0.0630957,0.1,0.349,0.3,0.4,0.739,0.7,0.8,161.0,2.37,0.0,1.0,True,0.01,0.95,10.0,39600.0,0.938,0.139
9381,1 - 1 - 2022,19800.0,3.9749213828703582,3.1622776601683795,4.216965733794858,0.0701,0.0630957,0.1,0.346,0.3,0.4,0.844,0.8,0.9,146.0,2.25,0.0,1.0,True,0.01,0.95,10.0,39600.0,0.938,0.139
9382,1 - 1 - 2022,19800.0,3.9749213828703582,3.1622776601683795,4.216965733794858,0.072,0.0630957,0.1,0.34,0.3,0.4,0.947,0.9,1.0,108.0,1.94,0.0,1.0,True,0.01,0.95,10.0,39600.0,0.938,0.139
9383,1 - 1 - 2022,19800.0,3.96232255123179,3.1622776601683795,4.216965733794858,0.0698,0.0630957,0.1,0.347,0.3,0.4,1.15,1.0,1.5,36.9,0.507,4.61,1.0,True,0.01,0.95,10.0,39600.0,0.938,0.139
9384,1 - 1 - 2022,19800.0,3.987480407475377,3.1622776601683795,4.216965733794858,0.0753,0.0630957,0.1,0.317,0.3,0.4,1.76,1.5,2.0,4.61,0.179,0.0,1.0,True,0.01,0.95,10.0,39600.0,0.938,0.139
9385,1 - 1 - 2022,19800.0,3.9496835316262997,3.1622776601683795,4.216965733794858,0.071,0.0630957,0.1,0.449,0.4,0.5,0.0403,0.0,0.05,30.7,1.46,0.0,1.0,True,0.01,0.95,10.0,39600.0,0.938,0.139
9386,1 - 1 - 2022,19800.0,4.06201920231798,3.1622776601683795,4.216965733794858,0.0703,0.0630957,0.1,0.434,0.4,0.5,0.073,0.05,0.1,108.0,2.74,15.4,1.0,True,0.01,0.95,10.0,39600.0,0.938,0.139
9387,1 - 1 - 2022,19800.0,3.9749213828703582,3.1622776601683795,4.216965733794858,0.0712,0.0630957,0.1,0.429,0.4,0.5,0.157,0.1,0.2,169.0,2.43,7.68,1.0,True,0.01,0.95,10.0,39600.0,0.938,0.139
9388,1 - 1 - 2022,19800.0,3.924283374069717,3.1622776601683795,4.216965733794858,0.0682,0.0630957,0.1,0.444,0.4,0.5,0.234,0.2,0.3,99.9,1.87,0.0,1.0,True,0.01,0.95,10.0,39600.0,0.938,0.139
9389,1 - 1 - 2022,19800.0,3.987480407475377,3.1622776601683795,4.216965733794858,0.0712,0.0630957,0.1,0.457,0.4,0.5,0.349,0.3,0.4,184.0,2.53,0.0,1.0,True,0.01,0.95,10.0,39600.0,0.938,0.139
9390,1 - 1 - 2022,19800.0,3.96232255123179,3.1622776601683795,4.216965733794858,0.0715,0.0630957,0.1,0.451,0.4,0.5,0.457,0.4,0.5,184.0,2.53,0.0,1.0,True,0.01,0.95,10.0,39600.0,0.938,0.139
9391,1 - 1 - 2022,19800.0,3.9496835316262997,3.1622776601683795,4.216965733794858,0.0701,0.0630957,0.1,0.447,0.4,0.5,0.551,0.5,0.6,200.0,2.64,0.0,1.0,True,0.01,0.95,10.0,39600.0,0.938,0.139
9392,1 - 1 - 2022,19800.0,3.96232255123179,3.1622776601683795,4.216965733794858,0.0698,0.0630957,0.1,0.445,0.4,0.5,0.649,0.6,0.7,169.0,2.43,0.0,1.0,True,0.01,0.95,10.0,39600.0,0.938,0.139
9393,1 - 1 - 2022,19800.0,3.924283374069717,3.1622776601683795,4.216965733794858,0.0703,0.0630957,0.1,0.444,0.4,0.5,0.738,0.7,0.8,76.9,1.64,0.0,1.0,True,0.01,0.95,10.0,39600.0,0.938,0.139
9394,1 - 1 - 2022,19800.0,4.0,3.1622776601683795,4.216965733794858,0.0687,0.0630957,0.1,0.436,0.4,0.5,0.843,0.8,0.9,61.5,1.46,0.0,1.0,True,0.01,0.95,10.0,39600.0,0.938,0.139
9395,1 - 1 - 2022,19800.0,3.96232255123179,3.1622776601683795,4.216965733794858,0.0688,0.0630957,0.1,0.44,0.4,0.5,0.939,0.9,1.0,30.7,1.03,0.0,1.0,True,0.01,0.95,10.0,39600.0,0.938,0.139
9396,1 - 1 - 2022,19800.0,3.9370039370059056,3.1622776601683795,4.216965733794858,0.0714,0.0630957,0.1,0.448,0.4,0.5,1.19,1.0,1.5,16.9,0.343,0.0,1.0,True,0.01,0.95,10.0,39600.0,0.938,0.139
9397,1 - 1 - 2022,19800.0,3.7416573867739413,3.1622776601683795,4.216965733794858,0.0644,0.0630957,0.1,0.435,0.4,0.5,1.72,1.5,2.0,3.07,0.146,0.0,1.0,True,0.01,0.95,10.0,39600.0,0.938,0.139
9398,1 - 1 - 2022,19800.0,3.96232255123179,3.1622776601683795,4.216965733794858,0.0691,0.0630957,0.1,0.534,0.5,0.6,0.0405,0.0,0.05,30.7,1.46,0.0,1.0,True,0.01,0.95,10.0,39600.0,0.938,0.139
9399,1 - 1 - 2022,19800.0,3.9115214431215892,3.1622776601683795,4.216965733794858,0.0741,0.0630957,0.1,0.531,0.5,0.6,0.0767,0.05,0.1,76.9,2.31,0.0,1.0,True,0.01,0.95,10.0,39600.0,0.938,0.139
9400,1 - 1 - 2022,19800.0,3.8858718455450894,3.1622776601683795,4.216965733794858,0.0676,0.0630957,0.1,0.582,0.5,0.6,0.162,0.1,0.2,46.1,1.27,0.0,1.0,True,0.01,0.95,10.0,39600.0,0.938,0.139
9401,1 - 1 - 2022,19800.0,3.924283374069717,3.1622776601683795,4.216965733794858,0.0691,0.0630957,0.1,0.544,0.5,0.6,0.252,0.2,0.3,108.0,1.94,0.0,1.0,True,0.01,0.95,10.0,39600.0,0.938,0.139
9402,1 - 1 - 2022,19800.0,3.924283374069717,3.1622776601683795,4.216965733794858,0.0704,0.0630957,0.1,0.546,0.5,0.6,0.364,0.3,0.4,84.5,1.72,0.0,1.0,True,0.01,0.95,10.0,39600.0,0.938,0.139
9403,1 - 1 - 2022,19800.0,3.9370039370059056,3.1622776601683795,4.216965733794858,0.071,0.0630957,0.1,0.546,0.5,0.6,0.446,0.4,0.5,138.0,2.19,0.0,1.0,True,0.01,0.95,10.0,39600.0,0.938,0.139
9404,1 - 1 - 2022,19800.0,3.987480407475377,3.1622776601683795,4.216965733794858,0.0728,0.0630957,0.1,0.563,0.5,0.6,0.54,0.5,0.6,131.0,2.13,0.0,1.0,True,0.01,0.95,10.0,39600.0,0.938,0.139
9405,1 - 1 - 2022,19800.0,4.012480529547776,3.1622776601683795,4.216965733794858,0.0715,0.0630957,0.1,0.552,0.5,0.6,0.651,0.6,0.7,76.9,1.64,0.0,1.0,True,0.01,0.95,10.0,39600.0,0.938,0.139
9406,1 - 1 - 2022,19800.0,3.9496835316262997,3.1622776601683795,4.216965733794858,0.0681,0.0630957,0.1,0.533,0.5,0.6,0.744,0.7,0.8,76.8,1.64,0.0,1.0,True,0.01,0.95,10.0,39600.0,0.938,0.139
9407,1 - 1 - 2022,19800.0,4.110960958218893,3.1622776601683795,4.216965733794858,0.0809,0.0630957,0.1,0.529,0.5,0.6,0.831,0.8,0.9,38.4,1.16,0.0,1.0,True,0.01,0.95,10.0,39600.0,0.938,0.139
9408,1 - 1 - 2022,19800.0,4.03732584763727,3.1622776601683795,4.216965733794858,0.0747,0.0630957,0.1,0.553,0.5,0.6,0.959,0.9,1.0,38.4,1.16,0.0,1.0,True,0.01,0.95,10.0,39600.0,0.938,0.139
9409,1 - 1 - 2022,19800.0,4.012480529547776,3.1622776601683795,4.216965733794858,0.0695,0.0630957,0.1,0.563,0.5,0.6,1.18,1.0,1.5,12.3,0.293,0.0,1.0,True,0.01,0.95,10.0,39600.0,0.938,0.139
9410,1 - 1 - 2022,19800.0,3.8987177379235853,3.1622776601683795,4.216965733794858,0.0716,0.0630957,0.1,0.65,0.6,0.7,0.069,0.05,0.1,46.1,1.79,0.0,1.0,True,0.01,0.95,10.0,39600.0,0.938,0.139
9411,1 - 1 - 2022,19800.0,3.847076812334269,3.1622776601683795,4.216965733794858,0.0706,0.0630957,0.1,0.636,0.6,0.7,0.145,0.1,0.2,46.1,1.27,0.0,1.0,True,0.01,0.95,10.0,39600.0,0.938,0.139
9412,1 - 1 - 2022,19800.0,3.8987177379235853,3.1622776601683795,4.216965733794858,0.0711,0.0630957,0.1,0.666,0.6,0.7,0.256,0.2,0.3,30.7,1.03,0.0,1.0,True,0.01,0.95,10.0,39600.0,0.938,0.139
9413,1 - 1 - 2022,19800.0,3.924283374069717,3.1622776601683795,4.216965733794858,0.0705,0.0630957,0.1,0.646,0.6,0.7,0.363,0.3,0.4,76.9,1.64,0.0,1.0,True,0.01,0.95,10.0,39600.0,0.938,0.139
9414,1 - 1 - 2022,19800.0,3.96232255123179,3.1622776601683795,4.216965733794858,0.073,0.0630957,0.1,0.647,0.6,0.7,0.443,0.4,0.5,30.7,1.03,0.0,1.0,True,0.01,0.95,10.0,39600.0,0.938,0.139
9415,1 - 1 - 2022,19800.0,3.96232255123179,3.1622776601683795,4.216965733794858,0.0758,0.0630957,0.1,0.669,0.6,0.7,0.558,0.5,0.6,38.4,1.16,7.68,1.0,True,0.01,0.95,10.0,39600.0,0.938,0.139
9416,1 - 1 - 2022,19800.0,4.049691346263317,3.1622776601683795,4.216965733794858,0.0739,0.0630957,0.1,0.657,0.6,0.7,0.652,0.6,0.7,38.4,1.16,7.69,1.0,True,0.01,0.95,10.0,39600.0,0.938,0.139
9417,1 - 1 - 2022,19800.0,3.96232255123179,3.1622776601683795,4.216965733794858,0.0705,0.0630957,0.1,0.637,0.6,0.7,0.762,0.7,0.8,23.1,0.896,0.0,1.0,True,0.01,0.95,10.0,39600.0,0.938,0.139
9418,1 - 1 - 2022,19800.0,4.123105625617661,3.1622776601683795,4.216965733794858,0.0744,0.0630957,0.1,0.63,0.6,0.7,0.842,0.8,0.9,23.1,0.896,0.0,1.0,True,0.01,0.95,10.0,39600.0,0.938,0.139
9419,1 - 1 - 2022,19800.0,4.09878030638384,3.1622776601683795,4.216965733794858,0.0671,0.0630957,0.1,0.62,0.6,0.7,0.981,0.9,1.0,23.1,0.896,0.0,1.0,True,0.01,0.95,10.0,39600.0,0.938,0.139
9420,1 - 1 - 2022,19800.0,3.7013511046643495,3.1622776601683795,4.216965733794858,0.0673,0.0630957,0.1,0.649,0.6,0.7,1.23,1.0,1.5,3.07,0.146,0.0,1.0,True,0.01,0.95,10.0,39600.0,0.938,0.139
9421,1 - 1 - 2022,19800.0,4.09878030638384,3.1622776601683795,4.216965733794858,0.0711,0.0630957,0.1,0.766,0.7,0.8,0.134,0.1,0.2,23.1,0.896,0.0,1.0,True,0.01,0.95,10.0,39600.0,0.938,0.139
9422,1 - 1 - 2022,19800.0,3.8600518131237567,3.1622776601683795,4.216965733794858,0.0693,0.0630957,0.1,0.745,0.7,0.8,0.276,0.2,0.3,30.7,1.03,0.0,1.0,True,0.01,0.95,10.0,39600.0,0.938,0.139
9423,1 - 1 - 2022,19800.0,4.06201920231798,3.1622776601683795,4.216965733794858,0.0657,0.0630957,0.1,0.741,0.7,0.8,0.349,0.3,0.4,15.4,0.731,0.0,1.0,True,0.01,0.95,10.0,39600.0,0.938,0.139
9424,1 - 1 - 2022,19800.0,3.9496835316262997,3.1622776601683795,4.216965733794858,0.0725,0.0630957,0.1,0.739,0.7,0.8,0.46,0.4,0.5,23.1,0.896,0.0,1.0,True,0.01,0.95,10.0,39600.0,0.938,0.139
9425,1 - 1 - 2022,19800.0,3.9370039370059056,3.1622776601683795,4.216965733794858,0.0719,0.0630957,0.1,0.744,0.7,0.8,0.521,0.5,0.6,46.1,1.27,0.0,1.0,True,0.01,0.95,10.0,39600.0,0.938,0.139
9426,1 - 1 - 2022,19800.0,3.9115214431215892,3.1622776601683795,4.216965733794858,0.074,0.0630957,0.1,0.772,0.7,0.8,0.734,0.7,0.8,15.4,0.731,0.0,1.0,True,0.01,0.95,10.0,39600.0,0.938,0.139
9427,1 - 1 - 2022,19800.0,3.9370039370059056,3.1622776601683795,4.216965733794858,0.0756,0.0630957,0.1,0.741,0.7,0.8,0.84,0.8,0.9,7.69,0.517,0.0,1.0,True,0.01,0.95,10.0,39600.0,0.938,0.139
9428,1 - 1 - 2022,19800.0,3.96232255123179,3.1622776601683795,4.216965733794858,0.0725,0.0630957,0.1,0.777,0.7,0.8,0.904,0.9,1.0,7.68,0.517,0.0,1.0,True,0.01,0.95,10.0,39600.0,0.938,0.139
9429,1 - 1 - 2022,19800.0,3.7549966711037173,3.1622776601683795,4.216965733794858,0.0677,0.0630957,0.1,0.75,0.7,0.8,1.08,1.0,1.5,3.08,0.146,0.0,1.0,True,0.01,0.95,10.0,39600.0,0.938,0.139
9430,1 - 1 - 2022,19800.0,3.8078865529319543,3.1622776601683795,4.216965733794858,0.0675,0.0630957,0.1,0.857,0.8,0.9,0.145,0.1,0.2,30.7,1.03,0.0,1.0,True,0.01,0.95,10.0,39600.0,0.938,0.139
9431,1 - 1 - 2022,19800.0,3.987480407475377,3.1622776601683795,4.216965733794858,0.0724,0.0630957,0.1,0.858,0.8,0.9,0.253,0.2,0.3,15.4,0.732,0.0,1.0,True,0.01,0.95,10.0,39600.0,0.938,0.139
9432,1 - 1 - 2022,19800.0,3.96232255123179,3.1622776601683795,4.216965733794858,0.0731,0.0630957,0.1,0.853,0.8,0.9,0.368,0.3,0.4,15.4,0.732,0.0,1.0,True,0.01,0.95,10.0,39600.0,0.938,0.139
9433,1 - 1 - 2022,19800.0,3.8987177379235853,3.1622776601683795,4.216965733794858,0.0733,0.0630957,0.1,0.812,0.8,0.9,0.465,0.4,0.5,7.69,0.517,0.0,1.0,True,0.01,0.95,10.0,39600.0,0.938,0.139
9434,1 - 1 - 2022,19800.0,4.183300132670378,3.1622776601683795,4.216965733794858,0.0651,0.0630957,0.1,0.867,0.8,0.9,0.545,0.5,0.6,15.4,0.732,0.0,1.0,True,0.01,0.95,10.0,39600.0,0.938,0.139
9435,1 - 1 - 2022,19800.0,3.924283374069717,3.1622776601683795,4.216965733794858,0.0668,0.0630957,0.1,0.827,0.8,0.9,0.815,0.8,0.9,15.4,0.732,0.0,1.0,True,0.01,0.95,10.0,39600.0,0.938,0.139
9436,1 - 1 - 2022,19800.0,4.0743097574926725,3.1622776601683795,4.216965733794858,0.0776,0.0630957,0.1,0.814,0.8,0.9,0.953,0.9,1.0,15.4,0.732,0.0,1.0,True,0.01,0.95,10.0,39600.0,0.938,0.139
9437,1 - 1 - 2022,19800.0,3.6193922141707713,3.1622776601683795,4.216965733794858,0.0647,0.0630957,0.1,0.833,0.8,0.9,1.01,1.0,1.5,1.54,0.103,0.0,1.0,True,0.01,0.95,10.0,39600.0,0.938,0.139
9438,1 - 1 - 2022,19800.0,3.82099463490856,3.1622776601683795,4.216965733794858,0.0701,0.0630957,0.1,0.914,0.9,1.0,0.2,0.2,0.3,7.68,0.517,0.0,1.0,True,0.01,0.95,10.0,39600.0,0.938,0.139
9439,1 - 1 - 2022,19800.0,4.06201920231798,3.1622776601683795,4.216965733794858,0.0715,0.0630957,0.1,0.929,0.9,1.0,0.23,0.2,0.3,23.1,0.896,0.0,1.0,True,0.01,0.95,10.0,39600.0,0.938,0.139
9440,1 - 1 - 2022,19800.0,4.110960958218893,3.1622776601683795,4.216965733794858,0.0666,0.0630957,0.1,0.911,0.9,1.0,0.355,0.3,0.4,15.4,0.731,0.0,1.0,True,0.01,0.95,10.0,39600.0,0.938,0.139
9441,1 - 1 - 2022,19800.0,4.0,3.1622776601683795,4.216965733794858,0.0748,0.0630957,0.1,0.938,0.9,1.0,0.54,0.5,0.6,15.4,0.731,0.0,1.0,True,0.01,0.95,10.0,39600.0,0.938,0.139
9442,1 - 1 - 2022,19800.0,4.135214625627067,3.1622776601683795,4.216965733794858,0.0758,0.0630957,0.1,0.934,0.9,1.0,0.645,0.6,0.7,15.4,0.731,0.0,1.0,True,0.01,0.95,10.0,39600.0,0.938,0.139
9443,1 - 1 - 2022,19800.0,4.242640687119285,4.216965733794858,5.623415332340303,0.000987,0.000630957,0.001,0.0097,0.0,0.05,0.165,0.1,0.2,12100.0,218.0,9510.0,1.0,True,0.01,0.95,10.0,39600.0,0.938,0.139
9444,1 - 1 - 2022,19800.0,4.266145801540309,4.216965733794858,5.623415332340303,0.000986,0.000630957,0.001,0.016,0.0,0.05,0.265,0.2,0.3,21600.0,291.0,18200.0,1.0,True,0.01,0.95,10.0,39600.0,0.938,0.139
9445,1 - 1 - 2022,19800.0,4.254409477236529,4.216965733794858,5.623415332340303,0.000982,0.000630957,0.001,0.015,0.0,0.05,0.357,0.3,0.4,32800.0,359.0,21600.0,1.0,True,0.01,0.95,10.0,39600.0,0.938,0.139
9446,1 - 1 - 2022,19800.0,4.254409477236529,4.216965733794858,5.623415332340303,0.00098,0.000630957,0.001,0.0098,0.0,0.05,0.453,0.4,0.5,29400.0,339.0,15600.0,1.0,True,0.01,0.95,10.0,39600.0,0.938,0.139
9447,1 - 1 - 2022,19800.0,4.277849927241488,4.216965733794858,5.623415332340303,0.000982,0.000630957,0.001,0.0196,0.0,0.05,0.537,0.5,0.6,15600.0,247.0,4320.0,1.0,True,0.01,0.95,10.0,39600.0,0.938,0.139
9448,1 - 1 - 2022,19800.0,4.254409477236529,4.216965733794858,5.623415332340303,0.000981,0.000630957,0.001,0.0164,0.0,0.05,0.649,0.6,0.7,11200.0,210.0,4320.0,1.0,True,0.01,0.95,10.0,39600.0,0.938,0.139
9449,1 - 1 - 2022,19800.0,4.254409477236529,4.216965733794858,5.623415332340303,0.000982,0.000630957,0.001,0.011,0.0,0.05,0.743,0.7,0.8,8640.0,184.0,2590.0,1.0,True,0.01,0.95,10.0,39600.0,0.938,0.139
9450,1 - 1 - 2022,19800.0,4.266145801540309,4.216965733794858,5.623415332340303,0.000984,0.000630957,0.001,0.0108,0.0,0.05,0.848,0.8,0.9,7780.0,175.0,1730.0,1.0,True,0.01,0.95,10.0,39600.0,0.938,0.139
9451,1 - 1 - 2022,19800.0,4.254409477236529,4.216965733794858,5.623415332340303,0.000982,0.000630957,0.001,0.0071,0.0,0.05,0.92,0.9,1.0,3460.0,116.0,864.0,1.0,True,0.01,0.95,10.0,39600.0,0.938,0.139
9452,1 - 1 - 2022,19800.0,4.277849927241488,4.216965733794858,5.623415332340303,0.000988,0.000630957,0.001,0.0254,0.0,0.05,1.08,1.0,1.5,2070.0,40.3,519.0,1.0,True,0.01,0.95,10.0,39600.0,0.938,0.139
9453,1 - 1 - 2022,19800.0,4.2895221179054435,4.216965733794858,5.623415332340303,0.000992,0.000630957,0.001,0.012,0.0,0.05,1.58,1.5,2.0,346.0,16.5,0.0,1.0,True,0.01,0.95,10.0,39600.0,0.938,0.139
9454,1 - 1 - 2022,19800.0,4.242640687119285,4.216965733794858,5.623415332340303,0.00098,0.000630957,0.001,0.077,0.05,0.1,0.165,0.1,0.2,6050.0,154.0,5190.0,1.0,True,0.01,0.95,10.0,39600.0,0.938,0.139
9455,1 - 1 - 2022,19800.0,4.254409477236529,4.216965733794858,5.623415332340303,0.000985,0.000630957,0.001,0.0704,0.05,0.1,0.249,0.2,0.3,14700.0,240.0,13000.0,1.0,True,0.01,0.95,10.0,39600.0,0.938,0.139
9456,1 - 1 - 2022,19800.0,4.242640687119285,4.216965733794858,5.623415332340303,0.000967,0.000630957,0.001,0.0816,0.05,0.1,0.665,0.6,0.7,3460.0,116.0,2590.0,1.0,True,0.01,0.95,10.0,39600.0,0.938,0.139
9457,1 - 1 - 2022,19800.0,4.277849927241488,4.216965733794858,5.623415332340303,0.00098,0.000630957,0.001,0.0717,0.05,0.1,0.75,0.7,0.8,3460.0,116.0,1730.0,1.0,True,0.01,0.95,10.0,39600.0,0.938,0.139
9458,1 - 1 - 2022,19800.0,4.2895221179054435,4.216965733794858,5.623415332340303,0.000987,0.000630957,0.001,0.0603,0.05,0.1,0.976,0.9,1.0,2590.0,101.0,865.0,1.0,True,0.01,0.95,10.0,39600.0,0.938,0.139
9459,1 - 1 - 2022,19800.0,4.242640687119285,4.216965733794858,5.623415332340303,0.000983,0.000630957,0.001,0.0806,0.05,0.1,1.03,1.0,1.5,346.0,16.5,173.0,1.0,True,0.01,0.95,10.0,39600.0,0.938,0.139
9460,1 - 1 - 2022,19800.0,4.242640687119285,4.216965733794858,5.623415332340303,0.000971,0.000630957,0.001,0.118,0.1,0.15,0.163,0.1,0.2,1730.0,82.3,0.0,1.0,True,0.01,0.95,10.0,39600.0,0.938,0.139
9461,1 - 1 - 2022,19800.0,4.242640687119285,4.216965733794858,5.623415332340303,0.000985,0.000630957,0.001,0.133,0.1,0.15,0.248,0.2,0.3,6050.0,154.0,1730.0,1.0,True,0.01,0.95,10.0,39600.0,0.938,0.139
9462,1 - 1 - 2022,19800.0,4.230839160261236,4.216965733794858,5.623415332340303,0.000975,0.000630957,0.001,0.122,0.1,0.15,0.337,0.3,0.4,2590.0,101.0,865.0,1.0,True,0.01,0.95,10.0,39600.0,0.938,0.139
9463,1 - 1 - 2022,19800.0,4.266145801540309,4.216965733794858,5.623415332340303,0.00099,0.000630957,0.001,0.122,0.1,0.15,0.447,0.4,0.5,3460.0,116.0,865.0,1.0,True,0.01,0.95,10.0,39600.0,0.938,0.139
9464,1 - 1 - 2022,19800.0,4.266145801540309,4.216965733794858,5.623415332340303,0.000981,0.000630957,0.001,0.123,0.1,0.15,0.552,0.5,0.6,2590.0,101.0,864.0,1.0,True,0.01,0.95,10.0,39600.0,0.938,0.139
9465,1 - 1 - 2022,19800.0,4.301162633521313,4.216965733794858,5.623415332340303,0.000993,0.000630957,0.001,0.13,0.1,0.15,0.653,0.6,0.7,2590.0,101.0,1730.0,1.0,True,0.01,0.95,10.0,39600.0,0.938,0.139
9466,1 - 1 - 2022,19800.0,4.230839160261236,4.216965733794858,5.623415332340303,0.000977,0.000630957,0.001,0.13,0.1,0.15,0.782,0.7,0.8,864.0,58.2,865.0,1.0,True,0.01,0.95,10.0,39600.0,0.938,0.139
9467,1 - 1 - 2022,19800.0,4.242640687119285,4.216965733794858,5.623415332340303,0.000985,0.000630957,0.001,0.129,0.1,0.15,0.85,0.8,0.9,1730.0,82.3,0.0,1.0,True,0.01,0.95,10.0,39600.0,0.938,0.139
9468,1 - 1 - 2022,19800.0,4.219004621945797,4.216965733794858,5.623415332340303,0.000958,0.000630957,0.001,0.123,0.1,0.15,1.23,1.0,1.5,173.0,11.6,0.0,1.0,True,0.01,0.95,10.0,39600.0,0.938,0.139
9469,1 - 1 - 2022,19800.0,4.266145801540309,4.216965733794858,5.623415332340303,0.000977,0.000630957,0.001,0.186,0.15,0.2,0.132,0.1,0.2,2590.0,101.0,865.0,1.0,True,0.01,0.95,10.0,39600.0,0.938,0.139
9470,1 - 1 - 2022,19800.0,4.266145801540309,4.216965733794858,5.623415332340303,0.000982,0.000630957,0.001,0.18,0.15,0.2,0.233,0.2,0.3,2590.0,101.0,865.0,1.0,True,0.01,0.95,10.0,39600.0,0.938,0.139
9471,1 - 1 - 2022,19800.0,4.242640687119285,4.216965733794858,5.623415332340303,0.000983,0.000630957,0.001,0.176,0.15,0.2,0.357,0.3,0.4,4320.0,130.0,865.0,1.0,True,0.01,0.95,10.0,39600.0,0.938,0.139
9472,1 - 1 - 2022,19800.0,4.266145801540309,4.216965733794858,5.623415332340303,0.000989,0.000630957,0.001,0.178,0.15,0.2,0.472,0.4,0.5,4320.0,130.0,0.0,1.0,True,0.01,0.95,10.0,39600.0,0.938,0.139
9473,1 - 1 - 2022,19800.0,4.230839160261236,4.216965733794858,5.623415332340303,0.000989,0.000630957,0.001,0.19,0.15,0.2,0.515,0.5,0.6,864.0,58.2,0.0,1.0,True,0.01,0.95,10.0,39600.0,0.938,0.139
9474,1 - 1 - 2022,19800.0,4.242640687119285,4.216965733794858,5.623415332340303,0.00098,0.000630957,0.001,0.164,0.15,0.2,1.19,1.0,1.5,519.0,20.2,0.0,1.0,True,0.01,0.95,10.0,39600.0,0.938,0.139
9475,1 - 1 - 2022,19800.0,4.254409477236529,4.216965733794858,5.623415332340303,0.000976,0.000630957,0.001,0.17,0.15,0.2,1.95,1.5,2.0,173.0,11.6,0.0,1.0,True,0.01,0.95,10.0,39600.0,0.938,0.139
9476,1 - 1 - 2022,19800.0,4.242640687119285,4.216965733794858,5.623415332340303,0.000982,0.000630957,0.001,0.232,0.2,0.25,0.181,0.1,0.2,865.0,58.2,1730.0,1.0,True,0.01,0.95,10.0,39600.0,0.938,0.139
9477,1 - 1 - 2022,19800.0,4.266145801540309,4.216965733794858,5.623415332340303,0.00099,0.000630957,0.001,0.223,0.2,0.25,0.472,0.4,0.5,2590.0,101.0,864.0,1.0,True,0.01,0.95,10.0,39600.0,0.938,0.139
9478,1 - 1 - 2022,19800.0,4.277849927241488,4.216965733794858,5.623415332340303,0.000984,0.000630957,0.001,0.218,0.2,0.25,0.533,0.5,0.6,2590.0,101.0,0.166,1.0,True,0.01,0.95,10.0,39600.0,0.938,0.139
9479,1 - 1 - 2022,19800.0,4.242640687119285,4.216965733794858,5.623415332340303,0.000977,0.000630957,0.001,0.207,0.2,0.25,0.642,0.6,0.7,1730.0,82.3,0.0,1.0,True,0.01,0.95,10.0,39600.0,0.938,0.139
9480,1 - 1 - 2022,19800.0,4.242640687119285,4.216965733794858,5.623415332340303,0.000966,0.000630957,0.001,0.233,0.2,0.25,0.786,0.7,0.8,864.0,58.2,0.0,1.0,True,0.01,0.95,10.0,39600.0,0.938,0.139
9481,1 - 1 - 2022,19800.0,4.219004621945797,4.216965733794858,5.623415332340303,0.000972,0.000630957,0.001,0.229,0.2,0.25,0.822,0.8,0.9,865.0,58.2,0.0,1.0,True,0.01,0.95,10.0,39600.0,0.938,0.139
9482,1 - 1 - 2022,19800.0,4.2895221179054435,4.216965733794858,5.623415332340303,0.00099,0.000630957,0.001,0.217,0.2,0.25,1.64,1.5,2.0,346.0,16.5,0.0,1.0,True,0.01,0.95,10.0,39600.0,0.938,0.139
9483,1 - 1 - 2022,19800.0,4.242640687119285,4.216965733794858,5.623415332340303,0.00099,0.000630957,0.001,0.273,0.25,0.3,0.26,0.2,0.3,2590.0,101.0,864.0,1.0,True,0.01,0.95,10.0,39600.0,0.938,0.139
9484,1 - 1 - 2022,19800.0,4.277849927241488,4.216965733794858,5.623415332340303,0.000995,0.000630957,0.001,0.267,0.25,0.3,0.467,0.4,0.5,1730.0,82.3,865.0,1.0,True,0.01,0.95,10.0,39600.0,0.938,0.139
9485,1 - 1 - 2022,19800.0,4.254409477236529,4.216965733794858,5.623415332340303,0.000974,0.000630957,0.001,0.274,0.25,0.3,0.74,0.7,0.8,1730.0,82.3,0.0,1.0,True,0.01,0.95,10.0,39600.0,0.938,0.139
9486,1 - 1 - 2022,19800.0,4.266145801540309,4.216965733794858,5.623415332340303,0.00099,0.000630957,0.001,0.299,0.25,0.3,0.811,0.8,0.9,864.0,58.2,0.0,1.0,True,0.01,0.95,10.0,39600.0,0.938,0.139
9487,1 - 1 - 2022,19800.0,4.571651780264984,4.216965733794858,5.623415332340303,0.00135,0.001,0.00158489,0.0158,0.0,0.05,0.079,0.05,0.1,413000.0,1430.0,412000.0,1.0,True,0.01,0.95,10.0,39600.0,0.938,0.139
9488,1 - 1 - 2022,19800.0,4.58257569495584,4.216965733794858,5.623415332340303,0.00135,0.001,0.00158489,0.0142,0.0,0.05,0.156,0.1,0.2,843000.0,1440.0,737000.0,1.0,True,0.01,0.95,10.0,39600.0,0.938,0.139
9489,1 - 1 - 2022,19800.0,4.5934736311423405,4.216965733794858,5.623415332340303,0.00134,0.001,0.00158489,0.0129,0.0,0.05,0.252,0.2,0.3,1170000.0,1700.0,861000.0,1.0,True,0.01,0.95,10.0,39600.0,0.938,0.139
9490,1 - 1 - 2022,19800.0,4.58257569495584,4.216965733794858,5.623415332340303,0.00135,0.001,0.00158489,0.0131,0.0,0.05,0.348,0.3,0.4,1210000.0,1730.0,782000.0,1.0,True,0.01,0.95,10.0,39600.0,0.938,0.139
9491,1 - 1 - 2022,19800.0,4.5934736311423405,4.216965733794858,5.623415332340303,0.00134,0.001,0.00158489,0.0134,0.0,0.05,0.448,0.4,0.5,1020000.0,1590.0,482000.0,1.0,True,0.01,0.95,10.0,39600.0,0.938,0.139
9492,1 - 1 - 2022,19800.0,4.5934736311423405,4.216965733794858,5.623415332340303,0.00134,0.001,0.00158489,0.0132,0.0,0.05,0.549,0.5,0.6,794000.0,1400.0,274000.0,1.0,True,0.01,0.95,10.0,39600.0,0.938,0.139
9493,1 - 1 - 2022,19800.0,4.5934736311423405,4.216965733794858,5.623415332340303,0.00135,0.001,0.00158489,0.0141,0.0,0.05,0.646,0.6,0.7,536000.0,1150.0,185000.0,1.0,True,0.01,0.95,10.0,39600.0,0.938,0.139
9494,1 - 1 - 2022,19800.0,4.58257569495584,4.216965733794858,5.623415332340303,0.00133,0.001,0.00158489,0.0145,0.0,0.05,0.749,0.7,0.8,377000.0,966.0,119000.0,1.0,True,0.01,0.95,10.0,39600.0,0.938,0.139
9495,1 - 1 - 2022,19800.0,4.5934736311423405,4.216965733794858,5.623415332340303,0.00133,0.001,0.00158489,0.016,0.0,0.05,0.845,0.8,0.9,250000.0,786.0,42500.0,1.0,True,0.01,0.95,10.0,39600.0,0.938,0.139
9496,1 - 1 - 2022,19800.0,4.604345773288535,4.216965733794858,5.623415332340303,0.00133,0.001,0.00158489,0.0166,0.0,0.05,0.946,0.9,1.0,163000.0,634.0,9270.0,1.0,True,0.01,0.95,10.0,39600.0,0.938,0.139
9497,1 - 1 - 2022,19800.0,4.58257569495584,4.216965733794858,5.623415332340303,0.00134,0.001,0.00158489,0.0181,0.0,0.05,1.16,1.0,1.5,50300.0,158.0,2400.0,1.0,True,0.01,0.95,10.0,39600.0,0.938,0.139
9498,1 - 1 - 2022,19800.0,4.5934736311423405,4.216965733794858,5.623415332340303,0.00134,0.001,0.00158489,0.0254,0.0,0.05,1.72,1.5,2.0,5890.0,54.0,109.0,1.0,True,0.01,0.95,10.0,39600.0,0.938,0.139
9499,1 - 1 - 2022,19800.0,4.69041575982343,4.216965733794858,5.623415332340303,0.00134,0.001,0.00158489,0.0282,0.0,0.05,2.52,2.0,4.0,954.0,10.9,54.5,1.0,True,0.01,0.95,10.0,39600.0,0.938,0.139
9500,1 - 1 - 2022,19800.0,4.626013402488151,4.216965733794858,5.623415332340303,0.00135,0.001,0.00158489,0.0767,0.05,0.1,0.0315,0.0,0.05,37100.0,428.0,36000.0,1.0,True,0.01,0.95,10.0,39600.0,0.938,0.139
9501,1 - 1 - 2022,19800.0,4.58257569495584,4.216965733794858,5.623415332340303,0.00134,0.001,0.00158489,0.0727,0.05,0.1,0.0774,0.05,0.1,132000.0,808.0,131000.0,1.0,True,0.01,0.95,10.0,39600.0,0.938,0.139
9502,1 - 1 - 2022,19800.0,4.560701700396552,4.216965733794858,5.623415332340303,0.00133,0.001,0.00158489,0.0728,0.05,0.1,0.154,0.1,0.2,212000.0,723.0,208000.0,1.0,True,0.01,0.95,10.0,39600.0,0.938,0.139
9503,1 - 1 - 2022,19800.0,4.5934736311423405,4.216965733794858,5.623415332340303,0.00134,0.001,0.00158489,0.0735,0.05,0.1,0.251,0.2,0.3,256000.0,795.0,254000.0,1.0,True,0.01,0.95,10.0,39600.0,0.938,0.139
9504,1 - 1 - 2022,19800.0,4.560701700396552,4.216965733794858,5.623415332340303,0.00134,0.001,0.00158489,0.0734,0.05,0.1,0.348,0.3,0.4,287000.0,842.0,276000.0,1.0,True,0.01,0.95,10.0,39600.0,0.938,0.139
9505,1 - 1 - 2022,19800.0,4.560701700396552,4.216965733794858,5.623415332340303,0.00134,0.001,0.00158489,0.0724,0.05,0.1,0.448,0.4,0.5,242000.0,773.0,220000.0,1.0,True,0.01,0.95,10.0,39600.0,0.938,0.139
9506,1 - 1 - 2022,19800.0,4.604345773288535,4.216965733794858,5.623415332340303,0.00136,0.001,0.00158489,0.0728,0.05,0.1,0.547,0.5,0.6,193000.0,690.0,153000.0,1.0,True,0.01,0.95,10.0,39600.0,0.938,0.139
9507,1 - 1 - 2022,19800.0,4.5934736311423405,4.216965733794858,5.623415332340303,0.00134,0.001,0.00158489,0.0727,0.05,0.1,0.646,0.6,0.7,153000.0,614.0,96500.0,1.0,True,0.01,0.95,10.0,39600.0,0.938,0.139
9508,1 - 1 - 2022,19800.0,4.58257569495584,4.216965733794858,5.623415332340303,0.00133,0.001,0.00158489,0.0744,0.05,0.1,0.743,0.7,0.8,118000.0,540.0,53400.0,1.0,True,0.01,0.95,10.0,39600.0,0.938,0.139
9509,1 - 1 - 2022,19800.0,4.571651780264984,4.216965733794858,5.623415332340303,0.00135,0.001,0.00158489,0.0739,0.05,0.1,0.852,0.8,0.9,81800.0,450.0,18500.0,1.0,True,0.01,0.95,10.0,39600.0,0.938,0.139
9510,1 - 1 - 2022,19800.0,4.538722287164087,4.216965733794858,5.623415332340303,0.00135,0.001,0.00158489,0.0736,0.05,0.1,0.948,0.9,1.0,62200.0,392.0,6550.0,1.0,True,0.01,0.95,10.0,39600.0,0.938,0.139
9511,1 - 1 - 2022,19800.0,4.61519230368573,4.216965733794858,5.623415332340303,0.00134,0.001,0.00158489,0.0732,0.05,0.1,1.21,1.0,1.5,22000.0,104.0,436.0,1.0,True,0.01,0.95,10.0,39600.0,0.938,0.139
9512,1 - 1 - 2022,19800.0,4.636809247747852,4.216965733794858,5.623415332340303,0.00137,0.001,0.00158489,0.0743,0.05,0.1,1.7,1.5,2.0,6650.0,57.3,0.0,1.0,True,0.01,0.95,10.0,39600.0,0.938,0.139
9513,1 - 1 - 2022,19800.0,4.58257569495584,4.216965733794858,5.623415332340303,0.00133,0.001,0.00158489,0.0734,0.05,0.1,2.66,2.0,4.0,1170.0,12.0,164.0,1.0,True,0.01,0.95,10.0,39600.0,0.938,0.139
9514,1 - 1 - 2022,19800.0,4.494441010848846,4.216965733794858,5.623415332340303,0.00125,0.001,0.00158489,0.129,0.1,0.15,0.0325,0.0,0.05,24000.0,344.0,4360.0,1.0,True,0.01,0.95,10.0,39600.0,0.938,0.139
9515,1 - 1 - 2022,19800.0,4.626013402488151,4.216965733794858,5.623415332340303,0.00139,0.001,0.00158489,0.122,0.1,0.15,0.0801,0.05,0.1,70900.0,592.0,30500.0,1.0,True,0.01,0.95,10.0,39600.0,0.938,0.139
9516,1 - 1 - 2022,19800.0,4.61519230368573,4.216965733794858,5.623415332340303,0.00137,0.001,0.00158489,0.125,0.1,0.15,0.157,0.1,0.2,117000.0,538.0,46900.0,1.0,True,0.01,0.95,10.0,39600.0,0.938,0.139
9517,1 - 1 - 2022,19800.0,4.571651780264984,4.216965733794858,5.623415332340303,0.00134,0.001,0.00158489,0.124,0.1,0.15,0.249,0.2,0.3,176000.0,660.0,66000.0,1.0,True,0.01,0.95,10.0,39600.0,0.938,0.139
9518,1 - 1 - 2022,19800.0,4.5934736311423405,4.216965733794858,5.623415332340303,0.00134,0.001,0.00158489,0.123,0.1,0.15,0.351,0.3,0.4,172000.0,653.0,56700.0,1.0,True,0.01,0.95,10.0,39600.0,0.938,0.139
9519,1 - 1 - 2022,19800.0,4.571651780264984,4.216965733794858,5.623415332340303,0.00132,0.001,0.00158489,0.125,0.1,0.15,0.448,0.4,0.5,158000.0,624.0,40400.0,1.0,True,0.01,0.95,10.0,39600.0,0.938,0.139
9520,1 - 1 - 2022,19800.0,4.5934736311423405,4.216965733794858,5.623415332340303,0.00135,0.001,0.00158489,0.122,0.1,0.15,0.549,0.5,0.6,130000.0,566.0,38200.0,1.0,True,0.01,0.95,10.0,39600.0,0.938,0.139
9521,1 - 1 - 2022,19800.0,4.58257569495584,4.216965733794858,5.623415332340303,0.00135,0.001,0.00158489,0.122,0.1,0.15,0.645,0.6,0.7,112000.0,527.0,25600.0,1.0,True,0.01,0.95,10.0,39600.0,0.938,0.139
9522,1 - 1 - 2022,19800.0,4.61519230368573,4.216965733794858,5.623415332340303,0.00135,0.001,0.00158489,0.123,0.1,0.15,0.745,0.7,0.8,80200.0,445.0,14700.0,1.0,True,0.01,0.95,10.0,39600.0,0.938,0.139
9523,1 - 1 - 2022,19800.0,4.58257569495584,4.216965733794858,5.623415332340303,0.00133,0.001,0.00158489,0.123,0.1,0.15,0.847,0.8,0.9,60000.0,385.0,8730.0,1.0,True,0.01,0.95,10.0,39600.0,0.938,0.139
9524,1 - 1 - 2022,19800.0,4.604345773288535,4.216965733794858,5.623415332340303,0.00132,0.001,0.00158489,0.128,0.1,0.15,0.95,0.9,1.0,34400.0,291.0,1090.0,1.0,True,0.01,0.95,10.0,39600.0,0.938,0.139
9525,1 - 1 - 2022,19800.0,4.604345773288535,4.216965733794858,5.623415332340303,0.00133,0.001,0.00158489,0.124,0.1,0.15,1.2,1.0,1.5,18100.0,94.6,546.0,1.0,True,0.01,0.95,10.0,39600.0,0.938,0.139
9526,1 - 1 - 2022,19800.0,4.538722287164087,4.216965733794858,5.623415332340303,0.00134,0.001,0.00158489,0.122,0.1,0.15,1.75,1.5,2.0,6870.0,58.3,0.0,1.0,True,0.01,0.95,10.0,39600.0,0.938,0.139
9527,1 - 1 - 2022,19800.0,4.69041575982343,4.216965733794858,5.623415332340303,0.00136,0.001,0.00158489,0.128,0.1,0.15,2.69,2.0,4.0,900.0,10.5,0.0,1.0,True,0.01,0.95,10.0,39600.0,0.938,0.139
9528,1 - 1 - 2022,19800.0,4.483302354291979,4.216965733794858,5.623415332340303,0.00132,0.001,0.00158489,0.171,0.15,0.2,0.0356,0.0,0.05,18500.0,303.0,0.0,1.0,True,0.01,0.95,10.0,39600.0,0.938,0.139
9529,1 - 1 - 2022,19800.0,4.61519230368573,4.216965733794858,5.623415332340303,0.00132,0.001,0.00158489,0.175,0.15,0.2,0.0776,0.05,0.1,57800.0,534.0,1090.0,1.0,True,0.01,0.95,10.0,39600.0,0.938,0.139
9530,1 - 1 - 2022,19800.0,4.560701700396552,4.216965733794858,5.623415332340303,0.00134,0.001,0.00158489,0.173,0.15,0.2,0.152,0.1,0.2,87800.0,466.0,3820.0,1.0,True,0.01,0.95,10.0,39600.0,0.938,0.139
9531,1 - 1 - 2022,19800.0,4.571651780264984,4.216965733794858,5.623415332340303,0.00134,0.001,0.00158489,0.173,0.15,0.2,0.25,0.2,0.3,127000.0,560.0,9270.0,1.0,True,0.01,0.95,10.0,39600.0,0.938,0.139
9532,1 - 1 - 2022,19800.0,4.58257569495584,4.216965733794858,5.623415332340303,0.00135,0.001,0.00158489,0.173,0.15,0.2,0.35,0.3,0.4,127000.0,559.0,11500.0,1.0,True,0.01,0.95,10.0,39600.0,0.938,0.139
9533,1 - 1 - 2022,19800.0,4.571651780264984,4.216965733794858,5.623415332340303,0.00133,0.001,0.00158489,0.172,0.15,0.2,0.45,0.4,0.5,110000.0,522.0,6000.0,1.0,True,0.01,0.95,10.0,39600.0,0.938,0.139
9534,1 - 1 - 2022,19800.0,4.571651780264984,4.216965733794858,5.623415332340303,0.00133,0.001,0.00158489,0.174,0.15,0.2,0.548,0.5,0.6,80700.0,447.0,1090.0,1.0,True,0.01,0.95,10.0,39600.0,0.938,0.139
9535,1 - 1 - 2022,19800.0,4.604345773288535,4.216965733794858,5.623415332340303,0.00136,0.001,0.00158489,0.175,0.15,0.2,0.65,0.6,0.7,67600.0,409.0,546.0,1.0,True,0.01,0.95,10.0,39600.0,0.938,0.139
9536,1 - 1 - 2022,19800.0,4.560701700396552,4.216965733794858,5.623415332340303,0.00132,0.001,0.00158489,0.174,0.15,0.2,0.747,0.7,0.8,63800.0,397.0,0.0,1.0,True,0.01,0.95,10.0,39600.0,0.938,0.139
9537,1 - 1 - 2022,19800.0,4.5934736311423405,4.216965733794858,5.623415332340303,0.00135,0.001,0.00158489,0.174,0.15,0.2,0.846,0.8,0.9,32700.0,284.0,546.0,1.0,True,0.01,0.95,10.0,39600.0,0.938,0.139
9538,1 - 1 - 2022,19800.0,4.61519230368573,4.216965733794858,5.623415332340303,0.00136,0.001,0.00158489,0.173,0.15,0.2,0.943,0.9,1.0,37600.0,305.0,0.0,1.0,True,0.01,0.95,10.0,39600.0,0.938,0.139
9539,1 - 1 - 2022,19800.0,4.604345773288535,4.216965733794858,5.623415332340303,0.00134,0.001,0.00158489,0.174,0.15,0.2,1.17,1.0,1.5,13500.0,81.8,0.0,1.0,True,0.01,0.95,10.0,39600.0,0.938,0.139
9540,1 - 1 - 2022,19800.0,4.58257569495584,4.216965733794858,5.623415332340303,0.00134,0.001,0.00158489,0.171,0.15,0.2,1.74,1.5,2.0,2840.0,37.4,0.0,1.0,True,0.01,0.95,10.0,39600.0,0.938,0.139
9541,1 - 1 - 2022,19800.0,4.626013402488151,4.216965733794858,5.623415332340303,0.00131,0.001,0.00158489,0.175,0.15,0.2,2.52,2.0,4.0,1230.0,12.3,27.3,1.0,True,0.01,0.95,10.0,39600.0,0.938,0.139
9542,1 - 1 - 2022,19800.0,4.538722287164087,4.216965733794858,5.623415332340303,0.00133,0.001,0.00158489,0.223,0.2,0.25,0.0278,0.0,0.05,17500.0,294.0,0.0,1.0,True,0.01,0.95,10.0,39600.0,0.938,0.139
9543,1 - 1 - 2022,19800.0,4.527692569068709,4.216965733794858,5.623415332340303,0.00136,0.001,0.00158489,0.222,0.2,0.25,0.0762,0.05,0.1,39300.0,441.0,0.0,1.0,True,0.01,0.95,10.0,39600.0,0.938,0.139
9544,1 - 1 - 2022,19800.0,4.61519230368573,4.216965733794858,5.623415332340303,0.00136,0.001,0.00158489,0.224,0.2,0.25,0.152,0.1,0.2,51300.0,356.0,1640.0,1.0,True,0.01,0.95,10.0,39600.0,0.938,0.139
9545,1 - 1 - 2022,19800.0,4.571651780264984,4.216965733794858,5.623415332340303,0.00133,0.001,0.00158489,0.223,0.2,0.25,0.252,0.2,0.3,74700.0,430.0,6000.0,1.0,True,0.01,0.95,10.0,39600.0,0.938,0.139
9546,1 - 1 - 2022,19800.0,4.58257569495584,4.216965733794858,5.623415332340303,0.00135,0.001,0.00158489,0.225,0.2,0.25,0.351,0.3,0.4,79600.0,444.0,3820.0,1.0,True,0.01,0.95,10.0,39600.0,0.938,0.139
9547,1 - 1 - 2022,19800.0,4.604345773288535,4.216965733794858,5.623415332340303,0.00136,0.001,0.00158489,0.224,0.2,0.25,0.445,0.4,0.5,74200.0,428.0,3820.0,1.0,True,0.01,0.95,10.0,39600.0,0.938,0.139
9548,1 - 1 - 2022,19800.0,4.5934736311423405,4.216965733794858,5.623415332340303,0.00133,0.001,0.00158489,0.224,0.2,0.25,0.546,0.5,0.6,66500.0,405.0,3270.0,1.0,True,0.01,0.95,10.0,39600.0,0.938,0.139
9549,1 - 1 - 2022,19800.0,4.538722287164087,4.216965733794858,5.623415332340303,0.00133,0.001,0.00158489,0.226,0.2,0.25,0.648,0.6,0.7,62200.0,392.0,546.0,1.0,True,0.01,0.95,10.0,39600.0,0.938,0.139
9550,1 - 1 - 2022,19800.0,4.54972526643093,4.216965733794858,5.623415332340303,0.00135,0.001,0.00158489,0.223,0.2,0.25,0.748,0.7,0.8,39300.0,311.0,546.0,1.0,True,0.01,0.95,10.0,39600.0,0.938,0.139
9551,1 - 1 - 2022,19800.0,4.626013402488151,4.216965733794858,5.623415332340303,0.00133,0.001,0.00158489,0.224,0.2,0.25,0.85,0.8,0.9,34900.0,294.0,0.0,1.0,True,0.01,0.95,10.0,39600.0,0.938,0.139
9552,1 - 1 - 2022,19800.0,4.5934736311423405,4.216965733794858,5.623415332340303,0.00137,0.001,0.00158489,0.223,0.2,0.25,0.943,0.9,1.0,24500.0,246.0,0.0,1.0,True,0.01,0.95,10.0,39600.0,0.938,0.139
9553,1 - 1 - 2022,19800.0,4.626013402488151,4.216965733794858,5.623415332340303,0.00137,0.001,0.00158489,0.226,0.2,0.25,1.18,1.0,1.5,9270.0,67.7,0.0,1.0,True,0.01,0.95,10.0,39600.0,0.938,0.139
9554,1 - 1 - 2022,19800.0,4.69041575982343,4.216965733794858,5.623415332340303,0.00138,0.001,0.00158489,0.221,0.2,0.25,1.69,1.5,2.0,4140.0,45.3,0.0,1.0,True,0.01,0.95,10.0,39600.0,0.938,0.139
9555,1 - 1 - 2022,19800.0,4.6475800154489,4.216965733794858,5.623415332340303,0.00135,0.001,0.00158489,0.224,0.2,0.25,2.69,2.0,4.0,682.0,9.18,164.0,1.0,True,0.01,0.95,10.0,39600.0,0.938,0.139
9556,1 - 1 - 2022,19800.0,4.571651780264984,4.216965733794858,5.623415332340303,0.00133,0.001,0.00158489,0.266,0.25,0.3,0.0292,0.0,0.05,3270.0,127.0,0.0,1.0,True,0.01,0.95,10.0,39600.0,0.938,0.139
9557,1 - 1 - 2022,19800.0,4.494441010848846,4.216965733794858,5.623415332340303,0.00132,0.001,0.00158489,0.286,0.25,0.3,0.0768,0.05,0.1,12000.0,244.0,1090.0,1.0,True,0.01,0.95,10.0,39600.0,0.938,0.139
9558,1 - 1 - 2022,19800.0,4.571651780264984,4.216965733794858,5.623415332340303,0.00135,0.001,0.00158489,0.274,0.25,0.3,0.158,0.1,0.2,28900.0,267.0,1090.0,1.0,True,0.01,0.95,10.0,39600.0,0.938,0.139
9559,1 - 1 - 2022,19800.0,4.61519230368573,4.216965733794858,5.623415332340303,0.00135,0.001,0.00158489,0.272,0.25,0.3,0.258,0.2,0.3,48000.0,344.0,1640.0,1.0,True,0.01,0.95,10.0,39600.0,0.938,0.139
9560,1 - 1 - 2022,19800.0,4.560701700396552,4.216965733794858,5.623415332340303,0.00134,0.001,0.00158489,0.275,0.25,0.3,0.347,0.3,0.4,52400.0,360.0,3270.0,1.0,True,0.01,0.95,10.0,39600.0,0.938,0.139
9561,1 - 1 - 2022,19800.0,4.54972526643093,4.216965733794858,5.623415332340303,0.00135,0.001,0.00158489,0.273,0.25,0.3,0.45,0.4,0.5,52400.0,360.0,1640.0,1.0,True,0.01,0.95,10.0,39600.0,0.938,0.139
9562,1 - 1 - 2022,19800.0,4.538722287164087,4.216965733794858,5.623415332340303,0.00131,0.001,0.00158489,0.273,0.25,0.3,0.551,0.5,0.6,42500.0,324.0,2730.0,1.0,True,0.01,0.95,10.0,39600.0,0.938,0.139
9563,1 - 1 - 2022,19800.0,4.61519230368573,4.216965733794858,5.623415332340303,0.00137,0.001,0.00158489,0.274,0.25,0.3,0.651,0.6,0.7,36000.0,298.0,1640.0,1.0,True,0.01,0.95,10.0,39600.0,0.938,0.139
9564,1 - 1 - 2022,19800.0,4.61519230368573,4.216965733794858,5.623415332340303,0.00134,0.001,0.00158489,0.277,0.25,0.3,0.751,0.7,0.8,35400.0,296.0,1640.0,1.0,True,0.01,0.95,10.0,39600.0,0.938,0.139
9565,1 - 1 - 2022,19800.0,4.679743582719036,4.216965733794858,5.623415332340303,0.00138,0.001,0.00158489,0.277,0.25,0.3,0.847,0.8,0.9,23500.0,241.0,1090.0,1.0,True,0.01,0.95,10.0,39600.0,0.938,0.139
9566,1 - 1 - 2022,19800.0,4.61519230368573,4.216965733794858,5.623415332340303,0.00137,0.001,0.00158489,0.276,0.25,0.3,0.947,0.9,1.0,18000.0,211.0,0.0,1.0,True,0.01,0.95,10.0,39600.0,0.938,0.139
9567,1 - 1 - 2022,19800.0,4.626013402488151,4.216965733794858,5.623415332340303,0.00133,0.001,0.00158489,0.273,0.25,0.3,1.2,1.0,1.5,7740.0,61.9,109.0,1.0,True,0.01,0.95,10.0,39600.0,0.938,0.139
9568,1 - 1 - 2022,19800.0,4.54972526643093,4.216965733794858,5.623415332340303,0.00131,0.001,0.00158489,0.27,0.25,0.3,1.78,1.5,2.0,2290.0,33.6,0.0,1.0,True,0.01,0.95,10.0,39600.0,0.938,0.139
9569,1 - 1 - 2022,19800.0,4.6475800154489,4.216965733794858,5.623415332340303,0.00137,0.001,0.00158489,0.27,0.25,0.3,2.59,2.0,4.0,654.0,8.99,164.0,1.0,True,0.01,0.95,10.0,39600.0,0.938,0.139
9570,1 - 1 - 2022,19800.0,4.2895221179054435,4.216965733794858,5.623415332340303,0.00142,0.001,0.00158489,0.353,0.3,0.4,0.0397,0.0,0.05,545.0,36.7,0.0,1.0,True,0.01,0.95,10.0,39600.0,0.938,0.139
9571,1 - 1 - 2022,19800.0,4.527692569068709,4.216965733794858,5.623415332340303,0.00141,0.001,0.00158489,0.343,0.3,0.4,0.0797,0.05,0.1,9820.0,156.0,2730.0,1.0,True,0.01,0.95,10.0,39600.0,0.938,0.139
9572,1 - 1 - 2022,19800.0,4.560701700396552,4.216965733794858,5.623415332340303,0.00135,0.001,0.00158489,0.342,0.3,0.4,0.154,0.1,0.2,16600.0,143.0,6540.0,1.0,True,0.01,0.95,10.0,39600.0,0.938,0.139
9573,1 - 1 - 2022,19800.0,4.538722287164087,4.216965733794858,5.623415332340303,0.00132,0.001,0.00158489,0.341,0.3,0.4,0.254,0.2,0.3,26700.0,182.0,12500.0,1.0,True,0.01,0.95,10.0,39600.0,0.938,0.139
9574,1 - 1 - 2022,19800.0,4.636809247747852,4.216965733794858,5.623415332340303,0.00137,0.001,0.00158489,0.343,0.3,0.4,0.355,0.3,0.4,25100.0,176.0,12000.0,1.0,True,0.01,0.95,10.0,39600.0,0.938,0.139
9575,1 - 1 - 2022,19800.0,4.571651780264984,4.216965733794858,5.623415332340303,0.00134,0.001,0.00158489,0.348,0.3,0.4,0.452,0.4,0.5,29200.0,190.0,17200.0,1.0,True,0.01,0.95,10.0,39600.0,0.938,0.139
9576,1 - 1 - 2022,19800.0,4.5934736311423405,4.216965733794858,5.623415332340303,0.00136,0.001,0.00158489,0.345,0.3,0.4,0.546,0.5,0.6,23200.0,169.0,10100.0,1.0,True,0.01,0.95,10.0,39600.0,0.938,0.139
9577,1 - 1 - 2022,19800.0,4.604345773288535,4.216965733794858,5.623415332340303,0.00136,0.001,0.00158489,0.345,0.3,0.4,0.647,0.6,0.7,18800.0,152.0,10400.0,1.0,True,0.01,0.95,10.0,39600.0,0.938,0.139
9578,1 - 1 - 2022,19800.0,4.538722287164087,4.216965733794858,5.623415332340303,0.00134,0.001,0.00158489,0.343,0.3,0.4,0.748,0.7,0.8,17500.0,147.0,9270.0,1.0,True,0.01,0.95,10.0,39600.0,0.938,0.139
9579,1 - 1 - 2022,19800.0,4.61519230368573,4.216965733794858,5.623415332340303,0.00137,0.001,0.00158489,0.338,0.3,0.4,0.842,0.8,0.9,15800.0,140.0,7640.0,1.0,True,0.01,0.95,10.0,39600.0,0.938,0.139
9580,1 - 1 - 2022,19800.0,4.636809247747852,4.216965733794858,5.623415332340303,0.00136,0.001,0.00158489,0.345,0.3,0.4,0.949,0.9,1.0,11200.0,118.0,6540.0,1.0,True,0.01,0.95,10.0,39600.0,0.938,0.139
9581,1 - 1 - 2022,19800.0,4.658325879540846,4.216965733794858,5.623415332340303,0.00137,0.001,0.00158489,0.343,0.3,0.4,1.19,1.0,1.5,5560.0,37.1,2670.0,1.0,True,0.01,0.95,10.0,39600.0,0.938,0.139
9582,1 - 1 - 2022,19800.0,4.5934736311423405,4.216965733794858,5.623415332340303,0.00139,0.001,0.00158489,0.343,0.3,0.4,1.7,1.5,2.0,1360.0,18.4,545.0,1.0,True,0.01,0.95,10.0,39600.0,0.938,0.139
9583,1 - 1 - 2022,19800.0,4.69041575982343,4.216965733794858,5.623415332340303,0.00134,0.001,0.00158489,0.347,0.3,0.4,2.76,2.0,4.0,382.0,4.86,327.0,1.0,True,0.01,0.95,10.0,39600.0,0.938,0.139
9584,1 - 1 - 2022,19800.0,4.626013402488151,4.216965733794858,5.623415332340303,0.00133,0.001,0.00158489,0.429,0.4,0.5,0.0638,0.05,0.1,1640.0,63.6,1090.0,1.0,True,0.01,0.95,10.0,39600.0,0.938,0.139
9585,1 - 1 - 2022,19800.0,4.560701700396552,4.216965733794858,5.623415332340303,0.00132,0.001,0.00158489,0.445,0.4,0.5,0.163,0.1,0.2,8180.0,101.0,7360.0,1.0,True,0.01,0.95,10.0,39600.0,0.938,0.139
9586,1 - 1 - 2022,19800.0,4.636809247747852,4.216965733794858,5.623415332340303,0.00134,0.001,0.00158489,0.442,0.4,0.5,0.253,0.2,0.3,9270.0,107.0,9000.0,1.0,True,0.01,0.95,10.0,39600.0,0.938,0.139
9587,1 - 1 - 2022,19800.0,4.636809247747852,4.216965733794858,5.623415332340303,0.00134,0.001,0.00158489,0.444,0.4,0.5,0.35,0.3,0.4,11500.0,119.0,10900.0,1.0,True,0.01,0.95,10.0,39600.0,0.938,0.139
9588,1 - 1 - 2022,19800.0,4.5934736311423405,4.216965733794858,5.623415332340303,0.00136,0.001,0.00158489,0.447,0.4,0.5,0.449,0.4,0.5,17200.0,146.0,15500.0,1.0,True,0.01,0.95,10.0,39600.0,0.938,0.139
9589,1 - 1 - 2022,19800.0,4.538722287164087,4.216965733794858,5.623415332340303,0.00136,0.001,0.00158489,0.448,0.4,0.5,0.544,0.5,0.6,11200.0,118.0,10400.0,1.0,True,0.01,0.95,10.0,39600.0,0.938,0.139
9590,1 - 1 - 2022,19800.0,4.505552130427524,4.216965733794858,5.623415332340303,0.00131,0.001,0.00158489,0.447,0.4,0.5,0.648,0.6,0.7,10400.0,113.0,9820.0,1.0,True,0.01,0.95,10.0,39600.0,0.938,0.139
9591,1 - 1 - 2022,19800.0,4.571651780264984,4.216965733794858,5.623415332340303,0.0013,0.001,0.00158489,0.45,0.4,0.5,0.749,0.7,0.8,7640.0,97.1,7360.0,1.0,True,0.01,0.95,10.0,39600.0,0.938,0.139
9592,1 - 1 - 2022,19800.0,4.626013402488151,4.216965733794858,5.623415332340303,0.00133,0.001,0.00158489,0.451,0.4,0.5,1.19,1.0,1.5,3270.0,28.4,3110.0,1.0,True,0.01,0.95,10.0,39600.0,0.938,0.139
9593,1 - 1 - 2022,19800.0,4.8270073544588685,4.216965733794858,5.623415332340303,0.00202,0.00158489,0.00251189,0.0154,0.0,0.05,0.154,0.1,0.2,886000.0,1180.0,792000.0,1.0,True,0.01,0.95,10.0,39600.0,0.938,0.139
9594,1 - 1 - 2022,19800.0,4.847679857416329,4.216965733794858,5.623415332340303,0.00201,0.00158489,0.00251189,0.0145,0.0,0.05,0.25,0.2,0.3,1230000.0,1390.0,919000.0,1.0,True,0.01,0.95,10.0,39600.0,0.938,0.139
9595,1 - 1 - 2022,19800.0,4.847679857416329,4.216965733794858,5.623415332340303,0.00201,0.00158489,0.00251189,0.0142,0.0,0.05,0.349,0.3,0.4,1300000.0,1420.0,813000.0,1.0,True,0.01,0.95,10.0,39600.0,0.938,0.139
9596,1 - 1 - 2022,19800.0,4.8373546489791295,4.216965733794858,5.623415332340303,0.00201,0.00158489,0.00251189,0.0144,0.0,0.05,0.448,0.4,0.5,1080000.0,1300.0,507000.0,1.0,True,0.01,0.95,10.0,39600.0,0.938,0.139
9597,1 - 1 - 2022,19800.0,4.8373546489791295,4.216965733794858,5.623415332340303,0.00201,0.00158489,0.00251189,0.0149,0.0,0.05,0.548,0.5,0.6,842000.0,1150.0,313000.0,1.0,True,0.01,0.95,10.0,39600.0,0.938,0.139
9598,1 - 1 - 2022,19800.0,4.8270073544588685,4.216965733794858,5.623415332340303,0.00202,0.00158489,0.00251189,0.0154,0.0,0.05,0.647,0.6,0.7,621000.0,984.0,208000.0,1.0,True,0.01,0.95,10.0,39600.0,0.938,0.139
9599,1 - 1 - 2022,19800.0,4.847679857416329,4.216965733794858,5.623415332340303,0.00201,0.00158489,0.00251189,0.0149,0.0,0.05,0.747,0.7,0.8,420000.0,809.0,115000.0,1.0,True,0.01,0.95,10.0,39600.0,0.938,0.139
9600,1 - 1 - 2022,19800.0,4.888762624632126,4.216965733794858,5.623415332340303,0.00201,0.00158489,0.00251189,0.0158,0.0,0.05,0.847,0.8,0.9,271000.0,650.0,49900.0,1.0,True,0.01,0.95,10.0,39600.0,0.938,0.139
9601,1 - 1 - 2022,19800.0,4.8166378315169185,4.216965733794858,5.623415332340303,0.00201,0.00158489,0.00251189,0.0168,0.0,0.05,0.946,0.9,1.0,174000.0,521.0,21300.0,1.0,True,0.01,0.95,10.0,39600.0,0.938,0.139
9602,1 - 1 - 2022,19800.0,4.8373546489791295,4.216965733794858,5.623415332340303,0.00202,0.00158489,0.00251189,0.0185,0.0,0.05,1.17,1.0,1.5,52600.0,128.0,3850.0,1.0,True,0.01,0.95,10.0,39600.0,0.938,0.139
9603,1 - 1 - 2022,19800.0,4.868264577855234,4.216965733794858,5.623415332340303,0.00203,0.00158489,0.00251189,0.0235,0.0,0.05,1.72,1.5,2.0,8470.0,51.4,206.0,1.0,True,0.01,0.95,10.0,39600.0,0.938,0.139
9604,1 - 1 - 2022,19800.0,4.806245936279167,4.216965733794858,5.623415332340303,0.00203,0.00158489,0.00251189,0.0289,0.0,0.05,2.49,2.0,4.0,912.0,8.43,0.0,1.0,True,0.01,0.95,10.0,39600.0,0.938,0.139
9605,1 - 1 - 2022,19800.0,4.806245936279167,4.216965733794858,5.623415332340303,0.00203,0.00158489,0.00251189,0.0732,0.05,0.1,0.0333,0.0,0.05,57100.0,422.0,56400.0,1.0,True,0.01,0.95,10.0,39600.0,0.938,0.139
9606,1 - 1 - 2022,19800.0,4.8270073544588685,4.216965733794858,5.623415332340303,0.00199,0.00158489,0.00251189,0.0711,0.05,0.1,0.0772,0.05,0.1,155000.0,695.0,145000.0,1.0,True,0.01,0.95,10.0,39600.0,0.938,0.139
9607,1 - 1 - 2022,19800.0,4.8270073544588685,4.216965733794858,5.623415332340303,0.00201,0.00158489,0.00251189,0.073,0.05,0.1,0.154,0.1,0.2,243000.0,616.0,220000.0,1.0,True,0.01,0.95,10.0,39600.0,0.938,0.139
9608,1 - 1 - 2022,19800.0,4.8373546489791295,4.216965733794858,5.623415332340303,0.002,0.00158489,0.00251189,0.0735,0.05,0.1,0.251,0.2,0.3,320000.0,706.0,275000.0,1.0,True,0.01,0.95,10.0,39600.0,0.938,0.139
9609,1 - 1 - 2022,19800.0,4.8373546489791295,4.216965733794858,5.623415332340303,0.00201,0.00158489,0.00251189,0.0734,0.05,0.1,0.349,0.3,0.4,329000.0,716.0,250000.0,1.0,True,0.01,0.95,10.0,39600.0,0.938,0.139
9610,1 - 1 - 2022,19800.0,4.8166378315169185,4.216965733794858,5.623415332340303,0.00201,0.00158489,0.00251189,0.0727,0.05,0.1,0.45,0.4,0.5,288000.0,670.0,180000.0,1.0,True,0.01,0.95,10.0,39600.0,0.938,0.139
9611,1 - 1 - 2022,19800.0,4.8373546489791295,4.216965733794858,5.623415332340303,0.00201,0.00158489,0.00251189,0.0726,0.05,0.1,0.548,0.5,0.6,234000.0,604.0,125000.0,1.0,True,0.01,0.95,10.0,39600.0,0.938,0.139
9612,1 - 1 - 2022,19800.0,4.8270073544588685,4.216965733794858,5.623415332340303,0.00202,0.00158489,0.00251189,0.0719,0.05,0.1,0.649,0.6,0.7,198000.0,555.0,77800.0,1.0,True,0.01,0.95,10.0,39600.0,0.938,0.139
9613,1 - 1 - 2022,19800.0,4.8373546489791295,4.216965733794858,5.623415332340303,0.00201,0.00158489,0.00251189,0.0735,0.05,0.1,0.749,0.7,0.8,135000.0,458.0,40600.0,1.0,True,0.01,0.95,10.0,39600.0,0.938,0.139
9614,1 - 1 - 2022,19800.0,4.8166378315169185,4.216965733794858,5.623415332340303,0.00204,0.00158489,0.00251189,0.0745,0.05,0.1,0.849,0.8,0.9,93300.0,381.0,16900.0,1.0,True,0.01,0.95,10.0,39600.0,0.938,0.139
9615,1 - 1 - 2022,19800.0,4.8270073544588685,4.216965733794858,5.623415332340303,0.002,0.00158489,0.00251189,0.0747,0.05,0.1,0.951,0.9,1.0,65700.0,320.0,6880.0,1.0,True,0.01,0.95,10.0,39600.0,0.938,0.139
9616,1 - 1 - 2022,19800.0,4.868264577855234,4.216965733794858,5.623415332340303,0.00201,0.00158489,0.00251189,0.0733,0.05,0.1,1.19,1.0,1.5,28000.0,93.5,344.0,1.0,True,0.01,0.95,10.0,39600.0,0.938,0.139
9617,1 - 1 - 2022,19800.0,4.898979485566356,4.216965733794858,5.623415332340303,0.00199,0.00158489,0.00251189,0.0767,0.05,0.1,1.7,1.5,2.0,6740.0,45.9,0.0,1.0,True,0.01,0.95,10.0,39600.0,0.938,0.139
9618,1 - 1 - 2022,19800.0,4.857983120596447,4.216965733794858,5.623415332340303,0.00203,0.00158489,0.00251189,0.0743,0.05,0.1,2.58,2.0,4.0,929.0,8.51,138.0,1.0,True,0.01,0.95,10.0,39600.0,0.938,0.139
9619,1 - 1 - 2022,19800.0,4.806245936279167,4.216965733794858,5.623415332340303,0.00203,0.00158489,0.00251189,0.123,0.1,0.15,0.0307,0.0,0.05,32300.0,318.0,27500.0,1.0,True,0.01,0.95,10.0,39600.0,0.938,0.139
9620,1 - 1 - 2022,19800.0,4.806245936279167,4.216965733794858,5.623415332340303,0.00203,0.00158489,0.00251189,0.123,0.1,0.15,0.0793,0.05,0.1,103000.0,565.0,92200.0,1.0,True,0.01,0.95,10.0,39600.0,0.938,0.139
9621,1 - 1 - 2022,19800.0,4.8166378315169185,4.216965733794858,5.623415332340303,0.00201,0.00158489,0.00251189,0.123,0.1,0.15,0.155,0.1,0.2,164000.0,505.0,133000.0,1.0,True,0.01,0.95,10.0,39600.0,0.938,0.139
9622,1 - 1 - 2022,19800.0,4.795831523312719,4.216965733794858,5.623415332340303,0.002,0.00158489,0.00251189,0.122,0.1,0.15,0.249,0.2,0.3,222000.0,588.0,183000.0,1.0,True,0.01,0.95,10.0,39600.0,0.938,0.139
9623,1 - 1 - 2022,19800.0,4.8166378315169185,4.216965733794858,5.623415332340303,0.00203,0.00158489,0.00251189,0.123,0.1,0.15,0.349,0.3,0.4,215000.0,579.0,158000.0,1.0,True,0.01,0.95,10.0,39600.0,0.938,0.139
9624,1 - 1 - 2022,19800.0,4.806245936279167,4.216965733794858,5.623415332340303,0.00203,0.00158489,0.00251189,0.124,0.1,0.15,0.448,0.4,0.5,190000.0,544.0,128000.0,1.0,True,0.01,0.95,10.0,39600.0,0.938,0.139
9625,1 - 1 - 2022,19800.0,4.8373546489791295,4.216965733794858,5.623415332340303,0.00203,0.00158489,0.00251189,0.123,0.1,0.15,0.551,0.5,0.6,145000.0,476.0,84300.0,1.0,True,0.01,0.95,10.0,39600.0,0.938,0.139
9626,1 - 1 - 2022,19800.0,4.8373546489791295,4.216965733794858,5.623415332340303,0.00203,0.00158489,0.00251189,0.124,0.1,0.15,0.648,0.6,0.7,119000.0,431.0,56800.0,1.0,True,0.01,0.95,10.0,39600.0,0.938,0.139
9627,1 - 1 - 2022,19800.0,4.8373546489791295,4.216965733794858,5.623415332340303,0.00201,0.00158489,0.00251189,0.124,0.1,0.15,0.749,0.7,0.8,88400.0,371.0,32700.0,1.0,True,0.01,0.95,10.0,39600.0,0.938,0.139
9628,1 - 1 - 2022,19800.0,4.764451699828638,4.216965733794858,5.623415332340303,0.00203,0.00158489,0.00251189,0.124,0.1,0.15,0.847,0.8,0.9,63300.0,314.0,22400.0,1.0,True,0.01,0.95,10.0,39600.0,0.938,0.139
9629,1 - 1 - 2022,19800.0,4.8166378315169185,4.216965733794858,5.623415332340303,0.00202,0.00158489,0.00251189,0.124,0.1,0.15,0.945,0.9,1.0,55400.0,294.0,11400.0,1.0,True,0.01,0.95,10.0,39600.0,0.938,0.139
9630,1 - 1 - 2022,19800.0,4.847679857416329,4.216965733794858,5.623415332340303,0.00202,0.00158489,0.00251189,0.124,0.1,0.15,1.2,1.0,1.5,20200.0,79.3,1580.0,1.0,True,0.01,0.95,10.0,39600.0,0.938,0.139
9631,1 - 1 - 2022,19800.0,4.8373546489791295,4.216965733794858,5.623415332340303,0.00202,0.00158489,0.00251189,0.124,0.1,0.15,1.68,1.5,2.0,5570.0,41.7,0.0,1.0,True,0.01,0.95,10.0,39600.0,0.938,0.139
9632,1 - 1 - 2022,19800.0,4.878524367060187,4.216965733794858,5.623415332340303,0.00199,0.00158489,0.00251189,0.127,0.1,0.15,2.67,2.0,4.0,1390.0,10.4,51.6,1.0,True,0.01,0.95,10.0,39600.0,0.938,0.139
9633,1 - 1 - 2022,19800.0,4.78539444560216,4.216965733794858,5.623415332340303,0.00203,0.00158489,0.00251189,0.176,0.15,0.2,0.0389,0.0,0.05,20000.0,249.0,6880.0,1.0,True,0.01,0.95,10.0,39600.0,0.938,0.139
9634,1 - 1 - 2022,19800.0,4.795831523312719,4.216965733794858,5.623415332340303,0.00197,0.00158489,0.00251189,0.176,0.15,0.2,0.0787,0.05,0.1,45400.0,376.0,11000.0,1.0,True,0.01,0.95,10.0,39600.0,0.938,0.139
9635,1 - 1 - 2022,19800.0,4.8166378315169185,4.216965733794858,5.623415332340303,0.00203,0.00158489,0.00251189,0.173,0.15,0.2,0.153,0.1,0.2,106000.0,406.0,33400.0,1.0,True,0.01,0.95,10.0,39600.0,0.938,0.139
9636,1 - 1 - 2022,19800.0,4.795831523312719,4.216965733794858,5.623415332340303,0.00203,0.00158489,0.00251189,0.173,0.15,0.2,0.251,0.2,0.3,133000.0,456.0,43700.0,1.0,True,0.01,0.95,10.0,39600.0,0.938,0.139
9637,1 - 1 - 2022,19800.0,4.8166378315169185,4.216965733794858,5.623415332340303,0.00203,0.00158489,0.00251189,0.173,0.15,0.2,0.35,0.3,0.4,137000.0,463.0,38500.0,1.0,True,0.01,0.95,10.0,39600.0,0.938,0.139
9638,1 - 1 - 2022,19800.0,4.8166378315169185,4.216965733794858,5.623415332340303,0.00202,0.00158489,0.00251189,0.173,0.15,0.2,0.448,0.4,0.5,133000.0,455.0,36100.0,1.0,True,0.01,0.95,10.0,39600.0,0.938,0.139
9639,1 - 1 - 2022,19800.0,4.8166378315169185,4.216965733794858,5.623415332340303,0.00202,0.00158489,0.00251189,0.174,0.15,0.2,0.552,0.5,0.6,107000.0,408.0,23700.0,1.0,True,0.01,0.95,10.0,39600.0,0.938,0.139
9640,1 - 1 - 2022,19800.0,4.8270073544588685,4.216965733794858,5.623415332340303,0.00202,0.00158489,0.00251189,0.174,0.15,0.2,0.648,0.6,0.7,92900.0,381.0,15100.0,1.0,True,0.01,0.95,10.0,39600.0,0.938,0.139
9641,1 - 1 - 2022,19800.0,4.8270073544588685,4.216965733794858,5.623415332340303,0.00203,0.00158489,0.00251189,0.171,0.15,0.2,0.752,0.7,0.8,69200.0,328.0,11400.0,1.0,True,0.01,0.95,10.0,39600.0,0.938,0.139
9642,1 - 1 - 2022,19800.0,4.898979485566356,4.216965733794858,5.623415332340303,0.00203,0.00158489,0.00251189,0.174,0.15,0.2,0.845,0.8,0.9,53000.0,287.0,5850.0,1.0,True,0.01,0.95,10.0,39600.0,0.938,0.139
9643,1 - 1 - 2022,19800.0,4.847679857416329,4.216965733794858,5.623415332340303,0.00203,0.00158489,0.00251189,0.174,0.15,0.2,0.956,0.9,1.0,33000.0,227.0,4470.0,1.0,True,0.01,0.95,10.0,39600.0,0.938,0.139
9644,1 - 1 - 2022,19800.0,4.878524367060187,4.216965733794858,5.623415332340303,0.00202,0.00158489,0.00251189,0.174,0.15,0.2,1.19,1.0,1.5,14000.0,66.2,826.0,1.0,True,0.01,0.95,10.0,39600.0,0.938,0.139
9645,1 - 1 - 2022,19800.0,4.8373546489791295,4.216965733794858,5.623415332340303,0.00202,0.00158489,0.00251189,0.177,0.15,0.2,1.7,1.5,2.0,5570.0,41.7,0.0,1.0,True,0.01,0.95,10.0,39600.0,0.938,0.139
9646,1 - 1 - 2022,19800.0,4.878524367060187,4.216965733794858,5.623415332340303,0.00195,0.00158489,0.00251189,0.174,0.15,0.2,2.7,2.0,4.0,1150.0,9.48,51.6,1.0,True,0.01,0.95,10.0,39600.0,0.938,0.139
9647,1 - 1 - 2022,19800.0,4.774934554525329,4.216965733794858,5.623415332340303,0.00206,0.00158489,0.00251189,0.22,0.2,0.25,0.0326,0.0,0.05,10300.0,179.0,688.0,1.0,True,0.01,0.95,10.0,39600.0,0.938,0.139
9648,1 - 1 - 2022,19800.0,4.857983120596447,4.216965733794858,5.623415332340303,0.002,0.00158489,0.00251189,0.22,0.2,0.25,0.0781,0.05,0.1,30300.0,307.0,1380.0,1.0,True,0.01,0.95,10.0,39600.0,0.938,0.139
9649,1 - 1 - 2022,19800.0,4.78539444560216,4.216965733794858,5.623415332340303,0.00207,0.00158489,0.00251189,0.223,0.2,0.25,0.157,0.1,0.2,61600.0,310.0,1380.0,1.0,True,0.01,0.95,10.0,39600.0,0.938,0.139
9650,1 - 1 - 2022,19800.0,4.795831523312719,4.216965733794858,5.623415332340303,0.00201,0.00158489,0.00251189,0.224,0.2,0.25,0.252,0.2,0.3,92600.0,380.0,2060.0,1.0,True,0.01,0.95,10.0,39600.0,0.938,0.139
9651,1 - 1 - 2022,19800.0,4.8166378315169185,4.216965733794858,5.623415332340303,0.00204,0.00158489,0.00251189,0.224,0.2,0.25,0.349,0.3,0.4,101000.0,396.0,2060.0,1.0,True,0.01,0.95,10.0,39600.0,0.938,0.139
9652,1 - 1 - 2022,19800.0,4.8166378315169185,4.216965733794858,5.623415332340303,0.002,0.00158489,0.00251189,0.221,0.2,0.25,0.446,0.4,0.5,81200.0,356.0,4130.0,1.0,True,0.01,0.95,10.0,39600.0,0.938,0.139
9653,1 - 1 - 2022,19800.0,4.8166378315169185,4.216965733794858,5.623415332340303,0.00204,0.00158489,0.00251189,0.223,0.2,0.25,0.546,0.5,0.6,75400.0,343.0,6190.0,1.0,True,0.01,0.95,10.0,39600.0,0.938,0.139
9654,1 - 1 - 2022,19800.0,4.8166378315169185,4.216965733794858,5.623415332340303,0.00199,0.00158489,0.00251189,0.224,0.2,0.25,0.648,0.6,0.7,56800.0,297.0,1720.0,1.0,True,0.01,0.95,10.0,39600.0,0.938,0.139
9655,1 - 1 - 2022,19800.0,4.8166378315169185,4.216965733794858,5.623415332340303,0.00202,0.00158489,0.00251189,0.224,0.2,0.25,0.745,0.7,0.8,51600.0,284.0,1030.0,1.0,True,0.01,0.95,10.0,39600.0,0.938,0.139
9656,1 - 1 - 2022,19800.0,4.8166378315169185,4.216965733794858,5.623415332340303,0.00204,0.00158489,0.00251189,0.224,0.2,0.25,0.851,0.8,0.9,36800.0,240.0,688.0,1.0,True,0.01,0.95,10.0,39600.0,0.938,0.139
9657,1 - 1 - 2022,19800.0,4.878524367060187,4.216965733794858,5.623415332340303,0.00201,0.00158489,0.00251189,0.221,0.2,0.25,0.952,0.9,1.0,28600.0,211.0,0.0,1.0,True,0.01,0.95,10.0,39600.0,0.938,0.139
9658,1 - 1 - 2022,19800.0,4.929503017546495,4.216965733794858,5.623415332340303,0.00202,0.00158489,0.00251189,0.224,0.2,0.25,1.18,1.0,1.5,12400.0,62.1,0.0,1.0,True,0.01,0.95,10.0,39600.0,0.938,0.139
9659,1 - 1 - 2022,19800.0,4.8166378315169185,4.216965733794858,5.623415332340303,0.00201,0.00158489,0.00251189,0.226,0.2,0.25,1.73,1.5,2.0,4200.0,36.2,0.0,1.0,True,0.01,0.95,10.0,39600.0,0.938,0.139
9660,1 - 1 - 2022,19800.0,4.847679857416329,4.216965733794858,5.623415332340303,0.00204,0.00158489,0.00251189,0.225,0.2,0.25,2.58,2.0,4.0,740.0,7.59,34.4,1.0,True,0.01,0.95,10.0,39600.0,0.938,0.139
9661,1 - 1 - 2022,19800.0,4.857983120596447,4.216965733794858,5.623415332340303,0.00195,0.00158489,0.00251189,0.272,0.25,0.3,0.035,0.0,0.05,4820.0,123.0,0.0,1.0,True,0.01,0.95,10.0,39600.0,0.938,0.139
9662,1 - 1 - 2022,19800.0,4.8373546489791295,4.216965733794858,5.623415332340303,0.00201,0.00158489,0.00251189,0.274,0.25,0.3,0.079,0.05,0.1,17200.0,232.0,0.0,1.0,True,0.01,0.95,10.0,39600.0,0.938,0.139
9663,1 - 1 - 2022,19800.0,4.8373546489791295,4.216965733794858,5.623415332340303,0.00205,0.00158489,0.00251189,0.273,0.25,0.3,0.164,0.1,0.2,33000.0,227.0,344.0,1.0,True,0.01,0.95,10.0,39600.0,0.938,0.139
9664,1 - 1 - 2022,19800.0,4.8166378315169185,4.216965733794858,5.623415332340303,0.00204,0.00158489,0.00251189,0.273,0.25,0.3,0.255,0.2,0.3,53700.0,289.0,688.0,1.0,True,0.01,0.95,10.0,39600.0,0.938,0.139
9665,1 - 1 - 2022,19800.0,4.774934554525329,4.216965733794858,5.623415332340303,0.00201,0.00158489,0.00251189,0.274,0.25,0.3,0.35,0.3,0.4,60200.0,306.0,344.0,1.0,True,0.01,0.95,10.0,39600.0,0.938,0.139
9666,1 - 1 - 2022,19800.0,4.78539444560216,4.216965733794858,5.623415332340303,0.00203,0.00158489,0.00251189,0.273,0.25,0.3,0.451,0.4,0.5,62300.0,312.0,344.0,1.0,True,0.01,0.95,10.0,39600.0,0.938,0.139
9667,1 - 1 - 2022,19800.0,4.868264577855234,4.216965733794858,5.623415332340303,0.00205,0.00158489,0.00251189,0.272,0.25,0.3,0.545,0.5,0.6,48900.0,276.0,344.0,1.0,True,0.01,0.95,10.0,39600.0,0.938,0.139
9668,1 - 1 - 2022,19800.0,4.847679857416329,4.216965733794858,5.623415332340303,0.00203,0.00158489,0.00251189,0.274,0.25,0.3,0.648,0.6,0.7,40600.0,252.0,1030.0,1.0,True,0.01,0.95,10.0,39600.0,0.938,0.139
9669,1 - 1 - 2022,19800.0,4.8270073544588685,4.216965733794858,5.623415332340303,0.00207,0.00158489,0.00251189,0.273,0.25,0.3,0.747,0.7,0.8,33000.0,227.0,1030.0,1.0,True,0.01,0.95,10.0,39600.0,0.938,0.139
9670,1 - 1 - 2022,19800.0,4.868264577855234,4.216965733794858,5.623415332340303,0.00204,0.00158489,0.00251189,0.273,0.25,0.3,0.844,0.8,0.9,32300.0,225.0,1380.0,1.0,True,0.01,0.95,10.0,39600.0,0.938,0.139
9671,1 - 1 - 2022,19800.0,4.711687595755898,4.216965733794858,5.623415332340303,0.00203,0.00158489,0.00251189,0.274,0.25,0.3,0.941,0.9,1.0,21000.0,181.0,344.0,1.0,True,0.01,0.95,10.0,39600.0,0.938,0.139
9672,1 - 1 - 2022,19800.0,4.868264577855234,4.216965733794858,5.623415332340303,0.00207,0.00158489,0.00251189,0.274,0.25,0.3,1.17,1.0,1.5,8600.0,51.8,0.0,1.0,True,0.01,0.95,10.0,39600.0,0.938,0.139
9673,1 - 1 - 2022,19800.0,4.8373546489791295,4.216965733794858,5.623415332340303,0.00197,0.00158489,0.00251189,0.276,0.25,0.3,1.68,1.5,2.0,2960.0,30.4,0.0,1.0,True,0.01,0.95,10.0,39600.0,0.938,0.139
9674,1 - 1 - 2022,19800.0,4.878524367060187,4.216965733794858,5.623415332340303,0.00195,0.00158489,0.00251189,0.274,0.25,0.3,2.41,2.0,4.0,568.0,6.65,103.0,1.0,True,0.01,0.95,10.0,39600.0,0.938,0.139
9675,1 - 1 - 2022,19800.0,4.571651780264984,4.216965733794858,5.623415332340303,0.00196,0.00158489,0.00251189,0.332,0.3,0.4,0.0357,0.0,0.05,3790.0,76.8,0.0,1.0,True,0.01,0.95,10.0,39600.0,0.938,0.139
9676,1 - 1 - 2022,19800.0,4.8373546489791295,4.216965733794858,5.623415332340303,0.00197,0.00158489,0.00251189,0.347,0.3,0.4,0.0765,0.05,0.1,11000.0,131.0,1030.0,1.0,True,0.01,0.95,10.0,39600.0,0.938,0.139
9677,1 - 1 - 2022,19800.0,4.857983120596447,4.216965733794858,5.623415332340303,0.00204,0.00158489,0.00251189,0.345,0.3,0.4,0.155,0.1,0.2,18100.0,119.0,2060.0,1.0,True,0.01,0.95,10.0,39600.0,0.938,0.139
9678,1 - 1 - 2022,19800.0,4.806245936279167,4.216965733794858,5.623415332340303,0.00201,0.00158489,0.00251189,0.344,0.3,0.4,0.25,0.2,0.3,30600.0,154.0,1200.0,1.0,True,0.01,0.95,10.0,39600.0,0.938,0.139
9679,1 - 1 - 2022,19800.0,4.78539444560216,4.216965733794858,5.623415332340303,0.00203,0.00158489,0.00251189,0.343,0.3,0.4,0.349,0.3,0.4,31500.0,157.0,1890.0,1.0,True,0.01,0.95,10.0,39600.0,0.938,0.139
9680,1 - 1 - 2022,19800.0,4.8270073544588685,4.216965733794858,5.623415332340303,0.002,0.00158489,0.00251189,0.341,0.3,0.4,0.45,0.4,0.5,34100.0,163.0,2410.0,1.0,True,0.01,0.95,10.0,39600.0,0.938,0.139
9681,1 - 1 - 2022,19800.0,4.795831523312719,4.216965733794858,5.623415332340303,0.00203,0.00158489,0.00251189,0.346,0.3,0.4,0.548,0.5,0.6,31800.0,158.0,2750.0,1.0,True,0.01,0.95,10.0,39600.0,0.938,0.139
9682,1 - 1 - 2022,19800.0,4.78539444560216,4.216965733794858,5.623415332340303,0.00201,0.00158489,0.00251189,0.343,0.3,0.4,0.648,0.6,0.7,31000.0,155.0,2410.0,1.0,True,0.01,0.95,10.0,39600.0,0.938,0.139
9683,1 - 1 - 2022,19800.0,4.868264577855234,4.216965733794858,5.623415332340303,0.00203,0.00158489,0.00251189,0.344,0.3,0.4,0.751,0.7,0.8,21700.0,130.0,1720.0,1.0,True,0.01,0.95,10.0,39600.0,0.938,0.139
9684,1 - 1 - 2022,19800.0,4.764451699828638,4.216965733794858,5.623415332340303,0.00207,0.00158489,0.00251189,0.343,0.3,0.4,0.851,0.8,0.9,17400.0,116.0,1380.0,1.0,True,0.01,0.95,10.0,39600.0,0.938,0.139
9685,1 - 1 - 2022,19800.0,4.847679857416329,4.216965733794858,5.623415332340303,0.00201,0.00158489,0.00251189,0.349,0.3,0.4,0.944,0.9,1.0,15100.0,109.0,2240.0,1.0,True,0.01,0.95,10.0,39600.0,0.938,0.139
9686,1 - 1 - 2022,19800.0,4.8270073544588685,4.216965733794858,5.623415332340303,0.00204,0.00158489,0.00251189,0.344,0.3,0.4,1.19,1.0,1.5,5850.0,30.2,688.0,1.0,True,0.01,0.95,10.0,39600.0,0.938,0.139
9687,1 - 1 - 2022,19800.0,4.857983120596447,4.216965733794858,5.623415332340303,0.00207,0.00158489,0.00251189,0.342,0.3,0.4,1.7,1.5,2.0,1650.0,16.0,379.0,1.0,True,0.01,0.95,10.0,39600.0,0.938,0.139
9688,1 - 1 - 2022,19800.0,4.857983120596447,4.216965733794858,5.623415332340303,0.00198,0.00158489,0.00251189,0.344,0.3,0.4,2.65,2.0,4.0,473.0,4.29,189.0,1.0,True,0.01,0.95,10.0,39600.0,0.938,0.139
9689,1 - 1 - 2022,19800.0,4.483302354291979,4.216965733794858,5.623415332340303,0.00206,0.00158489,0.00251189,0.436,0.4,0.5,0.0308,0.0,0.05,1030.0,40.1,0.0,1.0,True,0.01,0.95,10.0,39600.0,0.938,0.139
9690,1 - 1 - 2022,19800.0,4.919349550499537,4.216965733794858,5.623415332340303,0.0021,0.00158489,0.00251189,0.44,0.4,0.5,0.0765,0.05,0.1,7230.0,106.0,2750.0,1.0,True,0.01,0.95,10.0,39600.0,0.938,0.139
9691,1 - 1 - 2022,19800.0,4.743416490252569,4.216965733794858,5.623415332340303,0.00196,0.00158489,0.00251189,0.443,0.4,0.5,0.158,0.1,0.2,8950.0,83.5,2750.0,1.0,True,0.01,0.95,10.0,39600.0,0.938,0.139
9692,1 - 1 - 2022,19800.0,4.806245936279167,4.216965733794858,5.623415332340303,0.00199,0.00158489,0.00251189,0.439,0.4,0.5,0.258,0.2,0.3,14300.0,106.0,5160.0,1.0,True,0.01,0.95,10.0,39600.0,0.938,0.139
9693,1 - 1 - 2022,19800.0,4.8270073544588685,4.216965733794858,5.623415332340303,0.00207,0.00158489,0.00251189,0.445,0.4,0.5,0.352,0.3,0.4,17200.0,116.0,6710.0,1.0,True,0.01,0.95,10.0,39600.0,0.938,0.139
9694,1 - 1 - 2022,19800.0,4.8270073544588685,4.216965733794858,5.623415332340303,0.00202,0.00158489,0.00251189,0.445,0.4,0.5,0.449,0.4,0.5,15100.0,109.0,6370.0,1.0,True,0.01,0.95,10.0,39600.0,0.938,0.139
9695,1 - 1 - 2022,19800.0,4.868264577855234,4.216965733794858,5.623415332340303,0.00201,0.00158489,0.00251189,0.445,0.4,0.5,0.551,0.5,0.6,14300.0,105.0,6190.0,1.0,True,0.01,0.95,10.0,39600.0,0.938,0.139
9696,1 - 1 - 2022,19800.0,4.847679857416329,4.216965733794858,5.623415332340303,0.002,0.00158489,0.00251189,0.444,0.4,0.5,0.648,0.6,0.7,14100.0,105.0,6540.0,1.0,True,0.01,0.95,10.0,39600.0,0.938,0.139
9697,1 - 1 - 2022,19800.0,4.9396356140913875,4.216965733794858,5.623415332340303,0.00199,0.00158489,0.00251189,0.443,0.4,0.5,0.75,0.7,0.8,10800.0,91.9,4990.0,1.0,True,0.01,0.95,10.0,39600.0,0.938,0.139
9698,1 - 1 - 2022,19800.0,4.743416490252569,4.216965733794858,5.623415332340303,0.00198,0.00158489,0.00251189,0.445,0.4,0.5,0.843,0.8,0.9,7740.0,77.7,3100.0,1.0,True,0.01,0.95,10.0,39600.0,0.938,0.139
9699,1 - 1 - 2022,19800.0,4.868264577855234,4.216965733794858,5.623415332340303,0.00202,0.00158489,0.00251189,0.436,0.4,0.5,0.942,0.9,1.0,6190.0,69.5,2410.0,1.0,True,0.01,0.95,10.0,39600.0,0.938,0.139
9700,1 - 1 - 2022,19800.0,4.847679857416329,4.216965733794858,5.623415332340303,0.00202,0.00158489,0.00251189,0.444,0.4,0.5,1.2,1.0,1.5,4090.0,25.3,1750.0,1.0,True,0.01,0.95,10.0,39600.0,0.938,0.139
9701,1 - 1 - 2022,19800.0,4.857983120596447,4.216965733794858,5.623415332340303,0.00197,0.00158489,0.00251189,0.444,0.4,0.5,1.71,1.5,2.0,1070.0,12.9,654.0,1.0,True,0.01,0.95,10.0,39600.0,0.938,0.139
9702,1 - 1 - 2022,19800.0,4.743416490252569,4.216965733794858,5.623415332340303,0.00202,0.00158489,0.00251189,0.434,0.4,0.5,2.63,2.0,4.0,146.0,2.39,103.0,1.0,True,0.01,0.95,10.0,39600.0,0.938,0.139
9703,1 - 1 - 2022,19800.0,4.636809247747852,4.216965733794858,5.623415332340303,0.00215,0.00158489,0.00251189,0.54,0.5,0.6,0.0207,0.0,0.05,1720.0,51.8,688.0,1.0,True,0.01,0.95,10.0,39600.0,0.938,0.139
9704,1 - 1 - 2022,19800.0,4.538722287164087,4.216965733794858,5.623415332340303,0.0021,0.00158489,0.00251189,0.553,0.5,0.6,0.0822,0.05,0.1,2750.0,65.5,1380.0,1.0,True,0.01,0.95,10.0,39600.0,0.938,0.139
9705,1 - 1 - 2022,19800.0,4.888762624632126,4.216965733794858,5.623415332340303,0.00202,0.00158489,0.00251189,0.553,0.5,0.6,0.153,0.1,0.2,5330.0,64.5,4130.0,1.0,True,0.01,0.95,10.0,39600.0,0.938,0.139
9706,1 - 1 - 2022,19800.0,4.722287581247038,4.216965733794858,5.623415332340303,0.00206,0.00158489,0.00251189,0.536,0.5,0.6,0.251,0.2,0.3,5160.0,63.4,3270.0,1.0,True,0.01,0.95,10.0,39600.0,0.938,0.139
9707,1 - 1 - 2022,19800.0,4.6475800154489,4.216965733794858,5.623415332340303,0.00204,0.00158489,0.00251189,0.549,0.5,0.6,0.348,0.3,0.4,7230.0,75.1,4820.0,1.0,True,0.01,0.95,10.0,39600.0,0.938,0.139
9708,1 - 1 - 2022,19800.0,4.78539444560216,4.216965733794858,5.623415332340303,0.00205,0.00158489,0.00251189,0.551,0.5,0.6,0.452,0.4,0.5,9810.0,87.4,6190.0,1.0,True,0.01,0.95,10.0,39600.0,0.938,0.139
9709,1 - 1 - 2022,19800.0,4.8166378315169185,4.216965733794858,5.623415332340303,0.00203,0.00158489,0.00251189,0.546,0.5,0.6,0.548,0.5,0.6,9460.0,85.9,7230.0,1.0,True,0.01,0.95,10.0,39600.0,0.938,0.139
9710,1 - 1 - 2022,19800.0,4.806245936279167,4.216965733794858,5.623415332340303,0.00208,0.00158489,0.00251189,0.542,0.5,0.6,0.646,0.6,0.7,4990.0,62.4,3440.0,1.0,True,0.01,0.95,10.0,39600.0,0.938,0.139
9711,1 - 1 - 2022,19800.0,4.722287581247038,4.216965733794858,5.623415332340303,0.00204,0.00158489,0.00251189,0.537,0.5,0.6,0.754,0.7,0.8,5850.0,67.5,3960.0,1.0,True,0.01,0.95,10.0,39600.0,0.938,0.139
9712,1 - 1 - 2022,19800.0,4.878524367060187,4.216965733794858,5.623415332340303,0.0021,0.00158489,0.00251189,0.533,0.5,0.6,0.848,0.8,0.9,4650.0,60.2,3610.0,1.0,True,0.01,0.95,10.0,39600.0,0.938,0.139
9713,1 - 1 - 2022,19800.0,4.774934554525329,4.216965733794858,5.623415332340303,0.00203,0.00158489,0.00251189,0.546,0.5,0.6,0.948,0.9,1.0,3270.0,50.5,2580.0,1.0,True,0.01,0.95,10.0,39600.0,0.938,0.139
9714,1 - 1 - 2022,19800.0,4.795831523312719,4.216965733794858,5.623415332340303,0.00202,0.00158489,0.00251189,0.543,0.5,0.6,1.22,1.0,1.5,1860.0,17.0,1450.0,1.0,True,0.01,0.95,10.0,39600.0,0.938,0.139
9715,1 - 1 - 2022,19800.0,4.753945729601885,4.216965733794858,5.623415332340303,0.00206,0.00158489,0.00251189,0.552,0.5,0.6,1.76,1.5,2.0,654.0,10.1,516.0,1.0,True,0.01,0.95,10.0,39600.0,0.938,0.139
9716,1 - 1 - 2022,19800.0,4.753945729601885,4.216965733794858,5.623415332340303,0.0021,0.00158489,0.00251189,0.549,0.5,0.6,2.66,2.0,4.0,60.2,1.53,51.6,1.0,True,0.01,0.95,10.0,39600.0,0.938,0.139
9717,1 - 1 - 2022,19800.0,4.69041575982343,4.216965733794858,5.623415332340303,0.00217,0.00158489,0.00251189,0.641,0.6,0.7,0.142,0.1,0.2,2240.0,41.8,1720.0,1.0,True,0.01,0.95,10.0,39600.0,0.938,0.139
9718,1 - 1 - 2022,19800.0,4.69041575982343,4.216965733794858,5.623415332340303,0.00204,0.00158489,0.00251189,0.642,0.6,0.7,0.449,0.4,0.5,3100.0,49.1,2750.0,1.0,True,0.01,0.95,10.0,39600.0,0.938,0.139
9719,1 - 1 - 2022,19800.0,4.878524367060187,4.216965733794858,5.623415332340303,0.00207,0.00158489,0.00251189,0.638,0.6,0.7,0.549,0.5,0.6,4470.0,59.1,3960.0,1.0,True,0.01,0.95,10.0,39600.0,0.938,0.139
9720,1 - 1 - 2022,19800.0,4.722287581247038,4.216965733794858,5.623415332340303,0.00199,0.00158489,0.00251189,0.641,0.6,0.7,1.24,1.0,1.5,1140.0,13.3,1070.0,1.0,True,0.01,0.95,10.0,39600.0,0.938,0.139
9721,1 - 1 - 2022,19800.0,4.743416490252569,4.216965733794858,5.623415332340303,0.00199,0.00158489,0.00251189,0.647,0.6,0.7,1.65,1.5,2.0,241.0,6.13,206.0,1.0,True,0.01,0.95,10.0,39600.0,0.938,0.139
9722,1 - 1 - 2022,19800.0,4.878524367060187,4.216965733794858,5.623415332340303,0.00316,0.00251189,0.00398107,0.0199,0.0,0.05,0.0788,0.05,0.1,231000.0,674.0,230000.0,1.0,True,0.01,0.95,10.0,39600.0,0.938,0.139
9723,1 - 1 - 2022,19800.0,4.847679857416329,4.216965733794858,5.623415332340303,0.00319,0.00251189,0.00398107,0.0171,0.0,0.05,0.156,0.1,0.2,509000.0,707.0,442000.0,1.0,True,0.01,0.95,10.0,39600.0,0.938,0.139
9724,1 - 1 - 2022,19800.0,4.857983120596447,4.216965733794858,5.623415332340303,0.00318,0.00251189,0.00398107,0.016,0.0,0.05,0.25,0.2,0.3,719000.0,841.0,509000.0,1.0,True,0.01,0.95,10.0,39600.0,0.938,0.139
9725,1 - 1 - 2022,19800.0,4.847679857416329,4.216965733794858,5.623415332340303,0.00319,0.00251189,0.00398107,0.0153,0.0,0.05,0.35,0.3,0.4,713000.0,838.0,410000.0,1.0,True,0.01,0.95,10.0,39600.0,0.938,0.139
9726,1 - 1 - 2022,19800.0,4.847679857416329,4.216965733794858,5.623415332340303,0.00319,0.00251189,0.00398107,0.0155,0.0,0.05,0.448,0.4,0.5,625000.0,784.0,297000.0,1.0,True,0.01,0.95,10.0,39600.0,0.938,0.139
9727,1 - 1 - 2022,19800.0,4.857983120596447,4.216965733794858,5.623415332340303,0.00317,0.00251189,0.00398107,0.0157,0.0,0.05,0.548,0.5,0.6,483000.0,689.0,196000.0,1.0,True,0.01,0.95,10.0,39600.0,0.938,0.139
9728,1 - 1 - 2022,19800.0,4.857983120596447,4.216965733794858,5.623415332340303,0.00319,0.00251189,0.00398107,0.0163,0.0,0.05,0.647,0.6,0.7,357000.0,593.0,117000.0,1.0,True,0.01,0.95,10.0,39600.0,0.938,0.139
9729,1 - 1 - 2022,19800.0,4.8373546489791295,4.216965733794858,5.623415332340303,0.00316,0.00251189,0.00398107,0.0164,0.0,0.05,0.747,0.7,0.8,245000.0,491.0,61700.0,1.0,True,0.01,0.95,10.0,39600.0,0.938,0.139
9730,1 - 1 - 2022,19800.0,4.8373546489791295,4.216965733794858,5.623415332340303,0.00317,0.00251189,0.00398107,0.0183,0.0,0.05,0.848,0.8,0.9,154000.0,390.0,30400.0,1.0,True,0.01,0.95,10.0,39600.0,0.938,0.139
9731,1 - 1 - 2022,19800.0,4.8373546489791295,4.216965733794858,5.623415332340303,0.00318,0.00251189,0.00398107,0.0173,0.0,0.05,0.946,0.9,1.0,93800.0,304.0,12800.0,1.0,True,0.01,0.95,10.0,39600.0,0.938,0.139
9732,1 - 1 - 2022,19800.0,4.847679857416329,4.216965733794858,5.623415332340303,0.00318,0.00251189,0.00398107,0.0213,0.0,0.05,1.15,1.0,1.5,28700.0,75.2,2390.0,1.0,True,0.01,0.95,10.0,39600.0,0.938,0.139
9733,1 - 1 - 2022,19800.0,4.795831523312719,4.216965733794858,5.623415332340303,0.00324,0.00251189,0.00398107,0.0277,0.0,0.05,1.7,1.5,2.0,3390.0,25.8,43.4,1.0,True,0.01,0.95,10.0,39600.0,0.938,0.139
9734,1 - 1 - 2022,19800.0,4.9396356140913875,4.216965733794858,5.623415332340303,0.00313,0.00251189,0.00398107,0.0305,0.0,0.05,2.55,2.0,4.0,478.0,4.85,0.0,1.0,True,0.01,0.95,10.0,39600.0,0.938,0.139
9735,1 - 1 - 2022,19800.0,4.868264577855234,4.216965733794858,5.623415332340303,0.00325,0.00251189,0.00398107,0.0728,0.05,0.1,0.0335,0.0,0.05,30400.0,245.0,25200.0,1.0,True,0.01,0.95,10.0,39600.0,0.938,0.139
9736,1 - 1 - 2022,19800.0,4.878524367060187,4.216965733794858,5.623415332340303,0.00319,0.00251189,0.00398107,0.072,0.05,0.1,0.0774,0.05,0.1,82900.0,404.0,67300.0,1.0,True,0.01,0.95,10.0,39600.0,0.938,0.139
9737,1 - 1 - 2022,19800.0,4.8270073544588685,4.216965733794858,5.623415332340303,0.0032,0.00251189,0.00398107,0.0727,0.05,0.1,0.153,0.1,0.2,163000.0,401.0,135000.0,1.0,True,0.01,0.95,10.0,39600.0,0.938,0.139
9738,1 - 1 - 2022,19800.0,4.8373546489791295,4.216965733794858,5.623415332340303,0.00319,0.00251189,0.00398107,0.0728,0.05,0.1,0.252,0.2,0.3,210000.0,454.0,147000.0,1.0,True,0.01,0.95,10.0,39600.0,0.938,0.139
9739,1 - 1 - 2022,19800.0,4.806245936279167,4.216965733794858,5.623415332340303,0.00319,0.00251189,0.00398107,0.073,0.05,0.1,0.35,0.3,0.4,238000.0,483.0,135000.0,1.0,True,0.01,0.95,10.0,39600.0,0.938,0.139
9740,1 - 1 - 2022,19800.0,4.806245936279167,4.216965733794858,5.623415332340303,0.00319,0.00251189,0.00398107,0.0728,0.05,0.1,0.448,0.4,0.5,187000.0,429.0,96600.0,1.0,True,0.01,0.95,10.0,39600.0,0.938,0.139
9741,1 - 1 - 2022,19800.0,4.8373546489791295,4.216965733794858,5.623415332340303,0.00319,0.00251189,0.00398107,0.0734,0.05,0.1,0.549,0.5,0.6,155000.0,391.0,71400.0,1.0,True,0.01,0.95,10.0,39600.0,0.938,0.139
9742,1 - 1 - 2022,19800.0,4.847679857416329,4.216965733794858,5.623415332340303,0.00317,0.00251189,0.00398107,0.0729,0.05,0.1,0.647,0.6,0.7,122000.0,346.0,37600.0,1.0,True,0.01,0.95,10.0,39600.0,0.938,0.139
9743,1 - 1 - 2022,19800.0,4.857983120596447,4.216965733794858,5.623415332340303,0.00322,0.00251189,0.00398107,0.0744,0.05,0.1,0.748,0.7,0.8,79700.0,280.0,17200.0,1.0,True,0.01,0.95,10.0,39600.0,0.938,0.139
9744,1 - 1 - 2022,19800.0,4.847679857416329,4.216965733794858,5.623415332340303,0.00317,0.00251189,0.00398107,0.0726,0.05,0.1,0.845,0.8,0.9,58800.0,241.0,8690.0,1.0,True,0.01,0.95,10.0,39600.0,0.938,0.139
9745,1 - 1 - 2022,19800.0,4.8373546489791295,4.216965733794858,5.623415332340303,0.00317,0.00251189,0.00398107,0.0743,0.05,0.1,0.946,0.9,1.0,45400.0,211.0,6080.0,1.0,True,0.01,0.95,10.0,39600.0,0.938,0.139
9746,1 - 1 - 2022,19800.0,4.878524367060187,4.216965733794858,5.623415332340303,0.00316,0.00251189,0.00398107,0.0742,0.05,0.1,1.18,1.0,1.5,17400.0,58.5,174.0,1.0,True,0.01,0.95,10.0,39600.0,0.938,0.139
9747,1 - 1 - 2022,19800.0,4.909175083453431,4.216965733794858,5.623415332340303,0.00324,0.00251189,0.00398107,0.0723,0.05,0.1,1.71,1.5,2.0,3690.0,26.9,0.0,1.0,True,0.01,0.95,10.0,39600.0,0.938,0.139
9748,1 - 1 - 2022,19800.0,4.9396356140913875,4.216965733794858,5.623415332340303,0.00321,0.00251189,0.00398107,0.0754,0.05,0.1,2.57,2.0,4.0,630.0,5.56,54.3,1.0,True,0.01,0.95,10.0,39600.0,0.938,0.139
9749,1 - 1 - 2022,19800.0,4.8373546489791295,4.216965733794858,5.623415332340303,0.00321,0.00251189,0.00398107,0.124,0.1,0.15,0.032,0.0,0.05,25200.0,223.0,20000.0,1.0,True,0.01,0.95,10.0,39600.0,0.938,0.139
9750,1 - 1 - 2022,19800.0,4.847679857416329,4.216965733794858,5.623415332340303,0.00318,0.00251189,0.00398107,0.125,0.1,0.15,0.0766,0.05,0.1,55600.0,331.0,45200.0,1.0,True,0.01,0.95,10.0,39600.0,0.938,0.139
9751,1 - 1 - 2022,19800.0,4.806245936279167,4.216965733794858,5.623415332340303,0.00319,0.00251189,0.00398107,0.122,0.1,0.15,0.154,0.1,0.2,110000.0,329.0,80300.0,1.0,True,0.01,0.95,10.0,39600.0,0.938,0.139
9752,1 - 1 - 2022,19800.0,4.8270073544588685,4.216965733794858,5.623415332340303,0.00319,0.00251189,0.00398107,0.123,0.1,0.15,0.249,0.2,0.3,142000.0,374.0,92900.0,1.0,True,0.01,0.95,10.0,39600.0,0.938,0.139
9753,1 - 1 - 2022,19800.0,4.8270073544588685,4.216965733794858,5.623415332340303,0.00321,0.00251189,0.00398107,0.123,0.1,0.15,0.349,0.3,0.4,153000.0,388.0,83600.0,1.0,True,0.01,0.95,10.0,39600.0,0.938,0.139
9754,1 - 1 - 2022,19800.0,4.8270073544588685,4.216965733794858,5.623415332340303,0.00321,0.00251189,0.00398107,0.123,0.1,0.15,0.448,0.4,0.5,131000.0,359.0,63600.0,1.0,True,0.01,0.95,10.0,39600.0,0.938,0.139
9755,1 - 1 - 2022,19800.0,4.806245936279167,4.216965733794858,5.623415332340303,0.00315,0.00251189,0.00398107,0.123,0.1,0.15,0.549,0.5,0.6,103000.0,318.0,43400.0,1.0,True,0.01,0.95,10.0,39600.0,0.938,0.139
9756,1 - 1 - 2022,19800.0,4.888762624632126,4.216965733794858,5.623415332340303,0.00318,0.00251189,0.00398107,0.122,0.1,0.15,0.646,0.6,0.7,80100.0,281.0,31900.0,1.0,True,0.01,0.95,10.0,39600.0,0.938,0.139
9757,1 - 1 - 2022,19800.0,4.8373546489791295,4.216965733794858,5.623415332340303,0.0032,0.00251189,0.00398107,0.124,0.1,0.15,0.747,0.7,0.8,59500.0,242.0,16300.0,1.0,True,0.01,0.95,10.0,39600.0,0.938,0.139
9758,1 - 1 - 2022,19800.0,4.78539444560216,4.216965733794858,5.623415332340303,0.00321,0.00251189,0.00398107,0.123,0.1,0.15,0.848,0.8,0.9,41000.0,201.0,7600.0,1.0,True,0.01,0.95,10.0,39600.0,0.938,0.139
9759,1 - 1 - 2022,19800.0,4.795831523312719,4.216965733794858,5.623415332340303,0.00314,0.00251189,0.00398107,0.124,0.1,0.15,0.943,0.9,1.0,26500.0,161.0,6300.0,1.0,True,0.01,0.95,10.0,39600.0,0.938,0.139
9760,1 - 1 - 2022,19800.0,4.878524367060187,4.216965733794858,5.623415332340303,0.00318,0.00251189,0.00398107,0.124,0.1,0.15,1.2,1.0,1.5,13000.0,50.5,1130.0,1.0,True,0.01,0.95,10.0,39600.0,0.938,0.139
9761,1 - 1 - 2022,19800.0,4.878524367060187,4.216965733794858,5.623415332340303,0.00312,0.00251189,0.00398107,0.127,0.1,0.15,1.72,1.5,2.0,3950.0,27.9,0.0,1.0,True,0.01,0.95,10.0,39600.0,0.938,0.139
9762,1 - 1 - 2022,19800.0,4.919349550499537,4.216965733794858,5.623415332340303,0.00323,0.00251189,0.00398107,0.124,0.1,0.15,2.66,2.0,4.0,662.0,5.71,152.0,1.0,True,0.01,0.95,10.0,39600.0,0.938,0.139
9763,1 - 1 - 2022,19800.0,4.764451699828638,4.216965733794858,5.623415332340303,0.00316,0.00251189,0.00398107,0.172,0.15,0.2,0.0324,0.0,0.05,12200.0,155.0,8680.0,1.0,True,0.01,0.95,10.0,39600.0,0.938,0.139
9764,1 - 1 - 2022,19800.0,4.847679857416329,4.216965733794858,5.623415332340303,0.00319,0.00251189,0.00398107,0.171,0.15,0.2,0.079,0.05,0.1,27800.0,234.0,18700.0,1.0,True,0.01,0.95,10.0,39600.0,0.938,0.139
9765,1 - 1 - 2022,19800.0,4.806245936279167,4.216965733794858,5.623415332340303,0.00317,0.00251189,0.00398107,0.173,0.15,0.2,0.152,0.1,0.2,62300.0,248.0,38000.0,1.0,True,0.01,0.95,10.0,39600.0,0.938,0.139
9766,1 - 1 - 2022,19800.0,4.8270073544588685,4.216965733794858,5.623415332340303,0.00322,0.00251189,0.00398107,0.172,0.15,0.2,0.251,0.2,0.3,85300.0,290.0,51700.0,1.0,True,0.01,0.95,10.0,39600.0,0.938,0.139
9767,1 - 1 - 2022,19800.0,4.8270073544588685,4.216965733794858,5.623415332340303,0.00323,0.00251189,0.00398107,0.173,0.15,0.2,0.347,0.3,0.4,94400.0,305.0,50800.0,1.0,True,0.01,0.95,10.0,39600.0,0.938,0.139
9768,1 - 1 - 2022,19800.0,4.8373546489791295,4.216965733794858,5.623415332340303,0.00321,0.00251189,0.00398107,0.172,0.15,0.2,0.45,0.4,0.5,95300.0,306.0,41300.0,1.0,True,0.01,0.95,10.0,39600.0,0.938,0.139
9769,1 - 1 - 2022,19800.0,4.795831523312719,4.216965733794858,5.623415332340303,0.0032,0.00251189,0.00398107,0.175,0.15,0.2,0.545,0.5,0.6,76000.0,273.0,31500.0,1.0,True,0.01,0.95,10.0,39600.0,0.938,0.139
9770,1 - 1 - 2022,19800.0,4.8166378315169185,4.216965733794858,5.623415332340303,0.00323,0.00251189,0.00398107,0.173,0.15,0.2,0.648,0.6,0.7,56000.0,235.0,20600.0,1.0,True,0.01,0.95,10.0,39600.0,0.938,0.139
9771,1 - 1 - 2022,19800.0,4.774934554525329,4.216965733794858,5.623415332340303,0.00319,0.00251189,0.00398107,0.173,0.15,0.2,0.751,0.7,0.8,40400.0,199.0,12800.0,1.0,True,0.01,0.95,10.0,39600.0,0.938,0.139
9772,1 - 1 - 2022,19800.0,4.8373546489791295,4.216965733794858,5.623415332340303,0.00312,0.00251189,0.00398107,0.173,0.15,0.2,0.841,0.8,0.9,28900.0,169.0,8900.0,1.0,True,0.01,0.95,10.0,39600.0,0.938,0.139
9773,1 - 1 - 2022,19800.0,4.795831523312719,4.216965733794858,5.623415332340303,0.00326,0.00251189,0.00398107,0.172,0.15,0.2,0.95,0.9,1.0,25400.0,158.0,6950.0,1.0,True,0.01,0.95,10.0,39600.0,0.938,0.139
9774,1 - 1 - 2022,19800.0,4.898979485566356,4.216965733794858,5.623415332340303,0.0032,0.00251189,0.00398107,0.173,0.15,0.2,1.2,1.0,1.5,7730.0,39.0,1610.0,1.0,True,0.01,0.95,10.0,39600.0,0.938,0.139
9775,1 - 1 - 2022,19800.0,4.878524367060187,4.216965733794858,5.623415332340303,0.00323,0.00251189,0.00398107,0.174,0.15,0.2,1.71,1.5,2.0,3080.0,24.6,0.0,1.0,True,0.01,0.95,10.0,39600.0,0.938,0.139
9776,1 - 1 - 2022,19800.0,4.8373546489791295,4.216965733794858,5.623415332340303,0.00319,0.00251189,0.00398107,0.175,0.15,0.2,2.66,2.0,4.0,575.0,5.32,76.0,1.0,True,0.01,0.95,10.0,39600.0,0.938,0.139
9777,1 - 1 - 2022,19800.0,4.909175083453431,4.216965733794858,5.623415332340303,0.0032,0.00251189,0.00398107,0.224,0.2,0.25,0.0289,0.0,0.05,9120.0,134.0,3910.0,1.0,True,0.01,0.95,10.0,39600.0,0.938,0.139
9778,1 - 1 - 2022,19800.0,4.919349550499537,4.216965733794858,5.623415332340303,0.0031,0.00251189,0.00398107,0.223,0.2,0.25,0.0786,0.05,0.1,27400.0,232.0,11700.0,1.0,True,0.01,0.95,10.0,39600.0,0.938,0.139
9779,1 - 1 - 2022,19800.0,4.8270073544588685,4.216965733794858,5.623415332340303,0.00314,0.00251189,0.00398107,0.224,0.2,0.25,0.153,0.1,0.2,44500.0,209.0,15200.0,1.0,True,0.01,0.95,10.0,39600.0,0.938,0.139
9780,1 - 1 - 2022,19800.0,4.8373546489791295,4.216965733794858,5.623415332340303,0.00318,0.00251189,0.00398107,0.224,0.2,0.25,0.25,0.2,0.3,54300.0,231.0,16500.0,1.0,True,0.01,0.95,10.0,39600.0,0.938,0.139
9781,1 - 1 - 2022,19800.0,4.8166378315169185,4.216965733794858,5.623415332340303,0.00318,0.00251189,0.00398107,0.223,0.2,0.25,0.353,0.3,0.4,58200.0,239.0,17200.0,1.0,True,0.01,0.95,10.0,39600.0,0.938,0.139
9782,1 - 1 - 2022,19800.0,4.857983120596447,4.216965733794858,5.623415332340303,0.00321,0.00251189,0.00398107,0.223,0.2,0.25,0.45,0.4,0.5,60600.0,244.0,16100.0,1.0,True,0.01,0.95,10.0,39600.0,0.938,0.139
9783,1 - 1 - 2022,19800.0,4.868264577855234,4.216965733794858,5.623415332340303,0.00326,0.00251189,0.00398107,0.223,0.2,0.25,0.551,0.5,0.6,45600.0,212.0,13700.0,1.0,True,0.01,0.95,10.0,39600.0,0.938,0.139
9784,1 - 1 - 2022,19800.0,4.8373546489791295,4.216965733794858,5.623415332340303,0.0032,0.00251189,0.00398107,0.223,0.2,0.25,0.649,0.6,0.7,40400.0,199.0,10200.0,1.0,True,0.01,0.95,10.0,39600.0,0.938,0.139
9785,1 - 1 - 2022,19800.0,4.857983120596447,4.216965733794858,5.623415332340303,0.00318,0.00251189,0.00398107,0.226,0.2,0.25,0.747,0.7,0.8,32400.0,178.0,7600.0,1.0,True,0.01,0.95,10.0,39600.0,0.938,0.139
9786,1 - 1 - 2022,19800.0,4.795831523312719,4.216965733794858,5.623415332340303,0.0032,0.00251189,0.00398107,0.22,0.2,0.25,0.846,0.8,0.9,22600.0,149.0,5430.0,1.0,True,0.01,0.95,10.0,39600.0,0.938,0.139
9787,1 - 1 - 2022,19800.0,4.929503017546495,4.216965733794858,5.623415332340303,0.00314,0.00251189,0.00398107,0.221,0.2,0.25,0.946,0.9,1.0,12400.0,110.0,2390.0,1.0,True,0.01,0.95,10.0,39600.0,0.938,0.139
9788,1 - 1 - 2022,19800.0,4.868264577855234,4.216965733794858,5.623415332340303,0.00314,0.00251189,0.00398107,0.223,0.2,0.25,1.2,1.0,1.5,8510.0,40.9,955.0,1.0,True,0.01,0.95,10.0,39600.0,0.938,0.139
9789,1 - 1 - 2022,19800.0,4.878524367060187,4.216965733794858,5.623415332340303,0.00317,0.00251189,0.00398107,0.223,0.2,0.25,1.72,1.5,2.0,2390.0,21.7,130.0,1.0,True,0.01,0.95,10.0,39600.0,0.938,0.139
9790,1 - 1 - 2022,19800.0,4.909175083453431,4.216965733794858,5.623415332340303,0.00312,0.00251189,0.00398107,0.223,0.2,0.25,2.59,2.0,4.0,554.0,5.22,43.4,1.0,True,0.01,0.95,10.0,39600.0,0.938,0.139
9791,1 - 1 - 2022,19800.0,4.753945729601885,4.216965733794858,5.623415332340303,0.00316,0.00251189,0.00398107,0.273,0.25,0.3,0.0394,0.0,0.05,5640.0,105.0,0.0,1.0,True,0.01,0.95,10.0,39600.0,0.938,0.139
9792,1 - 1 - 2022,19800.0,4.847679857416329,4.216965733794858,5.623415332340303,0.00326,0.00251189,0.00398107,0.274,0.25,0.3,0.0731,0.05,0.1,15600.0,175.0,434.0,1.0,True,0.01,0.95,10.0,39600.0,0.938,0.139
9793,1 - 1 - 2022,19800.0,4.847679857416329,4.216965733794858,5.623415332340303,0.00315,0.00251189,0.00398107,0.273,0.25,0.3,0.155,0.1,0.2,22800.0,150.0,2170.0,1.0,True,0.01,0.95,10.0,39600.0,0.938,0.139
9794,1 - 1 - 2022,19800.0,4.795831523312719,4.216965733794858,5.623415332340303,0.00318,0.00251189,0.00398107,0.273,0.25,0.3,0.254,0.2,0.3,31900.0,177.0,3040.0,1.0,True,0.01,0.95,10.0,39600.0,0.938,0.139
9795,1 - 1 - 2022,19800.0,4.764451699828638,4.216965733794858,5.623415332340303,0.00319,0.00251189,0.00398107,0.273,0.25,0.3,0.352,0.3,0.4,43900.0,208.0,4340.0,1.0,True,0.01,0.95,10.0,39600.0,0.938,0.139
9796,1 - 1 - 2022,19800.0,4.8270073544588685,4.216965733794858,5.623415332340303,0.00321,0.00251189,0.00398107,0.275,0.25,0.3,0.448,0.4,0.5,41500.0,202.0,4990.0,1.0,True,0.01,0.95,10.0,39600.0,0.938,0.139
9797,1 - 1 - 2022,19800.0,4.8166378315169185,4.216965733794858,5.623415332340303,0.00324,0.00251189,0.00398107,0.274,0.25,0.3,0.552,0.5,0.6,33000.0,180.0,3470.0,1.0,True,0.01,0.95,10.0,39600.0,0.938,0.139
9798,1 - 1 - 2022,19800.0,4.743416490252569,4.216965733794858,5.623415332340303,0.00316,0.00251189,0.00398107,0.272,0.25,0.3,0.644,0.6,0.7,26900.0,163.0,2610.0,1.0,True,0.01,0.95,10.0,39600.0,0.938,0.139
9799,1 - 1 - 2022,19800.0,4.795831523312719,4.216965733794858,5.623415332340303,0.00313,0.00251189,0.00398107,0.273,0.25,0.3,0.746,0.7,0.8,28200.0,167.0,3040.0,1.0,True,0.01,0.95,10.0,39600.0,0.938,0.139
9800,1 - 1 - 2022,19800.0,4.847679857416329,4.216965733794858,5.623415332340303,0.00314,0.00251189,0.00398107,0.275,0.25,0.3,0.85,0.8,0.9,18000.0,133.0,1520.0,1.0,True,0.01,0.95,10.0,39600.0,0.938,0.139
9801,1 - 1 - 2022,19800.0,4.868264577855234,4.216965733794858,5.623415332340303,0.00327,0.00251189,0.00398107,0.273,0.25,0.3,0.949,0.9,1.0,11300.0,105.0,1300.0,1.0,True,0.01,0.95,10.0,39600.0,0.938,0.139
9802,1 - 1 - 2022,19800.0,4.9396356140913875,4.216965733794858,5.623415332340303,0.00323,0.00251189,0.00398107,0.273,0.25,0.3,1.19,1.0,1.5,5520.0,32.9,347.0,1.0,True,0.01,0.95,10.0,39600.0,0.938,0.139
9803,1 - 1 - 2022,19800.0,4.959838707054898,4.216965733794858,5.623415332340303,0.00324,0.00251189,0.00398107,0.27,0.25,0.3,1.75,1.5,2.0,1430.0,16.8,43.4,1.0,True,0.01,0.95,10.0,39600.0,0.938,0.139
9804,1 - 1 - 2022,19800.0,4.9396356140913875,4.216965733794858,5.623415332340303,0.00319,0.00251189,0.00398107,0.271,0.25,0.3,2.78,2.0,4.0,489.0,4.9,43.4,1.0,True,0.01,0.95,10.0,39600.0,0.938,0.139
9805,1 - 1 - 2022,19800.0,4.69041575982343,4.216965733794858,5.623415332340303,0.00351,0.00251189,0.00398107,0.337,0.3,0.4,0.0319,0.0,0.05,1520.0,38.7,0.0,1.0,True,0.01,0.95,10.0,39600.0,0.938,0.139
9806,1 - 1 - 2022,19800.0,4.732863826479693,4.216965733794858,5.623415332340303,0.00312,0.00251189,0.00398107,0.343,0.3,0.4,0.0798,0.05,0.1,8680.0,92.4,0.0,1.0,True,0.01,0.95,10.0,39600.0,0.938,0.139
9807,1 - 1 - 2022,19800.0,4.78539444560216,4.216965733794858,5.623415332340303,0.00317,0.00251189,0.00398107,0.342,0.3,0.4,0.154,0.1,0.2,12700.0,79.0,0.0,1.0,True,0.01,0.95,10.0,39600.0,0.938,0.139
9808,1 - 1 - 2022,19800.0,4.78539444560216,4.216965733794858,5.623415332340303,0.00316,0.00251189,0.00398107,0.341,0.3,0.4,0.251,0.2,0.3,16500.0,90.1,0.0,1.0,True,0.01,0.95,10.0,39600.0,0.938,0.139
9809,1 - 1 - 2022,19800.0,4.8373546489791295,4.216965733794858,5.623415332340303,0.00319,0.00251189,0.00398107,0.344,0.3,0.4,0.352,0.3,0.4,21900.0,104.0,109.0,1.0,True,0.01,0.95,10.0,39600.0,0.938,0.139
9810,1 - 1 - 2022,19800.0,4.806245936279167,4.216965733794858,5.623415332340303,0.0032,0.00251189,0.00398107,0.344,0.3,0.4,0.45,0.4,0.5,20000.0,99.1,109.0,1.0,True,0.01,0.95,10.0,39600.0,0.938,0.139
9811,1 - 1 - 2022,19800.0,4.8270073544588685,4.216965733794858,5.623415332340303,0.00319,0.00251189,0.00398107,0.342,0.3,0.4,0.547,0.5,0.6,20400.0,100.0,434.0,1.0,True,0.01,0.95,10.0,39600.0,0.938,0.139
9812,1 - 1 - 2022,19800.0,4.878524367060187,4.216965733794858,5.623415332340303,0.00313,0.00251189,0.00398107,0.341,0.3,0.4,0.65,0.6,0.7,20000.0,99.1,326.0,1.0,True,0.01,0.95,10.0,39600.0,0.938,0.139
9813,1 - 1 - 2022,19800.0,4.774934554525329,4.216965733794858,5.623415332340303,0.00319,0.00251189,0.00398107,0.344,0.3,0.4,0.751,0.7,0.8,15600.0,87.7,326.0,1.0,True,0.01,0.95,10.0,39600.0,0.938,0.139
9814,1 - 1 - 2022,19800.0,4.795831523312719,4.216965733794858,5.623415332340303,0.00322,0.00251189,0.00398107,0.345,0.3,0.4,0.848,0.8,0.9,13700.0,82.0,109.0,1.0,True,0.01,0.95,10.0,39600.0,0.938,0.139
9815,1 - 1 - 2022,19800.0,4.806245936279167,4.216965733794858,5.623415332340303,0.00331,0.00251189,0.00398107,0.344,0.3,0.4,0.952,0.9,1.0,9450.0,68.2,217.0,1.0,True,0.01,0.95,10.0,39600.0,0.938,0.139
9816,1 - 1 - 2022,19800.0,4.857983120596447,4.216965733794858,5.623415332340303,0.00316,0.00251189,0.00398107,0.344,0.3,0.4,1.22,1.0,1.5,3910.0,19.6,21.7,1.0,True,0.01,0.95,10.0,39600.0,0.938,0.139
9817,1 - 1 - 2022,19800.0,4.78539444560216,4.216965733794858,5.623415332340303,0.00325,0.00251189,0.00398107,0.352,0.3,0.4,1.7,1.5,2.0,1320.0,11.4,21.7,1.0,True,0.01,0.95,10.0,39600.0,0.938,0.139
9818,1 - 1 - 2022,19800.0,4.878524367060187,4.216965733794858,5.623415332340303,0.00328,0.00251189,0.00398107,0.343,0.3,0.4,2.68,2.0,4.0,309.0,2.76,48.9,1.0,True,0.01,0.95,10.0,39600.0,0.938,0.139
9819,1 - 1 - 2022,19800.0,4.669047011971501,4.216965733794858,5.623415332340303,0.00312,0.00251189,0.00398107,0.419,0.4,0.5,0.0348,0.0,0.05,651.0,25.3,0.0,1.0,True,0.01,0.95,10.0,39600.0,0.938,0.139
9820,1 - 1 - 2022,19800.0,4.878524367060187,4.216965733794858,5.623415332340303,0.0032,0.00251189,0.00398107,0.451,0.4,0.5,0.0823,0.05,0.1,3260.0,56.6,0.0,1.0,True,0.01,0.95,10.0,39600.0,0.938,0.139
9821,1 - 1 - 2022,19800.0,4.753945729601885,4.216965733794858,5.623415332340303,0.00323,0.00251189,0.00398107,0.447,0.4,0.5,0.156,0.1,0.2,8030.0,62.9,0.0,1.0,True,0.01,0.95,10.0,39600.0,0.938,0.139
9822,1 - 1 - 2022,19800.0,4.774934554525329,4.216965733794858,5.623415332340303,0.00316,0.00251189,0.00398107,0.448,0.4,0.5,0.249,0.2,0.3,8900.0,66.2,0.0,1.0,True,0.01,0.95,10.0,39600.0,0.938,0.139
9823,1 - 1 - 2022,19800.0,4.857983120596447,4.216965733794858,5.623415332340303,0.00322,0.00251189,0.00398107,0.442,0.4,0.5,0.348,0.3,0.4,9660.0,68.9,109.0,1.0,True,0.01,0.95,10.0,39600.0,0.938,0.139
9824,1 - 1 - 2022,19800.0,4.847679857416329,4.216965733794858,5.623415332340303,0.00315,0.00251189,0.00398107,0.446,0.4,0.5,0.443,0.4,0.5,10200.0,70.8,543.0,1.0,True,0.01,0.95,10.0,39600.0,0.938,0.139
9825,1 - 1 - 2022,19800.0,4.878524367060187,4.216965733794858,5.623415332340303,0.00314,0.00251189,0.00398107,0.447,0.4,0.5,0.551,0.5,0.6,11400.0,74.9,217.0,1.0,True,0.01,0.95,10.0,39600.0,0.938,0.139
9826,1 - 1 - 2022,19800.0,4.732863826479693,4.216965733794858,5.623415332340303,0.00316,0.00251189,0.00398107,0.439,0.4,0.5,0.648,0.6,0.7,8790.0,65.8,0.0,1.0,True,0.01,0.95,10.0,39600.0,0.938,0.139
9827,1 - 1 - 2022,19800.0,4.888762624632126,4.216965733794858,5.623415332340303,0.00314,0.00251189,0.00398107,0.443,0.4,0.5,0.749,0.7,0.8,10100.0,70.5,109.0,1.0,True,0.01,0.95,10.0,39600.0,0.938,0.139
9828,1 - 1 - 2022,19800.0,4.847679857416329,4.216965733794858,5.623415332340303,0.00318,0.00251189,0.00398107,0.445,0.4,0.5,0.845,0.8,0.9,5650.0,52.7,326.0,1.0,True,0.01,0.95,10.0,39600.0,0.938,0.139
9829,1 - 1 - 2022,19800.0,4.8373546489791295,4.216965733794858,5.623415332340303,0.00313,0.00251189,0.00398107,0.457,0.4,0.5,0.946,0.9,1.0,4670.0,47.9,109.0,1.0,True,0.01,0.95,10.0,39600.0,0.938,0.139
9830,1 - 1 - 2022,19800.0,4.898979485566356,4.216965733794858,5.623415332340303,0.00317,0.00251189,0.00398107,0.447,0.4,0.5,1.18,1.0,1.5,2300.0,15.0,152.0,1.0,True,0.01,0.95,10.0,39600.0,0.938,0.139
9831,1 - 1 - 2022,19800.0,4.774934554525329,4.216965733794858,5.623415332340303,0.00316,0.00251189,0.00398107,0.446,0.4,0.5,1.68,1.5,2.0,890.0,9.36,130.0,1.0,True,0.01,0.95,10.0,39600.0,0.938,0.139
9832,1 - 1 - 2022,19800.0,4.5934736311423405,4.216965733794858,5.623415332340303,0.00318,0.00251189,0.00398107,0.453,0.4,0.5,2.77,2.0,4.0,86.8,1.46,38.0,1.0,True,0.01,0.95,10.0,39600.0,0.938,0.139
9833,1 - 1 - 2022,19800.0,5.357238094391549,4.216965733794858,5.623415332340303,0.00289,0.00251189,0.00398107,0.543,0.5,0.6,0.0381,0.0,0.05,434.0,20.7,217.0,1.0,True,0.01,0.95,10.0,39600.0,0.938,0.139
9834,1 - 1 - 2022,19800.0,4.9899899799498595,4.216965733794858,5.623415332340303,0.00325,0.00251189,0.00398107,0.558,0.5,0.6,0.0739,0.05,0.1,2170.0,46.2,651.0,1.0,True,0.01,0.95,10.0,39600.0,0.938,0.139
9835,1 - 1 - 2022,19800.0,4.868264577855234,4.216965733794858,5.623415332340303,0.00324,0.00251189,0.00398107,0.536,0.5,0.6,0.143,0.1,0.2,3910.0,43.8,434.0,1.0,True,0.01,0.95,10.0,39600.0,0.938,0.139
9836,1 - 1 - 2022,19800.0,4.806245936279167,4.216965733794858,5.623415332340303,0.00315,0.00251189,0.00398107,0.549,0.5,0.6,0.251,0.2,0.3,5210.0,50.6,543.0,1.0,True,0.01,0.95,10.0,39600.0,0.938,0.139
9837,1 - 1 - 2022,19800.0,4.806245936279167,4.216965733794858,5.623415332340303,0.00319,0.00251189,0.00398107,0.542,0.5,0.6,0.35,0.3,0.4,5100.0,50.1,109.0,1.0,True,0.01,0.95,10.0,39600.0,0.938,0.139
9838,1 - 1 - 2022,19800.0,4.857983120596447,4.216965733794858,5.623415332340303,0.00319,0.00251189,0.00398107,0.538,0.5,0.6,0.451,0.4,0.5,4340.0,46.2,434.0,1.0,True,0.01,0.95,10.0,39600.0,0.938,0.139
9839,1 - 1 - 2022,19800.0,4.959838707054898,4.216965733794858,5.623415332340303,0.00317,0.00251189,0.00398107,0.537,0.5,0.6,0.553,0.5,0.6,4020.0,44.4,651.0,1.0,True,0.01,0.95,10.0,39600.0,0.938,0.139
9840,1 - 1 - 2022,19800.0,4.888762624632126,4.216965733794858,5.623415332340303,0.00317,0.00251189,0.00398107,0.546,0.5,0.6,0.638,0.6,0.7,4780.0,48.5,434.0,1.0,True,0.01,0.95,10.0,39600.0,0.938,0.139
9841,1 - 1 - 2022,19800.0,4.878524367060187,4.216965733794858,5.623415332340303,0.00325,0.00251189,0.00398107,0.548,0.5,0.6,0.741,0.7,0.8,3370.0,40.7,869.0,1.0,True,0.01,0.95,10.0,39600.0,0.938,0.139
9842,1 - 1 - 2022,19800.0,4.919349550499537,4.216965733794858,5.623415332340303,0.00334,0.00251189,0.00398107,0.547,0.5,0.6,0.844,0.8,0.9,2390.0,34.3,651.0,1.0,True,0.01,0.95,10.0,39600.0,0.938,0.139
9843,1 - 1 - 2022,19800.0,4.806245936279167,4.216965733794858,5.623415332340303,0.00315,0.00251189,0.00398107,0.535,0.5,0.6,0.957,0.9,1.0,3040.0,38.7,760.0,1.0,True,0.01,0.95,10.0,39600.0,0.938,0.139
9844,1 - 1 - 2022,19800.0,4.878524367060187,4.216965733794858,5.623415332340303,0.0032,0.00251189,0.00398107,0.547,0.5,0.6,1.19,1.0,1.5,1820.0,13.4,630.0,1.0,True,0.01,0.95,10.0,39600.0,0.938,0.139
9845,1 - 1 - 2022,19800.0,4.868264577855234,4.216965733794858,5.623415332340303,0.00327,0.00251189,0.00398107,0.567,0.5,0.6,1.69,1.5,2.0,195.0,4.38,86.9,1.0,True,0.01,0.95,10.0,39600.0,0.938,0.139
9846,1 - 1 - 2022,19800.0,4.8166378315169185,4.216965733794858,5.623415332340303,0.00329,0.00251189,0.00398107,0.55,0.5,0.6,2.45,2.0,4.0,38.0,0.967,10.9,1.0,True,0.01,0.95,10.0,39600.0,0.938,0.139
9847,1 - 1 - 2022,19800.0,4.301162633521313,4.216965733794858,5.623415332340303,0.00371,0.00251189,0.00398107,0.642,0.6,0.7,0.0139,0.0,0.05,217.0,14.6,0.0,1.0,True,0.01,0.95,10.0,39600.0,0.938,0.139
9848,1 - 1 - 2022,19800.0,4.54972526643093,4.216965733794858,5.623415332340303,0.00334,0.00251189,0.00398107,0.632,0.6,0.7,0.0813,0.05,0.1,651.0,25.3,0.0,1.0,True,0.01,0.95,10.0,39600.0,0.938,0.139
9849,1 - 1 - 2022,19800.0,4.888762624632126,4.216965733794858,5.623415332340303,0.00335,0.00251189,0.00398107,0.65,0.6,0.7,0.143,0.1,0.2,1090.0,23.1,326.0,1.0,True,0.01,0.95,10.0,39600.0,0.938,0.139
9850,1 - 1 - 2022,19800.0,4.847679857416329,4.216965733794858,5.623415332340303,0.00323,0.00251189,0.00398107,0.632,0.6,0.7,0.251,0.2,0.3,1300.0,25.3,326.0,1.0,True,0.01,0.95,10.0,39600.0,0.938,0.139
9851,1 - 1 - 2022,19800.0,4.878524367060187,4.216965733794858,5.623415332340303,0.00338,0.00251189,0.00398107,0.649,0.6,0.7,0.348,0.3,0.4,2610.0,35.8,543.0,1.0,True,0.01,0.95,10.0,39600.0,0.938,0.139
9852,1 - 1 - 2022,19800.0,4.774934554525329,4.216965733794858,5.623415332340303,0.00322,0.00251189,0.00398107,0.641,0.6,0.7,0.449,0.4,0.5,2170.0,32.7,434.0,1.0,True,0.01,0.95,10.0,39600.0,0.938,0.139
9853,1 - 1 - 2022,19800.0,4.919349550499537,4.216965733794858,5.623415332340303,0.00318,0.00251189,0.00398107,0.642,0.6,0.7,0.547,0.5,0.6,2610.0,35.8,1190.0,1.0,True,0.01,0.95,10.0,39600.0,0.938,0.139
9854,1 - 1 - 2022,19800.0,4.701063709417263,4.216965733794858,5.623415332340303,0.00342,0.00251189,0.00398107,0.656,0.6,0.7,0.65,0.6,0.7,1950.0,31.0,543.0,1.0,True,0.01,0.95,10.0,39600.0,0.938,0.139
9855,1 - 1 - 2022,19800.0,4.847679857416329,4.216965733794858,5.623415332340303,0.00327,0.00251189,0.00398107,0.651,0.6,0.7,0.753,0.7,0.8,1950.0,31.0,1090.0,1.0,True,0.01,0.95,10.0,39600.0,0.938,0.139
9856,1 - 1 - 2022,19800.0,4.9899899799498595,4.216965733794858,5.623415332340303,0.00317,0.00251189,0.00398107,0.64,0.6,0.7,0.85,0.8,0.9,1630.0,28.3,868.0,1.0,True,0.01,0.95,10.0,39600.0,0.938,0.139
9857,1 - 1 - 2022,19800.0,4.929503017546495,4.216965733794858,5.623415332340303,0.003,0.00251189,0.00398107,0.639,0.6,0.7,0.94,0.9,1.0,1090.0,23.1,651.0,1.0,True,0.01,0.95,10.0,39600.0,0.938,0.139
9858,1 - 1 - 2022,19800.0,4.8166378315169185,4.216965733794858,5.623415332340303,0.00302,0.00251189,0.00398107,0.647,0.6,0.7,1.2,1.0,1.5,630.0,7.87,326.0,1.0,True,0.01,0.95,10.0,39600.0,0.938,0.139
9859,1 - 1 - 2022,19800.0,4.78539444560216,4.216965733794858,5.623415332340303,0.00324,0.00251189,0.00398107,0.654,0.6,0.7,1.69,1.5,2.0,261.0,5.06,174.0,1.0,True,0.01,0.95,10.0,39600.0,0.938,0.139
9860,1 - 1 - 2022,19800.0,4.722287581247038,4.216965733794858,5.623415332340303,0.00324,0.00251189,0.00398107,0.653,0.6,0.7,2.65,2.0,4.0,54.3,1.16,48.9,1.0,True,0.01,0.95,10.0,39600.0,0.938,0.139
9861,1 - 1 - 2022,19800.0,4.58257569495584,4.216965733794858,5.623415332340303,0.00313,0.00251189,0.00398107,0.749,0.7,0.8,0.342,0.3,0.4,1850.0,30.1,1300.0,1.0,True,0.01,0.95,10.0,39600.0,0.938,0.139
9862,1 - 1 - 2022,19800.0,4.847679857416329,4.216965733794858,5.623415332340303,0.00295,0.00251189,0.00398107,0.739,0.7,0.8,0.456,0.4,0.5,760.0,19.3,543.0,1.0,True,0.01,0.95,10.0,39600.0,0.938,0.139
9863,1 - 1 - 2022,19800.0,4.949747468305833,4.216965733794858,5.623415332340303,0.00339,0.00251189,0.00398107,0.747,0.7,0.8,0.543,0.5,0.6,1410.0,26.3,977.0,1.0,True,0.01,0.95,10.0,39600.0,0.938,0.139
9864,1 - 1 - 2022,19800.0,4.743416490252569,4.216965733794858,5.623415332340303,0.00329,0.00251189,0.00398107,0.735,0.7,0.8,0.645,0.6,0.7,1300.0,25.3,434.0,1.0,True,0.01,0.95,10.0,39600.0,0.938,0.139
9865,1 - 1 - 2022,19800.0,4.711687595755898,4.216965733794858,5.623415332340303,0.00311,0.00251189,0.00398107,0.762,0.7,0.8,0.758,0.7,0.8,434.0,14.6,326.0,1.0,True,0.01,0.95,10.0,39600.0,0.938,0.139
9866,1 - 1 - 2022,19800.0,4.847679857416329,4.216965733794858,5.623415332340303,0.00328,0.00251189,0.00398107,0.751,0.7,0.8,0.859,0.8,0.9,760.0,19.3,543.0,1.0,True,0.01,0.95,10.0,39600.0,0.938,0.139
9867,1 - 1 - 2022,19800.0,4.58257569495584,4.216965733794858,5.623415332340303,0.00339,0.00251189,0.00398107,0.735,0.7,0.8,0.94,0.9,1.0,760.0,19.3,651.0,1.0,True,0.01,0.95,10.0,39600.0,0.938,0.139
9868,1 - 1 - 2022,19800.0,4.8166378315169185,4.216965733794858,5.623415332340303,0.00324,0.00251189,0.00398107,0.74,0.7,0.8,1.17,1.0,1.5,543.0,7.31,434.0,1.0,True,0.01,0.95,10.0,39600.0,0.938,0.139
9869,1 - 1 - 2022,19800.0,4.743416490252569,4.216965733794858,5.623415332340303,0.00321,0.00251189,0.00398107,0.847,0.8,0.9,0.254,0.2,0.3,977.0,21.9,760.0,1.0,True,0.01,0.95,10.0,39600.0,0.938,0.139
9870,1 - 1 - 2022,19800.0,5.0,4.216965733794858,5.623415332340303,0.00342,0.00251189,0.00398107,0.838,0.8,0.9,0.556,0.5,0.6,760.0,19.3,651.0,1.0,True,0.01,0.95,10.0,39600.0,0.938,0.139
9871,1 - 1 - 2022,19800.0,4.857983120596447,4.216965733794858,5.623415332340303,0.00498,0.00398107,0.00630957,0.0237,0.0,0.05,0.0789,0.05,0.1,124000.0,393.0,121000.0,1.0,True,0.01,0.95,10.0,39600.0,0.938,0.139
9872,1 - 1 - 2022,19800.0,4.857983120596447,4.216965733794858,5.623415332340303,0.00501,0.00398107,0.00630957,0.0196,0.0,0.05,0.157,0.1,0.2,265000.0,406.0,213000.0,1.0,True,0.01,0.95,10.0,39600.0,0.938,0.139
9873,1 - 1 - 2022,19800.0,4.847679857416329,4.216965733794858,5.623415332340303,0.00501,0.00398107,0.00630957,0.0174,0.0,0.05,0.251,0.2,0.3,387000.0,490.0,248000.0,1.0,True,0.01,0.95,10.0,39600.0,0.938,0.139
9874,1 - 1 - 2022,19800.0,4.847679857416329,4.216965733794858,5.623415332340303,0.00503,0.00398107,0.00630957,0.0172,0.0,0.05,0.349,0.3,0.4,398000.0,497.0,211000.0,1.0,True,0.01,0.95,10.0,39600.0,0.938,0.139
9875,1 - 1 - 2022,19800.0,4.857983120596447,4.216965733794858,5.623415332340303,0.00503,0.00398107,0.00630957,0.017,0.0,0.05,0.447,0.4,0.5,345000.0,462.0,163000.0,1.0,True,0.01,0.95,10.0,39600.0,0.938,0.139
9876,1 - 1 - 2022,19800.0,4.868264577855234,4.216965733794858,5.623415332340303,0.00504,0.00398107,0.00630957,0.0178,0.0,0.05,0.547,0.5,0.6,272000.0,411.0,107000.0,1.0,True,0.01,0.95,10.0,39600.0,0.938,0.139
9877,1 - 1 - 2022,19800.0,4.857983120596447,4.216965733794858,5.623415332340303,0.00501,0.00398107,0.00630957,0.0178,0.0,0.05,0.646,0.6,0.7,198000.0,350.0,62900.0,1.0,True,0.01,0.95,10.0,39600.0,0.938,0.139
9878,1 - 1 - 2022,19800.0,4.857983120596447,4.216965733794858,5.623415332340303,0.00504,0.00398107,0.00630957,0.019,0.0,0.05,0.747,0.7,0.8,132000.0,286.0,33300.0,1.0,True,0.01,0.95,10.0,39600.0,0.938,0.139
9879,1 - 1 - 2022,19800.0,4.888762624632126,4.216965733794858,5.623415332340303,0.00504,0.00398107,0.00630957,0.0197,0.0,0.05,0.845,0.8,0.9,87900.0,234.0,19600.0,1.0,True,0.01,0.95,10.0,39600.0,0.938,0.139
9880,1 - 1 - 2022,19800.0,4.868264577855234,4.216965733794858,5.623415332340303,0.005,0.00398107,0.00630957,0.02,0.0,0.05,0.946,0.9,1.0,56200.0,187.0,8770.0,1.0,True,0.01,0.95,10.0,39600.0,0.938,0.139
9881,1 - 1 - 2022,19800.0,4.868264577855234,4.216965733794858,5.623415332340303,0.00503,0.00398107,0.00630957,0.022,0.0,0.05,1.15,1.0,1.5,14600.0,42.6,1860.0,1.0,True,0.01,0.95,10.0,39600.0,0.938,0.139
9882,1 - 1 - 2022,19800.0,4.9396356140913875,4.216965733794858,5.623415332340303,0.00493,0.00398107,0.00630957,0.0291,0.0,0.05,1.71,1.5,2.0,1810.0,15.0,82.2,1.0,True,0.01,0.95,10.0,39600.0,0.938,0.139
9883,1 - 1 - 2022,19800.0,4.979959839195493,4.216965733794858,5.623415332340303,0.0047,0.00398107,0.00630957,0.0309,0.0,0.05,2.49,2.0,4.0,137.0,2.06,6.85,1.0,True,0.01,0.95,10.0,39600.0,0.938,0.139
9884,1 - 1 - 2022,19800.0,4.8270073544588685,4.216965733794858,5.623415332340303,0.00499,0.00398107,0.00630957,0.0754,0.05,0.1,0.0338,0.0,0.05,20300.0,159.0,19500.0,1.0,True,0.01,0.95,10.0,39600.0,0.938,0.139
9885,1 - 1 - 2022,19800.0,4.8270073544588685,4.216965733794858,5.623415332340303,0.0051,0.00398107,0.00630957,0.0728,0.05,0.1,0.0789,0.05,0.1,54500.0,260.0,52300.0,1.0,True,0.01,0.95,10.0,39600.0,0.938,0.139
9886,1 - 1 - 2022,19800.0,4.857983120596447,4.216965733794858,5.623415332340303,0.00504,0.00398107,0.00630957,0.0733,0.05,0.1,0.155,0.1,0.2,108000.0,259.0,93700.0,1.0,True,0.01,0.95,10.0,39600.0,0.938,0.139
9887,1 - 1 - 2022,19800.0,4.847679857416329,4.216965733794858,5.623415332340303,0.00504,0.00398107,0.00630957,0.0731,0.05,0.1,0.249,0.2,0.3,127000.0,281.0,83000.0,1.0,True,0.01,0.95,10.0,39600.0,0.938,0.139
9888,1 - 1 - 2022,19800.0,4.8270073544588685,4.216965733794858,5.623415332340303,0.00503,0.00398107,0.00630957,0.0733,0.05,0.1,0.35,0.3,0.4,135000.0,290.0,82500.0,1.0,True,0.01,0.95,10.0,39600.0,0.938,0.139
9889,1 - 1 - 2022,19800.0,4.8373546489791295,4.216965733794858,5.623415332340303,0.00506,0.00398107,0.00630957,0.0735,0.05,0.1,0.449,0.4,0.5,112000.0,264.0,64800.0,1.0,True,0.01,0.95,10.0,39600.0,0.938,0.139
9890,1 - 1 - 2022,19800.0,4.8373546489791295,4.216965733794858,5.623415332340303,0.00505,0.00398107,0.00630957,0.073,0.05,0.1,0.549,0.5,0.6,92300.0,239.0,41900.0,1.0,True,0.01,0.95,10.0,39600.0,0.938,0.139
9891,1 - 1 - 2022,19800.0,4.847679857416329,4.216965733794858,5.623415332340303,0.00506,0.00398107,0.00630957,0.0728,0.05,0.1,0.646,0.6,0.7,73400.0,213.0,24700.0,1.0,True,0.01,0.95,10.0,39600.0,0.938,0.139
9892,1 - 1 - 2022,19800.0,4.847679857416329,4.216965733794858,5.623415332340303,0.00505,0.00398107,0.00630957,0.0734,0.05,0.1,0.749,0.7,0.8,56000.0,186.0,13600.0,1.0,True,0.01,0.95,10.0,39600.0,0.938,0.139
9893,1 - 1 - 2022,19800.0,4.847679857416329,4.216965733794858,5.623415332340303,0.00499,0.00398107,0.00630957,0.0739,0.05,0.1,0.848,0.8,0.9,34200.0,146.0,5340.0,1.0,True,0.01,0.95,10.0,39600.0,0.938,0.139
9894,1 - 1 - 2022,19800.0,4.847679857416329,4.216965733794858,5.623415332340303,0.00501,0.00398107,0.00630957,0.0719,0.05,0.1,0.944,0.9,1.0,25100.0,125.0,2740.0,1.0,True,0.01,0.95,10.0,39600.0,0.938,0.139
9895,1 - 1 - 2022,19800.0,4.857983120596447,4.216965733794858,5.623415332340303,0.00502,0.00398107,0.00630957,0.0741,0.05,0.1,1.18,1.0,1.5,9730.0,34.7,384.0,1.0,True,0.01,0.95,10.0,39600.0,0.938,0.139
9896,1 - 1 - 2022,19800.0,4.868264577855234,4.216965733794858,5.623415332340303,0.00496,0.00398107,0.00630957,0.0764,0.05,0.1,1.71,1.5,2.0,2080.0,16.1,0.0,1.0,True,0.01,0.95,10.0,39600.0,0.938,0.139
9897,1 - 1 - 2022,19800.0,4.898979485566356,4.216965733794858,5.623415332340303,0.00487,0.00398107,0.00630957,0.0752,0.05,0.1,2.45,2.0,4.0,301.0,3.06,0.0,1.0,True,0.01,0.95,10.0,39600.0,0.938,0.139
9898,1 - 1 - 2022,19800.0,4.868264577855234,4.216965733794858,5.623415332340303,0.00502,0.00398107,0.00630957,0.125,0.1,0.15,0.0324,0.0,0.05,12100.0,122.0,4930.0,1.0,True,0.01,0.95,10.0,39600.0,0.938,0.139
9899,1 - 1 - 2022,19800.0,4.868264577855234,4.216965733794858,5.623415332340303,0.00517,0.00398107,0.00630957,0.122,0.1,0.15,0.0798,0.05,0.1,37300.0,215.0,12600.0,1.0,True,0.01,0.95,10.0,39600.0,0.938,0.139
9900,1 - 1 - 2022,19800.0,4.847679857416329,4.216965733794858,5.623415332340303,0.00506,0.00398107,0.00630957,0.124,0.1,0.15,0.154,0.1,0.2,68200.0,206.0,27700.0,1.0,True,0.01,0.95,10.0,39600.0,0.938,0.139
9901,1 - 1 - 2022,19800.0,4.8373546489791295,4.216965733794858,5.623415332340303,0.00502,0.00398107,0.00630957,0.124,0.1,0.15,0.252,0.2,0.3,87300.0,233.0,43300.0,1.0,True,0.01,0.95,10.0,39600.0,0.938,0.139
9902,1 - 1 - 2022,19800.0,4.857983120596447,4.216965733794858,5.623415332340303,0.00507,0.00398107,0.00630957,0.123,0.1,0.15,0.35,0.3,0.4,88400.0,234.0,38900.0,1.0,True,0.01,0.95,10.0,39600.0,0.938,0.139
9903,1 - 1 - 2022,19800.0,4.8373546489791295,4.216965733794858,5.623415332340303,0.00503,0.00398107,0.00630957,0.123,0.1,0.15,0.448,0.4,0.5,78500.0,221.0,29900.0,1.0,True,0.01,0.95,10.0,39600.0,0.938,0.139
9904,1 - 1 - 2022,19800.0,4.868264577855234,4.216965733794858,5.623415332340303,0.00506,0.00398107,0.00630957,0.124,0.1,0.15,0.548,0.5,0.6,68800.0,207.0,21200.0,1.0,True,0.01,0.95,10.0,39600.0,0.938,0.139
9905,1 - 1 - 2022,19800.0,4.8373546489791295,4.216965733794858,5.623415332340303,0.00504,0.00398107,0.00630957,0.124,0.1,0.15,0.65,0.6,0.7,49200.0,175.0,13300.0,1.0,True,0.01,0.95,10.0,39600.0,0.938,0.139
9906,1 - 1 - 2022,19800.0,4.8270073544588685,4.216965733794858,5.623415332340303,0.0051,0.00398107,0.00630957,0.125,0.1,0.15,0.747,0.7,0.8,33600.0,144.0,8490.0,1.0,True,0.01,0.95,10.0,39600.0,0.938,0.139
9907,1 - 1 - 2022,19800.0,4.806245936279167,4.216965733794858,5.623415332340303,0.00497,0.00398107,0.00630957,0.123,0.1,0.15,0.846,0.8,0.9,23700.0,121.0,3560.0,1.0,True,0.01,0.95,10.0,39600.0,0.938,0.139
9908,1 - 1 - 2022,19800.0,4.774934554525329,4.216965733794858,5.623415332340303,0.00495,0.00398107,0.00630957,0.124,0.1,0.15,0.942,0.9,1.0,18400.0,107.0,1780.0,1.0,True,0.01,0.95,10.0,39600.0,0.938,0.139
9909,1 - 1 - 2022,19800.0,4.868264577855234,4.216965733794858,5.623415332340303,0.00502,0.00398107,0.00630957,0.125,0.1,0.15,1.19,1.0,1.5,7120.0,29.7,603.0,1.0,True,0.01,0.95,10.0,39600.0,0.938,0.139
9910,1 - 1 - 2022,19800.0,4.9396356140913875,4.216965733794858,5.623415332340303,0.00503,0.00398107,0.00630957,0.124,0.1,0.15,1.71,1.5,2.0,1810.0,15.0,0.0,1.0,True,0.01,0.95,10.0,39600.0,0.938,0.139
9911,1 - 1 - 2022,19800.0,4.868264577855234,4.216965733794858,5.623415332340303,0.00507,0.00398107,0.00630957,0.125,0.1,0.15,2.64,2.0,4.0,459.0,3.77,34.3,1.0,True,0.01,0.95,10.0,39600.0,0.938,0.139
9912,1 - 1 - 2022,19800.0,4.806245936279167,4.216965733794858,5.623415332340303,0.00509,0.00398107,0.00630957,0.169,0.15,0.2,0.0349,0.0,0.05,7950.0,99.3,2470.0,1.0,True,0.01,0.95,10.0,39600.0,0.938,0.139
9913,1 - 1 - 2022,19800.0,4.8373546489791295,4.216965733794858,5.623415332340303,0.00511,0.00398107,0.00630957,0.174,0.15,0.2,0.0791,0.05,0.1,23800.0,172.0,6300.0,1.0,True,0.01,0.95,10.0,39600.0,0.938,0.139
9914,1 - 1 - 2022,19800.0,4.857983120596447,4.216965733794858,5.623415332340303,0.00504,0.00398107,0.00630957,0.173,0.15,0.2,0.154,0.1,0.2,41600.0,161.0,11400.0,1.0,True,0.01,0.95,10.0,39600.0,0.938,0.139
9915,1 - 1 - 2022,19800.0,4.806245936279167,4.216965733794858,5.623415332340303,0.00502,0.00398107,0.00630957,0.174,0.15,0.2,0.252,0.2,0.3,55900.0,186.0,14400.0,1.0,True,0.01,0.95,10.0,39600.0,0.938,0.139
9916,1 - 1 - 2022,19800.0,4.8373546489791295,4.216965733794858,5.623415332340303,0.00503,0.00398107,0.00630957,0.174,0.15,0.2,0.352,0.3,0.4,61500.0,195.0,17400.0,1.0,True,0.01,0.95,10.0,39600.0,0.938,0.139
9917,1 - 1 - 2022,19800.0,4.8373546489791295,4.216965733794858,5.623415332340303,0.00501,0.00398107,0.00630957,0.173,0.15,0.2,0.447,0.4,0.5,52600.0,181.0,15600.0,1.0,True,0.01,0.95,10.0,39600.0,0.938,0.139
9918,1 - 1 - 2022,19800.0,4.878524367060187,4.216965733794858,5.623415332340303,0.00511,0.00398107,0.00630957,0.172,0.15,0.2,0.548,0.5,0.6,49200.0,175.0,12700.0,1.0,True,0.01,0.95,10.0,39600.0,0.938,0.139
9919,1 - 1 - 2022,19800.0,4.878524367060187,4.216965733794858,5.623415332340303,0.0051,0.00398107,0.00630957,0.175,0.15,0.2,0.646,0.6,0.7,38500.0,155.0,11000.0,1.0,True,0.01,0.95,10.0,39600.0,0.938,0.139
9920,1 - 1 - 2022,19800.0,4.8270073544588685,4.216965733794858,5.623415332340303,0.00504,0.00398107,0.00630957,0.172,0.15,0.2,0.746,0.7,0.8,27700.0,131.0,7670.0,1.0,True,0.01,0.95,10.0,39600.0,0.938,0.139
9921,1 - 1 - 2022,19800.0,4.806245936279167,4.216965733794858,5.623415332340303,0.00493,0.00398107,0.00630957,0.172,0.15,0.2,0.852,0.8,0.9,20100.0,112.0,5070.0,1.0,True,0.01,0.95,10.0,39600.0,0.938,0.139
9922,1 - 1 - 2022,19800.0,4.8270073544588685,4.216965733794858,5.623415332340303,0.00508,0.00398107,0.00630957,0.176,0.15,0.2,0.949,0.9,1.0,12600.0,88.4,2600.0,1.0,True,0.01,0.95,10.0,39600.0,0.938,0.139
9923,1 - 1 - 2022,19800.0,4.9396356140913875,4.216965733794858,5.623415332340303,0.005,0.00398107,0.00630957,0.174,0.15,0.2,1.18,1.0,1.5,5620.0,26.4,685.0,1.0,True,0.01,0.95,10.0,39600.0,0.938,0.139
9924,1 - 1 - 2022,19800.0,4.8270073544588685,4.216965733794858,5.623415332340303,0.00501,0.00398107,0.00630957,0.174,0.15,0.2,1.72,1.5,2.0,1780.0,14.9,0.0,1.0,True,0.01,0.95,10.0,39600.0,0.938,0.139
9925,1 - 1 - 2022,19800.0,4.847679857416329,4.216965733794858,5.623415332340303,0.005,0.00398107,0.00630957,0.173,0.15,0.2,2.61,2.0,4.0,315.0,3.13,68.5,1.0,True,0.01,0.95,10.0,39600.0,0.938,0.139
9926,1 - 1 - 2022,19800.0,4.8270073544588685,4.216965733794858,5.623415332340303,0.00513,0.00398107,0.00630957,0.221,0.2,0.25,0.0377,0.0,0.05,5480.0,82.5,0.0,1.0,True,0.01,0.95,10.0,39600.0,0.938,0.139
9927,1 - 1 - 2022,19800.0,4.878524367060187,4.216965733794858,5.623415332340303,0.00505,0.00398107,0.00630957,0.218,0.2,0.25,0.0763,0.05,0.1,12900.0,126.0,548.0,1.0,True,0.01,0.95,10.0,39600.0,0.938,0.139
9928,1 - 1 - 2022,19800.0,4.8373546489791295,4.216965733794858,5.623415332340303,0.00504,0.00398107,0.00630957,0.223,0.2,0.25,0.157,0.1,0.2,26900.0,129.0,1920.0,1.0,True,0.01,0.95,10.0,39600.0,0.938,0.139
9929,1 - 1 - 2022,19800.0,4.806245936279167,4.216965733794858,5.623415332340303,0.005,0.00398107,0.00630957,0.222,0.2,0.25,0.252,0.2,0.3,40800.0,159.0,4520.0,1.0,True,0.01,0.95,10.0,39600.0,0.938,0.139
9930,1 - 1 - 2022,19800.0,4.878524367060187,4.216965733794858,5.623415332340303,0.00504,0.00398107,0.00630957,0.224,0.2,0.25,0.349,0.3,0.4,40000.0,158.0,6850.0,1.0,True,0.01,0.95,10.0,39600.0,0.938,0.139
9931,1 - 1 - 2022,19800.0,4.847679857416329,4.216965733794858,5.623415332340303,0.00507,0.00398107,0.00630957,0.223,0.2,0.25,0.449,0.4,0.5,38100.0,154.0,8900.0,1.0,True,0.01,0.95,10.0,39600.0,0.938,0.139
9932,1 - 1 - 2022,19800.0,4.847679857416329,4.216965733794858,5.623415332340303,0.00507,0.00398107,0.00630957,0.223,0.2,0.25,0.548,0.5,0.6,35500.0,148.0,9590.0,1.0,True,0.01,0.95,10.0,39600.0,0.938,0.139
9933,1 - 1 - 2022,19800.0,4.8373546489791295,4.216965733794858,5.623415332340303,0.00501,0.00398107,0.00630957,0.222,0.2,0.25,0.647,0.6,0.7,22900.0,119.0,5750.0,1.0,True,0.01,0.95,10.0,39600.0,0.938,0.139
9934,1 - 1 - 2022,19800.0,4.8270073544588685,4.216965733794858,5.623415332340303,0.00511,0.00398107,0.00630957,0.222,0.2,0.25,0.748,0.7,0.8,19600.0,110.0,6580.0,1.0,True,0.01,0.95,10.0,39600.0,0.938,0.139
9935,1 - 1 - 2022,19800.0,4.795831523312719,4.216965733794858,5.623415332340303,0.0051,0.00398107,0.00630957,0.226,0.2,0.25,0.842,0.8,0.9,14500.0,94.9,3700.0,1.0,True,0.01,0.95,10.0,39600.0,0.938,0.139
9936,1 - 1 - 2022,19800.0,4.878524367060187,4.216965733794858,5.623415332340303,0.00491,0.00398107,0.00630957,0.226,0.2,0.25,0.943,0.9,1.0,10400.0,80.4,2600.0,1.0,True,0.01,0.95,10.0,39600.0,0.938,0.139
9937,1 - 1 - 2022,19800.0,4.847679857416329,4.216965733794858,5.623415332340303,0.00516,0.00398107,0.00630957,0.222,0.2,0.25,1.19,1.0,1.5,4360.0,23.3,877.0,1.0,True,0.01,0.95,10.0,39600.0,0.938,0.139
9938,1 - 1 - 2022,19800.0,4.878524367060187,4.216965733794858,5.623415332340303,0.00501,0.00398107,0.00630957,0.224,0.2,0.25,1.71,1.5,2.0,1260.0,12.5,27.4,1.0,True,0.01,0.95,10.0,39600.0,0.938,0.139
9939,1 - 1 - 2022,19800.0,4.8373546489791295,4.216965733794858,5.623415332340303,0.00519,0.00398107,0.00630957,0.224,0.2,0.25,2.74,2.0,4.0,267.0,2.88,95.9,1.0,True,0.01,0.95,10.0,39600.0,0.938,0.139
9940,1 - 1 - 2022,19800.0,4.764451699828638,4.216965733794858,5.623415332340303,0.00527,0.00398107,0.00630957,0.28,0.25,0.3,0.0299,0.0,0.05,2190.0,52.2,0.0,1.0,True,0.01,0.95,10.0,39600.0,0.938,0.139
9941,1 - 1 - 2022,19800.0,4.8373546489791295,4.216965733794858,5.623415332340303,0.0051,0.00398107,0.00630957,0.274,0.25,0.3,0.084,0.05,0.1,9860.0,111.0,0.0,1.0,True,0.01,0.95,10.0,39600.0,0.938,0.139
9942,1 - 1 - 2022,19800.0,4.8270073544588685,4.216965733794858,5.623415332340303,0.00512,0.00398107,0.00630957,0.272,0.25,0.3,0.154,0.1,0.2,17000.0,103.0,274.0,1.0,True,0.01,0.95,10.0,39600.0,0.938,0.139
9943,1 - 1 - 2022,19800.0,4.8373546489791295,4.216965733794858,5.623415332340303,0.00504,0.00398107,0.00630957,0.272,0.25,0.3,0.252,0.2,0.3,25100.0,125.0,1370.0,1.0,True,0.01,0.95,10.0,39600.0,0.938,0.139
9944,1 - 1 - 2022,19800.0,4.8166378315169185,4.216965733794858,5.623415332340303,0.00504,0.00398107,0.00630957,0.273,0.25,0.3,0.351,0.3,0.4,23300.0,120.0,1920.0,1.0,True,0.01,0.95,10.0,39600.0,0.938,0.139
9945,1 - 1 - 2022,19800.0,4.78539444560216,4.216965733794858,5.623415332340303,0.005,0.00398107,0.00630957,0.272,0.25,0.3,0.452,0.4,0.5,25500.0,126.0,3420.0,1.0,True,0.01,0.95,10.0,39600.0,0.938,0.139
9946,1 - 1 - 2022,19800.0,4.806245936279167,4.216965733794858,5.623415332340303,0.00505,0.00398107,0.00630957,0.273,0.25,0.3,0.551,0.5,0.6,21500.0,116.0,3150.0,1.0,True,0.01,0.95,10.0,39600.0,0.938,0.139
9947,1 - 1 - 2022,19800.0,4.8373546489791295,4.216965733794858,5.623415332340303,0.00501,0.00398107,0.00630957,0.275,0.25,0.3,0.648,0.6,0.7,17700.0,105.0,3560.0,1.0,True,0.01,0.95,10.0,39600.0,0.938,0.139
9948,1 - 1 - 2022,19800.0,4.8373546489791295,4.216965733794858,5.623415332340303,0.00513,0.00398107,0.00630957,0.274,0.25,0.3,0.748,0.7,0.8,15300.0,97.6,2330.0,1.0,True,0.01,0.95,10.0,39600.0,0.938,0.139
9949,1 - 1 - 2022,19800.0,4.806245936279167,4.216965733794858,5.623415332340303,0.00501,0.00398107,0.00630957,0.271,0.25,0.3,0.853,0.8,0.9,13400.0,91.3,3290.0,1.0,True,0.01,0.95,10.0,39600.0,0.938,0.139
9950,1 - 1 - 2022,19800.0,4.806245936279167,4.216965733794858,5.623415332340303,0.0051,0.00398107,0.00630957,0.271,0.25,0.3,0.948,0.9,1.0,9860.0,78.2,2470.0,1.0,True,0.01,0.95,10.0,39600.0,0.938,0.139
9951,1 - 1 - 2022,19800.0,4.878524367060187,4.216965733794858,5.623415332340303,0.00506,0.00398107,0.00630957,0.274,0.25,0.3,1.16,1.0,1.5,3730.0,21.5,603.0,1.0,True,0.01,0.95,10.0,39600.0,0.938,0.139
9952,1 - 1 - 2022,19800.0,4.868264577855234,4.216965733794858,5.623415332340303,0.005,0.00398107,0.00630957,0.272,0.25,0.3,1.72,1.5,2.0,1010.0,11.2,110.0,1.0,True,0.01,0.95,10.0,39600.0,0.938,0.139
9953,1 - 1 - 2022,19800.0,4.878524367060187,4.216965733794858,5.623415332340303,0.00525,0.00398107,0.00630957,0.268,0.25,0.3,2.7,2.0,4.0,233.0,2.69,61.6,1.0,True,0.01,0.95,10.0,39600.0,0.938,0.139
9954,1 - 1 - 2022,19800.0,4.795831523312719,4.216965733794858,5.623415332340303,0.00499,0.00398107,0.00630957,0.352,0.3,0.4,0.0313,0.0,0.05,1640.0,31.9,0.0,1.0,True,0.01,0.95,10.0,39600.0,0.938,0.139
9955,1 - 1 - 2022,19800.0,4.868264577855234,4.216965733794858,5.623415332340303,0.00509,0.00398107,0.00630957,0.35,0.3,0.4,0.0777,0.05,0.1,5210.0,56.8,0.0,1.0,True,0.01,0.95,10.0,39600.0,0.938,0.139
9956,1 - 1 - 2022,19800.0,4.8166378315169185,4.216965733794858,5.623415332340303,0.00506,0.00398107,0.00630957,0.344,0.3,0.4,0.155,0.1,0.2,8700.0,52.0,0.0,1.0,True,0.01,0.95,10.0,39600.0,0.938,0.139
9957,1 - 1 - 2022,19800.0,4.8166378315169185,4.216965733794858,5.623415332340303,0.0051,0.00398107,0.00630957,0.341,0.3,0.4,0.25,0.2,0.3,14800.0,67.8,0.0,1.0,True,0.01,0.95,10.0,39600.0,0.938,0.139
9958,1 - 1 - 2022,19800.0,4.8166378315169185,4.216965733794858,5.623415332340303,0.00497,0.00398107,0.00630957,0.343,0.3,0.4,0.351,0.3,0.4,14400.0,66.8,206.0,1.0,True,0.01,0.95,10.0,39600.0,0.938,0.139
9959,1 - 1 - 2022,19800.0,4.8373546489791295,4.216965733794858,5.623415332340303,0.00499,0.00398107,0.00630957,0.342,0.3,0.4,0.452,0.4,0.5,13300.0,64.2,753.0,1.0,True,0.01,0.95,10.0,39600.0,0.938,0.139
9960,1 - 1 - 2022,19800.0,4.857983120596447,4.216965733794858,5.623415332340303,0.00505,0.00398107,0.00630957,0.339,0.3,0.4,0.552,0.5,0.6,12800.0,63.0,754.0,1.0,True,0.01,0.95,10.0,39600.0,0.938,0.139
9961,1 - 1 - 2022,19800.0,4.8270073544588685,4.216965733794858,5.623415332340303,0.00501,0.00398107,0.00630957,0.342,0.3,0.4,0.649,0.6,0.7,11000.0,58.5,1100.0,1.0,True,0.01,0.95,10.0,39600.0,0.938,0.139
9962,1 - 1 - 2022,19800.0,4.847679857416329,4.216965733794858,5.623415332340303,0.00503,0.00398107,0.00630957,0.345,0.3,0.4,0.747,0.7,0.8,9040.0,53.0,1230.0,1.0,True,0.01,0.95,10.0,39600.0,0.938,0.139
9963,1 - 1 - 2022,19800.0,4.743416490252569,4.216965733794858,5.623415332340303,0.005,0.00398107,0.00630957,0.342,0.3,0.4,0.85,0.8,0.9,8010.0,49.9,1510.0,1.0,True,0.01,0.95,10.0,39600.0,0.938,0.139
9964,1 - 1 - 2022,19800.0,4.868264577855234,4.216965733794858,5.623415332340303,0.00512,0.00398107,0.00630957,0.343,0.3,0.4,0.944,0.9,1.0,4660.0,38.0,411.0,1.0,True,0.01,0.95,10.0,39600.0,0.938,0.139
9965,1 - 1 - 2022,19800.0,4.888762624632126,4.216965733794858,5.623415332340303,0.00507,0.00398107,0.00630957,0.345,0.3,0.4,1.19,1.0,1.5,2660.0,12.8,342.0,1.0,True,0.01,0.95,10.0,39600.0,0.938,0.139
9966,1 - 1 - 2022,19800.0,4.949747468305833,4.216965733794858,5.623415332340303,0.00492,0.00398107,0.00630957,0.347,0.3,0.4,1.67,1.5,2.0,575.0,5.98,95.9,1.0,True,0.01,0.95,10.0,39600.0,0.938,0.139
9967,1 - 1 - 2022,19800.0,4.78539444560216,4.216965733794858,5.623415332340303,0.00484,0.00398107,0.00630957,0.34,0.3,0.4,2.56,2.0,4.0,144.0,1.49,13.7,1.0,True,0.01,0.95,10.0,39600.0,0.938,0.139
9968,1 - 1 - 2022,19800.0,5.059644256269407,4.216965733794858,5.623415332340303,0.00512,0.00398107,0.00630957,0.456,0.4,0.5,0.0333,0.0,0.05,1100.0,26.1,0.0,1.0,True,0.01,0.95,10.0,39600.0,0.938,0.139
9969,1 - 1 - 2022,19800.0,4.806245936279167,4.216965733794858,5.623415332340303,0.00503,0.00398107,0.00630957,0.431,0.4,0.5,0.0786,0.05,0.1,2470.0,39.1,0.0,1.0,True,0.01,0.95,10.0,39600.0,0.938,0.139
9970,1 - 1 - 2022,19800.0,4.795831523312719,4.216965733794858,5.623415332340303,0.00503,0.00398107,0.00630957,0.441,0.4,0.5,0.15,0.1,0.2,5070.0,39.7,0.0,1.0,True,0.01,0.95,10.0,39600.0,0.938,0.139
9971,1 - 1 - 2022,19800.0,4.8373546489791295,4.216965733794858,5.623415332340303,0.00501,0.00398107,0.00630957,0.446,0.4,0.5,0.253,0.2,0.3,6160.0,43.7,0.0,1.0,True,0.01,0.95,10.0,39600.0,0.938,0.139
9972,1 - 1 - 2022,19800.0,4.888762624632126,4.216965733794858,5.623415332340303,0.00509,0.00398107,0.00630957,0.446,0.4,0.5,0.346,0.3,0.4,6030.0,43.2,0.0,1.0,True,0.01,0.95,10.0,39600.0,0.938,0.139
9973,1 - 1 - 2022,19800.0,4.764451699828638,4.216965733794858,5.623415332340303,0.00508,0.00398107,0.00630957,0.44,0.4,0.5,0.449,0.4,0.5,7060.0,46.8,68.5,1.0,True,0.01,0.95,10.0,39600.0,0.938,0.139
9974,1 - 1 - 2022,19800.0,4.78539444560216,4.216965733794858,5.623415332340303,0.005,0.00398107,0.00630957,0.443,0.4,0.5,0.549,0.5,0.6,7190.0,47.2,68.5,1.0,True,0.01,0.95,10.0,39600.0,0.938,0.139
9975,1 - 1 - 2022,19800.0,4.857983120596447,4.216965733794858,5.623415332340303,0.00508,0.00398107,0.00630957,0.442,0.4,0.5,0.648,0.6,0.7,4860.0,38.8,0.0,1.0,True,0.01,0.95,10.0,39600.0,0.938,0.139
9976,1 - 1 - 2022,19800.0,4.795831523312719,4.216965733794858,5.623415332340303,0.00514,0.00398107,0.00630957,0.445,0.4,0.5,0.743,0.7,0.8,5210.0,40.2,68.5,1.0,True,0.01,0.95,10.0,39600.0,0.938,0.139
9977,1 - 1 - 2022,19800.0,4.8373546489791295,4.216965733794858,5.623415332340303,0.00506,0.00398107,0.00630957,0.439,0.4,0.5,0.848,0.8,0.9,3490.0,32.9,68.5,1.0,True,0.01,0.95,10.0,39600.0,0.938,0.139
9978,1 - 1 - 2022,19800.0,4.847679857416329,4.216965733794858,5.623415332340303,0.00499,0.00398107,0.00630957,0.441,0.4,0.5,0.952,0.9,1.0,3010.0,30.6,0.0,1.0,True,0.01,0.95,10.0,39600.0,0.938,0.139
9979,1 - 1 - 2022,19800.0,4.909175083453431,4.216965733794858,5.623415332340303,0.005,0.00398107,0.00630957,0.448,0.4,0.5,1.19,1.0,1.5,1300.0,8.99,27.4,1.0,True,0.01,0.95,10.0,39600.0,0.938,0.139
9980,1 - 1 - 2022,19800.0,5.06951674225463,4.216965733794858,5.623415332340303,0.00508,0.00398107,0.00630957,0.448,0.4,0.5,1.7,1.5,2.0,315.0,4.42,0.0,1.0,True,0.01,0.95,10.0,39600.0,0.938,0.139
9981,1 - 1 - 2022,19800.0,4.806245936279167,4.216965733794858,5.623415332340303,0.00521,0.00398107,0.00630957,0.443,0.4,0.5,2.74,2.0,4.0,82.2,1.13,17.1,1.0,True,0.01,0.95,10.0,39600.0,0.938,0.139
9982,1 - 1 - 2022,19800.0,5.167204273105526,4.216965733794858,5.623415332340303,0.00519,0.00398107,0.00630957,0.546,0.5,0.6,0.0402,0.0,0.05,411.0,16.0,0.0,1.0,True,0.01,0.95,10.0,39600.0,0.938,0.139
9983,1 - 1 - 2022,19800.0,4.979959839195493,4.216965733794858,5.623415332340303,0.0049,0.00398107,0.00630957,0.555,0.5,0.6,0.0759,0.05,0.1,1230.0,27.7,0.0,1.0,True,0.01,0.95,10.0,39600.0,0.938,0.139
9984,1 - 1 - 2022,19800.0,4.764451699828638,4.216965733794858,5.623415332340303,0.00529,0.00398107,0.00630957,0.554,0.5,0.6,0.156,0.1,0.2,2190.0,26.1,0.0,1.0,True,0.01,0.95,10.0,39600.0,0.938,0.139
9985,1 - 1 - 2022,19800.0,4.8166378315169185,4.216965733794858,5.623415332340303,0.00504,0.00398107,0.00630957,0.539,0.5,0.6,0.244,0.2,0.3,2670.0,28.8,0.0,1.0,True,0.01,0.95,10.0,39600.0,0.938,0.139
9986,1 - 1 - 2022,19800.0,4.8270073544588685,4.216965733794858,5.623415332340303,0.00495,0.00398107,0.00630957,0.551,0.5,0.6,0.342,0.3,0.4,4250.0,36.3,0.0,1.0,True,0.01,0.95,10.0,39600.0,0.938,0.139
9987,1 - 1 - 2022,19800.0,4.711687595755898,4.216965733794858,5.623415332340303,0.0051,0.00398107,0.00630957,0.538,0.5,0.6,0.455,0.4,0.5,3630.0,33.6,0.0,1.0,True,0.01,0.95,10.0,39600.0,0.938,0.139
9988,1 - 1 - 2022,19800.0,4.857983120596447,4.216965733794858,5.623415332340303,0.0051,0.00398107,0.00630957,0.544,0.5,0.6,0.547,0.5,0.6,2600.0,28.4,0.0,1.0,True,0.01,0.95,10.0,39600.0,0.938,0.139
9989,1 - 1 - 2022,19800.0,4.701063709417263,4.216965733794858,5.623415332340303,0.00497,0.00398107,0.00630957,0.549,0.5,0.6,0.644,0.6,0.7,2950.0,30.2,0.0,1.0,True,0.01,0.95,10.0,39600.0,0.938,0.139
9990,1 - 1 - 2022,19800.0,4.78539444560216,4.216965733794858,5.623415332340303,0.00489,0.00398107,0.00630957,0.536,0.5,0.6,0.755,0.7,0.8,1990.0,24.8,0.0,1.0,True,0.01,0.95,10.0,39600.0,0.938,0.139
9991,1 - 1 - 2022,19800.0,4.78539444560216,4.216965733794858,5.623415332340303,0.00492,0.00398107,0.00630957,0.548,0.5,0.6,0.848,0.8,0.9,1580.0,22.1,0.0,1.0,True,0.01,0.95,10.0,39600.0,0.938,0.139
9992,1 - 1 - 2022,19800.0,4.878524367060187,4.216965733794858,5.623415332340303,0.00517,0.00398107,0.00630957,0.546,0.5,0.6,0.941,0.9,1.0,1100.0,18.4,0.0,1.0,True,0.01,0.95,10.0,39600.0,0.938,0.139
9993,1 - 1 - 2022,19800.0,4.806245936279167,4.216965733794858,5.623415332340303,0.00499,0.00398107,0.00630957,0.54,0.5,0.6,1.2,1.0,1.5,712.0,6.65,41.1,1.0,True,0.01,0.95,10.0,39600.0,0.938,0.139
9994,1 - 1 - 2022,19800.0,4.857983120596447,4.216965733794858,5.623415332340303,0.00485,0.00398107,0.00630957,0.55,0.5,0.6,1.66,1.5,2.0,178.0,3.32,27.4,1.0,True,0.01,0.95,10.0,39600.0,0.938,0.139
9995,1 - 1 - 2022,19800.0,5.089204259999788,4.216965733794858,5.623415332340303,0.00564,0.00398107,0.00630957,0.548,0.5,0.6,2.56,2.0,4.0,24.0,0.61,3.43,1.0,True,0.01,0.95,10.0,39600.0,0.938,0.139
9996,1 - 1 - 2022,19800.0,4.54972526643093,4.216965733794858,5.623415332340303,0.00546,0.00398107,0.00630957,0.625,0.6,0.7,0.0465,0.0,0.05,137.0,9.22,0.0,1.0,True,0.01,0.95,10.0,39600.0,0.938,0.139
9997,1 - 1 - 2022,19800.0,4.415880433163924,4.216965733794858,5.623415332340303,0.00489,0.00398107,0.00630957,0.669,0.6,0.7,0.0797,0.05,0.1,274.0,13.0,0.0,1.0,True,0.01,0.95,10.0,39600.0,0.938,0.139
9998,1 - 1 - 2022,19800.0,4.888762624632126,4.216965733794858,5.623415332340303,0.00505,0.00398107,0.00630957,0.641,0.6,0.7,0.157,0.1,0.2,890.0,16.6,68.5,1.0,True,0.01,0.95,10.0,39600.0,0.938,0.139
9999,1 - 1 - 2022,19800.0,4.753945729601885,4.216965733794858,5.623415332340303,0.00514,0.00398107,0.00630957,0.644,0.6,0.7,0.263,0.2,0.3,1710.0,23.1,68.5,1.0,True,0.01,0.95,10.0,39600.0,0.938,0.139
10000,1 - 1 - 2022,19800.0,4.949747468305833,4.216965733794858,5.623415332340303,0.00471,0.00398107,0.00630957,0.645,0.6,0.7,0.347,0.3,0.4,2050.0,25.3,411.0,1.0,True,0.01,0.95,10.0,39600.0,0.938,0.139
10001,1 - 1 - 2022,19800.0,4.909175083453431,4.216965733794858,5.623415332340303,0.00482,0.00398107,0.00630957,0.646,0.6,0.7,0.441,0.4,0.5,1710.0,23.1,206.0,1.0,True,0.01,0.95,10.0,39600.0,0.938,0.139
10002,1 - 1 - 2022,19800.0,4.795831523312719,4.216965733794858,5.623415332340303,0.00515,0.00398107,0.00630957,0.653,0.6,0.7,0.547,0.5,0.6,1710.0,23.1,274.0,1.0,True,0.01,0.95,10.0,39600.0,0.938,0.139
10003,1 - 1 - 2022,19800.0,4.6475800154489,4.216965733794858,5.623415332340303,0.00486,0.00398107,0.00630957,0.646,0.6,0.7,0.649,0.6,0.7,1580.0,22.1,68.5,1.0,True,0.01,0.95,10.0,39600.0,0.938,0.139
10004,1 - 1 - 2022,19800.0,4.711687595755898,4.216965733794858,5.623415332340303,0.00501,0.00398107,0.00630957,0.643,0.6,0.7,0.742,0.7,0.8,1160.0,19.0,137.0,1.0,True,0.01,0.95,10.0,39600.0,0.938,0.139
10005,1 - 1 - 2022,19800.0,4.9396356140913875,4.216965733794858,5.623415332340303,0.00488,0.00398107,0.00630957,0.639,0.6,0.7,0.846,0.8,0.9,822.0,16.0,137.0,1.0,True,0.01,0.95,10.0,39600.0,0.938,0.139
10006,1 - 1 - 2022,19800.0,4.929503017546495,4.216965733794858,5.623415332340303,0.00518,0.00398107,0.00630957,0.642,0.6,0.7,0.945,0.9,1.0,1160.0,19.0,137.0,1.0,True,0.01,0.95,10.0,39600.0,0.938,0.139
10007,1 - 1 - 2022,19800.0,4.857983120596447,4.216965733794858,5.623415332340303,0.0051,0.00398107,0.00630957,0.648,0.6,0.7,1.23,1.0,1.5,411.0,5.05,123.0,1.0,True,0.01,0.95,10.0,39600.0,0.938,0.139
10008,1 - 1 - 2022,19800.0,4.868264577855234,4.216965733794858,5.623415332340303,0.00513,0.00398107,0.00630957,0.648,0.6,0.7,1.76,1.5,2.0,205.0,3.57,68.5,1.0,True,0.01,0.95,10.0,39600.0,0.938,0.139
10009,1 - 1 - 2022,19800.0,4.61519230368573,4.216965733794858,5.623415332340303,0.00484,0.00398107,0.00630957,0.655,0.6,0.7,2.34,2.0,4.0,10.3,0.399,3.42,1.0,True,0.01,0.95,10.0,39600.0,0.938,0.139
10010,1 - 1 - 2022,19800.0,4.560701700396552,4.216965733794858,5.623415332340303,0.00627,0.00398107,0.00630957,0.727,0.7,0.8,0.0944,0.05,0.1,137.0,9.22,0.0,1.0,True,0.01,0.95,10.0,39600.0,0.938,0.139
10011,1 - 1 - 2022,19800.0,4.764451699828638,4.216965733794858,5.623415332340303,0.0051,0.00398107,0.00630957,0.748,0.7,0.8,0.159,0.1,0.2,411.0,11.3,137.0,1.0,True,0.01,0.95,10.0,39600.0,0.938,0.139
10012,1 - 1 - 2022,19800.0,4.806245936279167,4.216965733794858,5.623415332340303,0.0049,0.00398107,0.00630957,0.751,0.7,0.8,0.245,0.2,0.3,753.0,15.3,411.0,1.0,True,0.01,0.95,10.0,39600.0,0.938,0.139
10013,1 - 1 - 2022,19800.0,4.774934554525329,4.216965733794858,5.623415332340303,0.00506,0.00398107,0.00630957,0.738,0.7,0.8,0.346,0.3,0.4,754.0,15.3,342.0,1.0,True,0.01,0.95,10.0,39600.0,0.938,0.139
10014,1 - 1 - 2022,19800.0,4.8270073544588685,4.216965733794858,5.623415332340303,0.00532,0.00398107,0.00630957,0.754,0.7,0.8,0.447,0.4,0.5,753.0,15.3,342.0,1.0,True,0.01,0.95,10.0,39600.0,0.938,0.139
10015,1 - 1 - 2022,19800.0,4.888762624632126,4.216965733794858,5.623415332340303,0.00491,0.00398107,0.00630957,0.754,0.7,0.8,0.532,0.5,0.6,685.0,14.6,342.0,1.0,True,0.01,0.95,10.0,39600.0,0.938,0.139
10016,1 - 1 - 2022,19800.0,4.54972526643093,4.216965733794858,5.623415332340303,0.00492,0.00398107,0.00630957,0.757,0.7,0.8,0.649,0.6,0.7,890.0,16.6,274.0,1.0,True,0.01,0.95,10.0,39600.0,0.938,0.139
10017,1 - 1 - 2022,19800.0,4.743416490252569,4.216965733794858,5.623415332340303,0.00501,0.00398107,0.00630957,0.759,0.7,0.8,0.745,0.7,0.8,959.0,17.3,411.0,1.0,True,0.01,0.95,10.0,39600.0,0.938,0.139
10018,1 - 1 - 2022,19800.0,5.029910535983717,4.216965733794858,5.623415332340303,0.00514,0.00398107,0.00630957,0.746,0.7,0.8,0.836,0.8,0.9,685.0,14.6,206.0,1.0,True,0.01,0.95,10.0,39600.0,0.938,0.139
10019,1 - 1 - 2022,19800.0,5.059644256269407,4.216965733794858,5.623415332340303,0.00527,0.00398107,0.00630957,0.732,0.7,0.8,0.939,0.9,1.0,479.0,12.2,274.0,1.0,True,0.01,0.95,10.0,39600.0,0.938,0.139
10020,1 - 1 - 2022,19800.0,4.8166378315169185,4.216965733794858,5.623415332340303,0.00518,0.00398107,0.00630957,0.75,0.7,0.8,1.24,1.0,1.5,260.0,4.02,164.0,1.0,True,0.01,0.95,10.0,39600.0,0.938,0.139
10021,1 - 1 - 2022,19800.0,4.669047011971501,4.216965733794858,5.623415332340303,0.00473,0.00398107,0.00630957,0.741,0.7,0.8,1.63,1.5,2.0,95.9,2.44,27.4,1.0,True,0.01,0.95,10.0,39600.0,0.938,0.139
10022,1 - 1 - 2022,19800.0,4.8166378315169185,4.216965733794858,5.623415332340303,0.00471,0.00398107,0.00630957,0.751,0.7,0.8,2.81,2.0,4.0,10.3,0.399,6.85,1.0,True,0.01,0.95,10.0,39600.0,0.938,0.139
10023,1 - 1 - 2022,19800.0,4.636809247747852,4.216965733794858,5.623415332340303,0.00464,0.00398107,0.00630957,0.843,0.8,0.9,0.155,0.1,0.2,274.0,9.22,206.0,1.0,True,0.01,0.95,10.0,39600.0,0.938,0.139
10024,1 - 1 - 2022,19800.0,4.626013402488151,4.216965733794858,5.623415332340303,0.00528,0.00398107,0.00630957,0.865,0.8,0.9,0.259,0.2,0.3,411.0,11.3,137.0,1.0,True,0.01,0.95,10.0,39600.0,0.938,0.139
10025,1 - 1 - 2022,19800.0,4.722287581247038,4.216965733794858,5.623415332340303,0.00504,0.00398107,0.00630957,0.851,0.8,0.9,0.36,0.3,0.4,343.0,10.3,205.0,1.0,True,0.01,0.95,10.0,39600.0,0.938,0.139
10026,1 - 1 - 2022,19800.0,4.8270073544588685,4.216965733794858,5.623415332340303,0.00467,0.00398107,0.00630957,0.859,0.8,0.9,0.465,0.4,0.5,411.0,11.3,274.0,1.0,True,0.01,0.95,10.0,39600.0,0.938,0.139
10027,1 - 1 - 2022,19800.0,4.701063709417263,4.216965733794858,5.623415332340303,0.00415,0.00398107,0.00630957,0.816,0.8,0.9,0.526,0.5,0.6,342.0,10.3,274.0,1.0,True,0.01,0.95,10.0,39600.0,0.938,0.139
10028,1 - 1 - 2022,19800.0,4.658325879540846,4.216965733794858,5.623415332340303,0.00478,0.00398107,0.00630957,0.863,0.8,0.9,0.668,0.6,0.7,411.0,11.3,342.0,1.0,True,0.01,0.95,10.0,39600.0,0.938,0.139
10029,1 - 1 - 2022,19800.0,4.919349550499537,4.216965733794858,5.623415332340303,0.00502,0.00398107,0.00630957,0.824,0.8,0.9,0.745,0.7,0.8,274.0,9.22,205.0,1.0,True,0.01,0.95,10.0,39600.0,0.938,0.139
10030,1 - 1 - 2022,19800.0,4.929503017546495,4.216965733794858,5.623415332340303,0.00498,0.00398107,0.00630957,0.833,0.8,0.9,1.7,1.5,2.0,27.4,1.3,13.7,1.0,True,0.01,0.95,10.0,39600.0,0.938,0.139
10031,1 - 1 - 2022,19800.0,4.806245936279167,4.216965733794858,5.623415332340303,0.0078,0.00630957,0.01,0.0272,0.0,0.05,0.0351,0.0,0.05,18000.0,119.0,17600.0,1.0,True,0.01,0.95,10.0,39600.0,0.938,0.139
10032,1 - 1 - 2022,19800.0,4.868264577855234,4.216965733794858,5.623415332340303,0.00799,0.00630957,0.01,0.027,0.0,0.05,0.079,0.05,0.1,55800.0,209.0,51300.0,1.0,True,0.01,0.95,10.0,39600.0,0.938,0.139
10033,1 - 1 - 2022,19800.0,4.878524367060187,4.216965733794858,5.623415332340303,0.00791,0.00630957,0.01,0.0222,0.0,0.05,0.156,0.1,0.2,135000.0,230.0,105000.0,1.0,True,0.01,0.95,10.0,39600.0,0.938,0.139
10034,1 - 1 - 2022,19800.0,4.868264577855234,4.216965733794858,5.623415332340303,0.00793,0.00630957,0.01,0.0202,0.0,0.05,0.25,0.2,0.3,197000.0,278.0,122000.0,1.0,True,0.01,0.95,10.0,39600.0,0.938,0.139
10035,1 - 1 - 2022,19800.0,4.857983120596447,4.216965733794858,5.623415332340303,0.00794,0.00630957,0.01,0.0193,0.0,0.05,0.35,0.3,0.4,207000.0,285.0,106000.0,1.0,True,0.01,0.95,10.0,39600.0,0.938,0.139
10036,1 - 1 - 2022,19800.0,4.857983120596447,4.216965733794858,5.623415332340303,0.00794,0.00630957,0.01,0.0196,0.0,0.05,0.448,0.4,0.5,177000.0,263.0,67800.0,1.0,True,0.01,0.95,10.0,39600.0,0.938,0.139
10037,1 - 1 - 2022,19800.0,4.878524367060187,4.216965733794858,5.623415332340303,0.00795,0.00630957,0.01,0.0193,0.0,0.05,0.548,0.5,0.6,138000.0,233.0,44500.0,1.0,True,0.01,0.95,10.0,39600.0,0.938,0.139
10038,1 - 1 - 2022,19800.0,4.857983120596447,4.216965733794858,5.623415332340303,0.00796,0.00630957,0.01,0.0196,0.0,0.05,0.647,0.6,0.7,101000.0,199.0,24300.0,1.0,True,0.01,0.95,10.0,39600.0,0.938,0.139
10039,1 - 1 - 2022,19800.0,4.857983120596447,4.216965733794858,5.623415332340303,0.00793,0.00630957,0.01,0.0199,0.0,0.05,0.745,0.7,0.8,65300.0,160.0,14600.0,1.0,True,0.01,0.95,10.0,39600.0,0.938,0.139
10040,1 - 1 - 2022,19800.0,4.8270073544588685,4.216965733794858,5.623415332340303,0.00789,0.00630957,0.01,0.0213,0.0,0.05,0.848,0.8,0.9,35500.0,118.0,5620.0,1.0,True,0.01,0.95,10.0,39600.0,0.938,0.139
10041,1 - 1 - 2022,19800.0,4.888762624632126,4.216965733794858,5.623415332340303,0.00793,0.00630957,0.01,0.0221,0.0,0.05,0.942,0.9,1.0,25200.0,99.2,3460.0,1.0,True,0.01,0.95,10.0,39600.0,0.938,0.139
10042,1 - 1 - 2022,19800.0,4.898979485566356,4.216965733794858,5.623415332340303,0.00792,0.00630957,0.01,0.0241,0.0,0.05,1.15,1.0,1.5,7110.0,23.6,916.0,1.0,True,0.01,0.95,10.0,39600.0,0.938,0.139
10043,1 - 1 - 2022,19800.0,4.888762624632126,4.216965733794858,5.623415332340303,0.00801,0.00630957,0.01,0.033,0.0,0.05,1.68,1.5,2.0,761.0,7.72,17.3,1.0,True,0.01,0.95,10.0,39600.0,0.938,0.139
10044,1 - 1 - 2022,19800.0,4.969909455915671,4.216965733794858,5.623415332340303,0.00788,0.00630957,0.01,0.0338,0.0,0.05,2.63,2.0,4.0,77.8,1.23,8.64,1.0,True,0.01,0.95,10.0,39600.0,0.938,0.139
10045,1 - 1 - 2022,19800.0,4.8270073544588685,4.216965733794858,5.623415332340303,0.00795,0.00630957,0.01,0.0717,0.05,0.1,0.0318,0.0,0.05,13800.0,104.0,12100.0,1.0,True,0.01,0.95,10.0,39600.0,0.938,0.139
10046,1 - 1 - 2022,19800.0,4.857983120596447,4.216965733794858,5.623415332340303,0.00804,0.00630957,0.01,0.0738,0.05,0.1,0.0774,0.05,0.1,34900.0,165.0,27300.0,1.0,True,0.01,0.95,10.0,39600.0,0.938,0.139
10047,1 - 1 - 2022,19800.0,4.8373546489791295,4.216965733794858,5.623415332340303,0.00802,0.00630957,0.01,0.0739,0.05,0.1,0.155,0.1,0.2,65200.0,160.0,46800.0,1.0,True,0.01,0.95,10.0,39600.0,0.938,0.139
10048,1 - 1 - 2022,19800.0,4.857983120596447,4.216965733794858,5.623415332340303,0.008,0.00630957,0.01,0.0729,0.05,0.1,0.251,0.2,0.3,80600.0,178.0,56800.0,1.0,True,0.01,0.95,10.0,39600.0,0.938,0.139
10049,1 - 1 - 2022,19800.0,4.8270073544588685,4.216965733794858,5.623415332340303,0.00796,0.00630957,0.01,0.0733,0.05,0.1,0.35,0.3,0.4,81900.0,179.0,55100.0,1.0,True,0.01,0.95,10.0,39600.0,0.938,0.139
10050,1 - 1 - 2022,19800.0,4.868264577855234,4.216965733794858,5.623415332340303,0.00798,0.00630957,0.01,0.0734,0.05,0.1,0.448,0.4,0.5,67900.0,163.0,43000.0,1.0,True,0.01,0.95,10.0,39600.0,0.938,0.139
10051,1 - 1 - 2022,19800.0,4.8373546489791295,4.216965733794858,5.623415332340303,0.00801,0.00630957,0.01,0.073,0.05,0.1,0.549,0.5,0.6,53500.0,145.0,30800.0,1.0,True,0.01,0.95,10.0,39600.0,0.938,0.139
10052,1 - 1 - 2022,19800.0,4.8373546489791295,4.216965733794858,5.623415332340303,0.00801,0.00630957,0.01,0.0734,0.05,0.1,0.645,0.6,0.7,39300.0,124.0,18600.0,1.0,True,0.01,0.95,10.0,39600.0,0.938,0.139
10053,1 - 1 - 2022,19800.0,4.8270073544588685,4.216965733794858,5.623415332340303,0.00804,0.00630957,0.01,0.0724,0.05,0.1,0.747,0.7,0.8,29000.0,106.0,9940.0,1.0,True,0.01,0.95,10.0,39600.0,0.938,0.139
10054,1 - 1 - 2022,19800.0,4.857983120596447,4.216965733794858,5.623415332340303,0.00794,0.00630957,0.01,0.0726,0.05,0.1,0.844,0.8,0.9,23400.0,95.8,6400.0,1.0,True,0.01,0.95,10.0,39600.0,0.938,0.139
10055,1 - 1 - 2022,19800.0,4.847679857416329,4.216965733794858,5.623415332340303,0.008,0.00630957,0.01,0.0738,0.05,0.1,0.947,0.9,1.0,14500.0,75.4,2590.0,1.0,True,0.01,0.95,10.0,39600.0,0.938,0.139
10056,1 - 1 - 2022,19800.0,4.898979485566356,4.216965733794858,5.623415332340303,0.00798,0.00630957,0.01,0.0729,0.05,0.1,1.17,1.0,1.5,5690.0,21.1,346.0,1.0,True,0.01,0.95,10.0,39600.0,0.938,0.139
10057,1 - 1 - 2022,19800.0,4.949747468305833,4.216965733794858,5.623415332340303,0.00779,0.00630957,0.01,0.0716,0.05,0.1,1.69,1.5,2.0,985.0,8.78,0.0,1.0,True,0.01,0.95,10.0,39600.0,0.938,0.139
10058,1 - 1 - 2022,19800.0,4.878524367060187,4.216965733794858,5.623415332340303,0.00815,0.00630957,0.01,0.0808,0.05,0.1,2.6,2.0,4.0,134.0,1.62,0.0,1.0,True,0.01,0.95,10.0,39600.0,0.938,0.139
10059,1 - 1 - 2022,19800.0,4.888762624632126,4.216965733794858,5.623415332340303,0.00789,0.00630957,0.01,0.122,0.1,0.15,0.0339,0.0,0.05,10200.0,89.4,1900.0,1.0,True,0.01,0.95,10.0,39600.0,0.938,0.139
10060,1 - 1 - 2022,19800.0,4.847679857416329,4.216965733794858,5.623415332340303,0.00798,0.00630957,0.01,0.123,0.1,0.15,0.0785,0.05,0.1,22300.0,132.0,8820.0,1.0,True,0.01,0.95,10.0,39600.0,0.938,0.139
10061,1 - 1 - 2022,19800.0,4.8270073544588685,4.216965733794858,5.623415332340303,0.00804,0.00630957,0.01,0.123,0.1,0.15,0.154,0.1,0.2,37500.0,121.0,17500.0,1.0,True,0.01,0.95,10.0,39600.0,0.938,0.139
10062,1 - 1 - 2022,19800.0,4.8373546489791295,4.216965733794858,5.623415332340303,0.00798,0.00630957,0.01,0.124,0.1,0.15,0.249,0.2,0.3,52900.0,144.0,25100.0,1.0,True,0.01,0.95,10.0,39600.0,0.938,0.139
10063,1 - 1 - 2022,19800.0,4.868264577855234,4.216965733794858,5.623415332340303,0.00797,0.00630957,0.01,0.123,0.1,0.15,0.35,0.3,0.4,54400.0,146.0,22700.0,1.0,True,0.01,0.95,10.0,39600.0,0.938,0.139
10064,1 - 1 - 2022,19800.0,4.8373546489791295,4.216965733794858,5.623415332340303,0.00802,0.00630957,0.01,0.123,0.1,0.15,0.448,0.4,0.5,45000.0,133.0,16100.0,1.0,True,0.01,0.95,10.0,39600.0,0.938,0.139
10065,1 - 1 - 2022,19800.0,4.806245936279167,4.216965733794858,5.623415332340303,0.00795,0.00630957,0.01,0.123,0.1,0.15,0.549,0.5,0.6,37500.0,121.0,12500.0,1.0,True,0.01,0.95,10.0,39600.0,0.938,0.139
10066,1 - 1 - 2022,19800.0,4.847679857416329,4.216965733794858,5.623415332340303,0.00801,0.00630957,0.01,0.123,0.1,0.15,0.647,0.6,0.7,28600.0,106.0,9590.0,1.0,True,0.01,0.95,10.0,39600.0,0.938,0.139
10067,1 - 1 - 2022,19800.0,4.8373546489791295,4.216965733794858,5.623415332340303,0.00809,0.00630957,0.01,0.125,0.1,0.15,0.752,0.7,0.8,17800.0,83.5,4150.0,1.0,True,0.01,0.95,10.0,39600.0,0.938,0.139
10068,1 - 1 - 2022,19800.0,4.868264577855234,4.216965733794858,5.623415332340303,0.00787,0.00630957,0.01,0.123,0.1,0.15,0.849,0.8,0.9,14300.0,74.7,3630.0,1.0,True,0.01,0.95,10.0,39600.0,0.938,0.139
10069,1 - 1 - 2022,19800.0,4.8270073544588685,4.216965733794858,5.623415332340303,0.00785,0.00630957,0.01,0.123,0.1,0.15,0.95,0.9,1.0,10400.0,63.7,1640.0,1.0,True,0.01,0.95,10.0,39600.0,0.938,0.139
10070,1 - 1 - 2022,19800.0,4.857983120596447,4.216965733794858,5.623415332340303,0.00805,0.00630957,0.01,0.123,0.1,0.15,1.18,1.0,1.5,3980.0,17.6,207.0,1.0,True,0.01,0.95,10.0,39600.0,0.938,0.139
10071,1 - 1 - 2022,19800.0,4.9396356140913875,4.216965733794858,5.623415332340303,0.00787,0.00630957,0.01,0.122,0.1,0.15,1.71,1.5,2.0,951.0,8.63,0.0,1.0,True,0.01,0.95,10.0,39600.0,0.938,0.139
10072,1 - 1 - 2022,19800.0,4.919349550499537,4.216965733794858,5.623415332340303,0.00799,0.00630957,0.01,0.124,0.1,0.15,2.59,2.0,4.0,156.0,1.75,0.0,1.0,True,0.01,0.95,10.0,39600.0,0.938,0.139
10073,1 - 1 - 2022,19800.0,4.857983120596447,4.216965733794858,5.623415332340303,0.00823,0.00630957,0.01,0.171,0.15,0.2,0.0314,0.0,0.05,3980.0,55.8,1210.0,1.0,True,0.01,0.95,10.0,39600.0,0.938,0.139
10074,1 - 1 - 2022,19800.0,4.8166378315169185,4.216965733794858,5.623415332340303,0.00802,0.00630957,0.01,0.174,0.15,0.2,0.0782,0.05,0.1,16600.0,114.0,5530.0,1.0,True,0.01,0.95,10.0,39600.0,0.938,0.139
10075,1 - 1 - 2022,19800.0,4.795831523312719,4.216965733794858,5.623415332340303,0.00802,0.00630957,0.01,0.174,0.15,0.2,0.152,0.1,0.2,23900.0,96.8,5450.0,1.0,True,0.01,0.95,10.0,39600.0,0.938,0.139
10076,1 - 1 - 2022,19800.0,4.868264577855234,4.216965733794858,5.623415332340303,0.008,0.00630957,0.01,0.172,0.15,0.2,0.253,0.2,0.3,34500.0,116.0,5960.0,1.0,True,0.01,0.95,10.0,39600.0,0.938,0.139
10077,1 - 1 - 2022,19800.0,4.8373546489791295,4.216965733794858,5.623415332340303,0.0081,0.00630957,0.01,0.173,0.15,0.2,0.35,0.3,0.4,33900.0,115.0,6400.0,1.0,True,0.01,0.95,10.0,39600.0,0.938,0.139
10078,1 - 1 - 2022,19800.0,4.8373546489791295,4.216965733794858,5.623415332340303,0.00802,0.00630957,0.01,0.175,0.15,0.2,0.448,0.4,0.5,31500.0,111.0,6830.0,1.0,True,0.01,0.95,10.0,39600.0,0.938,0.139
10079,1 - 1 - 2022,19800.0,4.847679857416329,4.216965733794858,5.623415332340303,0.00794,0.00630957,0.01,0.173,0.15,0.2,0.551,0.5,0.6,26500.0,102.0,5450.0,1.0,True,0.01,0.95,10.0,39600.0,0.938,0.139
10080,1 - 1 - 2022,19800.0,4.8166378315169185,4.216965733794858,5.623415332340303,0.00794,0.00630957,0.01,0.175,0.15,0.2,0.647,0.6,0.7,20700.0,90.1,5100.0,1.0,True,0.01,0.95,10.0,39600.0,0.938,0.139
10081,1 - 1 - 2022,19800.0,4.8373546489791295,4.216965733794858,5.623415332340303,0.00791,0.00630957,0.01,0.174,0.15,0.2,0.744,0.7,0.8,14600.0,75.6,3720.0,1.0,True,0.01,0.95,10.0,39600.0,0.938,0.139
10082,1 - 1 - 2022,19800.0,4.898979485566356,4.216965733794858,5.623415332340303,0.00807,0.00630957,0.01,0.173,0.15,0.2,0.848,0.8,0.9,11400.0,66.8,2250.0,1.0,True,0.01,0.95,10.0,39600.0,0.938,0.139
10083,1 - 1 - 2022,19800.0,4.8373546489791295,4.216965733794858,5.623415332340303,0.00812,0.00630957,0.01,0.173,0.15,0.2,0.945,0.9,1.0,7870.0,55.5,1210.0,1.0,True,0.01,0.95,10.0,39600.0,0.938,0.139
10084,1 - 1 - 2022,19800.0,4.888762624632126,4.216965733794858,5.623415332340303,0.008,0.00630957,0.01,0.173,0.15,0.2,1.18,1.0,1.5,3580.0,16.7,363.0,1.0,True,0.01,0.95,10.0,39600.0,0.938,0.139
10085,1 - 1 - 2022,19800.0,4.9396356140913875,4.216965733794858,5.623415332340303,0.00787,0.00630957,0.01,0.175,0.15,0.2,1.72,1.5,2.0,795.0,7.89,17.3,1.0,True,0.01,0.95,10.0,39600.0,0.938,0.139
10086,1 - 1 - 2022,19800.0,4.878524367060187,4.216965733794858,5.623415332340303,0.00779,0.00630957,0.01,0.174,0.15,0.2,2.48,2.0,4.0,160.0,1.77,0.000385,1.0,True,0.01,0.95,10.0,39600.0,0.938,0.139
10087,1 - 1 - 2022,19800.0,4.78539444560216,4.216965733794858,5.623415332340303,0.00753,0.00630957,0.01,0.221,0.2,0.25,0.0348,0.0,0.05,2770.0,46.5,0.0,1.0,True,0.01,0.95,10.0,39600.0,0.938,0.139
10088,1 - 1 - 2022,19800.0,4.8373546489791295,4.216965733794858,5.623415332340303,0.00807,0.00630957,0.01,0.22,0.2,0.25,0.0784,0.05,0.1,8820.0,83.1,519.0,1.0,True,0.01,0.95,10.0,39600.0,0.938,0.139
10089,1 - 1 - 2022,19800.0,4.847679857416329,4.216965733794858,5.623415332340303,0.00817,0.00630957,0.01,0.221,0.2,0.25,0.15,0.1,0.2,15800.0,78.7,951.0,1.0,True,0.01,0.95,10.0,39600.0,0.938,0.139
10090,1 - 1 - 2022,19800.0,4.8373546489791295,4.216965733794858,5.623415332340303,0.00802,0.00630957,0.01,0.223,0.2,0.25,0.253,0.2,0.3,20400.0,89.4,1730.0,1.0,True,0.01,0.95,10.0,39600.0,0.938,0.139
10091,1 - 1 - 2022,19800.0,4.806245936279167,4.216965733794858,5.623415332340303,0.00782,0.00630957,0.01,0.225,0.2,0.25,0.345,0.3,0.4,21800.0,92.4,2160.0,1.0,True,0.01,0.95,10.0,39600.0,0.938,0.139
10092,1 - 1 - 2022,19800.0,4.878524367060187,4.216965733794858,5.623415332340303,0.00786,0.00630957,0.01,0.223,0.2,0.25,0.452,0.4,0.5,20900.0,90.5,2250.0,1.0,True,0.01,0.95,10.0,39600.0,0.938,0.139
10093,1 - 1 - 2022,19800.0,4.8373546489791295,4.216965733794858,5.623415332340303,0.00801,0.00630957,0.01,0.225,0.2,0.25,0.547,0.5,0.6,19400.0,87.3,2680.0,1.0,True,0.01,0.95,10.0,39600.0,0.938,0.139
10094,1 - 1 - 2022,19800.0,4.8166378315169185,4.216965733794858,5.623415332340303,0.00798,0.00630957,0.01,0.224,0.2,0.25,0.65,0.6,0.7,15000.0,76.7,2160.0,1.0,True,0.01,0.95,10.0,39600.0,0.938,0.139
10095,1 - 1 - 2022,19800.0,4.78539444560216,4.216965733794858,5.623415332340303,0.00791,0.00630957,0.01,0.225,0.2,0.25,0.743,0.7,0.8,11600.0,67.3,1900.0,1.0,True,0.01,0.95,10.0,39600.0,0.938,0.139
10096,1 - 1 - 2022,19800.0,4.78539444560216,4.216965733794858,5.623415332340303,0.00819,0.00630957,0.01,0.227,0.2,0.25,0.841,0.8,0.9,6310.0,49.7,1120.0,1.0,True,0.01,0.95,10.0,39600.0,0.938,0.139
10097,1 - 1 - 2022,19800.0,4.9396356140913875,4.216965733794858,5.623415332340303,0.00806,0.00630957,0.01,0.225,0.2,0.25,0.944,0.9,1.0,5530.0,46.5,1120.0,1.0,True,0.01,0.95,10.0,39600.0,0.938,0.139
10098,1 - 1 - 2022,19800.0,4.847679857416329,4.216965733794858,5.623415332340303,0.00794,0.00630957,0.01,0.222,0.2,0.25,1.17,1.0,1.5,2520.0,14.1,277.0,1.0,True,0.01,0.95,10.0,39600.0,0.938,0.139
10099,1 - 1 - 2022,19800.0,4.78539444560216,4.216965733794858,5.623415332340303,0.0079,0.00630957,0.01,0.225,0.2,0.25,1.72,1.5,2.0,605.0,6.88,17.3,1.0,True,0.01,0.95,10.0,39600.0,0.938,0.139
10100,1 - 1 - 2022,19800.0,4.888762624632126,4.216965733794858,5.623415332340303,0.00803,0.00630957,0.01,0.223,0.2,0.25,2.59,2.0,4.0,177.0,1.86,25.9,1.0,True,0.01,0.95,10.0,39600.0,0.938,0.139
10101,1 - 1 - 2022,19800.0,4.764451699828638,4.216965733794858,5.623415332340303,0.0075,0.00630957,0.01,0.274,0.25,0.3,0.034,0.0,0.05,2250.0,42.0,0.0,1.0,True,0.01,0.95,10.0,39600.0,0.938,0.139
10102,1 - 1 - 2022,19800.0,4.929503017546495,4.216965733794858,5.623415332340303,0.0082,0.00630957,0.01,0.272,0.25,0.3,0.0753,0.05,0.1,5530.0,65.8,0.0,1.0,True,0.01,0.95,10.0,39600.0,0.938,0.139
10103,1 - 1 - 2022,19800.0,4.795831523312719,4.216965733794858,5.623415332340303,0.00803,0.00630957,0.01,0.271,0.25,0.3,0.159,0.1,0.2,9680.0,61.6,0.0,1.0,True,0.01,0.95,10.0,39600.0,0.938,0.139
10104,1 - 1 - 2022,19800.0,4.847679857416329,4.216965733794858,5.623415332340303,0.00808,0.00630957,0.01,0.273,0.25,0.3,0.252,0.2,0.3,11700.0,67.6,0.0,1.0,True,0.01,0.95,10.0,39600.0,0.938,0.139
10105,1 - 1 - 2022,19800.0,4.8270073544588685,4.216965733794858,5.623415332340303,0.00811,0.00630957,0.01,0.271,0.25,0.3,0.348,0.3,0.4,16200.0,79.6,519.0,1.0,True,0.01,0.95,10.0,39600.0,0.938,0.139
10106,1 - 1 - 2022,19800.0,4.764451699828638,4.216965733794858,5.623415332340303,0.00789,0.00630957,0.01,0.274,0.25,0.3,0.45,0.4,0.5,14300.0,75.0,605.0,1.0,True,0.01,0.95,10.0,39600.0,0.938,0.139
10107,1 - 1 - 2022,19800.0,4.795831523312719,4.216965733794858,5.623415332340303,0.00791,0.00630957,0.01,0.275,0.25,0.3,0.55,0.5,0.6,12300.0,69.3,346.0,1.0,True,0.01,0.95,10.0,39600.0,0.938,0.139
10108,1 - 1 - 2022,19800.0,4.868264577855234,4.216965733794858,5.623415332340303,0.00814,0.00630957,0.01,0.274,0.25,0.3,0.652,0.6,0.7,11100.0,65.8,519.0,1.0,True,0.01,0.95,10.0,39600.0,0.938,0.139
10109,1 - 1 - 2022,19800.0,4.868264577855234,4.216965733794858,5.623415332340303,0.00778,0.00630957,0.01,0.274,0.25,0.3,0.749,0.7,0.8,8990.0,59.3,864.0,1.0,True,0.01,0.95,10.0,39600.0,0.938,0.139
10110,1 - 1 - 2022,19800.0,4.78539444560216,4.216965733794858,5.623415332340303,0.00795,0.00630957,0.01,0.276,0.25,0.3,0.844,0.8,0.9,5010.0,44.3,778.0,1.0,True,0.01,0.95,10.0,39600.0,0.938,0.139
10111,1 - 1 - 2022,19800.0,4.8270073544588685,4.216965733794858,5.623415332340303,0.0081,0.00630957,0.01,0.273,0.25,0.3,0.951,0.9,1.0,5450.0,46.2,951.0,1.0,True,0.01,0.95,10.0,39600.0,0.938,0.139
10112,1 - 1 - 2022,19800.0,4.888762624632126,4.216965733794858,5.623415332340303,0.00797,0.00630957,0.01,0.274,0.25,0.3,1.19,1.0,1.5,2060.0,12.7,311.0,1.0,True,0.01,0.95,10.0,39600.0,0.938,0.139
10113,1 - 1 - 2022,19800.0,4.8373546489791295,4.216965733794858,5.623415332340303,0.00801,0.00630957,0.01,0.276,0.25,0.3,1.69,1.5,2.0,432.0,5.82,34.6,1.0,True,0.01,0.95,10.0,39600.0,0.938,0.139
10114,1 - 1 - 2022,19800.0,4.732863826479693,4.216965733794858,5.623415332340303,0.00766,0.00630957,0.01,0.278,0.25,0.3,2.66,2.0,4.0,134.0,1.62,56.2,1.0,True,0.01,0.95,10.0,39600.0,0.938,0.139
10115,1 - 1 - 2022,19800.0,4.701063709417263,4.216965733794858,5.623415332340303,0.00797,0.00630957,0.01,0.342,0.3,0.4,0.0357,0.0,0.05,1210.0,21.8,0.0,1.0,True,0.01,0.95,10.0,39600.0,0.938,0.139
10116,1 - 1 - 2022,19800.0,4.8373546489791295,4.216965733794858,5.623415332340303,0.0077,0.00630957,0.01,0.348,0.3,0.4,0.0758,0.05,0.1,2770.0,32.9,0.0,1.0,True,0.01,0.95,10.0,39600.0,0.938,0.139
10117,1 - 1 - 2022,19800.0,4.78539444560216,4.216965733794858,5.623415332340303,0.00789,0.00630957,0.01,0.342,0.3,0.4,0.156,0.1,0.2,4540.0,29.8,0.0,1.0,True,0.01,0.95,10.0,39600.0,0.938,0.139
10118,1 - 1 - 2022,19800.0,4.806245936279167,4.216965733794858,5.623415332340303,0.00785,0.00630957,0.01,0.341,0.3,0.4,0.254,0.2,0.3,7560.0,38.5,43.2,1.0,True,0.01,0.95,10.0,39600.0,0.938,0.139
10119,1 - 1 - 2022,19800.0,4.8373546489791295,4.216965733794858,5.623415332340303,0.00798,0.00630957,0.01,0.345,0.3,0.4,0.35,0.3,0.4,8000.0,39.6,0.0,1.0,True,0.01,0.95,10.0,39600.0,0.938,0.139
10120,1 - 1 - 2022,19800.0,4.857983120596447,4.216965733794858,5.623415332340303,0.00791,0.00630957,0.01,0.343,0.3,0.4,0.45,0.4,0.5,8860.0,41.6,0.0,1.0,True,0.01,0.95,10.0,39600.0,0.938,0.139
10121,1 - 1 - 2022,19800.0,4.857983120596447,4.216965733794858,5.623415332340303,0.00803,0.00630957,0.01,0.343,0.3,0.4,0.552,0.5,0.6,7610.0,38.6,130.0,1.0,True,0.01,0.95,10.0,39600.0,0.938,0.139
10122,1 - 1 - 2022,19800.0,4.774934554525329,4.216965733794858,5.623415332340303,0.00791,0.00630957,0.01,0.345,0.3,0.4,0.646,0.6,0.7,6180.0,34.8,43.2,1.0,True,0.01,0.95,10.0,39600.0,0.938,0.139
10123,1 - 1 - 2022,19800.0,4.806245936279167,4.216965733794858,5.623415332340303,0.00804,0.00630957,0.01,0.342,0.3,0.4,0.747,0.7,0.8,4970.0,31.2,173.0,1.0,True,0.01,0.95,10.0,39600.0,0.938,0.139
10124,1 - 1 - 2022,19800.0,4.919349550499537,4.216965733794858,5.623415332340303,0.00813,0.00630957,0.01,0.343,0.3,0.4,0.846,0.8,0.9,3500.0,26.2,130.0,1.0,True,0.01,0.95,10.0,39600.0,0.938,0.139
10125,1 - 1 - 2022,19800.0,4.847679857416329,4.216965733794858,5.623415332340303,0.00812,0.00630957,0.01,0.349,0.3,0.4,0.945,0.9,1.0,2720.0,23.1,130.0,1.0,True,0.01,0.95,10.0,39600.0,0.938,0.139
10126,1 - 1 - 2022,19800.0,4.8373546489791295,4.216965733794858,5.623415332340303,0.00803,0.00630957,0.01,0.342,0.3,0.4,1.2,1.0,1.5,1380.0,7.36,207.0,1.0,True,0.01,0.95,10.0,39600.0,0.938,0.139
10127,1 - 1 - 2022,19800.0,4.969909455915671,4.216965733794858,5.623415332340303,0.00806,0.00630957,0.01,0.35,0.3,0.4,1.74,1.5,2.0,398.0,3.95,86.5,1.0,True,0.01,0.95,10.0,39600.0,0.938,0.139
10128,1 - 1 - 2022,19800.0,4.753945729601885,4.216965733794858,5.623415332340303,0.00832,0.00630957,0.01,0.341,0.3,0.4,2.6,2.0,4.0,62.7,0.783,23.8,1.0,True,0.01,0.95,10.0,39600.0,0.938,0.139
10129,1 - 1 - 2022,19800.0,4.636809247747852,4.216965733794858,5.623415332340303,0.00764,0.00630957,0.01,0.441,0.4,0.5,0.0214,0.0,0.05,346.0,11.6,0.0,1.0,True,0.01,0.95,10.0,39600.0,0.938,0.139
10130,1 - 1 - 2022,19800.0,4.764451699828638,4.216965733794858,5.623415332340303,0.00766,0.00630957,0.01,0.445,0.4,0.5,0.0777,0.05,0.1,1560.0,24.7,0.0,1.0,True,0.01,0.95,10.0,39600.0,0.938,0.139
10131,1 - 1 - 2022,19800.0,4.878524367060187,4.216965733794858,5.623415332340303,0.00807,0.00630957,0.01,0.442,0.4,0.5,0.156,0.1,0.2,2940.0,24.0,43.2,1.0,True,0.01,0.95,10.0,39600.0,0.938,0.139
10132,1 - 1 - 2022,19800.0,4.919349550499537,4.216965733794858,5.623415332340303,0.00803,0.00630957,0.01,0.442,0.4,0.5,0.25,0.2,0.3,3500.0,26.2,0.0,1.0,True,0.01,0.95,10.0,39600.0,0.938,0.139
10133,1 - 1 - 2022,19800.0,4.78539444560216,4.216965733794858,5.623415332340303,0.008,0.00630957,0.01,0.442,0.4,0.5,0.348,0.3,0.4,4880.0,30.9,0.0,1.0,True,0.01,0.95,10.0,39600.0,0.938,0.139
10134,1 - 1 - 2022,19800.0,4.847679857416329,4.216965733794858,5.623415332340303,0.00813,0.00630957,0.01,0.443,0.4,0.5,0.449,0.4,0.5,4020.0,28.1,43.2,1.0,True,0.01,0.95,10.0,39600.0,0.938,0.139
10135,1 - 1 - 2022,19800.0,4.722287581247038,4.216965733794858,5.623415332340303,0.00811,0.00630957,0.01,0.445,0.4,0.5,0.549,0.5,0.6,3590.0,26.5,43.2,1.0,True,0.01,0.95,10.0,39600.0,0.938,0.139
10136,1 - 1 - 2022,19800.0,4.868264577855234,4.216965733794858,5.623415332340303,0.00802,0.00630957,0.01,0.444,0.4,0.5,0.655,0.6,0.7,3540.0,26.3,0.0,1.0,True,0.01,0.95,10.0,39600.0,0.938,0.139
10137,1 - 1 - 2022,19800.0,4.847679857416329,4.216965733794858,5.623415332340303,0.00819,0.00630957,0.01,0.445,0.4,0.5,0.747,0.7,0.8,2980.0,24.2,0.0,1.0,True,0.01,0.95,10.0,39600.0,0.938,0.139
10138,1 - 1 - 2022,19800.0,4.8270073544588685,4.216965733794858,5.623415332340303,0.00825,0.00630957,0.01,0.447,0.4,0.5,0.854,0.8,0.9,2640.0,22.7,0.0,1.0,True,0.01,0.95,10.0,39600.0,0.938,0.139
10139,1 - 1 - 2022,19800.0,4.78539444560216,4.216965733794858,5.623415332340303,0.00831,0.00630957,0.01,0.442,0.4,0.5,0.946,0.9,1.0,1640.0,17.9,43.2,1.0,True,0.01,0.95,10.0,39600.0,0.938,0.139
10140,1 - 1 - 2022,19800.0,4.806245936279167,4.216965733794858,5.623415332340303,0.0079,0.00630957,0.01,0.45,0.4,0.5,1.16,1.0,1.5,648.0,5.04,8.64,1.0,True,0.01,0.95,10.0,39600.0,0.938,0.139
10141,1 - 1 - 2022,19800.0,4.929503017546495,4.216965733794858,5.623415332340303,0.00792,0.00630957,0.01,0.445,0.4,0.5,1.68,1.5,2.0,259.0,3.19,51.9,1.0,True,0.01,0.95,10.0,39600.0,0.938,0.139
10142,1 - 1 - 2022,19800.0,4.806245936279167,4.216965733794858,5.623415332340303,0.00812,0.00630957,0.01,0.446,0.4,0.5,2.58,2.0,4.0,54.0,0.727,19.4,1.0,True,0.01,0.95,10.0,39600.0,0.938,0.139
10143,1 - 1 - 2022,19800.0,5.0099900199501395,4.216965733794858,5.623415332340303,0.00766,0.00630957,0.01,0.551,0.5,0.6,0.041,0.0,0.05,519.0,14.3,0.0,1.0,True,0.01,0.95,10.0,39600.0,0.938,0.139
10144,1 - 1 - 2022,19800.0,4.795831523312719,4.216965733794858,5.623415332340303,0.00785,0.00630957,0.01,0.555,0.5,0.6,0.0851,0.05,0.1,346.0,11.6,0.0,1.0,True,0.01,0.95,10.0,39600.0,0.938,0.139
10145,1 - 1 - 2022,19800.0,4.764451699828638,4.216965733794858,5.623415332340303,0.00838,0.00630957,0.01,0.553,0.5,0.6,0.158,0.1,0.2,1380.0,16.5,0.0,1.0,True,0.01,0.95,10.0,39600.0,0.938,0.139
10146,1 - 1 - 2022,19800.0,4.878524367060187,4.216965733794858,5.623415332340303,0.008,0.00630957,0.01,0.537,0.5,0.6,0.25,0.2,0.3,2330.0,21.4,0.0,1.0,True,0.01,0.95,10.0,39600.0,0.938,0.139
10147,1 - 1 - 2022,19800.0,4.847679857416329,4.216965733794858,5.623415332340303,0.00808,0.00630957,0.01,0.536,0.5,0.6,0.346,0.3,0.4,1560.0,17.5,0.0,1.0,True,0.01,0.95,10.0,39600.0,0.938,0.139
10148,1 - 1 - 2022,19800.0,4.711687595755898,4.216965733794858,5.623415332340303,0.00812,0.00630957,0.01,0.544,0.5,0.6,0.448,0.4,0.5,2030.0,19.9,0.0,1.0,True,0.01,0.95,10.0,39600.0,0.938,0.139
10149,1 - 1 - 2022,19800.0,4.774934554525329,4.216965733794858,5.623415332340303,0.00793,0.00630957,0.01,0.547,0.5,0.6,0.554,0.5,0.6,1940.0,19.5,0.0,1.0,True,0.01,0.95,10.0,39600.0,0.938,0.139
10150,1 - 1 - 2022,19800.0,4.898979485566356,4.216965733794858,5.623415332340303,0.00814,0.00630957,0.01,0.545,0.5,0.6,0.651,0.6,0.7,1250.0,15.7,0.0,1.0,True,0.01,0.95,10.0,39600.0,0.938,0.139
10151,1 - 1 - 2022,19800.0,4.8166378315169185,4.216965733794858,5.623415332340303,0.00777,0.00630957,0.01,0.539,0.5,0.6,0.753,0.7,0.8,1470.0,17.0,0.0,1.0,True,0.01,0.95,10.0,39600.0,0.938,0.139
10152,1 - 1 - 2022,19800.0,4.857983120596447,4.216965733794858,5.623415332340303,0.00746,0.00630957,0.01,0.547,0.5,0.6,0.852,0.8,0.9,1120.0,14.8,0.0,1.0,True,0.01,0.95,10.0,39600.0,0.938,0.139
10153,1 - 1 - 2022,19800.0,4.959838707054898,4.216965733794858,5.623415332340303,0.00852,0.00630957,0.01,0.539,0.5,0.6,0.946,0.9,1.0,994.0,13.9,43.2,1.0,True,0.01,0.95,10.0,39600.0,0.938,0.139
10154,1 - 1 - 2022,19800.0,4.806245936279167,4.216965733794858,5.623415332340303,0.0079,0.00630957,0.01,0.546,0.5,0.6,1.18,1.0,1.5,380.0,3.86,0.0,1.0,True,0.01,0.95,10.0,39600.0,0.938,0.139
10155,1 - 1 - 2022,19800.0,4.9899899799498595,4.216965733794858,5.623415332340303,0.00797,0.00630957,0.01,0.554,0.5,0.6,1.66,1.5,2.0,164.0,2.54,60.5,1.0,True,0.01,0.95,10.0,39600.0,0.938,0.139
10156,1 - 1 - 2022,19800.0,5.0990195135927845,4.216965733794858,5.623415332340303,0.00808,0.00630957,0.01,0.545,0.5,0.6,2.6,2.0,4.0,15.1,0.385,4.32,1.0,True,0.01,0.95,10.0,39600.0,0.938,0.139
10157,1 - 1 - 2022,19800.0,5.585696017507576,4.216965733794858,5.623415332340303,0.00736,0.00630957,0.01,0.648,0.6,0.7,0.0486,0.0,0.05,86.4,5.82,0.0,1.0,True,0.01,0.95,10.0,39600.0,0.938,0.139
10158,1 - 1 - 2022,19800.0,4.39317652729776,4.216965733794858,5.623415332340303,0.00809,0.00630957,0.01,0.627,0.6,0.7,0.0812,0.05,0.1,432.0,13.0,0.0,1.0,True,0.01,0.95,10.0,39600.0,0.938,0.139
10159,1 - 1 - 2022,19800.0,4.8270073544588685,4.216965733794858,5.623415332340303,0.00821,0.00630957,0.01,0.631,0.6,0.7,0.163,0.1,0.2,303.0,7.7,0.0,1.0,True,0.01,0.95,10.0,39600.0,0.938,0.139
10160,1 - 1 - 2022,19800.0,4.8373546489791295,4.216965733794858,5.623415332340303,0.0083,0.00630957,0.01,0.638,0.6,0.7,0.253,0.2,0.3,735.0,12.0,0.0,1.0,True,0.01,0.95,10.0,39600.0,0.938,0.139
10161,1 - 1 - 2022,19800.0,4.78539444560216,4.216965733794858,5.623415332340303,0.00815,0.00630957,0.01,0.634,0.6,0.7,0.351,0.3,0.4,864.0,13.0,0.0,1.0,True,0.01,0.95,10.0,39600.0,0.938,0.139
10162,1 - 1 - 2022,19800.0,4.806245936279167,4.216965733794858,5.623415332340303,0.00769,0.00630957,0.01,0.641,0.6,0.7,0.442,0.4,0.5,1170.0,15.1,0.0,1.0,True,0.01,0.95,10.0,39600.0,0.938,0.139
10163,1 - 1 - 2022,19800.0,4.868264577855234,4.216965733794858,5.623415332340303,0.00794,0.00630957,0.01,0.643,0.6,0.7,0.539,0.5,0.6,1210.0,15.4,43.2,1.0,True,0.01,0.95,10.0,39600.0,0.938,0.139
10164,1 - 1 - 2022,19800.0,4.8373546489791295,4.216965733794858,5.623415332340303,0.00791,0.00630957,0.01,0.639,0.6,0.7,0.649,0.6,0.7,1340.0,16.2,0.0,1.0,True,0.01,0.95,10.0,39600.0,0.938,0.139
10165,1 - 1 - 2022,19800.0,4.8270073544588685,4.216965733794858,5.623415332340303,0.00825,0.00630957,0.01,0.64,0.6,0.7,0.741,0.7,0.8,778.0,12.3,43.2,1.0,True,0.01,0.95,10.0,39600.0,0.938,0.139
10166,1 - 1 - 2022,19800.0,4.78539444560216,4.216965733794858,5.623415332340303,0.00752,0.00630957,0.01,0.66,0.6,0.7,0.858,0.8,0.9,605.0,10.9,0.0,1.0,True,0.01,0.95,10.0,39600.0,0.938,0.139
10167,1 - 1 - 2022,19800.0,4.774934554525329,4.216965733794858,5.623415332340303,0.00816,0.00630957,0.01,0.649,0.6,0.7,0.947,0.9,1.0,216.0,6.5,0.0,1.0,True,0.01,0.95,10.0,39600.0,0.938,0.139
10168,1 - 1 - 2022,19800.0,4.868264577855234,4.216965733794858,5.623415332340303,0.00801,0.00630957,0.01,0.649,0.6,0.7,1.24,1.0,1.5,190.0,2.73,43.2,1.0,True,0.01,0.95,10.0,39600.0,0.938,0.139
10169,1 - 1 - 2022,19800.0,4.61519230368573,4.216965733794858,5.623415332340303,0.00716,0.00630957,0.01,0.646,0.6,0.7,1.76,1.5,2.0,25.9,1.01,8.65,1.0,True,0.01,0.95,10.0,39600.0,0.938,0.139
10170,1 - 1 - 2022,19800.0,4.527692569068709,4.216965733794858,5.623415332340303,0.00845,0.00630957,0.01,0.643,0.6,0.7,2.12,2.0,4.0,4.32,0.206,0.0,1.0,True,0.01,0.95,10.0,39600.0,0.938,0.139
10171,1 - 1 - 2022,19800.0,5.549774770204643,4.216965733794858,5.623415332340303,0.00728,0.00630957,0.01,0.74,0.7,0.8,0.0493,0.0,0.05,86.4,5.82,0.0,1.0,True,0.01,0.95,10.0,39600.0,0.938,0.139
10172,1 - 1 - 2022,19800.0,4.483302354291979,4.216965733794858,5.623415332340303,0.00777,0.00630957,0.01,0.763,0.7,0.8,0.0811,0.05,0.1,86.4,5.82,0.0,1.0,True,0.01,0.95,10.0,39600.0,0.938,0.139
10173,1 - 1 - 2022,19800.0,4.764451699828638,4.216965733794858,5.623415332340303,0.0077,0.00630957,0.01,0.74,0.7,0.8,0.16,0.1,0.2,173.0,5.82,43.2,1.0,True,0.01,0.95,10.0,39600.0,0.938,0.139
10174,1 - 1 - 2022,19800.0,4.701063709417263,4.216965733794858,5.623415332340303,0.00821,0.00630957,0.01,0.744,0.7,0.8,0.25,0.2,0.3,519.0,10.1,0.0,1.0,True,0.01,0.95,10.0,39600.0,0.938,0.139
10175,1 - 1 - 2022,19800.0,4.69041575982343,4.216965733794858,5.623415332340303,0.0079,0.00630957,0.01,0.743,0.7,0.8,0.357,0.3,0.4,259.0,7.12,0.0,1.0,True,0.01,0.95,10.0,39600.0,0.938,0.139
10176,1 - 1 - 2022,19800.0,4.764451699828638,4.216965733794858,5.623415332340303,0.00821,0.00630957,0.01,0.74,0.7,0.8,0.436,0.4,0.5,692.0,11.6,0.0,1.0,True,0.01,0.95,10.0,39600.0,0.938,0.139
10177,1 - 1 - 2022,19800.0,4.919349550499537,4.216965733794858,5.623415332340303,0.00791,0.00630957,0.01,0.732,0.7,0.8,0.545,0.5,0.6,692.0,11.6,0.0,1.0,True,0.01,0.95,10.0,39600.0,0.938,0.139
10178,1 - 1 - 2022,19800.0,4.857983120596447,4.216965733794858,5.623415332340303,0.00905,0.00630957,0.01,0.759,0.7,0.8,0.656,0.6,0.7,259.0,7.13,0.0,1.0,True,0.01,0.95,10.0,39600.0,0.938,0.139
10179,1 - 1 - 2022,19800.0,4.857983120596447,4.216965733794858,5.623415332340303,0.00786,0.00630957,0.01,0.738,0.7,0.8,0.739,0.7,0.8,519.0,10.1,130.0,1.0,True,0.01,0.95,10.0,39600.0,0.938,0.139
10180,1 - 1 - 2022,19800.0,4.69041575982343,4.216965733794858,5.623415332340303,0.00772,0.00630957,0.01,0.751,0.7,0.8,0.861,0.8,0.9,389.0,8.73,86.4,1.0,True,0.01,0.95,10.0,39600.0,0.938,0.139
10181,1 - 1 - 2022,19800.0,4.979959839195493,4.216965733794858,5.623415332340303,0.00788,0.00630957,0.01,0.748,0.7,0.8,0.955,0.9,1.0,303.0,7.7,86.5,1.0,True,0.01,0.95,10.0,39600.0,0.938,0.139
10182,1 - 1 - 2022,19800.0,4.919349550499537,4.216965733794858,5.623415332340303,0.00776,0.00630957,0.01,0.739,0.7,0.8,1.2,1.0,1.5,86.4,1.84,17.3,1.0,True,0.01,0.95,10.0,39600.0,0.938,0.139
10183,1 - 1 - 2022,19800.0,5.06951674225463,4.216965733794858,5.623415332340303,0.00942,0.00630957,0.01,0.743,0.7,0.8,1.7,1.5,2.0,25.9,1.01,8.64,1.0,True,0.01,0.95,10.0,39600.0,0.938,0.139
10184,1 - 1 - 2022,19800.0,5.0990195135927845,4.216965733794858,5.623415332340303,0.00873,0.00630957,0.01,0.792,0.7,0.8,2.75,2.0,4.0,2.16,0.145,0.0,1.0,True,0.01,0.95,10.0,39600.0,0.938,0.139
10185,1 - 1 - 2022,19800.0,4.61519230368573,4.216965733794858,5.623415332340303,0.00819,0.00630957,0.01,0.839,0.8,0.9,0.146,0.1,0.2,259.0,7.12,43.2,1.0,True,0.01,0.95,10.0,39600.0,0.938,0.139
10186,1 - 1 - 2022,19800.0,4.636809247747852,4.216965733794858,5.623415332340303,0.00856,0.00630957,0.01,0.824,0.8,0.9,0.226,0.2,0.3,173.0,5.82,0.0,1.0,True,0.01,0.95,10.0,39600.0,0.938,0.139
10187,1 - 1 - 2022,19800.0,4.847679857416329,4.216965733794858,5.623415332340303,0.00789,0.00630957,0.01,0.842,0.8,0.9,0.358,0.3,0.4,389.0,8.73,130.0,1.0,True,0.01,0.95,10.0,39600.0,0.938,0.139
10188,1 - 1 - 2022,19800.0,4.764451699828638,4.216965733794858,5.623415332340303,0.00782,0.00630957,0.01,0.849,0.8,0.9,0.452,0.4,0.5,259.0,7.12,43.2,1.0,True,0.01,0.95,10.0,39600.0,0.938,0.139
10189,1 - 1 - 2022,19800.0,4.847679857416329,4.216965733794858,5.623415332340303,0.00753,0.00630957,0.01,0.859,0.8,0.9,0.559,0.5,0.6,303.0,7.7,130.0,1.0,True,0.01,0.95,10.0,39600.0,0.938,0.139
10190,1 - 1 - 2022,19800.0,4.679743582719036,4.216965733794858,5.623415332340303,0.00846,0.00630957,0.01,0.855,0.8,0.9,0.64,0.6,0.7,259.0,7.13,173.0,1.0,True,0.01,0.95,10.0,39600.0,0.938,0.139
10191,1 - 1 - 2022,19800.0,4.949747468305833,4.216965733794858,5.623415332340303,0.0077,0.00630957,0.01,0.85,0.8,0.9,0.756,0.7,0.8,259.0,7.12,173.0,1.0,True,0.01,0.95,10.0,39600.0,0.938,0.139
10192,1 - 1 - 2022,19800.0,4.898979485566356,4.216965733794858,5.623415332340303,0.00762,0.00630957,0.01,0.823,0.8,0.9,0.823,0.8,0.9,173.0,5.82,43.2,1.0,True,0.01,0.95,10.0,39600.0,0.938,0.139
10193,1 - 1 - 2022,19800.0,4.711687595755898,4.216965733794858,5.623415332340303,0.00826,0.00630957,0.01,0.858,0.8,0.9,0.963,0.9,1.0,86.4,4.11,0.0,1.0,True,0.01,0.95,10.0,39600.0,0.938,0.139
10194,1 - 1 - 2022,19800.0,4.78539444560216,4.216965733794858,5.623415332340303,0.00749,0.00630957,0.01,0.828,0.8,0.9,1.14,1.0,1.5,43.2,1.3,25.9,1.0,True,0.01,0.95,10.0,39600.0,0.938,0.139
10195,1 - 1 - 2022,19800.0,4.47213595499958,4.216965733794858,5.623415332340303,0.00758,0.00630957,0.01,0.809,0.8,0.9,1.61,1.5,2.0,8.64,0.582,0.0,1.0,True,0.01,0.95,10.0,39600.0,0.938,0.139
10196,1 - 1 - 2022,19800.0,4.449719092257398,4.216965733794858,5.623415332340303,0.00727,0.00630957,0.01,0.918,0.9,1.0,0.558,0.5,0.6,43.2,2.91,0.0,1.0,True,0.01,0.95,10.0,39600.0,0.938,0.139
10197,1 - 1 - 2022,19800.0,5.176871642217914,4.216965733794858,5.623415332340303,0.00812,0.00630957,0.01,0.907,0.9,1.0,0.785,0.7,0.8,86.4,4.11,43.2,1.0,True,0.01,0.95,10.0,39600.0,0.938,0.139
10198,1 - 1 - 2022,19800.0,4.868264577855234,4.216965733794858,5.623415332340303,0.00794,0.00630957,0.01,0.914,0.9,1.0,1.21,1.0,1.5,17.3,0.823,8.64,1.0,True,0.01,0.95,10.0,39600.0,0.938,0.139
10199,1 - 1 - 2022,19800.0,4.949747468305833,4.216965733794858,5.623415332340303,0.0125,0.01,0.0158489,0.0297,0.0,0.05,0.0338,0.0,0.05,9820.0,69.6,8730.0,1.0,True,0.01,0.95,10.0,39600.0,0.938,0.139
10200,1 - 1 - 2022,19800.0,4.868264577855234,4.216965733794858,5.623415332340303,0.0122,0.01,0.0158489,0.0296,0.0,0.05,0.0778,0.05,0.1,27500.0,117.0,22900.0,1.0,True,0.01,0.95,10.0,39600.0,0.938,0.139
10201,1 - 1 - 2022,19800.0,4.898979485566356,4.216965733794858,5.623415332340303,0.0125,0.01,0.0158489,0.0261,0.0,0.05,0.157,0.1,0.2,60100.0,122.0,42400.0,1.0,True,0.01,0.95,10.0,39600.0,0.938,0.139
10202,1 - 1 - 2022,19800.0,4.868264577855234,4.216965733794858,5.623415332340303,0.0126,0.01,0.0158489,0.0234,0.0,0.05,0.251,0.2,0.3,93600.0,152.0,46400.0,1.0,True,0.01,0.95,10.0,39600.0,0.938,0.139
10203,1 - 1 - 2022,19800.0,4.857983120596447,4.216965733794858,5.623415332340303,0.0126,0.01,0.0158489,0.0219,0.0,0.05,0.35,0.3,0.4,98200.0,156.0,37300.0,1.0,True,0.01,0.95,10.0,39600.0,0.938,0.139
10204,1 - 1 - 2022,19800.0,4.857983120596447,4.216965733794858,5.623415332340303,0.0125,0.01,0.0158489,0.0216,0.0,0.05,0.449,0.4,0.5,84500.0,145.0,23600.0,1.0,True,0.01,0.95,10.0,39600.0,0.938,0.139
10205,1 - 1 - 2022,19800.0,4.898979485566356,4.216965733794858,5.623415332340303,0.0125,0.01,0.0158489,0.0222,0.0,0.05,0.547,0.5,0.6,66900.0,129.0,16000.0,1.0,True,0.01,0.95,10.0,39600.0,0.938,0.139
10206,1 - 1 - 2022,19800.0,4.888762624632126,4.216965733794858,5.623415332340303,0.0125,0.01,0.0158489,0.0221,0.0,0.05,0.646,0.6,0.7,48000.0,109.0,10600.0,1.0,True,0.01,0.95,10.0,39600.0,0.938,0.139
10207,1 - 1 - 2022,19800.0,4.888762624632126,4.216965733794858,5.623415332340303,0.0125,0.01,0.0158489,0.0228,0.0,0.05,0.745,0.7,0.8,30400.0,86.6,6440.0,1.0,True,0.01,0.95,10.0,39600.0,0.938,0.139
10208,1 - 1 - 2022,19800.0,4.888762624632126,4.216965733794858,5.623415332340303,0.0125,0.01,0.0158489,0.0233,0.0,0.05,0.846,0.8,0.9,19400.0,69.3,3380.0,1.0,True,0.01,0.95,10.0,39600.0,0.938,0.139
10209,1 - 1 - 2022,19800.0,4.847679857416329,4.216965733794858,5.623415332340303,0.0125,0.01,0.0158489,0.0243,0.0,0.05,0.946,0.9,1.0,10900.0,51.8,1640.0,1.0,True,0.01,0.95,10.0,39600.0,0.938,0.139
10210,1 - 1 - 2022,19800.0,4.9396356140913875,4.216965733794858,5.623415332340303,0.0126,0.01,0.0158489,0.0256,0.0,0.05,1.14,1.0,1.5,3270.0,12.7,600.0,1.0,True,0.01,0.95,10.0,39600.0,0.938,0.139
10211,1 - 1 - 2022,19800.0,4.9396356140913875,4.216965733794858,5.623415332340303,0.0123,0.01,0.0158489,0.0329,0.0,0.05,1.7,1.5,2.0,262.0,3.6,21.8,1.0,True,0.01,0.95,10.0,39600.0,0.938,0.139
10212,1 - 1 - 2022,19800.0,4.560701700396552,4.216965733794858,5.623415332340303,0.0118,0.01,0.0158489,0.0419,0.0,0.05,2.55,2.0,4.0,5.45,0.259,0.0,1.0,True,0.01,0.95,10.0,39600.0,0.938,0.139
10213,1 - 1 - 2022,19800.0,4.847679857416329,4.216965733794858,5.623415332340303,0.0127,0.01,0.0158489,0.0744,0.05,0.1,0.0357,0.0,0.05,6650.0,57.3,4910.0,1.0,True,0.01,0.95,10.0,39600.0,0.938,0.139
10214,1 - 1 - 2022,19800.0,4.8270073544588685,4.216965733794858,5.623415332340303,0.0127,0.01,0.0158489,0.0741,0.05,0.1,0.0783,0.05,0.1,21300.0,103.0,18200.0,1.0,True,0.01,0.95,10.0,39600.0,0.938,0.139
10215,1 - 1 - 2022,19800.0,4.857983120596447,4.216965733794858,5.623415332340303,0.0127,0.01,0.0158489,0.0732,0.05,0.1,0.153,0.1,0.2,34200.0,91.9,29800.0,1.0,True,0.01,0.95,10.0,39600.0,0.938,0.139
10216,1 - 1 - 2022,19800.0,4.8373546489791295,4.216965733794858,5.623415332340303,0.0126,0.01,0.0158489,0.0733,0.05,0.1,0.25,0.2,0.3,45700.0,106.0,40000.0,1.0,True,0.01,0.95,10.0,39600.0,0.938,0.139
10217,1 - 1 - 2022,19800.0,4.857983120596447,4.216965733794858,5.623415332340303,0.0126,0.01,0.0158489,0.0731,0.05,0.1,0.35,0.3,0.4,42500.0,102.0,35000.0,1.0,True,0.01,0.95,10.0,39600.0,0.938,0.139
10218,1 - 1 - 2022,19800.0,4.8373546489791295,4.216965733794858,5.623415332340303,0.0127,0.01,0.0158489,0.0733,0.05,0.1,0.45,0.4,0.5,39300.0,98.5,26700.0,1.0,True,0.01,0.95,10.0,39600.0,0.938,0.139
10219,1 - 1 - 2022,19800.0,4.8166378315169185,4.216965733794858,5.623415332340303,0.0126,0.01,0.0158489,0.0732,0.05,0.1,0.547,0.5,0.6,31400.0,88.0,16600.0,1.0,True,0.01,0.95,10.0,39600.0,0.938,0.139
10220,1 - 1 - 2022,19800.0,4.847679857416329,4.216965733794858,5.623415332340303,0.0126,0.01,0.0158489,0.0729,0.05,0.1,0.647,0.6,0.7,22700.0,74.9,8560.0,1.0,True,0.01,0.95,10.0,39600.0,0.938,0.139
10221,1 - 1 - 2022,19800.0,4.868264577855234,4.216965733794858,5.623415332340303,0.0125,0.01,0.0158489,0.0734,0.05,0.1,0.745,0.7,0.8,15900.0,62.7,5290.0,1.0,True,0.01,0.95,10.0,39600.0,0.938,0.139
10222,1 - 1 - 2022,19800.0,4.847679857416329,4.216965733794858,5.623415332340303,0.0127,0.01,0.0158489,0.0732,0.05,0.1,0.853,0.8,0.9,11000.0,52.2,2400.0,1.0,True,0.01,0.95,10.0,39600.0,0.938,0.139
10223,1 - 1 - 2022,19800.0,4.857983120596447,4.216965733794858,5.623415332340303,0.0125,0.01,0.0158489,0.0724,0.05,0.1,0.955,0.9,1.0,5890.0,38.1,818.0,1.0,True,0.01,0.95,10.0,39600.0,0.938,0.139
10224,1 - 1 - 2022,19800.0,4.868264577855234,4.216965733794858,5.623415332340303,0.0126,0.01,0.0158489,0.075,0.05,0.1,1.18,1.0,1.5,2850.0,11.9,218.0,1.0,True,0.01,0.95,10.0,39600.0,0.938,0.139
10225,1 - 1 - 2022,19800.0,4.898979485566356,4.216965733794858,5.623415332340303,0.0128,0.01,0.0158489,0.0764,0.05,0.1,1.72,1.5,2.0,567.0,5.29,10.9,1.0,True,0.01,0.95,10.0,39600.0,0.938,0.139
10226,1 - 1 - 2022,19800.0,5.128352561983234,4.216965733794858,5.623415332340303,0.0117,0.01,0.0158489,0.0751,0.05,0.1,2.34,2.0,4.0,43.6,0.734,0.0,1.0,True,0.01,0.95,10.0,39600.0,0.938,0.139
10227,1 - 1 - 2022,19800.0,4.919349550499537,4.216965733794858,5.623415332340303,0.0129,0.01,0.0158489,0.124,0.1,0.15,0.0335,0.0,0.05,4800.0,48.7,2290.0,1.0,True,0.01,0.95,10.0,39600.0,0.938,0.139
10228,1 - 1 - 2022,19800.0,4.8373546489791295,4.216965733794858,5.623415332340303,0.0124,0.01,0.0158489,0.124,0.1,0.15,0.0756,0.05,0.1,12800.0,79.4,5890.0,1.0,True,0.01,0.95,10.0,39600.0,0.938,0.139
10229,1 - 1 - 2022,19800.0,4.868264577855234,4.216965733794858,5.623415332340303,0.0127,0.01,0.0158489,0.123,0.1,0.15,0.155,0.1,0.2,21100.0,72.2,8510.0,1.0,True,0.01,0.95,10.0,39600.0,0.938,0.139
10230,1 - 1 - 2022,19800.0,4.8373546489791295,4.216965733794858,5.623415332340303,0.0126,0.01,0.0158489,0.123,0.1,0.15,0.248,0.2,0.3,30600.0,86.9,14100.0,1.0,True,0.01,0.95,10.0,39600.0,0.938,0.139
10231,1 - 1 - 2022,19800.0,4.806245936279167,4.216965733794858,5.623415332340303,0.0126,0.01,0.0158489,0.124,0.1,0.15,0.348,0.3,0.4,28300.0,83.5,15300.0,1.0,True,0.01,0.95,10.0,39600.0,0.938,0.139
10232,1 - 1 - 2022,19800.0,4.8270073544588685,4.216965733794858,5.623415332340303,0.0127,0.01,0.0158489,0.125,0.1,0.15,0.447,0.4,0.5,26500.0,80.8,11700.0,1.0,True,0.01,0.95,10.0,39600.0,0.938,0.139
10233,1 - 1 - 2022,19800.0,4.857983120596447,4.216965733794858,5.623415332340303,0.0128,0.01,0.0158489,0.122,0.1,0.15,0.547,0.5,0.6,20600.0,71.3,8940.0,1.0,True,0.01,0.95,10.0,39600.0,0.938,0.139
10234,1 - 1 - 2022,19800.0,4.8166378315169185,4.216965733794858,5.623415332340303,0.0127,0.01,0.0158489,0.124,0.1,0.15,0.648,0.6,0.7,16600.0,64.0,5510.0,1.0,True,0.01,0.95,10.0,39600.0,0.938,0.139
10235,1 - 1 - 2022,19800.0,4.857983120596447,4.216965733794858,5.623415332340303,0.0128,0.01,0.0158489,0.124,0.1,0.15,0.747,0.7,0.8,11900.0,54.3,3440.0,1.0,True,0.01,0.95,10.0,39600.0,0.938,0.139
10236,1 - 1 - 2022,19800.0,4.868264577855234,4.216965733794858,5.623415332340303,0.0126,0.01,0.0158489,0.124,0.1,0.15,0.848,0.8,0.9,8940.0,47.0,1850.0,1.0,True,0.01,0.95,10.0,39600.0,0.938,0.139
10237,1 - 1 - 2022,19800.0,4.795831523312719,4.216965733794858,5.623415332340303,0.0128,0.01,0.0158489,0.123,0.1,0.15,0.947,0.9,1.0,5290.0,36.2,1090.0,1.0,True,0.01,0.95,10.0,39600.0,0.938,0.139
10238,1 - 1 - 2022,19800.0,4.888762624632126,4.216965733794858,5.623415332340303,0.0126,0.01,0.0158489,0.124,0.1,0.15,1.19,1.0,1.5,1960.0,9.85,207.0,1.0,True,0.01,0.95,10.0,39600.0,0.938,0.139
10239,1 - 1 - 2022,19800.0,4.9899899799498595,4.216965733794858,5.623415332340303,0.0127,0.01,0.0158489,0.125,0.1,0.15,1.69,1.5,2.0,425.0,4.59,10.9,1.0,True,0.01,0.95,10.0,39600.0,0.938,0.139
10240,1 - 1 - 2022,19800.0,4.8270073544588685,4.216965733794858,5.623415332340303,0.013,0.01,0.0158489,0.124,0.1,0.15,2.35,2.0,4.0,68.2,0.918,0.0,1.0,True,0.01,0.95,10.0,39600.0,0.938,0.139
10241,1 - 1 - 2022,19800.0,4.857983120596447,4.216965733794858,5.623415332340303,0.0125,0.01,0.0158489,0.173,0.15,0.2,0.0319,0.0,0.05,2840.0,37.4,436.0,1.0,True,0.01,0.95,10.0,39600.0,0.938,0.139
10242,1 - 1 - 2022,19800.0,4.8166378315169185,4.216965733794858,5.623415332340303,0.0127,0.01,0.0158489,0.174,0.15,0.2,0.0713,0.05,0.1,7200.0,59.6,982.0,1.0,True,0.01,0.95,10.0,39600.0,0.938,0.139
10243,1 - 1 - 2022,19800.0,4.8373546489791295,4.216965733794858,5.623415332340303,0.0125,0.01,0.0158489,0.173,0.15,0.2,0.154,0.1,0.2,14800.0,60.4,3220.0,1.0,True,0.01,0.95,10.0,39600.0,0.938,0.139
10244,1 - 1 - 2022,19800.0,4.847679857416329,4.216965733794858,5.623415332340303,0.0126,0.01,0.0158489,0.174,0.15,0.2,0.251,0.2,0.3,19000.0,68.6,2730.0,1.0,True,0.01,0.95,10.0,39600.0,0.938,0.139
10245,1 - 1 - 2022,19800.0,4.857983120596447,4.216965733794858,5.623415332340303,0.0125,0.01,0.0158489,0.174,0.15,0.2,0.351,0.3,0.4,19500.0,69.4,3000.0,1.0,True,0.01,0.95,10.0,39600.0,0.938,0.139
10246,1 - 1 - 2022,19800.0,4.806245936279167,4.216965733794858,5.623415332340303,0.0127,0.01,0.0158489,0.174,0.15,0.2,0.45,0.4,0.5,18300.0,67.3,3600.0,1.0,True,0.01,0.95,10.0,39600.0,0.938,0.139
10247,1 - 1 - 2022,19800.0,4.8373546489791295,4.216965733794858,5.623415332340303,0.0125,0.01,0.0158489,0.172,0.15,0.2,0.548,0.5,0.6,17700.0,66.1,4360.0,1.0,True,0.01,0.95,10.0,39600.0,0.938,0.139
10248,1 - 1 - 2022,19800.0,4.8166378315169185,4.216965733794858,5.623415332340303,0.0128,0.01,0.0158489,0.174,0.15,0.2,0.647,0.6,0.7,12100.0,54.7,3490.0,1.0,True,0.01,0.95,10.0,39600.0,0.938,0.139
10249,1 - 1 - 2022,19800.0,4.888762624632126,4.216965733794858,5.623415332340303,0.0127,0.01,0.0158489,0.174,0.15,0.2,0.746,0.7,0.8,8070.0,44.7,1470.0,1.0,True,0.01,0.95,10.0,39600.0,0.938,0.139
10250,1 - 1 - 2022,19800.0,4.847679857416329,4.216965733794858,5.623415332340303,0.0127,0.01,0.0158489,0.178,0.15,0.2,0.844,0.8,0.9,6270.0,39.4,1420.0,1.0,True,0.01,0.95,10.0,39600.0,0.938,0.139
10251,1 - 1 - 2022,19800.0,4.909175083453431,4.216965733794858,5.623415332340303,0.0123,0.01,0.0158489,0.175,0.15,0.2,0.949,0.9,1.0,3760.0,30.5,600.0,1.0,True,0.01,0.95,10.0,39600.0,0.938,0.139
10252,1 - 1 - 2022,19800.0,4.8373546489791295,4.216965733794858,5.623415332340303,0.0126,0.01,0.0158489,0.175,0.15,0.2,1.15,1.0,1.5,1930.0,9.77,229.0,1.0,True,0.01,0.95,10.0,39600.0,0.938,0.139
10253,1 - 1 - 2022,19800.0,4.959838707054898,4.216965733794858,5.623415332340303,0.0125,0.01,0.0158489,0.174,0.15,0.2,1.71,1.5,2.0,524.0,5.09,10.9,1.0,True,0.01,0.95,10.0,39600.0,0.938,0.139
10254,1 - 1 - 2022,19800.0,4.878524367060187,4.216965733794858,5.623415332340303,0.0129,0.01,0.0158489,0.176,0.15,0.2,2.43,2.0,4.0,73.6,0.954,0.0,1.0,True,0.01,0.95,10.0,39600.0,0.938,0.139
10255,1 - 1 - 2022,19800.0,4.78539444560216,4.216965733794858,5.623415332340303,0.0129,0.01,0.0158489,0.23,0.2,0.25,0.0354,0.0,0.05,2070.0,32.0,0.0,1.0,True,0.01,0.95,10.0,39600.0,0.938,0.139
10256,1 - 1 - 2022,19800.0,4.8270073544588685,4.216965733794858,5.623415332340303,0.0129,0.01,0.0158489,0.222,0.2,0.25,0.0768,0.05,0.1,4360.0,46.4,0.0,1.0,True,0.01,0.95,10.0,39600.0,0.938,0.139
10257,1 - 1 - 2022,19800.0,4.806245936279167,4.216965733794858,5.623415332340303,0.0125,0.01,0.0158489,0.222,0.2,0.25,0.153,0.1,0.2,9220.0,47.7,54.5,1.0,True,0.01,0.95,10.0,39600.0,0.938,0.139
10258,1 - 1 - 2022,19800.0,4.888762624632126,4.216965733794858,5.623415332340303,0.0127,0.01,0.0158489,0.222,0.2,0.25,0.249,0.2,0.3,11800.0,53.9,818.0,1.0,True,0.01,0.95,10.0,39600.0,0.938,0.139
10259,1 - 1 - 2022,19800.0,4.847679857416329,4.216965733794858,5.623415332340303,0.0126,0.01,0.0158489,0.224,0.2,0.25,0.354,0.3,0.4,12200.0,54.8,1360.0,1.0,True,0.01,0.95,10.0,39600.0,0.938,0.139
10260,1 - 1 - 2022,19800.0,4.857983120596447,4.216965733794858,5.623415332340303,0.0125,0.01,0.0158489,0.222,0.2,0.25,0.452,0.4,0.5,13000.0,56.6,1040.0,1.0,True,0.01,0.95,10.0,39600.0,0.938,0.139
10261,1 - 1 - 2022,19800.0,4.8373546489791295,4.216965733794858,5.623415332340303,0.0126,0.01,0.0158489,0.223,0.2,0.25,0.546,0.5,0.6,10400.0,50.6,1090.0,1.0,True,0.01,0.95,10.0,39600.0,0.938,0.139
10262,1 - 1 - 2022,19800.0,4.8270073544588685,4.216965733794858,5.623415332340303,0.0127,0.01,0.0158489,0.223,0.2,0.25,0.648,0.6,0.7,6980.0,41.5,1310.0,1.0,True,0.01,0.95,10.0,39600.0,0.938,0.139
10263,1 - 1 - 2022,19800.0,4.898979485566356,4.216965733794858,5.623415332340303,0.0129,0.01,0.0158489,0.221,0.2,0.25,0.748,0.7,0.8,6270.0,39.4,1250.0,1.0,True,0.01,0.95,10.0,39600.0,0.938,0.139
10264,1 - 1 - 2022,19800.0,4.8373546489791295,4.216965733794858,5.623415332340303,0.0128,0.01,0.0158489,0.222,0.2,0.25,0.854,0.8,0.9,5670.0,37.4,982.0,1.0,True,0.01,0.95,10.0,39600.0,0.938,0.139
10265,1 - 1 - 2022,19800.0,4.8166378315169185,4.216965733794858,5.623415332340303,0.013,0.01,0.0158489,0.225,0.2,0.25,0.948,0.9,1.0,4040.0,31.6,491.0,1.0,True,0.01,0.95,10.0,39600.0,0.938,0.139
10266,1 - 1 - 2022,19800.0,4.929503017546495,4.216965733794858,5.623415332340303,0.0127,0.01,0.0158489,0.225,0.2,0.25,1.18,1.0,1.5,1480.0,8.56,229.0,1.0,True,0.01,0.95,10.0,39600.0,0.938,0.139
10267,1 - 1 - 2022,19800.0,4.9396356140913875,4.216965733794858,5.623415332340303,0.0131,0.01,0.0158489,0.22,0.2,0.25,1.71,1.5,2.0,295.0,3.81,0.0,1.0,True,0.01,0.95,10.0,39600.0,0.938,0.139
10268,1 - 1 - 2022,19800.0,4.732863826479693,4.216965733794858,5.623415332340303,0.0128,0.01,0.0158489,0.225,0.2,0.25,2.5,2.0,4.0,46.4,0.757,0.0,1.0,True,0.01,0.95,10.0,39600.0,0.938,0.139
10269,1 - 1 - 2022,19800.0,4.753945729601885,4.216965733794858,5.623415332340303,0.0121,0.01,0.0158489,0.267,0.25,0.3,0.0331,0.0,0.05,1750.0,29.4,0.0,1.0,True,0.01,0.95,10.0,39600.0,0.938,0.139
10270,1 - 1 - 2022,19800.0,4.764451699828638,4.216965733794858,5.623415332340303,0.013,0.01,0.0158489,0.273,0.25,0.3,0.075,0.05,0.1,3600.0,42.2,0.0,1.0,True,0.01,0.95,10.0,39600.0,0.938,0.139
10271,1 - 1 - 2022,19800.0,4.806245936279167,4.216965733794858,5.623415332340303,0.0124,0.01,0.0158489,0.272,0.25,0.3,0.15,0.1,0.2,6050.0,38.7,0.0,1.0,True,0.01,0.95,10.0,39600.0,0.938,0.139
10272,1 - 1 - 2022,19800.0,4.8270073544588685,4.216965733794858,5.623415332340303,0.0128,0.01,0.0158489,0.274,0.25,0.3,0.255,0.2,0.3,7470.0,43.0,0.0,1.0,True,0.01,0.95,10.0,39600.0,0.938,0.139
10273,1 - 1 - 2022,19800.0,4.8166378315169185,4.216965733794858,5.623415332340303,0.0126,0.01,0.0158489,0.272,0.25,0.3,0.352,0.3,0.4,8400.0,45.6,54.6,1.0,True,0.01,0.95,10.0,39600.0,0.938,0.139
10274,1 - 1 - 2022,19800.0,4.878524367060187,4.216965733794858,5.623415332340303,0.0128,0.01,0.0158489,0.273,0.25,0.3,0.45,0.4,0.5,8560.0,46.0,655.0,1.0,True,0.01,0.95,10.0,39600.0,0.938,0.139
10275,1 - 1 - 2022,19800.0,4.868264577855234,4.216965733794858,5.623415332340303,0.0128,0.01,0.0158489,0.272,0.25,0.3,0.55,0.5,0.6,6930.0,41.4,818.0,1.0,True,0.01,0.95,10.0,39600.0,0.938,0.139
10276,1 - 1 - 2022,19800.0,4.774934554525329,4.216965733794858,5.623415332340303,0.0126,0.01,0.0158489,0.271,0.25,0.3,0.648,0.6,0.7,5840.0,38.0,109.0,1.0,True,0.01,0.95,10.0,39600.0,0.938,0.139
10277,1 - 1 - 2022,19800.0,4.878524367060187,4.216965733794858,5.623415332340303,0.0127,0.01,0.0158489,0.271,0.25,0.3,0.746,0.7,0.8,4200.0,32.2,273.0,1.0,True,0.01,0.95,10.0,39600.0,0.938,0.139
10278,1 - 1 - 2022,19800.0,4.743416490252569,4.216965733794858,5.623415332340303,0.0126,0.01,0.0158489,0.275,0.25,0.3,0.846,0.8,0.9,4090.0,31.8,600.0,1.0,True,0.01,0.95,10.0,39600.0,0.938,0.139
10279,1 - 1 - 2022,19800.0,4.743416490252569,4.216965733794858,5.623415332340303,0.0125,0.01,0.0158489,0.275,0.25,0.3,0.945,0.9,1.0,2670.0,25.7,164.0,1.0,True,0.01,0.95,10.0,39600.0,0.938,0.139
10280,1 - 1 - 2022,19800.0,4.898979485566356,4.216965733794858,5.623415332340303,0.0126,0.01,0.0158489,0.275,0.25,0.3,1.18,1.0,1.5,1230.0,7.8,142.0,1.0,True,0.01,0.95,10.0,39600.0,0.938,0.139
10281,1 - 1 - 2022,19800.0,4.732863826479693,4.216965733794858,5.623415332340303,0.0131,0.01,0.0158489,0.274,0.25,0.3,1.71,1.5,2.0,218.0,3.28,21.8,1.0,True,0.01,0.95,10.0,39600.0,0.938,0.139
10282,1 - 1 - 2022,19800.0,4.959838707054898,4.216965733794858,5.623415332340303,0.0128,0.01,0.0158489,0.275,0.25,0.3,2.62,2.0,4.0,57.3,0.841,8.18,1.0,True,0.01,0.95,10.0,39600.0,0.938,0.139
10283,1 - 1 - 2022,19800.0,4.868264577855234,4.216965733794858,5.623415332340303,0.0119,0.01,0.0158489,0.346,0.3,0.4,0.0347,0.0,0.05,600.0,12.2,0.0,1.0,True,0.01,0.95,10.0,39600.0,0.938,0.139
10284,1 - 1 - 2022,19800.0,4.847679857416329,4.216965733794858,5.623415332340303,0.0126,0.01,0.0158489,0.347,0.3,0.4,0.0764,0.05,0.1,1690.0,20.4,0.0,1.0,True,0.01,0.95,10.0,39600.0,0.938,0.139
10285,1 - 1 - 2022,19800.0,4.847679857416329,4.216965733794858,5.623415332340303,0.0123,0.01,0.0158489,0.345,0.3,0.4,0.152,0.1,0.2,3110.0,19.6,0.0,1.0,True,0.01,0.95,10.0,39600.0,0.938,0.139
10286,1 - 1 - 2022,19800.0,4.857983120596447,4.216965733794858,5.623415332340303,0.0126,0.01,0.0158489,0.345,0.3,0.4,0.253,0.2,0.3,4440.0,23.4,27.3,1.0,True,0.01,0.95,10.0,39600.0,0.938,0.139
10287,1 - 1 - 2022,19800.0,4.78539444560216,4.216965733794858,5.623415332340303,0.0124,0.01,0.0158489,0.346,0.3,0.4,0.35,0.3,0.4,5040.0,25.0,0.0,1.0,True,0.01,0.95,10.0,39600.0,0.938,0.139
10288,1 - 1 - 2022,19800.0,4.847679857416329,4.216965733794858,5.623415332340303,0.0127,0.01,0.0158489,0.346,0.3,0.4,0.448,0.4,0.5,4310.0,23.1,0.0,1.0,True,0.01,0.95,10.0,39600.0,0.938,0.139
10289,1 - 1 - 2022,19800.0,4.806245936279167,4.216965733794858,5.623415332340303,0.0127,0.01,0.0158489,0.343,0.3,0.4,0.549,0.5,0.6,4360.0,23.2,109.0,1.0,True,0.01,0.95,10.0,39600.0,0.938,0.139
10290,1 - 1 - 2022,19800.0,4.8270073544588685,4.216965733794858,5.623415332340303,0.0127,0.01,0.0158489,0.342,0.3,0.4,0.647,0.6,0.7,4140.0,22.6,54.5,1.0,True,0.01,0.95,10.0,39600.0,0.938,0.139
10291,1 - 1 - 2022,19800.0,4.8166378315169185,4.216965733794858,5.623415332340303,0.0128,0.01,0.0158489,0.346,0.3,0.4,0.75,0.7,0.8,3680.0,21.3,136.0,1.0,True,0.01,0.95,10.0,39600.0,0.938,0.139
10292,1 - 1 - 2022,19800.0,4.878524367060187,4.216965733794858,5.623415332340303,0.0125,0.01,0.0158489,0.345,0.3,0.4,0.849,0.8,0.9,2670.0,18.2,136.0,1.0,True,0.01,0.95,10.0,39600.0,0.938,0.139
10293,1 - 1 - 2022,19800.0,4.8373546489791295,4.216965733794858,5.623415332340303,0.0125,0.01,0.0158489,0.343,0.3,0.4,0.951,0.9,1.0,1770.0,14.8,0.0,1.0,True,0.01,0.95,10.0,39600.0,0.938,0.139
10294,1 - 1 - 2022,19800.0,4.847679857416329,4.216965733794858,5.623415332340303,0.0126,0.01,0.0158489,0.343,0.3,0.4,1.19,1.0,1.5,736.0,4.27,98.2,1.0,True,0.01,0.95,10.0,39600.0,0.938,0.139
10295,1 - 1 - 2022,19800.0,4.868264577855234,4.216965733794858,5.623415332340303,0.0129,0.01,0.0158489,0.341,0.3,0.4,1.68,1.5,2.0,267.0,2.57,54.5,1.0,True,0.01,0.95,10.0,39600.0,0.938,0.139
10296,1 - 1 - 2022,19800.0,4.878524367060187,4.216965733794858,5.623415332340303,0.0126,0.01,0.0158489,0.348,0.3,0.4,2.76,2.0,4.0,46.4,0.535,5.45,1.0,True,0.01,0.95,10.0,39600.0,0.938,0.139
10297,1 - 1 - 2022,19800.0,4.722287581247038,4.216965733794858,5.623415332340303,0.0121,0.01,0.0158489,0.449,0.4,0.5,0.0365,0.0,0.05,436.0,10.4,0.0,1.0,True,0.01,0.95,10.0,39600.0,0.938,0.139
10298,1 - 1 - 2022,19800.0,4.8373546489791295,4.216965733794858,5.623415332340303,0.013,0.01,0.0158489,0.45,0.4,0.5,0.083,0.05,0.1,927.0,15.1,0.0,1.0,True,0.01,0.95,10.0,39600.0,0.938,0.139
10299,1 - 1 - 2022,19800.0,4.8166378315169185,4.216965733794858,5.623415332340303,0.0131,0.01,0.0158489,0.446,0.4,0.5,0.157,0.1,0.2,1800.0,14.9,27.3,1.0,True,0.01,0.95,10.0,39600.0,0.938,0.139
10300,1 - 1 - 2022,19800.0,4.878524367060187,4.216965733794858,5.623415332340303,0.0128,0.01,0.0158489,0.44,0.4,0.5,0.257,0.2,0.3,2430.0,17.3,0.0,1.0,True,0.01,0.95,10.0,39600.0,0.938,0.139
10301,1 - 1 - 2022,19800.0,4.764451699828638,4.216965733794858,5.623415332340303,0.0126,0.01,0.0158489,0.442,0.4,0.5,0.345,0.3,0.4,3000.0,19.2,0.0,1.0,True,0.01,0.95,10.0,39600.0,0.938,0.139
10302,1 - 1 - 2022,19800.0,4.847679857416329,4.216965733794858,5.623415332340303,0.0126,0.01,0.0158489,0.447,0.4,0.5,0.449,0.4,0.5,2150.0,16.3,0.0,1.0,True,0.01,0.95,10.0,39600.0,0.938,0.139
10303,1 - 1 - 2022,19800.0,4.9396356140913875,4.216965733794858,5.623415332340303,0.0124,0.01,0.0158489,0.441,0.4,0.5,0.547,0.5,0.6,1960.0,15.6,0.0,1.0,True,0.01,0.95,10.0,39600.0,0.938,0.139
10304,1 - 1 - 2022,19800.0,4.868264577855234,4.216965733794858,5.623415332340303,0.0128,0.01,0.0158489,0.448,0.4,0.5,0.648,0.6,0.7,2210.0,16.5,27.3,1.0,True,0.01,0.95,10.0,39600.0,0.938,0.139
10305,1 - 1 - 2022,19800.0,4.753945729601885,4.216965733794858,5.623415332340303,0.0126,0.01,0.0158489,0.446,0.4,0.5,0.748,0.7,0.8,1500.0,13.6,27.3,1.0,True,0.01,0.95,10.0,39600.0,0.938,0.139
10306,1 - 1 - 2022,19800.0,4.919349550499537,4.216965733794858,5.623415332340303,0.0123,0.01,0.0158489,0.442,0.4,0.5,0.848,0.8,0.9,1360.0,13.0,0.0,1.0,True,0.01,0.95,10.0,39600.0,0.938,0.139
10307,1 - 1 - 2022,19800.0,4.857983120596447,4.216965733794858,5.623415332340303,0.0128,0.01,0.0158489,0.436,0.4,0.5,0.951,0.9,1.0,900.0,10.5,27.3,1.0,True,0.01,0.95,10.0,39600.0,0.938,0.139
10308,1 - 1 - 2022,19800.0,4.8373546489791295,4.216965733794858,5.623415332340303,0.0126,0.01,0.0158489,0.448,0.4,0.5,1.19,1.0,1.5,360.0,2.98,32.7,1.0,True,0.01,0.95,10.0,39600.0,0.938,0.139
10309,1 - 1 - 2022,19800.0,4.8270073544588685,4.216965733794858,5.623415332340303,0.0128,0.01,0.0158489,0.444,0.4,0.5,1.71,1.5,2.0,109.0,1.64,38.2,1.0,True,0.01,0.95,10.0,39600.0,0.938,0.139
10310,1 - 1 - 2022,19800.0,4.888762624632126,4.216965733794858,5.623415332340303,0.0132,0.01,0.0158489,0.446,0.4,0.5,2.48,2.0,4.0,15.0,0.304,4.09,1.0,True,0.01,0.95,10.0,39600.0,0.938,0.139
10311,1 - 1 - 2022,19800.0,5.0,4.216965733794858,5.623415332340303,0.0121,0.01,0.0158489,0.544,0.5,0.6,0.0344,0.0,0.05,218.0,7.34,0.0,1.0,True,0.01,0.95,10.0,39600.0,0.938,0.139
10312,1 - 1 - 2022,19800.0,5.019960159204453,4.216965733794858,5.623415332340303,0.012,0.01,0.0158489,0.537,0.5,0.6,0.0728,0.05,0.1,654.0,12.7,0.0,1.0,True,0.01,0.95,10.0,39600.0,0.938,0.139
10313,1 - 1 - 2022,19800.0,4.878524367060187,4.216965733794858,5.623415332340303,0.0127,0.01,0.0158489,0.548,0.5,0.6,0.147,0.1,0.2,873.0,10.4,0.0,1.0,True,0.01,0.95,10.0,39600.0,0.938,0.139
10314,1 - 1 - 2022,19800.0,4.753945729601885,4.216965733794858,5.623415332340303,0.0128,0.01,0.0158489,0.544,0.5,0.6,0.251,0.2,0.3,1450.0,13.4,0.0,1.0,True,0.01,0.95,10.0,39600.0,0.938,0.139
10315,1 - 1 - 2022,19800.0,4.857983120596447,4.216965733794858,5.623415332340303,0.0126,0.01,0.0158489,0.542,0.5,0.6,0.341,0.3,0.4,1170.0,12.0,0.0,1.0,True,0.01,0.95,10.0,39600.0,0.938,0.139
10316,1 - 1 - 2022,19800.0,4.795831523312719,4.216965733794858,5.623415332340303,0.0125,0.01,0.0158489,0.541,0.5,0.6,0.45,0.4,0.5,1450.0,13.4,0.0,1.0,True,0.01,0.95,10.0,39600.0,0.938,0.139
10317,1 - 1 - 2022,19800.0,4.795831523312719,4.216965733794858,5.623415332340303,0.0127,0.01,0.0158489,0.541,0.5,0.6,0.552,0.5,0.6,1230.0,12.3,0.0,1.0,True,0.01,0.95,10.0,39600.0,0.938,0.139
10318,1 - 1 - 2022,19800.0,4.806245936279167,4.216965733794858,5.623415332340303,0.0128,0.01,0.0158489,0.547,0.5,0.6,0.65,0.6,0.7,845.0,10.2,27.3,1.0,True,0.01,0.95,10.0,39600.0,0.938,0.139
10319,1 - 1 - 2022,19800.0,4.888762624632126,4.216965733794858,5.623415332340303,0.0131,0.01,0.0158489,0.553,0.5,0.6,0.742,0.7,0.8,709.0,9.36,54.5,1.0,True,0.01,0.95,10.0,39600.0,0.938,0.139
10320,1 - 1 - 2022,19800.0,4.919349550499537,4.216965733794858,5.623415332340303,0.0128,0.01,0.0158489,0.547,0.5,0.6,0.846,0.8,0.9,573.0,8.41,81.8,1.0,True,0.01,0.95,10.0,39600.0,0.938,0.139
10321,1 - 1 - 2022,19800.0,4.8373546489791295,4.216965733794858,5.623415332340303,0.0129,0.01,0.0158489,0.54,0.5,0.6,0.946,0.9,1.0,491.0,7.79,81.8,1.0,True,0.01,0.95,10.0,39600.0,0.938,0.139
10322,1 - 1 - 2022,19800.0,4.979959839195493,4.216965733794858,5.623415332340303,0.0126,0.01,0.0158489,0.543,0.5,0.6,1.22,1.0,1.5,251.0,2.49,92.7,1.0,True,0.01,0.95,10.0,39600.0,0.938,0.139
10323,1 - 1 - 2022,19800.0,4.753945729601885,4.216965733794858,5.623415332340303,0.0119,0.01,0.0158489,0.535,0.5,0.6,1.65,1.5,2.0,49.1,1.1,16.4,1.0,True,0.01,0.95,10.0,39600.0,0.938,0.139
10324,1 - 1 - 2022,19800.0,4.8166378315169185,4.216965733794858,5.623415332340303,0.0122,0.01,0.0158489,0.544,0.5,0.6,2.21,2.0,4.0,16.4,0.318,6.82,1.0,True,0.01,0.95,10.0,39600.0,0.938,0.139
10325,1 - 1 - 2022,19800.0,5.366563145999495,4.216965733794858,5.623415332340303,0.0104,0.01,0.0158489,0.631,0.6,0.7,0.0222,0.0,0.05,54.5,3.67,0.0,1.0,True,0.01,0.95,10.0,39600.0,0.938,0.139
10326,1 - 1 - 2022,19800.0,4.669047011971501,4.216965733794858,5.623415332340303,0.0129,0.01,0.0158489,0.625,0.6,0.7,0.0843,0.05,0.1,164.0,6.36,0.0,1.0,True,0.01,0.95,10.0,39600.0,0.938,0.139
10327,1 - 1 - 2022,19800.0,4.711687595755898,4.216965733794858,5.623415332340303,0.0124,0.01,0.0158489,0.646,0.6,0.7,0.144,0.1,0.2,464.0,7.57,0.0,1.0,True,0.01,0.95,10.0,39600.0,0.938,0.139
10328,1 - 1 - 2022,19800.0,4.8373546489791295,4.216965733794858,5.623415332340303,0.0123,0.01,0.0158489,0.644,0.6,0.7,0.249,0.2,0.3,573.0,8.41,0.0,1.0,True,0.01,0.95,10.0,39600.0,0.938,0.139
10329,1 - 1 - 2022,19800.0,4.969909455915671,4.216965733794858,5.623415332340303,0.0128,0.01,0.0158489,0.638,0.6,0.7,0.351,0.3,0.4,545.0,8.21,0.0,1.0,True,0.01,0.95,10.0,39600.0,0.938,0.139
10330,1 - 1 - 2022,19800.0,4.795831523312719,4.216965733794858,5.623415332340303,0.0129,0.01,0.0158489,0.643,0.6,0.7,0.449,0.4,0.5,382.0,6.87,27.3,1.0,True,0.01,0.95,10.0,39600.0,0.938,0.139
10331,1 - 1 - 2022,19800.0,4.868264577855234,4.216965733794858,5.623415332340303,0.0131,0.01,0.0158489,0.631,0.6,0.7,0.543,0.5,0.6,518.0,8.0,54.5,1.0,True,0.01,0.95,10.0,39600.0,0.938,0.139
10332,1 - 1 - 2022,19800.0,5.029910535983717,4.216965733794858,5.623415332340303,0.0132,0.01,0.0158489,0.647,0.6,0.7,0.632,0.6,0.7,436.0,7.34,54.5,1.0,True,0.01,0.95,10.0,39600.0,0.938,0.139
10333,1 - 1 - 2022,19800.0,4.857983120596447,4.216965733794858,5.623415332340303,0.0127,0.01,0.0158489,0.636,0.6,0.7,0.744,0.7,0.8,627.0,8.8,164.0,1.0,True,0.01,0.95,10.0,39600.0,0.938,0.139
10334,1 - 1 - 2022,19800.0,4.636809247747852,4.216965733794858,5.623415332340303,0.0125,0.01,0.0158489,0.655,0.6,0.7,0.841,0.8,0.9,382.0,6.87,136.0,1.0,True,0.01,0.95,10.0,39600.0,0.938,0.139
10335,1 - 1 - 2022,19800.0,4.9899899799498595,4.216965733794858,5.623415332340303,0.0125,0.01,0.0158489,0.649,0.6,0.7,0.945,0.9,1.0,245.0,5.51,81.8,1.0,True,0.01,0.95,10.0,39600.0,0.938,0.139
10336,1 - 1 - 2022,19800.0,4.878524367060187,4.216965733794858,5.623415332340303,0.0126,0.01,0.0158489,0.644,0.6,0.7,1.14,1.0,1.5,131.0,1.8,65.4,1.0,True,0.01,0.95,10.0,39600.0,0.938,0.139
10337,1 - 1 - 2022,19800.0,4.69041575982343,4.216965733794858,5.623415332340303,0.013,0.01,0.0158489,0.638,0.6,0.7,1.76,1.5,2.0,49.1,1.1,21.8,1.0,True,0.01,0.95,10.0,39600.0,0.938,0.139
10338,1 - 1 - 2022,19800.0,5.310367218940701,4.216965733794858,5.623415332340303,0.0124,0.01,0.0158489,0.769,0.7,0.8,0.0844,0.05,0.1,109.0,5.19,54.5,1.0,True,0.01,0.95,10.0,39600.0,0.938,0.139
10339,1 - 1 - 2022,19800.0,4.764451699828638,4.216965733794858,5.623415332340303,0.0137,0.01,0.0158489,0.743,0.7,0.8,0.169,0.1,0.2,136.0,4.1,27.3,1.0,True,0.01,0.95,10.0,39600.0,0.938,0.139
10340,1 - 1 - 2022,19800.0,4.878524367060187,4.216965733794858,5.623415332340303,0.0122,0.01,0.0158489,0.727,0.7,0.8,0.251,0.2,0.3,354.0,6.62,54.5,1.0,True,0.01,0.95,10.0,39600.0,0.938,0.139
10341,1 - 1 - 2022,19800.0,4.753945729601885,4.216965733794858,5.623415332340303,0.0123,0.01,0.0158489,0.756,0.7,0.8,0.346,0.3,0.4,382.0,6.87,54.5,1.0,True,0.01,0.95,10.0,39600.0,0.938,0.139
10342,1 - 1 - 2022,19800.0,4.743416490252569,4.216965733794858,5.623415332340303,0.0123,0.01,0.0158489,0.732,0.7,0.8,0.459,0.4,0.5,327.0,6.36,54.6,1.0,True,0.01,0.95,10.0,39600.0,0.938,0.139
10343,1 - 1 - 2022,19800.0,4.806245936279167,4.216965733794858,5.623415332340303,0.012,0.01,0.0158489,0.727,0.7,0.8,0.524,0.5,0.6,273.0,5.8,54.5,1.0,True,0.01,0.95,10.0,39600.0,0.938,0.139
10344,1 - 1 - 2022,19800.0,4.795831523312719,4.216965733794858,5.623415332340303,0.0134,0.01,0.0158489,0.732,0.7,0.8,0.661,0.6,0.7,327.0,6.36,109.0,1.0,True,0.01,0.95,10.0,39600.0,0.938,0.139
10345,1 - 1 - 2022,19800.0,4.847679857416329,4.216965733794858,5.623415332340303,0.0118,0.01,0.0158489,0.755,0.7,0.8,0.732,0.7,0.8,300.0,6.09,164.0,1.0,True,0.01,0.95,10.0,39600.0,0.938,0.139
10346,1 - 1 - 2022,19800.0,4.58257569495584,4.216965733794858,5.623415332340303,0.0127,0.01,0.0158489,0.735,0.7,0.8,0.86,0.8,0.9,164.0,4.5,109.0,1.0,True,0.01,0.95,10.0,39600.0,0.938,0.139
10347,1 - 1 - 2022,19800.0,4.806245936279167,4.216965733794858,5.623415332340303,0.012,0.01,0.0158489,0.736,0.7,0.8,0.955,0.9,1.0,191.0,4.86,109.0,1.0,True,0.01,0.95,10.0,39600.0,0.938,0.139
10348,1 - 1 - 2022,19800.0,4.806245936279167,4.216965733794858,5.623415332340303,0.0136,0.01,0.0158489,0.73,0.7,0.8,1.18,1.0,1.5,65.4,1.27,27.3,1.0,True,0.01,0.95,10.0,39600.0,0.938,0.139
10349,1 - 1 - 2022,19800.0,4.949747468305833,4.216965733794858,5.623415332340303,0.0107,0.01,0.0158489,0.762,0.7,0.8,1.82,1.5,2.0,16.4,0.636,5.46,1.0,True,0.01,0.95,10.0,39600.0,0.938,0.139
10350,1 - 1 - 2022,19800.0,4.604345773288535,4.216965733794858,5.623415332340303,0.0113,0.01,0.0158489,0.836,0.8,0.9,0.155,0.1,0.2,81.8,3.18,27.3,1.0,True,0.01,0.95,10.0,39600.0,0.938,0.139
10351,1 - 1 - 2022,19800.0,4.636809247747852,4.216965733794858,5.623415332340303,0.0129,0.01,0.0158489,0.851,0.8,0.9,0.253,0.2,0.3,300.0,6.09,164.0,1.0,True,0.01,0.95,10.0,39600.0,0.938,0.139
10352,1 - 1 - 2022,19800.0,4.636809247747852,4.216965733794858,5.623415332340303,0.0119,0.01,0.0158489,0.85,0.8,0.9,0.358,0.3,0.4,136.0,4.1,27.3,1.0,True,0.01,0.95,10.0,39600.0,0.938,0.139
10353,1 - 1 - 2022,19800.0,4.753945729601885,4.216965733794858,5.623415332340303,0.0122,0.01,0.0158489,0.839,0.8,0.9,0.456,0.4,0.5,273.0,5.8,164.0,1.0,True,0.01,0.95,10.0,39600.0,0.938,0.139
10354,1 - 1 - 2022,19800.0,4.636809247747852,4.216965733794858,5.623415332340303,0.0121,0.01,0.0158489,0.836,0.8,0.9,0.56,0.5,0.6,245.0,5.51,109.0,1.0,True,0.01,0.95,10.0,39600.0,0.938,0.139
10355,1 - 1 - 2022,19800.0,4.868264577855234,4.216965733794858,5.623415332340303,0.0126,0.01,0.0158489,0.833,0.8,0.9,0.663,0.6,0.7,273.0,5.8,191.0,1.0,True,0.01,0.95,10.0,39600.0,0.938,0.139
10356,1 - 1 - 2022,19800.0,4.78539444560216,4.216965733794858,5.623415332340303,0.0115,0.01,0.0158489,0.826,0.8,0.9,0.764,0.7,0.8,136.0,4.11,54.5,1.0,True,0.01,0.95,10.0,39600.0,0.938,0.139
10357,1 - 1 - 2022,19800.0,4.78539444560216,4.216965733794858,5.623415332340303,0.0123,0.01,0.0158489,0.826,0.8,0.9,0.838,0.8,0.9,81.8,3.18,54.5,1.0,True,0.01,0.95,10.0,39600.0,0.938,0.139
10358,1 - 1 - 2022,19800.0,4.722287581247038,4.216965733794858,5.623415332340303,0.011,0.01,0.0158489,0.838,0.8,0.9,0.958,0.9,1.0,54.5,2.59,27.3,1.0,True,0.01,0.95,10.0,39600.0,0.938,0.139
10359,1 - 1 - 2022,19800.0,4.9899899799498595,4.216965733794858,5.623415332340303,0.0143,0.01,0.0158489,0.826,0.8,0.9,1.16,1.0,1.5,32.7,0.899,5.45,1.0,True,0.01,0.95,10.0,39600.0,0.938,0.139
10360,1 - 1 - 2022,19800.0,4.929503017546495,4.216965733794858,5.623415332340303,0.0202,0.0158489,0.0251189,0.0342,0.0,0.05,0.0325,0.0,0.05,3650.0,33.7,2410.0,1.0,True,0.01,0.95,10.0,39600.0,0.938,0.139
10361,1 - 1 - 2022,19800.0,4.898979485566356,4.216965733794858,5.623415332340303,0.0203,0.0158489,0.0251189,0.0333,0.0,0.05,0.0773,0.05,0.1,11800.0,60.8,5570.0,1.0,True,0.01,0.95,10.0,39600.0,0.938,0.139
10362,1 - 1 - 2022,19800.0,4.909175083453431,4.216965733794858,5.623415332340303,0.0198,0.0158489,0.0251189,0.0294,0.0,0.05,0.154,0.1,0.2,26000.0,63.6,12100.0,1.0,True,0.01,0.95,10.0,39600.0,0.938,0.139
10363,1 - 1 - 2022,19800.0,4.888762624632126,4.216965733794858,5.623415332340303,0.0198,0.0158489,0.0251189,0.0259,0.0,0.05,0.254,0.2,0.3,40200.0,79.1,16300.0,1.0,True,0.01,0.95,10.0,39600.0,0.938,0.139
10364,1 - 1 - 2022,19800.0,4.868264577855234,4.216965733794858,5.623415332340303,0.0198,0.0158489,0.0251189,0.025,0.0,0.05,0.349,0.3,0.4,45700.0,84.4,15400.0,1.0,True,0.01,0.95,10.0,39600.0,0.938,0.139
10365,1 - 1 - 2022,19800.0,4.898979485566356,4.216965733794858,5.623415332340303,0.0199,0.0158489,0.0251189,0.024,0.0,0.05,0.449,0.4,0.5,39000.0,78.0,12000.0,1.0,True,0.01,0.95,10.0,39600.0,0.938,0.139
10366,1 - 1 - 2022,19800.0,4.888762624632126,4.216965733794858,5.623415332340303,0.0198,0.0158489,0.0251189,0.0249,0.0,0.05,0.549,0.5,0.6,30200.0,68.7,7570.0,1.0,True,0.01,0.95,10.0,39600.0,0.938,0.139
10367,1 - 1 - 2022,19800.0,4.868264577855234,4.216965733794858,5.623415332340303,0.0197,0.0158489,0.0251189,0.0253,0.0,0.05,0.647,0.6,0.7,20600.0,56.7,5510.0,1.0,True,0.01,0.95,10.0,39600.0,0.938,0.139
10368,1 - 1 - 2022,19800.0,4.878524367060187,4.216965733794858,5.623415332340303,0.0199,0.0158489,0.0251189,0.0261,0.0,0.05,0.746,0.7,0.8,14800.0,48.1,3750.0,1.0,True,0.01,0.95,10.0,39600.0,0.938,0.139
10369,1 - 1 - 2022,19800.0,4.898979485566356,4.216965733794858,5.623415332340303,0.0197,0.0158489,0.0251189,0.0272,0.0,0.05,0.841,0.8,0.9,9360.0,38.2,2030.0,1.0,True,0.01,0.95,10.0,39600.0,0.938,0.139
10370,1 - 1 - 2022,19800.0,4.888762624632126,4.216965733794858,5.623415332340303,0.02,0.0158489,0.0251189,0.0272,0.0,0.05,0.945,0.9,1.0,5060.0,28.1,1410.0,1.0,True,0.01,0.95,10.0,39600.0,0.938,0.139
10371,1 - 1 - 2022,19800.0,4.919349550499537,4.216965733794858,5.623415332340303,0.0197,0.0158489,0.0251189,0.0292,0.0,0.05,1.15,1.0,1.5,1270.0,6.3,282.0,1.0,True,0.01,0.95,10.0,39600.0,0.938,0.139
10372,1 - 1 - 2022,19800.0,4.969909455915671,4.216965733794858,5.623415332340303,0.0186,0.0158489,0.0251189,0.032,0.0,0.05,1.65,1.5,2.0,96.4,1.73,13.8,1.0,True,0.01,0.95,10.0,39600.0,0.938,0.139
10373,1 - 1 - 2022,19800.0,5.186520991955976,4.216965733794858,5.623415332340303,0.0187,0.0158489,0.0251189,0.03,0.0,0.05,2.07,2.0,4.0,1.72,0.116,0.0,1.0,True,0.01,0.95,10.0,39600.0,0.938,0.139
10374,1 - 1 - 2022,19800.0,4.929503017546495,4.216965733794858,5.623415332340303,0.0201,0.0158489,0.0251189,0.0747,0.05,0.1,0.0343,0.0,0.05,4890.0,39.0,4750.0,1.0,True,0.01,0.95,10.0,39600.0,0.938,0.139
10375,1 - 1 - 2022,19800.0,4.888762624632126,4.216965733794858,5.623415332340303,0.0199,0.0158489,0.0251189,0.0723,0.05,0.1,0.0781,0.05,0.1,12900.0,63.3,11700.0,1.0,True,0.01,0.95,10.0,39600.0,0.938,0.139
10376,1 - 1 - 2022,19800.0,4.847679857416329,4.216965733794858,5.623415332340303,0.0201,0.0158489,0.0251189,0.0726,0.05,0.1,0.15,0.1,0.2,20300.0,56.3,16100.0,1.0,True,0.01,0.95,10.0,39600.0,0.938,0.139
10377,1 - 1 - 2022,19800.0,4.8270073544588685,4.216965733794858,5.623415332340303,0.02,0.0158489,0.0251189,0.0733,0.05,0.1,0.25,0.2,0.3,26400.0,64.2,16800.0,1.0,True,0.01,0.95,10.0,39600.0,0.938,0.139
10378,1 - 1 - 2022,19800.0,4.868264577855234,4.216965733794858,5.623415332340303,0.02,0.0158489,0.0251189,0.0719,0.05,0.1,0.348,0.3,0.4,26300.0,64.0,12400.0,1.0,True,0.01,0.95,10.0,39600.0,0.938,0.139
10379,1 - 1 - 2022,19800.0,4.847679857416329,4.216965733794858,5.623415332340303,0.0199,0.0158489,0.0251189,0.0728,0.05,0.1,0.448,0.4,0.5,20600.0,56.7,8190.0,1.0,True,0.01,0.95,10.0,39600.0,0.938,0.139
10380,1 - 1 - 2022,19800.0,4.8373546489791295,4.216965733794858,5.623415332340303,0.0201,0.0158489,0.0251189,0.0732,0.05,0.1,0.546,0.5,0.6,17400.0,52.0,5820.0,1.0,True,0.01,0.95,10.0,39600.0,0.938,0.139
10381,1 - 1 - 2022,19800.0,4.847679857416329,4.216965733794858,5.623415332340303,0.0201,0.0158489,0.0251189,0.073,0.05,0.1,0.647,0.6,0.7,12800.0,44.6,2680.0,1.0,True,0.01,0.95,10.0,39600.0,0.938,0.139
10382,1 - 1 - 2022,19800.0,4.857983120596447,4.216965733794858,5.623415332340303,0.0202,0.0158489,0.0251189,0.0738,0.05,0.1,0.746,0.7,0.8,8470.0,36.3,1480.0,1.0,True,0.01,0.95,10.0,39600.0,0.938,0.139
10383,1 - 1 - 2022,19800.0,4.847679857416329,4.216965733794858,5.623415332340303,0.0199,0.0158489,0.0251189,0.0747,0.05,0.1,0.847,0.8,0.9,6500.0,31.8,791.0,1.0,True,0.01,0.95,10.0,39600.0,0.938,0.139
10384,1 - 1 - 2022,19800.0,4.8270073544588685,4.216965733794858,5.623415332340303,0.0199,0.0158489,0.0251189,0.0723,0.05,0.1,0.946,0.9,1.0,4820.0,27.4,275.0,1.0,True,0.01,0.95,10.0,39600.0,0.938,0.139
10385,1 - 1 - 2022,19800.0,4.868264577855234,4.216965733794858,5.623415332340303,0.02,0.0158489,0.0251189,0.0749,0.05,0.1,1.16,1.0,1.5,1470.0,6.76,27.5,1.0,True,0.01,0.95,10.0,39600.0,0.938,0.139
10386,1 - 1 - 2022,19800.0,4.909175083453431,4.216965733794858,5.623415332340303,0.0197,0.0158489,0.0251189,0.0747,0.05,0.1,1.68,1.5,2.0,241.0,2.74,6.88,1.0,True,0.01,0.95,10.0,39600.0,0.938,0.139
10387,1 - 1 - 2022,19800.0,4.8373546489791295,4.216965733794858,5.623415332340303,0.0189,0.0158489,0.0251189,0.0695,0.05,0.1,2.44,2.0,4.0,13.8,0.328,0.0,1.0,True,0.01,0.95,10.0,39600.0,0.938,0.139
10388,1 - 1 - 2022,19800.0,4.847679857416329,4.216965733794858,5.623415332340303,0.0207,0.0158489,0.0251189,0.121,0.1,0.15,0.036,0.0,0.05,2410.0,27.4,2060.0,1.0,True,0.01,0.95,10.0,39600.0,0.938,0.139
10389,1 - 1 - 2022,19800.0,4.8373546489791295,4.216965733794858,5.623415332340303,0.02,0.0158489,0.0251189,0.126,0.1,0.15,0.0774,0.05,0.1,7780.0,49.2,6680.0,1.0,True,0.01,0.95,10.0,39600.0,0.938,0.139
10390,1 - 1 - 2022,19800.0,4.8270073544588685,4.216965733794858,5.623415332340303,0.0201,0.0158489,0.0251189,0.122,0.1,0.15,0.155,0.1,0.2,12900.0,44.9,10200.0,1.0,True,0.01,0.95,10.0,39600.0,0.938,0.139
10391,1 - 1 - 2022,19800.0,4.847679857416329,4.216965733794858,5.623415332340303,0.0199,0.0158489,0.0251189,0.124,0.1,0.15,0.249,0.2,0.3,15400.0,49.0,9980.0,1.0,True,0.01,0.95,10.0,39600.0,0.938,0.139
10392,1 - 1 - 2022,19800.0,4.857983120596447,4.216965733794858,5.623415332340303,0.0201,0.0158489,0.0251189,0.123,0.1,0.15,0.346,0.3,0.4,16000.0,49.9,7910.0,1.0,True,0.01,0.95,10.0,39600.0,0.938,0.139
10393,1 - 1 - 2022,19800.0,4.857983120596447,4.216965733794858,5.623415332340303,0.0201,0.0158489,0.0251189,0.124,0.1,0.15,0.449,0.4,0.5,16600.0,50.8,7330.0,1.0,True,0.01,0.95,10.0,39600.0,0.938,0.139
10394,1 - 1 - 2022,19800.0,4.857983120596447,4.216965733794858,5.623415332340303,0.0197,0.0158489,0.0251189,0.123,0.1,0.15,0.544,0.5,0.6,11600.0,42.5,4610.0,1.0,True,0.01,0.95,10.0,39600.0,0.938,0.139
10395,1 - 1 - 2022,19800.0,4.868264577855234,4.216965733794858,5.623415332340303,0.0198,0.0158489,0.0251189,0.124,0.1,0.15,0.648,0.6,0.7,9430.0,38.3,3130.0,1.0,True,0.01,0.95,10.0,39600.0,0.938,0.139
10396,1 - 1 - 2022,19800.0,4.8270073544588685,4.216965733794858,5.623415332340303,0.0199,0.0158489,0.0251189,0.125,0.1,0.15,0.747,0.7,0.8,6470.0,31.8,2310.0,1.0,True,0.01,0.95,10.0,39600.0,0.938,0.139
10397,1 - 1 - 2022,19800.0,4.888762624632126,4.216965733794858,5.623415332340303,0.0204,0.0158489,0.0251189,0.122,0.1,0.15,0.845,0.8,0.9,4580.0,26.7,1100.0,1.0,True,0.01,0.95,10.0,39600.0,0.938,0.139
10398,1 - 1 - 2022,19800.0,4.795831523312719,4.216965733794858,5.623415332340303,0.02,0.0158489,0.0251189,0.122,0.1,0.15,0.946,0.9,1.0,2820.0,21.0,791.0,1.0,True,0.01,0.95,10.0,39600.0,0.938,0.139
10399,1 - 1 - 2022,19800.0,4.878524367060187,4.216965733794858,5.623415332340303,0.02,0.0158489,0.0251189,0.126,0.1,0.15,1.18,1.0,1.5,1130.0,5.93,158.0,1.0,True,0.01,0.95,10.0,39600.0,0.938,0.139
10400,1 - 1 - 2022,19800.0,4.9396356140913875,4.216965733794858,5.623415332340303,0.0199,0.0158489,0.0251189,0.125,0.1,0.15,1.67,1.5,2.0,193.0,2.45,0.0,1.0,True,0.01,0.95,10.0,39600.0,0.938,0.139
10401,1 - 1 - 2022,19800.0,4.888762624632126,4.216965733794858,5.623415332340303,0.0195,0.0158489,0.0251189,0.126,0.1,0.15,2.38,2.0,4.0,36.1,0.531,0.0,1.0,True,0.01,0.95,10.0,39600.0,0.938,0.139
10402,1 - 1 - 2022,19800.0,4.743416490252569,4.216965733794858,5.623415332340303,0.0203,0.0158489,0.0251189,0.172,0.15,0.2,0.0337,0.0,0.05,895.0,16.7,619.0,1.0,True,0.01,0.95,10.0,39600.0,0.938,0.139
10403,1 - 1 - 2022,19800.0,4.8373546489791295,4.216965733794858,5.623415332340303,0.02,0.0158489,0.0251189,0.171,0.15,0.2,0.075,0.05,0.1,5020.0,39.6,2620.0,1.0,True,0.01,0.95,10.0,39600.0,0.938,0.139
10404,1 - 1 - 2022,19800.0,4.878524367060187,4.216965733794858,5.623415332340303,0.0199,0.0158489,0.0251189,0.174,0.15,0.2,0.153,0.1,0.2,8220.0,35.8,3340.0,1.0,True,0.01,0.95,10.0,39600.0,0.938,0.139
10405,1 - 1 - 2022,19800.0,4.8270073544588685,4.216965733794858,5.623415332340303,0.02,0.0158489,0.0251189,0.174,0.15,0.2,0.251,0.2,0.3,11500.0,42.4,3890.0,1.0,True,0.01,0.95,10.0,39600.0,0.938,0.139
10406,1 - 1 - 2022,19800.0,4.8166378315169185,4.216965733794858,5.623415332340303,0.02,0.0158489,0.0251189,0.173,0.15,0.2,0.35,0.3,0.4,11100.0,41.7,3130.0,1.0,True,0.01,0.95,10.0,39600.0,0.938,0.139
10407,1 - 1 - 2022,19800.0,4.878524367060187,4.216965733794858,5.623415332340303,0.0202,0.0158489,0.0251189,0.172,0.15,0.2,0.446,0.4,0.5,10700.0,40.9,3100.0,1.0,True,0.01,0.95,10.0,39600.0,0.938,0.139
10408,1 - 1 - 2022,19800.0,4.8270073544588685,4.216965733794858,5.623415332340303,0.0199,0.0158489,0.0251189,0.176,0.15,0.2,0.549,0.5,0.6,6850.0,32.7,1860.0,1.0,True,0.01,0.95,10.0,39600.0,0.938,0.139
10409,1 - 1 - 2022,19800.0,4.8373546489791295,4.216965733794858,5.623415332340303,0.0203,0.0158489,0.0251189,0.171,0.15,0.2,0.647,0.6,0.7,6020.0,30.6,1890.0,1.0,True,0.01,0.95,10.0,39600.0,0.938,0.139
10410,1 - 1 - 2022,19800.0,4.857983120596447,4.216965733794858,5.623415332340303,0.02,0.0158489,0.0251189,0.175,0.15,0.2,0.746,0.7,0.8,4920.0,27.7,1450.0,1.0,True,0.01,0.95,10.0,39600.0,0.938,0.139
10411,1 - 1 - 2022,19800.0,4.8166378315169185,4.216965733794858,5.623415332340303,0.0206,0.0158489,0.0251189,0.175,0.15,0.2,0.844,0.8,0.9,3750.0,24.2,826.0,1.0,True,0.01,0.95,10.0,39600.0,0.938,0.139
10412,1 - 1 - 2022,19800.0,4.878524367060187,4.216965733794858,5.623415332340303,0.0201,0.0158489,0.0251189,0.174,0.15,0.2,0.943,0.9,1.0,2240.0,18.7,619.0,1.0,True,0.01,0.95,10.0,39600.0,0.938,0.139
10413,1 - 1 - 2022,19800.0,4.857983120596447,4.216965733794858,5.623415332340303,0.0203,0.0158489,0.0251189,0.173,0.15,0.2,1.19,1.0,1.5,950.0,5.44,124.0,1.0,True,0.01,0.95,10.0,39600.0,0.938,0.139
10414,1 - 1 - 2022,19800.0,4.795831523312719,4.216965733794858,5.623415332340303,0.0204,0.0158489,0.0251189,0.176,0.15,0.2,1.7,1.5,2.0,158.0,2.22,0.0,1.0,True,0.01,0.95,10.0,39600.0,0.938,0.139
10415,1 - 1 - 2022,19800.0,4.919349550499537,4.216965733794858,5.623415332340303,0.0201,0.0158489,0.0251189,0.181,0.15,0.2,2.56,2.0,4.0,20.6,0.401,0.0,1.0,True,0.01,0.95,10.0,39600.0,0.938,0.139
10416,1 - 1 - 2022,19800.0,4.898979485566356,4.216965733794858,5.623415332340303,0.02,0.0158489,0.0251189,0.224,0.2,0.25,0.0311,0.0,0.05,1030.0,17.9,138.0,1.0,True,0.01,0.95,10.0,39600.0,0.938,0.139
10417,1 - 1 - 2022,19800.0,4.857983120596447,4.216965733794858,5.623415332340303,0.0198,0.0158489,0.0251189,0.223,0.2,0.25,0.0764,0.05,0.1,3440.0,32.8,688.0,1.0,True,0.01,0.95,10.0,39600.0,0.938,0.139
10418,1 - 1 - 2022,19800.0,4.888762624632126,4.216965733794858,5.623415332340303,0.0201,0.0158489,0.0251189,0.223,0.2,0.25,0.149,0.1,0.2,5750.0,29.9,551.0,1.0,True,0.01,0.95,10.0,39600.0,0.938,0.139
10419,1 - 1 - 2022,19800.0,4.8270073544588685,4.216965733794858,5.623415332340303,0.0204,0.0158489,0.0251189,0.221,0.2,0.25,0.254,0.2,0.3,7300.0,33.7,1140.0,1.0,True,0.01,0.95,10.0,39600.0,0.938,0.139
10420,1 - 1 - 2022,19800.0,4.8373546489791295,4.216965733794858,5.623415332340303,0.02,0.0158489,0.0251189,0.223,0.2,0.25,0.353,0.3,0.4,6990.0,33.0,929.0,1.0,True,0.01,0.95,10.0,39600.0,0.938,0.139
10421,1 - 1 - 2022,19800.0,4.857983120596447,4.216965733794858,5.623415332340303,0.0201,0.0158489,0.0251189,0.221,0.2,0.25,0.449,0.4,0.5,6950.0,32.9,860.0,1.0,True,0.01,0.95,10.0,39600.0,0.938,0.139
10422,1 - 1 - 2022,19800.0,4.847679857416329,4.216965733794858,5.623415332340303,0.0199,0.0158489,0.0251189,0.224,0.2,0.25,0.547,0.5,0.6,5540.0,29.4,585.0,1.0,True,0.01,0.95,10.0,39600.0,0.938,0.139
10423,1 - 1 - 2022,19800.0,4.8373546489791295,4.216965733794858,5.623415332340303,0.0199,0.0158489,0.0251189,0.225,0.2,0.25,0.648,0.6,0.7,5470.0,29.2,447.0,1.0,True,0.01,0.95,10.0,39600.0,0.938,0.139
10424,1 - 1 - 2022,19800.0,4.857983120596447,4.216965733794858,5.623415332340303,0.02,0.0158489,0.0251189,0.225,0.2,0.25,0.746,0.7,0.8,3890.0,24.6,895.0,1.0,True,0.01,0.95,10.0,39600.0,0.938,0.139
10425,1 - 1 - 2022,19800.0,4.764451699828638,4.216965733794858,5.623415332340303,0.0203,0.0158489,0.0251189,0.224,0.2,0.25,0.847,0.8,0.9,2270.0,18.8,344.0,1.0,True,0.01,0.95,10.0,39600.0,0.938,0.139
10426,1 - 1 - 2022,19800.0,4.8373546489791295,4.216965733794858,5.623415332340303,0.0203,0.0158489,0.0251189,0.223,0.2,0.25,0.938,0.9,1.0,1890.0,17.2,379.0,1.0,True,0.01,0.95,10.0,39600.0,0.938,0.139
10427,1 - 1 - 2022,19800.0,4.898979485566356,4.216965733794858,5.623415332340303,0.02,0.0158489,0.0251189,0.223,0.2,0.25,1.19,1.0,1.5,640.0,4.47,75.7,1.0,True,0.01,0.95,10.0,39600.0,0.938,0.139
10428,1 - 1 - 2022,19800.0,4.959838707054898,4.216965733794858,5.623415332340303,0.0197,0.0158489,0.0251189,0.226,0.2,0.25,1.75,1.5,2.0,145.0,2.12,0.0,1.0,True,0.01,0.95,10.0,39600.0,0.938,0.139
10429,1 - 1 - 2022,19800.0,4.878524367060187,4.216965733794858,5.623415332340303,0.0208,0.0158489,0.0251189,0.22,0.2,0.25,2.44,2.0,4.0,24.1,0.433,0.0,1.0,True,0.01,0.95,10.0,39600.0,0.938,0.139
10430,1 - 1 - 2022,19800.0,4.806245936279167,4.216965733794858,5.623415332340303,0.0202,0.0158489,0.0251189,0.266,0.25,0.3,0.0333,0.0,0.05,826.0,16.0,0.0,1.0,True,0.01,0.95,10.0,39600.0,0.938,0.139
10431,1 - 1 - 2022,19800.0,4.795831523312719,4.216965733794858,5.623415332340303,0.0204,0.0158489,0.0251189,0.272,0.25,0.3,0.0796,0.05,0.1,1510.0,21.7,0.0,1.0,True,0.01,0.95,10.0,39600.0,0.938,0.139
10432,1 - 1 - 2022,19800.0,4.806245936279167,4.216965733794858,5.623415332340303,0.0196,0.0158489,0.0251189,0.272,0.25,0.3,0.154,0.1,0.2,3030.0,21.7,103.0,1.0,True,0.01,0.95,10.0,39600.0,0.938,0.139
10433,1 - 1 - 2022,19800.0,4.774934554525329,4.216965733794858,5.623415332340303,0.0198,0.0158489,0.0251189,0.273,0.25,0.3,0.253,0.2,0.3,3850.0,24.5,68.8,1.0,True,0.01,0.95,10.0,39600.0,0.938,0.139
10434,1 - 1 - 2022,19800.0,4.8373546489791295,4.216965733794858,5.623415332340303,0.0197,0.0158489,0.0251189,0.274,0.25,0.3,0.353,0.3,0.4,5020.0,28.0,68.8,1.0,True,0.01,0.95,10.0,39600.0,0.938,0.139
10435,1 - 1 - 2022,19800.0,4.847679857416329,4.216965733794858,5.623415332340303,0.0196,0.0158489,0.0251189,0.271,0.25,0.3,0.452,0.4,0.5,3960.0,24.8,103.0,1.0,True,0.01,0.95,10.0,39600.0,0.938,0.139
10436,1 - 1 - 2022,19800.0,4.868264577855234,4.216965733794858,5.623415332340303,0.02,0.0158489,0.0251189,0.27,0.25,0.3,0.543,0.5,0.6,4540.0,26.6,275.0,1.0,True,0.01,0.95,10.0,39600.0,0.938,0.139
10437,1 - 1 - 2022,19800.0,4.8373546489791295,4.216965733794858,5.623415332340303,0.02,0.0158489,0.0251189,0.273,0.25,0.3,0.653,0.6,0.7,3230.0,22.5,206.0,1.0,True,0.01,0.95,10.0,39600.0,0.938,0.139
10438,1 - 1 - 2022,19800.0,4.806245936279167,4.216965733794858,5.623415332340303,0.0198,0.0158489,0.0251189,0.271,0.25,0.3,0.756,0.7,0.8,2750.0,20.7,206.0,1.0,True,0.01,0.95,10.0,39600.0,0.938,0.139
10439,1 - 1 - 2022,19800.0,4.8270073544588685,4.216965733794858,5.623415332340303,0.0203,0.0158489,0.0251189,0.271,0.25,0.3,0.844,0.8,0.9,2170.0,18.4,172.0,1.0,True,0.01,0.95,10.0,39600.0,0.938,0.139
10440,1 - 1 - 2022,19800.0,4.898979485566356,4.216965733794858,5.623415332340303,0.0205,0.0158489,0.0251189,0.273,0.25,0.3,0.952,0.9,1.0,1620.0,15.9,206.0,1.0,True,0.01,0.95,10.0,39600.0,0.938,0.139
10441,1 - 1 - 2022,19800.0,4.8270073544588685,4.216965733794858,5.623415332340303,0.0206,0.0158489,0.0251189,0.277,0.25,0.3,1.2,1.0,1.5,523.0,4.04,55.1,1.0,True,0.01,0.95,10.0,39600.0,0.938,0.139
10442,1 - 1 - 2022,19800.0,4.795831523312719,4.216965733794858,5.623415332340303,0.0207,0.0158489,0.0251189,0.275,0.25,0.3,1.63,1.5,2.0,103.0,1.79,6.88,1.0,True,0.01,0.95,10.0,39600.0,0.938,0.139
10443,1 - 1 - 2022,19800.0,4.898979485566356,4.216965733794858,5.623415332340303,0.0192,0.0158489,0.0251189,0.278,0.25,0.3,2.54,2.0,4.0,18.9,0.384,0.0,1.0,True,0.01,0.95,10.0,39600.0,0.938,0.139
10444,1 - 1 - 2022,19800.0,4.878524367060187,4.216965733794858,5.623415332340303,0.0207,0.0158489,0.0251189,0.346,0.3,0.4,0.0294,0.0,0.05,379.0,7.68,0.0,1.0,True,0.01,0.95,10.0,39600.0,0.938,0.139
10445,1 - 1 - 2022,19800.0,4.857983120596447,4.216965733794858,5.623415332340303,0.0194,0.0158489,0.0251189,0.337,0.3,0.4,0.08,0.05,0.1,1100.0,13.1,0.0,1.0,True,0.01,0.95,10.0,39600.0,0.938,0.139
10446,1 - 1 - 2022,19800.0,4.8166378315169185,4.216965733794858,5.623415332340303,0.02,0.0158489,0.0251189,0.344,0.3,0.4,0.158,0.1,0.2,1600.0,11.2,0.0,1.0,True,0.01,0.95,10.0,39600.0,0.938,0.139
10447,1 - 1 - 2022,19800.0,4.857983120596447,4.216965733794858,5.623415332340303,0.0202,0.0158489,0.0251189,0.345,0.3,0.4,0.254,0.2,0.3,2720.0,14.6,0.0,1.0,True,0.01,0.95,10.0,39600.0,0.938,0.139
10448,1 - 1 - 2022,19800.0,4.8166378315169185,4.216965733794858,5.623415332340303,0.0203,0.0158489,0.0251189,0.348,0.3,0.4,0.351,0.3,0.4,2930.0,15.1,17.2,1.0,True,0.01,0.95,10.0,39600.0,0.938,0.139
10449,1 - 1 - 2022,19800.0,4.806245936279167,4.216965733794858,5.623415332340303,0.02,0.0158489,0.0251189,0.347,0.3,0.4,0.445,0.4,0.5,2600.0,14.2,0.0,1.0,True,0.01,0.95,10.0,39600.0,0.938,0.139
10450,1 - 1 - 2022,19800.0,4.8373546489791295,4.216965733794858,5.623415332340303,0.02,0.0158489,0.0251189,0.343,0.3,0.4,0.552,0.5,0.6,2250.0,13.3,34.4,1.0,True,0.01,0.95,10.0,39600.0,0.938,0.139
10451,1 - 1 - 2022,19800.0,4.847679857416329,4.216965733794858,5.623415332340303,0.0198,0.0158489,0.0251189,0.345,0.3,0.4,0.649,0.6,0.7,2410.0,13.7,17.2,1.0,True,0.01,0.95,10.0,39600.0,0.938,0.139
10452,1 - 1 - 2022,19800.0,4.795831523312719,4.216965733794858,5.623415332340303,0.02,0.0158489,0.0251189,0.342,0.3,0.4,0.752,0.7,0.8,1570.0,11.0,0.0,1.0,True,0.01,0.95,10.0,39600.0,0.938,0.139
10453,1 - 1 - 2022,19800.0,4.8373546489791295,4.216965733794858,5.623415332340303,0.0204,0.0158489,0.0251189,0.341,0.3,0.4,0.853,0.8,0.9,1310.0,10.1,86.0,1.0,True,0.01,0.95,10.0,39600.0,0.938,0.139
10454,1 - 1 - 2022,19800.0,4.8166378315169185,4.216965733794858,5.623415332340303,0.02,0.0158489,0.0251189,0.343,0.3,0.4,0.946,0.9,1.0,877.0,8.27,51.6,1.0,True,0.01,0.95,10.0,39600.0,0.938,0.139
10455,1 - 1 - 2022,19800.0,4.868264577855234,4.216965733794858,5.623415332340303,0.0198,0.0158489,0.0251189,0.349,0.3,0.4,1.2,1.0,1.5,396.0,2.48,37.9,1.0,True,0.01,0.95,10.0,39600.0,0.938,0.139
10456,1 - 1 - 2022,19800.0,4.898979485566356,4.216965733794858,5.623415332340303,0.0201,0.0158489,0.0251189,0.35,0.3,0.4,1.71,1.5,2.0,96.4,1.23,24.1,1.0,True,0.01,0.95,10.0,39600.0,0.938,0.139
10457,1 - 1 - 2022,19800.0,4.9396356140913875,4.216965733794858,5.623415332340303,0.019,0.0158489,0.0251189,0.345,0.3,0.4,2.62,2.0,4.0,12.9,0.224,0.86,1.0,True,0.01,0.95,10.0,39600.0,0.938,0.139
10458,1 - 1 - 2022,19800.0,5.0,4.216965733794858,5.623415332340303,0.0235,0.0158489,0.0251189,0.417,0.4,0.5,0.0334,0.0,0.05,34.4,2.32,0.0,1.0,True,0.01,0.95,10.0,39600.0,0.938,0.139
10459,1 - 1 - 2022,19800.0,4.679743582719036,4.216965733794858,5.623415332340303,0.0211,0.0158489,0.0251189,0.436,0.4,0.5,0.0809,0.05,0.1,654.0,10.1,0.0,1.0,True,0.01,0.95,10.0,39600.0,0.938,0.139
10460,1 - 1 - 2022,19800.0,4.774934554525329,4.216965733794858,5.623415332340303,0.0204,0.0158489,0.0251189,0.445,0.4,0.5,0.154,0.1,0.2,1120.0,9.34,0.0,1.0,True,0.01,0.95,10.0,39600.0,0.938,0.139
10461,1 - 1 - 2022,19800.0,4.795831523312719,4.216965733794858,5.623415332340303,0.0202,0.0158489,0.0251189,0.444,0.4,0.5,0.251,0.2,0.3,1170.0,9.55,0.0,1.0,True,0.01,0.95,10.0,39600.0,0.938,0.139
10462,1 - 1 - 2022,19800.0,4.78539444560216,4.216965733794858,5.623415332340303,0.0201,0.0158489,0.0251189,0.447,0.4,0.5,0.349,0.3,0.4,1570.0,11.0,0.0,1.0,True,0.01,0.95,10.0,39600.0,0.938,0.139
10463,1 - 1 - 2022,19800.0,4.8270073544588685,4.216965733794858,5.623415332340303,0.0202,0.0158489,0.0251189,0.441,0.4,0.5,0.451,0.4,0.5,1380.0,10.4,34.4,1.0,True,0.01,0.95,10.0,39600.0,0.938,0.139
10464,1 - 1 - 2022,19800.0,4.847679857416329,4.216965733794858,5.623415332340303,0.02,0.0158489,0.0251189,0.448,0.4,0.5,0.55,0.5,0.6,1510.0,10.9,51.6,1.0,True,0.01,0.95,10.0,39600.0,0.938,0.139
10465,1 - 1 - 2022,19800.0,4.8270073544588685,4.216965733794858,5.623415332340303,0.019,0.0158489,0.0251189,0.445,0.4,0.5,0.648,0.6,0.7,877.0,8.27,17.2,1.0,True,0.01,0.95,10.0,39600.0,0.938,0.139
10466,1 - 1 - 2022,19800.0,4.888762624632126,4.216965733794858,5.623415332340303,0.0202,0.0158489,0.0251189,0.446,0.4,0.5,0.758,0.7,0.8,774.0,7.77,34.4,1.0,True,0.01,0.95,10.0,39600.0,0.938,0.139
10467,1 - 1 - 2022,19800.0,4.8373546489791295,4.216965733794858,5.623415332340303,0.0202,0.0158489,0.0251189,0.442,0.4,0.5,0.849,0.8,0.9,740.0,7.59,34.4,1.0,True,0.01,0.95,10.0,39600.0,0.938,0.139
10468,1 - 1 - 2022,19800.0,4.8373546489791295,4.216965733794858,5.623415332340303,0.0204,0.0158489,0.0251189,0.451,0.4,0.5,0.944,0.9,1.0,482.0,6.13,34.4,1.0,True,0.01,0.95,10.0,39600.0,0.938,0.139
10469,1 - 1 - 2022,19800.0,4.919349550499537,4.216965733794858,5.623415332340303,0.02,0.0158489,0.0251189,0.446,0.4,0.5,1.19,1.0,1.5,169.0,1.62,13.8,1.0,True,0.01,0.95,10.0,39600.0,0.938,0.139
10470,1 - 1 - 2022,19800.0,4.732863826479693,4.216965733794858,5.623415332340303,0.0197,0.0158489,0.0251189,0.454,0.4,0.5,1.71,1.5,2.0,44.7,0.835,6.88,1.0,True,0.01,0.95,10.0,39600.0,0.938,0.139
10471,1 - 1 - 2022,19800.0,4.919349550499537,4.216965733794858,5.623415332340303,0.0197,0.0158489,0.0251189,0.44,0.4,0.5,2.48,2.0,4.0,8.6,0.183,0.0,1.0,True,0.01,0.95,10.0,39600.0,0.938,0.139
10472,1 - 1 - 2022,19800.0,4.909175083453431,4.216965733794858,5.623415332340303,0.0222,0.0158489,0.0251189,0.563,0.5,0.6,0.0271,0.0,0.05,172.0,5.18,34.4,1.0,True,0.01,0.95,10.0,39600.0,0.938,0.139
10473,1 - 1 - 2022,19800.0,4.764451699828638,4.216965733794858,5.623415332340303,0.0198,0.0158489,0.0251189,0.54,0.5,0.6,0.0773,0.05,0.1,447.0,8.35,34.4,1.0,True,0.01,0.95,10.0,39600.0,0.938,0.139
10474,1 - 1 - 2022,19800.0,4.857983120596447,4.216965733794858,5.623415332340303,0.0203,0.0158489,0.0251189,0.547,0.5,0.6,0.158,0.1,0.2,809.0,7.94,120.0,1.0,True,0.01,0.95,10.0,39600.0,0.938,0.139
10475,1 - 1 - 2022,19800.0,4.795831523312719,4.216965733794858,5.623415332340303,0.0205,0.0158489,0.0251189,0.547,0.5,0.6,0.248,0.2,0.3,809.0,7.94,120.0,1.0,True,0.01,0.95,10.0,39600.0,0.938,0.139
10476,1 - 1 - 2022,19800.0,4.722287581247038,4.216965733794858,5.623415332340303,0.0203,0.0158489,0.0251189,0.549,0.5,0.6,0.352,0.3,0.4,946.0,8.59,34.4,1.0,True,0.01,0.95,10.0,39600.0,0.938,0.139
10477,1 - 1 - 2022,19800.0,4.888762624632126,4.216965733794858,5.623415332340303,0.0202,0.0158489,0.0251189,0.545,0.5,0.6,0.447,0.4,0.5,688.0,7.32,51.6,1.0,True,0.01,0.95,10.0,39600.0,0.938,0.139
10478,1 - 1 - 2022,19800.0,4.868264577855234,4.216965733794858,5.623415332340303,0.0202,0.0158489,0.0251189,0.545,0.5,0.6,0.554,0.5,0.6,619.0,6.95,172.0,1.0,True,0.01,0.95,10.0,39600.0,0.938,0.139
10479,1 - 1 - 2022,19800.0,4.8270073544588685,4.216965733794858,5.623415332340303,0.0196,0.0158489,0.0251189,0.553,0.5,0.6,0.652,0.6,0.7,637.0,7.04,51.6,1.0,True,0.01,0.95,10.0,39600.0,0.938,0.139
10480,1 - 1 - 2022,19800.0,4.774934554525329,4.216965733794858,5.623415332340303,0.0202,0.0158489,0.0251189,0.548,0.5,0.6,0.751,0.7,0.8,447.0,5.9,86.0,1.0,True,0.01,0.95,10.0,39600.0,0.938,0.139
10481,1 - 1 - 2022,19800.0,4.78539444560216,4.216965733794858,5.623415332340303,0.0203,0.0158489,0.0251189,0.55,0.5,0.6,0.85,0.8,0.9,447.0,5.9,68.8,1.0,True,0.01,0.95,10.0,39600.0,0.938,0.139
10482,1 - 1 - 2022,19800.0,4.78539444560216,4.216965733794858,5.623415332340303,0.0199,0.0158489,0.0251189,0.538,0.5,0.6,0.951,0.9,1.0,361.0,5.31,51.6,1.0,True,0.01,0.95,10.0,39600.0,0.938,0.139
10483,1 - 1 - 2022,19800.0,4.868264577855234,4.216965733794858,5.623415332340303,0.0195,0.0158489,0.0251189,0.549,0.5,0.6,1.19,1.0,1.5,141.0,1.48,20.6,1.0,True,0.01,0.95,10.0,39600.0,0.938,0.139
10484,1 - 1 - 2022,19800.0,5.0,4.216965733794858,5.623415332340303,0.0198,0.0158489,0.0251189,0.541,0.5,0.6,1.77,1.5,2.0,10.3,0.401,6.88,1.0,True,0.01,0.95,10.0,39600.0,0.938,0.139
10485,1 - 1 - 2022,19800.0,5.019960159204453,4.216965733794858,5.623415332340303,0.0181,0.0158489,0.0251189,0.546,0.5,0.6,2.35,2.0,4.0,4.3,0.129,0.86,1.0,True,0.01,0.95,10.0,39600.0,0.938,0.139
10486,1 - 1 - 2022,19800.0,4.753945729601885,4.216965733794858,5.623415332340303,0.0207,0.0158489,0.0251189,0.646,0.6,0.7,0.0732,0.05,0.1,138.0,4.63,34.4,1.0,True,0.01,0.95,10.0,39600.0,0.938,0.139
10487,1 - 1 - 2022,19800.0,4.795831523312719,4.216965733794858,5.623415332340303,0.0198,0.0158489,0.0251189,0.637,0.6,0.7,0.156,0.1,0.2,396.0,5.55,86.0,1.0,True,0.01,0.95,10.0,39600.0,0.938,0.139
10488,1 - 1 - 2022,19800.0,4.898979485566356,4.216965733794858,5.623415332340303,0.0207,0.0158489,0.0251189,0.643,0.6,0.7,0.261,0.2,0.3,361.0,5.31,206.0,1.0,True,0.01,0.95,10.0,39600.0,0.938,0.139
10489,1 - 1 - 2022,19800.0,4.774934554525329,4.216965733794858,5.623415332340303,0.0201,0.0158489,0.0251189,0.647,0.6,0.7,0.357,0.3,0.4,568.0,6.65,155.0,1.0,True,0.01,0.95,10.0,39600.0,0.938,0.139
10490,1 - 1 - 2022,19800.0,4.8270073544588685,4.216965733794858,5.623415332340303,0.0199,0.0158489,0.0251189,0.64,0.6,0.7,0.447,0.4,0.5,533.0,6.45,206.0,1.0,True,0.01,0.95,10.0,39600.0,0.938,0.139
10491,1 - 1 - 2022,19800.0,4.69041575982343,4.216965733794858,5.623415332340303,0.0198,0.0158489,0.0251189,0.657,0.6,0.7,0.547,0.5,0.6,430.0,5.79,189.0,1.0,True,0.01,0.95,10.0,39600.0,0.938,0.139
10492,1 - 1 - 2022,19800.0,4.8373546489791295,4.216965733794858,5.623415332340303,0.0192,0.0158489,0.0251189,0.64,0.6,0.7,0.654,0.6,0.7,292.0,4.77,120.0,1.0,True,0.01,0.95,10.0,39600.0,0.938,0.139
10493,1 - 1 - 2022,19800.0,4.949747468305833,4.216965733794858,5.623415332340303,0.0205,0.0158489,0.0251189,0.644,0.6,0.7,0.741,0.7,0.8,275.0,4.63,120.0,1.0,True,0.01,0.95,10.0,39600.0,0.938,0.139
10494,1 - 1 - 2022,19800.0,4.9396356140913875,4.216965733794858,5.623415332340303,0.0205,0.0158489,0.0251189,0.635,0.6,0.7,0.853,0.8,0.9,241.0,4.33,86.0,1.0,True,0.01,0.95,10.0,39600.0,0.938,0.139
10495,1 - 1 - 2022,19800.0,4.959838707054898,4.216965733794858,5.623415332340303,0.0198,0.0158489,0.0251189,0.64,0.6,0.7,0.958,0.9,1.0,138.0,3.28,68.8,1.0,True,0.01,0.95,10.0,39600.0,0.938,0.139
10496,1 - 1 - 2022,19800.0,4.8373546489791295,4.216965733794858,5.623415332340303,0.0202,0.0158489,0.0251189,0.651,0.6,0.7,1.19,1.0,1.5,72.3,1.06,20.6,1.0,True,0.01,0.95,10.0,39600.0,0.938,0.139
10497,1 - 1 - 2022,19800.0,5.029910535983717,4.216965733794858,5.623415332340303,0.0206,0.0158489,0.0251189,0.662,0.6,0.7,1.59,1.5,2.0,10.3,0.401,0.0,1.0,True,0.01,0.95,10.0,39600.0,0.938,0.139
10498,1 - 1 - 2022,19800.0,4.626013402488151,4.216965733794858,5.623415332340303,0.02,0.0158489,0.0251189,0.637,0.6,0.7,2.31,2.0,4.0,0.86,0.0579,0.0,1.0,True,0.01,0.95,10.0,39600.0,0.938,0.139
10499,1 - 1 - 2022,19800.0,4.857983120596447,4.216965733794858,5.623415332340303,0.0197,0.0158489,0.0251189,0.739,0.7,0.8,0.145,0.1,0.2,155.0,3.47,120.0,1.0,True,0.01,0.95,10.0,39600.0,0.938,0.139
10500,1 - 1 - 2022,19800.0,5.049752469181039,4.216965733794858,5.623415332340303,0.02,0.0158489,0.0251189,0.74,0.7,0.8,0.238,0.2,0.3,206.0,4.01,172.0,1.0,True,0.01,0.95,10.0,39600.0,0.938,0.139
10501,1 - 1 - 2022,19800.0,5.1478150704935,4.216965733794858,5.623415332340303,0.0204,0.0158489,0.0251189,0.765,0.7,0.8,0.353,0.3,0.4,258.0,4.48,224.0,1.0,True,0.01,0.95,10.0,39600.0,0.938,0.139
10502,1 - 1 - 2022,19800.0,4.929503017546495,4.216965733794858,5.623415332340303,0.0201,0.0158489,0.0251189,0.751,0.7,0.8,0.455,0.4,0.5,327.0,5.05,224.0,1.0,True,0.01,0.95,10.0,39600.0,0.938,0.139
10503,1 - 1 - 2022,19800.0,4.764451699828638,4.216965733794858,5.623415332340303,0.0194,0.0158489,0.0251189,0.73,0.7,0.8,0.54,0.5,0.6,275.0,4.63,103.0,1.0,True,0.01,0.95,10.0,39600.0,0.938,0.139
10504,1 - 1 - 2022,19800.0,4.795831523312719,4.216965733794858,5.623415332340303,0.0204,0.0158489,0.0251189,0.739,0.7,0.8,0.651,0.6,0.7,241.0,4.33,103.0,1.0,True,0.01,0.95,10.0,39600.0,0.938,0.139
10505,1 - 1 - 2022,19800.0,4.959838707054898,4.216965733794858,5.623415332340303,0.0206,0.0158489,0.0251189,0.755,0.7,0.8,0.747,0.7,0.8,206.0,4.01,138.0,1.0,True,0.01,0.95,10.0,39600.0,0.938,0.139
10506,1 - 1 - 2022,19800.0,4.969909455915671,4.216965733794858,5.623415332340303,0.0216,0.0158489,0.0251189,0.732,0.7,0.8,0.861,0.8,0.9,120.0,3.06,51.6,1.0,True,0.01,0.95,10.0,39600.0,0.938,0.139
10507,1 - 1 - 2022,19800.0,4.8373546489791295,4.216965733794858,5.623415332340303,0.0208,0.0158489,0.0251189,0.741,0.7,0.8,0.942,0.9,1.0,120.0,3.06,51.6,1.0,True,0.01,0.95,10.0,39600.0,0.938,0.139
10508,1 - 1 - 2022,19800.0,4.571651780264984,4.216965733794858,5.623415332340303,0.0204,0.0158489,0.0251189,0.727,0.7,0.8,1.22,1.0,1.5,41.3,0.802,10.3,1.0,True,0.01,0.95,10.0,39600.0,0.938,0.139
10509,1 - 1 - 2022,19800.0,5.10881590977792,4.216965733794858,5.623415332340303,0.0234,0.0158489,0.0251189,0.797,0.7,0.8,1.59,1.5,2.0,3.44,0.232,0.0,1.0,True,0.01,0.95,10.0,39600.0,0.938,0.139
10510,1 - 1 - 2022,19800.0,4.483302354291979,4.216965733794858,5.623415332340303,0.0176,0.0158489,0.0251189,0.766,0.7,0.8,2.26,2.0,4.0,1.72,0.0819,0.0,1.0,True,0.01,0.95,10.0,39600.0,0.938,0.139
10511,1 - 1 - 2022,19800.0,4.701063709417263,4.216965733794858,5.623415332340303,0.0192,0.0158489,0.0251189,0.839,0.8,0.9,0.167,0.1,0.2,120.0,3.06,103.0,1.0,True,0.01,0.95,10.0,39600.0,0.938,0.139
10512,1 - 1 - 2022,19800.0,4.505552130427524,4.216965733794858,5.623415332340303,0.0209,0.0158489,0.0251189,0.852,0.8,0.9,0.256,0.2,0.3,68.8,2.32,51.6,1.0,True,0.01,0.95,10.0,39600.0,0.938,0.139
10513,1 - 1 - 2022,19800.0,4.6475800154489,4.216965733794858,5.623415332340303,0.0207,0.0158489,0.0251189,0.83,0.8,0.9,0.356,0.3,0.4,138.0,3.28,86.0,1.0,True,0.01,0.95,10.0,39600.0,0.938,0.139
10514,1 - 1 - 2022,19800.0,4.679743582719036,4.216965733794858,5.623415332340303,0.023,0.0158489,0.0251189,0.851,0.8,0.9,0.49,0.4,0.5,51.6,2.01,17.2,1.0,True,0.01,0.95,10.0,39600.0,0.938,0.139
10515,1 - 1 - 2022,19800.0,4.61519230368573,4.216965733794858,5.623415332340303,0.0215,0.0158489,0.0251189,0.843,0.8,0.9,0.553,0.5,0.6,86.0,2.59,51.6,1.0,True,0.01,0.95,10.0,39600.0,0.938,0.139
10516,1 - 1 - 2022,19800.0,4.868264577855234,4.216965733794858,5.623415332340303,0.0206,0.0158489,0.0251189,0.844,0.8,0.9,0.673,0.6,0.7,120.0,3.06,103.0,1.0,True,0.01,0.95,10.0,39600.0,0.938,0.139
10517,1 - 1 - 2022,19800.0,4.979959839195493,4.216965733794858,5.623415332340303,0.022,0.0158489,0.0251189,0.846,0.8,0.9,0.867,0.8,0.9,34.4,1.64,17.2,1.0,True,0.01,0.95,10.0,39600.0,0.938,0.139
10518,1 - 1 - 2022,19800.0,4.909175083453431,4.216965733794858,5.623415332340303,0.0188,0.0158489,0.0251189,0.833,0.8,0.9,0.942,0.9,1.0,34.4,1.64,0.0,1.0,True,0.01,0.95,10.0,39600.0,0.938,0.139
10519,1 - 1 - 2022,19800.0,4.929503017546495,4.216965733794858,5.623415332340303,0.0195,0.0158489,0.0251189,0.848,0.8,0.9,1.29,1.0,1.5,24.1,0.613,10.3,1.0,True,0.01,0.95,10.0,39600.0,0.938,0.139
10520,1 - 1 - 2022,19800.0,5.059644256269407,4.216965733794858,5.623415332340303,0.0313,0.0251189,0.0398107,0.0369,0.0,0.05,0.0348,0.0,0.05,1690.0,18.3,782.0,1.0,True,0.01,0.95,10.0,39600.0,0.938,0.139
10521,1 - 1 - 2022,19800.0,4.9396356140913875,4.216965733794858,5.623415332340303,0.0311,0.0251189,0.0398107,0.0363,0.0,0.05,0.0775,0.05,0.1,5300.0,32.3,2210.0,1.0,True,0.01,0.95,10.0,39600.0,0.938,0.139
10522,1 - 1 - 2022,19800.0,4.898979485566356,4.216965733794858,5.623415332340303,0.031,0.0251189,0.0398107,0.0343,0.0,0.05,0.157,0.1,0.2,9290.0,30.2,4040.0,1.0,True,0.01,0.95,10.0,39600.0,0.938,0.139
10523,1 - 1 - 2022,19800.0,4.929503017546495,4.216965733794858,5.623415332340303,0.0314,0.0251189,0.0398107,0.031,0.0,0.05,0.254,0.2,0.3,15600.0,39.2,6840.0,1.0,True,0.01,0.95,10.0,39600.0,0.938,0.139
10524,1 - 1 - 2022,19800.0,4.898979485566356,4.216965733794858,5.623415332340303,0.0314,0.0251189,0.0398107,0.0297,0.0,0.05,0.348,0.3,0.4,19300.0,43.6,7320.0,1.0,True,0.01,0.95,10.0,39600.0,0.938,0.139
10525,1 - 1 - 2022,19800.0,4.878524367060187,4.216965733794858,5.623415332340303,0.0314,0.0251189,0.0398107,0.0298,0.0,0.05,0.45,0.4,0.5,17300.0,41.2,5600.0,1.0,True,0.01,0.95,10.0,39600.0,0.938,0.139
10526,1 - 1 - 2022,19800.0,4.878524367060187,4.216965733794858,5.623415332340303,0.0313,0.0251189,0.0398107,0.0296,0.0,0.05,0.546,0.5,0.6,13600.0,36.6,4560.0,1.0,True,0.01,0.95,10.0,39600.0,0.938,0.139
10527,1 - 1 - 2022,19800.0,4.878524367060187,4.216965733794858,5.623415332340303,0.0311,0.0251189,0.0398107,0.0298,0.0,0.05,0.646,0.6,0.7,9140.0,30.0,3000.0,1.0,True,0.01,0.95,10.0,39600.0,0.938,0.139
10528,1 - 1 - 2022,19800.0,4.919349550499537,4.216965733794858,5.623415332340303,0.0316,0.0251189,0.0398107,0.0308,0.0,0.05,0.745,0.7,0.8,5820.0,23.9,2000.0,1.0,True,0.01,0.95,10.0,39600.0,0.938,0.139
10529,1 - 1 - 2022,19800.0,4.888762624632126,4.216965733794858,5.623415332340303,0.0312,0.0251189,0.0398107,0.0305,0.0,0.05,0.847,0.8,0.9,4170.0,20.2,1650.0,1.0,True,0.01,0.95,10.0,39600.0,0.938,0.139
10530,1 - 1 - 2022,19800.0,4.8373546489791295,4.216965733794858,5.623415332340303,0.0317,0.0251189,0.0398107,0.0328,0.0,0.05,0.944,0.9,1.0,1850.0,13.5,803.0,1.0,True,0.01,0.95,10.0,39600.0,0.938,0.139
10531,1 - 1 - 2022,19800.0,4.878524367060187,4.216965733794858,5.623415332340303,0.0315,0.0251189,0.0398107,0.033,0.0,0.05,1.14,1.0,1.5,512.0,3.17,226.0,1.0,True,0.01,0.95,10.0,39600.0,0.938,0.139
10532,1 - 1 - 2022,19800.0,5.1478150704935,4.216965733794858,5.623415332340303,0.0281,0.0251189,0.0398107,0.0351,0.0,0.05,1.65,1.5,2.0,26.1,0.716,13.0,1.0,True,0.01,0.95,10.0,39600.0,0.938,0.139
10533,1 - 1 - 2022,19800.0,4.722287581247038,4.216965733794858,5.623415332340303,0.0317,0.0251189,0.0398107,0.0725,0.05,0.1,0.0318,0.0,0.05,2080.0,20.3,391.0,1.0,True,0.01,0.95,10.0,39600.0,0.938,0.139
10534,1 - 1 - 2022,19800.0,4.8373546489791295,4.216965733794858,5.623415332340303,0.0315,0.0251189,0.0398107,0.0723,0.05,0.1,0.0781,0.05,0.1,6380.0,35.4,1780.0,1.0,True,0.01,0.95,10.0,39600.0,0.938,0.139
10535,1 - 1 - 2022,19800.0,4.8166378315169185,4.216965733794858,5.623415332340303,0.0318,0.0251189,0.0398107,0.073,0.05,0.1,0.155,0.1,0.2,11000.0,32.8,3000.0,1.0,True,0.01,0.95,10.0,39600.0,0.938,0.139
10536,1 - 1 - 2022,19800.0,4.8270073544588685,4.216965733794858,5.623415332340303,0.0321,0.0251189,0.0398107,0.0726,0.05,0.1,0.25,0.2,0.3,14100.0,37.3,3710.0,1.0,True,0.01,0.95,10.0,39600.0,0.938,0.139
10537,1 - 1 - 2022,19800.0,4.888762624632126,4.216965733794858,5.623415332340303,0.0318,0.0251189,0.0398107,0.0729,0.05,0.1,0.349,0.3,0.4,14700.0,38.0,3060.0,1.0,True,0.01,0.95,10.0,39600.0,0.938,0.139
10538,1 - 1 - 2022,19800.0,4.878524367060187,4.216965733794858,5.623415332340303,0.0318,0.0251189,0.0398107,0.0725,0.05,0.1,0.446,0.4,0.5,11800.0,34.1,1800.0,1.0,True,0.01,0.95,10.0,39600.0,0.938,0.139
10539,1 - 1 - 2022,19800.0,4.857983120596447,4.216965733794858,5.623415332340303,0.032,0.0251189,0.0398107,0.0721,0.05,0.1,0.55,0.5,0.6,9030.0,29.8,1090.0,1.0,True,0.01,0.95,10.0,39600.0,0.938,0.139
10540,1 - 1 - 2022,19800.0,4.868264577855234,4.216965733794858,5.623415332340303,0.0319,0.0251189,0.0398107,0.0736,0.05,0.1,0.648,0.6,0.7,7820.0,27.7,760.0,1.0,True,0.01,0.95,10.0,39600.0,0.938,0.139
10541,1 - 1 - 2022,19800.0,4.8373546489791295,4.216965733794858,5.623415332340303,0.0313,0.0251189,0.0398107,0.075,0.05,0.1,0.747,0.7,0.8,5210.0,22.6,130.0,1.0,True,0.01,0.95,10.0,39600.0,0.938,0.139
10542,1 - 1 - 2022,19800.0,4.878524367060187,4.216965733794858,5.623415332340303,0.0316,0.0251189,0.0398107,0.0742,0.05,0.1,0.846,0.8,0.9,3260.0,17.9,152.0,1.0,True,0.01,0.95,10.0,39600.0,0.938,0.139
10543,1 - 1 - 2022,19800.0,4.878524367060187,4.216965733794858,5.623415332340303,0.0307,0.0251189,0.0398107,0.0721,0.05,0.1,0.954,0.9,1.0,2240.0,14.8,0.0,1.0,True,0.01,0.95,10.0,39600.0,0.938,0.139
10544,1 - 1 - 2022,19800.0,4.898979485566356,4.216965733794858,5.623415332340303,0.0315,0.0251189,0.0398107,0.075,0.05,0.1,1.14,1.0,1.5,795.0,3.95,0.0,1.0,True,0.01,0.95,10.0,39600.0,0.938,0.139
10545,1 - 1 - 2022,19800.0,4.949747468305833,4.216965733794858,5.623415332340303,0.0313,0.0251189,0.0398107,0.0768,0.05,0.1,1.67,1.5,2.0,82.5,1.27,0.0,1.0,True,0.01,0.95,10.0,39600.0,0.938,0.139
10546,1 - 1 - 2022,19800.0,5.224940191045253,4.216965733794858,5.623415332340303,0.0275,0.0251189,0.0398107,0.0708,0.05,0.1,2.59,2.0,4.0,2.17,0.103,0.0,1.0,True,0.01,0.95,10.0,39600.0,0.938,0.139
10547,1 - 1 - 2022,19800.0,4.8270073544588685,4.216965733794858,5.623415332340303,0.0321,0.0251189,0.0398107,0.123,0.1,0.15,0.0302,0.0,0.05,1350.0,16.3,261.0,1.0,True,0.01,0.95,10.0,39600.0,0.938,0.139
10548,1 - 1 - 2022,19800.0,4.919349550499537,4.216965733794858,5.623415332340303,0.0327,0.0251189,0.0398107,0.123,0.1,0.15,0.077,0.05,0.1,4520.0,29.8,1300.0,1.0,True,0.01,0.95,10.0,39600.0,0.938,0.139
10549,1 - 1 - 2022,19800.0,4.847679857416329,4.216965733794858,5.623415332340303,0.0316,0.0251189,0.0398107,0.122,0.1,0.15,0.154,0.1,0.2,7620.0,27.4,2670.0,1.0,True,0.01,0.95,10.0,39600.0,0.938,0.139
10550,1 - 1 - 2022,19800.0,4.857983120596447,4.216965733794858,5.623415332340303,0.0313,0.0251189,0.0398107,0.123,0.1,0.15,0.251,0.2,0.3,10400.0,32.0,3930.0,1.0,True,0.01,0.95,10.0,39600.0,0.938,0.139
10551,1 - 1 - 2022,19800.0,4.857983120596447,4.216965733794858,5.623415332340303,0.0319,0.0251189,0.0398107,0.124,0.1,0.15,0.347,0.3,0.4,8450.0,28.8,3170.0,1.0,True,0.01,0.95,10.0,39600.0,0.938,0.139
10552,1 - 1 - 2022,19800.0,4.806245936279167,4.216965733794858,5.623415332340303,0.0311,0.0251189,0.0398107,0.124,0.1,0.15,0.452,0.4,0.5,8400.0,28.7,2690.0,1.0,True,0.01,0.95,10.0,39600.0,0.938,0.139
10553,1 - 1 - 2022,19800.0,4.868264577855234,4.216965733794858,5.623415332340303,0.032,0.0251189,0.0398107,0.123,0.1,0.15,0.548,0.5,0.6,5930.0,24.1,1650.0,1.0,True,0.01,0.95,10.0,39600.0,0.938,0.139
10554,1 - 1 - 2022,19800.0,4.8270073544588685,4.216965733794858,5.623415332340303,0.0318,0.0251189,0.0398107,0.124,0.1,0.15,0.648,0.6,0.7,4690.0,21.5,1110.0,1.0,True,0.01,0.95,10.0,39600.0,0.938,0.139
10555,1 - 1 - 2022,19800.0,4.8373546489791295,4.216965733794858,5.623415332340303,0.032,0.0251189,0.0398107,0.125,0.1,0.15,0.75,0.7,0.8,3650.0,18.9,955.0,1.0,True,0.01,0.95,10.0,39600.0,0.938,0.139
10556,1 - 1 - 2022,19800.0,4.868264577855234,4.216965733794858,5.623415332340303,0.0318,0.0251189,0.0398107,0.125,0.1,0.15,0.847,0.8,0.9,2540.0,15.8,499.0,1.0,True,0.01,0.95,10.0,39600.0,0.938,0.139
10557,1 - 1 - 2022,19800.0,4.857983120596447,4.216965733794858,5.623415332340303,0.0323,0.0251189,0.0398107,0.125,0.1,0.15,0.948,0.9,1.0,1450.0,12.0,195.0,1.0,True,0.01,0.95,10.0,39600.0,0.938,0.139
10558,1 - 1 - 2022,19800.0,4.847679857416329,4.216965733794858,5.623415332340303,0.0317,0.0251189,0.0398107,0.123,0.1,0.15,1.18,1.0,1.5,617.0,3.48,43.4,1.0,True,0.01,0.95,10.0,39600.0,0.938,0.139
10559,1 - 1 - 2022,19800.0,4.806245936279167,4.216965733794858,5.623415332340303,0.0313,0.0251189,0.0398107,0.125,0.1,0.15,1.65,1.5,2.0,52.1,1.01,0.0,1.0,True,0.01,0.95,10.0,39600.0,0.938,0.139
10560,1 - 1 - 2022,19800.0,4.732863826479693,4.216965733794858,5.623415332340303,0.0303,0.0251189,0.0398107,0.125,0.1,0.15,2.39,2.0,4.0,4.34,0.146,0.0,1.0,True,0.01,0.95,10.0,39600.0,0.938,0.139
10561,1 - 1 - 2022,19800.0,4.8373546489791295,4.216965733794858,5.623415332340303,0.0309,0.0251189,0.0398107,0.167,0.15,0.2,0.034,0.0,0.05,912.0,13.4,130.0,1.0,True,0.01,0.95,10.0,39600.0,0.938,0.139
10562,1 - 1 - 2022,19800.0,4.8373546489791295,4.216965733794858,5.623415332340303,0.0315,0.0251189,0.0398107,0.171,0.15,0.2,0.0764,0.05,0.1,2650.0,22.8,347.0,1.0,True,0.01,0.95,10.0,39600.0,0.938,0.139
10563,1 - 1 - 2022,19800.0,4.919349550499537,4.216965733794858,5.623415332340303,0.0316,0.0251189,0.0398107,0.173,0.15,0.2,0.157,0.1,0.2,4000.0,19.8,825.0,1.0,True,0.01,0.95,10.0,39600.0,0.938,0.139
10564,1 - 1 - 2022,19800.0,4.8373546489791295,4.216965733794858,5.623415332340303,0.0317,0.0251189,0.0398107,0.173,0.15,0.2,0.248,0.2,0.3,6430.0,25.1,1850.0,1.0,True,0.01,0.95,10.0,39600.0,0.938,0.139
10565,1 - 1 - 2022,19800.0,4.8166378315169185,4.216965733794858,5.623415332340303,0.0317,0.0251189,0.0398107,0.173,0.15,0.2,0.347,0.3,0.4,5880.0,24.1,1320.0,1.0,True,0.01,0.95,10.0,39600.0,0.938,0.139
10566,1 - 1 - 2022,19800.0,4.8270073544588685,4.216965733794858,5.623415332340303,0.0314,0.0251189,0.0398107,0.174,0.15,0.2,0.447,0.4,0.5,5320.0,22.9,1540.0,1.0,True,0.01,0.95,10.0,39600.0,0.938,0.139
10567,1 - 1 - 2022,19800.0,4.868264577855234,4.216965733794858,5.623415332340303,0.0318,0.0251189,0.0398107,0.173,0.15,0.2,0.545,0.5,0.6,4970.0,22.1,1520.0,1.0,True,0.01,0.95,10.0,39600.0,0.938,0.139
10568,1 - 1 - 2022,19800.0,4.806245936279167,4.216965733794858,5.623415332340303,0.0322,0.0251189,0.0398107,0.174,0.15,0.2,0.646,0.6,0.7,3520.0,18.6,977.0,1.0,True,0.01,0.95,10.0,39600.0,0.938,0.139
10569,1 - 1 - 2022,19800.0,4.8373546489791295,4.216965733794858,5.623415332340303,0.032,0.0251189,0.0398107,0.173,0.15,0.2,0.746,0.7,0.8,2740.0,16.4,760.0,1.0,True,0.01,0.95,10.0,39600.0,0.938,0.139
10570,1 - 1 - 2022,19800.0,4.8166378315169185,4.216965733794858,5.623415332340303,0.0313,0.0251189,0.0398107,0.172,0.15,0.2,0.841,0.8,0.9,1740.0,13.1,434.0,1.0,True,0.01,0.95,10.0,39600.0,0.938,0.139
10571,1 - 1 - 2022,19800.0,4.743416490252569,4.216965733794858,5.623415332340303,0.032,0.0251189,0.0398107,0.175,0.15,0.2,0.944,0.9,1.0,1190.0,10.8,304.0,1.0,True,0.01,0.95,10.0,39600.0,0.938,0.139
10572,1 - 1 - 2022,19800.0,4.857983120596447,4.216965733794858,5.623415332340303,0.0315,0.0251189,0.0398107,0.177,0.15,0.2,1.15,1.0,1.5,369.0,2.69,65.1,1.0,True,0.01,0.95,10.0,39600.0,0.938,0.139
10573,1 - 1 - 2022,19800.0,4.764451699828638,4.216965733794858,5.623415332340303,0.0334,0.0251189,0.0398107,0.173,0.15,0.2,1.7,1.5,2.0,95.5,1.37,0.0,1.0,True,0.01,0.95,10.0,39600.0,0.938,0.139
10574,1 - 1 - 2022,19800.0,4.6475800154489,4.216965733794858,5.623415332340303,0.0312,0.0251189,0.0398107,0.184,0.15,0.2,2.58,2.0,4.0,3.26,0.127,0.0,1.0,True,0.01,0.95,10.0,39600.0,0.938,0.139
10575,1 - 1 - 2022,19800.0,4.806245936279167,4.216965733794858,5.623415332340303,0.0319,0.0251189,0.0398107,0.225,0.2,0.25,0.0313,0.0,0.05,521.0,10.1,0.0,1.0,True,0.01,0.95,10.0,39600.0,0.938,0.139
10576,1 - 1 - 2022,19800.0,4.857983120596447,4.216965733794858,5.623415332340303,0.0313,0.0251189,0.0398107,0.225,0.2,0.25,0.0735,0.05,0.1,1430.0,16.8,0.0,1.0,True,0.01,0.95,10.0,39600.0,0.938,0.139
10577,1 - 1 - 2022,19800.0,4.8166378315169185,4.216965733794858,5.623415332340303,0.0313,0.0251189,0.0398107,0.222,0.2,0.25,0.15,0.1,0.2,2800.0,16.6,21.7,1.0,True,0.01,0.95,10.0,39600.0,0.938,0.139
10578,1 - 1 - 2022,19800.0,4.8270073544588685,4.216965733794858,5.623415332340303,0.0321,0.0251189,0.0398107,0.223,0.2,0.25,0.254,0.2,0.3,3450.0,18.4,478.0,1.0,True,0.01,0.95,10.0,39600.0,0.938,0.139
10579,1 - 1 - 2022,19800.0,4.898979485566356,4.216965733794858,5.623415332340303,0.0312,0.0251189,0.0398107,0.223,0.2,0.25,0.35,0.3,0.4,3670.0,19.0,630.0,1.0,True,0.01,0.95,10.0,39600.0,0.938,0.139
10580,1 - 1 - 2022,19800.0,4.847679857416329,4.216965733794858,5.623415332340303,0.0317,0.0251189,0.0398107,0.222,0.2,0.25,0.45,0.4,0.5,3150.0,17.6,565.0,1.0,True,0.01,0.95,10.0,39600.0,0.938,0.139
10581,1 - 1 - 2022,19800.0,4.8270073544588685,4.216965733794858,5.623415332340303,0.0318,0.0251189,0.0398107,0.223,0.2,0.25,0.551,0.5,0.6,3430.0,18.4,760.0,1.0,True,0.01,0.95,10.0,39600.0,0.938,0.139
10582,1 - 1 - 2022,19800.0,4.8166378315169185,4.216965733794858,5.623415332340303,0.0317,0.0251189,0.0398107,0.223,0.2,0.25,0.648,0.6,0.7,2410.0,15.4,521.0,1.0,True,0.01,0.95,10.0,39600.0,0.938,0.139
10583,1 - 1 - 2022,19800.0,4.8270073544588685,4.216965733794858,5.623415332340303,0.0321,0.0251189,0.0398107,0.225,0.2,0.25,0.748,0.7,0.8,2080.0,14.3,261.0,1.0,True,0.01,0.95,10.0,39600.0,0.938,0.139
10584,1 - 1 - 2022,19800.0,4.9899899799498595,4.216965733794858,5.623415332340303,0.0322,0.0251189,0.0398107,0.222,0.2,0.25,0.85,0.8,0.9,1480.0,12.1,326.0,1.0,True,0.01,0.95,10.0,39600.0,0.938,0.139
10585,1 - 1 - 2022,19800.0,4.909175083453431,4.216965733794858,5.623415332340303,0.0332,0.0251189,0.0398107,0.224,0.2,0.25,0.942,0.9,1.0,934.0,9.58,174.0,1.0,True,0.01,0.95,10.0,39600.0,0.938,0.139
10586,1 - 1 - 2022,19800.0,4.847679857416329,4.216965733794858,5.623415332340303,0.0321,0.0251189,0.0398107,0.221,0.2,0.25,1.19,1.0,1.5,352.0,2.63,69.5,1.0,True,0.01,0.95,10.0,39600.0,0.938,0.139
10587,1 - 1 - 2022,19800.0,4.9396356140913875,4.216965733794858,5.623415332340303,0.0311,0.0251189,0.0398107,0.224,0.2,0.25,1.71,1.5,2.0,73.8,1.21,0.0,1.0,True,0.01,0.95,10.0,39600.0,0.938,0.139
10588,1 - 1 - 2022,19800.0,4.8373546489791295,4.216965733794858,5.623415332340303,0.0312,0.0251189,0.0398107,0.243,0.2,0.25,2.14,2.0,4.0,3.26,0.127,0.0,1.0,True,0.01,0.95,10.0,39600.0,0.938,0.139
10589,1 - 1 - 2022,19800.0,4.626013402488151,4.216965733794858,5.623415332340303,0.0313,0.0251189,0.0398107,0.273,0.25,0.3,0.027,0.0,0.05,478.0,9.69,0.0,1.0,True,0.01,0.95,10.0,39600.0,0.938,0.139
10590,1 - 1 - 2022,19800.0,5.0,4.216965733794858,5.623415332340303,0.031,0.0251189,0.0398107,0.273,0.25,0.3,0.0782,0.05,0.1,1350.0,16.3,0.0,1.0,True,0.01,0.95,10.0,39600.0,0.938,0.139
10591,1 - 1 - 2022,19800.0,4.898979485566356,4.216965733794858,5.623415332340303,0.0316,0.0251189,0.0398107,0.277,0.25,0.3,0.165,0.1,0.2,1560.0,12.4,0.0,1.0,True,0.01,0.95,10.0,39600.0,0.938,0.139
10592,1 - 1 - 2022,19800.0,4.847679857416329,4.216965733794858,5.623415332340303,0.0317,0.0251189,0.0398107,0.272,0.25,0.3,0.249,0.2,0.3,2170.0,14.6,21.7,1.0,True,0.01,0.95,10.0,39600.0,0.938,0.139
10593,1 - 1 - 2022,19800.0,4.795831523312719,4.216965733794858,5.623415332340303,0.0318,0.0251189,0.0398107,0.272,0.25,0.3,0.352,0.3,0.4,2650.0,16.1,217.0,1.0,True,0.01,0.95,10.0,39600.0,0.938,0.139
10594,1 - 1 - 2022,19800.0,4.888762624632126,4.216965733794858,5.623415332340303,0.0315,0.0251189,0.0398107,0.276,0.25,0.3,0.451,0.4,0.5,2840.0,16.7,195.0,1.0,True,0.01,0.95,10.0,39600.0,0.938,0.139
10595,1 - 1 - 2022,19800.0,4.8166378315169185,4.216965733794858,5.623415332340303,0.0313,0.0251189,0.0398107,0.273,0.25,0.3,0.548,0.5,0.6,2260.0,14.9,282.0,1.0,True,0.01,0.95,10.0,39600.0,0.938,0.139
10596,1 - 1 - 2022,19800.0,4.878524367060187,4.216965733794858,5.623415332340303,0.032,0.0251189,0.0398107,0.273,0.25,0.3,0.648,0.6,0.7,1740.0,13.1,261.0,1.0,True,0.01,0.95,10.0,39600.0,0.938,0.139
10597,1 - 1 - 2022,19800.0,4.878524367060187,4.216965733794858,5.623415332340303,0.0316,0.0251189,0.0398107,0.276,0.25,0.3,0.757,0.7,0.8,1450.0,12.0,326.0,1.0,True,0.01,0.95,10.0,39600.0,0.938,0.139
10598,1 - 1 - 2022,19800.0,4.806245936279167,4.216965733794858,5.623415332340303,0.0317,0.0251189,0.0398107,0.274,0.25,0.3,0.844,0.8,0.9,977.0,9.8,152.0,1.0,True,0.01,0.95,10.0,39600.0,0.938,0.139
10599,1 - 1 - 2022,19800.0,4.9396356140913875,4.216965733794858,5.623415332340303,0.0326,0.0251189,0.0398107,0.275,0.25,0.3,0.949,0.9,1.0,673.0,8.14,21.7,1.0,True,0.01,0.95,10.0,39600.0,0.938,0.139
10600,1 - 1 - 2022,19800.0,4.857983120596447,4.216965733794858,5.623415332340303,0.0327,0.0251189,0.0398107,0.276,0.25,0.3,1.21,1.0,1.5,226.0,2.11,34.7,1.0,True,0.01,0.95,10.0,39600.0,0.938,0.139
10601,1 - 1 - 2022,19800.0,4.722287581247038,4.216965733794858,5.623415332340303,0.0297,0.0251189,0.0398107,0.276,0.25,0.3,1.67,1.5,2.0,56.5,1.05,4.34,1.0,True,0.01,0.95,10.0,39600.0,0.938,0.139
10602,1 - 1 - 2022,19800.0,4.888762624632126,4.216965733794858,5.623415332340303,0.0344,0.0251189,0.0398107,0.274,0.25,0.3,2.43,2.0,4.0,8.68,0.207,0.0,1.0,True,0.01,0.95,10.0,39600.0,0.938,0.139
10603,1 - 1 - 2022,19800.0,4.959838707054898,4.216965733794858,5.623415332340303,0.0314,0.0251189,0.0398107,0.344,0.3,0.4,0.036,0.0,0.05,195.0,4.38,0.0,1.0,True,0.01,0.95,10.0,39600.0,0.938,0.139
10604,1 - 1 - 2022,19800.0,4.795831523312719,4.216965733794858,5.623415332340303,0.0325,0.0251189,0.0398107,0.343,0.3,0.4,0.0804,0.05,0.1,695.0,8.27,0.0,1.0,True,0.01,0.95,10.0,39600.0,0.938,0.139
10605,1 - 1 - 2022,19800.0,4.806245936279167,4.216965733794858,5.623415332340303,0.032,0.0251189,0.0398107,0.341,0.3,0.4,0.155,0.1,0.2,1180.0,7.63,10.9,1.0,True,0.01,0.95,10.0,39600.0,0.938,0.139
10606,1 - 1 - 2022,19800.0,4.8270073544588685,4.216965733794858,5.623415332340303,0.0317,0.0251189,0.0398107,0.346,0.3,0.4,0.249,0.2,0.3,1610.0,8.89,0.0,1.0,True,0.01,0.95,10.0,39600.0,0.938,0.139
10607,1 - 1 - 2022,19800.0,4.732863826479693,4.216965733794858,5.623415332340303,0.0318,0.0251189,0.0398107,0.344,0.3,0.4,0.35,0.3,0.4,1610.0,8.89,0.00621,1.0,True,0.01,0.95,10.0,39600.0,0.938,0.139
10608,1 - 1 - 2022,19800.0,4.847679857416329,4.216965733794858,5.623415332340303,0.0327,0.0251189,0.0398107,0.341,0.3,0.4,0.448,0.4,0.5,1550.0,8.74,0.0,1.0,True,0.01,0.95,10.0,39600.0,0.938,0.139
10609,1 - 1 - 2022,19800.0,4.795831523312719,4.216965733794858,5.623415332340303,0.0323,0.0251189,0.0398107,0.346,0.3,0.4,0.546,0.5,0.6,1270.0,7.9,32.6,1.0,True,0.01,0.95,10.0,39600.0,0.938,0.139
10610,1 - 1 - 2022,19800.0,4.795831523312719,4.216965733794858,5.623415332340303,0.0316,0.0251189,0.0398107,0.347,0.3,0.4,0.647,0.6,0.7,1120.0,7.42,43.4,1.0,True,0.01,0.95,10.0,39600.0,0.938,0.139
10611,1 - 1 - 2022,19800.0,4.764451699828638,4.216965733794858,5.623415332340303,0.0321,0.0251189,0.0398107,0.344,0.3,0.4,0.743,0.7,0.8,836.0,6.41,43.4,1.0,True,0.01,0.95,10.0,39600.0,0.938,0.139
10612,1 - 1 - 2022,19800.0,4.806245936279167,4.216965733794858,5.623415332340303,0.032,0.0251189,0.0398107,0.342,0.3,0.4,0.847,0.8,0.9,651.0,5.66,0.00498,1.0,True,0.01,0.95,10.0,39600.0,0.938,0.139
10613,1 - 1 - 2022,19800.0,4.847679857416329,4.216965733794858,5.623415332340303,0.031,0.0251189,0.0398107,0.351,0.3,0.4,0.945,0.9,1.0,478.0,4.85,0.0,1.0,True,0.01,0.95,10.0,39600.0,0.938,0.139
10614,1 - 1 - 2022,19800.0,4.774934554525329,4.216965733794858,5.623415332340303,0.0317,0.0251189,0.0398107,0.346,0.3,0.4,1.18,1.0,1.5,204.0,1.42,10.9,1.0,True,0.01,0.95,10.0,39600.0,0.938,0.139
10615,1 - 1 - 2022,19800.0,5.019960159204453,4.216965733794858,5.623415332340303,0.0322,0.0251189,0.0398107,0.355,0.3,0.4,1.7,1.5,2.0,28.2,0.527,4.34,1.0,True,0.01,0.95,10.0,39600.0,0.938,0.139
10616,1 - 1 - 2022,19800.0,5.029910535983717,4.216965733794858,5.623415332340303,0.0325,0.0251189,0.0398107,0.333,0.3,0.4,2.58,2.0,4.0,5.97,0.121,0.0,1.0,True,0.01,0.95,10.0,39600.0,0.938,0.139
10617,1 - 1 - 2022,19800.0,4.527692569068709,4.216965733794858,5.623415332340303,0.0317,0.0251189,0.0398107,0.439,0.4,0.5,0.0116,0.0,0.05,21.7,1.46,0.0,1.0,True,0.01,0.95,10.0,39600.0,0.938,0.139
10618,1 - 1 - 2022,19800.0,4.878524367060187,4.216965733794858,5.623415332340303,0.0329,0.0251189,0.0398107,0.446,0.4,0.5,0.0788,0.05,0.1,478.0,6.85,0.0,1.0,True,0.01,0.95,10.0,39600.0,0.938,0.139
10619,1 - 1 - 2022,19800.0,4.743416490252569,4.216965733794858,5.623415332340303,0.0306,0.0251189,0.0398107,0.445,0.4,0.5,0.153,0.1,0.2,586.0,5.37,0.0,1.0,True,0.01,0.95,10.0,39600.0,0.938,0.139
10620,1 - 1 - 2022,19800.0,4.898979485566356,4.216965733794858,5.623415332340303,0.0315,0.0251189,0.0398107,0.445,0.4,0.5,0.254,0.2,0.3,847.0,6.45,10.9,1.0,True,0.01,0.95,10.0,39600.0,0.938,0.139
10621,1 - 1 - 2022,19800.0,4.764451699828638,4.216965733794858,5.623415332340303,0.031,0.0251189,0.0398107,0.449,0.4,0.5,0.356,0.3,0.4,966.0,6.89,0.0,1.0,True,0.01,0.95,10.0,39600.0,0.938,0.139
10622,1 - 1 - 2022,19800.0,4.8166378315169185,4.216965733794858,5.623415332340303,0.0326,0.0251189,0.0398107,0.447,0.4,0.5,0.454,0.4,0.5,847.0,6.45,0.0,1.0,True,0.01,0.95,10.0,39600.0,0.938,0.139
10623,1 - 1 - 2022,19800.0,4.857983120596447,4.216965733794858,5.623415332340303,0.0321,0.0251189,0.0398107,0.447,0.4,0.5,0.548,0.5,0.6,782.0,6.2,10.9,1.0,True,0.01,0.95,10.0,39600.0,0.938,0.139
10624,1 - 1 - 2022,19800.0,4.8166378315169185,4.216965733794858,5.623415332340303,0.0313,0.0251189,0.0398107,0.445,0.4,0.5,0.65,0.6,0.7,510.0,5.01,0.0,1.0,True,0.01,0.95,10.0,39600.0,0.938,0.139
10625,1 - 1 - 2022,19800.0,4.868264577855234,4.216965733794858,5.623415332340303,0.0314,0.0251189,0.0398107,0.453,0.4,0.5,0.755,0.7,0.8,413.0,4.5,0.0,1.0,True,0.01,0.95,10.0,39600.0,0.938,0.139
10626,1 - 1 - 2022,19800.0,4.8166378315169185,4.216965733794858,5.623415332340303,0.0326,0.0251189,0.0398107,0.449,0.4,0.5,0.854,0.8,0.9,271.0,3.65,0.0,1.0,True,0.01,0.95,10.0,39600.0,0.938,0.139
10627,1 - 1 - 2022,19800.0,4.919349550499537,4.216965733794858,5.623415332340303,0.0306,0.0251189,0.0398107,0.449,0.4,0.5,0.948,0.9,1.0,152.0,2.73,0.0,1.0,True,0.01,0.95,10.0,39600.0,0.938,0.139
10628,1 - 1 - 2022,19800.0,4.732863826479693,4.216965733794858,5.623415332340303,0.0315,0.0251189,0.0398107,0.447,0.4,0.5,1.21,1.0,1.5,126.0,1.11,2.17,1.0,True,0.01,0.95,10.0,39600.0,0.938,0.139
10629,1 - 1 - 2022,19800.0,5.0,4.216965733794858,5.623415332340303,0.032,0.0251189,0.0398107,0.447,0.4,0.5,1.62,1.5,2.0,19.5,0.438,2.17,1.0,True,0.01,0.95,10.0,39600.0,0.938,0.139
10630,1 - 1 - 2022,19800.0,4.878524367060187,4.216965733794858,5.623415332340303,0.0331,0.0251189,0.0398107,0.445,0.4,0.5,2.57,2.0,4.0,3.26,0.0895,0.0,1.0,True,0.01,0.95,10.0,39600.0,0.938,0.139
10631,1 - 1 - 2022,19800.0,4.669047011971501,4.216965733794858,5.623415332340303,0.0319,0.0251189,0.0398107,0.558,0.5,0.6,0.019,0.0,0.05,43.4,2.07,0.0,1.0,True,0.01,0.95,10.0,39600.0,0.938,0.139
10632,1 - 1 - 2022,19800.0,4.8373546489791295,4.216965733794858,5.623415332340303,0.0322,0.0251189,0.0398107,0.541,0.5,0.6,0.0775,0.05,0.1,195.0,4.38,0.0,1.0,True,0.01,0.95,10.0,39600.0,0.938,0.139
10633,1 - 1 - 2022,19800.0,4.909175083453431,4.216965733794858,5.623415332340303,0.0321,0.0251189,0.0398107,0.547,0.5,0.6,0.154,0.1,0.2,315.0,3.93,0.0,1.0,True,0.01,0.95,10.0,39600.0,0.938,0.139
10634,1 - 1 - 2022,19800.0,4.8270073544588685,4.216965733794858,5.623415332340303,0.0318,0.0251189,0.0398107,0.556,0.5,0.6,0.246,0.2,0.3,467.0,4.79,10.9,1.0,True,0.01,0.95,10.0,39600.0,0.938,0.139
10635,1 - 1 - 2022,19800.0,4.909175083453431,4.216965733794858,5.623415332340303,0.0314,0.0251189,0.0398107,0.549,0.5,0.6,0.347,0.3,0.4,510.0,5.01,0.0,1.0,True,0.01,0.95,10.0,39600.0,0.938,0.139
10636,1 - 1 - 2022,19800.0,4.774934554525329,4.216965733794858,5.623415332340303,0.0303,0.0251189,0.0398107,0.551,0.5,0.6,0.444,0.4,0.5,369.0,4.26,0.0,1.0,True,0.01,0.95,10.0,39600.0,0.938,0.139
10637,1 - 1 - 2022,19800.0,4.868264577855234,4.216965733794858,5.623415332340303,0.0325,0.0251189,0.0398107,0.536,0.5,0.6,0.555,0.5,0.6,391.0,4.38,0.0,1.0,True,0.01,0.95,10.0,39600.0,0.938,0.139
10638,1 - 1 - 2022,19800.0,4.78539444560216,4.216965733794858,5.623415332340303,0.0322,0.0251189,0.0398107,0.546,0.5,0.6,0.645,0.6,0.7,271.0,3.65,0.0,1.0,True,0.01,0.95,10.0,39600.0,0.938,0.139
10639,1 - 1 - 2022,19800.0,4.795831523312719,4.216965733794858,5.623415332340303,0.0313,0.0251189,0.0398107,0.55,0.5,0.6,0.752,0.7,0.8,326.0,4.0,0.0,1.0,True,0.01,0.95,10.0,39600.0,0.938,0.139
10640,1 - 1 - 2022,19800.0,4.764451699828638,4.216965733794858,5.623415332340303,0.0338,0.0251189,0.0398107,0.55,0.5,0.6,0.853,0.8,0.9,109.0,2.31,0.0,1.0,True,0.01,0.95,10.0,39600.0,0.938,0.139
10641,1 - 1 - 2022,19800.0,4.732863826479693,4.216965733794858,5.623415332340303,0.0337,0.0251189,0.0398107,0.549,0.5,0.6,0.951,0.9,1.0,76.0,1.93,0.0,1.0,True,0.01,0.95,10.0,39600.0,0.938,0.139
10642,1 - 1 - 2022,19800.0,4.806245936279167,4.216965733794858,5.623415332340303,0.0305,0.0251189,0.0398107,0.544,0.5,0.6,1.16,1.0,1.5,65.1,0.8,0.0,1.0,True,0.01,0.95,10.0,39600.0,0.938,0.139
10643,1 - 1 - 2022,19800.0,5.138093031466052,4.216965733794858,5.623415332340303,0.0294,0.0251189,0.0398107,0.589,0.5,0.6,2.6,2.0,4.0,1.09,0.0517,0.0,1.0,True,0.01,0.95,10.0,39600.0,0.938,0.139
10644,1 - 1 - 2022,19800.0,4.43846820423443,4.216965733794858,5.623415332340303,0.033,0.0251189,0.0398107,0.638,0.6,0.7,0.0207,0.0,0.05,43.4,2.07,0.0,1.0,True,0.01,0.95,10.0,39600.0,0.938,0.139
10645,1 - 1 - 2022,19800.0,5.291502622129181,4.216965733794858,5.623415332340303,0.0299,0.0251189,0.0398107,0.652,0.6,0.7,0.0933,0.05,0.1,43.4,2.07,0.0,1.0,True,0.01,0.95,10.0,39600.0,0.938,0.139
10646,1 - 1 - 2022,19800.0,4.732863826479693,4.216965733794858,5.623415332340303,0.0309,0.0251189,0.0398107,0.638,0.6,0.7,0.157,0.1,0.2,195.0,3.1,10.9,1.0,True,0.01,0.95,10.0,39600.0,0.938,0.139
10647,1 - 1 - 2022,19800.0,4.5934736311423405,4.216965733794858,5.623415332340303,0.0317,0.0251189,0.0398107,0.635,0.6,0.7,0.256,0.2,0.3,174.0,2.92,0.0,1.0,True,0.01,0.95,10.0,39600.0,0.938,0.139
10648,1 - 1 - 2022,19800.0,4.898979485566356,4.216965733794858,5.623415332340303,0.0333,0.0251189,0.0398107,0.646,0.6,0.7,0.342,0.3,0.4,347.0,4.13,0.0,1.0,True,0.01,0.95,10.0,39600.0,0.938,0.139
10649,1 - 1 - 2022,19800.0,4.743416490252569,4.216965733794858,5.623415332340303,0.0322,0.0251189,0.0398107,0.642,0.6,0.7,0.452,0.4,0.5,369.0,4.26,43.4,1.0,True,0.01,0.95,10.0,39600.0,0.938,0.139
10650,1 - 1 - 2022,19800.0,4.732863826479693,4.216965733794858,5.623415332340303,0.0306,0.0251189,0.0398107,0.641,0.6,0.7,0.551,0.5,0.6,195.0,3.1,10.9,1.0,True,0.01,0.95,10.0,39600.0,0.938,0.139
10651,1 - 1 - 2022,19800.0,4.847679857416329,4.216965733794858,5.623415332340303,0.031,0.0251189,0.0398107,0.638,0.6,0.7,0.64,0.6,0.7,174.0,2.92,10.9,1.0,True,0.01,0.95,10.0,39600.0,0.938,0.139
10652,1 - 1 - 2022,19800.0,4.78539444560216,4.216965733794858,5.623415332340303,0.0338,0.0251189,0.0398107,0.656,0.6,0.7,0.737,0.7,0.8,97.7,2.19,0.0,1.0,True,0.01,0.95,10.0,39600.0,0.938,0.139
10653,1 - 1 - 2022,19800.0,4.701063709417263,4.216965733794858,5.623415332340303,0.0319,0.0251189,0.0398107,0.642,0.6,0.7,0.851,0.8,0.9,109.0,2.31,0.0,1.0,True,0.01,0.95,10.0,39600.0,0.938,0.139
10654,1 - 1 - 2022,19800.0,5.196152422706632,4.216965733794858,5.623415332340303,0.0312,0.0251189,0.0398107,0.652,0.6,0.7,0.95,0.9,1.0,43.4,1.46,0.0,1.0,True,0.01,0.95,10.0,39600.0,0.938,0.139
10655,1 - 1 - 2022,19800.0,4.753945729601885,4.216965733794858,5.623415332340303,0.0319,0.0251189,0.0398107,0.649,0.6,0.7,1.19,1.0,1.5,32.6,0.566,0.0,1.0,True,0.01,0.95,10.0,39600.0,0.938,0.139
10656,1 - 1 - 2022,19800.0,4.494441010848846,4.216965733794858,5.623415332340303,0.0301,0.0251189,0.0398107,0.616,0.6,0.7,1.69,1.5,2.0,4.34,0.207,0.0,1.0,True,0.01,0.95,10.0,39600.0,0.938,0.139
10657,1 - 1 - 2022,19800.0,4.449719092257398,4.216965733794858,5.623415332340303,0.0321,0.0251189,0.0398107,0.726,0.7,0.8,0.0787,0.05,0.1,21.7,1.46,0.0,1.0,True,0.01,0.95,10.0,39600.0,0.938,0.139
10658,1 - 1 - 2022,19800.0,4.58257569495584,4.216965733794858,5.623415332340303,0.0306,0.0251189,0.0398107,0.733,0.7,0.8,0.158,0.1,0.2,86.8,2.07,0.0,1.0,True,0.01,0.95,10.0,39600.0,0.938,0.139
10659,1 - 1 - 2022,19800.0,4.919349550499537,4.216965733794858,5.623415332340303,0.0315,0.0251189,0.0398107,0.74,0.7,0.8,0.261,0.2,0.3,163.0,2.83,32.6,1.0,True,0.01,0.95,10.0,39600.0,0.938,0.139
10660,1 - 1 - 2022,19800.0,4.516635916254486,4.216965733794858,5.623415332340303,0.0305,0.0251189,0.0398107,0.744,0.7,0.8,0.345,0.3,0.4,86.8,2.07,0.0,1.0,True,0.01,0.95,10.0,39600.0,0.938,0.139
10661,1 - 1 - 2022,19800.0,4.701063709417263,4.216965733794858,5.623415332340303,0.0319,0.0251189,0.0398107,0.736,0.7,0.8,0.452,0.4,0.5,163.0,2.83,0.0,1.0,True,0.01,0.95,10.0,39600.0,0.938,0.139
10662,1 - 1 - 2022,19800.0,4.878524367060187,4.216965733794858,5.623415332340303,0.0282,0.0251189,0.0398107,0.747,0.7,0.8,0.549,0.5,0.6,119.0,2.42,21.7,1.0,True,0.01,0.95,10.0,39600.0,0.938,0.139
10663,1 - 1 - 2022,19800.0,5.059644256269407,4.216965733794858,5.623415332340303,0.0304,0.0251189,0.0398107,0.759,0.7,0.8,0.637,0.6,0.7,119.0,2.42,21.7,1.0,True,0.01,0.95,10.0,39600.0,0.938,0.139
10664,1 - 1 - 2022,19800.0,4.888762624632126,4.216965733794858,5.623415332340303,0.0314,0.0251189,0.0398107,0.745,0.7,0.8,0.752,0.7,0.8,130.0,2.53,21.7,1.0,True,0.01,0.95,10.0,39600.0,0.938,0.139
10665,1 - 1 - 2022,19800.0,4.381780460041329,4.216965733794858,5.623415332340303,0.0311,0.0251189,0.0398107,0.727,0.7,0.8,0.826,0.8,0.9,21.7,1.03,0.0,1.0,True,0.01,0.95,10.0,39600.0,0.938,0.139
10666,1 - 1 - 2022,19800.0,4.604345773288535,4.216965733794858,5.623415332340303,0.0328,0.0251189,0.0398107,0.735,0.7,0.8,0.946,0.9,1.0,32.6,1.27,0.0,1.0,True,0.01,0.95,10.0,39600.0,0.938,0.139
10667,1 - 1 - 2022,19800.0,4.711687595755898,4.216965733794858,5.623415332340303,0.0316,0.0251189,0.0398107,0.741,0.7,0.8,1.22,1.0,1.5,17.4,0.413,0.0,1.0,True,0.01,0.95,10.0,39600.0,0.938,0.139
10668,1 - 1 - 2022,19800.0,4.806245936279167,4.216965733794858,5.623415332340303,0.0321,0.0251189,0.0398107,0.753,0.7,0.8,1.65,1.5,2.0,4.34,0.207,0.0,1.0,True,0.01,0.95,10.0,39600.0,0.938,0.139
10669,1 - 1 - 2022,19800.0,4.404543109109048,4.216965733794858,5.623415332340303,0.0353,0.0251189,0.0398107,0.841,0.8,0.9,0.0441,0.0,0.05,43.4,2.07,0.0,1.0,True,0.01,0.95,10.0,39600.0,0.938,0.139
10670,1 - 1 - 2022,19800.0,5.10881590977792,4.216965733794858,5.623415332340303,0.0361,0.0251189,0.0398107,0.827,0.8,0.9,0.0808,0.05,0.1,43.4,2.07,0.0,1.0,True,0.01,0.95,10.0,39600.0,0.938,0.139
10671,1 - 1 - 2022,19800.0,4.868264577855234,4.216965733794858,5.623415332340303,0.0299,0.0251189,0.0398107,0.843,0.8,0.9,0.163,0.1,0.2,54.3,1.63,10.9,1.0,True,0.01,0.95,10.0,39600.0,0.938,0.139
10672,1 - 1 - 2022,19800.0,4.58257569495584,4.216965733794858,5.623415332340303,0.0329,0.0251189,0.0398107,0.841,0.8,0.9,0.222,0.2,0.3,54.3,1.63,0.0,1.0,True,0.01,0.95,10.0,39600.0,0.938,0.139
10673,1 - 1 - 2022,19800.0,4.669047011971501,4.216965733794858,5.623415332340303,0.0337,0.0251189,0.0398107,0.847,0.8,0.9,0.367,0.3,0.4,86.8,2.07,0.0,1.0,True,0.01,0.95,10.0,39600.0,0.938,0.139
10674,1 - 1 - 2022,19800.0,4.679743582719036,4.216965733794858,5.623415332340303,0.033,0.0251189,0.0398107,0.829,0.8,0.9,0.446,0.4,0.5,86.8,2.07,0.0,1.0,True,0.01,0.95,10.0,39600.0,0.938,0.139
10675,1 - 1 - 2022,19800.0,4.959838707054898,4.216965733794858,5.623415332340303,0.032,0.0251189,0.0398107,0.849,0.8,0.9,0.545,0.5,0.6,97.7,2.19,0.0,1.0,True,0.01,0.95,10.0,39600.0,0.938,0.139
10676,1 - 1 - 2022,19800.0,4.370354676682432,4.216965733794858,5.623415332340303,0.0358,0.0251189,0.0398107,0.816,0.8,0.9,0.694,0.6,0.7,10.9,0.731,0.0,1.0,True,0.01,0.95,10.0,39600.0,0.938,0.139
10677,1 - 1 - 2022,19800.0,4.868264577855234,4.216965733794858,5.623415332340303,0.0316,0.0251189,0.0398107,0.85,0.8,0.9,0.758,0.7,0.8,76.0,1.93,21.7,1.0,True,0.01,0.95,10.0,39600.0,0.938,0.139
10678,1 - 1 - 2022,19800.0,4.494441010848846,4.216965733794858,5.623415332340303,0.0311,0.0251189,0.0398107,0.87,0.8,0.9,0.853,0.8,0.9,21.7,1.03,0.0,1.0,True,0.01,0.95,10.0,39600.0,0.938,0.139
10679,1 - 1 - 2022,19800.0,5.431390245600108,4.216965733794858,5.623415332340303,0.0307,0.0251189,0.0398107,0.899,0.8,0.9,0.951,0.9,1.0,10.9,0.731,0.0,1.0,True,0.01,0.95,10.0,39600.0,0.938,0.139
10680,1 - 1 - 2022,19800.0,4.888762624632126,4.216965733794858,5.623415332340303,0.0298,0.0251189,0.0398107,0.857,0.8,0.9,1.12,1.0,1.5,10.9,0.327,2.17,1.0,True,0.01,0.95,10.0,39600.0,0.938,0.139
10681,1 - 1 - 2022,19800.0,5.224940191045253,4.216965733794858,5.623415332340303,0.0309,0.0251189,0.0398107,0.855,0.8,0.9,1.75,1.5,2.0,4.34,0.207,2.17,1.0,True,0.01,0.95,10.0,39600.0,0.938,0.139
10682,1 - 1 - 2022,19800.0,5.205766033928148,4.216965733794858,5.623415332340303,0.0328,0.0251189,0.0398107,0.961,0.9,1.0,0.0378,0.0,0.05,21.7,1.46,0.0,1.0,True,0.01,0.95,10.0,39600.0,0.938,0.139
10683,1 - 1 - 2022,19800.0,4.909175083453431,4.216965733794858,5.623415332340303,0.031,0.0251189,0.0398107,0.942,0.9,1.0,0.15,0.1,0.2,21.7,1.03,0.0,1.0,True,0.01,0.95,10.0,39600.0,0.938,0.139
10684,1 - 1 - 2022,19800.0,4.9396356140913875,4.216965733794858,5.623415332340303,0.0342,0.0251189,0.0398107,0.961,0.9,1.0,0.279,0.2,0.3,10.9,0.731,0.0,1.0,True,0.01,0.95,10.0,39600.0,0.938,0.139
10685,1 - 1 - 2022,19800.0,4.449719092257398,4.216965733794858,5.623415332340303,0.0335,0.0251189,0.0398107,0.932,0.9,1.0,0.342,0.3,0.4,21.7,1.03,0.0,1.0,True,0.01,0.95,10.0,39600.0,0.938,0.139
10686,1 - 1 - 2022,19800.0,4.919349550499537,4.216965733794858,5.623415332340303,0.0298,0.0251189,0.0398107,0.919,0.9,1.0,0.435,0.4,0.5,32.6,1.27,0.0,1.0,True,0.01,0.95,10.0,39600.0,0.938,0.139
10687,1 - 1 - 2022,19800.0,4.301162633521313,4.216965733794858,5.623415332340303,0.0273,0.0251189,0.0398107,0.916,0.9,1.0,0.555,0.5,0.6,10.9,0.731,0.0,1.0,True,0.01,0.95,10.0,39600.0,0.938,0.139
10688,1 - 1 - 2022,19800.0,5.585696017507576,4.216965733794858,5.623415332340303,0.0304,0.0251189,0.0398107,0.932,0.9,1.0,0.601,0.6,0.7,10.9,0.731,0.0,1.0,True,0.01,0.95,10.0,39600.0,0.938,0.139
10689,1 - 1 - 2022,19800.0,4.2895221179054435,4.216965733794858,5.623415332340303,0.0392,0.0251189,0.0398107,0.927,0.9,1.0,0.713,0.7,0.8,10.9,0.731,0.0,1.0,True,0.01,0.95,10.0,39600.0,0.938,0.139
10690,1 - 1 - 2022,19800.0,5.621387729022079,4.216965733794858,5.623415332340303,0.0265,0.0251189,0.0398107,0.907,0.9,1.0,0.83,0.8,0.9,10.9,0.731,0.0,1.0,True,0.01,0.95,10.0,39600.0,0.938,0.139
10691,1 - 1 - 2022,19800.0,5.0099900199501395,4.216965733794858,5.623415332340303,0.0499,0.0398107,0.0630957,0.0393,0.0,0.05,0.0281,0.0,0.05,384.0,6.9,329.0,1.0,True,0.01,0.95,10.0,39600.0,0.938,0.139
10692,1 - 1 - 2022,19800.0,4.969909455915671,4.216965733794858,5.623415332340303,0.0493,0.0398107,0.0630957,0.0414,0.0,0.05,0.0775,0.05,0.1,1640.0,14.3,1100.0,1.0,True,0.01,0.95,10.0,39600.0,0.938,0.139
10693,1 - 1 - 2022,19800.0,4.909175083453431,4.216965733794858,5.623415332340303,0.0482,0.0398107,0.0630957,0.0384,0.0,0.05,0.155,0.1,0.2,3300.0,14.3,1960.0,1.0,True,0.01,0.95,10.0,39600.0,0.938,0.139
10694,1 - 1 - 2022,19800.0,4.919349550499537,4.216965733794858,5.623415332340303,0.049,0.0398107,0.0630957,0.0367,0.0,0.05,0.252,0.2,0.3,5600.0,18.6,3270.0,1.0,True,0.01,0.95,10.0,39600.0,0.938,0.139
10695,1 - 1 - 2022,19800.0,4.9396356140913875,4.216965733794858,5.623415332340303,0.0488,0.0398107,0.0630957,0.0348,0.0,0.05,0.352,0.3,0.4,6560.0,20.2,4030.0,1.0,True,0.01,0.95,10.0,39600.0,0.938,0.139
10696,1 - 1 - 2022,19800.0,4.9396356140913875,4.216965733794858,5.623415332340303,0.0495,0.0398107,0.0630957,0.0342,0.0,0.05,0.447,0.4,0.5,6140.0,19.5,3690.0,1.0,True,0.01,0.95,10.0,39600.0,0.938,0.139
10697,1 - 1 - 2022,19800.0,4.9396356140913875,4.216965733794858,5.623415332340303,0.0491,0.0398107,0.0630957,0.0347,0.0,0.05,0.548,0.5,0.6,5060.0,17.7,2780.0,1.0,True,0.01,0.95,10.0,39600.0,0.938,0.139
10698,1 - 1 - 2022,19800.0,4.898979485566356,4.216965733794858,5.623415332340303,0.0489,0.0398107,0.0630957,0.034,0.0,0.05,0.644,0.6,0.7,3040.0,13.7,2000.0,1.0,True,0.01,0.95,10.0,39600.0,0.938,0.139
10699,1 - 1 - 2022,19800.0,4.959838707054898,4.216965733794858,5.623415332340303,0.0497,0.0398107,0.0630957,0.0346,0.0,0.05,0.748,0.7,0.8,2330.0,12.0,1380.0,1.0,True,0.01,0.95,10.0,39600.0,0.938,0.139
10700,1 - 1 - 2022,19800.0,4.929503017546495,4.216965733794858,5.623415332340303,0.0493,0.0398107,0.0630957,0.037,0.0,0.05,0.844,0.8,0.9,1330.0,9.08,795.0,1.0,True,0.01,0.95,10.0,39600.0,0.938,0.139
10701,1 - 1 - 2022,19800.0,5.029910535983717,4.216965733794858,5.623415332340303,0.049,0.0398107,0.0630957,0.0369,0.0,0.05,0.94,0.9,1.0,781.0,6.96,507.0,1.0,True,0.01,0.95,10.0,39600.0,0.938,0.139
10702,1 - 1 - 2022,19800.0,4.959838707054898,4.216965733794858,5.623415332340303,0.0481,0.0398107,0.0630957,0.0392,0.0,0.05,1.13,1.0,1.5,181.0,1.5,129.0,1.0,True,0.01,0.95,10.0,39600.0,0.938,0.139
10703,1 - 1 - 2022,19800.0,4.878524367060187,4.216965733794858,5.623415332340303,0.0509,0.0398107,0.0630957,0.0707,0.05,0.1,0.0341,0.0,0.05,1420.0,13.3,164.0,1.0,True,0.01,0.95,10.0,39600.0,0.938,0.139
10704,1 - 1 - 2022,19800.0,4.888762624632126,4.216965733794858,5.623415332340303,0.0507,0.0398107,0.0630957,0.0739,0.05,0.1,0.0765,0.05,0.1,3070.0,19.5,27.4,1.0,True,0.01,0.95,10.0,39600.0,0.938,0.139
10705,1 - 1 - 2022,19800.0,4.857983120596447,4.216965733794858,5.623415332340303,0.0499,0.0398107,0.0630957,0.0721,0.05,0.1,0.152,0.1,0.2,5590.0,18.6,479.0,1.0,True,0.01,0.95,10.0,39600.0,0.938,0.139
10706,1 - 1 - 2022,19800.0,4.8270073544588685,4.216965733794858,5.623415332340303,0.05,0.0398107,0.0630957,0.073,0.05,0.1,0.25,0.2,0.3,7800.0,22.0,753.0,1.0,True,0.01,0.95,10.0,39600.0,0.938,0.139
10707,1 - 1 - 2022,19800.0,4.857983120596447,4.216965733794858,5.623415332340303,0.0499,0.0398107,0.0630957,0.0728,0.05,0.1,0.353,0.3,0.4,7590.0,21.7,904.0,1.0,True,0.01,0.95,10.0,39600.0,0.938,0.139
10708,1 - 1 - 2022,19800.0,4.8166378315169185,4.216965733794858,5.623415332340303,0.0506,0.0398107,0.0630957,0.0727,0.05,0.1,0.448,0.4,0.5,7160.0,21.1,534.0,1.0,True,0.01,0.95,10.0,39600.0,0.938,0.139
10709,1 - 1 - 2022,19800.0,4.8270073544588685,4.216965733794858,5.623415332340303,0.0503,0.0398107,0.0630957,0.073,0.05,0.1,0.547,0.5,0.6,4850.0,17.3,164.0,1.0,True,0.01,0.95,10.0,39600.0,0.938,0.139
10710,1 - 1 - 2022,19800.0,4.847679857416329,4.216965733794858,5.623415332340303,0.0504,0.0398107,0.0630957,0.0731,0.05,0.1,0.647,0.6,0.7,3520.0,14.8,95.9,1.0,True,0.01,0.95,10.0,39600.0,0.938,0.139
10711,1 - 1 - 2022,19800.0,4.898979485566356,4.216965733794858,5.623415332340303,0.0505,0.0398107,0.0630957,0.0737,0.05,0.1,0.75,0.7,0.8,2770.0,13.1,27.4,1.0,True,0.01,0.95,10.0,39600.0,0.938,0.139
10712,1 - 1 - 2022,19800.0,4.878524367060187,4.216965733794858,5.623415332340303,0.0496,0.0398107,0.0630957,0.0737,0.05,0.1,0.846,0.8,0.9,2230.0,11.8,54.8,1.0,True,0.01,0.95,10.0,39600.0,0.938,0.139
10713,1 - 1 - 2022,19800.0,4.878524367060187,4.216965733794858,5.623415332340303,0.0504,0.0398107,0.0630957,0.0714,0.05,0.1,0.942,0.9,1.0,945.0,7.66,27.4,1.0,True,0.01,0.95,10.0,39600.0,0.938,0.139
10714,1 - 1 - 2022,19800.0,4.878524367060187,4.216965733794858,5.623415332340303,0.0495,0.0398107,0.0630957,0.0748,0.05,0.1,1.15,1.0,1.5,334.0,2.04,16.4,1.0,True,0.01,0.95,10.0,39600.0,0.938,0.139
10715,1 - 1 - 2022,19800.0,5.0,4.216965733794858,5.623415332340303,0.0497,0.0398107,0.0630957,0.0824,0.05,0.1,1.66,1.5,2.0,38.4,0.69,8.22,1.0,True,0.01,0.95,10.0,39600.0,0.938,0.139
10716,1 - 1 - 2022,19800.0,4.959838707054898,4.216965733794858,5.623415332340303,0.0545,0.0398107,0.0630957,0.0922,0.05,0.1,2.64,2.0,4.0,2.06,0.0799,1.37,1.0,True,0.01,0.95,10.0,39600.0,0.938,0.139
10717,1 - 1 - 2022,19800.0,4.857983120596447,4.216965733794858,5.623415332340303,0.0508,0.0398107,0.0630957,0.121,0.1,0.15,0.0277,0.0,0.05,603.0,8.65,27.4,1.0,True,0.01,0.95,10.0,39600.0,0.938,0.139
10718,1 - 1 - 2022,19800.0,4.8373546489791295,4.216965733794858,5.623415332340303,0.0505,0.0398107,0.0630957,0.122,0.1,0.15,0.0785,0.05,0.1,2110.0,16.2,27.4,1.0,True,0.01,0.95,10.0,39600.0,0.938,0.139
10719,1 - 1 - 2022,19800.0,4.806245936279167,4.216965733794858,5.623415332340303,0.051,0.0398107,0.0630957,0.122,0.1,0.15,0.155,0.1,0.2,3850.0,15.5,41.1,1.0,True,0.01,0.95,10.0,39600.0,0.938,0.139
10720,1 - 1 - 2022,19800.0,4.8270073544588685,4.216965733794858,5.623415332340303,0.0506,0.0398107,0.0630957,0.124,0.1,0.15,0.25,0.2,0.3,4530.0,16.8,274.0,1.0,True,0.01,0.95,10.0,39600.0,0.938,0.139
10721,1 - 1 - 2022,19800.0,4.8270073544588685,4.216965733794858,5.623415332340303,0.0499,0.0398107,0.0630957,0.123,0.1,0.15,0.348,0.3,0.4,4950.0,17.5,507.0,1.0,True,0.01,0.95,10.0,39600.0,0.938,0.139
10722,1 - 1 - 2022,19800.0,4.878524367060187,4.216965733794858,5.623415332340303,0.0503,0.0398107,0.0630957,0.124,0.1,0.15,0.449,0.4,0.5,4560.0,16.8,822.0,1.0,True,0.01,0.95,10.0,39600.0,0.938,0.139
10723,1 - 1 - 2022,19800.0,4.857983120596447,4.216965733794858,5.623415332340303,0.0496,0.0398107,0.0630957,0.123,0.1,0.15,0.549,0.5,0.6,3490.0,14.7,562.0,1.0,True,0.01,0.95,10.0,39600.0,0.938,0.139
10724,1 - 1 - 2022,19800.0,4.8166378315169185,4.216965733794858,5.623415332340303,0.0499,0.0398107,0.0630957,0.121,0.1,0.15,0.648,0.6,0.7,3180.0,14.0,425.0,1.0,True,0.01,0.95,10.0,39600.0,0.938,0.139
10725,1 - 1 - 2022,19800.0,4.847679857416329,4.216965733794858,5.623415332340303,0.0498,0.0398107,0.0630957,0.125,0.1,0.15,0.746,0.7,0.8,2000.0,11.1,164.0,1.0,True,0.01,0.95,10.0,39600.0,0.938,0.139
10726,1 - 1 - 2022,19800.0,4.8270073544588685,4.216965733794858,5.623415332340303,0.0496,0.0398107,0.0630957,0.126,0.1,0.15,0.848,0.8,0.9,1370.0,9.22,178.0,1.0,True,0.01,0.95,10.0,39600.0,0.938,0.139
10727,1 - 1 - 2022,19800.0,4.9396356140913875,4.216965733794858,5.623415332340303,0.05,0.0398107,0.0630957,0.124,0.1,0.15,0.946,0.9,1.0,877.0,7.38,41.1,1.0,True,0.01,0.95,10.0,39600.0,0.938,0.139
10728,1 - 1 - 2022,19800.0,4.8373546489791295,4.216965733794858,5.623415332340303,0.051,0.0398107,0.0630957,0.122,0.1,0.15,1.2,1.0,1.5,304.0,1.94,2.74,1.0,True,0.01,0.95,10.0,39600.0,0.938,0.139
10729,1 - 1 - 2022,19800.0,5.0,4.216965733794858,5.623415332340303,0.049,0.0398107,0.0630957,0.125,0.1,0.15,1.69,1.5,2.0,54.8,0.825,0.0,1.0,True,0.01,0.95,10.0,39600.0,0.938,0.139
10730,1 - 1 - 2022,19800.0,5.2345009313209605,4.216965733794858,5.623415332340303,0.0475,0.0398107,0.0630957,0.109,0.1,0.15,2.23,2.0,4.0,2.74,0.0922,0.0,1.0,True,0.01,0.95,10.0,39600.0,0.938,0.139
10731,1 - 1 - 2022,19800.0,4.8373546489791295,4.216965733794858,5.623415332340303,0.0524,0.0398107,0.0630957,0.174,0.15,0.2,0.0355,0.0,0.05,712.0,9.4,0.0,1.0,True,0.01,0.95,10.0,39600.0,0.938,0.139
10732,1 - 1 - 2022,19800.0,4.806245936279167,4.216965733794858,5.623415332340303,0.05,0.0398107,0.0630957,0.172,0.15,0.2,0.0795,0.05,0.1,1560.0,13.9,0.0,1.0,True,0.01,0.95,10.0,39600.0,0.938,0.139
10733,1 - 1 - 2022,19800.0,4.8166378315169185,4.216965733794858,5.623415332340303,0.0502,0.0398107,0.0630957,0.174,0.15,0.2,0.152,0.1,0.2,2560.0,12.6,0.0,1.0,True,0.01,0.95,10.0,39600.0,0.938,0.139
10734,1 - 1 - 2022,19800.0,4.8373546489791295,4.216965733794858,5.623415332340303,0.0503,0.0398107,0.0630957,0.174,0.15,0.2,0.252,0.2,0.3,3270.0,14.3,54.8,1.0,True,0.01,0.95,10.0,39600.0,0.938,0.139
10735,1 - 1 - 2022,19800.0,4.847679857416329,4.216965733794858,5.623415332340303,0.0503,0.0398107,0.0630957,0.173,0.15,0.2,0.346,0.3,0.4,3050.0,13.8,178.0,1.0,True,0.01,0.95,10.0,39600.0,0.938,0.139
10736,1 - 1 - 2022,19800.0,4.78539444560216,4.216965733794858,5.623415332340303,0.0501,0.0398107,0.0630957,0.174,0.15,0.2,0.45,0.4,0.5,3070.0,13.8,356.0,1.0,True,0.01,0.95,10.0,39600.0,0.938,0.139
10737,1 - 1 - 2022,19800.0,4.806245936279167,4.216965733794858,5.623415332340303,0.0496,0.0398107,0.0630957,0.173,0.15,0.2,0.547,0.5,0.6,2190.0,11.7,301.0,1.0,True,0.01,0.95,10.0,39600.0,0.938,0.139
10738,1 - 1 - 2022,19800.0,4.8270073544588685,4.216965733794858,5.623415332340303,0.0501,0.0398107,0.0630957,0.173,0.15,0.2,0.65,0.6,0.7,1770.0,10.5,342.0,1.0,True,0.01,0.95,10.0,39600.0,0.938,0.139
10739,1 - 1 - 2022,19800.0,4.898979485566356,4.216965733794858,5.623415332340303,0.0513,0.0398107,0.0630957,0.175,0.15,0.2,0.746,0.7,0.8,1210.0,8.65,301.0,1.0,True,0.01,0.95,10.0,39600.0,0.938,0.139
10740,1 - 1 - 2022,19800.0,4.868264577855234,4.216965733794858,5.623415332340303,0.051,0.0398107,0.0630957,0.174,0.15,0.2,0.842,0.8,0.9,822.0,7.14,206.0,1.0,True,0.01,0.95,10.0,39600.0,0.938,0.139
10741,1 - 1 - 2022,19800.0,4.909175083453431,4.216965733794858,5.623415332340303,0.0489,0.0398107,0.0630957,0.175,0.15,0.2,0.947,0.9,1.0,575.0,5.98,82.2,1.0,True,0.01,0.95,10.0,39600.0,0.938,0.139
10742,1 - 1 - 2022,19800.0,4.949747468305833,4.216965733794858,5.623415332340303,0.0501,0.0398107,0.0630957,0.174,0.15,0.2,1.18,1.0,1.5,315.0,1.98,32.9,1.0,True,0.01,0.95,10.0,39600.0,0.938,0.139
10743,1 - 1 - 2022,19800.0,4.949747468305833,4.216965733794858,5.623415332340303,0.0496,0.0398107,0.0630957,0.172,0.15,0.2,1.68,1.5,2.0,32.9,0.639,0.0,1.0,True,0.01,0.95,10.0,39600.0,0.938,0.139
10744,1 - 1 - 2022,19800.0,5.244044240850758,4.216965733794858,5.623415332340303,0.0445,0.0398107,0.0630957,0.181,0.15,0.2,2.34,2.0,4.0,3.42,0.103,0.0,1.0,True,0.01,0.95,10.0,39600.0,0.938,0.139
10745,1 - 1 - 2022,19800.0,4.919349550499537,4.216965733794858,5.623415332340303,0.0483,0.0398107,0.0630957,0.225,0.2,0.25,0.0278,0.0,0.05,247.0,5.53,0.0,1.0,True,0.01,0.95,10.0,39600.0,0.938,0.139
10746,1 - 1 - 2022,19800.0,4.847679857416329,4.216965733794858,5.623415332340303,0.0507,0.0398107,0.0630957,0.223,0.2,0.25,0.0757,0.05,0.1,986.0,11.1,0.0,1.0,True,0.01,0.95,10.0,39600.0,0.938,0.139
10747,1 - 1 - 2022,19800.0,4.919349550499537,4.216965733794858,5.623415332340303,0.0492,0.0398107,0.0630957,0.223,0.2,0.25,0.154,0.1,0.2,1680.0,10.2,0.0,1.0,True,0.01,0.95,10.0,39600.0,0.938,0.139
10748,1 - 1 - 2022,19800.0,4.795831523312719,4.216965733794858,5.623415332340303,0.0505,0.0398107,0.0630957,0.224,0.2,0.25,0.252,0.2,0.3,1990.0,11.1,41.1,1.0,True,0.01,0.95,10.0,39600.0,0.938,0.139
10749,1 - 1 - 2022,19800.0,4.868264577855234,4.216965733794858,5.623415332340303,0.0511,0.0398107,0.0630957,0.222,0.2,0.25,0.349,0.3,0.4,1740.0,10.4,13.7,1.0,True,0.01,0.95,10.0,39600.0,0.938,0.139
10750,1 - 1 - 2022,19800.0,4.8373546489791295,4.216965733794858,5.623415332340303,0.0505,0.0398107,0.0630957,0.225,0.2,0.25,0.447,0.4,0.5,1990.0,11.1,137.0,1.0,True,0.01,0.95,10.0,39600.0,0.938,0.139
10751,1 - 1 - 2022,19800.0,4.847679857416329,4.216965733794858,5.623415332340303,0.0496,0.0398107,0.0630957,0.221,0.2,0.25,0.547,0.5,0.6,1520.0,9.71,164.0,1.0,True,0.01,0.95,10.0,39600.0,0.938,0.139
10752,1 - 1 - 2022,19800.0,4.78539444560216,4.216965733794858,5.623415332340303,0.0499,0.0398107,0.0630957,0.222,0.2,0.25,0.649,0.6,0.7,1250.0,8.8,164.0,1.0,True,0.01,0.95,10.0,39600.0,0.938,0.139
10753,1 - 1 - 2022,19800.0,4.847679857416329,4.216965733794858,5.623415332340303,0.05,0.0398107,0.0630957,0.226,0.2,0.25,0.749,0.7,0.8,918.0,7.55,192.0,1.0,True,0.01,0.95,10.0,39600.0,0.938,0.139
10754,1 - 1 - 2022,19800.0,4.806245936279167,4.216965733794858,5.623415332340303,0.0499,0.0398107,0.0630957,0.225,0.2,0.25,0.842,0.8,0.9,836.0,7.2,151.0,1.0,True,0.01,0.95,10.0,39600.0,0.938,0.139
10755,1 - 1 - 2022,19800.0,4.795831523312719,4.216965733794858,5.623415332340303,0.0493,0.0398107,0.0630957,0.225,0.2,0.25,0.954,0.9,1.0,411.0,5.05,82.2,1.0,True,0.01,0.95,10.0,39600.0,0.938,0.139
10756,1 - 1 - 2022,19800.0,4.857983120596447,4.216965733794858,5.623415332340303,0.0491,0.0398107,0.0630957,0.225,0.2,0.25,1.18,1.0,1.5,195.0,1.55,35.6,1.0,True,0.01,0.95,10.0,39600.0,0.938,0.139
10757,1 - 1 - 2022,19800.0,4.806245936279167,4.216965733794858,5.623415332340303,0.0526,0.0398107,0.0630957,0.225,0.2,0.25,1.75,1.5,2.0,24.7,0.553,2.74,1.0,True,0.01,0.95,10.0,39600.0,0.938,0.139
10758,1 - 1 - 2022,19800.0,5.244044240850758,4.216965733794858,5.623415332340303,0.053,0.0398107,0.0630957,0.222,0.2,0.25,2.58,2.0,4.0,4.79,0.122,0.0,1.0,True,0.01,0.95,10.0,39600.0,0.938,0.139
10759,1 - 1 - 2022,19800.0,4.857983120596447,4.216965733794858,5.623415332340303,0.0423,0.0398107,0.0630957,0.275,0.25,0.3,0.0236,0.0,0.05,54.8,2.61,0.0,1.0,True,0.01,0.95,10.0,39600.0,0.938,0.139
10760,1 - 1 - 2022,19800.0,4.8270073544588685,4.216965733794858,5.623415332340303,0.05,0.0398107,0.0630957,0.277,0.25,0.3,0.0813,0.05,0.1,466.0,7.6,0.0,1.0,True,0.01,0.95,10.0,39600.0,0.938,0.139
10761,1 - 1 - 2022,19800.0,4.795831523312719,4.216965733794858,5.623415332340303,0.0511,0.0398107,0.0630957,0.278,0.25,0.3,0.158,0.1,0.2,849.0,7.26,0.0,1.0,True,0.01,0.95,10.0,39600.0,0.938,0.139
10762,1 - 1 - 2022,19800.0,4.8373546489791295,4.216965733794858,5.623415332340303,0.0506,0.0398107,0.0630957,0.272,0.25,0.3,0.254,0.2,0.3,1110.0,8.3,0.0,1.0,True,0.01,0.95,10.0,39600.0,0.938,0.139
10763,1 - 1 - 2022,19800.0,4.8166378315169185,4.216965733794858,5.623415332340303,0.0504,0.0398107,0.0630957,0.272,0.25,0.3,0.351,0.3,0.4,1360.0,9.17,13.7,1.0,True,0.01,0.95,10.0,39600.0,0.938,0.139
10764,1 - 1 - 2022,19800.0,4.868264577855234,4.216965733794858,5.623415332340303,0.0497,0.0398107,0.0630957,0.274,0.25,0.3,0.446,0.4,0.5,1470.0,9.54,13.7,1.0,True,0.01,0.95,10.0,39600.0,0.938,0.139
10765,1 - 1 - 2022,19800.0,4.847679857416329,4.216965733794858,5.623415332340303,0.0485,0.0398107,0.0630957,0.272,0.25,0.3,0.555,0.5,0.6,1160.0,8.5,0.00888,1.0,True,0.01,0.95,10.0,39600.0,0.938,0.139
10766,1 - 1 - 2022,19800.0,4.78539444560216,4.216965733794858,5.623415332340303,0.0503,0.0398107,0.0630957,0.273,0.25,0.3,0.644,0.6,0.7,973.0,7.77,95.9,1.0,True,0.01,0.95,10.0,39600.0,0.938,0.139
10767,1 - 1 - 2022,19800.0,4.919349550499537,4.216965733794858,5.623415332340303,0.0512,0.0398107,0.0630957,0.276,0.25,0.3,0.743,0.7,0.8,945.0,7.66,82.2,1.0,True,0.01,0.95,10.0,39600.0,0.938,0.139
10768,1 - 1 - 2022,19800.0,4.9899899799498595,4.216965733794858,5.623415332340303,0.0489,0.0398107,0.0630957,0.276,0.25,0.3,0.849,0.8,0.9,479.0,5.45,41.1,1.0,True,0.01,0.95,10.0,39600.0,0.938,0.139
10769,1 - 1 - 2022,19800.0,4.868264577855234,4.216965733794858,5.623415332340303,0.0513,0.0398107,0.0630957,0.275,0.25,0.3,0.945,0.9,1.0,493.0,5.53,13.7,1.0,True,0.01,0.95,10.0,39600.0,0.938,0.139
10770,1 - 1 - 2022,19800.0,4.8373546489791295,4.216965733794858,5.623415332340303,0.05,0.0398107,0.0630957,0.272,0.25,0.3,1.19,1.0,1.5,140.0,1.32,24.7,1.0,True,0.01,0.95,10.0,39600.0,0.938,0.139
10771,1 - 1 - 2022,19800.0,5.0,4.216965733794858,5.623415332340303,0.0497,0.0398107,0.0630957,0.278,0.25,0.3,1.75,1.5,2.0,35.6,0.665,2.74,1.0,True,0.01,0.95,10.0,39600.0,0.938,0.139
10772,1 - 1 - 2022,19800.0,5.612486080160912,4.216965733794858,5.623415332340303,0.0455,0.0398107,0.0630957,0.293,0.25,0.3,3.01,2.0,4.0,0.685,0.0461,0.0,1.0,True,0.01,0.95,10.0,39600.0,0.938,0.139
10773,1 - 1 - 2022,19800.0,4.669047011971501,4.216965733794858,5.623415332340303,0.0512,0.0398107,0.0630957,0.346,0.3,0.4,0.0319,0.0,0.05,95.9,2.44,0.0,1.0,True,0.01,0.95,10.0,39600.0,0.938,0.139
10774,1 - 1 - 2022,19800.0,4.929503017546495,4.216965733794858,5.623415332340303,0.0499,0.0398107,0.0630957,0.341,0.3,0.4,0.0791,0.05,0.1,260.0,4.02,0.0,1.0,True,0.01,0.95,10.0,39600.0,0.938,0.139
10775,1 - 1 - 2022,19800.0,4.878524367060187,4.216965733794858,5.623415332340303,0.0514,0.0398107,0.0630957,0.348,0.3,0.4,0.159,0.1,0.2,562.0,4.17,0.00163,1.0,True,0.01,0.95,10.0,39600.0,0.938,0.139
10776,1 - 1 - 2022,19800.0,4.847679857416329,4.216965733794858,5.623415332340303,0.0503,0.0398107,0.0630957,0.345,0.3,0.4,0.253,0.2,0.3,849.0,5.13,0.0,1.0,True,0.01,0.95,10.0,39600.0,0.938,0.139
10777,1 - 1 - 2022,19800.0,4.929503017546495,4.216965733794858,5.623415332340303,0.0513,0.0398107,0.0630957,0.344,0.3,0.4,0.356,0.3,0.4,884.0,5.24,0.00407,1.0,True,0.01,0.95,10.0,39600.0,0.938,0.139
10778,1 - 1 - 2022,19800.0,4.847679857416329,4.216965733794858,5.623415332340303,0.0499,0.0398107,0.0630957,0.345,0.3,0.4,0.449,0.4,0.5,842.0,5.11,0.0,1.0,True,0.01,0.95,10.0,39600.0,0.938,0.139
10779,1 - 1 - 2022,19800.0,4.8270073544588685,4.216965733794858,5.623415332340303,0.0501,0.0398107,0.0630957,0.346,0.3,0.4,0.553,0.5,0.6,747.0,4.81,0.0,1.0,True,0.01,0.95,10.0,39600.0,0.938,0.139
10780,1 - 1 - 2022,19800.0,4.764451699828638,4.216965733794858,5.623415332340303,0.0508,0.0398107,0.0630957,0.349,0.3,0.4,0.642,0.6,0.7,637.0,4.45,6.85,1.0,True,0.01,0.95,10.0,39600.0,0.938,0.139
10781,1 - 1 - 2022,19800.0,4.888762624632126,4.216965733794858,5.623415332340303,0.0491,0.0398107,0.0630957,0.35,0.3,0.4,0.751,0.7,0.8,493.0,3.91,20.6,1.0,True,0.01,0.95,10.0,39600.0,0.938,0.139
10782,1 - 1 - 2022,19800.0,4.878524367060187,4.216965733794858,5.623415332340303,0.0501,0.0398107,0.0630957,0.348,0.3,0.4,0.846,0.8,0.9,425.0,3.63,27.4,1.0,True,0.01,0.95,10.0,39600.0,0.938,0.139
10783,1 - 1 - 2022,19800.0,4.8373546489791295,4.216965733794858,5.623415332340303,0.0509,0.0398107,0.0630957,0.339,0.3,0.4,0.943,0.9,1.0,240.0,2.73,27.4,1.0,True,0.01,0.95,10.0,39600.0,0.938,0.139
10784,1 - 1 - 2022,19800.0,4.888762624632126,4.216965733794858,5.623415332340303,0.0518,0.0398107,0.0630957,0.345,0.3,0.4,1.2,1.0,1.5,89.0,0.743,6.85,1.0,True,0.01,0.95,10.0,39600.0,0.938,0.139
10785,1 - 1 - 2022,19800.0,4.949747468305833,4.216965733794858,5.623415332340303,0.0533,0.0398107,0.0630957,0.349,0.3,0.4,1.68,1.5,2.0,12.3,0.277,1.37,1.0,True,0.01,0.95,10.0,39600.0,0.938,0.139
10786,1 - 1 - 2022,19800.0,5.049752469181039,4.216965733794858,5.623415332340303,0.0482,0.0398107,0.0630957,0.322,0.3,0.4,2.57,2.0,4.0,3.77,0.0765,0.0,1.0,True,0.01,0.95,10.0,39600.0,0.938,0.139
10787,1 - 1 - 2022,19800.0,4.636809247747852,4.216965733794858,5.623415332340303,0.0497,0.0398107,0.0630957,0.429,0.4,0.5,0.0265,0.0,0.05,95.9,2.44,0.0,1.0,True,0.01,0.95,10.0,39600.0,0.938,0.139
10788,1 - 1 - 2022,19800.0,4.9396356140913875,4.216965733794858,5.623415332340303,0.0437,0.0398107,0.0630957,0.447,0.4,0.5,0.0746,0.05,0.1,82.2,2.26,0.0,1.0,True,0.01,0.95,10.0,39600.0,0.938,0.139
10789,1 - 1 - 2022,19800.0,4.949747468305833,4.216965733794858,5.623415332340303,0.0503,0.0398107,0.0630957,0.452,0.4,0.5,0.156,0.1,0.2,281.0,2.95,0.0,1.0,True,0.01,0.95,10.0,39600.0,0.938,0.139
10790,1 - 1 - 2022,19800.0,4.868264577855234,4.216965733794858,5.623415332340303,0.0494,0.0398107,0.0630957,0.447,0.4,0.5,0.252,0.2,0.3,575.0,4.23,0.0,1.0,True,0.01,0.95,10.0,39600.0,0.938,0.139
10791,1 - 1 - 2022,19800.0,4.919349550499537,4.216965733794858,5.623415332340303,0.0512,0.0398107,0.0630957,0.447,0.4,0.5,0.35,0.3,0.4,425.0,3.63,0.0,1.0,True,0.01,0.95,10.0,39600.0,0.938,0.139
10792,1 - 1 - 2022,19800.0,4.795831523312719,4.216965733794858,5.623415332340303,0.0493,0.0398107,0.0630957,0.446,0.4,0.5,0.451,0.4,0.5,425.0,3.63,0.0,1.0,True,0.01,0.95,10.0,39600.0,0.938,0.139
10793,1 - 1 - 2022,19800.0,4.774934554525329,4.216965733794858,5.623415332340303,0.0492,0.0398107,0.0630957,0.451,0.4,0.5,0.544,0.5,0.6,479.0,3.86,0.00355,1.0,True,0.01,0.95,10.0,39600.0,0.938,0.139
10794,1 - 1 - 2022,19800.0,4.857983120596447,4.216965733794858,5.623415332340303,0.0489,0.0398107,0.0630957,0.436,0.4,0.5,0.648,0.6,0.7,288.0,2.99,0.0,1.0,True,0.01,0.95,10.0,39600.0,0.938,0.139
10795,1 - 1 - 2022,19800.0,4.8373546489791295,4.216965733794858,5.623415332340303,0.0508,0.0398107,0.0630957,0.436,0.4,0.5,0.754,0.7,0.8,240.0,2.73,0.0,1.0,True,0.01,0.95,10.0,39600.0,0.938,0.139
10796,1 - 1 - 2022,19800.0,4.743416490252569,4.216965733794858,5.623415332340303,0.0505,0.0398107,0.0630957,0.443,0.4,0.5,0.853,0.8,0.9,171.0,2.31,0.0,1.0,True,0.01,0.95,10.0,39600.0,0.938,0.139
10797,1 - 1 - 2022,19800.0,4.847679857416329,4.216965733794858,5.623415332340303,0.0488,0.0398107,0.0630957,0.443,0.4,0.5,0.939,0.9,1.0,137.0,2.06,0.0,1.0,True,0.01,0.95,10.0,39600.0,0.938,0.139
10798,1 - 1 - 2022,19800.0,4.949747468305833,4.216965733794858,5.623415332340303,0.0506,0.0398107,0.0630957,0.442,0.4,0.5,1.18,1.0,1.5,75.3,0.684,2.74,1.0,True,0.01,0.95,10.0,39600.0,0.938,0.139
10799,1 - 1 - 2022,19800.0,4.743416490252569,4.216965733794858,5.623415332340303,0.0522,0.0398107,0.0630957,0.446,0.4,0.5,1.72,1.5,2.0,8.22,0.226,0.0,1.0,True,0.01,0.95,10.0,39600.0,0.938,0.139
10800,1 - 1 - 2022,19800.0,4.878524367060187,4.216965733794858,5.623415332340303,0.0468,0.0398107,0.0630957,0.481,0.4,0.5,3.07,2.0,4.0,0.685,0.0326,0.0,1.0,True,0.01,0.95,10.0,39600.0,0.938,0.139
10801,1 - 1 - 2022,19800.0,4.795831523312719,4.216965733794858,5.623415332340303,0.0438,0.0398107,0.0630957,0.537,0.5,0.6,0.0266,0.0,0.05,13.7,0.922,0.0,1.0,True,0.01,0.95,10.0,39600.0,0.938,0.139
10802,1 - 1 - 2022,19800.0,5.079370039680118,4.216965733794858,5.623415332340303,0.0501,0.0398107,0.0630957,0.555,0.5,0.6,0.061,0.05,0.1,68.5,2.06,0.0,1.0,True,0.01,0.95,10.0,39600.0,0.938,0.139
10803,1 - 1 - 2022,19800.0,4.806245936279167,4.216965733794858,5.623415332340303,0.0495,0.0398107,0.0630957,0.543,0.5,0.6,0.153,0.1,0.2,199.0,2.48,0.0,1.0,True,0.01,0.95,10.0,39600.0,0.938,0.139
10804,1 - 1 - 2022,19800.0,4.722287581247038,4.216965733794858,5.623415332340303,0.0501,0.0398107,0.0630957,0.544,0.5,0.6,0.255,0.2,0.3,253.0,2.8,0.0,1.0,True,0.01,0.95,10.0,39600.0,0.938,0.139
10805,1 - 1 - 2022,19800.0,4.8373546489791295,4.216965733794858,5.623415332340303,0.0518,0.0398107,0.0630957,0.55,0.5,0.6,0.352,0.3,0.4,260.0,2.84,0.0,1.0,True,0.01,0.95,10.0,39600.0,0.938,0.139
10806,1 - 1 - 2022,19800.0,4.8373546489791295,4.216965733794858,5.623415332340303,0.0494,0.0398107,0.0630957,0.543,0.5,0.6,0.454,0.4,0.5,267.0,2.88,0.0,1.0,True,0.01,0.95,10.0,39600.0,0.938,0.139
10807,1 - 1 - 2022,19800.0,4.878524367060187,4.216965733794858,5.623415332340303,0.0516,0.0398107,0.0630957,0.549,0.5,0.6,0.551,0.5,0.6,192.0,2.44,0.0,1.0,True,0.01,0.95,10.0,39600.0,0.938,0.139
10808,1 - 1 - 2022,19800.0,4.722287581247038,4.216965733794858,5.623415332340303,0.0504,0.0398107,0.0630957,0.548,0.5,0.6,0.646,0.6,0.7,151.0,2.16,0.0,1.0,True,0.01,0.95,10.0,39600.0,0.938,0.139
10809,1 - 1 - 2022,19800.0,4.868264577855234,4.216965733794858,5.623415332340303,0.05,0.0398107,0.0630957,0.531,0.5,0.6,0.751,0.7,0.8,116.0,1.9,0.0,1.0,True,0.01,0.95,10.0,39600.0,0.938,0.139
10810,1 - 1 - 2022,19800.0,4.959838707054898,4.216965733794858,5.623415332340303,0.0501,0.0398107,0.0630957,0.546,0.5,0.6,0.85,0.8,0.9,95.9,1.73,0.0,1.0,True,0.01,0.95,10.0,39600.0,0.938,0.139
10811,1 - 1 - 2022,19800.0,4.743416490252569,4.216965733794858,5.623415332340303,0.0524,0.0398107,0.0630957,0.551,0.5,0.6,0.973,0.9,1.0,61.6,1.38,0.0,1.0,True,0.01,0.95,10.0,39600.0,0.938,0.139
10812,1 - 1 - 2022,19800.0,4.909175083453431,4.216965733794858,5.623415332340303,0.0508,0.0398107,0.0630957,0.546,0.5,0.6,1.17,1.0,1.5,19.2,0.345,0.0,1.0,True,0.01,0.95,10.0,39600.0,0.938,0.139
10813,1 - 1 - 2022,19800.0,4.61519230368573,4.216965733794858,5.623415332340303,0.0506,0.0398107,0.0630957,0.516,0.5,0.6,1.71,1.5,2.0,4.11,0.16,1.37,1.0,True,0.01,0.95,10.0,39600.0,0.938,0.139
10814,1 - 1 - 2022,19800.0,4.230839160261236,4.216965733794858,5.623415332340303,0.0453,0.0398107,0.0630957,0.522,0.5,0.6,2.9,2.0,4.0,0.685,0.0326,0.0,1.0,True,0.01,0.95,10.0,39600.0,0.938,0.139
10815,1 - 1 - 2022,19800.0,4.254409477236529,4.216965733794858,5.623415332340303,0.0465,0.0398107,0.0630957,0.618,0.6,0.7,0.011,0.0,0.05,13.7,0.922,0.0,1.0,True,0.01,0.95,10.0,39600.0,0.938,0.139
10816,1 - 1 - 2022,19800.0,4.78539444560216,4.216965733794858,5.623415332340303,0.0475,0.0398107,0.0630957,0.646,0.6,0.7,0.0825,0.05,0.1,68.5,2.06,0.0,1.0,True,0.01,0.95,10.0,39600.0,0.938,0.139
10817,1 - 1 - 2022,19800.0,4.959838707054898,4.216965733794858,5.623415332340303,0.052,0.0398107,0.0630957,0.648,0.6,0.7,0.155,0.1,0.2,123.0,1.96,0.0,1.0,True,0.01,0.95,10.0,39600.0,0.938,0.139
10818,1 - 1 - 2022,19800.0,4.857983120596447,4.216965733794858,5.623415332340303,0.052,0.0398107,0.0630957,0.634,0.6,0.7,0.255,0.2,0.3,123.0,1.96,0.0,1.0,True,0.01,0.95,10.0,39600.0,0.938,0.139
10819,1 - 1 - 2022,19800.0,4.878524367060187,4.216965733794858,5.623415332340303,0.0497,0.0398107,0.0630957,0.648,0.6,0.7,0.353,0.3,0.4,164.0,2.26,0.0,1.0,True,0.01,0.95,10.0,39600.0,0.938,0.139
10820,1 - 1 - 2022,19800.0,4.701063709417263,4.216965733794858,5.623415332340303,0.0508,0.0398107,0.0630957,0.651,0.6,0.7,0.439,0.4,0.5,95.9,1.73,0.0,1.0,True,0.01,0.95,10.0,39600.0,0.938,0.139
10821,1 - 1 - 2022,19800.0,4.868264577855234,4.216965733794858,5.623415332340303,0.0506,0.0398107,0.0630957,0.633,0.6,0.7,0.547,0.5,0.6,164.0,2.26,0.0,1.0,True,0.01,0.95,10.0,39600.0,0.938,0.139
10822,1 - 1 - 2022,19800.0,4.898979485566356,4.216965733794858,5.623415332340303,0.0511,0.0398107,0.0630957,0.643,0.6,0.7,0.653,0.6,0.7,103.0,1.79,0.0,1.0,True,0.01,0.95,10.0,39600.0,0.938,0.139
10823,1 - 1 - 2022,19800.0,4.701063709417263,4.216965733794858,5.623415332340303,0.0482,0.0398107,0.0630957,0.635,0.6,0.7,0.751,0.7,0.8,116.0,1.9,0.0,1.0,True,0.01,0.95,10.0,39600.0,0.938,0.139
10824,1 - 1 - 2022,19800.0,4.9899899799498595,4.216965733794858,5.623415332340303,0.0493,0.0398107,0.0630957,0.624,0.6,0.7,0.838,0.8,0.9,48.0,1.22,0.0,1.0,True,0.01,0.95,10.0,39600.0,0.938,0.139
10825,1 - 1 - 2022,19800.0,4.61519230368573,4.216965733794858,5.623415332340303,0.0454,0.0398107,0.0630957,0.646,0.6,0.7,0.935,0.9,1.0,27.4,0.922,0.0,1.0,True,0.01,0.95,10.0,39600.0,0.938,0.139
10826,1 - 1 - 2022,19800.0,4.979959839195493,4.216965733794858,5.623415332340303,0.0515,0.0398107,0.0630957,0.649,0.6,0.7,1.12,1.0,1.5,12.3,0.277,0.0,1.0,True,0.01,0.95,10.0,39600.0,0.938,0.139
10827,1 - 1 - 2022,19800.0,4.711687595755898,4.216965733794858,5.623415332340303,0.0477,0.0398107,0.0630957,0.619,0.6,0.7,1.73,1.5,2.0,2.74,0.13,0.0,1.0,True,0.01,0.95,10.0,39600.0,0.938,0.139
10828,1 - 1 - 2022,19800.0,4.324349662087931,4.216965733794858,5.623415332340303,0.0487,0.0398107,0.0630957,0.723,0.7,0.8,0.0935,0.05,0.1,13.7,0.922,0.0,1.0,True,0.01,0.95,10.0,39600.0,0.938,0.139
10829,1 - 1 - 2022,19800.0,4.878524367060187,4.216965733794858,5.623415332340303,0.0515,0.0398107,0.0630957,0.74,0.7,0.8,0.155,0.1,0.2,68.5,1.46,0.0,1.0,True,0.01,0.95,10.0,39600.0,0.938,0.139
10830,1 - 1 - 2022,19800.0,4.878524367060187,4.216965733794858,5.623415332340303,0.0542,0.0398107,0.0630957,0.741,0.7,0.8,0.231,0.2,0.3,47.9,1.22,0.0,1.0,True,0.01,0.95,10.0,39600.0,0.938,0.139
10831,1 - 1 - 2022,19800.0,4.806245936279167,4.216965733794858,5.623415332340303,0.0491,0.0398107,0.0630957,0.749,0.7,0.8,0.354,0.3,0.4,68.5,1.46,0.0,1.0,True,0.01,0.95,10.0,39600.0,0.938,0.139
10832,1 - 1 - 2022,19800.0,4.8270073544588685,4.216965733794858,5.623415332340303,0.0484,0.0398107,0.0630957,0.751,0.7,0.8,0.457,0.4,0.5,75.3,1.53,0.0,1.0,True,0.01,0.95,10.0,39600.0,0.938,0.139
10833,1 - 1 - 2022,19800.0,4.743416490252569,4.216965733794858,5.623415332340303,0.0545,0.0398107,0.0630957,0.743,0.7,0.8,0.542,0.5,0.6,82.2,1.6,0.0,1.0,True,0.01,0.95,10.0,39600.0,0.938,0.139
10834,1 - 1 - 2022,19800.0,5.079370039680118,4.216965733794858,5.623415332340303,0.0502,0.0398107,0.0630957,0.751,0.7,0.8,0.634,0.6,0.7,48.0,1.22,0.0,1.0,True,0.01,0.95,10.0,39600.0,0.938,0.139
10835,1 - 1 - 2022,19800.0,4.8166378315169185,4.216965733794858,5.623415332340303,0.0487,0.0398107,0.0630957,0.738,0.7,0.8,0.744,0.7,0.8,54.8,1.3,0.0,1.0,True,0.01,0.95,10.0,39600.0,0.938,0.139
10836,1 - 1 - 2022,19800.0,4.381780460041329,4.216965733794858,5.623415332340303,0.0521,0.0398107,0.0630957,0.741,0.7,0.8,0.859,0.8,0.9,27.4,0.922,0.0,1.0,True,0.01,0.95,10.0,39600.0,0.938,0.139
10837,1 - 1 - 2022,19800.0,4.78539444560216,4.216965733794858,5.623415332340303,0.0512,0.0398107,0.0630957,0.752,0.7,0.8,0.941,0.9,1.0,54.8,1.3,0.0,1.0,True,0.01,0.95,10.0,39600.0,0.938,0.139
10838,1 - 1 - 2022,19800.0,4.8373546489791295,4.216965733794858,5.623415332340303,0.0535,0.0398107,0.0630957,0.728,0.7,0.8,1.09,1.0,1.5,4.11,0.16,0.0,1.0,True,0.01,0.95,10.0,39600.0,0.938,0.139
10839,1 - 1 - 2022,19800.0,4.61519230368573,4.216965733794858,5.623415332340303,0.055,0.0398107,0.0630957,0.747,0.7,0.8,1.73,1.5,2.0,2.74,0.13,0.0,1.0,True,0.01,0.95,10.0,39600.0,0.938,0.139
10840,1 - 1 - 2022,19800.0,4.979959839195493,4.216965733794858,5.623415332340303,0.0551,0.0398107,0.0630957,0.849,0.8,0.9,0.0979,0.05,0.1,13.7,0.922,0.0,1.0,True,0.01,0.95,10.0,39600.0,0.938,0.139
10841,1 - 1 - 2022,19800.0,4.722287581247038,4.216965733794858,5.623415332340303,0.0522,0.0398107,0.0630957,0.808,0.8,0.9,0.144,0.1,0.2,20.6,0.799,0.0,1.0,True,0.01,0.95,10.0,39600.0,0.938,0.139
10842,1 - 1 - 2022,19800.0,5.1478150704935,4.216965733794858,5.623415332340303,0.0519,0.0398107,0.0630957,0.848,0.8,0.9,0.237,0.2,0.3,34.2,1.03,0.0,1.0,True,0.01,0.95,10.0,39600.0,0.938,0.139
10843,1 - 1 - 2022,19800.0,4.505552130427524,4.216965733794858,5.623415332340303,0.0503,0.0398107,0.0630957,0.857,0.8,0.9,0.354,0.3,0.4,47.9,1.22,0.0,1.0,True,0.01,0.95,10.0,39600.0,0.938,0.139
10844,1 - 1 - 2022,19800.0,4.460941604639093,4.216965733794858,5.623415332340303,0.054,0.0398107,0.0630957,0.84,0.8,0.9,0.447,0.4,0.5,34.2,1.03,0.0,1.0,True,0.01,0.95,10.0,39600.0,0.938,0.139
10845,1 - 1 - 2022,19800.0,4.9396356140913875,4.216965733794858,5.623415332340303,0.0486,0.0398107,0.0630957,0.864,0.8,0.9,0.564,0.5,0.6,54.8,1.3,0.0,1.0,True,0.01,0.95,10.0,39600.0,0.938,0.139
10846,1 - 1 - 2022,19800.0,5.06951674225463,4.216965733794858,5.623415332340303,0.0486,0.0398107,0.0630957,0.836,0.8,0.9,0.649,0.6,0.7,13.7,0.652,0.0,1.0,True,0.01,0.95,10.0,39600.0,0.938,0.139
10847,1 - 1 - 2022,19800.0,4.753945729601885,4.216965733794858,5.623415332340303,0.05,0.0398107,0.0630957,0.839,0.8,0.9,0.776,0.7,0.8,34.2,1.03,0.0,1.0,True,0.01,0.95,10.0,39600.0,0.938,0.139
10848,1 - 1 - 2022,19800.0,4.54972526643093,4.216965733794858,5.623415332340303,0.0548,0.0398107,0.0630957,0.836,0.8,0.9,0.89,0.8,0.9,20.5,0.798,0.0,1.0,True,0.01,0.95,10.0,39600.0,0.938,0.139
10849,1 - 1 - 2022,19800.0,4.732863826479693,4.216965733794858,5.623415332340303,0.0546,0.0398107,0.0630957,0.852,0.8,0.9,0.953,0.9,1.0,13.7,0.652,0.0,1.0,True,0.01,0.95,10.0,39600.0,0.938,0.139
10850,1 - 1 - 2022,19800.0,4.658325879540846,4.216965733794858,5.623415332340303,0.0471,0.0398107,0.0630957,0.847,0.8,0.9,1.11,1.0,1.5,6.85,0.206,0.0,1.0,True,0.01,0.95,10.0,39600.0,0.938,0.139
10851,1 - 1 - 2022,19800.0,4.636809247747852,4.216965733794858,5.623415332340303,0.044,0.0398107,0.0630957,0.91,0.9,1.0,0.173,0.1,0.2,13.7,0.652,0.0,1.0,True,0.01,0.95,10.0,39600.0,0.938,0.139
10852,1 - 1 - 2022,19800.0,4.959838707054898,4.216965733794858,5.623415332340303,0.047,0.0398107,0.0630957,0.921,0.9,1.0,0.269,0.2,0.3,20.6,0.799,0.0,1.0,True,0.01,0.95,10.0,39600.0,0.938,0.139
10853,1 - 1 - 2022,19800.0,4.358898943540674,4.216965733794858,5.623415332340303,0.0534,0.0398107,0.0630957,0.921,0.9,1.0,0.34,0.3,0.4,6.85,0.461,0.0,1.0,True,0.01,0.95,10.0,39600.0,0.938,0.139
10854,1 - 1 - 2022,19800.0,4.969909455915671,4.216965733794858,5.623415332340303,0.0594,0.0398107,0.0630957,0.952,0.9,1.0,0.483,0.4,0.5,13.7,0.652,0.0,1.0,True,0.01,0.95,10.0,39600.0,0.938,0.139
10855,1 - 1 - 2022,19800.0,4.61519230368573,4.216965733794858,5.623415332340303,0.0571,0.0398107,0.0630957,0.917,0.9,1.0,0.583,0.5,0.6,13.7,0.652,0.0,1.0,True,0.01,0.95,10.0,39600.0,0.938,0.139
10856,1 - 1 - 2022,19800.0,5.458937625582473,4.216965733794858,5.623415332340303,0.0436,0.0398107,0.0630957,0.917,0.9,1.0,0.753,0.7,0.8,13.7,0.652,0.0,1.0,True,0.01,0.95,10.0,39600.0,0.938,0.139
10857,1 - 1 - 2022,19800.0,5.244044240850758,4.216965733794858,5.623415332340303,0.0516,0.0398107,0.0630957,0.902,0.9,1.0,0.896,0.8,0.9,6.85,0.461,0.0,1.0,True,0.01,0.95,10.0,39600.0,0.938,0.139
10858,1 - 1 - 2022,19800.0,4.324349662087931,4.216965733794858,5.623415332340303,0.0565,0.0398107,0.0630957,0.905,0.9,1.0,0.905,0.9,1.0,6.85,0.461,0.0,1.0,True,0.01,0.95,10.0,39600.0,0.938,0.139
10859,1 - 1 - 2022,19800.0,5.449770637375485,4.216965733794858,5.623415332340303,0.0726,0.0630957,0.1,0.0411,0.0,0.05,0.0351,0.0,0.05,86.5,2.6,69.2,1.0,True,0.01,0.95,10.0,39600.0,0.938,0.139
10860,1 - 1 - 2022,19800.0,5.029910535983717,4.216965733794858,5.623415332340303,0.0744,0.0630957,0.1,0.0414,0.0,0.05,0.159,0.1,0.2,691.0,5.2,657.0,1.0,True,0.01,0.95,10.0,39600.0,0.938,0.139
10861,1 - 1 - 2022,19800.0,5.029910535983717,4.216965733794858,5.623415332340303,0.0762,0.0630957,0.1,0.0418,0.0,0.05,0.256,0.2,0.3,1170.0,6.76,1030.0,1.0,True,0.01,0.95,10.0,39600.0,0.938,0.139
10862,1 - 1 - 2022,19800.0,5.029910535983717,4.216965733794858,5.623415332340303,0.0762,0.0630957,0.1,0.0404,0.0,0.05,0.351,0.3,0.4,1600.0,7.91,1470.0,1.0,True,0.01,0.95,10.0,39600.0,0.938,0.139
10863,1 - 1 - 2022,19800.0,4.969909455915671,4.216965733794858,5.623415332340303,0.0762,0.0630957,0.1,0.0408,0.0,0.05,0.447,0.4,0.5,1650.0,8.04,1560.0,1.0,True,0.01,0.95,10.0,39600.0,0.938,0.139
10864,1 - 1 - 2022,19800.0,5.019960159204453,4.216965733794858,5.623415332340303,0.0761,0.0630957,0.1,0.0404,0.0,0.05,0.547,0.5,0.6,1430.0,7.47,1330.0,1.0,True,0.01,0.95,10.0,39600.0,0.938,0.139
10865,1 - 1 - 2022,19800.0,5.0099900199501395,4.216965733794858,5.623415332340303,0.0755,0.0630957,0.1,0.0405,0.0,0.05,0.647,0.6,0.7,864.0,5.82,735.0,1.0,True,0.01,0.95,10.0,39600.0,0.938,0.139
10866,1 - 1 - 2022,19800.0,5.0990195135927845,4.216965733794858,5.623415332340303,0.0743,0.0630957,0.1,0.0418,0.0,0.05,0.742,0.7,0.8,467.0,4.28,389.0,1.0,True,0.01,0.95,10.0,39600.0,0.938,0.139
10867,1 - 1 - 2022,19800.0,5.138093031466052,4.216965733794858,5.623415332340303,0.0745,0.0630957,0.1,0.0408,0.0,0.05,0.844,0.8,0.9,268.0,3.24,242.0,1.0,True,0.01,0.95,10.0,39600.0,0.938,0.139
10868,1 - 1 - 2022,19800.0,5.224940191045253,4.216965733794858,5.623415332340303,0.077,0.0630957,0.1,0.0432,0.0,0.05,0.936,0.9,1.0,156.0,2.47,138.0,1.0,True,0.01,0.95,10.0,39600.0,0.938,0.139
10869,1 - 1 - 2022,19800.0,5.2345009313209605,4.216965733794858,5.623415332340303,0.0773,0.0630957,0.1,0.043,0.0,0.05,1.09,1.0,1.5,31.1,0.494,29.4,1.0,True,0.01,0.95,10.0,39600.0,0.938,0.139
10870,1 - 1 - 2022,19800.0,4.888762624632126,4.216965733794858,5.623415332340303,0.0782,0.0630957,0.1,0.0686,0.05,0.1,0.0311,0.0,0.05,588.0,6.78,242.0,1.0,True,0.01,0.95,10.0,39600.0,0.938,0.139
10871,1 - 1 - 2022,19800.0,4.919349550499537,4.216965733794858,5.623415332340303,0.0797,0.0630957,0.1,0.07,0.05,0.1,0.0779,0.05,0.1,1610.0,11.2,519.0,1.0,True,0.01,0.95,10.0,39600.0,0.938,0.139
10872,1 - 1 - 2022,19800.0,4.898979485566356,4.216965733794858,5.623415332340303,0.0781,0.0630957,0.1,0.0735,0.05,0.1,0.152,0.1,0.2,2830.0,10.5,778.0,1.0,True,0.01,0.95,10.0,39600.0,0.938,0.139
10873,1 - 1 - 2022,19800.0,4.878524367060187,4.216965733794858,5.623415332340303,0.079,0.0630957,0.1,0.0744,0.05,0.1,0.249,0.2,0.3,4140.0,12.7,1120.0,1.0,True,0.01,0.95,10.0,39600.0,0.938,0.139
10874,1 - 1 - 2022,19800.0,4.898979485566356,4.216965733794858,5.623415332340303,0.0789,0.0630957,0.1,0.0738,0.05,0.1,0.349,0.3,0.4,3730.0,12.1,1180.0,1.0,True,0.01,0.95,10.0,39600.0,0.938,0.139
10875,1 - 1 - 2022,19800.0,4.898979485566356,4.216965733794858,5.623415332340303,0.0797,0.0630957,0.1,0.0733,0.05,0.1,0.446,0.4,0.5,3470.0,11.7,1050.0,1.0,True,0.01,0.95,10.0,39600.0,0.938,0.139
10876,1 - 1 - 2022,19800.0,4.857983120596447,4.216965733794858,5.623415332340303,0.0788,0.0630957,0.1,0.074,0.05,0.1,0.55,0.5,0.6,2930.0,10.7,864.0,1.0,True,0.01,0.95,10.0,39600.0,0.938,0.139
10877,1 - 1 - 2022,19800.0,4.8373546489791295,4.216965733794858,5.623415332340303,0.0794,0.0630957,0.1,0.0745,0.05,0.1,0.649,0.6,0.7,2260.0,9.4,657.0,1.0,True,0.01,0.95,10.0,39600.0,0.938,0.139
10878,1 - 1 - 2022,19800.0,4.898979485566356,4.216965733794858,5.623415332340303,0.0794,0.0630957,0.1,0.0729,0.05,0.1,0.746,0.7,0.8,1540.0,7.76,519.0,1.0,True,0.01,0.95,10.0,39600.0,0.938,0.139
10879,1 - 1 - 2022,19800.0,4.919349550499537,4.216965733794858,5.623415332340303,0.0791,0.0630957,0.1,0.0735,0.05,0.1,0.847,0.8,0.9,1030.0,6.35,389.0,1.0,True,0.01,0.95,10.0,39600.0,0.938,0.139
10880,1 - 1 - 2022,19800.0,4.868264577855234,4.216965733794858,5.623415332340303,0.0793,0.0630957,0.1,0.0725,0.05,0.1,0.949,0.9,1.0,614.0,4.9,303.0,1.0,True,0.01,0.95,10.0,39600.0,0.938,0.139
10881,1 - 1 - 2022,19800.0,4.949747468305833,4.216965733794858,5.623415332340303,0.0783,0.0630957,0.1,0.0765,0.05,0.1,1.17,1.0,1.5,166.0,1.14,88.2,1.0,True,0.01,0.95,10.0,39600.0,0.938,0.139
10882,1 - 1 - 2022,19800.0,4.8373546489791295,4.216965733794858,5.623415332340303,0.08,0.0630957,0.1,0.124,0.1,0.15,0.0314,0.0,0.05,277.0,4.65,0.0,1.0,True,0.01,0.95,10.0,39600.0,0.938,0.139
10883,1 - 1 - 2022,19800.0,4.898979485566356,4.216965733794858,5.623415332340303,0.0786,0.0630957,0.1,0.126,0.1,0.15,0.0779,0.05,0.1,1020.0,8.94,17.3,1.0,True,0.01,0.95,10.0,39600.0,0.938,0.139
10884,1 - 1 - 2022,19800.0,4.868264577855234,4.216965733794858,5.623415332340303,0.079,0.0630957,0.1,0.122,0.1,0.15,0.157,0.1,0.2,1690.0,8.12,8.64,1.0,True,0.01,0.95,10.0,39600.0,0.938,0.139
10885,1 - 1 - 2022,19800.0,4.868264577855234,4.216965733794858,5.623415332340303,0.0791,0.0630957,0.1,0.123,0.1,0.15,0.252,0.2,0.3,2640.0,10.2,0.00205,1.0,True,0.01,0.95,10.0,39600.0,0.938,0.139
10886,1 - 1 - 2022,19800.0,4.878524367060187,4.216965733794858,5.623415332340303,0.0787,0.0630957,0.1,0.124,0.1,0.15,0.348,0.3,0.4,2330.0,9.54,25.9,1.0,True,0.01,0.95,10.0,39600.0,0.938,0.139
10887,1 - 1 - 2022,19800.0,4.857983120596447,4.216965733794858,5.623415332340303,0.0792,0.0630957,0.1,0.122,0.1,0.15,0.448,0.4,0.5,2100.0,9.07,51.9,1.0,True,0.01,0.95,10.0,39600.0,0.938,0.139
10888,1 - 1 - 2022,19800.0,4.868264577855234,4.216965733794858,5.623415332340303,0.0793,0.0630957,0.1,0.124,0.1,0.15,0.546,0.5,0.6,1900.0,8.63,104.0,1.0,True,0.01,0.95,10.0,39600.0,0.938,0.139
10889,1 - 1 - 2022,19800.0,4.878524367060187,4.216965733794858,5.623415332340303,0.0796,0.0630957,0.1,0.125,0.1,0.15,0.649,0.6,0.7,1330.0,7.22,60.5,1.0,True,0.01,0.95,10.0,39600.0,0.938,0.139
10890,1 - 1 - 2022,19800.0,4.857983120596447,4.216965733794858,5.623415332340303,0.0793,0.0630957,0.1,0.124,0.1,0.15,0.744,0.7,0.8,1030.0,6.35,8.64,1.0,True,0.01,0.95,10.0,39600.0,0.938,0.139
10891,1 - 1 - 2022,19800.0,4.857983120596447,4.216965733794858,5.623415332340303,0.0792,0.0630957,0.1,0.123,0.1,0.15,0.846,0.8,0.9,657.0,5.07,8.65,1.0,True,0.01,0.95,10.0,39600.0,0.938,0.139
10892,1 - 1 - 2022,19800.0,4.868264577855234,4.216965733794858,5.623415332340303,0.0784,0.0630957,0.1,0.123,0.1,0.15,0.946,0.9,1.0,424.0,4.07,17.3,1.0,True,0.01,0.95,10.0,39600.0,0.938,0.139
10893,1 - 1 - 2022,19800.0,4.898979485566356,4.216965733794858,5.623415332340303,0.0794,0.0630957,0.1,0.123,0.1,0.15,1.17,1.0,1.5,145.0,1.07,8.64,1.0,True,0.01,0.95,10.0,39600.0,0.938,0.139
10894,1 - 1 - 2022,19800.0,4.9899899799498595,4.216965733794858,5.623415332340303,0.0798,0.0630957,0.1,0.13,0.1,0.15,1.65,1.5,2.0,20.7,0.403,6.92,1.0,True,0.01,0.95,10.0,39600.0,0.938,0.139
10895,1 - 1 - 2022,19800.0,4.9899899799498595,4.216965733794858,5.623415332340303,0.0818,0.0630957,0.1,0.124,0.1,0.15,2.21,2.0,4.0,1.3,0.0504,0.864,1.0,True,0.01,0.95,10.0,39600.0,0.938,0.139
10896,1 - 1 - 2022,19800.0,4.929503017546495,4.216965733794858,5.623415332340303,0.0773,0.0630957,0.1,0.178,0.15,0.2,0.0282,0.0,0.05,156.0,3.49,0.0,1.0,True,0.01,0.95,10.0,39600.0,0.938,0.139
10897,1 - 1 - 2022,19800.0,4.753945729601885,4.216965733794858,5.623415332340303,0.078,0.0630957,0.1,0.172,0.15,0.2,0.0752,0.05,0.1,899.0,8.39,0.0,1.0,True,0.01,0.95,10.0,39600.0,0.938,0.139
10898,1 - 1 - 2022,19800.0,4.898979485566356,4.216965733794858,5.623415332340303,0.0775,0.0630957,0.1,0.172,0.15,0.2,0.159,0.1,0.2,1310.0,7.15,0.0,1.0,True,0.01,0.95,10.0,39600.0,0.938,0.139
10899,1 - 1 - 2022,19800.0,4.857983120596447,4.216965733794858,5.623415332340303,0.0796,0.0630957,0.1,0.173,0.15,0.2,0.251,0.2,0.3,1590.0,7.89,0.0,1.0,True,0.01,0.95,10.0,39600.0,0.938,0.139
10900,1 - 1 - 2022,19800.0,4.8270073544588685,4.216965733794858,5.623415332340303,0.0794,0.0630957,0.1,0.174,0.15,0.2,0.35,0.3,0.4,1740.0,8.25,8.64,1.0,True,0.01,0.95,10.0,39600.0,0.938,0.139
10901,1 - 1 - 2022,19800.0,4.857983120596447,4.216965733794858,5.623415332340303,0.0794,0.0630957,0.1,0.172,0.15,0.2,0.446,0.4,0.5,1580.0,7.87,8.64,1.0,True,0.01,0.95,10.0,39600.0,0.938,0.139
10902,1 - 1 - 2022,19800.0,4.8373546489791295,4.216965733794858,5.623415332340303,0.0799,0.0630957,0.1,0.173,0.15,0.2,0.548,0.5,0.6,1310.0,7.15,17.3,1.0,True,0.01,0.95,10.0,39600.0,0.938,0.139
10903,1 - 1 - 2022,19800.0,4.888762624632126,4.216965733794858,5.623415332340303,0.0774,0.0630957,0.1,0.173,0.15,0.2,0.649,0.6,0.7,1030.0,6.35,43.2,1.0,True,0.01,0.95,10.0,39600.0,0.938,0.139
10904,1 - 1 - 2022,19800.0,4.857983120596447,4.216965733794858,5.623415332340303,0.0818,0.0630957,0.1,0.174,0.15,0.2,0.743,0.7,0.8,778.0,5.52,34.6,1.0,True,0.01,0.95,10.0,39600.0,0.938,0.139
10905,1 - 1 - 2022,19800.0,4.8166378315169185,4.216965733794858,5.623415332340303,0.077,0.0630957,0.1,0.176,0.15,0.2,0.854,0.8,0.9,493.0,4.39,60.5,1.0,True,0.01,0.95,10.0,39600.0,0.938,0.139
10906,1 - 1 - 2022,19800.0,4.8270073544588685,4.216965733794858,5.623415332340303,0.0801,0.0630957,0.1,0.171,0.15,0.2,0.942,0.9,1.0,311.0,3.49,17.3,1.0,True,0.01,0.95,10.0,39600.0,0.938,0.139
10907,1 - 1 - 2022,19800.0,4.9396356140913875,4.216965733794858,5.623415332340303,0.0775,0.0630957,0.1,0.176,0.15,0.2,1.17,1.0,1.5,93.4,0.855,1.73,1.0,True,0.01,0.95,10.0,39600.0,0.938,0.139
10908,1 - 1 - 2022,19800.0,5.089204259999788,4.216965733794858,5.623415332340303,0.0767,0.0630957,0.1,0.174,0.15,0.2,1.64,1.5,2.0,19.0,0.386,0.0,1.0,True,0.01,0.95,10.0,39600.0,0.938,0.139
10909,1 - 1 - 2022,19800.0,5.224940191045253,4.216965733794858,5.623415332340303,0.0707,0.0630957,0.1,0.171,0.15,0.2,2.59,2.0,4.0,1.73,0.0582,0.0,1.0,True,0.01,0.95,10.0,39600.0,0.938,0.139
10910,1 - 1 - 2022,19800.0,4.847679857416329,4.216965733794858,5.623415332340303,0.0763,0.0630957,0.1,0.227,0.2,0.25,0.0249,0.0,0.05,259.0,4.51,0.0,1.0,True,0.01,0.95,10.0,39600.0,0.938,0.139
10911,1 - 1 - 2022,19800.0,4.888762624632126,4.216965733794858,5.623415332340303,0.0765,0.0630957,0.1,0.222,0.2,0.25,0.075,0.05,0.1,467.0,6.05,0.0,1.0,True,0.01,0.95,10.0,39600.0,0.938,0.139
10912,1 - 1 - 2022,19800.0,4.888762624632126,4.216965733794858,5.623415332340303,0.0801,0.0630957,0.1,0.224,0.2,0.25,0.154,0.1,0.2,657.0,5.07,0.0,1.0,True,0.01,0.95,10.0,39600.0,0.938,0.139
10913,1 - 1 - 2022,19800.0,4.795831523312719,4.216965733794858,5.623415332340303,0.0793,0.0630957,0.1,0.222,0.2,0.25,0.251,0.2,0.3,942.0,6.07,17.3,1.0,True,0.01,0.95,10.0,39600.0,0.938,0.139
10914,1 - 1 - 2022,19800.0,4.868264577855234,4.216965733794858,5.623415332340303,0.0799,0.0630957,0.1,0.222,0.2,0.25,0.349,0.3,0.4,1030.0,6.35,0.0,1.0,True,0.01,0.95,10.0,39600.0,0.938,0.139
10915,1 - 1 - 2022,19800.0,4.8270073544588685,4.216965733794858,5.623415332340303,0.0786,0.0630957,0.1,0.224,0.2,0.25,0.451,0.4,0.5,1060.0,6.45,0.0,1.0,True,0.01,0.95,10.0,39600.0,0.938,0.139
10916,1 - 1 - 2022,19800.0,4.868264577855234,4.216965733794858,5.623415332340303,0.0789,0.0630957,0.1,0.225,0.2,0.25,0.553,0.5,0.6,882.0,5.88,8.64,1.0,True,0.01,0.95,10.0,39600.0,0.938,0.139
10917,1 - 1 - 2022,19800.0,4.878524367060187,4.216965733794858,5.623415332340303,0.0803,0.0630957,0.1,0.222,0.2,0.25,0.65,0.6,0.7,804.0,5.61,0.0,1.0,True,0.01,0.95,10.0,39600.0,0.938,0.139
10918,1 - 1 - 2022,19800.0,4.909175083453431,4.216965733794858,5.623415332340303,0.0809,0.0630957,0.1,0.223,0.2,0.25,0.748,0.7,0.8,588.0,4.8,43.2,1.0,True,0.01,0.95,10.0,39600.0,0.938,0.139
10919,1 - 1 - 2022,19800.0,4.753945729601885,4.216965733794858,5.623415332340303,0.0773,0.0630957,0.1,0.228,0.2,0.25,0.847,0.8,0.9,346.0,3.68,34.6,1.0,True,0.01,0.95,10.0,39600.0,0.938,0.139
10920,1 - 1 - 2022,19800.0,4.806245936279167,4.216965733794858,5.623415332340303,0.0788,0.0630957,0.1,0.222,0.2,0.25,0.945,0.9,1.0,259.0,3.19,51.9,1.0,True,0.01,0.95,10.0,39600.0,0.938,0.139
10921,1 - 1 - 2022,19800.0,4.959838707054898,4.216965733794858,5.623415332340303,0.0789,0.0630957,0.1,0.223,0.2,0.25,1.18,1.0,1.5,77.8,0.781,12.1,1.0,True,0.01,0.95,10.0,39600.0,0.938,0.139
10922,1 - 1 - 2022,19800.0,4.898979485566356,4.216965733794858,5.623415332340303,0.0767,0.0630957,0.1,0.232,0.2,0.25,1.68,1.5,2.0,10.4,0.285,0.0,1.0,True,0.01,0.95,10.0,39600.0,0.938,0.139
10923,1 - 1 - 2022,19800.0,5.2345009313209605,4.216965733794858,5.623415332340303,0.0769,0.0630957,0.1,0.227,0.2,0.25,2.08,2.0,4.0,0.864,0.0411,0.0,1.0,True,0.01,0.95,10.0,39600.0,0.938,0.139
10924,1 - 1 - 2022,19800.0,4.868264577855234,4.216965733794858,5.623415332340303,0.0861,0.0630957,0.1,0.272,0.25,0.3,0.0278,0.0,0.05,104.0,2.85,0.0,1.0,True,0.01,0.95,10.0,39600.0,0.938,0.139
10925,1 - 1 - 2022,19800.0,4.909175083453431,4.216965733794858,5.623415332340303,0.0815,0.0630957,0.1,0.272,0.25,0.3,0.0824,0.05,0.1,294.0,4.8,0.0,1.0,True,0.01,0.95,10.0,39600.0,0.938,0.139
10926,1 - 1 - 2022,19800.0,4.898979485566356,4.216965733794858,5.623415332340303,0.0789,0.0630957,0.1,0.275,0.25,0.3,0.153,0.1,0.2,579.0,4.76,8.65,1.0,True,0.01,0.95,10.0,39600.0,0.938,0.139
10927,1 - 1 - 2022,19800.0,4.8166378315169185,4.216965733794858,5.623415332340303,0.0791,0.0630957,0.1,0.271,0.25,0.3,0.244,0.2,0.3,761.0,5.46,0.0,1.0,True,0.01,0.95,10.0,39600.0,0.938,0.139
10928,1 - 1 - 2022,19800.0,4.878524367060187,4.216965733794858,5.623415332340303,0.078,0.0630957,0.1,0.275,0.25,0.3,0.352,0.3,0.4,752.0,5.43,8.64,1.0,True,0.01,0.95,10.0,39600.0,0.938,0.139
10929,1 - 1 - 2022,19800.0,4.878524367060187,4.216965733794858,5.623415332340303,0.0806,0.0630957,0.1,0.271,0.25,0.3,0.454,0.4,0.5,735.0,5.36,8.64,1.0,True,0.01,0.95,10.0,39600.0,0.938,0.139
10930,1 - 1 - 2022,19800.0,4.8270073544588685,4.216965733794858,5.623415332340303,0.0795,0.0630957,0.1,0.271,0.25,0.3,0.549,0.5,0.6,709.0,5.27,8.64,1.0,True,0.01,0.95,10.0,39600.0,0.938,0.139
10931,1 - 1 - 2022,19800.0,4.898979485566356,4.216965733794858,5.623415332340303,0.0791,0.0630957,0.1,0.273,0.25,0.3,0.648,0.6,0.7,424.0,4.07,0.0,1.0,True,0.01,0.95,10.0,39600.0,0.938,0.139
10932,1 - 1 - 2022,19800.0,4.8166378315169185,4.216965733794858,5.623415332340303,0.0812,0.0630957,0.1,0.274,0.25,0.3,0.748,0.7,0.8,398.0,3.95,0.0,1.0,True,0.01,0.95,10.0,39600.0,0.938,0.139
10933,1 - 1 - 2022,19800.0,4.868264577855234,4.216965733794858,5.623415332340303,0.0802,0.0630957,0.1,0.273,0.25,0.3,0.849,0.8,0.9,277.0,3.29,0.0,1.0,True,0.01,0.95,10.0,39600.0,0.938,0.139
10934,1 - 1 - 2022,19800.0,4.898979485566356,4.216965733794858,5.623415332340303,0.0795,0.0630957,0.1,0.273,0.25,0.3,0.946,0.9,1.0,277.0,3.29,34.6,1.0,True,0.01,0.95,10.0,39600.0,0.938,0.139
10935,1 - 1 - 2022,19800.0,4.888762624632126,4.216965733794858,5.623415332340303,0.0782,0.0630957,0.1,0.273,0.25,0.3,1.13,1.0,1.5,57.0,0.668,6.91,1.0,True,0.01,0.95,10.0,39600.0,0.938,0.139
10936,1 - 1 - 2022,19800.0,4.909175083453431,4.216965733794858,5.623415332340303,0.0749,0.0630957,0.1,0.272,0.25,0.3,1.76,1.5,2.0,5.19,0.202,0.0,1.0,True,0.01,0.95,10.0,39600.0,0.938,0.139
10937,1 - 1 - 2022,19800.0,5.196152422706632,4.216965733794858,5.623415332340303,0.0813,0.0630957,0.1,0.264,0.25,0.3,2.26,2.0,4.0,1.3,0.0504,0.0,1.0,True,0.01,0.95,10.0,39600.0,0.938,0.139
10938,1 - 1 - 2022,19800.0,4.857983120596447,4.216965733794858,5.623415332340303,0.0804,0.0630957,0.1,0.355,0.3,0.4,0.033,0.0,0.05,17.3,0.823,0.0,1.0,True,0.01,0.95,10.0,39600.0,0.938,0.139
10939,1 - 1 - 2022,19800.0,4.701063709417263,4.216965733794858,5.623415332340303,0.0798,0.0630957,0.1,0.338,0.3,0.4,0.0844,0.05,0.1,138.0,2.33,0.0,1.0,True,0.01,0.95,10.0,39600.0,0.938,0.139
10940,1 - 1 - 2022,19800.0,4.8373546489791295,4.216965733794858,5.623415332340303,0.0803,0.0630957,0.1,0.339,0.3,0.4,0.158,0.1,0.2,259.0,2.25,0.000163,1.0,True,0.01,0.95,10.0,39600.0,0.938,0.139
10941,1 - 1 - 2022,19800.0,4.868264577855234,4.216965733794858,5.623415332340303,0.0779,0.0630957,0.1,0.344,0.3,0.4,0.25,0.2,0.3,428.0,2.89,0.0,1.0,True,0.01,0.95,10.0,39600.0,0.938,0.139
10942,1 - 1 - 2022,19800.0,4.9396356140913875,4.216965733794858,5.623415332340303,0.0802,0.0630957,0.1,0.346,0.3,0.4,0.358,0.3,0.4,467.0,3.02,4.32,1.0,True,0.01,0.95,10.0,39600.0,0.938,0.139
10943,1 - 1 - 2022,19800.0,4.888762624632126,4.216965733794858,5.623415332340303,0.0784,0.0630957,0.1,0.348,0.3,0.4,0.451,0.4,0.5,398.0,2.79,0.0,1.0,True,0.01,0.95,10.0,39600.0,0.938,0.139
10944,1 - 1 - 2022,19800.0,4.795831523312719,4.216965733794858,5.623415332340303,0.0779,0.0630957,0.1,0.342,0.3,0.4,0.555,0.5,0.6,406.0,2.82,0.0,1.0,True,0.01,0.95,10.0,39600.0,0.938,0.139
10945,1 - 1 - 2022,19800.0,4.8270073544588685,4.216965733794858,5.623415332340303,0.0791,0.0630957,0.1,0.343,0.3,0.4,0.646,0.6,0.7,303.0,2.43,0.0,1.0,True,0.01,0.95,10.0,39600.0,0.938,0.139
10946,1 - 1 - 2022,19800.0,4.743416490252569,4.216965733794858,5.623415332340303,0.0789,0.0630957,0.1,0.345,0.3,0.4,0.75,0.7,0.8,203.0,1.99,0.0,1.0,True,0.01,0.95,10.0,39600.0,0.938,0.139
10947,1 - 1 - 2022,19800.0,4.909175083453431,4.216965733794858,5.623415332340303,0.0793,0.0630957,0.1,0.342,0.3,0.4,0.847,0.8,0.9,177.0,1.86,4.32,1.0,True,0.01,0.95,10.0,39600.0,0.938,0.139
10948,1 - 1 - 2022,19800.0,4.878524367060187,4.216965733794858,5.623415332340303,0.0798,0.0630957,0.1,0.34,0.3,0.4,0.953,0.9,1.0,164.0,1.79,0.0,1.0,True,0.01,0.95,10.0,39600.0,0.938,0.139
10949,1 - 1 - 2022,19800.0,4.888762624632126,4.216965733794858,5.623415332340303,0.0799,0.0630957,0.1,0.343,0.3,0.4,1.17,1.0,1.5,51.9,0.451,5.19,1.0,True,0.01,0.95,10.0,39600.0,0.938,0.139
10950,1 - 1 - 2022,19800.0,5.019960159204453,4.216965733794858,5.623415332340303,0.0761,0.0630957,0.1,0.354,0.3,0.4,1.67,1.5,2.0,7.78,0.175,2.59,1.0,True,0.01,0.95,10.0,39600.0,0.938,0.139
10951,1 - 1 - 2022,19800.0,5.224940191045253,4.216965733794858,5.623415332340303,0.0794,0.0630957,0.1,0.365,0.3,0.4,2.47,2.0,4.0,0.864,0.0291,0.216,1.0,True,0.01,0.95,10.0,39600.0,0.938,0.139
10952,1 - 1 - 2022,19800.0,5.128352561983234,4.216965733794858,5.623415332340303,0.0828,0.0630957,0.1,0.442,0.4,0.5,0.0259,0.0,0.05,51.9,1.43,0.0,1.0,True,0.01,0.95,10.0,39600.0,0.938,0.139
10953,1 - 1 - 2022,19800.0,4.8270073544588685,4.216965733794858,5.623415332340303,0.0726,0.0630957,0.1,0.429,0.4,0.5,0.0778,0.05,0.1,77.8,1.75,0.0,1.0,True,0.01,0.95,10.0,39600.0,0.938,0.139
10954,1 - 1 - 2022,19800.0,4.806245936279167,4.216965733794858,5.623415332340303,0.0793,0.0630957,0.1,0.445,0.4,0.5,0.155,0.1,0.2,194.0,1.95,0.0,1.0,True,0.01,0.95,10.0,39600.0,0.938,0.139
10955,1 - 1 - 2022,19800.0,4.888762624632126,4.216965733794858,5.623415332340303,0.0785,0.0630957,0.1,0.443,0.4,0.5,0.247,0.2,0.3,268.0,2.29,0.0,1.0,True,0.01,0.95,10.0,39600.0,0.938,0.139
10956,1 - 1 - 2022,19800.0,4.8166378315169185,4.216965733794858,5.623415332340303,0.0779,0.0630957,0.1,0.442,0.4,0.5,0.352,0.3,0.4,255.0,2.23,0.0,1.0,True,0.01,0.95,10.0,39600.0,0.938,0.139
10957,1 - 1 - 2022,19800.0,4.8166378315169185,4.216965733794858,5.623415332340303,0.0804,0.0630957,0.1,0.444,0.4,0.5,0.449,0.4,0.5,285.0,2.36,0.0,1.0,True,0.01,0.95,10.0,39600.0,0.938,0.139
10958,1 - 1 - 2022,19800.0,4.888762624632126,4.216965733794858,5.623415332340303,0.0786,0.0630957,0.1,0.444,0.4,0.5,0.548,0.5,0.6,169.0,1.82,4.32,1.0,True,0.01,0.95,10.0,39600.0,0.938,0.139
10959,1 - 1 - 2022,19800.0,4.847679857416329,4.216965733794858,5.623415332340303,0.0796,0.0630957,0.1,0.447,0.4,0.5,0.65,0.6,0.7,207.0,2.02,0.0,1.0,True,0.01,0.95,10.0,39600.0,0.938,0.139
10960,1 - 1 - 2022,19800.0,4.847679857416329,4.216965733794858,5.623415332340303,0.0807,0.0630957,0.1,0.43,0.4,0.5,0.757,0.7,0.8,125.0,1.57,0.0,1.0,True,0.01,0.95,10.0,39600.0,0.938,0.139
10961,1 - 1 - 2022,19800.0,4.711687595755898,4.216965733794858,5.623415332340303,0.0809,0.0630957,0.1,0.435,0.4,0.5,0.852,0.8,0.9,43.2,0.92,0.0,1.0,True,0.01,0.95,10.0,39600.0,0.938,0.139
10962,1 - 1 - 2022,19800.0,4.898979485566356,4.216965733794858,5.623415332340303,0.08,0.0630957,0.1,0.438,0.4,0.5,0.954,0.9,1.0,82.1,1.27,0.0,1.0,True,0.01,0.95,10.0,39600.0,0.938,0.139
10963,1 - 1 - 2022,19800.0,4.701063709417263,4.216965733794858,5.623415332340303,0.0777,0.0630957,0.1,0.442,0.4,0.5,1.19,1.0,1.5,26.8,0.324,1.73,1.0,True,0.01,0.95,10.0,39600.0,0.938,0.139
10964,1 - 1 - 2022,19800.0,4.701063709417263,4.216965733794858,5.623415332340303,0.0881,0.0630957,0.1,0.463,0.4,0.5,1.71,1.5,2.0,2.59,0.101,0.0,1.0,True,0.01,0.95,10.0,39600.0,0.938,0.139
10965,1 - 1 - 2022,19800.0,4.929503017546495,4.216965733794858,5.623415332340303,0.0768,0.0630957,0.1,0.452,0.4,0.5,2.41,2.0,4.0,1.08,0.0325,0.0,1.0,True,0.01,0.95,10.0,39600.0,0.938,0.139
10966,1 - 1 - 2022,19800.0,5.1478150704935,4.216965733794858,5.623415332340303,0.078,0.0630957,0.1,0.513,0.5,0.6,0.0331,0.0,0.05,8.64,0.582,0.0,1.0,True,0.01,0.95,10.0,39600.0,0.938,0.139
10967,1 - 1 - 2022,19800.0,4.5934736311423405,4.216965733794858,5.623415332340303,0.0859,0.0630957,0.1,0.569,0.5,0.6,0.0743,0.05,0.1,43.2,1.3,0.0,1.0,True,0.01,0.95,10.0,39600.0,0.938,0.139
10968,1 - 1 - 2022,19800.0,4.8270073544588685,4.216965733794858,5.623415332340303,0.0804,0.0630957,0.1,0.565,0.5,0.6,0.151,0.1,0.2,64.8,1.13,0.0,1.0,True,0.01,0.95,10.0,39600.0,0.938,0.139
10969,1 - 1 - 2022,19800.0,4.857983120596447,4.216965733794858,5.623415332340303,0.0824,0.0630957,0.1,0.546,0.5,0.6,0.248,0.2,0.3,125.0,1.57,0.0,1.0,True,0.01,0.95,10.0,39600.0,0.938,0.139
10970,1 - 1 - 2022,19800.0,4.857983120596447,4.216965733794858,5.623415332340303,0.0793,0.0630957,0.1,0.545,0.5,0.6,0.348,0.3,0.4,156.0,1.75,0.0,1.0,True,0.01,0.95,10.0,39600.0,0.938,0.139
10971,1 - 1 - 2022,19800.0,4.9396356140913875,4.216965733794858,5.623415332340303,0.0802,0.0630957,0.1,0.543,0.5,0.6,0.451,0.4,0.5,121.0,1.54,0.0,1.0,True,0.01,0.95,10.0,39600.0,0.938,0.139
10972,1 - 1 - 2022,19800.0,4.868264577855234,4.216965733794858,5.623415332340303,0.0785,0.0630957,0.1,0.554,0.5,0.6,0.542,0.5,0.6,125.0,1.57,0.0,1.0,True,0.01,0.95,10.0,39600.0,0.938,0.139
10973,1 - 1 - 2022,19800.0,4.774934554525329,4.216965733794858,5.623415332340303,0.0806,0.0630957,0.1,0.543,0.5,0.6,0.657,0.6,0.7,64.8,1.13,0.0,1.0,True,0.01,0.95,10.0,39600.0,0.938,0.139
10974,1 - 1 - 2022,19800.0,4.78539444560216,4.216965733794858,5.623415332340303,0.0804,0.0630957,0.1,0.54,0.5,0.6,0.744,0.7,0.8,86.4,1.3,0.0,1.0,True,0.01,0.95,10.0,39600.0,0.938,0.139
10975,1 - 1 - 2022,19800.0,5.1478150704935,4.216965733794858,5.623415332340303,0.0824,0.0630957,0.1,0.53,0.5,0.6,0.845,0.8,0.9,47.5,0.965,0.0,1.0,True,0.01,0.95,10.0,39600.0,0.938,0.139
10976,1 - 1 - 2022,19800.0,4.658325879540846,4.216965733794858,5.623415332340303,0.0778,0.0630957,0.1,0.55,0.5,0.6,0.934,0.9,1.0,25.9,0.713,0.0,1.0,True,0.01,0.95,10.0,39600.0,0.938,0.139
10977,1 - 1 - 2022,19800.0,5.118593556827891,4.216965733794858,5.623415332340303,0.0814,0.0630957,0.1,0.542,0.5,0.6,1.15,1.0,1.5,13.0,0.225,0.0,1.0,True,0.01,0.95,10.0,39600.0,0.938,0.139
10978,1 - 1 - 2022,19800.0,4.254409477236529,4.216965733794858,5.623415332340303,0.0758,0.0630957,0.1,0.511,0.5,0.6,1.73,1.5,2.0,0.865,0.0582,0.0,1.0,True,0.01,0.95,10.0,39600.0,0.938,0.139
10979,1 - 1 - 2022,19800.0,4.6475800154489,4.216965733794858,5.623415332340303,0.0934,0.0630957,0.1,0.528,0.5,0.6,2.15,2.0,4.0,0.216,0.0145,0.0,1.0,True,0.01,0.95,10.0,39600.0,0.938,0.139
10980,1 - 1 - 2022,19800.0,5.06951674225463,4.216965733794858,5.623415332340303,0.0903,0.0630957,0.1,0.695,0.6,0.7,0.04,0.0,0.05,8.65,0.582,0.0,1.0,True,0.01,0.95,10.0,39600.0,0.938,0.139
10981,1 - 1 - 2022,19800.0,4.929503017546495,4.216965733794858,5.623415332340303,0.068,0.0630957,0.1,0.618,0.6,0.7,0.077,0.05,0.1,25.9,1.01,0.0,1.0,True,0.01,0.95,10.0,39600.0,0.938,0.139
10982,1 - 1 - 2022,19800.0,4.929503017546495,4.216965733794858,5.623415332340303,0.0815,0.0630957,0.1,0.649,0.6,0.7,0.161,0.1,0.2,43.2,0.92,0.0,1.0,True,0.01,0.95,10.0,39600.0,0.938,0.139
10983,1 - 1 - 2022,19800.0,4.949747468305833,4.216965733794858,5.623415332340303,0.0785,0.0630957,0.1,0.646,0.6,0.7,0.256,0.2,0.3,64.8,1.13,0.0,1.0,True,0.01,0.95,10.0,39600.0,0.938,0.139
10984,1 - 1 - 2022,19800.0,4.753945729601885,4.216965733794858,5.623415332340303,0.0786,0.0630957,0.1,0.648,0.6,0.7,0.339,0.3,0.4,82.1,1.27,0.0,1.0,True,0.01,0.95,10.0,39600.0,0.938,0.139
10985,1 - 1 - 2022,19800.0,4.847679857416329,4.216965733794858,5.623415332340303,0.0816,0.0630957,0.1,0.641,0.6,0.7,0.452,0.4,0.5,117.0,1.51,0.0,1.0,True,0.01,0.95,10.0,39600.0,0.938,0.139
10986,1 - 1 - 2022,19800.0,4.8373546489791295,4.216965733794858,5.623415332340303,0.0757,0.0630957,0.1,0.65,0.6,0.7,0.548,0.5,0.6,90.8,1.33,0.0,1.0,True,0.01,0.95,10.0,39600.0,0.938,0.139
10987,1 - 1 - 2022,19800.0,4.743416490252569,4.216965733794858,5.623415332340303,0.0756,0.0630957,0.1,0.647,0.6,0.7,0.626,0.6,0.7,51.9,1.01,4.32,1.0,True,0.01,0.95,10.0,39600.0,0.938,0.139
10988,1 - 1 - 2022,19800.0,4.857983120596447,4.216965733794858,5.623415332340303,0.0762,0.0630957,0.1,0.64,0.6,0.7,0.775,0.7,0.8,30.3,0.77,0.0,1.0,True,0.01,0.95,10.0,39600.0,0.938,0.139
10989,1 - 1 - 2022,19800.0,4.959838707054898,4.216965733794858,5.623415332340303,0.0773,0.0630957,0.1,0.655,0.6,0.7,0.852,0.8,0.9,17.3,0.582,0.0,1.0,True,0.01,0.95,10.0,39600.0,0.938,0.139
10990,1 - 1 - 2022,19800.0,5.0,4.216965733794858,5.623415332340303,0.0817,0.0630957,0.1,0.666,0.6,0.7,0.959,0.9,1.0,25.9,0.713,0.0,1.0,True,0.01,0.95,10.0,39600.0,0.938,0.139
10991,1 - 1 - 2022,19800.0,5.029910535983717,4.216965733794858,5.623415332340303,0.0808,0.0630957,0.1,0.643,0.6,0.7,1.15,1.0,1.5,11.2,0.21,0.0,1.0,True,0.01,0.95,10.0,39600.0,0.938,0.139
10992,1 - 1 - 2022,19800.0,5.272570530585627,4.216965733794858,5.623415332340303,0.0868,0.0630957,0.1,0.702,0.7,0.8,0.0807,0.05,0.1,17.3,0.823,0.0,1.0,True,0.01,0.95,10.0,39600.0,0.938,0.139
10993,1 - 1 - 2022,19800.0,4.8373546489791295,4.216965733794858,5.623415332340303,0.0805,0.0630957,0.1,0.746,0.7,0.8,0.168,0.1,0.2,30.3,0.77,0.0,1.0,True,0.01,0.95,10.0,39600.0,0.938,0.139
10994,1 - 1 - 2022,19800.0,4.753945729601885,4.216965733794858,5.623415332340303,0.0715,0.0630957,0.1,0.743,0.7,0.8,0.249,0.2,0.3,43.2,0.92,0.0,1.0,True,0.01,0.95,10.0,39600.0,0.938,0.139
10995,1 - 1 - 2022,19800.0,4.711687595755898,4.216965733794858,5.623415332340303,0.0742,0.0630957,0.1,0.754,0.7,0.8,0.352,0.3,0.4,30.2,0.769,0.0,1.0,True,0.01,0.95,10.0,39600.0,0.938,0.139
10996,1 - 1 - 2022,19800.0,4.795831523312719,4.216965733794858,5.623415332340303,0.0804,0.0630957,0.1,0.758,0.7,0.8,0.447,0.4,0.5,25.9,0.713,0.0,1.0,True,0.01,0.95,10.0,39600.0,0.938,0.139
10997,1 - 1 - 2022,19800.0,4.949747468305833,4.216965733794858,5.623415332340303,0.0794,0.0630957,0.1,0.767,0.7,0.8,0.546,0.5,0.6,69.1,1.16,0.0,1.0,True,0.01,0.95,10.0,39600.0,0.938,0.139
10998,1 - 1 - 2022,19800.0,4.868264577855234,4.216965733794858,5.623415332340303,0.0801,0.0630957,0.1,0.771,0.7,0.8,0.641,0.6,0.7,17.3,0.582,0.0,1.0,True,0.01,0.95,10.0,39600.0,0.938,0.139
10999,1 - 1 - 2022,19800.0,5.357238094391549,4.216965733794858,5.623415332340303,0.0733,0.0630957,0.1,0.755,0.7,0.8,0.766,0.7,0.8,30.3,0.77,0.0,1.0,True,0.01,0.95,10.0,39600.0,0.938,0.139
11000,1 - 1 - 2022,19800.0,5.089204259999788,4.216965733794858,5.623415332340303,0.0775,0.0630957,0.1,0.731,0.7,0.8,0.836,0.8,0.9,13.0,0.504,0.0,1.0,True,0.01,0.95,10.0,39600.0,0.938,0.139
11001,1 - 1 - 2022,19800.0,5.157518783291051,4.216965733794858,5.623415332340303,0.0972,0.0630957,0.1,0.722,0.7,0.8,0.916,0.9,1.0,4.32,0.291,0.0,1.0,True,0.01,0.95,10.0,39600.0,0.938,0.139
11002,1 - 1 - 2022,19800.0,4.857983120596447,4.216965733794858,5.623415332340303,0.0771,0.0630957,0.1,0.749,0.7,0.8,1.22,1.0,1.5,3.46,0.116,0.0,1.0,True,0.01,0.95,10.0,39600.0,0.938,0.139
11003,1 - 1 - 2022,19800.0,4.753945729601885,4.216965733794858,5.623415332340303,0.0899,0.0630957,0.1,0.707,0.7,0.8,1.6,1.5,2.0,0.864,0.0582,0.0,1.0,True,0.01,0.95,10.0,39600.0,0.938,0.139
11004,1 - 1 - 2022,19800.0,4.381780460041329,4.216965733794858,5.623415332340303,0.0731,0.0630957,0.1,0.839,0.8,0.9,0.081,0.05,0.1,17.3,0.823,0.0,1.0,True,0.01,0.95,10.0,39600.0,0.938,0.139
11005,1 - 1 - 2022,19800.0,5.029910535983717,4.216965733794858,5.623415332340303,0.0717,0.0630957,0.1,0.848,0.8,0.9,0.151,0.1,0.2,21.6,0.651,0.0,1.0,True,0.01,0.95,10.0,39600.0,0.938,0.139
11006,1 - 1 - 2022,19800.0,4.847679857416329,4.216965733794858,5.623415332340303,0.0756,0.0630957,0.1,0.837,0.8,0.9,0.24,0.2,0.3,17.3,0.582,0.0,1.0,True,0.01,0.95,10.0,39600.0,0.938,0.139
11007,1 - 1 - 2022,19800.0,4.711687595755898,4.216965733794858,5.623415332340303,0.0785,0.0630957,0.1,0.854,0.8,0.9,0.353,0.3,0.4,30.3,0.77,0.0,1.0,True,0.01,0.95,10.0,39600.0,0.938,0.139
11008,1 - 1 - 2022,19800.0,5.357238094391549,4.216965733794858,5.623415332340303,0.0819,0.0630957,0.1,0.863,0.8,0.9,0.456,0.4,0.5,8.64,0.411,0.0,1.0,True,0.01,0.95,10.0,39600.0,0.938,0.139
11009,1 - 1 - 2022,19800.0,4.857983120596447,4.216965733794858,5.623415332340303,0.0768,0.0630957,0.1,0.832,0.8,0.9,0.551,0.5,0.6,21.6,0.65,0.0,1.0,True,0.01,0.95,10.0,39600.0,0.938,0.139
11010,1 - 1 - 2022,19800.0,5.282045058497703,4.216965733794858,5.623415332340303,0.0868,0.0630957,0.1,0.865,0.8,0.9,0.64,0.6,0.7,8.64,0.411,0.0,1.0,True,0.01,0.95,10.0,39600.0,0.938,0.139
11011,1 - 1 - 2022,19800.0,5.272570530585627,4.216965733794858,5.623415332340303,0.0875,0.0630957,0.1,0.844,0.8,0.9,0.751,0.7,0.8,8.64,0.411,0.0,1.0,True,0.01,0.95,10.0,39600.0,0.938,0.139
11012,1 - 1 - 2022,19800.0,4.679743582719036,4.216965733794858,5.623415332340303,0.0637,0.0630957,0.1,0.82,0.8,0.9,0.807,0.8,0.9,4.32,0.291,0.0,1.0,True,0.01,0.95,10.0,39600.0,0.938,0.139
11013,1 - 1 - 2022,19800.0,4.9396356140913875,4.216965733794858,5.623415332340303,0.0692,0.0630957,0.1,0.844,0.8,0.9,1.19,1.0,1.5,2.59,0.101,0.0,1.0,True,0.01,0.95,10.0,39600.0,0.938,0.139
11014,1 - 1 - 2022,19800.0,4.658325879540846,4.216965733794858,5.623415332340303,0.0682,0.0630957,0.1,0.919,0.9,1.0,0.117,0.1,0.2,4.32,0.291,0.0,1.0,True,0.01,0.95,10.0,39600.0,0.938,0.139
11015,1 - 1 - 2022,19800.0,4.969909455915671,4.216965733794858,5.623415332340303,0.0933,0.0630957,0.1,0.937,0.9,1.0,0.29,0.2,0.3,13.0,0.504,0.0,1.0,True,0.01,0.95,10.0,39600.0,0.938,0.139
11016,1 - 1 - 2022,19800.0,4.658325879540846,4.216965733794858,5.623415332340303,0.0716,0.0630957,0.1,0.943,0.9,1.0,0.451,0.4,0.5,17.3,0.582,0.0,1.0,True,0.01,0.95,10.0,39600.0,0.938,0.139
11017,1 - 1 - 2022,19800.0,4.5934736311423405,4.216965733794858,5.623415332340303,0.0732,0.0630957,0.1,0.935,0.9,1.0,0.567,0.5,0.6,4.32,0.291,0.0,1.0,True,0.01,0.95,10.0,39600.0,0.938,0.139
11018,1 - 1 - 2022,19800.0,5.531726674375733,4.216965733794858,5.623415332340303,0.0722,0.0630957,0.1,0.929,0.9,1.0,0.753,0.7,0.8,4.32,0.291,0.0,1.0,True,0.01,0.95,10.0,39600.0,0.938,0.139
11019,1 - 1 - 2022,19800.0,5.157518783291051,4.216965733794858,5.623415332340303,0.119,0.1,0.158489,0.081,0.05,0.1,0.0311,0.0,0.05,120.0,2.44,32.7,1.0,True,0.01,0.95,10.0,39600.0,0.938,0.139
11020,1 - 1 - 2022,19800.0,5.196152422706632,4.216965733794858,5.623415332340303,0.118,0.1,0.158489,0.0745,0.05,0.1,0.0799,0.05,0.1,502.0,4.98,284.0,1.0,True,0.01,0.95,10.0,39600.0,0.938,0.139
11021,1 - 1 - 2022,19800.0,5.196152422706632,4.216965733794858,5.623415332340303,0.117,0.1,0.158489,0.0727,0.05,0.1,0.156,0.1,0.2,633.0,3.95,360.0,1.0,True,0.01,0.95,10.0,39600.0,0.938,0.139
11022,1 - 1 - 2022,19800.0,5.176871642217914,4.216965733794858,5.623415332340303,0.117,0.1,0.158489,0.0747,0.05,0.1,0.251,0.2,0.3,747.0,4.3,404.0,1.0,True,0.01,0.95,10.0,39600.0,0.938,0.139
11023,1 - 1 - 2022,19800.0,5.224940191045253,4.216965733794858,5.623415332340303,0.117,0.1,0.158489,0.0721,0.05,0.1,0.345,0.3,0.4,709.0,4.19,409.0,1.0,True,0.01,0.95,10.0,39600.0,0.938,0.139
11024,1 - 1 - 2022,19800.0,5.186520991955976,4.216965733794858,5.623415332340303,0.116,0.1,0.158489,0.0738,0.05,0.1,0.449,0.4,0.5,704.0,4.17,425.0,1.0,True,0.01,0.95,10.0,39600.0,0.938,0.139
11025,1 - 1 - 2022,19800.0,5.215361924162119,4.216965733794858,5.623415332340303,0.118,0.1,0.158489,0.0739,0.05,0.1,0.548,0.5,0.6,540.0,3.65,376.0,1.0,True,0.01,0.95,10.0,39600.0,0.938,0.139
11026,1 - 1 - 2022,19800.0,5.224940191045253,4.216965733794858,5.623415332340303,0.118,0.1,0.158489,0.0739,0.05,0.1,0.646,0.6,0.7,469.0,3.4,311.0,1.0,True,0.01,0.95,10.0,39600.0,0.938,0.139
11027,1 - 1 - 2022,19800.0,5.224940191045253,4.216965733794858,5.623415332340303,0.117,0.1,0.158489,0.0742,0.05,0.1,0.751,0.7,0.8,256.0,2.52,169.0,1.0,True,0.01,0.95,10.0,39600.0,0.938,0.139
11028,1 - 1 - 2022,19800.0,5.272570530585627,4.216965733794858,5.623415332340303,0.119,0.1,0.158489,0.0804,0.05,0.1,0.845,0.8,0.9,175.0,2.08,98.2,1.0,True,0.01,0.95,10.0,39600.0,0.938,0.139
11029,1 - 1 - 2022,19800.0,5.300943312279429,4.216965733794858,5.623415332340303,0.123,0.1,0.158489,0.0761,0.05,0.1,0.942,0.9,1.0,92.7,1.51,76.4,1.0,True,0.01,0.95,10.0,39600.0,0.938,0.139
11030,1 - 1 - 2022,19800.0,5.329165037789691,4.216965733794858,5.623415332340303,0.116,0.1,0.158489,0.0809,0.05,0.1,1.15,1.0,1.5,22.9,0.336,19.6,1.0,True,0.01,0.95,10.0,39600.0,0.938,0.139
11031,1 - 1 - 2022,19800.0,5.347896782848375,4.216965733794858,5.623415332340303,0.121,0.1,0.158489,0.125,0.1,0.15,0.0424,0.0,0.05,131.0,2.54,0.0,1.0,True,0.01,0.95,10.0,39600.0,0.938,0.139
11032,1 - 1 - 2022,19800.0,5.186520991955976,4.216965733794858,5.623415332340303,0.116,0.1,0.158489,0.122,0.1,0.15,0.0822,0.05,0.1,131.0,2.54,0.0,1.0,True,0.01,0.95,10.0,39600.0,0.938,0.139
11033,1 - 1 - 2022,19800.0,5.244044240850758,4.216965733794858,5.623415332340303,0.116,0.1,0.158489,0.122,0.1,0.15,0.156,0.1,0.2,349.0,2.94,0.0,1.0,True,0.01,0.95,10.0,39600.0,0.938,0.139
11034,1 - 1 - 2022,19800.0,5.138093031466052,4.216965733794858,5.623415332340303,0.114,0.1,0.158489,0.124,0.1,0.15,0.249,0.2,0.3,605.0,3.87,5.45,1.0,True,0.01,0.95,10.0,39600.0,0.938,0.139
11035,1 - 1 - 2022,19800.0,5.244044240850758,4.216965733794858,5.623415332340303,0.117,0.1,0.158489,0.124,0.1,0.15,0.352,0.3,0.4,551.0,3.69,10.9,1.0,True,0.01,0.95,10.0,39600.0,0.938,0.139
11036,1 - 1 - 2022,19800.0,5.186520991955976,4.216965733794858,5.623415332340303,0.114,0.1,0.158489,0.123,0.1,0.15,0.445,0.4,0.5,442.0,3.3,16.4,1.0,True,0.01,0.95,10.0,39600.0,0.938,0.139
11037,1 - 1 - 2022,19800.0,5.196152422706632,4.216965733794858,5.623415332340303,0.118,0.1,0.158489,0.121,0.1,0.15,0.546,0.5,0.6,365.0,3.0,21.8,1.0,True,0.01,0.95,10.0,39600.0,0.938,0.139
11038,1 - 1 - 2022,19800.0,5.118593556827891,4.216965733794858,5.623415332340303,0.115,0.1,0.158489,0.122,0.1,0.15,0.649,0.6,0.7,322.0,2.82,16.4,1.0,True,0.01,0.95,10.0,39600.0,0.938,0.139
11039,1 - 1 - 2022,19800.0,5.205766033928148,4.216965733794858,5.623415332340303,0.117,0.1,0.158489,0.125,0.1,0.15,0.747,0.7,0.8,256.0,2.52,21.8,1.0,True,0.01,0.95,10.0,39600.0,0.938,0.139
11040,1 - 1 - 2022,19800.0,5.176871642217914,4.216965733794858,5.623415332340303,0.115,0.1,0.158489,0.124,0.1,0.15,0.848,0.8,0.9,136.0,1.84,16.4,1.0,True,0.01,0.95,10.0,39600.0,0.938,0.139
11041,1 - 1 - 2022,19800.0,5.186520991955976,4.216965733794858,5.623415332340303,0.115,0.1,0.158489,0.123,0.1,0.15,0.942,0.9,1.0,142.0,1.87,32.7,1.0,True,0.01,0.95,10.0,39600.0,0.938,0.139
11042,1 - 1 - 2022,19800.0,5.0990195135927845,4.216965733794858,5.623415332340303,0.113,0.1,0.158489,0.121,0.1,0.15,1.14,1.0,1.5,29.5,0.381,16.4,1.0,True,0.01,0.95,10.0,39600.0,0.938,0.139
11043,1 - 1 - 2022,19800.0,5.5677643628300215,4.216965733794858,5.623415332340303,0.136,0.1,0.158489,0.13,0.1,0.15,1.9,1.5,2.0,1.09,0.0734,0.0,1.0,True,0.01,0.95,10.0,39600.0,0.938,0.139
11044,1 - 1 - 2022,19800.0,5.196152422706632,4.216965733794858,5.623415332340303,0.121,0.1,0.158489,0.16,0.15,0.2,0.0267,0.0,0.05,65.4,1.8,0.0,1.0,True,0.01,0.95,10.0,39600.0,0.938,0.139
11045,1 - 1 - 2022,19800.0,5.357238094391549,4.216965733794858,5.623415332340303,0.117,0.1,0.158489,0.175,0.15,0.2,0.0786,0.05,0.1,131.0,2.54,0.0,1.0,True,0.01,0.95,10.0,39600.0,0.938,0.139
11046,1 - 1 - 2022,19800.0,5.167204273105526,4.216965733794858,5.623415332340303,0.113,0.1,0.158489,0.172,0.15,0.2,0.149,0.1,0.2,267.0,2.57,0.0,1.0,True,0.01,0.95,10.0,39600.0,0.938,0.139
11047,1 - 1 - 2022,19800.0,5.2345009313209605,4.216965733794858,5.623415332340303,0.118,0.1,0.158489,0.173,0.15,0.2,0.253,0.2,0.3,365.0,3.0,0.0,1.0,True,0.01,0.95,10.0,39600.0,0.938,0.139
11048,1 - 1 - 2022,19800.0,5.196152422706632,4.216965733794858,5.623415332340303,0.116,0.1,0.158489,0.171,0.15,0.2,0.347,0.3,0.4,365.0,3.0,0.0,1.0,True,0.01,0.95,10.0,39600.0,0.938,0.139
11049,1 - 1 - 2022,19800.0,5.272570530585627,4.216965733794858,5.623415332340303,0.117,0.1,0.158489,0.171,0.15,0.2,0.457,0.4,0.5,311.0,2.77,0.0,1.0,True,0.01,0.95,10.0,39600.0,0.938,0.139
11050,1 - 1 - 2022,19800.0,5.244044240850758,4.216965733794858,5.623415332340303,0.12,0.1,0.158489,0.172,0.15,0.2,0.543,0.5,0.6,240.0,2.43,0.0,1.0,True,0.01,0.95,10.0,39600.0,0.938,0.139
11051,1 - 1 - 2022,19800.0,5.157518783291051,4.216965733794858,5.623415332340303,0.117,0.1,0.158489,0.181,0.15,0.2,0.649,0.6,0.7,224.0,2.35,0.0,1.0,True,0.01,0.95,10.0,39600.0,0.938,0.139
11052,1 - 1 - 2022,19800.0,5.186520991955976,4.216965733794858,5.623415332340303,0.115,0.1,0.158489,0.174,0.15,0.2,0.752,0.7,0.8,158.0,1.98,0.0,1.0,True,0.01,0.95,10.0,39600.0,0.938,0.139
11053,1 - 1 - 2022,19800.0,5.128352561983234,4.216965733794858,5.623415332340303,0.117,0.1,0.158489,0.174,0.15,0.2,0.843,0.8,0.9,60.0,1.22,0.0,1.0,True,0.01,0.95,10.0,39600.0,0.938,0.139
11054,1 - 1 - 2022,19800.0,5.157518783291051,4.216965733794858,5.623415332340303,0.12,0.1,0.158489,0.173,0.15,0.2,0.958,0.9,1.0,54.5,1.16,5.45,1.0,True,0.01,0.95,10.0,39600.0,0.938,0.139
11055,1 - 1 - 2022,19800.0,5.176871642217914,4.216965733794858,5.623415332340303,0.119,0.1,0.158489,0.168,0.15,0.2,1.18,1.0,1.5,18.5,0.303,0.0,1.0,True,0.01,0.95,10.0,39600.0,0.938,0.139
11056,1 - 1 - 2022,19800.0,5.431390245600108,4.216965733794858,5.623415332340303,0.111,0.1,0.158489,0.175,0.15,0.2,1.79,1.5,2.0,3.27,0.127,0.0,1.0,True,0.01,0.95,10.0,39600.0,0.938,0.139
11057,1 - 1 - 2022,19800.0,5.403702434442518,4.216965733794858,5.623415332340303,0.11,0.1,0.158489,0.223,0.2,0.25,0.0352,0.0,0.05,76.4,1.94,0.0,1.0,True,0.01,0.95,10.0,39600.0,0.938,0.139
11058,1 - 1 - 2022,19800.0,5.0099900199501395,4.216965733794858,5.623415332340303,0.12,0.1,0.158489,0.218,0.2,0.25,0.0791,0.05,0.1,43.6,1.47,0.0,1.0,True,0.01,0.95,10.0,39600.0,0.938,0.139
11059,1 - 1 - 2022,19800.0,5.205766033928148,4.216965733794858,5.623415332340303,0.118,0.1,0.158489,0.219,0.2,0.25,0.156,0.1,0.2,180.0,2.11,0.0,1.0,True,0.01,0.95,10.0,39600.0,0.938,0.139
11060,1 - 1 - 2022,19800.0,5.186520991955976,4.216965733794858,5.623415332340303,0.116,0.1,0.158489,0.225,0.2,0.25,0.255,0.2,0.3,229.0,2.38,5.45,1.0,True,0.01,0.95,10.0,39600.0,0.938,0.139
11061,1 - 1 - 2022,19800.0,5.079370039680118,4.216965733794858,5.623415332340303,0.114,0.1,0.158489,0.226,0.2,0.25,0.35,0.3,0.4,251.0,2.49,0.0,1.0,True,0.01,0.95,10.0,39600.0,0.938,0.139
11062,1 - 1 - 2022,19800.0,5.215361924162119,4.216965733794858,5.623415332340303,0.113,0.1,0.158489,0.224,0.2,0.25,0.452,0.4,0.5,240.0,2.43,0.0,1.0,True,0.01,0.95,10.0,39600.0,0.938,0.139
11063,1 - 1 - 2022,19800.0,5.244044240850758,4.216965733794858,5.623415332340303,0.115,0.1,0.158489,0.225,0.2,0.25,0.541,0.5,0.6,164.0,2.01,5.45,1.0,True,0.01,0.95,10.0,39600.0,0.938,0.139
11064,1 - 1 - 2022,19800.0,5.167204273105526,4.216965733794858,5.623415332340303,0.115,0.1,0.158489,0.222,0.2,0.25,0.641,0.6,0.7,136.0,1.84,0.0,1.0,True,0.01,0.95,10.0,39600.0,0.938,0.139
11065,1 - 1 - 2022,19800.0,5.253570214625479,4.216965733794858,5.623415332340303,0.117,0.1,0.158489,0.225,0.2,0.25,0.751,0.7,0.8,109.0,1.64,0.0,1.0,True,0.01,0.95,10.0,39600.0,0.938,0.139
11066,1 - 1 - 2022,19800.0,4.969909455915671,4.216965733794858,5.623415332340303,0.111,0.1,0.158489,0.227,0.2,0.25,0.839,0.8,0.9,65.5,1.27,0.0,1.0,True,0.01,0.95,10.0,39600.0,0.938,0.139
11067,1 - 1 - 2022,19800.0,5.347896782848375,4.216965733794858,5.623415332340303,0.12,0.1,0.158489,0.225,0.2,0.25,0.936,0.9,1.0,54.5,1.16,0.0,1.0,True,0.01,0.95,10.0,39600.0,0.938,0.139
11068,1 - 1 - 2022,19800.0,5.157518783291051,4.216965733794858,5.623415332340303,0.122,0.1,0.158489,0.217,0.2,0.25,1.14,1.0,1.5,22.9,0.336,0.0,1.0,True,0.01,0.95,10.0,39600.0,0.938,0.139
11069,1 - 1 - 2022,19800.0,5.2345009313209605,4.216965733794858,5.623415332340303,0.109,0.1,0.158489,0.221,0.2,0.25,1.71,1.5,2.0,2.18,0.104,0.0,1.0,True,0.01,0.95,10.0,39600.0,0.938,0.139
11070,1 - 1 - 2022,19800.0,5.612486080160912,4.216965733794858,5.623415332340303,0.146,0.1,0.158489,0.266,0.25,0.3,0.0344,0.0,0.05,10.9,0.734,0.0,1.0,True,0.01,0.95,10.0,39600.0,0.938,0.139
11071,1 - 1 - 2022,19800.0,5.244044240850758,4.216965733794858,5.623415332340303,0.115,0.1,0.158489,0.267,0.25,0.3,0.0807,0.05,0.1,32.7,1.27,0.0,1.0,True,0.01,0.95,10.0,39600.0,0.938,0.139
11072,1 - 1 - 2022,19800.0,5.196152422706632,4.216965733794858,5.623415332340303,0.116,0.1,0.158489,0.279,0.25,0.3,0.168,0.1,0.2,92.7,1.51,5.46,1.0,True,0.01,0.95,10.0,39600.0,0.938,0.139
11073,1 - 1 - 2022,19800.0,5.224940191045253,4.216965733794858,5.623415332340303,0.118,0.1,0.158489,0.272,0.25,0.3,0.241,0.2,0.3,131.0,1.8,0.0,1.0,True,0.01,0.95,10.0,39600.0,0.938,0.139
11074,1 - 1 - 2022,19800.0,5.06951674225463,4.216965733794858,5.623415332340303,0.117,0.1,0.158489,0.273,0.25,0.3,0.356,0.3,0.4,147.0,1.91,5.45,1.0,True,0.01,0.95,10.0,39600.0,0.938,0.139
11075,1 - 1 - 2022,19800.0,5.167204273105526,4.216965733794858,5.623415332340303,0.118,0.1,0.158489,0.269,0.25,0.3,0.446,0.4,0.5,131.0,1.8,5.45,1.0,True,0.01,0.95,10.0,39600.0,0.938,0.139
11076,1 - 1 - 2022,19800.0,5.196152422706632,4.216965733794858,5.623415332340303,0.121,0.1,0.158489,0.271,0.25,0.3,0.543,0.5,0.6,98.2,1.56,5.45,1.0,True,0.01,0.95,10.0,39600.0,0.938,0.139
11077,1 - 1 - 2022,19800.0,5.2345009313209605,4.216965733794858,5.623415332340303,0.115,0.1,0.158489,0.274,0.25,0.3,0.651,0.6,0.7,87.3,1.47,0.0,1.0,True,0.01,0.95,10.0,39600.0,0.938,0.139
11078,1 - 1 - 2022,19800.0,5.118593556827891,4.216965733794858,5.623415332340303,0.121,0.1,0.158489,0.27,0.25,0.3,0.736,0.7,0.8,49.1,1.1,0.0,1.0,True,0.01,0.95,10.0,39600.0,0.938,0.139
11079,1 - 1 - 2022,19800.0,5.244044240850758,4.216965733794858,5.623415332340303,0.12,0.1,0.158489,0.272,0.25,0.3,0.86,0.8,0.9,70.9,1.32,0.0,1.0,True,0.01,0.95,10.0,39600.0,0.938,0.139
11080,1 - 1 - 2022,19800.0,5.2345009313209605,4.216965733794858,5.623415332340303,0.118,0.1,0.158489,0.274,0.25,0.3,0.927,0.9,1.0,38.2,0.971,0.0,1.0,True,0.01,0.95,10.0,39600.0,0.938,0.139
11081,1 - 1 - 2022,19800.0,5.300943312279429,4.216965733794858,5.623415332340303,0.121,0.1,0.158489,0.272,0.25,0.3,1.21,1.0,1.5,24.0,0.344,1.09,1.0,True,0.01,0.95,10.0,39600.0,0.938,0.139
11082,1 - 1 - 2022,19800.0,5.329165037789691,4.216965733794858,5.623415332340303,0.112,0.1,0.158489,0.281,0.25,0.3,1.68,1.5,2.0,1.09,0.0734,0.0,1.0,True,0.01,0.95,10.0,39600.0,0.938,0.139
11083,1 - 1 - 2022,19800.0,5.540758070878027,4.216965733794858,5.623415332340303,0.108,0.1,0.158489,0.331,0.3,0.4,0.038,0.0,0.05,10.9,0.519,0.0,1.0,True,0.01,0.95,10.0,39600.0,0.938,0.139
11084,1 - 1 - 2022,19800.0,5.059644256269407,4.216965733794858,5.623415332340303,0.114,0.1,0.158489,0.358,0.3,0.4,0.0696,0.05,0.1,32.7,0.899,0.0,1.0,True,0.01,0.95,10.0,39600.0,0.938,0.139
11085,1 - 1 - 2022,19800.0,5.10881590977792,4.216965733794858,5.623415332340303,0.114,0.1,0.158489,0.338,0.3,0.4,0.144,0.1,0.2,76.4,0.971,2.73,1.0,True,0.01,0.95,10.0,39600.0,0.938,0.139
11086,1 - 1 - 2022,19800.0,5.205766033928148,4.216965733794858,5.623415332340303,0.113,0.1,0.158489,0.343,0.3,0.4,0.255,0.2,0.3,68.2,0.918,0.0,1.0,True,0.01,0.95,10.0,39600.0,0.938,0.139
11087,1 - 1 - 2022,19800.0,5.186520991955976,4.216965733794858,5.623415332340303,0.114,0.1,0.158489,0.343,0.3,0.4,0.347,0.3,0.4,87.3,1.04,0.0,1.0,True,0.01,0.95,10.0,39600.0,0.938,0.139
11088,1 - 1 - 2022,19800.0,5.138093031466052,4.216965733794858,5.623415332340303,0.117,0.1,0.158489,0.344,0.3,0.4,0.456,0.4,0.5,68.2,0.918,0.0,1.0,True,0.01,0.95,10.0,39600.0,0.938,0.139
11089,1 - 1 - 2022,19800.0,5.1478150704935,4.216965733794858,5.623415332340303,0.115,0.1,0.158489,0.338,0.3,0.4,0.564,0.5,0.6,54.5,0.821,0.0,1.0,True,0.01,0.95,10.0,39600.0,0.938,0.139
11090,1 - 1 - 2022,19800.0,5.196152422706632,4.216965733794858,5.623415332340303,0.117,0.1,0.158489,0.343,0.3,0.4,0.652,0.6,0.7,68.2,0.918,0.0,1.0,True,0.01,0.95,10.0,39600.0,0.938,0.139
11091,1 - 1 - 2022,19800.0,5.118593556827891,4.216965733794858,5.623415332340303,0.117,0.1,0.158489,0.34,0.3,0.4,0.756,0.7,0.8,70.9,0.936,0.0,1.0,True,0.01,0.95,10.0,39600.0,0.938,0.139
11092,1 - 1 - 2022,19800.0,4.959838707054898,4.216965733794858,5.623415332340303,0.112,0.1,0.158489,0.359,0.3,0.4,0.843,0.8,0.9,24.5,0.551,0.0,1.0,True,0.01,0.95,10.0,39600.0,0.938,0.139
11093,1 - 1 - 2022,19800.0,5.215361924162119,4.216965733794858,5.623415332340303,0.116,0.1,0.158489,0.336,0.3,0.4,0.947,0.9,1.0,21.8,0.519,0.0,1.0,True,0.01,0.95,10.0,39600.0,0.938,0.139
11094,1 - 1 - 2022,19800.0,5.128352561983234,4.216965733794858,5.623415332340303,0.112,0.1,0.158489,0.355,0.3,0.4,1.14,1.0,1.5,10.4,0.16,0.0,1.0,True,0.01,0.95,10.0,39600.0,0.938,0.139
11095,1 - 1 - 2022,19800.0,5.522680508593631,4.216965733794858,5.623415332340303,0.132,0.1,0.158489,0.344,0.3,0.4,1.6,1.5,2.0,1.09,0.0519,0.0,1.0,True,0.01,0.95,10.0,39600.0,0.938,0.139
11096,1 - 1 - 2022,19800.0,5.385164807134504,4.216965733794858,5.623415332340303,0.112,0.1,0.158489,0.333,0.3,0.4,2.16,2.0,4.0,0.273,0.013,0.0,1.0,True,0.01,0.95,10.0,39600.0,0.938,0.139
11097,1 - 1 - 2022,19800.0,5.059644256269407,4.216965733794858,5.623415332340303,0.11,0.1,0.158489,0.458,0.4,0.5,0.0352,0.0,0.05,5.45,0.367,0.0,1.0,True,0.01,0.95,10.0,39600.0,0.938,0.139
11098,1 - 1 - 2022,19800.0,5.458937625582473,4.216965733794858,5.623415332340303,0.112,0.1,0.158489,0.461,0.4,0.5,0.078,0.05,0.1,10.9,0.519,0.0,1.0,True,0.01,0.95,10.0,39600.0,0.938,0.139
11099,1 - 1 - 2022,19800.0,5.138093031466052,4.216965733794858,5.623415332340303,0.113,0.1,0.158489,0.465,0.4,0.5,0.15,0.1,0.2,35.4,0.662,0.0,1.0,True,0.01,0.95,10.0,39600.0,0.938,0.139
11100,1 - 1 - 2022,19800.0,5.10881590977792,4.216965733794858,5.623415332340303,0.118,0.1,0.158489,0.454,0.4,0.5,0.254,0.2,0.3,24.5,0.551,0.0,1.0,True,0.01,0.95,10.0,39600.0,0.938,0.139
11101,1 - 1 - 2022,19800.0,5.157518783291051,4.216965733794858,5.623415332340303,0.115,0.1,0.158489,0.456,0.4,0.5,0.345,0.3,0.4,40.9,0.711,0.0,1.0,True,0.01,0.95,10.0,39600.0,0.938,0.139
11102,1 - 1 - 2022,19800.0,5.059644256269407,4.216965733794858,5.623415332340303,0.112,0.1,0.158489,0.443,0.4,0.5,0.445,0.4,0.5,43.6,0.734,0.0,1.0,True,0.01,0.95,10.0,39600.0,0.938,0.139
11103,1 - 1 - 2022,19800.0,5.186520991955976,4.216965733794858,5.623415332340303,0.107,0.1,0.158489,0.437,0.4,0.5,0.54,0.5,0.6,30.0,0.609,0.0,1.0,True,0.01,0.95,10.0,39600.0,0.938,0.139
11104,1 - 1 - 2022,19800.0,5.0099900199501395,4.216965733794858,5.623415332340303,0.112,0.1,0.158489,0.438,0.4,0.5,0.645,0.6,0.7,21.8,0.519,0.0,1.0,True,0.01,0.95,10.0,39600.0,0.938,0.139
11105,1 - 1 - 2022,19800.0,5.176871642217914,4.216965733794858,5.623415332340303,0.117,0.1,0.158489,0.459,0.4,0.5,0.74,0.7,0.8,16.4,0.45,0.0,1.0,True,0.01,0.95,10.0,39600.0,0.938,0.139
11106,1 - 1 - 2022,19800.0,5.138093031466052,4.216965733794858,5.623415332340303,0.13,0.1,0.158489,0.476,0.4,0.5,0.829,0.8,0.9,8.18,0.318,0.0,1.0,True,0.01,0.95,10.0,39600.0,0.938,0.139
11107,1 - 1 - 2022,19800.0,5.272570530585627,4.216965733794858,5.623415332340303,0.114,0.1,0.158489,0.458,0.4,0.5,0.924,0.9,1.0,13.6,0.41,0.0,1.0,True,0.01,0.95,10.0,39600.0,0.938,0.139
11108,1 - 1 - 2022,19800.0,5.128352561983234,4.216965733794858,5.623415332340303,0.117,0.1,0.158489,0.456,0.4,0.5,1.08,1.0,1.5,3.82,0.0971,0.0,1.0,True,0.01,0.95,10.0,39600.0,0.938,0.139
11109,1 - 1 - 2022,19800.0,5.329165037789691,4.216965733794858,5.623415332340303,0.128,0.1,0.158489,0.463,0.4,0.5,1.63,1.5,2.0,1.09,0.0519,0.0,1.0,True,0.01,0.95,10.0,39600.0,0.938,0.139
11110,1 - 1 - 2022,19800.0,5.558776843874918,4.216965733794858,5.623415332340303,0.148,0.1,0.158489,0.549,0.5,0.6,0.0423,0.0,0.05,5.45,0.367,0.0,1.0,True,0.01,0.95,10.0,39600.0,0.938,0.139
11111,1 - 1 - 2022,19800.0,4.8373546489791295,4.216965733794858,5.623415332340303,0.107,0.1,0.158489,0.568,0.5,0.6,0.0749,0.05,0.1,5.45,0.367,0.0,1.0,True,0.01,0.95,10.0,39600.0,0.938,0.139
11112,1 - 1 - 2022,19800.0,5.224940191045253,4.216965733794858,5.623415332340303,0.121,0.1,0.158489,0.535,0.5,0.6,0.139,0.1,0.2,2.73,0.183,0.0,1.0,True,0.01,0.95,10.0,39600.0,0.938,0.139
11113,1 - 1 - 2022,19800.0,5.272570530585627,4.216965733794858,5.623415332340303,0.116,0.1,0.158489,0.545,0.5,0.6,0.249,0.2,0.3,19.1,0.486,0.0,1.0,True,0.01,0.95,10.0,39600.0,0.938,0.139
11114,1 - 1 - 2022,19800.0,5.215361924162119,4.216965733794858,5.623415332340303,0.114,0.1,0.158489,0.542,0.5,0.6,0.349,0.3,0.4,35.4,0.662,0.0,1.0,True,0.01,0.95,10.0,39600.0,0.938,0.139
11115,1 - 1 - 2022,19800.0,5.253570214625479,4.216965733794858,5.623415332340303,0.125,0.1,0.158489,0.539,0.5,0.6,0.462,0.4,0.5,30.0,0.609,0.0,1.0,True,0.01,0.95,10.0,39600.0,0.938,0.139
11116,1 - 1 - 2022,19800.0,5.176871642217914,4.216965733794858,5.623415332340303,0.111,0.1,0.158489,0.541,0.5,0.6,0.535,0.5,0.6,21.8,0.519,0.0,1.0,True,0.01,0.95,10.0,39600.0,0.938,0.139
11117,1 - 1 - 2022,19800.0,5.366563145999495,4.216965733794858,5.623415332340303,0.123,0.1,0.158489,0.529,0.5,0.6,0.668,0.6,0.7,8.18,0.318,0.0,1.0,True,0.01,0.95,10.0,39600.0,0.938,0.139
11118,1 - 1 - 2022,19800.0,5.263078946776307,4.216965733794858,5.623415332340303,0.112,0.1,0.158489,0.553,0.5,0.6,0.743,0.7,0.8,16.4,0.45,0.0,1.0,True,0.01,0.95,10.0,39600.0,0.938,0.139
11119,1 - 1 - 2022,19800.0,5.558776843874918,4.216965733794858,5.623415332340303,0.133,0.1,0.158489,0.532,0.5,0.6,0.828,0.8,0.9,2.73,0.184,0.0,1.0,True,0.01,0.95,10.0,39600.0,0.938,0.139
11120,1 - 1 - 2022,19800.0,5.440588203494177,4.216965733794858,5.623415332340303,0.111,0.1,0.158489,0.526,0.5,0.6,0.963,0.9,1.0,5.45,0.26,0.0,1.0,True,0.01,0.95,10.0,39600.0,0.938,0.139
11121,1 - 1 - 2022,19800.0,4.929503017546495,4.216965733794858,5.623415332340303,0.106,0.1,0.158489,0.553,0.5,0.6,1.19,1.0,1.5,1.64,0.0636,0.0,1.0,True,0.01,0.95,10.0,39600.0,0.938,0.139
11122,1 - 1 - 2022,19800.0,5.319774431308154,4.216965733794858,5.623415332340303,0.107,0.1,0.158489,0.617,0.6,0.7,0.0808,0.05,0.1,10.9,0.519,0.0,1.0,True,0.01,0.95,10.0,39600.0,0.938,0.139
11123,1 - 1 - 2022,19800.0,5.347896782848375,4.216965733794858,5.623415332340303,0.126,0.1,0.158489,0.622,0.6,0.7,0.14,0.1,0.2,8.18,0.318,0.0,1.0,True,0.01,0.95,10.0,39600.0,0.938,0.139
11124,1 - 1 - 2022,19800.0,5.291502622129181,4.216965733794858,5.623415332340303,0.121,0.1,0.158489,0.627,0.6,0.7,0.266,0.2,0.3,8.18,0.318,0.0,1.0,True,0.01,0.95,10.0,39600.0,0.938,0.139
11125,1 - 1 - 2022,19800.0,4.979959839195493,4.216965733794858,5.623415332340303,0.111,0.1,0.158489,0.617,0.6,0.7,0.354,0.3,0.4,8.18,0.318,0.0,1.0,True,0.01,0.95,10.0,39600.0,0.938,0.139
11126,1 - 1 - 2022,19800.0,5.157518783291051,4.216965733794858,5.623415332340303,0.12,0.1,0.158489,0.623,0.6,0.7,0.449,0.4,0.5,13.6,0.41,0.0,1.0,True,0.01,0.95,10.0,39600.0,0.938,0.139
11127,1 - 1 - 2022,19800.0,5.540758070878027,4.216965733794858,5.623415332340303,0.138,0.1,0.158489,0.66,0.6,0.7,0.58,0.5,0.6,8.18,0.318,0.0,1.0,True,0.01,0.95,10.0,39600.0,0.938,0.139
11128,1 - 1 - 2022,19800.0,5.310367218940701,4.216965733794858,5.623415332340303,0.13,0.1,0.158489,0.617,0.6,0.7,0.618,0.6,0.7,5.45,0.26,2.73,1.0,True,0.01,0.95,10.0,39600.0,0.938,0.139
11129,1 - 1 - 2022,19800.0,5.128352561983234,4.216965733794858,5.623415332340303,0.113,0.1,0.158489,0.633,0.6,0.7,0.751,0.7,0.8,10.9,0.367,0.0,1.0,True,0.01,0.95,10.0,39600.0,0.938,0.139
11130,1 - 1 - 2022,19800.0,4.61519230368573,4.216965733794858,5.623415332340303,0.102,0.1,0.158489,0.654,0.6,0.7,0.848,0.8,0.9,2.73,0.183,0.0,1.0,True,0.01,0.95,10.0,39600.0,0.938,0.139
11131,1 - 1 - 2022,19800.0,4.878524367060187,4.216965733794858,5.623415332340303,0.116,0.1,0.158489,0.608,0.6,0.7,0.977,0.9,1.0,2.73,0.184,0.0,1.0,True,0.01,0.95,10.0,39600.0,0.938,0.139
11132,1 - 1 - 2022,19800.0,4.806245936279167,4.216965733794858,5.623415332340303,0.112,0.1,0.158489,0.648,0.6,0.7,1.09,1.0,1.5,1.09,0.0519,0.0,1.0,True,0.01,0.95,10.0,39600.0,0.938,0.139
11133,1 - 1 - 2022,19800.0,5.60357029044876,4.216965733794858,5.623415332340303,0.112,0.1,0.158489,0.622,0.6,0.7,1.78,1.5,2.0,0.545,0.0367,0.0,1.0,True,0.01,0.95,10.0,39600.0,0.938,0.139
11134,1 - 1 - 2022,19800.0,5.263078946776307,4.216965733794858,5.623415332340303,0.12,0.1,0.158489,0.758,0.7,0.8,0.145,0.1,0.2,10.9,0.367,0.0,1.0,True,0.01,0.95,10.0,39600.0,0.938,0.139
11135,1 - 1 - 2022,19800.0,5.319774431308154,4.216965733794858,5.623415332340303,0.122,0.1,0.158489,0.768,0.7,0.8,0.255,0.2,0.3,8.18,0.318,0.0,1.0,True,0.01,0.95,10.0,39600.0,0.938,0.139
11136,1 - 1 - 2022,19800.0,5.263078946776307,4.216965733794858,5.623415332340303,0.125,0.1,0.158489,0.73,0.7,0.8,0.396,0.3,0.4,2.73,0.183,0.0,1.0,True,0.01,0.95,10.0,39600.0,0.938,0.139
11137,1 - 1 - 2022,19800.0,5.029910535983717,4.216965733794858,5.623415332340303,0.11,0.1,0.158489,0.746,0.7,0.8,0.437,0.4,0.5,13.6,0.41,0.0,1.0,True,0.01,0.95,10.0,39600.0,0.938,0.139
11138,1 - 1 - 2022,19800.0,5.176871642217914,4.216965733794858,5.623415332340303,0.12,0.1,0.158489,0.754,0.7,0.8,0.534,0.5,0.6,13.6,0.41,0.0,1.0,True,0.01,0.95,10.0,39600.0,0.938,0.139
11139,1 - 1 - 2022,19800.0,5.0990195135927845,4.216965733794858,5.623415332340303,0.131,0.1,0.158489,0.726,0.7,0.8,0.629,0.6,0.7,2.73,0.184,0.0,1.0,True,0.01,0.95,10.0,39600.0,0.938,0.139
11140,1 - 1 - 2022,19800.0,4.8166378315169185,4.216965733794858,5.623415332340303,0.108,0.1,0.158489,0.725,0.7,0.8,0.826,0.8,0.9,5.45,0.26,0.0,1.0,True,0.01,0.95,10.0,39600.0,0.938,0.139
11141,1 - 1 - 2022,19800.0,5.049752469181039,4.216965733794858,5.623415332340303,0.118,0.1,0.158489,0.772,0.7,0.8,0.973,0.9,1.0,2.73,0.184,0.0,1.0,True,0.01,0.95,10.0,39600.0,0.938,0.139
11142,1 - 1 - 2022,19800.0,4.929503017546495,4.216965733794858,5.623415332340303,0.112,0.1,0.158489,0.809,0.8,0.9,0.467,0.4,0.5,5.45,0.26,0.0,1.0,True,0.01,0.95,10.0,39600.0,0.938,0.139
11143,1 - 1 - 2022,19800.0,5.2345009313209605,4.216965733794858,5.623415332340303,0.13,0.1,0.158489,0.87,0.8,0.9,0.519,0.5,0.6,2.73,0.184,0.0,1.0,True,0.01,0.95,10.0,39600.0,0.938,0.139
11144,1 - 1 - 2022,19800.0,4.9899899799498595,4.216965733794858,5.623415332340303,0.111,0.1,0.158489,0.842,0.8,0.9,0.63,0.6,0.7,8.18,0.318,0.0,1.0,True,0.01,0.95,10.0,39600.0,0.938,0.139
11145,1 - 1 - 2022,19800.0,5.504543577809154,4.216965733794858,5.623415332340303,0.121,0.1,0.158489,0.867,0.8,0.9,0.749,0.7,0.8,2.73,0.183,0.0,1.0,True,0.01,0.95,10.0,39600.0,0.938,0.139
11146,1 - 1 - 2022,19800.0,5.039841267341661,4.216965733794858,5.623415332340303,0.122,0.1,0.158489,0.906,0.9,1.0,0.233,0.2,0.3,2.73,0.184,0.0,1.0,True,0.01,0.95,10.0,39600.0,0.938,0.139
11147,1 - 1 - 2022,19800.0,5.495452665613635,4.216965733794858,5.623415332340303,0.103,0.1,0.158489,0.934,0.9,1.0,0.407,0.4,0.5,2.73,0.184,0.0,1.0,True,0.01,0.95,10.0,39600.0,0.938,0.139
11148,1 - 1 - 2022,19800.0,6.008327554319921,5.623415332340303,7.498939925082745,0.00219,0.00158489,0.00251189,0.0144,0.0,0.05,0.155,0.1,0.2,96800.0,291.0,86500.0,1.0,True,0.01,0.95,10.0,39600.0,0.938,0.139
11149,1 - 1 - 2022,19800.0,5.991660871578097,5.623415332340303,7.498939925082745,0.00219,0.00158489,0.00251189,0.0132,0.0,0.05,0.25,0.2,0.3,142000.0,353.0,109000.0,1.0,True,0.01,0.95,10.0,39600.0,0.938,0.139
11150,1 - 1 - 2022,19800.0,6.0,5.623415332340303,7.498939925082745,0.0022,0.00158489,0.00251189,0.0129,0.0,0.05,0.35,0.3,0.4,135000.0,344.0,84800.0,1.0,True,0.01,0.95,10.0,39600.0,0.938,0.139
11151,1 - 1 - 2022,19800.0,6.0,5.623415332340303,7.498939925082745,0.00219,0.00158489,0.00251189,0.0142,0.0,0.05,0.448,0.4,0.5,132000.0,340.0,66400.0,1.0,True,0.01,0.95,10.0,39600.0,0.938,0.139
11152,1 - 1 - 2022,19800.0,5.9833101206606365,5.623415332340303,7.498939925082745,0.00219,0.00158489,0.00251189,0.0137,0.0,0.05,0.546,0.5,0.6,98900.0,294.0,37200.0,1.0,True,0.01,0.95,10.0,39600.0,0.938,0.139
11153,1 - 1 - 2022,19800.0,6.0,5.623415332340303,7.498939925082745,0.00219,0.00158489,0.00251189,0.0144,0.0,0.05,0.646,0.6,0.7,73300.0,254.0,25200.0,1.0,True,0.01,0.95,10.0,39600.0,0.938,0.139
11154,1 - 1 - 2022,19800.0,6.0332412515993425,5.623415332340303,7.498939925082745,0.00219,0.00158489,0.00251189,0.0152,0.0,0.05,0.744,0.7,0.8,45300.0,199.0,15900.0,1.0,True,0.01,0.95,10.0,39600.0,0.938,0.139
11155,1 - 1 - 2022,19800.0,5.9833101206606365,5.623415332340303,7.498939925082745,0.00218,0.00158489,0.00251189,0.0157,0.0,0.05,0.849,0.8,0.9,31900.0,167.0,5030.0,1.0,True,0.01,0.95,10.0,39600.0,0.938,0.139
11156,1 - 1 - 2022,19800.0,5.9833101206606365,5.623415332340303,7.498939925082745,0.00217,0.00158489,0.00251189,0.0154,0.0,0.05,0.947,0.9,1.0,21700.0,138.0,2130.0,1.0,True,0.01,0.95,10.0,39600.0,0.938,0.139
11157,1 - 1 - 2022,19800.0,6.008327554319921,5.623415332340303,7.498939925082745,0.0022,0.00158489,0.00251189,0.0203,0.0,0.05,1.16,1.0,1.5,6460.0,33.7,271.0,1.0,True,0.01,0.95,10.0,39600.0,0.938,0.139
11158,1 - 1 - 2022,19800.0,5.9833101206606365,5.623415332340303,7.498939925082745,0.00218,0.00158489,0.00251189,0.0263,0.0,0.05,1.68,1.5,2.0,1080.0,13.8,38.7,1.0,True,0.01,0.95,10.0,39600.0,0.938,0.139
11159,1 - 1 - 2022,19800.0,6.008327554319921,5.623415332340303,7.498939925082745,0.00215,0.00158489,0.00251189,0.0278,0.0,0.05,2.75,2.0,4.0,106.0,2.16,9.67,1.0,True,0.01,0.95,10.0,39600.0,0.938,0.139
11160,1 - 1 - 2022,19800.0,6.016643582596529,5.623415332340303,7.498939925082745,0.00219,0.00158489,0.00251189,0.0719,0.05,0.1,0.253,0.2,0.3,30800.0,164.0,30600.0,1.0,True,0.01,0.95,10.0,39600.0,0.938,0.139
11161,1 - 1 - 2022,19800.0,6.0,5.623415332340303,7.498939925082745,0.0022,0.00158489,0.00251189,0.072,0.05,0.1,0.351,0.3,0.4,37500.0,181.0,36200.0,1.0,True,0.01,0.95,10.0,39600.0,0.938,0.139
11162,1 - 1 - 2022,19800.0,6.008327554319921,5.623415332340303,7.498939925082745,0.00219,0.00158489,0.00251189,0.0743,0.05,0.1,0.449,0.4,0.5,31500.0,166.0,29600.0,1.0,True,0.01,0.95,10.0,39600.0,0.938,0.139
11163,1 - 1 - 2022,19800.0,5.966573556070519,5.623415332340303,7.498939925082745,0.00219,0.00158489,0.00251189,0.0723,0.05,0.1,0.552,0.5,0.6,25400.0,149.0,19400.0,1.0,True,0.01,0.95,10.0,39600.0,0.938,0.139
11164,1 - 1 - 2022,19800.0,6.008327554319921,5.623415332340303,7.498939925082745,0.00221,0.00158489,0.00251189,0.072,0.05,0.1,0.649,0.6,0.7,21300.0,137.0,13000.0,1.0,True,0.01,0.95,10.0,39600.0,0.938,0.139
11165,1 - 1 - 2022,19800.0,5.958187643906492,5.623415332340303,7.498939925082745,0.00218,0.00158489,0.00251189,0.0745,0.05,0.1,0.749,0.7,0.8,15500.0,116.0,6000.0,1.0,True,0.01,0.95,10.0,39600.0,0.938,0.139
11166,1 - 1 - 2022,19800.0,5.991660871578097,5.623415332340303,7.498939925082745,0.00221,0.00158489,0.00251189,0.0738,0.05,0.1,0.849,0.8,0.9,10600.0,96.6,3870.0,1.0,True,0.01,0.95,10.0,39600.0,0.938,0.139
11167,1 - 1 - 2022,19800.0,6.0332412515993425,5.623415332340303,7.498939925082745,0.00225,0.00158489,0.00251189,0.0722,0.05,0.1,0.949,0.9,1.0,5220.0,67.7,1160.0,1.0,True,0.01,0.95,10.0,39600.0,0.938,0.139
11168,1 - 1 - 2022,19800.0,6.008327554319921,5.623415332340303,7.498939925082745,0.00219,0.00158489,0.00251189,0.0734,0.05,0.1,1.19,1.0,1.5,3370.0,24.3,38.7,1.0,True,0.01,0.95,10.0,39600.0,0.938,0.139
11169,1 - 1 - 2022,19800.0,6.016643582596529,5.623415332340303,7.498939925082745,0.00215,0.00158489,0.00251189,0.075,0.05,0.1,1.72,1.5,2.0,890.0,12.5,0.0,1.0,True,0.01,0.95,10.0,39600.0,0.938,0.139
11170,1 - 1 - 2022,19800.0,6.082762530298219,5.623415332340303,7.498939925082745,0.00219,0.00158489,0.00251189,0.0747,0.05,0.1,2.69,2.0,4.0,145.0,2.52,9.68,1.0,True,0.01,0.95,10.0,39600.0,0.938,0.139
11171,1 - 1 - 2022,19800.0,6.0332412515993425,5.623415332340303,7.498939925082745,0.00227,0.00158489,0.00251189,0.13,0.1,0.15,0.0327,0.0,0.05,2710.0,68.9,387.0,1.0,True,0.01,0.95,10.0,39600.0,0.938,0.139
11172,1 - 1 - 2022,19800.0,5.966573556070519,5.623415332340303,7.498939925082745,0.00223,0.00158489,0.00251189,0.125,0.1,0.15,0.0785,0.05,0.1,9680.0,130.0,1930.0,1.0,True,0.01,0.95,10.0,39600.0,0.938,0.139
11173,1 - 1 - 2022,19800.0,6.0,5.623415332340303,7.498939925082745,0.00217,0.00158489,0.00251189,0.123,0.1,0.15,0.155,0.1,0.2,16300.0,119.0,4060.0,1.0,True,0.01,0.95,10.0,39600.0,0.938,0.139
11174,1 - 1 - 2022,19800.0,5.9833101206606365,5.623415332340303,7.498939925082745,0.0022,0.00158489,0.00251189,0.125,0.1,0.15,0.257,0.2,0.3,14100.0,111.0,3290.0,1.0,True,0.01,0.95,10.0,39600.0,0.938,0.139
11175,1 - 1 - 2022,19800.0,5.966573556070519,5.623415332340303,7.498939925082745,0.00219,0.00158489,0.00251189,0.123,0.1,0.15,0.35,0.3,0.4,16800.0,121.0,3870.0,1.0,True,0.01,0.95,10.0,39600.0,0.938,0.139
11176,1 - 1 - 2022,19800.0,6.024948132556827,5.623415332340303,7.498939925082745,0.00217,0.00158489,0.00251189,0.123,0.1,0.15,0.457,0.4,0.5,18000.0,126.0,2320.0,1.0,True,0.01,0.95,10.0,39600.0,0.938,0.139
11177,1 - 1 - 2022,19800.0,5.974947698515862,5.623415332340303,7.498939925082745,0.00218,0.00158489,0.00251189,0.124,0.1,0.15,0.55,0.5,0.6,18000.0,126.0,3290.0,1.0,True,0.01,0.95,10.0,39600.0,0.938,0.139
11178,1 - 1 - 2022,19800.0,6.0,5.623415332340303,7.498939925082745,0.0022,0.00158489,0.00251189,0.124,0.1,0.15,0.647,0.6,0.7,15500.0,116.0,2520.0,1.0,True,0.01,0.95,10.0,39600.0,0.938,0.139
11179,1 - 1 - 2022,19800.0,5.958187643906492,5.623415332340303,7.498939925082745,0.00219,0.00158489,0.00251189,0.125,0.1,0.15,0.745,0.7,0.8,10100.0,93.9,1350.0,1.0,True,0.01,0.95,10.0,39600.0,0.938,0.139
11180,1 - 1 - 2022,19800.0,6.0,5.623415332340303,7.498939925082745,0.0022,0.00158489,0.00251189,0.123,0.1,0.15,0.855,0.8,0.9,8710.0,87.4,774.0,1.0,True,0.01,0.95,10.0,39600.0,0.938,0.139
11181,1 - 1 - 2022,19800.0,5.974947698515862,5.623415332340303,7.498939925082745,0.00218,0.00158489,0.00251189,0.126,0.1,0.15,0.948,0.9,1.0,4060.0,59.7,194.0,1.0,True,0.01,0.95,10.0,39600.0,0.938,0.139
11182,1 - 1 - 2022,19800.0,5.966573556070519,5.623415332340303,7.498939925082745,0.0022,0.00158489,0.00251189,0.125,0.1,0.15,1.22,1.0,1.5,2280.0,20.0,38.7,1.0,True,0.01,0.95,10.0,39600.0,0.938,0.139
11183,1 - 1 - 2022,19800.0,6.0332412515993425,5.623415332340303,7.498939925082745,0.00216,0.00158489,0.00251189,0.124,0.1,0.15,1.72,1.5,2.0,464.0,9.02,0.0,1.0,True,0.01,0.95,10.0,39600.0,0.938,0.139
11184,1 - 1 - 2022,19800.0,6.041522986797286,5.623415332340303,7.498939925082745,0.00219,0.00158489,0.00251189,0.126,0.1,0.15,2.56,2.0,4.0,145.0,2.52,0.0,1.0,True,0.01,0.95,10.0,39600.0,0.938,0.139
11185,1 - 1 - 2022,19800.0,5.966573556070519,5.623415332340303,7.498939925082745,0.00232,0.00158489,0.00251189,0.166,0.15,0.2,0.0384,0.0,0.05,3480.0,78.1,0.0,1.0,True,0.01,0.95,10.0,39600.0,0.938,0.139
11186,1 - 1 - 2022,19800.0,5.830951894845301,5.623415332340303,7.498939925082745,0.00215,0.00158489,0.00251189,0.173,0.15,0.2,0.0785,0.05,0.1,8900.0,125.0,0.0,1.0,True,0.01,0.95,10.0,39600.0,0.938,0.139
11187,1 - 1 - 2022,19800.0,6.041522986797286,5.623415332340303,7.498939925082745,0.00225,0.00158489,0.00251189,0.173,0.15,0.2,0.155,0.1,0.2,10100.0,93.9,194.0,1.0,True,0.01,0.95,10.0,39600.0,0.938,0.139
11188,1 - 1 - 2022,19800.0,6.024948132556827,5.623415332340303,7.498939925082745,0.00218,0.00158489,0.00251189,0.17,0.15,0.2,0.254,0.2,0.3,11600.0,101.0,194.0,1.0,True,0.01,0.95,10.0,39600.0,0.938,0.139
11189,1 - 1 - 2022,19800.0,5.9497899122574065,5.623415332340303,7.498939925082745,0.00219,0.00158489,0.00251189,0.173,0.15,0.2,0.348,0.3,0.4,14500.0,113.0,581.0,1.0,True,0.01,0.95,10.0,39600.0,0.938,0.139
11190,1 - 1 - 2022,19800.0,5.966573556070519,5.623415332340303,7.498939925082745,0.00217,0.00158489,0.00251189,0.172,0.15,0.2,0.452,0.4,0.5,15700.0,117.0,968.0,1.0,True,0.01,0.95,10.0,39600.0,0.938,0.139
11191,1 - 1 - 2022,19800.0,5.991660871578097,5.623415332340303,7.498939925082745,0.00217,0.00158489,0.00251189,0.174,0.15,0.2,0.549,0.5,0.6,11000.0,98.3,581.0,1.0,True,0.01,0.95,10.0,39600.0,0.938,0.139
11192,1 - 1 - 2022,19800.0,5.92452529743945,5.623415332340303,7.498939925082745,0.00215,0.00158489,0.00251189,0.173,0.15,0.2,0.649,0.6,0.7,9870.0,93.0,194.0,1.0,True,0.01,0.95,10.0,39600.0,0.938,0.139
11193,1 - 1 - 2022,19800.0,5.916079783099616,5.623415332340303,7.498939925082745,0.00221,0.00158489,0.00251189,0.175,0.15,0.2,0.752,0.7,0.8,6770.0,77.0,0.0,1.0,True,0.01,0.95,10.0,39600.0,0.938,0.139
11194,1 - 1 - 2022,19800.0,5.916079783099616,5.623415332340303,7.498939925082745,0.00222,0.00158489,0.00251189,0.173,0.15,0.2,0.85,0.8,0.9,4060.0,59.7,194.0,1.0,True,0.01,0.95,10.0,39600.0,0.938,0.139
11195,1 - 1 - 2022,19800.0,6.0,5.623415332340303,7.498939925082745,0.00221,0.00158489,0.00251189,0.175,0.15,0.2,0.953,0.9,1.0,6390.0,74.8,0.0,1.0,True,0.01,0.95,10.0,39600.0,0.938,0.139
11196,1 - 1 - 2022,19800.0,6.024948132556827,5.623415332340303,7.498939925082745,0.0022,0.00158489,0.00251189,0.175,0.15,0.2,1.22,1.0,1.5,2010.0,18.8,38.7,1.0,True,0.01,0.95,10.0,39600.0,0.938,0.139
11197,1 - 1 - 2022,19800.0,5.89915248150105,5.623415332340303,7.498939925082745,0.00217,0.00158489,0.00251189,0.177,0.15,0.2,1.71,1.5,2.0,774.0,11.6,0.0,1.0,True,0.01,0.95,10.0,39600.0,0.938,0.139
11198,1 - 1 - 2022,19800.0,6.131883886702357,5.623415332340303,7.498939925082745,0.00214,0.00158489,0.00251189,0.175,0.15,0.2,2.49,2.0,4.0,87.1,1.95,9.67,1.0,True,0.01,0.95,10.0,39600.0,0.938,0.139
11199,1 - 1 - 2022,19800.0,5.8395205282625735,5.623415332340303,7.498939925082745,0.00206,0.00158489,0.00251189,0.201,0.2,0.25,0.0246,0.0,0.05,774.0,36.8,0.0,1.0,True,0.01,0.95,10.0,39600.0,0.938,0.139
11200,1 - 1 - 2022,19800.0,5.848076606885378,5.623415332340303,7.498939925082745,0.00221,0.00158489,0.00251189,0.223,0.2,0.25,0.083,0.05,0.1,2710.0,68.9,0.0,1.0,True,0.01,0.95,10.0,39600.0,0.938,0.139
11201,1 - 1 - 2022,19800.0,6.0332412515993425,5.623415332340303,7.498939925082745,0.00218,0.00158489,0.00251189,0.221,0.2,0.25,0.152,0.1,0.2,6770.0,77.1,194.0,1.0,True,0.01,0.95,10.0,39600.0,0.938,0.139
11202,1 - 1 - 2022,19800.0,6.0,5.623415332340303,7.498939925082745,0.0022,0.00158489,0.00251189,0.226,0.2,0.25,0.249,0.2,0.3,8320.0,85.4,581.0,1.0,True,0.01,0.95,10.0,39600.0,0.938,0.139
11203,1 - 1 - 2022,19800.0,5.932958789676531,5.623415332340303,7.498939925082745,0.0022,0.00158489,0.00251189,0.222,0.2,0.25,0.342,0.3,0.4,8510.0,86.4,387.0,1.0,True,0.01,0.95,10.0,39600.0,0.938,0.139
11204,1 - 1 - 2022,19800.0,5.9833101206606365,5.623415332340303,7.498939925082745,0.00218,0.00158489,0.00251189,0.225,0.2,0.25,0.445,0.4,0.5,10300.0,94.8,580.0,1.0,True,0.01,0.95,10.0,39600.0,0.938,0.139
11205,1 - 1 - 2022,19800.0,6.0332412515993425,5.623415332340303,7.498939925082745,0.00221,0.00158489,0.00251189,0.223,0.2,0.25,0.549,0.5,0.6,8510.0,86.4,193.0,1.0,True,0.01,0.95,10.0,39600.0,0.938,0.139
11206,1 - 1 - 2022,19800.0,5.991660871578097,5.623415332340303,7.498939925082745,0.0022,0.00158489,0.00251189,0.221,0.2,0.25,0.646,0.6,0.7,5610.0,70.1,387.0,1.0,True,0.01,0.95,10.0,39600.0,0.938,0.139
11207,1 - 1 - 2022,19800.0,6.082762530298219,5.623415332340303,7.498939925082745,0.00217,0.00158489,0.00251189,0.225,0.2,0.25,0.75,0.7,0.8,4640.0,63.8,0.0,1.0,True,0.01,0.95,10.0,39600.0,0.938,0.139
11208,1 - 1 - 2022,19800.0,6.024948132556827,5.623415332340303,7.498939925082745,0.00223,0.00158489,0.00251189,0.223,0.2,0.25,0.846,0.8,0.9,6000.0,72.5,0.0,1.0,True,0.01,0.95,10.0,39600.0,0.938,0.139
11209,1 - 1 - 2022,19800.0,5.9497899122574065,5.623415332340303,7.498939925082745,0.00226,0.00158489,0.00251189,0.222,0.2,0.25,0.948,0.9,1.0,2900.0,50.4,0.0,1.0,True,0.01,0.95,10.0,39600.0,0.938,0.139
11210,1 - 1 - 2022,19800.0,5.991660871578097,5.623415332340303,7.498939925082745,0.00223,0.00158489,0.00251189,0.226,0.2,0.25,1.2,1.0,1.5,1550.0,16.5,0.0,1.0,True,0.01,0.95,10.0,39600.0,0.938,0.139
11211,1 - 1 - 2022,19800.0,6.04979338490167,5.623415332340303,7.498939925082745,0.00218,0.00158489,0.00251189,0.223,0.2,0.25,1.75,1.5,2.0,619.0,10.4,0.0,1.0,True,0.01,0.95,10.0,39600.0,0.938,0.139
11212,1 - 1 - 2022,19800.0,6.196773353931867,5.623415332340303,7.498939925082745,0.0022,0.00158489,0.00251189,0.228,0.2,0.25,2.64,2.0,4.0,106.0,2.16,48.4,1.0,True,0.01,0.95,10.0,39600.0,0.938,0.139
11213,1 - 1 - 2022,19800.0,6.172519744804386,5.623415332340303,7.498939925082745,0.00224,0.00158489,0.00251189,0.263,0.25,0.3,0.044,0.0,0.05,387.0,26.0,0.0,1.0,True,0.01,0.95,10.0,39600.0,0.938,0.139
11214,1 - 1 - 2022,19800.0,5.991660871578097,5.623415332340303,7.498939925082745,0.0021,0.00158489,0.00251189,0.273,0.25,0.3,0.0745,0.05,0.1,3100.0,73.7,0.0,1.0,True,0.01,0.95,10.0,39600.0,0.938,0.139
11215,1 - 1 - 2022,19800.0,5.974947698515862,5.623415332340303,7.498939925082745,0.00221,0.00158489,0.00251189,0.271,0.25,0.3,0.154,0.1,0.2,3680.0,56.8,0.0,1.0,True,0.01,0.95,10.0,39600.0,0.938,0.139
11216,1 - 1 - 2022,19800.0,6.0,5.623415332340303,7.498939925082745,0.00223,0.00158489,0.00251189,0.272,0.25,0.3,0.254,0.2,0.3,5230.0,67.7,387.0,1.0,True,0.01,0.95,10.0,39600.0,0.938,0.139
11217,1 - 1 - 2022,19800.0,6.041522986797286,5.623415332340303,7.498939925082745,0.0023,0.00158489,0.00251189,0.275,0.25,0.3,0.345,0.3,0.4,7160.0,79.2,387.0,1.0,True,0.01,0.95,10.0,39600.0,0.938,0.139
11218,1 - 1 - 2022,19800.0,5.974947698515862,5.623415332340303,7.498939925082745,0.00219,0.00158489,0.00251189,0.273,0.25,0.3,0.453,0.4,0.5,8320.0,85.4,581.0,1.0,True,0.01,0.95,10.0,39600.0,0.938,0.139
11219,1 - 1 - 2022,19800.0,5.966573556070519,5.623415332340303,7.498939925082745,0.0022,0.00158489,0.00251189,0.276,0.25,0.3,0.543,0.5,0.6,6190.0,73.7,1160.0,1.0,True,0.01,0.95,10.0,39600.0,0.938,0.139
11220,1 - 1 - 2022,19800.0,6.041522986797286,5.623415332340303,7.498939925082745,0.0022,0.00158489,0.00251189,0.277,0.25,0.3,0.642,0.6,0.7,4060.0,59.7,193.0,1.0,True,0.01,0.95,10.0,39600.0,0.938,0.139
11221,1 - 1 - 2022,19800.0,6.099180272790763,5.623415332340303,7.498939925082745,0.00223,0.00158489,0.00251189,0.277,0.25,0.3,0.747,0.7,0.8,3100.0,52.1,194.0,1.0,True,0.01,0.95,10.0,39600.0,0.938,0.139
11222,1 - 1 - 2022,19800.0,6.115553940568262,5.623415332340303,7.498939925082745,0.00227,0.00158489,0.00251189,0.277,0.25,0.3,0.854,0.8,0.9,2320.0,45.1,193.0,1.0,True,0.01,0.95,10.0,39600.0,0.938,0.139
11223,1 - 1 - 2022,19800.0,5.92452529743945,5.623415332340303,7.498939925082745,0.00223,0.00158489,0.00251189,0.271,0.25,0.3,0.945,0.9,1.0,2900.0,50.4,0.0,1.0,True,0.01,0.95,10.0,39600.0,0.938,0.139
11224,1 - 1 - 2022,19800.0,5.966573556070519,5.623415332340303,7.498939925082745,0.00218,0.00158489,0.00251189,0.28,0.25,0.3,1.13,1.0,1.5,1080.0,13.8,38.7,1.0,True,0.01,0.95,10.0,39600.0,0.938,0.139
11225,1 - 1 - 2022,19800.0,5.9497899122574065,5.623415332340303,7.498939925082745,0.00218,0.00158489,0.00251189,0.27,0.25,0.3,1.74,1.5,2.0,348.0,7.81,77.4,1.0,True,0.01,0.95,10.0,39600.0,0.938,0.139
11226,1 - 1 - 2022,19800.0,6.48074069840786,5.623415332340303,7.498939925082745,0.00222,0.00158489,0.00251189,0.268,0.25,0.3,2.33,2.0,4.0,29.0,1.13,9.68,1.0,True,0.01,0.95,10.0,39600.0,0.938,0.139
11227,1 - 1 - 2022,19800.0,5.709640969448079,5.623415332340303,7.498939925082745,0.00197,0.00158489,0.00251189,0.316,0.3,0.4,0.0488,0.0,0.05,193.0,13.0,0.0,1.0,True,0.01,0.95,10.0,39600.0,0.938,0.139
11228,1 - 1 - 2022,19800.0,6.212889826803627,5.623415332340303,7.498939925082745,0.00223,0.00158489,0.00251189,0.329,0.3,0.4,0.0882,0.05,0.1,774.0,26.1,581.0,1.0,True,0.01,0.95,10.0,39600.0,0.938,0.139
11229,1 - 1 - 2022,19800.0,6.06630035524124,5.623415332340303,7.498939925082745,0.0022,0.00158489,0.00251189,0.347,0.3,0.4,0.156,0.1,0.2,1640.0,26.8,1060.0,1.0,True,0.01,0.95,10.0,39600.0,0.938,0.139
11230,1 - 1 - 2022,19800.0,6.016643582596529,5.623415332340303,7.498939925082745,0.00221,0.00158489,0.00251189,0.338,0.3,0.4,0.248,0.2,0.3,2320.0,31.9,1060.0,1.0,True,0.01,0.95,10.0,39600.0,0.938,0.139
11231,1 - 1 - 2022,19800.0,6.04979338490167,5.623415332340303,7.498939925082745,0.00229,0.00158489,0.00251189,0.35,0.3,0.4,0.362,0.3,0.4,3000.0,36.3,1740.0,1.0,True,0.01,0.95,10.0,39600.0,0.938,0.139
11232,1 - 1 - 2022,19800.0,5.89915248150105,5.623415332340303,7.498939925082745,0.00214,0.00158489,0.00251189,0.336,0.3,0.4,0.437,0.4,0.5,3190.0,37.4,1640.0,1.0,True,0.01,0.95,10.0,39600.0,0.938,0.139
11233,1 - 1 - 2022,19800.0,6.016643582596529,5.623415332340303,7.498939925082745,0.00222,0.00158489,0.00251189,0.351,0.3,0.4,0.551,0.5,0.6,4160.0,42.7,2710.0,1.0,True,0.01,0.95,10.0,39600.0,0.938,0.139
11234,1 - 1 - 2022,19800.0,5.9833101206606365,5.623415332340303,7.498939925082745,0.00222,0.00158489,0.00251189,0.343,0.3,0.4,0.639,0.6,0.7,1550.0,26.0,871.0,1.0,True,0.01,0.95,10.0,39600.0,0.938,0.139
11235,1 - 1 - 2022,19800.0,6.180614856144977,5.623415332340303,7.498939925082745,0.00225,0.00158489,0.00251189,0.342,0.3,0.4,0.754,0.7,0.8,2130.0,30.5,1450.0,1.0,True,0.01,0.95,10.0,39600.0,0.938,0.139
11236,1 - 1 - 2022,19800.0,5.805170109479997,5.623415332340303,7.498939925082745,0.00216,0.00158489,0.00251189,0.338,0.3,0.4,0.839,0.8,0.9,1740.0,27.6,677.0,1.0,True,0.01,0.95,10.0,39600.0,0.938,0.139
11237,1 - 1 - 2022,19800.0,5.9497899122574065,5.623415332340303,7.498939925082745,0.00221,0.00158489,0.00251189,0.352,0.3,0.4,0.948,0.9,1.0,2520.0,33.2,1450.0,1.0,True,0.01,0.95,10.0,39600.0,0.938,0.139
11238,1 - 1 - 2022,19800.0,5.9497899122574065,5.623415332340303,7.498939925082745,0.00217,0.00158489,0.00251189,0.348,0.3,0.4,1.23,1.0,1.5,677.0,7.71,445.0,1.0,True,0.01,0.95,10.0,39600.0,0.938,0.139
11239,1 - 1 - 2022,19800.0,6.074537019394976,5.623415332340303,7.498939925082745,0.00229,0.00158489,0.00251189,0.312,0.3,0.4,1.68,1.5,2.0,58.1,2.26,19.3,1.0,True,0.01,0.95,10.0,39600.0,0.938,0.139
11240,1 - 1 - 2022,19800.0,6.4265076052238514,5.623415332340303,7.498939925082745,0.00321,0.00251189,0.00398107,0.0156,0.0,0.05,0.155,0.1,0.2,163000.0,300.0,143000.0,1.0,True,0.01,0.95,10.0,39600.0,0.938,0.139
11241,1 - 1 - 2022,19800.0,6.410928169929843,5.623415332340303,7.498939925082745,0.0032,0.00251189,0.00398107,0.0142,0.0,0.05,0.251,0.2,0.3,230000.0,356.0,165000.0,1.0,True,0.01,0.95,10.0,39600.0,0.938,0.139
11242,1 - 1 - 2022,19800.0,6.395310782127793,5.623415332340303,7.498939925082745,0.00321,0.00251189,0.00398107,0.0141,0.0,0.05,0.35,0.3,0.4,250000.0,372.0,155000.0,1.0,True,0.01,0.95,10.0,39600.0,0.938,0.139
11243,1 - 1 - 2022,19800.0,6.395310782127793,5.623415332340303,7.498939925082745,0.00321,0.00251189,0.00398107,0.0144,0.0,0.05,0.449,0.4,0.5,206000.0,338.0,98800.0,1.0,True,0.01,0.95,10.0,39600.0,0.938,0.139
11244,1 - 1 - 2022,19800.0,6.395310782127793,5.623415332340303,7.498939925082745,0.00321,0.00251189,0.00398107,0.0144,0.0,0.05,0.548,0.5,0.6,164000.0,301.0,60900.0,1.0,True,0.01,0.95,10.0,39600.0,0.938,0.139
11245,1 - 1 - 2022,19800.0,6.395310782127793,5.623415332340303,7.498939925082745,0.00323,0.00251189,0.00398107,0.0146,0.0,0.05,0.646,0.6,0.7,122000.0,260.0,40800.0,1.0,True,0.01,0.95,10.0,39600.0,0.938,0.139
11246,1 - 1 - 2022,19800.0,6.418722614352485,5.623415332340303,7.498939925082745,0.00321,0.00251189,0.00398107,0.0155,0.0,0.05,0.747,0.7,0.8,83800.0,215.0,22300.0,1.0,True,0.01,0.95,10.0,39600.0,0.938,0.139
11247,1 - 1 - 2022,19800.0,6.418722614352485,5.623415332340303,7.498939925082745,0.00318,0.00251189,0.00398107,0.0164,0.0,0.05,0.846,0.8,0.9,49900.0,166.0,10000.0,1.0,True,0.01,0.95,10.0,39600.0,0.938,0.139
11248,1 - 1 - 2022,19800.0,6.44980619863884,5.623415332340303,7.498939925082745,0.00321,0.00251189,0.00398107,0.0177,0.0,0.05,0.946,0.9,1.0,33800.0,137.0,3300.0,1.0,True,0.01,0.95,10.0,39600.0,0.938,0.139
11249,1 - 1 - 2022,19800.0,6.395310782127793,5.623415332340303,7.498939925082745,0.00318,0.00251189,0.00398107,0.0195,0.0,0.05,1.16,1.0,1.5,10000.0,33.3,488.0,1.0,True,0.01,0.95,10.0,39600.0,0.938,0.139
11250,1 - 1 - 2022,19800.0,6.356099432828281,5.623415332340303,7.498939925082745,0.00313,0.00251189,0.00398107,0.0254,0.0,0.05,1.71,1.5,2.0,1590.0,13.3,24.4,1.0,True,0.01,0.95,10.0,39600.0,0.938,0.139
11251,1 - 1 - 2022,19800.0,6.511528238439882,5.623415332340303,7.498939925082745,0.00334,0.00251189,0.00398107,0.0334,0.0,0.05,2.49,2.0,4.0,128.0,1.88,0.0,1.0,True,0.01,0.95,10.0,39600.0,0.938,0.139
11252,1 - 1 - 2022,19800.0,6.244997998398398,5.623415332340303,7.498939925082745,0.00323,0.00251189,0.00398107,0.0724,0.05,0.1,0.0357,0.0,0.05,10500.0,108.0,9520.0,1.0,True,0.01,0.95,10.0,39600.0,0.938,0.139
11253,1 - 1 - 2022,19800.0,6.395310782127793,5.623415332340303,7.498939925082745,0.00322,0.00251189,0.00398107,0.0729,0.05,0.1,0.0766,0.05,0.1,28600.0,178.0,26100.0,1.0,True,0.01,0.95,10.0,39600.0,0.938,0.139
11254,1 - 1 - 2022,19800.0,6.371812928829597,5.623415332340303,7.498939925082745,0.00323,0.00251189,0.00398107,0.0714,0.05,0.1,0.153,0.1,0.2,43700.0,155.0,40000.0,1.0,True,0.01,0.95,10.0,39600.0,0.938,0.139
11255,1 - 1 - 2022,19800.0,6.348228099241551,5.623415332340303,7.498939925082745,0.00318,0.00251189,0.00398107,0.0725,0.05,0.1,0.251,0.2,0.3,55400.0,175.0,48200.0,1.0,True,0.01,0.95,10.0,39600.0,0.938,0.139
11256,1 - 1 - 2022,19800.0,6.395310782127793,5.623415332340303,7.498939925082745,0.00324,0.00251189,0.00398107,0.0722,0.05,0.1,0.353,0.3,0.4,60000.0,182.0,47100.0,1.0,True,0.01,0.95,10.0,39600.0,0.938,0.139
11257,1 - 1 - 2022,19800.0,6.4031242374328485,5.623415332340303,7.498939925082745,0.00321,0.00251189,0.00398107,0.0724,0.05,0.1,0.449,0.4,0.5,58400.0,180.0,38200.0,1.0,True,0.01,0.95,10.0,39600.0,0.938,0.139
11258,1 - 1 - 2022,19800.0,6.387487769068525,5.623415332340303,7.498939925082745,0.00324,0.00251189,0.00398107,0.0739,0.05,0.1,0.548,0.5,0.6,46400.0,160.0,25400.0,1.0,True,0.01,0.95,10.0,39600.0,0.938,0.139
11259,1 - 1 - 2022,19800.0,6.3796551630946325,5.623415332340303,7.498939925082745,0.0032,0.00251189,0.00398107,0.073,0.05,0.1,0.647,0.6,0.7,35700.0,140.0,16600.0,1.0,True,0.01,0.95,10.0,39600.0,0.938,0.139
11260,1 - 1 - 2022,19800.0,6.4265076052238514,5.623415332340303,7.498939925082745,0.00319,0.00251189,0.00398107,0.0715,0.05,0.1,0.746,0.7,0.8,24200.0,116.0,7450.0,1.0,True,0.01,0.95,10.0,39600.0,0.938,0.139
11261,1 - 1 - 2022,19800.0,6.3796551630946325,5.623415332340303,7.498939925082745,0.00326,0.00251189,0.00398107,0.074,0.05,0.1,0.847,0.8,0.9,19800.0,105.0,5250.0,1.0,True,0.01,0.95,10.0,39600.0,0.938,0.139
11262,1 - 1 - 2022,19800.0,6.3796551630946325,5.623415332340303,7.498939925082745,0.00322,0.00251189,0.00398107,0.0738,0.05,0.1,0.947,0.9,1.0,13300.0,85.8,2080.0,1.0,True,0.01,0.95,10.0,39600.0,0.938,0.139
11263,1 - 1 - 2022,19800.0,6.410928169929843,5.623415332340303,7.498939925082745,0.00322,0.00251189,0.00398107,0.0735,0.05,0.1,1.19,1.0,1.5,5350.0,24.3,195.0,1.0,True,0.01,0.95,10.0,39600.0,0.938,0.139
11264,1 - 1 - 2022,19800.0,6.465291950097845,5.623415332340303,7.498939925082745,0.00319,0.00251189,0.00398107,0.0776,0.05,0.1,1.72,1.5,2.0,1590.0,13.3,0.0,1.0,True,0.01,0.95,10.0,39600.0,0.938,0.139
11265,1 - 1 - 2022,19800.0,6.332456079595025,5.623415332340303,7.498939925082745,0.00318,0.00251189,0.00398107,0.0734,0.05,0.1,2.69,2.0,4.0,305.0,2.91,54.9,1.0,True,0.01,0.95,10.0,39600.0,0.938,0.139
11266,1 - 1 - 2022,19800.0,6.526867548832288,5.623415332340303,7.498939925082745,0.00322,0.00251189,0.00398107,0.123,0.1,0.15,0.0286,0.0,0.05,5370.0,77.1,3420.0,1.0,True,0.01,0.95,10.0,39600.0,0.938,0.139
11267,1 - 1 - 2022,19800.0,6.29285308902091,5.623415332340303,7.498939925082745,0.0033,0.00251189,0.00398107,0.123,0.1,0.15,0.0777,0.05,0.1,18300.0,142.0,13900.0,1.0,True,0.01,0.95,10.0,39600.0,0.938,0.139
11268,1 - 1 - 2022,19800.0,6.363961030678928,5.623415332340303,7.498939925082745,0.0032,0.00251189,0.00398107,0.123,0.1,0.15,0.154,0.1,0.2,26700.0,122.0,18900.0,1.0,True,0.01,0.95,10.0,39600.0,0.938,0.139
11269,1 - 1 - 2022,19800.0,6.371812928829597,5.623415332340303,7.498939925082745,0.0032,0.00251189,0.00398107,0.124,0.1,0.15,0.253,0.2,0.3,35900.0,141.0,23300.0,1.0,True,0.01,0.95,10.0,39600.0,0.938,0.139
11270,1 - 1 - 2022,19800.0,6.418722614352485,5.623415332340303,7.498939925082745,0.00325,0.00251189,0.00398107,0.122,0.1,0.15,0.346,0.3,0.4,34900.0,139.0,21700.0,1.0,True,0.01,0.95,10.0,39600.0,0.938,0.139
11271,1 - 1 - 2022,19800.0,6.418722614352485,5.623415332340303,7.498939925082745,0.00324,0.00251189,0.00398107,0.123,0.1,0.15,0.449,0.4,0.5,35300.0,140.0,19700.0,1.0,True,0.01,0.95,10.0,39600.0,0.938,0.139
11272,1 - 1 - 2022,19800.0,6.4265076052238514,5.623415332340303,7.498939925082745,0.00319,0.00251189,0.00398107,0.124,0.1,0.15,0.55,0.5,0.6,32600.0,134.0,13900.0,1.0,True,0.01,0.95,10.0,39600.0,0.938,0.139
11273,1 - 1 - 2022,19800.0,6.356099432828281,5.623415332340303,7.498939925082745,0.0032,0.00251189,0.00398107,0.123,0.1,0.15,0.648,0.6,0.7,26300.0,120.0,10500.0,1.0,True,0.01,0.95,10.0,39600.0,0.938,0.139
11274,1 - 1 - 2022,19800.0,6.418722614352485,5.623415332340303,7.498939925082745,0.00323,0.00251189,0.00398107,0.122,0.1,0.15,0.748,0.7,0.8,18200.0,100.0,5980.0,1.0,True,0.01,0.95,10.0,39600.0,0.938,0.139
11275,1 - 1 - 2022,19800.0,6.308724118235001,5.623415332340303,7.498939925082745,0.00315,0.00251189,0.00398107,0.124,0.1,0.15,0.845,0.8,0.9,13700.0,87.0,4400.0,1.0,True,0.01,0.95,10.0,39600.0,0.938,0.139
11276,1 - 1 - 2022,19800.0,6.4265076052238514,5.623415332340303,7.498939925082745,0.00324,0.00251189,0.00398107,0.126,0.1,0.15,0.947,0.9,1.0,8550.0,68.8,1220.0,1.0,True,0.01,0.95,10.0,39600.0,0.938,0.139
11277,1 - 1 - 2022,19800.0,6.410928169929843,5.623415332340303,7.498939925082745,0.00327,0.00251189,0.00398107,0.124,0.1,0.15,1.21,1.0,1.5,4490.0,22.3,537.0,1.0,True,0.01,0.95,10.0,39600.0,0.938,0.139
11278,1 - 1 - 2022,19800.0,6.4031242374328485,5.623415332340303,7.498939925082745,0.00328,0.00251189,0.00398107,0.125,0.1,0.15,1.71,1.5,2.0,1710.0,13.8,0.0,1.0,True,0.01,0.95,10.0,39600.0,0.938,0.139
11279,1 - 1 - 2022,19800.0,6.640783086353597,5.623415332340303,7.498939925082745,0.00318,0.00251189,0.00398107,0.129,0.1,0.15,2.77,2.0,4.0,238.0,2.57,12.2,1.0,True,0.01,0.95,10.0,39600.0,0.938,0.139
11280,1 - 1 - 2022,19800.0,6.58027355054484,5.623415332340303,7.498939925082745,0.00316,0.00251189,0.00398107,0.176,0.15,0.2,0.0358,0.0,0.05,3910.0,65.7,244.0,1.0,True,0.01,0.95,10.0,39600.0,0.938,0.139
11281,1 - 1 - 2022,19800.0,6.395310782127793,5.623415332340303,7.498939925082745,0.00327,0.00251189,0.00398107,0.174,0.15,0.2,0.0819,0.05,0.1,11000.0,110.0,1710.0,1.0,True,0.01,0.95,10.0,39600.0,0.938,0.139
11282,1 - 1 - 2022,19800.0,6.395310782127793,5.623415332340303,7.498939925082745,0.00326,0.00251189,0.00398107,0.173,0.15,0.2,0.153,0.1,0.2,16800.0,96.5,2320.0,1.0,True,0.01,0.95,10.0,39600.0,0.938,0.139
11283,1 - 1 - 2022,19800.0,6.363961030678928,5.623415332340303,7.498939925082745,0.00323,0.00251189,0.00398107,0.173,0.15,0.2,0.25,0.2,0.3,22300.0,111.0,2930.0,1.0,True,0.01,0.95,10.0,39600.0,0.938,0.139
11284,1 - 1 - 2022,19800.0,6.363961030678928,5.623415332340303,7.498939925082745,0.00322,0.00251189,0.00398107,0.172,0.15,0.2,0.35,0.3,0.4,23900.0,115.0,2690.0,1.0,True,0.01,0.95,10.0,39600.0,0.938,0.139
11285,1 - 1 - 2022,19800.0,6.268971207462991,5.623415332340303,7.498939925082745,0.00323,0.00251189,0.00398107,0.174,0.15,0.2,0.452,0.4,0.5,21700.0,110.0,4270.0,1.0,True,0.01,0.95,10.0,39600.0,0.938,0.139
11286,1 - 1 - 2022,19800.0,6.4031242374328485,5.623415332340303,7.498939925082745,0.0032,0.00251189,0.00398107,0.174,0.15,0.2,0.552,0.5,0.6,20100.0,106.0,1590.0,1.0,True,0.01,0.95,10.0,39600.0,0.938,0.139
11287,1 - 1 - 2022,19800.0,6.418722614352485,5.623415332340303,7.498939925082745,0.00323,0.00251189,0.00398107,0.171,0.15,0.2,0.646,0.6,0.7,16500.0,95.5,1710.0,1.0,True,0.01,0.95,10.0,39600.0,0.938,0.139
11288,1 - 1 - 2022,19800.0,6.316644678941502,5.623415332340303,7.498939925082745,0.00318,0.00251189,0.00398107,0.174,0.15,0.2,0.749,0.7,0.8,12100.0,81.8,977.0,1.0,True,0.01,0.95,10.0,39600.0,0.938,0.139
11289,1 - 1 - 2022,19800.0,6.496152707564686,5.623415332340303,7.498939925082745,0.00326,0.00251189,0.00398107,0.172,0.15,0.2,0.85,0.8,0.9,9890.0,74.0,488.0,1.0,True,0.01,0.95,10.0,39600.0,0.938,0.139
11290,1 - 1 - 2022,19800.0,6.387487769068525,5.623415332340303,7.498939925082745,0.00328,0.00251189,0.00398107,0.171,0.15,0.2,0.942,0.9,1.0,8300.0,67.8,366.0,1.0,True,0.01,0.95,10.0,39600.0,0.938,0.139
11291,1 - 1 - 2022,19800.0,6.395310782127793,5.623415332340303,7.498939925082745,0.0032,0.00251189,0.00398107,0.173,0.15,0.2,1.19,1.0,1.5,3000.0,18.2,48.8,1.0,True,0.01,0.95,10.0,39600.0,0.938,0.139
11292,1 - 1 - 2022,19800.0,6.324555320336759,5.623415332340303,7.498939925082745,0.00312,0.00251189,0.00398107,0.175,0.15,0.2,1.73,1.5,2.0,1370.0,12.3,0.0,1.0,True,0.01,0.95,10.0,39600.0,0.938,0.139
11293,1 - 1 - 2022,19800.0,6.465291950097845,5.623415332340303,7.498939925082745,0.0032,0.00251189,0.00398107,0.177,0.15,0.2,2.62,2.0,4.0,269.0,2.73,18.3,1.0,True,0.01,0.95,10.0,39600.0,0.938,0.139
11294,1 - 1 - 2022,19800.0,6.44980619863884,5.623415332340303,7.498939925082745,0.00325,0.00251189,0.00398107,0.23,0.2,0.25,0.0339,0.0,0.05,2440.0,52.0,0.0,1.0,True,0.01,0.95,10.0,39600.0,0.938,0.139
11295,1 - 1 - 2022,19800.0,6.180614856144977,5.623415332340303,7.498939925082745,0.00323,0.00251189,0.00398107,0.225,0.2,0.25,0.0746,0.05,0.1,4880.0,73.5,0.0,1.0,True,0.01,0.95,10.0,39600.0,0.938,0.139
11296,1 - 1 - 2022,19800.0,6.308724118235001,5.623415332340303,7.498939925082745,0.00323,0.00251189,0.00398107,0.224,0.2,0.25,0.156,0.1,0.2,9400.0,72.1,0.0,1.0,True,0.01,0.95,10.0,39600.0,0.938,0.139
11297,1 - 1 - 2022,19800.0,6.371812928829597,5.623415332340303,7.498939925082745,0.00327,0.00251189,0.00398107,0.223,0.2,0.25,0.25,0.2,0.3,12800.0,84.2,0.0,1.0,True,0.01,0.95,10.0,39600.0,0.938,0.139
11298,1 - 1 - 2022,19800.0,6.29285308902091,5.623415332340303,7.498939925082745,0.00326,0.00251189,0.00398107,0.224,0.2,0.25,0.349,0.3,0.4,15100.0,91.5,0.0,1.0,True,0.01,0.95,10.0,39600.0,0.938,0.139
11299,1 - 1 - 2022,19800.0,6.316644678941502,5.623415332340303,7.498939925082745,0.00322,0.00251189,0.00398107,0.222,0.2,0.25,0.452,0.4,0.5,15300.0,91.9,244.0,1.0,True,0.01,0.95,10.0,39600.0,0.938,0.139
11300,1 - 1 - 2022,19800.0,6.340346993658944,5.623415332340303,7.498939925082745,0.00325,0.00251189,0.00398107,0.223,0.2,0.25,0.546,0.5,0.6,15500.0,92.6,0.0,1.0,True,0.01,0.95,10.0,39600.0,0.938,0.139
11301,1 - 1 - 2022,19800.0,6.371812928829597,5.623415332340303,7.498939925082745,0.00324,0.00251189,0.00398107,0.223,0.2,0.25,0.649,0.6,0.7,10300.0,75.3,122.0,1.0,True,0.01,0.95,10.0,39600.0,0.938,0.139
11302,1 - 1 - 2022,19800.0,6.442049363362563,5.623415332340303,7.498939925082745,0.00322,0.00251189,0.00398107,0.223,0.2,0.25,0.749,0.7,0.8,9400.0,72.1,122.0,1.0,True,0.01,0.95,10.0,39600.0,0.938,0.139
11303,1 - 1 - 2022,19800.0,6.348228099241551,5.623415332340303,7.498939925082745,0.00313,0.00251189,0.00398107,0.222,0.2,0.25,0.849,0.8,0.9,7200.0,63.1,122.0,1.0,True,0.01,0.95,10.0,39600.0,0.938,0.139
11304,1 - 1 - 2022,19800.0,6.44980619863884,5.623415332340303,7.498939925082745,0.00322,0.00251189,0.00398107,0.223,0.2,0.25,0.952,0.9,1.0,6720.0,60.9,122.0,1.0,True,0.01,0.95,10.0,39600.0,0.938,0.139
11305,1 - 1 - 2022,19800.0,6.3796551630946325,5.623415332340303,7.498939925082745,0.00325,0.00251189,0.00398107,0.223,0.2,0.25,1.19,1.0,1.5,3250.0,19.0,0.0,1.0,True,0.01,0.95,10.0,39600.0,0.938,0.139
11306,1 - 1 - 2022,19800.0,6.473020933072903,5.623415332340303,7.498939925082745,0.00328,0.00251189,0.00398107,0.222,0.2,0.25,1.74,1.5,2.0,928.0,10.1,0.0,1.0,True,0.01,0.95,10.0,39600.0,0.938,0.139
11307,1 - 1 - 2022,19800.0,6.457553716385176,5.623415332340303,7.498939925082745,0.00314,0.00251189,0.00398107,0.226,0.2,0.25,2.72,2.0,4.0,220.0,2.47,42.7,1.0,True,0.01,0.95,10.0,39600.0,0.938,0.139
11308,1 - 1 - 2022,19800.0,7.314369419163897,5.623415332340303,7.498939925082745,0.00292,0.00251189,0.00398107,0.285,0.25,0.3,0.015,0.0,0.05,244.0,16.4,0.0,1.0,True,0.01,0.95,10.0,39600.0,0.938,0.139
11309,1 - 1 - 2022,19800.0,6.557438524302,5.623415332340303,7.498939925082745,0.00352,0.00251189,0.00398107,0.28,0.25,0.3,0.0735,0.05,0.1,2930.0,56.9,0.0,1.0,True,0.01,0.95,10.0,39600.0,0.938,0.139
11310,1 - 1 - 2022,19800.0,6.268971207462991,5.623415332340303,7.498939925082745,0.00318,0.00251189,0.00398107,0.275,0.25,0.3,0.152,0.1,0.2,5250.0,53.9,122.0,1.0,True,0.01,0.95,10.0,39600.0,0.938,0.139
11311,1 - 1 - 2022,19800.0,6.348228099241551,5.623415332340303,7.498939925082745,0.00321,0.00251189,0.00398107,0.275,0.25,0.3,0.257,0.2,0.3,7940.0,66.3,0.0,1.0,True,0.01,0.95,10.0,39600.0,0.938,0.139
11312,1 - 1 - 2022,19800.0,6.371812928829597,5.623415332340303,7.498939925082745,0.00308,0.00251189,0.00398107,0.271,0.25,0.3,0.349,0.3,0.4,8550.0,68.8,122.0,1.0,True,0.01,0.95,10.0,39600.0,0.938,0.139
11313,1 - 1 - 2022,19800.0,6.324555320336759,5.623415332340303,7.498939925082745,0.00325,0.00251189,0.00398107,0.273,0.25,0.3,0.446,0.4,0.5,8060.0,66.8,0.0,1.0,True,0.01,0.95,10.0,39600.0,0.938,0.139
11314,1 - 1 - 2022,19800.0,6.434283176858165,5.623415332340303,7.498939925082745,0.0032,0.00251189,0.00398107,0.272,0.25,0.3,0.549,0.5,0.6,10100.0,74.9,0.0,1.0,True,0.01,0.95,10.0,39600.0,0.938,0.139
11315,1 - 1 - 2022,19800.0,6.308724118235001,5.623415332340303,7.498939925082745,0.00327,0.00251189,0.00398107,0.273,0.25,0.3,0.656,0.6,0.7,7080.0,62.6,122.0,1.0,True,0.01,0.95,10.0,39600.0,0.938,0.139
11316,1 - 1 - 2022,19800.0,6.418722614352485,5.623415332340303,7.498939925082745,0.0032,0.00251189,0.00398107,0.275,0.25,0.3,0.746,0.7,0.8,6590.0,60.4,0.0,1.0,True,0.01,0.95,10.0,39600.0,0.938,0.139
11317,1 - 1 - 2022,19800.0,6.511528238439882,5.623415332340303,7.498939925082745,0.00315,0.00251189,0.00398107,0.274,0.25,0.3,0.856,0.8,0.9,4270.0,48.6,122.0,1.0,True,0.01,0.95,10.0,39600.0,0.938,0.139
11318,1 - 1 - 2022,19800.0,6.457553716385176,5.623415332340303,7.498939925082745,0.00324,0.00251189,0.00398107,0.272,0.25,0.3,0.947,0.9,1.0,5860.0,56.9,122.0,1.0,True,0.01,0.95,10.0,39600.0,0.938,0.139
11319,1 - 1 - 2022,19800.0,6.395310782127793,5.623415332340303,7.498939925082745,0.00311,0.00251189,0.00398107,0.273,0.25,0.3,1.2,1.0,1.5,2150.0,15.4,48.8,1.0,True,0.01,0.95,10.0,39600.0,0.938,0.139
11320,1 - 1 - 2022,19800.0,6.410928169929843,5.623415332340303,7.498939925082745,0.00331,0.00251189,0.00398107,0.275,0.25,0.3,1.75,1.5,2.0,488.0,7.35,0.0,1.0,True,0.01,0.95,10.0,39600.0,0.938,0.139
11321,1 - 1 - 2022,19800.0,6.6332495807108,5.623415332340303,7.498939925082745,0.00333,0.00251189,0.00398107,0.276,0.25,0.3,2.58,2.0,4.0,183.0,2.25,48.8,1.0,True,0.01,0.95,10.0,39600.0,0.938,0.139
11322,1 - 1 - 2022,19800.0,6.572670690061994,5.623415332340303,7.498939925082745,0.00295,0.00251189,0.00398107,0.35,0.3,0.4,0.0312,0.0,0.05,855.0,21.7,366.0,1.0,True,0.01,0.95,10.0,39600.0,0.938,0.139
11323,1 - 1 - 2022,19800.0,6.074537019394976,5.623415332340303,7.498939925082745,0.00339,0.00251189,0.00398107,0.35,0.3,0.4,0.0806,0.05,0.1,1470.0,28.5,244.0,1.0,True,0.01,0.95,10.0,39600.0,0.938,0.139
11324,1 - 1 - 2022,19800.0,6.465291950097845,5.623415332340303,7.498939925082745,0.00312,0.00251189,0.00398107,0.343,0.3,0.4,0.16,0.1,0.2,2930.0,28.5,733.0,1.0,True,0.01,0.95,10.0,39600.0,0.938,0.139
11325,1 - 1 - 2022,19800.0,6.316644678941502,5.623415332340303,7.498939925082745,0.0033,0.00251189,0.00398107,0.346,0.3,0.4,0.253,0.2,0.3,4270.0,34.4,549.0,1.0,True,0.01,0.95,10.0,39600.0,0.938,0.139
11326,1 - 1 - 2022,19800.0,6.371812928829597,5.623415332340303,7.498939925082745,0.00333,0.00251189,0.00398107,0.345,0.3,0.4,0.35,0.3,0.4,5800.0,40.1,611.0,1.0,True,0.01,0.95,10.0,39600.0,0.938,0.139
11327,1 - 1 - 2022,19800.0,6.363961030678928,5.623415332340303,7.498939925082745,0.00322,0.00251189,0.00398107,0.342,0.3,0.4,0.455,0.4,0.5,5130.0,37.7,733.0,1.0,True,0.01,0.95,10.0,39600.0,0.938,0.139
11328,1 - 1 - 2022,19800.0,6.308724118235001,5.623415332340303,7.498939925082745,0.00316,0.00251189,0.00398107,0.338,0.3,0.4,0.55,0.5,0.6,4760.0,36.3,427.0,1.0,True,0.01,0.95,10.0,39600.0,0.938,0.139
11329,1 - 1 - 2022,19800.0,6.457553716385176,5.623415332340303,7.498939925082745,0.00332,0.00251189,0.00398107,0.334,0.3,0.4,0.647,0.6,0.7,3660.0,31.8,427.0,1.0,True,0.01,0.95,10.0,39600.0,0.938,0.139
11330,1 - 1 - 2022,19800.0,6.457553716385176,5.623415332340303,7.498939925082745,0.0032,0.00251189,0.00398107,0.342,0.3,0.4,0.753,0.7,0.8,4090.0,33.6,916.0,1.0,True,0.01,0.95,10.0,39600.0,0.938,0.139
11331,1 - 1 - 2022,19800.0,6.387487769068525,5.623415332340303,7.498939925082745,0.00321,0.00251189,0.00398107,0.342,0.3,0.4,0.84,0.8,0.9,2870.0,28.2,549.0,1.0,True,0.01,0.95,10.0,39600.0,0.938,0.139
11332,1 - 1 - 2022,19800.0,6.340346993658944,5.623415332340303,7.498939925082745,0.00326,0.00251189,0.00398107,0.338,0.3,0.4,0.95,0.9,1.0,2260.0,25.0,549.0,1.0,True,0.01,0.95,10.0,39600.0,0.938,0.139
11333,1 - 1 - 2022,19800.0,6.418722614352485,5.623415332340303,7.498939925082745,0.00326,0.00251189,0.00398107,0.345,0.3,0.4,1.22,1.0,1.5,1390.0,8.77,305.0,1.0,True,0.01,0.95,10.0,39600.0,0.938,0.139
11334,1 - 1 - 2022,19800.0,6.340346993658944,5.623415332340303,7.498939925082745,0.00331,0.00251189,0.00398107,0.35,0.3,0.4,1.71,1.5,2.0,452.0,5.0,122.0,1.0,True,0.01,0.95,10.0,39600.0,0.938,0.139
11335,1 - 1 - 2022,19800.0,6.387487769068525,5.623415332340303,7.498939925082745,0.00319,0.00251189,0.00398107,0.339,0.3,0.4,2.61,2.0,4.0,104.0,1.2,54.9,1.0,True,0.01,0.95,10.0,39600.0,0.938,0.139
11336,1 - 1 - 2022,19800.0,6.244997998398398,5.623415332340303,7.498939925082745,0.0032,0.00251189,0.00398107,0.434,0.4,0.5,0.0317,0.0,0.05,733.0,20.1,366.0,1.0,True,0.01,0.95,10.0,39600.0,0.938,0.139
11337,1 - 1 - 2022,19800.0,6.04979338490167,5.623415332340303,7.498939925082745,0.00296,0.00251189,0.00398107,0.429,0.4,0.5,0.0709,0.05,0.1,733.0,20.1,244.0,1.0,True,0.01,0.95,10.0,39600.0,0.938,0.139
11338,1 - 1 - 2022,19800.0,6.148170459575759,5.623415332340303,7.498939925082745,0.00315,0.00251189,0.00398107,0.439,0.4,0.5,0.155,0.1,0.2,1040.0,16.9,427.0,1.0,True,0.01,0.95,10.0,39600.0,0.938,0.139
11339,1 - 1 - 2022,19800.0,6.6932802122726045,5.623415332340303,7.498939925082745,0.00338,0.00251189,0.00398107,0.449,0.4,0.5,0.256,0.2,0.3,1280.0,18.8,916.0,1.0,True,0.01,0.95,10.0,39600.0,0.938,0.139
11340,1 - 1 - 2022,19800.0,6.4265076052238514,5.623415332340303,7.498939925082745,0.00326,0.00251189,0.00398107,0.445,0.4,0.5,0.35,0.3,0.4,2440.0,26.0,1340.0,1.0,True,0.01,0.95,10.0,39600.0,0.938,0.139
11341,1 - 1 - 2022,19800.0,6.332456079595025,5.623415332340303,7.498939925082745,0.00328,0.00251189,0.00398107,0.438,0.4,0.5,0.45,0.4,0.5,2200.0,24.7,977.0,1.0,True,0.01,0.95,10.0,39600.0,0.938,0.139
11342,1 - 1 - 2022,19800.0,6.4031242374328485,5.623415332340303,7.498939925082745,0.00321,0.00251189,0.00398107,0.454,0.4,0.5,0.554,0.5,0.6,2440.0,26.0,1770.0,1.0,True,0.01,0.95,10.0,39600.0,0.938,0.139
11343,1 - 1 - 2022,19800.0,6.395310782127793,5.623415332340303,7.498939925082745,0.00323,0.00251189,0.00398107,0.432,0.4,0.5,0.647,0.6,0.7,1470.0,20.1,794.0,1.0,True,0.01,0.95,10.0,39600.0,0.938,0.139
11344,1 - 1 - 2022,19800.0,6.410928169929843,5.623415332340303,7.498939925082745,0.00319,0.00251189,0.00398107,0.438,0.4,0.5,0.749,0.7,0.8,1530.0,20.5,977.0,1.0,True,0.01,0.95,10.0,39600.0,0.938,0.139
11345,1 - 1 - 2022,19800.0,6.23698645180507,5.623415332340303,7.498939925082745,0.00322,0.00251189,0.00398107,0.452,0.4,0.5,0.847,0.8,0.9,1890.0,22.9,916.0,1.0,True,0.01,0.95,10.0,39600.0,0.938,0.139
11346,1 - 1 - 2022,19800.0,6.252999280345393,5.623415332340303,7.498939925082745,0.00324,0.00251189,0.00398107,0.451,0.4,0.5,0.944,0.9,1.0,1470.0,20.1,794.0,1.0,True,0.01,0.95,10.0,39600.0,0.938,0.139
11347,1 - 1 - 2022,19800.0,6.442049363362563,5.623415332340303,7.498939925082745,0.00324,0.00251189,0.00398107,0.447,0.4,0.5,1.19,1.0,1.5,562.0,5.57,452.0,1.0,True,0.01,0.95,10.0,39600.0,0.938,0.139
11348,1 - 1 - 2022,19800.0,6.348228099241551,5.623415332340303,7.498939925082745,0.00326,0.00251189,0.00398107,0.44,0.4,0.5,1.71,1.5,2.0,256.0,3.77,122.0,1.0,True,0.01,0.95,10.0,39600.0,0.938,0.139
11349,1 - 1 - 2022,19800.0,6.395310782127793,5.623415332340303,7.498939925082745,0.00303,0.00251189,0.00398107,0.441,0.4,0.5,2.64,2.0,4.0,54.9,0.872,48.8,1.0,True,0.01,0.95,10.0,39600.0,0.938,0.139
11350,1 - 1 - 2022,19800.0,6.29285308902091,5.623415332340303,7.498939925082745,0.00325,0.00251189,0.00398107,0.545,0.5,0.6,0.161,0.1,0.2,1100.0,17.4,1040.0,1.0,True,0.01,0.95,10.0,39600.0,0.938,0.139
11351,1 - 1 - 2022,19800.0,6.2048368229954285,5.623415332340303,7.498939925082745,0.00337,0.00251189,0.00398107,0.548,0.5,0.6,0.243,0.2,0.3,855.0,15.4,733.0,1.0,True,0.01,0.95,10.0,39600.0,0.938,0.139
11352,1 - 1 - 2022,19800.0,6.4265076052238514,5.623415332340303,7.498939925082745,0.00324,0.00251189,0.00398107,0.535,0.5,0.6,0.352,0.3,0.4,1100.0,17.4,977.0,1.0,True,0.01,0.95,10.0,39600.0,0.938,0.139
11353,1 - 1 - 2022,19800.0,6.252999280345393,5.623415332340303,7.498939925082745,0.00311,0.00251189,0.00398107,0.546,0.5,0.6,0.453,0.4,0.5,855.0,15.4,794.0,1.0,True,0.01,0.95,10.0,39600.0,0.938,0.139
11354,1 - 1 - 2022,19800.0,6.260990336999411,5.623415332340303,7.498939925082745,0.003,0.00251189,0.00398107,0.548,0.5,0.6,0.547,0.5,0.6,1220.0,18.4,1100.0,1.0,True,0.01,0.95,10.0,39600.0,0.938,0.139
11355,1 - 1 - 2022,19800.0,6.284902544988268,5.623415332340303,7.498939925082745,0.00326,0.00251189,0.00398107,0.541,0.5,0.6,0.642,0.6,0.7,977.0,16.4,794.0,1.0,True,0.01,0.95,10.0,39600.0,0.938,0.139
11356,1 - 1 - 2022,19800.0,6.387487769068525,5.623415332340303,7.498939925082745,0.00352,0.00251189,0.00398107,0.543,0.5,0.6,0.749,0.7,0.8,611.0,13.0,549.0,1.0,True,0.01,0.95,10.0,39600.0,0.938,0.139
11357,1 - 1 - 2022,19800.0,6.442049363362563,5.623415332340303,7.498939925082745,0.00313,0.00251189,0.00398107,0.543,0.5,0.6,1.27,1.0,1.5,427.0,4.86,415.0,1.0,True,0.01,0.95,10.0,39600.0,0.938,0.139
11358,1 - 1 - 2022,19800.0,6.172519744804386,5.623415332340303,7.498939925082745,0.0031,0.00251189,0.00398107,0.551,0.5,0.6,1.72,1.5,2.0,195.0,3.29,183.0,1.0,True,0.01,0.95,10.0,39600.0,0.938,0.139
11359,1 - 1 - 2022,19800.0,6.5038450166036395,5.623415332340303,7.498939925082745,0.005,0.00398107,0.00630957,0.0191,0.0,0.05,0.0787,0.05,0.1,45500.0,178.0,44800.0,1.0,True,0.01,0.95,10.0,39600.0,0.938,0.139
11360,1 - 1 - 2022,19800.0,6.457553716385176,5.623415332340303,7.498939925082745,0.00503,0.00398107,0.00630957,0.0172,0.0,0.05,0.156,0.1,0.2,101000.0,188.0,87700.0,1.0,True,0.01,0.95,10.0,39600.0,0.938,0.139
11361,1 - 1 - 2022,19800.0,6.465291950097845,5.623415332340303,7.498939925082745,0.00506,0.00398107,0.00630957,0.0161,0.0,0.05,0.252,0.2,0.3,142000.0,223.0,102000.0,1.0,True,0.01,0.95,10.0,39600.0,0.938,0.139
11362,1 - 1 - 2022,19800.0,6.44980619863884,5.623415332340303,7.498939925082745,0.00502,0.00398107,0.00630957,0.0157,0.0,0.05,0.35,0.3,0.4,146000.0,225.0,84800.0,1.0,True,0.01,0.95,10.0,39600.0,0.938,0.139
11363,1 - 1 - 2022,19800.0,6.473020933072903,5.623415332340303,7.498939925082745,0.00505,0.00398107,0.00630957,0.0158,0.0,0.05,0.448,0.4,0.5,129000.0,212.0,64100.0,1.0,True,0.01,0.95,10.0,39600.0,0.938,0.139
11364,1 - 1 - 2022,19800.0,6.473020933072903,5.623415332340303,7.498939925082745,0.00501,0.00398107,0.00630957,0.0157,0.0,0.05,0.549,0.5,0.6,95900.0,183.0,38100.0,1.0,True,0.01,0.95,10.0,39600.0,0.938,0.139
11365,1 - 1 - 2022,19800.0,6.442049363362563,5.623415332340303,7.498939925082745,0.00504,0.00398107,0.00630957,0.0161,0.0,0.05,0.648,0.6,0.7,72000.0,159.0,26000.0,1.0,True,0.01,0.95,10.0,39600.0,0.938,0.139
11366,1 - 1 - 2022,19800.0,6.465291950097845,5.623415332340303,7.498939925082745,0.00503,0.00398107,0.00630957,0.0172,0.0,0.05,0.747,0.7,0.8,49800.0,132.0,12800.0,1.0,True,0.01,0.95,10.0,39600.0,0.938,0.139
11367,1 - 1 - 2022,19800.0,6.48074069840786,5.623415332340303,7.498939925082745,0.00502,0.00398107,0.00630957,0.0184,0.0,0.05,0.845,0.8,0.9,30000.0,102.0,5620.0,1.0,True,0.01,0.95,10.0,39600.0,0.938,0.139
11368,1 - 1 - 2022,19800.0,6.457553716385176,5.623415332340303,7.498939925082745,0.00506,0.00398107,0.00630957,0.0192,0.0,0.05,0.948,0.9,1.0,20600.0,84.9,2000.0,1.0,True,0.01,0.95,10.0,39600.0,0.938,0.139
11369,1 - 1 - 2022,19800.0,6.473020933072903,5.623415332340303,7.498939925082745,0.00504,0.00398107,0.00630957,0.021,0.0,0.05,1.16,1.0,1.5,6130.0,20.7,524.0,1.0,True,0.01,0.95,10.0,39600.0,0.938,0.139
11370,1 - 1 - 2022,19800.0,6.457553716385176,5.623415332340303,7.498939925082745,0.00509,0.00398107,0.00630957,0.0313,0.0,0.05,1.67,1.5,2.0,1000.0,8.36,15.4,1.0,True,0.01,0.95,10.0,39600.0,0.938,0.139
11371,1 - 1 - 2022,19800.0,6.511528238439882,5.623415332340303,7.498939925082745,0.00503,0.00398107,0.00630957,0.033,0.0,0.05,2.46,2.0,4.0,112.0,1.4,0.0,1.0,True,0.01,0.95,10.0,39600.0,0.938,0.139
11372,1 - 1 - 2022,19800.0,6.465291950097845,5.623415332340303,7.498939925082745,0.00502,0.00398107,0.00630957,0.075,0.05,0.1,0.0326,0.0,0.05,5240.0,60.5,4010.0,1.0,True,0.01,0.95,10.0,39600.0,0.938,0.139
11373,1 - 1 - 2022,19800.0,6.4031242374328485,5.623415332340303,7.498939925082745,0.00503,0.00398107,0.00630957,0.0745,0.05,0.1,0.0777,0.05,0.1,19300.0,116.0,13700.0,1.0,True,0.01,0.95,10.0,39600.0,0.938,0.139
11374,1 - 1 - 2022,19800.0,6.457553716385176,5.623415332340303,7.498939925082745,0.00507,0.00398107,0.00630957,0.0732,0.05,0.1,0.155,0.1,0.2,32700.0,107.0,23000.0,1.0,True,0.01,0.95,10.0,39600.0,0.938,0.139
11375,1 - 1 - 2022,19800.0,6.4265076052238514,5.623415332340303,7.498939925082745,0.0051,0.00398107,0.00630957,0.0723,0.05,0.1,0.252,0.2,0.3,40400.0,119.0,24100.0,1.0,True,0.01,0.95,10.0,39600.0,0.938,0.139
11376,1 - 1 - 2022,19800.0,6.457553716385176,5.623415332340303,7.498939925082745,0.0051,0.00398107,0.00630957,0.0714,0.05,0.1,0.349,0.3,0.4,41700.0,121.0,22300.0,1.0,True,0.01,0.95,10.0,39600.0,0.938,0.139
11377,1 - 1 - 2022,19800.0,6.4031242374328485,5.623415332340303,7.498939925082745,0.00507,0.00398107,0.00630957,0.0736,0.05,0.1,0.448,0.4,0.5,33100.0,108.0,16900.0,1.0,True,0.01,0.95,10.0,39600.0,0.938,0.139
11378,1 - 1 - 2022,19800.0,6.44980619863884,5.623415332340303,7.498939925082745,0.00509,0.00398107,0.00630957,0.0727,0.05,0.1,0.55,0.5,0.6,30600.0,103.0,13800.0,1.0,True,0.01,0.95,10.0,39600.0,0.938,0.139
11379,1 - 1 - 2022,19800.0,6.434283176858165,5.623415332340303,7.498939925082745,0.00502,0.00398107,0.00630957,0.0716,0.05,0.1,0.647,0.6,0.7,25100.0,93.6,8170.0,1.0,True,0.01,0.95,10.0,39600.0,0.938,0.139
11380,1 - 1 - 2022,19800.0,6.465291950097845,5.623415332340303,7.498939925082745,0.00507,0.00398107,0.00630957,0.0732,0.05,0.1,0.749,0.7,0.8,19200.0,81.8,3620.0,1.0,True,0.01,0.95,10.0,39600.0,0.938,0.139
11381,1 - 1 - 2022,19800.0,6.44980619863884,5.623415332340303,7.498939925082745,0.00499,0.00398107,0.00630957,0.073,0.05,0.1,0.848,0.8,0.9,11900.0,64.3,2310.0,1.0,True,0.01,0.95,10.0,39600.0,0.938,0.139
11382,1 - 1 - 2022,19800.0,6.488451279003334,5.623415332340303,7.498939925082745,0.00505,0.00398107,0.00630957,0.0723,0.05,0.1,0.943,0.9,1.0,8090.0,53.1,1230.0,1.0,True,0.01,0.95,10.0,39600.0,0.938,0.139
11383,1 - 1 - 2022,19800.0,6.488451279003334,5.623415332340303,7.498939925082745,0.00506,0.00398107,0.00630957,0.0751,0.05,0.1,1.2,1.0,1.5,3910.0,16.5,139.0,1.0,True,0.01,0.95,10.0,39600.0,0.938,0.139
11384,1 - 1 - 2022,19800.0,6.54217089351845,5.623415332340303,7.498939925082745,0.00505,0.00398107,0.00630957,0.0725,0.05,0.1,1.71,1.5,2.0,924.0,8.03,0.0,1.0,True,0.01,0.95,10.0,39600.0,0.938,0.139
11385,1 - 1 - 2022,19800.0,6.496152707564686,5.623415332340303,7.498939925082745,0.00518,0.00398107,0.00630957,0.0769,0.05,0.1,2.56,2.0,4.0,158.0,1.66,11.6,1.0,True,0.01,0.95,10.0,39600.0,0.938,0.139
11386,1 - 1 - 2022,19800.0,6.276941930590086,5.623415332340303,7.498939925082745,0.00506,0.00398107,0.00630957,0.117,0.1,0.15,0.0345,0.0,0.05,3540.0,49.7,2620.0,1.0,True,0.01,0.95,10.0,39600.0,0.938,0.139
11387,1 - 1 - 2022,19800.0,6.356099432828281,5.623415332340303,7.498939925082745,0.00502,0.00398107,0.00630957,0.124,0.1,0.15,0.0763,0.05,0.1,12200.0,92.2,8320.0,1.0,True,0.01,0.95,10.0,39600.0,0.938,0.139
11388,1 - 1 - 2022,19800.0,6.442049363362563,5.623415332340303,7.498939925082745,0.00513,0.00398107,0.00630957,0.124,0.1,0.15,0.154,0.1,0.2,20500.0,84.6,12400.0,1.0,True,0.01,0.95,10.0,39600.0,0.938,0.139
11389,1 - 1 - 2022,19800.0,6.363961030678928,5.623415332340303,7.498939925082745,0.00504,0.00398107,0.00630957,0.123,0.1,0.15,0.249,0.2,0.3,24400.0,92.3,13700.0,1.0,True,0.01,0.95,10.0,39600.0,0.938,0.139
11390,1 - 1 - 2022,19800.0,6.4031242374328485,5.623415332340303,7.498939925082745,0.00502,0.00398107,0.00630957,0.124,0.1,0.15,0.351,0.3,0.4,27100.0,97.3,13200.0,1.0,True,0.01,0.95,10.0,39600.0,0.938,0.139
11391,1 - 1 - 2022,19800.0,6.4031242374328485,5.623415332340303,7.498939925082745,0.00508,0.00398107,0.00630957,0.124,0.1,0.15,0.45,0.4,0.5,22300.0,88.1,9940.0,1.0,True,0.01,0.95,10.0,39600.0,0.938,0.139
11392,1 - 1 - 2022,19800.0,6.4265076052238514,5.623415332340303,7.498939925082745,0.00504,0.00398107,0.00630957,0.123,0.1,0.15,0.548,0.5,0.6,20100.0,83.8,8010.0,1.0,True,0.01,0.95,10.0,39600.0,0.938,0.139
11393,1 - 1 - 2022,19800.0,6.434283176858165,5.623415332340303,7.498939925082745,0.00507,0.00398107,0.00630957,0.124,0.1,0.15,0.65,0.6,0.7,15600.0,73.9,5320.0,1.0,True,0.01,0.95,10.0,39600.0,0.938,0.139
11394,1 - 1 - 2022,19800.0,6.465291950097845,5.623415332340303,7.498939925082745,0.00509,0.00398107,0.00630957,0.122,0.1,0.15,0.749,0.7,0.8,11600.0,63.7,3620.0,1.0,True,0.01,0.95,10.0,39600.0,0.938,0.139
11395,1 - 1 - 2022,19800.0,6.371812928829597,5.623415332340303,7.498939925082745,0.00506,0.00398107,0.00630957,0.123,0.1,0.15,0.846,0.8,0.9,9400.0,57.3,2700.0,1.0,True,0.01,0.95,10.0,39600.0,0.938,0.139
11396,1 - 1 - 2022,19800.0,6.473020933072903,5.623415332340303,7.498939925082745,0.00495,0.00398107,0.00630957,0.126,0.1,0.15,0.949,0.9,1.0,6090.0,46.1,1770.0,1.0,True,0.01,0.95,10.0,39600.0,0.938,0.139
11397,1 - 1 - 2022,19800.0,6.44980619863884,5.623415332340303,7.498939925082745,0.00509,0.00398107,0.00630957,0.125,0.1,0.15,1.19,1.0,1.5,3050.0,14.6,431.0,1.0,True,0.01,0.95,10.0,39600.0,0.938,0.139
11398,1 - 1 - 2022,19800.0,6.557438524302,5.623415332340303,7.498939925082745,0.00489,0.00398107,0.00630957,0.124,0.1,0.15,1.68,1.5,2.0,863.0,7.76,0.0,1.0,True,0.01,0.95,10.0,39600.0,0.938,0.139
11399,1 - 1 - 2022,19800.0,6.5038450166036395,5.623415332340303,7.498939925082745,0.00502,0.00398107,0.00630957,0.126,0.1,0.15,2.52,2.0,4.0,162.0,1.68,7.71,1.0,True,0.01,0.95,10.0,39600.0,0.938,0.139
11400,1 - 1 - 2022,19800.0,6.371812928829597,5.623415332340303,7.498939925082745,0.00512,0.00398107,0.00630957,0.171,0.15,0.2,0.0339,0.0,0.05,3390.0,48.6,1080.0,1.0,True,0.01,0.95,10.0,39600.0,0.938,0.139
11401,1 - 1 - 2022,19800.0,6.387487769068525,5.623415332340303,7.498939925082745,0.00488,0.00398107,0.00630957,0.174,0.15,0.2,0.0819,0.05,0.1,7700.0,73.3,3240.0,1.0,True,0.01,0.95,10.0,39600.0,0.938,0.139
11402,1 - 1 - 2022,19800.0,6.457553716385176,5.623415332340303,7.498939925082745,0.00515,0.00398107,0.00630957,0.172,0.15,0.2,0.157,0.1,0.2,10300.0,60.0,3240.0,1.0,True,0.01,0.95,10.0,39600.0,0.938,0.139
11403,1 - 1 - 2022,19800.0,6.395310782127793,5.623415332340303,7.498939925082745,0.00507,0.00398107,0.00630957,0.173,0.15,0.2,0.252,0.2,0.3,12600.0,66.2,3850.0,1.0,True,0.01,0.95,10.0,39600.0,0.938,0.139
11404,1 - 1 - 2022,19800.0,6.4031242374328485,5.623415332340303,7.498939925082745,0.0051,0.00398107,0.00630957,0.171,0.15,0.2,0.35,0.3,0.4,17300.0,77.8,6320.0,1.0,True,0.01,0.95,10.0,39600.0,0.938,0.139
11405,1 - 1 - 2022,19800.0,6.387487769068525,5.623415332340303,7.498939925082745,0.00514,0.00398107,0.00630957,0.175,0.15,0.2,0.448,0.4,0.5,15100.0,72.6,4620.0,1.0,True,0.01,0.95,10.0,39600.0,0.938,0.139
11406,1 - 1 - 2022,19800.0,6.473020933072903,5.623415332340303,7.498939925082745,0.00511,0.00398107,0.00630957,0.173,0.15,0.2,0.546,0.5,0.6,14000.0,70.0,3700.0,1.0,True,0.01,0.95,10.0,39600.0,0.938,0.139
11407,1 - 1 - 2022,19800.0,6.3796551630946325,5.623415332340303,7.498939925082745,0.00497,0.00398107,0.00630957,0.173,0.15,0.2,0.648,0.6,0.7,8630.0,54.9,2930.0,1.0,True,0.01,0.95,10.0,39600.0,0.938,0.139
11408,1 - 1 - 2022,19800.0,6.434283176858165,5.623415332340303,7.498939925082745,0.00503,0.00398107,0.00630957,0.174,0.15,0.2,0.745,0.7,0.8,9240.0,56.8,2540.0,1.0,True,0.01,0.95,10.0,39600.0,0.938,0.139
11409,1 - 1 - 2022,19800.0,6.434283176858165,5.623415332340303,7.498939925082745,0.00504,0.00398107,0.00630957,0.173,0.15,0.2,0.852,0.8,0.9,6780.0,48.6,2160.0,1.0,True,0.01,0.95,10.0,39600.0,0.938,0.139
11410,1 - 1 - 2022,19800.0,6.44980619863884,5.623415332340303,7.498939925082745,0.00497,0.00398107,0.00630957,0.171,0.15,0.2,0.95,0.9,1.0,6010.0,45.8,1230.0,1.0,True,0.01,0.95,10.0,39600.0,0.938,0.139
11411,1 - 1 - 2022,19800.0,6.4265076052238514,5.623415332340303,7.498939925082745,0.00506,0.00398107,0.00630957,0.173,0.15,0.2,1.19,1.0,1.5,2360.0,12.8,709.0,1.0,True,0.01,0.95,10.0,39600.0,0.938,0.139
11412,1 - 1 - 2022,19800.0,6.511528238439882,5.623415332340303,7.498939925082745,0.00521,0.00398107,0.00630957,0.177,0.15,0.2,1.7,1.5,2.0,740.0,7.18,0.0,1.0,True,0.01,0.95,10.0,39600.0,0.938,0.139
11413,1 - 1 - 2022,19800.0,6.442049363362563,5.623415332340303,7.498939925082745,0.00526,0.00398107,0.00630957,0.176,0.15,0.2,2.62,2.0,4.0,119.0,1.44,11.6,1.0,True,0.01,0.95,10.0,39600.0,0.938,0.139
11414,1 - 1 - 2022,19800.0,6.6932802122726045,5.623415332340303,7.498939925082745,0.00489,0.00398107,0.00630957,0.225,0.2,0.25,0.0319,0.0,0.05,1080.0,27.4,0.0,1.0,True,0.01,0.95,10.0,39600.0,0.938,0.139
11415,1 - 1 - 2022,19800.0,6.587867636800241,5.623415332340303,7.498939925082745,0.00481,0.00398107,0.00630957,0.224,0.2,0.25,0.0831,0.05,0.1,3540.0,49.7,0.0,1.0,True,0.01,0.95,10.0,39600.0,0.938,0.139
11416,1 - 1 - 2022,19800.0,6.44980619863884,5.623415332340303,7.498939925082745,0.0051,0.00398107,0.00630957,0.222,0.2,0.25,0.158,0.1,0.2,6860.0,48.9,462.0,1.0,True,0.01,0.95,10.0,39600.0,0.938,0.139
11417,1 - 1 - 2022,19800.0,6.410928169929843,5.623415332340303,7.498939925082745,0.00509,0.00398107,0.00630957,0.223,0.2,0.25,0.249,0.2,0.3,10900.0,61.6,1080.0,1.0,True,0.01,0.95,10.0,39600.0,0.938,0.139
11418,1 - 1 - 2022,19800.0,6.418722614352485,5.623415332340303,7.498939925082745,0.00503,0.00398107,0.00630957,0.225,0.2,0.25,0.348,0.3,0.4,11200.0,62.7,1540.0,1.0,True,0.01,0.95,10.0,39600.0,0.938,0.139
11419,1 - 1 - 2022,19800.0,6.44980619863884,5.623415332340303,7.498939925082745,0.00505,0.00398107,0.00630957,0.223,0.2,0.25,0.446,0.4,0.5,11200.0,62.4,1310.0,1.0,True,0.01,0.95,10.0,39600.0,0.938,0.139
11420,1 - 1 - 2022,19800.0,6.442049363362563,5.623415332340303,7.498939925082745,0.00505,0.00398107,0.00630957,0.224,0.2,0.25,0.547,0.5,0.6,8710.0,55.1,1000.0,1.0,True,0.01,0.95,10.0,39600.0,0.938,0.139
11421,1 - 1 - 2022,19800.0,6.488451279003334,5.623415332340303,7.498939925082745,0.00503,0.00398107,0.00630957,0.223,0.2,0.25,0.649,0.6,0.7,5930.0,45.5,539.0,1.0,True,0.01,0.95,10.0,39600.0,0.938,0.139
11422,1 - 1 - 2022,19800.0,6.557438524302,5.623415332340303,7.498939925082745,0.00511,0.00398107,0.00630957,0.222,0.2,0.25,0.749,0.7,0.8,6860.0,48.9,385.0,1.0,True,0.01,0.95,10.0,39600.0,0.938,0.139
11423,1 - 1 - 2022,19800.0,6.4265076052238514,5.623415332340303,7.498939925082745,0.00491,0.00398107,0.00630957,0.225,0.2,0.25,0.85,0.8,0.9,4470.0,39.5,693.0,1.0,True,0.01,0.95,10.0,39600.0,0.938,0.139
11424,1 - 1 - 2022,19800.0,6.220932405998316,5.623415332340303,7.498939925082745,0.00503,0.00398107,0.00630957,0.227,0.2,0.25,0.947,0.9,1.0,4080.0,37.7,770.0,1.0,True,0.01,0.95,10.0,39600.0,0.938,0.139
11425,1 - 1 - 2022,19800.0,6.496152707564686,5.623415332340303,7.498939925082745,0.00498,0.00398107,0.00630957,0.224,0.2,0.25,1.2,1.0,1.5,1740.0,11.0,247.0,1.0,True,0.01,0.95,10.0,39600.0,0.938,0.139
11426,1 - 1 - 2022,19800.0,6.473020933072903,5.623415332340303,7.498939925082745,0.005,0.00398107,0.00630957,0.224,0.2,0.25,1.72,1.5,2.0,493.0,5.87,46.2,1.0,True,0.01,0.95,10.0,39600.0,0.938,0.139
11427,1 - 1 - 2022,19800.0,6.371812928829597,5.623415332340303,7.498939925082745,0.0049,0.00398107,0.00630957,0.228,0.2,0.25,2.47,2.0,4.0,116.0,1.42,3.85,1.0,True,0.01,0.95,10.0,39600.0,0.938,0.139
11428,1 - 1 - 2022,19800.0,6.565059024867941,5.623415332340303,7.498939925082745,0.00539,0.00398107,0.00630957,0.273,0.25,0.3,0.0369,0.0,0.05,770.0,23.2,0.0,1.0,True,0.01,0.95,10.0,39600.0,0.938,0.139
11429,1 - 1 - 2022,19800.0,6.410928169929843,5.623415332340303,7.498939925082745,0.00506,0.00398107,0.00630957,0.279,0.25,0.3,0.0751,0.05,0.1,2930.0,45.2,0.0,1.0,True,0.01,0.95,10.0,39600.0,0.938,0.139
11430,1 - 1 - 2022,19800.0,6.418722614352485,5.623415332340303,7.498939925082745,0.00519,0.00398107,0.00630957,0.273,0.25,0.3,0.154,0.1,0.2,4550.0,39.8,0.0,1.0,True,0.01,0.95,10.0,39600.0,0.938,0.139
11431,1 - 1 - 2022,19800.0,6.434283176858165,5.623415332340303,7.498939925082745,0.00511,0.00398107,0.00630957,0.273,0.25,0.3,0.251,0.2,0.3,6240.0,46.7,0.0,1.0,True,0.01,0.95,10.0,39600.0,0.938,0.139
11432,1 - 1 - 2022,19800.0,6.473020933072903,5.623415332340303,7.498939925082745,0.00507,0.00398107,0.00630957,0.271,0.25,0.3,0.352,0.3,0.4,5850.0,45.2,0.0,1.0,True,0.01,0.95,10.0,39600.0,0.938,0.139
11433,1 - 1 - 2022,19800.0,6.371812928829597,5.623415332340303,7.498939925082745,0.00513,0.00398107,0.00630957,0.273,0.25,0.3,0.44,0.4,0.5,5240.0,42.8,231.0,1.0,True,0.01,0.95,10.0,39600.0,0.938,0.139
11434,1 - 1 - 2022,19800.0,6.324555320336759,5.623415332340303,7.498939925082745,0.00492,0.00398107,0.00630957,0.271,0.25,0.3,0.55,0.5,0.6,6700.0,48.4,154.0,1.0,True,0.01,0.95,10.0,39600.0,0.938,0.139
11435,1 - 1 - 2022,19800.0,6.48074069840786,5.623415332340303,7.498939925082745,0.00522,0.00398107,0.00630957,0.275,0.25,0.3,0.653,0.6,0.7,4550.0,39.8,154.0,1.0,True,0.01,0.95,10.0,39600.0,0.938,0.139
11436,1 - 1 - 2022,19800.0,6.44980619863884,5.623415332340303,7.498939925082745,0.00527,0.00398107,0.00630957,0.273,0.25,0.3,0.749,0.7,0.8,4470.0,39.5,154.0,1.0,True,0.01,0.95,10.0,39600.0,0.938,0.139
11437,1 - 1 - 2022,19800.0,6.58027355054484,5.623415332340303,7.498939925082745,0.00513,0.00398107,0.00630957,0.274,0.25,0.3,0.85,0.8,0.9,4390.0,39.1,0.0,1.0,True,0.01,0.95,10.0,39600.0,0.938,0.139
11438,1 - 1 - 2022,19800.0,6.58027355054484,5.623415332340303,7.498939925082745,0.00494,0.00398107,0.00630957,0.27,0.25,0.3,0.946,0.9,1.0,2470.0,29.3,0.0,1.0,True,0.01,0.95,10.0,39600.0,0.938,0.139
11439,1 - 1 - 2022,19800.0,6.511528238439882,5.623415332340303,7.498939925082745,0.00505,0.00398107,0.00630957,0.274,0.25,0.3,1.19,1.0,1.5,1190.0,9.1,46.2,1.0,True,0.01,0.95,10.0,39600.0,0.938,0.139
11440,1 - 1 - 2022,19800.0,6.526867548832288,5.623415332340303,7.498939925082745,0.00504,0.00398107,0.00630957,0.277,0.25,0.3,1.72,1.5,2.0,416.0,5.39,30.8,1.0,True,0.01,0.95,10.0,39600.0,0.938,0.139
11441,1 - 1 - 2022,19800.0,6.5038450166036395,5.623415332340303,7.498939925082745,0.00527,0.00398107,0.00630957,0.272,0.25,0.3,2.52,2.0,4.0,112.0,1.4,15.4,1.0,True,0.01,0.95,10.0,39600.0,0.938,0.139
11442,1 - 1 - 2022,19800.0,6.332456079595025,5.623415332340303,7.498939925082745,0.00483,0.00398107,0.00630957,0.342,0.3,0.4,0.031,0.0,0.05,616.0,14.7,0.0,1.0,True,0.01,0.95,10.0,39600.0,0.938,0.139
11443,1 - 1 - 2022,19800.0,6.356099432828281,5.623415332340303,7.498939925082745,0.00501,0.00398107,0.00630957,0.341,0.3,0.4,0.0785,0.05,0.1,1540.0,23.2,0.0,1.0,True,0.01,0.95,10.0,39600.0,0.938,0.139
11444,1 - 1 - 2022,19800.0,6.395310782127793,5.623415332340303,7.498939925082745,0.00502,0.00398107,0.00630957,0.344,0.3,0.4,0.157,0.1,0.2,1390.0,15.6,0.0,1.0,True,0.01,0.95,10.0,39600.0,0.938,0.139
11445,1 - 1 - 2022,19800.0,6.276941930590086,5.623415332340303,7.498939925082745,0.00505,0.00398107,0.00630957,0.343,0.3,0.4,0.255,0.2,0.3,3120.0,23.3,0.0,1.0,True,0.01,0.95,10.0,39600.0,0.938,0.139
11446,1 - 1 - 2022,19800.0,6.356099432828281,5.623415332340303,7.498939925082745,0.00501,0.00398107,0.00630957,0.348,0.3,0.4,0.348,0.3,0.4,4040.0,26.6,0.0,1.0,True,0.01,0.95,10.0,39600.0,0.938,0.139
11447,1 - 1 - 2022,19800.0,6.395310782127793,5.623415332340303,7.498939925082745,0.00515,0.00398107,0.00630957,0.344,0.3,0.4,0.452,0.4,0.5,3930.0,26.2,0.0,1.0,True,0.01,0.95,10.0,39600.0,0.938,0.139
11448,1 - 1 - 2022,19800.0,6.356099432828281,5.623415332340303,7.498939925082745,0.00504,0.00398107,0.00630957,0.343,0.3,0.4,0.553,0.5,0.6,3160.0,23.5,0.0,1.0,True,0.01,0.95,10.0,39600.0,0.938,0.139
11449,1 - 1 - 2022,19800.0,6.418722614352485,5.623415332340303,7.498939925082745,0.00504,0.00398107,0.00630957,0.342,0.3,0.4,0.647,0.6,0.7,3040.0,23.0,0.0,1.0,True,0.01,0.95,10.0,39600.0,0.938,0.139
11450,1 - 1 - 2022,19800.0,6.276941930590086,5.623415332340303,7.498939925082745,0.00498,0.00398107,0.00630957,0.339,0.3,0.4,0.752,0.7,0.8,2660.0,21.5,0.0,1.0,True,0.01,0.95,10.0,39600.0,0.938,0.139
11451,1 - 1 - 2022,19800.0,6.572670690061994,5.623415332340303,7.498939925082745,0.00491,0.00398107,0.00630957,0.345,0.3,0.4,0.843,0.8,0.9,1770.0,17.6,0.0,1.0,True,0.01,0.95,10.0,39600.0,0.938,0.139
11452,1 - 1 - 2022,19800.0,6.511528238439882,5.623415332340303,7.498939925082745,0.00523,0.00398107,0.00630957,0.346,0.3,0.4,0.949,0.9,1.0,1960.0,18.5,0.0,1.0,True,0.01,0.95,10.0,39600.0,0.938,0.139
11453,1 - 1 - 2022,19800.0,6.410928169929843,5.623415332340303,7.498939925082745,0.00506,0.00398107,0.00630957,0.343,0.3,0.4,1.16,1.0,1.5,1010.0,5.93,23.1,1.0,True,0.01,0.95,10.0,39600.0,0.938,0.139
11454,1 - 1 - 2022,19800.0,6.473020933072903,5.623415332340303,7.498939925082745,0.005,0.00398107,0.00630957,0.347,0.3,0.4,1.68,1.5,2.0,308.0,3.28,38.5,1.0,True,0.01,0.95,10.0,39600.0,0.938,0.139
11455,1 - 1 - 2022,19800.0,6.434283176858165,5.623415332340303,7.498939925082745,0.00485,0.00398107,0.00630957,0.348,0.3,0.4,2.87,2.0,4.0,57.8,0.71,30.8,1.0,True,0.01,0.95,10.0,39600.0,0.938,0.139
11456,1 - 1 - 2022,19800.0,6.008327554319921,5.623415332340303,7.498939925082745,0.00417,0.00398107,0.00630957,0.444,0.4,0.5,0.0346,0.0,0.05,231.0,8.98,0.0,1.0,True,0.01,0.95,10.0,39600.0,0.938,0.139
11457,1 - 1 - 2022,19800.0,6.268971207462991,5.623415332340303,7.498939925082745,0.00494,0.00398107,0.00630957,0.437,0.4,0.5,0.0851,0.05,0.1,924.0,18.0,0.0,1.0,True,0.01,0.95,10.0,39600.0,0.938,0.139
11458,1 - 1 - 2022,19800.0,6.434283176858165,5.623415332340303,7.498939925082745,0.00493,0.00398107,0.00630957,0.448,0.4,0.5,0.157,0.1,0.2,1540.0,16.4,38.5,1.0,True,0.01,0.95,10.0,39600.0,0.938,0.139
11459,1 - 1 - 2022,19800.0,6.276941930590086,5.623415332340303,7.498939925082745,0.00483,0.00398107,0.00630957,0.45,0.4,0.5,0.254,0.2,0.3,1120.0,14.0,77.0,1.0,True,0.01,0.95,10.0,39600.0,0.938,0.139
11460,1 - 1 - 2022,19800.0,6.59545297913646,5.623415332340303,7.498939925082745,0.00493,0.00398107,0.00630957,0.45,0.4,0.5,0.352,0.3,0.4,1620.0,16.8,116.0,1.0,True,0.01,0.95,10.0,39600.0,0.938,0.139
11461,1 - 1 - 2022,19800.0,6.356099432828281,5.623415332340303,7.498939925082745,0.00513,0.00398107,0.00630957,0.442,0.4,0.5,0.441,0.4,0.5,1960.0,18.5,38.5,1.0,True,0.01,0.95,10.0,39600.0,0.938,0.139
11462,1 - 1 - 2022,19800.0,6.526867548832288,5.623415332340303,7.498939925082745,0.00517,0.00398107,0.00630957,0.449,0.4,0.5,0.559,0.5,0.6,1160.0,14.2,77.1,1.0,True,0.01,0.95,10.0,39600.0,0.938,0.139
11463,1 - 1 - 2022,19800.0,6.348228099241551,5.623415332340303,7.498939925082745,0.00495,0.00398107,0.00630957,0.445,0.4,0.5,0.651,0.6,0.7,1310.0,15.1,154.0,1.0,True,0.01,0.95,10.0,39600.0,0.938,0.139
11464,1 - 1 - 2022,19800.0,6.48074069840786,5.623415332340303,7.498939925082745,0.00514,0.00398107,0.00630957,0.439,0.4,0.5,0.747,0.7,0.8,1120.0,14.0,154.0,1.0,True,0.01,0.95,10.0,39600.0,0.938,0.139
11465,1 - 1 - 2022,19800.0,6.418722614352485,5.623415332340303,7.498939925082745,0.00498,0.00398107,0.00630957,0.448,0.4,0.5,0.849,0.8,0.9,1270.0,14.9,193.0,1.0,True,0.01,0.95,10.0,39600.0,0.938,0.139
11466,1 - 1 - 2022,19800.0,6.442049363362563,5.623415332340303,7.498939925082745,0.00522,0.00398107,0.00630957,0.444,0.4,0.5,0.953,0.9,1.0,963.0,13.0,116.0,1.0,True,0.01,0.95,10.0,39600.0,0.938,0.139
11467,1 - 1 - 2022,19800.0,6.3796551630946325,5.623415332340303,7.498939925082745,0.00508,0.00398107,0.00630957,0.442,0.4,0.5,1.2,1.0,1.5,455.0,3.98,100.0,1.0,True,0.01,0.95,10.0,39600.0,0.938,0.139
11468,1 - 1 - 2022,19800.0,6.519202405202649,5.623415332340303,7.498939925082745,0.00497,0.00398107,0.00630957,0.444,0.4,0.5,1.71,1.5,2.0,139.0,2.2,53.9,1.0,True,0.01,0.95,10.0,39600.0,0.938,0.139
11469,1 - 1 - 2022,19800.0,6.572670690061994,5.623415332340303,7.498939925082745,0.00468,0.00398107,0.00630957,0.437,0.4,0.5,2.75,2.0,4.0,21.2,0.43,17.3,1.0,True,0.01,0.95,10.0,39600.0,0.938,0.139
11470,1 - 1 - 2022,19800.0,5.882176467941097,5.623415332340303,7.498939925082745,0.00405,0.00398107,0.00630957,0.537,0.5,0.6,0.0465,0.0,0.05,77.0,5.19,0.0,1.0,True,0.01,0.95,10.0,39600.0,0.938,0.139
11471,1 - 1 - 2022,19800.0,6.074537019394976,5.623415332340303,7.498939925082745,0.00571,0.00398107,0.00630957,0.509,0.5,0.6,0.069,0.05,0.1,154.0,7.33,0.0,1.0,True,0.01,0.95,10.0,39600.0,0.938,0.139
11472,1 - 1 - 2022,19800.0,6.465291950097845,5.623415332340303,7.498939925082745,0.00519,0.00398107,0.00630957,0.551,0.5,0.6,0.147,0.1,0.2,347.0,7.78,116.0,1.0,True,0.01,0.95,10.0,39600.0,0.938,0.139
11473,1 - 1 - 2022,19800.0,6.395310782127793,5.623415332340303,7.498939925082745,0.00517,0.00398107,0.00630957,0.546,0.5,0.6,0.263,0.2,0.3,578.0,10.0,193.0,1.0,True,0.01,0.95,10.0,39600.0,0.938,0.139
11474,1 - 1 - 2022,19800.0,6.308724118235001,5.623415332340303,7.498939925082745,0.0051,0.00398107,0.00630957,0.538,0.5,0.6,0.351,0.3,0.4,732.0,11.3,308.0,1.0,True,0.01,0.95,10.0,39600.0,0.938,0.139
11475,1 - 1 - 2022,19800.0,6.340346993658944,5.623415332340303,7.498939925082745,0.005,0.00398107,0.00630957,0.544,0.5,0.6,0.437,0.4,0.5,578.0,10.0,270.0,1.0,True,0.01,0.95,10.0,39600.0,0.938,0.139
11476,1 - 1 - 2022,19800.0,6.465291950097845,5.623415332340303,7.498939925082745,0.00502,0.00398107,0.00630957,0.539,0.5,0.6,0.551,0.5,0.6,963.0,13.0,385.0,1.0,True,0.01,0.95,10.0,39600.0,0.938,0.139
11477,1 - 1 - 2022,19800.0,6.457553716385176,5.623415332340303,7.498939925082745,0.00525,0.00398107,0.00630957,0.538,0.5,0.6,0.646,0.6,0.7,924.0,12.7,462.0,1.0,True,0.01,0.95,10.0,39600.0,0.938,0.139
11478,1 - 1 - 2022,19800.0,6.410928169929843,5.623415332340303,7.498939925082745,0.00493,0.00398107,0.00630957,0.539,0.5,0.6,0.759,0.7,0.8,616.0,10.4,347.0,1.0,True,0.01,0.95,10.0,39600.0,0.938,0.139
11479,1 - 1 - 2022,19800.0,6.356099432828281,5.623415332340303,7.498939925082745,0.00474,0.00398107,0.00630957,0.537,0.5,0.6,0.866,0.8,0.9,462.0,8.98,231.0,1.0,True,0.01,0.95,10.0,39600.0,0.938,0.139
11480,1 - 1 - 2022,19800.0,6.268971207462991,5.623415332340303,7.498939925082745,0.00509,0.00398107,0.00630957,0.55,0.5,0.6,0.934,0.9,1.0,501.0,9.35,154.0,1.0,True,0.01,0.95,10.0,39600.0,0.938,0.139
11481,1 - 1 - 2022,19800.0,6.610597552415364,5.623415332340303,7.498939925082745,0.0051,0.00398107,0.00630957,0.545,0.5,0.6,1.22,1.0,1.5,247.0,2.93,146.0,1.0,True,0.01,0.95,10.0,39600.0,0.938,0.139
11482,1 - 1 - 2022,19800.0,6.496152707564686,5.623415332340303,7.498939925082745,0.00488,0.00398107,0.00630957,0.559,0.5,0.6,1.7,1.5,2.0,92.4,1.8,61.6,1.0,True,0.01,0.95,10.0,39600.0,0.938,0.139
11483,1 - 1 - 2022,19800.0,6.324555320336759,5.623415332340303,7.498939925082745,0.00505,0.00398107,0.00630957,0.562,0.5,0.6,2.4,2.0,4.0,15.4,0.367,5.78,1.0,True,0.01,0.95,10.0,39600.0,0.938,0.139
11484,1 - 1 - 2022,19800.0,6.316644678941502,5.623415332340303,7.498939925082745,0.00499,0.00398107,0.00630957,0.652,0.6,0.7,0.151,0.1,0.2,193.0,5.8,154.0,1.0,True,0.01,0.95,10.0,39600.0,0.938,0.139
11485,1 - 1 - 2022,19800.0,6.172519744804386,5.623415332340303,7.498939925082745,0.00511,0.00398107,0.00630957,0.631,0.6,0.7,0.266,0.2,0.3,231.0,6.35,154.0,1.0,True,0.01,0.95,10.0,39600.0,0.938,0.139
11486,1 - 1 - 2022,19800.0,6.685805860178712,5.623415332340303,7.498939925082745,0.00534,0.00398107,0.00630957,0.654,0.6,0.7,0.352,0.3,0.4,347.0,7.78,308.0,1.0,True,0.01,0.95,10.0,39600.0,0.938,0.139
11487,1 - 1 - 2022,19800.0,6.148170459575759,5.623415332340303,7.498939925082745,0.00491,0.00398107,0.00630957,0.639,0.6,0.7,0.445,0.4,0.5,462.0,8.98,385.0,1.0,True,0.01,0.95,10.0,39600.0,0.938,0.139
11488,1 - 1 - 2022,19800.0,6.618156843109719,5.623415332340303,7.498939925082745,0.00479,0.00398107,0.00630957,0.65,0.6,0.7,0.541,0.5,0.6,462.0,8.98,424.0,1.0,True,0.01,0.95,10.0,39600.0,0.938,0.139
11489,1 - 1 - 2022,19800.0,6.058052492344384,5.623415332340303,7.498939925082745,0.005,0.00398107,0.00630957,0.644,0.6,0.7,0.646,0.6,0.7,501.0,9.35,424.0,1.0,True,0.01,0.95,10.0,39600.0,0.938,0.139
11490,1 - 1 - 2022,19800.0,6.906518659932803,5.623415332340303,7.498939925082745,0.00491,0.00398107,0.00630957,0.64,0.6,0.7,0.853,0.8,0.9,231.0,6.35,193.0,1.0,True,0.01,0.95,10.0,39600.0,0.938,0.139
11491,1 - 1 - 2022,19800.0,6.473020933072903,5.623415332340303,7.498939925082745,0.00496,0.00398107,0.00630957,0.64,0.6,0.7,1.25,1.0,1.5,100.0,1.87,92.5,1.0,True,0.01,0.95,10.0,39600.0,0.938,0.139
11492,1 - 1 - 2022,19800.0,5.70087712549569,5.623415332340303,7.498939925082745,0.00463,0.00398107,0.00630957,0.707,0.7,0.8,0.243,0.2,0.3,38.5,2.59,0.0,1.0,True,0.01,0.95,10.0,39600.0,0.938,0.139
11493,1 - 1 - 2022,19800.0,6.363961030678928,5.623415332340303,7.498939925082745,0.00511,0.00398107,0.00630957,0.733,0.7,0.8,1.26,1.0,1.5,69.3,1.56,61.6,1.0,True,0.01,0.95,10.0,39600.0,0.938,0.139
11494,1 - 1 - 2022,19800.0,6.473020933072903,5.623415332340303,7.498939925082745,0.00805,0.00630957,0.01,0.0254,0.0,0.05,0.0328,0.0,0.05,7490.0,57.4,7390.0,1.0,True,0.01,0.95,10.0,39600.0,0.938,0.139
11495,1 - 1 - 2022,19800.0,6.54217089351845,5.623415332340303,7.498939925082745,0.00791,0.00630957,0.01,0.0221,0.0,0.05,0.0777,0.05,0.1,22000.0,98.4,21000.0,1.0,True,0.01,0.95,10.0,39600.0,0.938,0.139
11496,1 - 1 - 2022,19800.0,6.48074069840786,5.623415332340303,7.498939925082745,0.00788,0.00630957,0.01,0.019,0.0,0.05,0.156,0.1,0.2,53400.0,108.0,43300.0,1.0,True,0.01,0.95,10.0,39600.0,0.938,0.139
11497,1 - 1 - 2022,19800.0,6.465291950097845,5.623415332340303,7.498939925082745,0.00798,0.00630957,0.01,0.018,0.0,0.05,0.252,0.2,0.3,74400.0,128.0,47600.0,1.0,True,0.01,0.95,10.0,39600.0,0.938,0.139
11498,1 - 1 - 2022,19800.0,6.457553716385176,5.623415332340303,7.498939925082745,0.00793,0.00630957,0.01,0.0174,0.0,0.05,0.348,0.3,0.4,80800.0,133.0,46500.0,1.0,True,0.01,0.95,10.0,39600.0,0.938,0.139
11499,1 - 1 - 2022,19800.0,6.465291950097845,5.623415332340303,7.498939925082745,0.00798,0.00630957,0.01,0.0162,0.0,0.05,0.45,0.4,0.5,68800.0,123.0,31300.0,1.0,True,0.01,0.95,10.0,39600.0,0.938,0.139
11500,1 - 1 - 2022,19800.0,6.496152707564686,5.623415332340303,7.498939925082745,0.00798,0.00630957,0.01,0.0175,0.0,0.05,0.547,0.5,0.6,51200.0,106.0,20500.0,1.0,True,0.01,0.95,10.0,39600.0,0.938,0.139
11501,1 - 1 - 2022,19800.0,6.488451279003334,5.623415332340303,7.498939925082745,0.00792,0.00630957,0.01,0.0184,0.0,0.05,0.647,0.6,0.7,38100.0,91.5,12100.0,1.0,True,0.01,0.95,10.0,39600.0,0.938,0.139
11502,1 - 1 - 2022,19800.0,6.473020933072903,5.623415332340303,7.498939925082745,0.00794,0.00630957,0.01,0.018,0.0,0.05,0.747,0.7,0.8,25900.0,75.5,6420.0,1.0,True,0.01,0.95,10.0,39600.0,0.938,0.139
11503,1 - 1 - 2022,19800.0,6.519202405202649,5.623415332340303,7.498939925082745,0.008,0.00630957,0.01,0.0189,0.0,0.05,0.844,0.8,0.9,17500.0,62.0,2970.0,1.0,True,0.01,0.95,10.0,39600.0,0.938,0.139
11504,1 - 1 - 2022,19800.0,6.488451279003334,5.623415332340303,7.498939925082745,0.00793,0.00630957,0.01,0.0181,0.0,0.05,0.943,0.9,1.0,11200.0,49.7,2280.0,1.0,True,0.01,0.95,10.0,39600.0,0.938,0.139
11505,1 - 1 - 2022,19800.0,6.496152707564686,5.623415332340303,7.498939925082745,0.00798,0.00630957,0.01,0.0224,0.0,0.05,1.16,1.0,1.5,2860.0,11.2,369.0,1.0,True,0.01,0.95,10.0,39600.0,0.938,0.139
11506,1 - 1 - 2022,19800.0,6.610597552415364,5.623415332340303,7.498939925082745,0.00804,0.00630957,0.01,0.0259,0.0,0.05,1.64,1.5,2.0,447.0,4.44,58.3,1.0,True,0.01,0.95,10.0,39600.0,0.938,0.139
11507,1 - 1 - 2022,19800.0,6.534523701081817,5.623415332340303,7.498939925082745,0.00836,0.00630957,0.01,0.032,0.0,0.05,2.46,2.0,4.0,36.5,0.634,0.0,1.0,True,0.01,0.95,10.0,39600.0,0.938,0.139
11508,1 - 1 - 2022,19800.0,6.565059024867941,5.623415332340303,7.498939925082745,0.00775,0.00630957,0.01,0.0745,0.05,0.1,0.0358,0.0,0.05,4570.0,44.9,3210.0,1.0,True,0.01,0.95,10.0,39600.0,0.938,0.139
11509,1 - 1 - 2022,19800.0,6.340346993658944,5.623415332340303,7.498939925082745,0.00796,0.00630957,0.01,0.072,0.05,0.1,0.0762,0.05,0.1,10600.0,68.3,8070.0,1.0,True,0.01,0.95,10.0,39600.0,0.938,0.139
11510,1 - 1 - 2022,19800.0,6.387487769068525,5.623415332340303,7.498939925082745,0.00798,0.00630957,0.01,0.0722,0.05,0.1,0.153,0.1,0.2,18500.0,63.8,12300.0,1.0,True,0.01,0.95,10.0,39600.0,0.938,0.139
11511,1 - 1 - 2022,19800.0,6.3796551630946325,5.623415332340303,7.498939925082745,0.00804,0.00630957,0.01,0.0717,0.05,0.1,0.251,0.2,0.3,26200.0,76.0,15900.0,1.0,True,0.01,0.95,10.0,39600.0,0.938,0.139
11512,1 - 1 - 2022,19800.0,6.44980619863884,5.623415332340303,7.498939925082745,0.00805,0.00630957,0.01,0.0723,0.05,0.1,0.349,0.3,0.4,26200.0,75.9,15200.0,1.0,True,0.01,0.95,10.0,39600.0,0.938,0.139
11513,1 - 1 - 2022,19800.0,6.465291950097845,5.623415332340303,7.498939925082745,0.00798,0.00630957,0.01,0.0734,0.05,0.1,0.447,0.4,0.5,21800.0,69.2,11100.0,1.0,True,0.01,0.95,10.0,39600.0,0.938,0.139
11514,1 - 1 - 2022,19800.0,6.442049363362563,5.623415332340303,7.498939925082745,0.00806,0.00630957,0.01,0.0742,0.05,0.1,0.548,0.5,0.6,19600.0,65.8,7440.0,1.0,True,0.01,0.95,10.0,39600.0,0.938,0.139
11515,1 - 1 - 2022,19800.0,6.434283176858165,5.623415332340303,7.498939925082745,0.00794,0.00630957,0.01,0.0739,0.05,0.1,0.649,0.6,0.7,16100.0,59.5,5740.0,1.0,True,0.01,0.95,10.0,39600.0,0.938,0.139
11516,1 - 1 - 2022,19800.0,6.488451279003334,5.623415332340303,7.498939925082745,0.00791,0.00630957,0.01,0.0733,0.05,0.1,0.745,0.7,0.8,10200.0,47.3,2280.0,1.0,True,0.01,0.95,10.0,39600.0,0.938,0.139
11517,1 - 1 - 2022,19800.0,6.418722614352485,5.623415332340303,7.498939925082745,0.00782,0.00630957,0.01,0.0757,0.05,0.1,0.848,0.8,0.9,7050.0,39.4,1220.0,1.0,True,0.01,0.95,10.0,39600.0,0.938,0.139
11518,1 - 1 - 2022,19800.0,6.457553716385176,5.623415332340303,7.498939925082745,0.00811,0.00630957,0.01,0.0695,0.05,0.1,0.945,0.9,1.0,5740.0,35.5,243.0,1.0,True,0.01,0.95,10.0,39600.0,0.938,0.139
11519,1 - 1 - 2022,19800.0,6.565059024867941,5.623415332340303,7.498939925082745,0.00791,0.00630957,0.01,0.0749,0.05,0.1,1.19,1.0,1.5,2320.0,10.1,165.0,1.0,True,0.01,0.95,10.0,39600.0,0.938,0.139
11520,1 - 1 - 2022,19800.0,6.610597552415364,5.623415332340303,7.498939925082745,0.00801,0.00630957,0.01,0.0727,0.05,0.1,1.69,1.5,2.0,525.0,4.81,0.0,1.0,True,0.01,0.95,10.0,39600.0,0.938,0.139
11521,1 - 1 - 2022,19800.0,6.418722614352485,5.623415332340303,7.498939925082745,0.00821,0.00630957,0.01,0.079,0.05,0.1,2.57,2.0,4.0,89.9,0.995,7.29,1.0,True,0.01,0.95,10.0,39600.0,0.938,0.139
11522,1 - 1 - 2022,19800.0,6.549809157525126,5.623415332340303,7.498939925082745,0.00805,0.00630957,0.01,0.125,0.1,0.15,0.0355,0.0,0.05,2920.0,35.8,778.0,1.0,True,0.01,0.95,10.0,39600.0,0.938,0.139
11523,1 - 1 - 2022,19800.0,6.465291950097845,5.623415332340303,7.498939925082745,0.00788,0.00630957,0.01,0.125,0.1,0.15,0.0761,0.05,0.1,6220.0,52.3,1940.0,1.0,True,0.01,0.95,10.0,39600.0,0.938,0.139
11524,1 - 1 - 2022,19800.0,6.457553716385176,5.623415332340303,7.498939925082745,0.00793,0.00630957,0.01,0.124,0.1,0.15,0.151,0.1,0.2,11400.0,50.2,3740.0,1.0,True,0.01,0.95,10.0,39600.0,0.938,0.139
11525,1 - 1 - 2022,19800.0,6.465291950097845,5.623415332340303,7.498939925082745,0.0081,0.00630957,0.01,0.123,0.1,0.15,0.251,0.2,0.3,16200.0,59.7,4810.0,1.0,True,0.01,0.95,10.0,39600.0,0.938,0.139
11526,1 - 1 - 2022,19800.0,6.519202405202649,5.623415332340303,7.498939925082745,0.00802,0.00630957,0.01,0.124,0.1,0.15,0.348,0.3,0.4,14800.0,57.1,4080.0,1.0,True,0.01,0.95,10.0,39600.0,0.938,0.139
11527,1 - 1 - 2022,19800.0,6.434283176858165,5.623415332340303,7.498939925082745,0.00799,0.00630957,0.01,0.123,0.1,0.15,0.447,0.4,0.5,14500.0,56.6,4280.0,1.0,True,0.01,0.95,10.0,39600.0,0.938,0.139
11528,1 - 1 - 2022,19800.0,6.44980619863884,5.623415332340303,7.498939925082745,0.00789,0.00630957,0.01,0.125,0.1,0.15,0.545,0.5,0.6,13300.0,54.1,3740.0,1.0,True,0.01,0.95,10.0,39600.0,0.938,0.139
11529,1 - 1 - 2022,19800.0,6.418722614352485,5.623415332340303,7.498939925082745,0.00798,0.00630957,0.01,0.123,0.1,0.15,0.647,0.6,0.7,8940.0,44.4,3260.0,1.0,True,0.01,0.95,10.0,39600.0,0.938,0.139
11530,1 - 1 - 2022,19800.0,6.465291950097845,5.623415332340303,7.498939925082745,0.00795,0.00630957,0.01,0.125,0.1,0.15,0.749,0.7,0.8,7730.0,41.3,1750.0,1.0,True,0.01,0.95,10.0,39600.0,0.938,0.139
11531,1 - 1 - 2022,19800.0,6.5038450166036395,5.623415332340303,7.498939925082745,0.00805,0.00630957,0.01,0.125,0.1,0.15,0.853,0.8,0.9,6080.0,36.6,1170.0,1.0,True,0.01,0.95,10.0,39600.0,0.938,0.139
11532,1 - 1 - 2022,19800.0,6.59545297913646,5.623415332340303,7.498939925082745,0.00792,0.00630957,0.01,0.124,0.1,0.15,0.95,0.9,1.0,4470.0,31.4,875.0,1.0,True,0.01,0.95,10.0,39600.0,0.938,0.139
11533,1 - 1 - 2022,19800.0,6.473020933072903,5.623415332340303,7.498939925082745,0.008,0.00630957,0.01,0.124,0.1,0.15,1.2,1.0,1.5,1740.0,8.75,136.0,1.0,True,0.01,0.95,10.0,39600.0,0.938,0.139
11534,1 - 1 - 2022,19800.0,6.473020933072903,5.623415332340303,7.498939925082745,0.0078,0.00630957,0.01,0.123,0.1,0.15,1.74,1.5,2.0,506.0,4.72,0.0,1.0,True,0.01,0.95,10.0,39600.0,0.938,0.139
11535,1 - 1 - 2022,19800.0,6.6783231428256,5.623415332340303,7.498939925082745,0.00804,0.00630957,0.01,0.122,0.1,0.15,2.49,2.0,4.0,58.3,0.801,9.72,1.0,True,0.01,0.95,10.0,39600.0,0.938,0.139
11536,1 - 1 - 2022,19800.0,6.862943974709396,5.623415332340303,7.498939925082745,0.00753,0.00630957,0.01,0.178,0.15,0.2,0.0312,0.0,0.05,972.0,20.7,0.0,1.0,True,0.01,0.95,10.0,39600.0,0.938,0.139
11537,1 - 1 - 2022,19800.0,6.252999280345393,5.623415332340303,7.498939925082745,0.00809,0.00630957,0.01,0.177,0.15,0.2,0.0777,0.05,0.1,3890.0,41.4,194.0,1.0,True,0.01,0.95,10.0,39600.0,0.938,0.139
11538,1 - 1 - 2022,19800.0,6.457553716385176,5.623415332340303,7.498939925082745,0.00786,0.00630957,0.01,0.176,0.15,0.2,0.157,0.1,0.2,6030.0,36.4,340.0,1.0,True,0.01,0.95,10.0,39600.0,0.938,0.139
11539,1 - 1 - 2022,19800.0,6.434283176858165,5.623415332340303,7.498939925082745,0.00788,0.00630957,0.01,0.172,0.15,0.2,0.251,0.2,0.3,9960.0,46.8,1260.0,1.0,True,0.01,0.95,10.0,39600.0,0.938,0.139
11540,1 - 1 - 2022,19800.0,6.410928169929843,5.623415332340303,7.498939925082745,0.00798,0.00630957,0.01,0.174,0.15,0.2,0.352,0.3,0.4,10700.0,48.5,1360.0,1.0,True,0.01,0.95,10.0,39600.0,0.938,0.139
11541,1 - 1 - 2022,19800.0,6.410928169929843,5.623415332340303,7.498939925082745,0.00801,0.00630957,0.01,0.175,0.15,0.2,0.452,0.4,0.5,10100.0,47.2,1900.0,1.0,True,0.01,0.95,10.0,39600.0,0.938,0.139
11542,1 - 1 - 2022,19800.0,6.473020933072903,5.623415332340303,7.498939925082745,0.00807,0.00630957,0.01,0.173,0.15,0.2,0.547,0.5,0.6,8560.0,43.4,1700.0,1.0,True,0.01,0.95,10.0,39600.0,0.938,0.139
11543,1 - 1 - 2022,19800.0,6.442049363362563,5.623415332340303,7.498939925082745,0.00805,0.00630957,0.01,0.175,0.15,0.2,0.646,0.6,0.7,6850.0,38.8,1260.0,1.0,True,0.01,0.95,10.0,39600.0,0.938,0.139
11544,1 - 1 - 2022,19800.0,6.48074069840786,5.623415332340303,7.498939925082745,0.00795,0.00630957,0.01,0.173,0.15,0.2,0.748,0.7,0.8,4960.0,33.0,1120.0,1.0,True,0.01,0.95,10.0,39600.0,0.938,0.139
11545,1 - 1 - 2022,19800.0,6.457553716385176,5.623415332340303,7.498939925082745,0.00802,0.00630957,0.01,0.171,0.15,0.2,0.848,0.8,0.9,4810.0,32.6,826.0,1.0,True,0.01,0.95,10.0,39600.0,0.938,0.139
11546,1 - 1 - 2022,19800.0,6.5038450166036395,5.623415332340303,7.498939925082745,0.008,0.00630957,0.01,0.173,0.15,0.2,0.947,0.9,1.0,3550.0,28.0,583.0,1.0,True,0.01,0.95,10.0,39600.0,0.938,0.139
11547,1 - 1 - 2022,19800.0,6.526867548832288,5.623415332340303,7.498939925082745,0.00807,0.00630957,0.01,0.174,0.15,0.2,1.2,1.0,1.5,1420.0,7.91,194.0,1.0,True,0.01,0.95,10.0,39600.0,0.938,0.139
11548,1 - 1 - 2022,19800.0,6.387487769068525,5.623415332340303,7.498939925082745,0.00803,0.00630957,0.01,0.172,0.15,0.2,1.7,1.5,2.0,496.0,4.67,19.4,1.0,True,0.01,0.95,10.0,39600.0,0.938,0.139
11549,1 - 1 - 2022,19800.0,6.59545297913646,5.623415332340303,7.498939925082745,0.00785,0.00630957,0.01,0.174,0.15,0.2,2.52,2.0,4.0,89.9,0.995,19.4,1.0,True,0.01,0.95,10.0,39600.0,0.938,0.139
11550,1 - 1 - 2022,19800.0,6.260990336999411,5.623415332340303,7.498939925082745,0.00762,0.00630957,0.01,0.217,0.2,0.25,0.0326,0.0,0.05,972.0,20.7,0.0,1.0,True,0.01,0.95,10.0,39600.0,0.938,0.139
11551,1 - 1 - 2022,19800.0,6.473020933072903,5.623415332340303,7.498939925082745,0.00735,0.00630957,0.01,0.222,0.2,0.25,0.0785,0.05,0.1,1850.0,28.5,0.0,1.0,True,0.01,0.95,10.0,39600.0,0.938,0.139
11552,1 - 1 - 2022,19800.0,6.356099432828281,5.623415332340303,7.498939925082745,0.00806,0.00630957,0.01,0.221,0.2,0.25,0.156,0.1,0.2,4570.0,31.7,48.6,1.0,True,0.01,0.95,10.0,39600.0,0.938,0.139
11553,1 - 1 - 2022,19800.0,6.44980619863884,5.623415332340303,7.498939925082745,0.00809,0.00630957,0.01,0.224,0.2,0.25,0.254,0.2,0.3,6270.0,37.2,97.2,1.0,True,0.01,0.95,10.0,39600.0,0.938,0.139
11554,1 - 1 - 2022,19800.0,6.410928169929843,5.623415332340303,7.498939925082745,0.00791,0.00630957,0.01,0.224,0.2,0.25,0.349,0.3,0.4,6900.0,39.0,97.2,1.0,True,0.01,0.95,10.0,39600.0,0.938,0.139
11555,1 - 1 - 2022,19800.0,6.519202405202649,5.623415332340303,7.498939925082745,0.00798,0.00630957,0.01,0.223,0.2,0.25,0.449,0.4,0.5,6560.0,38.0,437.0,1.0,True,0.01,0.95,10.0,39600.0,0.938,0.139
11556,1 - 1 - 2022,19800.0,6.48074069840786,5.623415332340303,7.498939925082745,0.0078,0.00630957,0.01,0.224,0.2,0.25,0.55,0.5,0.6,5880.0,36.0,972.0,1.0,True,0.01,0.95,10.0,39600.0,0.938,0.139
11557,1 - 1 - 2022,19800.0,6.418722614352485,5.623415332340303,7.498939925082745,0.00799,0.00630957,0.01,0.224,0.2,0.25,0.651,0.6,0.7,4670.0,32.1,632.0,1.0,True,0.01,0.95,10.0,39600.0,0.938,0.139
11558,1 - 1 - 2022,19800.0,6.44980619863884,5.623415332340303,7.498939925082745,0.008,0.00630957,0.01,0.225,0.2,0.25,0.741,0.7,0.8,4130.0,30.2,778.0,1.0,True,0.01,0.95,10.0,39600.0,0.938,0.139
11559,1 - 1 - 2022,19800.0,6.534523701081817,5.623415332340303,7.498939925082745,0.00783,0.00630957,0.01,0.223,0.2,0.25,0.848,0.8,0.9,2820.0,24.9,243.0,1.0,True,0.01,0.95,10.0,39600.0,0.938,0.139
11560,1 - 1 - 2022,19800.0,6.308724118235001,5.623415332340303,7.498939925082745,0.00799,0.00630957,0.01,0.223,0.2,0.25,0.948,0.9,1.0,2380.0,22.9,389.0,1.0,True,0.01,0.95,10.0,39600.0,0.938,0.139
11561,1 - 1 - 2022,19800.0,6.442049363362563,5.623415332340303,7.498939925082745,0.00798,0.00630957,0.01,0.226,0.2,0.25,1.18,1.0,1.5,933.0,6.41,185.0,1.0,True,0.01,0.95,10.0,39600.0,0.938,0.139
11562,1 - 1 - 2022,19800.0,6.59545297913646,5.623415332340303,7.498939925082745,0.00777,0.00630957,0.01,0.228,0.2,0.25,1.68,1.5,2.0,350.0,3.93,38.9,1.0,True,0.01,0.95,10.0,39600.0,0.938,0.139
11563,1 - 1 - 2022,19800.0,6.395310782127793,5.623415332340303,7.498939925082745,0.00781,0.00630957,0.01,0.224,0.2,0.25,2.57,2.0,4.0,63.2,0.834,17.0,1.0,True,0.01,0.95,10.0,39600.0,0.938,0.139
11564,1 - 1 - 2022,19800.0,6.252999280345393,5.623415332340303,7.498939925082745,0.00766,0.00630957,0.01,0.277,0.25,0.3,0.0312,0.0,0.05,680.0,17.3,0.0,1.0,True,0.01,0.95,10.0,39600.0,0.938,0.139
11565,1 - 1 - 2022,19800.0,6.371812928829597,5.623415332340303,7.498939925082745,0.00819,0.00630957,0.01,0.271,0.25,0.3,0.0762,0.05,0.1,2240.0,31.4,0.0,1.0,True,0.01,0.95,10.0,39600.0,0.938,0.139
11566,1 - 1 - 2022,19800.0,6.519202405202649,5.623415332340303,7.498939925082745,0.00801,0.00630957,0.01,0.275,0.25,0.3,0.162,0.1,0.2,2480.0,23.4,48.6,1.0,True,0.01,0.95,10.0,39600.0,0.938,0.139
11567,1 - 1 - 2022,19800.0,6.348228099241551,5.623415332340303,7.498939925082745,0.00805,0.00630957,0.01,0.272,0.25,0.3,0.26,0.2,0.3,3450.0,27.6,0.0,1.0,True,0.01,0.95,10.0,39600.0,0.938,0.139
11568,1 - 1 - 2022,19800.0,6.418722614352485,5.623415332340303,7.498939925082745,0.00794,0.00630957,0.01,0.271,0.25,0.3,0.347,0.3,0.4,4670.0,32.1,0.0,1.0,True,0.01,0.95,10.0,39600.0,0.938,0.139
11569,1 - 1 - 2022,19800.0,6.457553716385176,5.623415332340303,7.498939925082745,0.00812,0.00630957,0.01,0.277,0.25,0.3,0.443,0.4,0.5,4620.0,31.9,0.0,1.0,True,0.01,0.95,10.0,39600.0,0.938,0.139
11570,1 - 1 - 2022,19800.0,6.363961030678928,5.623415332340303,7.498939925082745,0.00801,0.00630957,0.01,0.274,0.25,0.3,0.544,0.5,0.6,4180.0,30.3,146.0,1.0,True,0.01,0.95,10.0,39600.0,0.938,0.139
11571,1 - 1 - 2022,19800.0,6.340346993658944,5.623415332340303,7.498939925082745,0.00773,0.00630957,0.01,0.273,0.25,0.3,0.644,0.6,0.7,3740.0,28.7,340.0,1.0,True,0.01,0.95,10.0,39600.0,0.938,0.139
11572,1 - 1 - 2022,19800.0,6.387487769068525,5.623415332340303,7.498939925082745,0.00811,0.00630957,0.01,0.272,0.25,0.3,0.748,0.7,0.8,3110.0,26.2,292.0,1.0,True,0.01,0.95,10.0,39600.0,0.938,0.139
11573,1 - 1 - 2022,19800.0,6.4031242374328485,5.623415332340303,7.498939925082745,0.00801,0.00630957,0.01,0.274,0.25,0.3,0.85,0.8,0.9,2580.0,23.8,194.0,1.0,True,0.01,0.95,10.0,39600.0,0.938,0.139
11574,1 - 1 - 2022,19800.0,6.434283176858165,5.623415332340303,7.498939925082745,0.00808,0.00630957,0.01,0.274,0.25,0.3,0.952,0.9,1.0,2480.0,23.4,292.0,1.0,True,0.01,0.95,10.0,39600.0,0.938,0.139
11575,1 - 1 - 2022,19800.0,6.434283176858165,5.623415332340303,7.498939925082745,0.00808,0.00630957,0.01,0.273,0.25,0.3,1.19,1.0,1.5,817.0,6.0,136.0,1.0,True,0.01,0.95,10.0,39600.0,0.938,0.139
11576,1 - 1 - 2022,19800.0,6.610597552415364,5.623415332340303,7.498939925082745,0.00813,0.00630957,0.01,0.274,0.25,0.3,1.72,1.5,2.0,224.0,3.14,48.6,1.0,True,0.01,0.95,10.0,39600.0,0.938,0.139
11577,1 - 1 - 2022,19800.0,6.356099432828281,5.623415332340303,7.498939925082745,0.00799,0.00630957,0.01,0.271,0.25,0.3,2.77,2.0,4.0,51.0,0.75,12.2,1.0,True,0.01,0.95,10.0,39600.0,0.938,0.139
11578,1 - 1 - 2022,19800.0,5.89915248150105,5.623415332340303,7.498939925082745,0.00749,0.00630957,0.01,0.342,0.3,0.4,0.048,0.0,0.05,194.0,6.54,0.0,1.0,True,0.01,0.95,10.0,39600.0,0.938,0.139
11579,1 - 1 - 2022,19800.0,6.496152707564686,5.623415332340303,7.498939925082745,0.00818,0.00630957,0.01,0.337,0.3,0.4,0.0817,0.05,0.1,972.0,14.6,0.0,1.0,True,0.01,0.95,10.0,39600.0,0.938,0.139
11580,1 - 1 - 2022,19800.0,6.172519744804386,5.623415332340303,7.498939925082745,0.00784,0.00630957,0.01,0.342,0.3,0.4,0.15,0.1,0.2,1220.0,11.6,0.0,1.0,True,0.01,0.95,10.0,39600.0,0.938,0.139
11581,1 - 1 - 2022,19800.0,6.410928169929843,5.623415332340303,7.498939925082745,0.00803,0.00630957,0.01,0.348,0.3,0.4,0.253,0.2,0.3,2240.0,15.7,0.0,1.0,True,0.01,0.95,10.0,39600.0,0.938,0.139
11582,1 - 1 - 2022,19800.0,6.434283176858165,5.623415332340303,7.498939925082745,0.0079,0.00630957,0.01,0.341,0.3,0.4,0.352,0.3,0.4,2770.0,17.5,0.0,1.0,True,0.01,0.95,10.0,39600.0,0.938,0.139
11583,1 - 1 - 2022,19800.0,6.44980619863884,5.623415332340303,7.498939925082745,0.00789,0.00630957,0.01,0.345,0.3,0.4,0.451,0.4,0.5,2410.0,16.3,0.0,1.0,True,0.01,0.95,10.0,39600.0,0.938,0.139
11584,1 - 1 - 2022,19800.0,6.4031242374328485,5.623415332340303,7.498939925082745,0.00796,0.00630957,0.01,0.345,0.3,0.4,0.543,0.5,0.6,2210.0,15.6,0.0,1.0,True,0.01,0.95,10.0,39600.0,0.938,0.139
11585,1 - 1 - 2022,19800.0,6.5038450166036395,5.623415332340303,7.498939925082745,0.00802,0.00630957,0.01,0.348,0.3,0.4,0.652,0.6,0.7,1900.0,14.4,24.3,1.0,True,0.01,0.95,10.0,39600.0,0.938,0.139
11586,1 - 1 - 2022,19800.0,6.6558245169174945,5.623415332340303,7.498939925082745,0.00807,0.00630957,0.01,0.344,0.3,0.4,0.753,0.7,0.8,1750.0,13.9,0.0,1.0,True,0.01,0.95,10.0,39600.0,0.938,0.139
11587,1 - 1 - 2022,19800.0,6.442049363362563,5.623415332340303,7.498939925082745,0.00768,0.00630957,0.01,0.339,0.3,0.4,0.843,0.8,0.9,1070.0,10.9,48.6,1.0,True,0.01,0.95,10.0,39600.0,0.938,0.139
11588,1 - 1 - 2022,19800.0,6.4265076052238514,5.623415332340303,7.498939925082745,0.00799,0.00630957,0.01,0.344,0.3,0.4,0.943,0.9,1.0,826.0,9.54,24.3,1.0,True,0.01,0.95,10.0,39600.0,0.938,0.139
11589,1 - 1 - 2022,19800.0,6.4031242374328485,5.623415332340303,7.498939925082745,0.00794,0.00630957,0.01,0.344,0.3,0.4,1.21,1.0,1.5,544.0,3.46,24.3,1.0,True,0.01,0.95,10.0,39600.0,0.938,0.139
11590,1 - 1 - 2022,19800.0,6.340346993658944,5.623415332340303,7.498939925082745,0.00763,0.00630957,0.01,0.353,0.3,0.4,1.68,1.5,2.0,156.0,1.85,9.72,1.0,True,0.01,0.95,10.0,39600.0,0.938,0.139
11591,1 - 1 - 2022,19800.0,6.465291950097845,5.623415332340303,7.498939925082745,0.00757,0.00630957,0.01,0.338,0.3,0.4,2.63,2.0,4.0,25.5,0.375,6.08,1.0,True,0.01,0.95,10.0,39600.0,0.938,0.139
11592,1 - 1 - 2022,19800.0,6.935416353759881,5.623415332340303,7.498939925082745,0.00665,0.00630957,0.01,0.427,0.4,0.5,0.0351,0.0,0.05,48.6,3.27,0.0,1.0,True,0.01,0.95,10.0,39600.0,0.938,0.139
11593,1 - 1 - 2022,19800.0,6.395310782127793,5.623415332340303,7.498939925082745,0.00801,0.00630957,0.01,0.434,0.4,0.5,0.0782,0.05,0.1,583.0,11.3,0.0,1.0,True,0.01,0.95,10.0,39600.0,0.938,0.139
11594,1 - 1 - 2022,19800.0,6.348228099241551,5.623415332340303,7.498939925082745,0.00774,0.00630957,0.01,0.446,0.4,0.5,0.155,0.1,0.2,778.0,9.25,0.0,1.0,True,0.01,0.95,10.0,39600.0,0.938,0.139
11595,1 - 1 - 2022,19800.0,6.410928169929843,5.623415332340303,7.498939925082745,0.00808,0.00630957,0.01,0.433,0.4,0.5,0.256,0.2,0.3,1020.0,10.6,0.0,1.0,True,0.01,0.95,10.0,39600.0,0.938,0.139
11596,1 - 1 - 2022,19800.0,6.395310782127793,5.623415332340303,7.498939925082745,0.0078,0.00630957,0.01,0.448,0.4,0.5,0.353,0.3,0.4,1310.0,12.0,0.0,1.0,True,0.01,0.95,10.0,39600.0,0.938,0.139
11597,1 - 1 - 2022,19800.0,6.48074069840786,5.623415332340303,7.498939925082745,0.00798,0.00630957,0.01,0.452,0.4,0.5,0.446,0.4,0.5,1290.0,11.9,0.0,1.0,True,0.01,0.95,10.0,39600.0,0.938,0.139
11598,1 - 1 - 2022,19800.0,6.356099432828281,5.623415332340303,7.498939925082745,0.00798,0.00630957,0.01,0.433,0.4,0.5,0.551,0.5,0.6,996.0,10.5,0.0,1.0,True,0.01,0.95,10.0,39600.0,0.938,0.139
11599,1 - 1 - 2022,19800.0,6.58027355054484,5.623415332340303,7.498939925082745,0.00799,0.00630957,0.01,0.446,0.4,0.5,0.646,0.6,0.7,996.0,10.5,0.0,1.0,True,0.01,0.95,10.0,39600.0,0.938,0.139
11600,1 - 1 - 2022,19800.0,6.434283176858165,5.623415332340303,7.498939925082745,0.00801,0.00630957,0.01,0.445,0.4,0.5,0.751,0.7,0.8,851.0,9.68,24.3,1.0,True,0.01,0.95,10.0,39600.0,0.938,0.139
11601,1 - 1 - 2022,19800.0,6.618156843109719,5.623415332340303,7.498939925082745,0.00779,0.00630957,0.01,0.44,0.4,0.5,0.851,0.8,0.9,559.0,7.84,24.3,1.0,True,0.01,0.95,10.0,39600.0,0.938,0.139
11602,1 - 1 - 2022,19800.0,6.44980619863884,5.623415332340303,7.498939925082745,0.00812,0.00630957,0.01,0.441,0.4,0.5,0.961,0.9,1.0,340.0,6.12,24.3,1.0,True,0.01,0.95,10.0,39600.0,0.938,0.139
11603,1 - 1 - 2022,19800.0,6.58027355054484,5.623415332340303,7.498939925082745,0.00805,0.00630957,0.01,0.446,0.4,0.5,1.17,1.0,1.5,301.0,2.58,24.3,1.0,True,0.01,0.95,10.0,39600.0,0.938,0.139
11604,1 - 1 - 2022,19800.0,6.465291950097845,5.623415332340303,7.498939925082745,0.00791,0.00630957,0.01,0.449,0.4,0.5,1.71,1.5,2.0,141.0,1.76,29.2,1.0,True,0.01,0.95,10.0,39600.0,0.938,0.139
11605,1 - 1 - 2022,19800.0,6.700746227100382,5.623415332340303,7.498939925082745,0.00813,0.00630957,0.01,0.465,0.4,0.5,2.3,2.0,4.0,12.2,0.259,7.29,1.0,True,0.01,0.95,10.0,39600.0,0.938,0.139
11606,1 - 1 - 2022,19800.0,6.488451279003334,5.623415332340303,7.498939925082745,0.00878,0.00630957,0.01,0.528,0.5,0.6,0.0548,0.05,0.1,97.2,4.63,0.0,1.0,True,0.01,0.95,10.0,39600.0,0.938,0.139
11607,1 - 1 - 2022,19800.0,6.1400325732035,5.623415332340303,7.498939925082745,0.00816,0.00630957,0.01,0.551,0.5,0.6,0.157,0.1,0.2,437.0,6.94,0.0,1.0,True,0.01,0.95,10.0,39600.0,0.938,0.139
11608,1 - 1 - 2022,19800.0,6.268971207462991,5.623415332340303,7.498939925082745,0.00781,0.00630957,0.01,0.552,0.5,0.6,0.265,0.2,0.3,462.0,7.13,24.3,1.0,True,0.01,0.95,10.0,39600.0,0.938,0.139
11609,1 - 1 - 2022,19800.0,6.465291950097845,5.623415332340303,7.498939925082745,0.00773,0.00630957,0.01,0.545,0.5,0.6,0.349,0.3,0.4,729.0,8.96,122.0,1.0,True,0.01,0.95,10.0,39600.0,0.938,0.139
11610,1 - 1 - 2022,19800.0,6.395310782127793,5.623415332340303,7.498939925082745,0.00831,0.00630957,0.01,0.535,0.5,0.6,0.452,0.4,0.5,510.0,7.5,72.9,1.0,True,0.01,0.95,10.0,39600.0,0.938,0.139
11611,1 - 1 - 2022,19800.0,6.308724118235001,5.623415332340303,7.498939925082745,0.00791,0.00630957,0.01,0.535,0.5,0.6,0.543,0.5,0.6,486.0,7.32,24.3,1.0,True,0.01,0.95,10.0,39600.0,0.938,0.139
11612,1 - 1 - 2022,19800.0,6.465291950097845,5.623415332340303,7.498939925082745,0.00796,0.00630957,0.01,0.55,0.5,0.6,0.659,0.6,0.7,535.0,7.67,122.0,1.0,True,0.01,0.95,10.0,39600.0,0.938,0.139
11613,1 - 1 - 2022,19800.0,6.276941930590086,5.623415332340303,7.498939925082745,0.00795,0.00630957,0.01,0.553,0.5,0.6,0.741,0.7,0.8,365.0,6.34,48.6,1.0,True,0.01,0.95,10.0,39600.0,0.938,0.139
11614,1 - 1 - 2022,19800.0,6.371812928829597,5.623415332340303,7.498939925082745,0.00834,0.00630957,0.01,0.544,0.5,0.6,0.85,0.8,0.9,389.0,6.54,72.9,1.0,True,0.01,0.95,10.0,39600.0,0.938,0.139
11615,1 - 1 - 2022,19800.0,6.244997998398398,5.623415332340303,7.498939925082745,0.00755,0.00630957,0.01,0.546,0.5,0.6,0.949,0.9,1.0,316.0,5.9,72.9,1.0,True,0.01,0.95,10.0,39600.0,0.938,0.139
11616,1 - 1 - 2022,19800.0,6.363961030678928,5.623415332340303,7.498939925082745,0.0078,0.00630957,0.01,0.553,0.5,0.6,1.23,1.0,1.5,126.0,1.67,38.9,1.0,True,0.01,0.95,10.0,39600.0,0.938,0.139
11617,1 - 1 - 2022,19800.0,6.59545297913646,5.623415332340303,7.498939925082745,0.0085,0.00630957,0.01,0.54,0.5,0.6,1.7,1.5,2.0,68.0,1.22,19.4,1.0,True,0.01,0.95,10.0,39600.0,0.938,0.139
11618,1 - 1 - 2022,19800.0,6.395310782127793,5.623415332340303,7.498939925082745,0.0075,0.00630957,0.01,0.558,0.5,0.6,2.59,2.0,4.0,9.72,0.231,6.08,1.0,True,0.01,0.95,10.0,39600.0,0.938,0.139
11619,1 - 1 - 2022,19800.0,6.156297588648554,5.623415332340303,7.498939925082745,0.00772,0.00630957,0.01,0.644,0.6,0.7,0.157,0.1,0.2,146.0,4.01,48.6,1.0,True,0.01,0.95,10.0,39600.0,0.938,0.139
11620,1 - 1 - 2022,19800.0,6.5038450166036395,5.623415332340303,7.498939925082745,0.00845,0.00630957,0.01,0.635,0.6,0.7,0.265,0.2,0.3,267.0,5.43,170.0,1.0,True,0.01,0.95,10.0,39600.0,0.938,0.139
11621,1 - 1 - 2022,19800.0,6.371812928829597,5.623415332340303,7.498939925082745,0.00765,0.00630957,0.01,0.639,0.6,0.7,0.341,0.3,0.4,340.0,6.12,170.0,1.0,True,0.01,0.95,10.0,39600.0,0.938,0.139
11622,1 - 1 - 2022,19800.0,6.549809157525126,5.623415332340303,7.498939925082745,0.00802,0.00630957,0.01,0.65,0.6,0.7,0.44,0.4,0.5,219.0,4.91,146.0,1.0,True,0.01,0.95,10.0,39600.0,0.938,0.139
11623,1 - 1 - 2022,19800.0,6.316644678941502,5.623415332340303,7.498939925082745,0.00789,0.00630957,0.01,0.652,0.6,0.7,0.55,0.5,0.6,243.0,5.17,146.0,1.0,True,0.01,0.95,10.0,39600.0,0.938,0.139
11624,1 - 1 - 2022,19800.0,6.442049363362563,5.623415332340303,7.498939925082745,0.00822,0.00630957,0.01,0.657,0.6,0.7,0.654,0.6,0.7,243.0,5.17,122.0,1.0,True,0.01,0.95,10.0,39600.0,0.938,0.139
11625,1 - 1 - 2022,19800.0,6.363961030678928,5.623415332340303,7.498939925082745,0.00811,0.00630957,0.01,0.646,0.6,0.7,0.749,0.7,0.8,194.0,4.63,72.9,1.0,True,0.01,0.95,10.0,39600.0,0.938,0.139
11626,1 - 1 - 2022,19800.0,6.276941930590086,5.623415332340303,7.498939925082745,0.00807,0.00630957,0.01,0.639,0.6,0.7,0.848,0.8,0.9,170.0,4.33,122.0,1.0,True,0.01,0.95,10.0,39600.0,0.938,0.139
11627,1 - 1 - 2022,19800.0,6.0909769331364245,5.623415332340303,7.498939925082745,0.00726,0.00630957,0.01,0.627,0.6,0.7,0.972,0.9,1.0,48.6,2.31,0.0,1.0,True,0.01,0.95,10.0,39600.0,0.938,0.139
11628,1 - 1 - 2022,19800.0,6.526867548832288,5.623415332340303,7.498939925082745,0.0079,0.00630957,0.01,0.644,0.6,0.7,1.26,1.0,1.5,68.1,1.22,38.9,1.0,True,0.01,0.95,10.0,39600.0,0.938,0.139
11629,1 - 1 - 2022,19800.0,6.48074069840786,5.623415332340303,7.498939925082745,0.00866,0.00630957,0.01,0.649,0.6,0.7,1.63,1.5,2.0,19.4,0.654,9.72,1.0,True,0.01,0.95,10.0,39600.0,0.938,0.139
11630,1 - 1 - 2022,19800.0,6.700746227100382,5.623415332340303,7.498939925082745,0.00651,0.00630957,0.01,0.602,0.6,0.7,2.36,2.0,4.0,1.22,0.0818,0.0,1.0,True,0.01,0.95,10.0,39600.0,0.938,0.139
11631,1 - 1 - 2022,19800.0,6.395310782127793,5.623415332340303,7.498939925082745,0.00833,0.00630957,0.01,0.748,0.7,0.8,0.639,0.6,0.7,121.0,3.66,97.2,1.0,True,0.01,0.95,10.0,39600.0,0.938,0.139
11632,1 - 1 - 2022,19800.0,6.526867548832288,5.623415332340303,7.498939925082745,0.00861,0.00630957,0.01,0.717,0.7,0.8,1.25,1.0,1.5,19.4,0.654,14.6,1.0,True,0.01,0.95,10.0,39600.0,0.938,0.139
11633,1 - 1 - 2022,19800.0,6.356099432828281,5.623415332340303,7.498939925082745,0.0124,0.01,0.0158489,0.0282,0.0,0.05,0.0335,0.0,0.05,3620.0,31.7,3370.0,1.0,True,0.01,0.95,10.0,39600.0,0.938,0.139
11634,1 - 1 - 2022,19800.0,6.519202405202649,5.623415332340303,7.498939925082745,0.0124,0.01,0.0158489,0.0263,0.0,0.05,0.0771,0.05,0.1,11300.0,56.0,10100.0,1.0,True,0.01,0.95,10.0,39600.0,0.938,0.139
11635,1 - 1 - 2022,19800.0,6.5038450166036395,5.623415332340303,7.498939925082745,0.0126,0.01,0.0158489,0.0216,0.0,0.05,0.155,0.1,0.2,25400.0,59.4,19800.0,1.0,True,0.01,0.95,10.0,39600.0,0.938,0.139
11636,1 - 1 - 2022,19800.0,6.496152707564686,5.623415332340303,7.498939925082745,0.0126,0.01,0.0158489,0.0191,0.0,0.05,0.251,0.2,0.3,39600.0,74.1,24500.0,1.0,True,0.01,0.95,10.0,39600.0,0.938,0.139
11637,1 - 1 - 2022,19800.0,6.48074069840786,5.623415332340303,7.498939925082745,0.0127,0.01,0.0158489,0.0191,0.0,0.05,0.349,0.3,0.4,40000.0,74.5,20900.0,1.0,True,0.01,0.95,10.0,39600.0,0.938,0.139
11638,1 - 1 - 2022,19800.0,6.473020933072903,5.623415332340303,7.498939925082745,0.0126,0.01,0.0158489,0.0192,0.0,0.05,0.449,0.4,0.5,36200.0,70.9,14900.0,1.0,True,0.01,0.95,10.0,39600.0,0.938,0.139
11639,1 - 1 - 2022,19800.0,6.5038450166036395,5.623415332340303,7.498939925082745,0.0126,0.01,0.0158489,0.0195,0.0,0.05,0.547,0.5,0.6,26700.0,60.9,9320.0,1.0,True,0.01,0.95,10.0,39600.0,0.938,0.139
11640,1 - 1 - 2022,19800.0,6.511528238439882,5.623415332340303,7.498939925082745,0.0125,0.01,0.0158489,0.0203,0.0,0.05,0.647,0.6,0.7,20900.0,53.8,5060.0,1.0,True,0.01,0.95,10.0,39600.0,0.938,0.139
11641,1 - 1 - 2022,19800.0,6.488451279003334,5.623415332340303,7.498939925082745,0.0126,0.01,0.0158489,0.0194,0.0,0.05,0.749,0.7,0.8,12900.0,42.4,2910.0,1.0,True,0.01,0.95,10.0,39600.0,0.938,0.139
11642,1 - 1 - 2022,19800.0,6.48074069840786,5.623415332340303,7.498939925082745,0.0127,0.01,0.0158489,0.0228,0.0,0.05,0.849,0.8,0.9,8650.0,34.7,1720.0,1.0,True,0.01,0.95,10.0,39600.0,0.938,0.139
11643,1 - 1 - 2022,19800.0,6.5038450166036395,5.623415332340303,7.498939925082745,0.0126,0.01,0.0158489,0.0228,0.0,0.05,0.942,0.9,1.0,5890.0,28.6,951.0,1.0,True,0.01,0.95,10.0,39600.0,0.938,0.139
11644,1 - 1 - 2022,19800.0,6.511528238439882,5.623415332340303,7.498939925082745,0.0125,0.01,0.0158489,0.0233,0.0,0.05,1.16,1.0,1.5,1340.0,6.1,147.0,1.0,True,0.01,0.95,10.0,39600.0,0.938,0.139
11645,1 - 1 - 2022,19800.0,6.465291950097845,5.623415332340303,7.498939925082745,0.0126,0.01,0.0158489,0.0274,0.0,0.05,1.66,1.5,2.0,251.0,2.64,18.4,1.0,True,0.01,0.95,10.0,39600.0,0.938,0.139
11646,1 - 1 - 2022,19800.0,6.6332495807108,5.623415332340303,7.498939925082745,0.0123,0.01,0.0158489,0.0313,0.0,0.05,2.56,2.0,4.0,18.4,0.358,0.0,1.0,True,0.01,0.95,10.0,39600.0,0.938,0.139
11647,1 - 1 - 2022,19800.0,6.4265076052238514,5.623415332340303,7.498939925082745,0.013,0.01,0.0158489,0.0745,0.05,0.1,0.0353,0.0,0.05,1590.0,21.1,491.0,1.0,True,0.01,0.95,10.0,39600.0,0.938,0.139
11648,1 - 1 - 2022,19800.0,6.519202405202649,5.623415332340303,7.498939925082745,0.0128,0.01,0.0158489,0.0743,0.05,0.1,0.0776,0.05,0.1,6690.0,43.1,3370.0,1.0,True,0.01,0.95,10.0,39600.0,0.938,0.139
11649,1 - 1 - 2022,19800.0,6.442049363362563,5.623415332340303,7.498939925082745,0.0128,0.01,0.0158489,0.0736,0.05,0.1,0.156,0.1,0.2,12200.0,41.1,7790.0,1.0,True,0.01,0.95,10.0,39600.0,0.938,0.139
11650,1 - 1 - 2022,19800.0,6.4265076052238514,5.623415332340303,7.498939925082745,0.0126,0.01,0.0158489,0.0724,0.05,0.1,0.25,0.2,0.3,14800.0,45.4,9420.0,1.0,True,0.01,0.95,10.0,39600.0,0.938,0.139
11651,1 - 1 - 2022,19800.0,6.457553716385176,5.623415332340303,7.498939925082745,0.0127,0.01,0.0158489,0.0728,0.05,0.1,0.349,0.3,0.4,15400.0,46.3,9720.0,1.0,True,0.01,0.95,10.0,39600.0,0.938,0.139
11652,1 - 1 - 2022,19800.0,6.4031242374328485,5.623415332340303,7.498939925082745,0.0126,0.01,0.0158489,0.0725,0.05,0.1,0.448,0.4,0.5,12500.0,41.7,6840.0,1.0,True,0.01,0.95,10.0,39600.0,0.938,0.139
11653,1 - 1 - 2022,19800.0,6.457553716385176,5.623415332340303,7.498939925082745,0.0125,0.01,0.0158489,0.0746,0.05,0.1,0.542,0.5,0.6,9780.0,36.9,4850.0,1.0,True,0.01,0.95,10.0,39600.0,0.938,0.139
11654,1 - 1 - 2022,19800.0,6.473020933072903,5.623415332340303,7.498939925082745,0.0127,0.01,0.0158489,0.0734,0.05,0.1,0.65,0.6,0.7,8770.0,34.9,3680.0,1.0,True,0.01,0.95,10.0,39600.0,0.938,0.139
11655,1 - 1 - 2022,19800.0,6.434283176858165,5.623415332340303,7.498939925082745,0.0126,0.01,0.0158489,0.0725,0.05,0.1,0.748,0.7,0.8,5700.0,28.2,1590.0,1.0,True,0.01,0.95,10.0,39600.0,0.938,0.139
11656,1 - 1 - 2022,19800.0,6.526867548832288,5.623415332340303,7.498939925082745,0.0129,0.01,0.0158489,0.0722,0.05,0.1,0.846,0.8,0.9,3430.0,21.8,920.0,1.0,True,0.01,0.95,10.0,39600.0,0.938,0.139
11657,1 - 1 - 2022,19800.0,6.496152707564686,5.623415332340303,7.498939925082745,0.0127,0.01,0.0158489,0.0725,0.05,0.1,0.946,0.9,1.0,3220.0,21.2,675.0,1.0,True,0.01,0.95,10.0,39600.0,0.938,0.139
11658,1 - 1 - 2022,19800.0,6.565059024867941,5.623415332340303,7.498939925082745,0.0125,0.01,0.0158489,0.0724,0.05,0.1,1.18,1.0,1.5,1230.0,5.84,98.1,1.0,True,0.01,0.95,10.0,39600.0,0.938,0.139
11659,1 - 1 - 2022,19800.0,6.557438524302,5.623415332340303,7.498939925082745,0.0123,0.01,0.0158489,0.0788,0.05,0.1,1.71,1.5,2.0,270.0,2.74,0.0,1.0,True,0.01,0.95,10.0,39600.0,0.938,0.139
11660,1 - 1 - 2022,19800.0,6.572670690061994,5.623415332340303,7.498939925082745,0.0132,0.01,0.0158489,0.0761,0.05,0.1,2.59,2.0,4.0,32.2,0.473,0.0,1.0,True,0.01,0.95,10.0,39600.0,0.938,0.139
11661,1 - 1 - 2022,19800.0,6.340346993658944,5.623415332340303,7.498939925082745,0.0131,0.01,0.0158489,0.119,0.1,0.15,0.0365,0.0,0.05,1350.0,19.4,613.0,1.0,True,0.01,0.95,10.0,39600.0,0.938,0.139
11662,1 - 1 - 2022,19800.0,6.5038450166036395,5.623415332340303,7.498939925082745,0.0127,0.01,0.0158489,0.122,0.1,0.15,0.0767,0.05,0.1,3990.0,33.3,1410.0,1.0,True,0.01,0.95,10.0,39600.0,0.938,0.139
11663,1 - 1 - 2022,19800.0,6.4265076052238514,5.623415332340303,7.498939925082745,0.0126,0.01,0.0158489,0.123,0.1,0.15,0.154,0.1,0.2,7270.0,31.8,1720.0,1.0,True,0.01,0.95,10.0,39600.0,0.938,0.139
11664,1 - 1 - 2022,19800.0,6.4265076052238514,5.623415332340303,7.498939925082745,0.0127,0.01,0.0158489,0.123,0.1,0.15,0.252,0.2,0.3,8960.0,35.3,2150.0,1.0,True,0.01,0.95,10.0,39600.0,0.938,0.139
11665,1 - 1 - 2022,19800.0,6.4265076052238514,5.623415332340303,7.498939925082745,0.0127,0.01,0.0158489,0.123,0.1,0.15,0.349,0.3,0.4,8620.0,34.6,2390.0,1.0,True,0.01,0.95,10.0,39600.0,0.938,0.139
11666,1 - 1 - 2022,19800.0,6.4031242374328485,5.623415332340303,7.498939925082745,0.0125,0.01,0.0158489,0.123,0.1,0.15,0.449,0.4,0.5,9080.0,35.5,2550.0,1.0,True,0.01,0.95,10.0,39600.0,0.938,0.139
11667,1 - 1 - 2022,19800.0,6.371812928829597,5.623415332340303,7.498939925082745,0.0125,0.01,0.0158489,0.123,0.1,0.15,0.545,0.5,0.6,7080.0,31.4,1810.0,1.0,True,0.01,0.95,10.0,39600.0,0.938,0.139
11668,1 - 1 - 2022,19800.0,6.442049363362563,5.623415332340303,7.498939925082745,0.0127,0.01,0.0158489,0.122,0.1,0.15,0.649,0.6,0.7,5460.0,27.5,1350.0,1.0,True,0.01,0.95,10.0,39600.0,0.938,0.139
11669,1 - 1 - 2022,19800.0,6.3796551630946325,5.623415332340303,7.498939925082745,0.0127,0.01,0.0158489,0.123,0.1,0.15,0.748,0.7,0.8,4230.0,24.2,1170.0,1.0,True,0.01,0.95,10.0,39600.0,0.938,0.139
11670,1 - 1 - 2022,19800.0,6.4031242374328485,5.623415332340303,7.498939925082745,0.0127,0.01,0.0158489,0.124,0.1,0.15,0.843,0.8,0.9,3400.0,21.7,767.0,1.0,True,0.01,0.95,10.0,39600.0,0.938,0.139
11671,1 - 1 - 2022,19800.0,6.496152707564686,5.623415332340303,7.498939925082745,0.0127,0.01,0.0158489,0.124,0.1,0.15,0.953,0.9,1.0,2240.0,17.6,491.0,1.0,True,0.01,0.95,10.0,39600.0,0.938,0.139
11672,1 - 1 - 2022,19800.0,6.48074069840786,5.623415332340303,7.498939925082745,0.0126,0.01,0.0158489,0.123,0.1,0.15,1.19,1.0,1.5,1020.0,5.34,79.7,1.0,True,0.01,0.95,10.0,39600.0,0.938,0.139
11673,1 - 1 - 2022,19800.0,6.434283176858165,5.623415332340303,7.498939925082745,0.0127,0.01,0.0158489,0.124,0.1,0.15,1.72,1.5,2.0,282.0,2.8,12.3,1.0,True,0.01,0.95,10.0,39600.0,0.938,0.139
11674,1 - 1 - 2022,19800.0,6.496152707564686,5.623415332340303,7.498939925082745,0.0129,0.01,0.0158489,0.127,0.1,0.15,2.51,2.0,4.0,42.9,0.546,0.0,1.0,True,0.01,0.95,10.0,39600.0,0.938,0.139
11675,1 - 1 - 2022,19800.0,6.5038450166036395,5.623415332340303,7.498939925082745,0.0121,0.01,0.0158489,0.172,0.15,0.2,0.0343,0.0,0.05,920.0,16.0,0.0,1.0,True,0.01,0.95,10.0,39600.0,0.938,0.139
11676,1 - 1 - 2022,19800.0,6.252999280345393,5.623415332340303,7.498939925082745,0.0128,0.01,0.0158489,0.172,0.15,0.2,0.0764,0.05,0.1,2580.0,26.8,123.0,1.0,True,0.01,0.95,10.0,39600.0,0.938,0.139
11677,1 - 1 - 2022,19800.0,6.526867548832288,5.623415332340303,7.498939925082745,0.0128,0.01,0.0158489,0.172,0.15,0.2,0.156,0.1,0.2,4510.0,25.0,215.0,1.0,True,0.01,0.95,10.0,39600.0,0.938,0.139
11678,1 - 1 - 2022,19800.0,6.371812928829597,5.623415332340303,7.498939925082745,0.0127,0.01,0.0158489,0.174,0.15,0.2,0.25,0.2,0.3,5860.0,28.5,583.0,1.0,True,0.01,0.95,10.0,39600.0,0.938,0.139
11679,1 - 1 - 2022,19800.0,6.511528238439882,5.623415332340303,7.498939925082745,0.0127,0.01,0.0158489,0.172,0.15,0.2,0.347,0.3,0.4,5670.0,28.1,521.0,1.0,True,0.01,0.95,10.0,39600.0,0.938,0.139
11680,1 - 1 - 2022,19800.0,6.44980619863884,5.623415332340303,7.498939925082745,0.0128,0.01,0.0158489,0.173,0.15,0.2,0.45,0.4,0.5,5120.0,26.7,460.0,1.0,True,0.01,0.95,10.0,39600.0,0.938,0.139
11681,1 - 1 - 2022,19800.0,6.387487769068525,5.623415332340303,7.498939925082745,0.0125,0.01,0.0158489,0.173,0.15,0.2,0.556,0.5,0.6,4660.0,25.5,552.0,1.0,True,0.01,0.95,10.0,39600.0,0.938,0.139
11682,1 - 1 - 2022,19800.0,6.565059024867941,5.623415332340303,7.498939925082745,0.013,0.01,0.0158489,0.175,0.15,0.2,0.644,0.6,0.7,3990.0,23.5,460.0,1.0,True,0.01,0.95,10.0,39600.0,0.938,0.139
11683,1 - 1 - 2022,19800.0,6.48074069840786,5.623415332340303,7.498939925082745,0.0127,0.01,0.0158489,0.174,0.15,0.2,0.744,0.7,0.8,3440.0,21.8,613.0,1.0,True,0.01,0.95,10.0,39600.0,0.938,0.139
11684,1 - 1 - 2022,19800.0,6.488451279003334,5.623415332340303,7.498939925082745,0.0126,0.01,0.0158489,0.172,0.15,0.2,0.845,0.8,0.9,2390.0,18.2,368.0,1.0,True,0.01,0.95,10.0,39600.0,0.938,0.139
11685,1 - 1 - 2022,19800.0,6.496152707564686,5.623415332340303,7.498939925082745,0.0124,0.01,0.0158489,0.175,0.15,0.2,0.946,0.9,1.0,1500.0,14.4,307.0,1.0,True,0.01,0.95,10.0,39600.0,0.938,0.139
11686,1 - 1 - 2022,19800.0,6.5038450166036395,5.623415332340303,7.498939925082745,0.0128,0.01,0.0158489,0.173,0.15,0.2,1.2,1.0,1.5,754.0,4.58,79.7,1.0,True,0.01,0.95,10.0,39600.0,0.938,0.139
11687,1 - 1 - 2022,19800.0,6.434283176858165,5.623415332340303,7.498939925082745,0.0125,0.01,0.0158489,0.174,0.15,0.2,1.69,1.5,2.0,215.0,2.44,18.4,1.0,True,0.01,0.95,10.0,39600.0,0.938,0.139
11688,1 - 1 - 2022,19800.0,6.730527468185536,5.623415332340303,7.498939925082745,0.0127,0.01,0.0158489,0.177,0.15,0.2,2.69,2.0,4.0,35.3,0.495,3.07,1.0,True,0.01,0.95,10.0,39600.0,0.938,0.139
11689,1 - 1 - 2022,19800.0,6.549809157525126,5.623415332340303,7.498939925082745,0.0128,0.01,0.0158489,0.22,0.2,0.25,0.031,0.0,0.05,613.0,13.1,0.0,1.0,True,0.01,0.95,10.0,39600.0,0.938,0.139
11690,1 - 1 - 2022,19800.0,6.44980619863884,5.623415332340303,7.498939925082745,0.0129,0.01,0.0158489,0.225,0.2,0.25,0.0777,0.05,0.1,1470.0,20.2,0.0,1.0,True,0.01,0.95,10.0,39600.0,0.938,0.139
11691,1 - 1 - 2022,19800.0,6.457553716385176,5.623415332340303,7.498939925082745,0.0126,0.01,0.0158489,0.224,0.2,0.25,0.155,0.1,0.2,2730.0,19.5,30.7,1.0,True,0.01,0.95,10.0,39600.0,0.938,0.139
11692,1 - 1 - 2022,19800.0,6.534523701081817,5.623415332340303,7.498939925082745,0.0127,0.01,0.0158489,0.222,0.2,0.25,0.25,0.2,0.3,3370.0,21.7,0.0,1.0,True,0.01,0.95,10.0,39600.0,0.938,0.139
11693,1 - 1 - 2022,19800.0,6.4265076052238514,5.623415332340303,7.498939925082745,0.0126,0.01,0.0158489,0.223,0.2,0.25,0.35,0.3,0.4,3800.0,23.0,0.0,1.0,True,0.01,0.95,10.0,39600.0,0.938,0.139
11694,1 - 1 - 2022,19800.0,6.387487769068525,5.623415332340303,7.498939925082745,0.0127,0.01,0.0158489,0.224,0.2,0.25,0.447,0.4,0.5,3590.0,22.3,0.0,1.0,True,0.01,0.95,10.0,39600.0,0.938,0.139
11695,1 - 1 - 2022,19800.0,6.356099432828281,5.623415332340303,7.498939925082745,0.0126,0.01,0.0158489,0.22,0.2,0.25,0.546,0.5,0.6,3190.0,21.1,92.0,1.0,True,0.01,0.95,10.0,39600.0,0.938,0.139
11696,1 - 1 - 2022,19800.0,6.356099432828281,5.623415332340303,7.498939925082745,0.0125,0.01,0.0158489,0.223,0.2,0.25,0.646,0.6,0.7,2640.0,19.1,92.0,1.0,True,0.01,0.95,10.0,39600.0,0.938,0.139
11697,1 - 1 - 2022,19800.0,6.410928169929843,5.623415332340303,7.498939925082745,0.0127,0.01,0.0158489,0.224,0.2,0.25,0.743,0.7,0.8,2550.0,18.8,245.0,1.0,True,0.01,0.95,10.0,39600.0,0.938,0.139
11698,1 - 1 - 2022,19800.0,6.410928169929843,5.623415332340303,7.498939925082745,0.0123,0.01,0.0158489,0.221,0.2,0.25,0.852,0.8,0.9,1900.0,16.3,307.0,1.0,True,0.01,0.95,10.0,39600.0,0.938,0.139
11699,1 - 1 - 2022,19800.0,6.572670690061994,5.623415332340303,7.498939925082745,0.013,0.01,0.0158489,0.225,0.2,0.25,0.941,0.9,1.0,1290.0,13.4,153.0,1.0,True,0.01,0.95,10.0,39600.0,0.938,0.139
11700,1 - 1 - 2022,19800.0,6.48074069840786,5.623415332340303,7.498939925082745,0.0126,0.01,0.0158489,0.225,0.2,0.25,1.18,1.0,1.5,534.0,3.85,49.1,1.0,True,0.01,0.95,10.0,39600.0,0.938,0.139
11701,1 - 1 - 2022,19800.0,6.648308055437865,5.623415332340303,7.498939925082745,0.013,0.01,0.0158489,0.227,0.2,0.25,1.66,1.5,2.0,85.9,1.54,24.5,1.0,True,0.01,0.95,10.0,39600.0,0.938,0.139
11702,1 - 1 - 2022,19800.0,6.268971207462991,5.623415332340303,7.498939925082745,0.0123,0.01,0.0158489,0.225,0.2,0.25,2.46,2.0,4.0,39.9,0.526,7.67,1.0,True,0.01,0.95,10.0,39600.0,0.938,0.139
11703,1 - 1 - 2022,19800.0,6.496152707564686,5.623415332340303,7.498939925082745,0.0129,0.01,0.0158489,0.28,0.25,0.3,0.0367,0.0,0.05,307.0,9.23,0.0,1.0,True,0.01,0.95,10.0,39600.0,0.938,0.139
11704,1 - 1 - 2022,19800.0,6.340346993658944,5.623415332340303,7.498939925082745,0.0126,0.01,0.0158489,0.277,0.25,0.3,0.0814,0.05,0.1,1100.0,17.5,0.0,1.0,True,0.01,0.95,10.0,39600.0,0.938,0.139
11705,1 - 1 - 2022,19800.0,6.465291950097845,5.623415332340303,7.498939925082745,0.0128,0.01,0.0158489,0.273,0.25,0.3,0.148,0.1,0.2,1810.0,15.9,0.0,1.0,True,0.01,0.95,10.0,39600.0,0.938,0.139
11706,1 - 1 - 2022,19800.0,6.488451279003334,5.623415332340303,7.498939925082745,0.013,0.01,0.0158489,0.272,0.25,0.3,0.252,0.2,0.3,2510.0,18.7,0.0,1.0,True,0.01,0.95,10.0,39600.0,0.938,0.139
11707,1 - 1 - 2022,19800.0,6.410928169929843,5.623415332340303,7.498939925082745,0.0125,0.01,0.0158489,0.273,0.25,0.3,0.357,0.3,0.4,2390.0,18.2,0.0,1.0,True,0.01,0.95,10.0,39600.0,0.938,0.139
11708,1 - 1 - 2022,19800.0,6.44980619863884,5.623415332340303,7.498939925082745,0.0127,0.01,0.0158489,0.277,0.25,0.3,0.454,0.4,0.5,2820.0,19.8,30.7,1.0,True,0.01,0.95,10.0,39600.0,0.938,0.139
11709,1 - 1 - 2022,19800.0,6.457553716385176,5.623415332340303,7.498939925082745,0.0127,0.01,0.0158489,0.273,0.25,0.3,0.549,0.5,0.6,2480.0,18.6,0.0,1.0,True,0.01,0.95,10.0,39600.0,0.938,0.139
11710,1 - 1 - 2022,19800.0,6.54217089351845,5.623415332340303,7.498939925082745,0.0127,0.01,0.0158489,0.274,0.25,0.3,0.649,0.6,0.7,1750.0,15.6,0.0,1.0,True,0.01,0.95,10.0,39600.0,0.938,0.139
11711,1 - 1 - 2022,19800.0,6.434283176858165,5.623415332340303,7.498939925082745,0.0124,0.01,0.0158489,0.272,0.25,0.3,0.751,0.7,0.8,1170.0,12.7,30.7,1.0,True,0.01,0.95,10.0,39600.0,0.938,0.139
11712,1 - 1 - 2022,19800.0,6.58027355054484,5.623415332340303,7.498939925082745,0.0126,0.01,0.0158489,0.273,0.25,0.3,0.852,0.8,0.9,1130.0,12.6,0.0,1.0,True,0.01,0.95,10.0,39600.0,0.938,0.139
11713,1 - 1 - 2022,19800.0,6.371812928829597,5.623415332340303,7.498939925082745,0.0127,0.01,0.0158489,0.272,0.25,0.3,0.954,0.9,1.0,644.0,9.46,61.3,1.0,True,0.01,0.95,10.0,39600.0,0.938,0.139
11714,1 - 1 - 2022,19800.0,6.465291950097845,5.623415332340303,7.498939925082745,0.0124,0.01,0.0158489,0.274,0.25,0.3,1.19,1.0,1.5,417.0,3.4,30.7,1.0,True,0.01,0.95,10.0,39600.0,0.938,0.139
11715,1 - 1 - 2022,19800.0,6.418722614352485,5.623415332340303,7.498939925082745,0.0123,0.01,0.0158489,0.271,0.25,0.3,1.73,1.5,2.0,196.0,2.34,30.7,1.0,True,0.01,0.95,10.0,39600.0,0.938,0.139
11716,1 - 1 - 2022,19800.0,6.4031242374328485,5.623415332340303,7.498939925082745,0.012,0.01,0.0158489,0.277,0.25,0.3,2.42,2.0,4.0,27.6,0.438,4.6,1.0,True,0.01,0.95,10.0,39600.0,0.938,0.139
11717,1 - 1 - 2022,19800.0,6.395310782127793,5.623415332340303,7.498939925082745,0.0135,0.01,0.0158489,0.366,0.3,0.4,0.0272,0.0,0.05,184.0,5.06,0.0,1.0,True,0.01,0.95,10.0,39600.0,0.938,0.139
11718,1 - 1 - 2022,19800.0,6.473020933072903,5.623415332340303,7.498939925082745,0.0129,0.01,0.0158489,0.343,0.3,0.4,0.0752,0.05,0.1,552.0,8.76,0.0,1.0,True,0.01,0.95,10.0,39600.0,0.938,0.139
11719,1 - 1 - 2022,19800.0,6.220932405998316,5.623415332340303,7.498939925082745,0.0126,0.01,0.0158489,0.343,0.3,0.4,0.149,0.1,0.2,905.0,7.93,0.0,1.0,True,0.01,0.95,10.0,39600.0,0.938,0.139
11720,1 - 1 - 2022,19800.0,6.4265076052238514,5.623415332340303,7.498939925082745,0.0122,0.01,0.0158489,0.342,0.3,0.4,0.25,0.2,0.3,1230.0,9.23,0.0,1.0,True,0.01,0.95,10.0,39600.0,0.938,0.139
11721,1 - 1 - 2022,19800.0,6.465291950097845,5.623415332340303,7.498939925082745,0.0128,0.01,0.0158489,0.342,0.3,0.4,0.349,0.3,0.4,1230.0,9.23,0.0,1.0,True,0.01,0.95,10.0,39600.0,0.938,0.139
11722,1 - 1 - 2022,19800.0,6.519202405202649,5.623415332340303,7.498939925082745,0.0127,0.01,0.0158489,0.346,0.3,0.4,0.448,0.4,0.5,1270.0,9.4,0.0,1.0,True,0.01,0.95,10.0,39600.0,0.938,0.139
11723,1 - 1 - 2022,19800.0,6.410928169929843,5.623415332340303,7.498939925082745,0.0123,0.01,0.0158489,0.338,0.3,0.4,0.547,0.5,0.6,1320.0,9.57,0.0,1.0,True,0.01,0.95,10.0,39600.0,0.938,0.139
11724,1 - 1 - 2022,19800.0,6.387487769068525,5.623415332340303,7.498939925082745,0.0129,0.01,0.0158489,0.341,0.3,0.4,0.647,0.6,0.7,1430.0,9.95,0.0,1.0,True,0.01,0.95,10.0,39600.0,0.938,0.139
11725,1 - 1 - 2022,19800.0,6.496152707564686,5.623415332340303,7.498939925082745,0.0124,0.01,0.0158489,0.345,0.3,0.4,0.748,0.7,0.8,751.0,7.23,0.0,1.0,True,0.01,0.95,10.0,39600.0,0.938,0.139
11726,1 - 1 - 2022,19800.0,6.4031242374328485,5.623415332340303,7.498939925082745,0.012,0.01,0.0158489,0.345,0.3,0.4,0.843,0.8,0.9,767.0,7.3,0.0,1.0,True,0.01,0.95,10.0,39600.0,0.938,0.139
11727,1 - 1 - 2022,19800.0,6.4265076052238514,5.623415332340303,7.498939925082745,0.0123,0.01,0.0158489,0.34,0.3,0.4,0.953,0.9,1.0,399.0,5.26,0.0,1.0,True,0.01,0.95,10.0,39600.0,0.938,0.139
11728,1 - 1 - 2022,19800.0,6.44980619863884,5.623415332340303,7.498939925082745,0.0126,0.01,0.0158489,0.343,0.3,0.4,1.17,1.0,1.5,279.0,1.97,9.2,1.0,True,0.01,0.95,10.0,39600.0,0.938,0.139
11729,1 - 1 - 2022,19800.0,6.356099432828281,5.623415332340303,7.498939925082745,0.013,0.01,0.0158489,0.352,0.3,0.4,1.71,1.5,2.0,73.6,1.01,18.4,1.0,True,0.01,0.95,10.0,39600.0,0.938,0.139
11730,1 - 1 - 2022,19800.0,6.565059024867941,5.623415332340303,7.498939925082745,0.0126,0.01,0.0158489,0.34,0.3,0.4,2.52,2.0,4.0,16.9,0.242,6.13,1.0,True,0.01,0.95,10.0,39600.0,0.938,0.139
11731,1 - 1 - 2022,19800.0,6.300793600809346,5.623415332340303,7.498939925082745,0.0137,0.01,0.0158489,0.447,0.4,0.5,0.0362,0.0,0.05,153.0,4.62,0.0,1.0,True,0.01,0.95,10.0,39600.0,0.938,0.139
11732,1 - 1 - 2022,19800.0,6.29285308902091,5.623415332340303,7.498939925082745,0.0125,0.01,0.0158489,0.448,0.4,0.5,0.0689,0.05,0.1,184.0,5.06,0.0,1.0,True,0.01,0.95,10.0,39600.0,0.938,0.139
11733,1 - 1 - 2022,19800.0,6.4031242374328485,5.623415332340303,7.498939925082745,0.0127,0.01,0.0158489,0.442,0.4,0.5,0.149,0.1,0.2,414.0,5.36,0.0,1.0,True,0.01,0.95,10.0,39600.0,0.938,0.139
11734,1 - 1 - 2022,19800.0,6.465291950097845,5.623415332340303,7.498939925082745,0.0124,0.01,0.0158489,0.439,0.4,0.5,0.256,0.2,0.3,613.0,6.53,0.0,1.0,True,0.01,0.95,10.0,39600.0,0.938,0.139
11735,1 - 1 - 2022,19800.0,6.442049363362563,5.623415332340303,7.498939925082745,0.013,0.01,0.0158489,0.446,0.4,0.5,0.347,0.3,0.4,644.0,6.69,0.0,1.0,True,0.01,0.95,10.0,39600.0,0.938,0.139
11736,1 - 1 - 2022,19800.0,6.395310782127793,5.623415332340303,7.498939925082745,0.0126,0.01,0.0158489,0.454,0.4,0.5,0.45,0.4,0.5,659.0,6.77,0.0,1.0,True,0.01,0.95,10.0,39600.0,0.938,0.139
11737,1 - 1 - 2022,19800.0,6.387487769068525,5.623415332340303,7.498939925082745,0.0121,0.01,0.0158489,0.439,0.4,0.5,0.543,0.5,0.6,583.0,6.36,0.0,1.0,True,0.01,0.95,10.0,39600.0,0.938,0.139
11738,1 - 1 - 2022,19800.0,6.371812928829597,5.623415332340303,7.498939925082745,0.0129,0.01,0.0158489,0.437,0.4,0.5,0.645,0.6,0.7,598.0,6.45,0.0,1.0,True,0.01,0.95,10.0,39600.0,0.938,0.139
11739,1 - 1 - 2022,19800.0,6.410928169929843,5.623415332340303,7.498939925082745,0.0126,0.01,0.0158489,0.442,0.4,0.5,0.745,0.7,0.8,322.0,4.73,0.0,1.0,True,0.01,0.95,10.0,39600.0,0.938,0.139
11740,1 - 1 - 2022,19800.0,6.44980619863884,5.623415332340303,7.498939925082745,0.0131,0.01,0.0158489,0.446,0.4,0.5,0.851,0.8,0.9,552.0,6.19,15.3,1.0,True,0.01,0.95,10.0,39600.0,0.938,0.139
11741,1 - 1 - 2022,19800.0,6.44980619863884,5.623415332340303,7.498939925082745,0.0124,0.01,0.0158489,0.442,0.4,0.5,0.946,0.9,1.0,337.0,4.84,0.0,1.0,True,0.01,0.95,10.0,39600.0,0.938,0.139
11742,1 - 1 - 2022,19800.0,6.48074069840786,5.623415332340303,7.498939925082745,0.0129,0.01,0.0158489,0.446,0.4,0.5,1.18,1.0,1.5,150.0,1.45,21.5,1.0,True,0.01,0.95,10.0,39600.0,0.938,0.139
11743,1 - 1 - 2022,19800.0,6.442049363362563,5.623415332340303,7.498939925082745,0.0126,0.01,0.0158489,0.446,0.4,0.5,1.67,1.5,2.0,52.1,0.851,21.5,1.0,True,0.01,0.95,10.0,39600.0,0.938,0.139
11744,1 - 1 - 2022,19800.0,6.511528238439882,5.623415332340303,7.498939925082745,0.0133,0.01,0.0158489,0.434,0.4,0.5,2.45,2.0,4.0,13.8,0.219,7.67,1.0,True,0.01,0.95,10.0,39600.0,0.938,0.139
11745,1 - 1 - 2022,19800.0,6.913754406977442,5.623415332340303,7.498939925082745,0.0129,0.01,0.0158489,0.548,0.5,0.6,0.0777,0.05,0.1,153.0,4.62,0.0,1.0,True,0.01,0.95,10.0,39600.0,0.938,0.139
11746,1 - 1 - 2022,19800.0,6.496152707564686,5.623415332340303,7.498939925082745,0.0129,0.01,0.0158489,0.543,0.5,0.6,0.156,0.1,0.2,307.0,4.62,15.3,1.0,True,0.01,0.95,10.0,39600.0,0.938,0.139
11747,1 - 1 - 2022,19800.0,6.488451279003334,5.623415332340303,7.498939925082745,0.0124,0.01,0.0158489,0.548,0.5,0.6,0.246,0.2,0.3,414.0,5.36,15.3,1.0,True,0.01,0.95,10.0,39600.0,0.938,0.139
11748,1 - 1 - 2022,19800.0,6.603029607687671,5.623415332340303,7.498939925082745,0.0126,0.01,0.0158489,0.544,0.5,0.6,0.351,0.3,0.4,460.0,5.65,15.3,1.0,True,0.01,0.95,10.0,39600.0,0.938,0.139
11749,1 - 1 - 2022,19800.0,6.465291950097845,5.623415332340303,7.498939925082745,0.0127,0.01,0.0158489,0.548,0.5,0.6,0.446,0.4,0.5,491.0,5.84,15.3,1.0,True,0.01,0.95,10.0,39600.0,0.938,0.139
11750,1 - 1 - 2022,19800.0,6.387487769068525,5.623415332340303,7.498939925082745,0.0128,0.01,0.0158489,0.543,0.5,0.6,0.55,0.5,0.6,368.0,5.06,0.0,1.0,True,0.01,0.95,10.0,39600.0,0.938,0.139
11751,1 - 1 - 2022,19800.0,6.534523701081817,5.623415332340303,7.498939925082745,0.0136,0.01,0.0158489,0.542,0.5,0.6,0.632,0.6,0.7,199.0,3.72,30.7,1.0,True,0.01,0.95,10.0,39600.0,0.938,0.139
11752,1 - 1 - 2022,19800.0,6.58027355054484,5.623415332340303,7.498939925082745,0.0122,0.01,0.0158489,0.532,0.5,0.6,0.748,0.7,0.8,169.0,3.42,15.3,1.0,True,0.01,0.95,10.0,39600.0,0.938,0.139
11753,1 - 1 - 2022,19800.0,6.610597552415364,5.623415332340303,7.498939925082745,0.0113,0.01,0.0158489,0.542,0.5,0.6,0.839,0.8,0.9,61.3,2.06,15.3,1.0,True,0.01,0.95,10.0,39600.0,0.938,0.139
11754,1 - 1 - 2022,19800.0,6.131883886702357,5.623415332340303,7.498939925082745,0.0132,0.01,0.0158489,0.539,0.5,0.6,0.934,0.9,1.0,169.0,3.42,46.0,1.0,True,0.01,0.95,10.0,39600.0,0.938,0.139
11755,1 - 1 - 2022,19800.0,6.488451279003334,5.623415332340303,7.498939925082745,0.0129,0.01,0.0158489,0.536,0.5,0.6,1.2,1.0,1.5,92.0,1.13,36.8,1.0,True,0.01,0.95,10.0,39600.0,0.938,0.139
11756,1 - 1 - 2022,19800.0,6.534523701081817,5.623415332340303,7.498939925082745,0.0145,0.01,0.0158489,0.563,0.5,0.6,1.74,1.5,2.0,12.3,0.413,6.13,1.0,True,0.01,0.95,10.0,39600.0,0.938,0.139
11757,1 - 1 - 2022,19800.0,6.618156843109719,5.623415332340303,7.498939925082745,0.0136,0.01,0.0158489,0.552,0.5,0.6,2.26,2.0,4.0,5.37,0.137,4.6,1.0,True,0.01,0.95,10.0,39600.0,0.938,0.139
11758,1 - 1 - 2022,19800.0,5.822370651203855,5.623415332340303,7.498939925082745,0.0141,0.01,0.0158489,0.63,0.6,0.7,0.0414,0.0,0.05,92.0,3.58,0.0,1.0,True,0.01,0.95,10.0,39600.0,0.938,0.139
11759,1 - 1 - 2022,19800.0,5.89915248150105,5.623415332340303,7.498939925082745,0.0134,0.01,0.0158489,0.622,0.6,0.7,0.0736,0.05,0.1,92.0,3.58,0.0,1.0,True,0.01,0.95,10.0,39600.0,0.938,0.139
11760,1 - 1 - 2022,19800.0,6.549809157525126,5.623415332340303,7.498939925082745,0.0126,0.01,0.0158489,0.646,0.6,0.7,0.146,0.1,0.2,107.0,2.73,46.0,1.0,True,0.01,0.95,10.0,39600.0,0.938,0.139
11761,1 - 1 - 2022,19800.0,6.534523701081817,5.623415332340303,7.498939925082745,0.0128,0.01,0.0158489,0.643,0.6,0.7,0.253,0.2,0.3,169.0,3.42,46.0,1.0,True,0.01,0.95,10.0,39600.0,0.938,0.139
11762,1 - 1 - 2022,19800.0,6.308724118235001,5.623415332340303,7.498939925082745,0.0121,0.01,0.0158489,0.651,0.6,0.7,0.362,0.3,0.4,169.0,3.42,15.3,1.0,True,0.01,0.95,10.0,39600.0,0.938,0.139
11763,1 - 1 - 2022,19800.0,6.58027355054484,5.623415332340303,7.498939925082745,0.0117,0.01,0.0158489,0.633,0.6,0.7,0.444,0.4,0.5,107.0,2.73,30.7,1.0,True,0.01,0.95,10.0,39600.0,0.938,0.139
11764,1 - 1 - 2022,19800.0,6.395310782127793,5.623415332340303,7.498939925082745,0.0131,0.01,0.0158489,0.633,0.6,0.7,0.54,0.5,0.6,92.0,2.53,30.7,1.0,True,0.01,0.95,10.0,39600.0,0.938,0.139
11765,1 - 1 - 2022,19800.0,6.3796551630946325,5.623415332340303,7.498939925082745,0.012,0.01,0.0158489,0.624,0.6,0.7,0.646,0.6,0.7,92.0,2.53,15.3,1.0,True,0.01,0.95,10.0,39600.0,0.938,0.139
11766,1 - 1 - 2022,19800.0,6.519202405202649,5.623415332340303,7.498939925082745,0.012,0.01,0.0158489,0.629,0.6,0.7,0.739,0.7,0.8,215.0,3.86,92.0,1.0,True,0.01,0.95,10.0,39600.0,0.938,0.139
11767,1 - 1 - 2022,19800.0,6.473020933072903,5.623415332340303,7.498939925082745,0.0131,0.01,0.0158489,0.621,0.6,0.7,0.822,0.8,0.9,92.0,2.53,61.3,1.0,True,0.01,0.95,10.0,39600.0,0.938,0.139
11768,1 - 1 - 2022,19800.0,6.6932802122726045,5.623415332340303,7.498939925082745,0.0124,0.01,0.0158489,0.644,0.6,0.7,0.946,0.9,1.0,76.7,2.31,61.3,1.0,True,0.01,0.95,10.0,39600.0,0.938,0.139
11769,1 - 1 - 2022,19800.0,6.534523701081817,5.623415332340303,7.498939925082745,0.0127,0.01,0.0158489,0.644,0.6,0.7,1.23,1.0,1.5,49.1,0.826,18.4,1.0,True,0.01,0.95,10.0,39600.0,0.938,0.139
11770,1 - 1 - 2022,19800.0,6.276941930590086,5.623415332340303,7.498939925082745,0.0127,0.01,0.0158489,0.646,0.6,0.7,1.65,1.5,2.0,18.4,0.506,3.07,1.0,True,0.01,0.95,10.0,39600.0,0.938,0.139
11771,1 - 1 - 2022,19800.0,6.340346993658944,5.623415332340303,7.498939925082745,0.0128,0.01,0.0158489,0.642,0.6,0.7,2.63,2.0,4.0,5.37,0.137,3.07,1.0,True,0.01,0.95,10.0,39600.0,0.938,0.139
11772,1 - 1 - 2022,19800.0,6.1400325732035,5.623415332340303,7.498939925082745,0.013,0.01,0.0158489,0.749,0.7,0.8,0.368,0.3,0.4,92.0,2.53,61.3,1.0,True,0.01,0.95,10.0,39600.0,0.938,0.139
11773,1 - 1 - 2022,19800.0,6.511528238439882,5.623415332340303,7.498939925082745,0.013,0.01,0.0158489,0.749,0.7,0.8,0.461,0.4,0.5,138.0,3.1,123.0,1.0,True,0.01,0.95,10.0,39600.0,0.938,0.139
11774,1 - 1 - 2022,19800.0,6.618156843109719,5.623415332340303,7.498939925082745,0.0127,0.01,0.0158489,0.726,0.7,0.8,0.552,0.5,0.6,61.3,2.06,46.0,1.0,True,0.01,0.95,10.0,39600.0,0.938,0.139
11775,1 - 1 - 2022,19800.0,6.760177512462229,5.623415332340303,7.498939925082745,0.0124,0.01,0.0158489,0.726,0.7,0.8,0.675,0.6,0.7,61.3,2.06,46.0,1.0,True,0.01,0.95,10.0,39600.0,0.938,0.139
11776,1 - 1 - 2022,19800.0,6.252999280345393,5.623415332340303,7.498939925082745,0.0122,0.01,0.0158489,0.742,0.7,0.8,0.725,0.7,0.8,76.7,2.31,46.0,1.0,True,0.01,0.95,10.0,39600.0,0.938,0.139
11777,1 - 1 - 2022,19800.0,6.603029607687671,5.623415332340303,7.498939925082745,0.0137,0.01,0.0158489,0.733,0.7,0.8,0.847,0.8,0.9,46.0,1.79,30.7,1.0,True,0.01,0.95,10.0,39600.0,0.938,0.139
11778,1 - 1 - 2022,19800.0,5.665686189686118,5.623415332340303,7.498939925082745,0.011,0.01,0.0158489,0.738,0.7,0.8,0.931,0.9,1.0,15.3,1.03,0.0,1.0,True,0.01,0.95,10.0,39600.0,0.938,0.139
11779,1 - 1 - 2022,19800.0,6.496152707564686,5.623415332340303,7.498939925082745,0.02,0.0158489,0.0251189,0.0291,0.0,0.05,0.0323,0.0,0.05,2090.0,19.1,1860.0,1.0,True,0.01,0.95,10.0,39600.0,0.938,0.139
11780,1 - 1 - 2022,19800.0,6.473020933072903,5.623415332340303,7.498939925082745,0.0201,0.0158489,0.0251189,0.0284,0.0,0.05,0.0785,0.05,0.1,5810.0,31.9,4410.0,1.0,True,0.01,0.95,10.0,39600.0,0.938,0.139
11781,1 - 1 - 2022,19800.0,6.511528238439882,5.623415332340303,7.498939925082745,0.0198,0.0158489,0.0251189,0.0245,0.0,0.05,0.156,0.1,0.2,11900.0,32.3,7970.0,1.0,True,0.01,0.95,10.0,39600.0,0.938,0.139
11782,1 - 1 - 2022,19800.0,6.488451279003334,5.623415332340303,7.498939925082745,0.02,0.0158489,0.0251189,0.0218,0.0,0.05,0.252,0.2,0.3,18400.0,40.2,9370.0,1.0,True,0.01,0.95,10.0,39600.0,0.938,0.139
11783,1 - 1 - 2022,19800.0,6.519202405202649,5.623415332340303,7.498939925082745,0.0199,0.0158489,0.0251189,0.0216,0.0,0.05,0.349,0.3,0.4,19800.0,41.6,7820.0,1.0,True,0.01,0.95,10.0,39600.0,0.938,0.139
11784,1 - 1 - 2022,19800.0,6.48074069840786,5.623415332340303,7.498939925082745,0.0199,0.0158489,0.0251189,0.0217,0.0,0.05,0.449,0.4,0.5,17100.0,38.7,4920.0,1.0,True,0.01,0.95,10.0,39600.0,0.938,0.139
11785,1 - 1 - 2022,19800.0,6.511528238439882,5.623415332340303,7.498939925082745,0.0199,0.0158489,0.0251189,0.0214,0.0,0.05,0.548,0.5,0.6,13400.0,34.3,3560.0,1.0,True,0.01,0.95,10.0,39600.0,0.938,0.139
11786,1 - 1 - 2022,19800.0,6.5038450166036395,5.623415332340303,7.498939925082745,0.0198,0.0158489,0.0251189,0.0228,0.0,0.05,0.646,0.6,0.7,9290.0,28.5,2240.0,1.0,True,0.01,0.95,10.0,39600.0,0.938,0.139
11787,1 - 1 - 2022,19800.0,6.48074069840786,5.623415332340303,7.498939925082745,0.0201,0.0158489,0.0251189,0.0241,0.0,0.05,0.745,0.7,0.8,6970.0,24.7,1370.0,1.0,True,0.01,0.95,10.0,39600.0,0.938,0.139
11788,1 - 1 - 2022,19800.0,6.465291950097845,5.623415332340303,7.498939925082745,0.0201,0.0158489,0.0251189,0.0237,0.0,0.05,0.845,0.8,0.9,3500.0,17.5,716.0,1.0,True,0.01,0.95,10.0,39600.0,0.938,0.139
11789,1 - 1 - 2022,19800.0,6.526867548832288,5.623415332340303,7.498939925082745,0.0195,0.0158489,0.0251189,0.0228,0.0,0.05,0.941,0.9,1.0,2610.0,15.1,464.0,1.0,True,0.01,0.95,10.0,39600.0,0.938,0.139
11790,1 - 1 - 2022,19800.0,6.526867548832288,5.623415332340303,7.498939925082745,0.02,0.0158489,0.0251189,0.0272,0.0,0.05,1.13,1.0,1.5,619.0,3.3,96.8,1.0,True,0.01,0.95,10.0,39600.0,0.938,0.139
11791,1 - 1 - 2022,19800.0,6.6332495807108,5.623415332340303,7.498939925082745,0.0202,0.0158489,0.0251189,0.035,0.0,0.05,1.72,1.5,2.0,81.3,1.19,0.0,1.0,True,0.01,0.95,10.0,39600.0,0.938,0.139
11792,1 - 1 - 2022,19800.0,6.434283176858165,5.623415332340303,7.498939925082745,0.0205,0.0158489,0.0251189,0.0704,0.05,0.1,0.031,0.0,0.05,1350.0,15.4,1240.0,1.0,True,0.01,0.95,10.0,39600.0,0.938,0.139
11793,1 - 1 - 2022,19800.0,6.44980619863884,5.623415332340303,7.498939925082745,0.0201,0.0158489,0.0251189,0.0737,0.05,0.1,0.0782,0.05,0.1,3870.0,26.0,3060.0,1.0,True,0.01,0.95,10.0,39600.0,0.938,0.139
11794,1 - 1 - 2022,19800.0,6.4031242374328485,5.623415332340303,7.498939925082745,0.0199,0.0158489,0.0251189,0.0729,0.05,0.1,0.156,0.1,0.2,7100.0,25.0,5820.0,1.0,True,0.01,0.95,10.0,39600.0,0.938,0.139
11795,1 - 1 - 2022,19800.0,6.4031242374328485,5.623415332340303,7.498939925082745,0.02,0.0158489,0.0251189,0.0728,0.05,0.1,0.252,0.2,0.3,8490.0,27.3,6950.0,1.0,True,0.01,0.95,10.0,39600.0,0.938,0.139
11796,1 - 1 - 2022,19800.0,6.4265076052238514,5.623415332340303,7.498939925082745,0.0203,0.0158489,0.0251189,0.0736,0.05,0.1,0.35,0.3,0.4,8420.0,27.2,5480.0,1.0,True,0.01,0.95,10.0,39600.0,0.938,0.139
11797,1 - 1 - 2022,19800.0,6.457553716385176,5.623415332340303,7.498939925082745,0.02,0.0158489,0.0251189,0.0729,0.05,0.1,0.448,0.4,0.5,7800.0,26.1,4660.0,1.0,True,0.01,0.95,10.0,39600.0,0.938,0.139
11798,1 - 1 - 2022,19800.0,6.465291950097845,5.623415332340303,7.498939925082745,0.0201,0.0158489,0.0251189,0.0719,0.05,0.1,0.55,0.5,0.6,6110.0,23.2,2690.0,1.0,True,0.01,0.95,10.0,39600.0,0.938,0.139
11799,1 - 1 - 2022,19800.0,6.410928169929843,5.623415332340303,7.498939925082745,0.0201,0.0158489,0.0251189,0.0726,0.05,0.1,0.651,0.6,0.7,4390.0,19.6,1880.0,1.0,True,0.01,0.95,10.0,39600.0,0.938,0.139
11800,1 - 1 - 2022,19800.0,6.434283176858165,5.623415332340303,7.498939925082745,0.0201,0.0158489,0.0251189,0.0744,0.05,0.1,0.75,0.7,0.8,3060.0,16.4,929.0,1.0,True,0.01,0.95,10.0,39600.0,0.938,0.139
11801,1 - 1 - 2022,19800.0,6.457553716385176,5.623415332340303,7.498939925082745,0.0201,0.0158489,0.0251189,0.0762,0.05,0.1,0.85,0.8,0.9,2480.0,14.7,677.0,1.0,True,0.01,0.95,10.0,39600.0,0.938,0.139
11802,1 - 1 - 2022,19800.0,6.44980619863884,5.623415332340303,7.498939925082745,0.0204,0.0158489,0.0251189,0.076,0.05,0.1,0.947,0.9,1.0,1450.0,11.3,213.0,1.0,True,0.01,0.95,10.0,39600.0,0.938,0.139
11803,1 - 1 - 2022,19800.0,6.511528238439882,5.623415332340303,7.498939925082745,0.0199,0.0158489,0.0251189,0.074,0.05,0.1,1.19,1.0,1.5,612.0,3.27,54.2,1.0,True,0.01,0.95,10.0,39600.0,0.938,0.139
11804,1 - 1 - 2022,19800.0,6.54217089351845,5.623415332340303,7.498939925082745,0.02,0.0158489,0.0251189,0.0784,0.05,0.1,1.67,1.5,2.0,120.0,1.45,0.0,1.0,True,0.01,0.95,10.0,39600.0,0.938,0.139
11805,1 - 1 - 2022,19800.0,6.473020933072903,5.623415332340303,7.498939925082745,0.0189,0.0158489,0.0251189,0.0823,0.05,0.1,2.48,2.0,4.0,12.6,0.235,0.0,1.0,True,0.01,0.95,10.0,39600.0,0.938,0.139
11806,1 - 1 - 2022,19800.0,6.2289646009589745,5.623415332340303,7.498939925082745,0.0206,0.0158489,0.0251189,0.12,0.1,0.15,0.0342,0.0,0.05,542.0,9.75,155.0,1.0,True,0.01,0.95,10.0,39600.0,0.938,0.139
11807,1 - 1 - 2022,19800.0,6.308724118235001,5.623415332340303,7.498939925082745,0.0195,0.0158489,0.0251189,0.124,0.1,0.15,0.0754,0.05,0.1,2440.0,20.7,619.0,1.0,True,0.01,0.95,10.0,39600.0,0.938,0.139
11808,1 - 1 - 2022,19800.0,6.511528238439882,5.623415332340303,7.498939925082745,0.0197,0.0158489,0.0251189,0.123,0.1,0.15,0.156,0.1,0.2,3930.0,18.6,1120.0,1.0,True,0.01,0.95,10.0,39600.0,0.938,0.139
11809,1 - 1 - 2022,19800.0,6.4031242374328485,5.623415332340303,7.498939925082745,0.0202,0.0158489,0.0251189,0.123,0.1,0.15,0.252,0.2,0.3,5170.0,21.3,1510.0,1.0,True,0.01,0.95,10.0,39600.0,0.938,0.139
11810,1 - 1 - 2022,19800.0,6.410928169929843,5.623415332340303,7.498939925082745,0.0203,0.0158489,0.0251189,0.123,0.1,0.15,0.35,0.3,0.4,5610.0,22.2,1570.0,1.0,True,0.01,0.95,10.0,39600.0,0.938,0.139
11811,1 - 1 - 2022,19800.0,6.473020933072903,5.623415332340303,7.498939925082745,0.0201,0.0158489,0.0251189,0.123,0.1,0.15,0.447,0.4,0.5,4300.0,19.4,1280.0,1.0,True,0.01,0.95,10.0,39600.0,0.938,0.139
11812,1 - 1 - 2022,19800.0,6.418722614352485,5.623415332340303,7.498939925082745,0.0202,0.0158489,0.0251189,0.125,0.1,0.15,0.548,0.5,0.6,4030.0,18.8,1280.0,1.0,True,0.01,0.95,10.0,39600.0,0.938,0.139
11813,1 - 1 - 2022,19800.0,6.457553716385176,5.623415332340303,7.498939925082745,0.0199,0.0158489,0.0251189,0.123,0.1,0.15,0.642,0.6,0.7,3680.0,18.0,1140.0,1.0,True,0.01,0.95,10.0,39600.0,0.938,0.139
11814,1 - 1 - 2022,19800.0,6.511528238439882,5.623415332340303,7.498939925082745,0.0203,0.0158489,0.0251189,0.122,0.1,0.15,0.748,0.7,0.8,2520.0,14.9,600.0,1.0,True,0.01,0.95,10.0,39600.0,0.938,0.139
11815,1 - 1 - 2022,19800.0,6.4265076052238514,5.623415332340303,7.498939925082745,0.0203,0.0158489,0.0251189,0.126,0.1,0.15,0.848,0.8,0.9,1860.0,12.8,348.0,1.0,True,0.01,0.95,10.0,39600.0,0.938,0.139
11816,1 - 1 - 2022,19800.0,6.395310782127793,5.623415332340303,7.498939925082745,0.0198,0.0158489,0.0251189,0.122,0.1,0.15,0.944,0.9,1.0,1260.0,10.5,135.0,1.0,True,0.01,0.95,10.0,39600.0,0.938,0.139
11817,1 - 1 - 2022,19800.0,6.442049363362563,5.623415332340303,7.498939925082745,0.0203,0.0158489,0.0251189,0.124,0.1,0.15,1.18,1.0,1.5,646.0,3.37,54.2,1.0,True,0.01,0.95,10.0,39600.0,0.938,0.139
11818,1 - 1 - 2022,19800.0,6.284902544988268,5.623415332340303,7.498939925082745,0.0196,0.0158489,0.0251189,0.127,0.1,0.15,1.68,1.5,2.0,116.0,1.43,0.0,1.0,True,0.01,0.95,10.0,39600.0,0.938,0.139
11819,1 - 1 - 2022,19800.0,6.708203932499369,5.623415332340303,7.498939925082745,0.0194,0.0158489,0.0251189,0.126,0.1,0.15,2.32,2.0,4.0,12.6,0.235,0.0,1.0,True,0.01,0.95,10.0,39600.0,0.938,0.139
11820,1 - 1 - 2022,19800.0,6.115553940568262,5.623415332340303,7.498939925082745,0.0198,0.0158489,0.0251189,0.172,0.15,0.2,0.0273,0.0,0.05,387.0,8.24,0.0,1.0,True,0.01,0.95,10.0,39600.0,0.938,0.139
11821,1 - 1 - 2022,19800.0,6.340346993658944,5.623415332340303,7.498939925082745,0.021,0.0158489,0.0251189,0.173,0.15,0.2,0.0779,0.05,0.1,1280.0,15.0,0.0,1.0,True,0.01,0.95,10.0,39600.0,0.938,0.139
11822,1 - 1 - 2022,19800.0,6.473020933072903,5.623415332340303,7.498939925082745,0.0202,0.0158489,0.0251189,0.173,0.15,0.2,0.156,0.1,0.2,2460.0,14.7,38.7,1.0,True,0.01,0.95,10.0,39600.0,0.938,0.139
11823,1 - 1 - 2022,19800.0,6.457553716385176,5.623415332340303,7.498939925082745,0.02,0.0158489,0.0251189,0.175,0.15,0.2,0.251,0.2,0.3,3290.0,17.0,135.0,1.0,True,0.01,0.95,10.0,39600.0,0.938,0.139
11824,1 - 1 - 2022,19800.0,6.395310782127793,5.623415332340303,7.498939925082745,0.0203,0.0158489,0.0251189,0.171,0.15,0.2,0.35,0.3,0.4,3620.0,17.8,271.0,1.0,True,0.01,0.95,10.0,39600.0,0.938,0.139
11825,1 - 1 - 2022,19800.0,6.442049363362563,5.623415332340303,7.498939925082745,0.0196,0.0158489,0.0251189,0.174,0.15,0.2,0.448,0.4,0.5,3210.0,16.8,290.0,1.0,True,0.01,0.95,10.0,39600.0,0.938,0.139
11826,1 - 1 - 2022,19800.0,6.395310782127793,5.623415332340303,7.498939925082745,0.0203,0.0158489,0.0251189,0.174,0.15,0.2,0.551,0.5,0.6,2420.0,14.6,348.0,1.0,True,0.01,0.95,10.0,39600.0,0.938,0.139
11827,1 - 1 - 2022,19800.0,6.340346993658944,5.623415332340303,7.498939925082745,0.0201,0.0158489,0.0251189,0.172,0.15,0.2,0.65,0.6,0.7,2150.0,13.7,522.0,1.0,True,0.01,0.95,10.0,39600.0,0.938,0.139
11828,1 - 1 - 2022,19800.0,6.511528238439882,5.623415332340303,7.498939925082745,0.0208,0.0158489,0.0251189,0.172,0.15,0.2,0.746,0.7,0.8,2010.0,13.3,290.0,1.0,True,0.01,0.95,10.0,39600.0,0.938,0.139
11829,1 - 1 - 2022,19800.0,6.44980619863884,5.623415332340303,7.498939925082745,0.0201,0.0158489,0.0251189,0.172,0.15,0.2,0.845,0.8,0.9,1200.0,10.3,252.0,1.0,True,0.01,0.95,10.0,39600.0,0.938,0.139
11830,1 - 1 - 2022,19800.0,6.418722614352485,5.623415332340303,7.498939925082745,0.0194,0.0158489,0.0251189,0.172,0.15,0.2,0.95,0.9,1.0,1010.0,9.39,155.0,1.0,True,0.01,0.95,10.0,39600.0,0.938,0.139
11831,1 - 1 - 2022,19800.0,6.519202405202649,5.623415332340303,7.498939925082745,0.0201,0.0158489,0.0251189,0.173,0.15,0.2,1.19,1.0,1.5,337.0,2.43,54.2,1.0,True,0.01,0.95,10.0,39600.0,0.938,0.139
11832,1 - 1 - 2022,19800.0,6.4265076052238514,5.623415332340303,7.498939925082745,0.0198,0.0158489,0.0251189,0.177,0.15,0.2,1.74,1.5,2.0,104.0,1.35,0.0,1.0,True,0.01,0.95,10.0,39600.0,0.938,0.139
11833,1 - 1 - 2022,19800.0,6.6558245169174945,5.623415332340303,7.498939925082745,0.0196,0.0158489,0.0251189,0.169,0.15,0.2,2.5,2.0,4.0,23.2,0.319,0.0,1.0,True,0.01,0.95,10.0,39600.0,0.938,0.139
11834,1 - 1 - 2022,19800.0,6.308724118235001,5.623415332340303,7.498939925082745,0.0217,0.0158489,0.0251189,0.22,0.2,0.25,0.0308,0.0,0.05,310.0,7.37,0.0,1.0,True,0.01,0.95,10.0,39600.0,0.938,0.139
11835,1 - 1 - 2022,19800.0,6.395310782127793,5.623415332340303,7.498939925082745,0.0204,0.0158489,0.0251189,0.222,0.2,0.25,0.0779,0.05,0.1,1120.0,14.0,0.0,1.0,True,0.01,0.95,10.0,39600.0,0.938,0.139
11836,1 - 1 - 2022,19800.0,6.442049363362563,5.623415332340303,7.498939925082745,0.0202,0.0158489,0.0251189,0.221,0.2,0.25,0.148,0.1,0.2,1590.0,11.8,19.4,1.0,True,0.01,0.95,10.0,39600.0,0.938,0.139
11837,1 - 1 - 2022,19800.0,6.465291950097845,5.623415332340303,7.498939925082745,0.0199,0.0158489,0.0251189,0.223,0.2,0.25,0.252,0.2,0.3,1880.0,12.8,0.0,1.0,True,0.01,0.95,10.0,39600.0,0.938,0.139
11838,1 - 1 - 2022,19800.0,6.488451279003334,5.623415332340303,7.498939925082745,0.0203,0.0158489,0.0251189,0.223,0.2,0.25,0.35,0.3,0.4,2460.0,14.7,0.0,1.0,True,0.01,0.95,10.0,39600.0,0.938,0.139
11839,1 - 1 - 2022,19800.0,6.387487769068525,5.623415332340303,7.498939925082745,0.02,0.0158489,0.0251189,0.223,0.2,0.25,0.45,0.4,0.5,1680.0,12.1,19.3,1.0,True,0.01,0.95,10.0,39600.0,0.938,0.139
11840,1 - 1 - 2022,19800.0,6.387487769068525,5.623415332340303,7.498939925082745,0.0203,0.0158489,0.0251189,0.224,0.2,0.25,0.544,0.5,0.6,2170.0,13.8,96.8,1.0,True,0.01,0.95,10.0,39600.0,0.938,0.139
11841,1 - 1 - 2022,19800.0,6.465291950097845,5.623415332340303,7.498939925082745,0.02,0.0158489,0.0251189,0.224,0.2,0.25,0.651,0.6,0.7,1490.0,11.4,96.8,1.0,True,0.01,0.95,10.0,39600.0,0.938,0.139
11842,1 - 1 - 2022,19800.0,6.410928169929843,5.623415332340303,7.498939925082745,0.0203,0.0158489,0.0251189,0.226,0.2,0.25,0.747,0.7,0.8,1040.0,9.57,77.4,1.0,True,0.01,0.95,10.0,39600.0,0.938,0.139
11843,1 - 1 - 2022,19800.0,6.29285308902091,5.623415332340303,7.498939925082745,0.0197,0.0158489,0.0251189,0.222,0.2,0.25,0.846,0.8,0.9,871.0,8.74,19.4,1.0,True,0.01,0.95,10.0,39600.0,0.938,0.139
11844,1 - 1 - 2022,19800.0,6.371812928829597,5.623415332340303,7.498939925082745,0.0199,0.0158489,0.0251189,0.219,0.2,0.25,0.954,0.9,1.0,774.0,8.24,77.4,1.0,True,0.01,0.95,10.0,39600.0,0.938,0.139
11845,1 - 1 - 2022,19800.0,6.5038450166036395,5.623415332340303,7.498939925082745,0.0203,0.0158489,0.0251189,0.223,0.2,0.25,1.21,1.0,1.5,279.0,2.21,15.5,1.0,True,0.01,0.95,10.0,39600.0,0.938,0.139
11846,1 - 1 - 2022,19800.0,6.565059024867941,5.623415332340303,7.498939925082745,0.0199,0.0158489,0.0251189,0.225,0.2,0.25,1.72,1.5,2.0,92.9,1.28,7.74,1.0,True,0.01,0.95,10.0,39600.0,0.938,0.139
11847,1 - 1 - 2022,19800.0,6.708203932499369,5.623415332340303,7.498939925082745,0.0208,0.0158489,0.0251189,0.222,0.2,0.25,2.69,2.0,4.0,13.5,0.244,0.968,1.0,True,0.01,0.95,10.0,39600.0,0.938,0.139
11848,1 - 1 - 2022,19800.0,6.196773353931867,5.623415332340303,7.498939925082745,0.0203,0.0158489,0.0251189,0.279,0.25,0.3,0.0451,0.0,0.05,77.4,3.69,0.0,1.0,True,0.01,0.95,10.0,39600.0,0.938,0.139
11849,1 - 1 - 2022,19800.0,6.557438524302,5.623415332340303,7.498939925082745,0.0195,0.0158489,0.0251189,0.277,0.25,0.3,0.0788,0.05,0.1,581.0,10.1,0.0,1.0,True,0.01,0.95,10.0,39600.0,0.938,0.139
11850,1 - 1 - 2022,19800.0,6.457553716385176,5.623415332340303,7.498939925082745,0.0196,0.0158489,0.0251189,0.272,0.25,0.3,0.15,0.1,0.2,1080.0,9.75,0.0,1.0,True,0.01,0.95,10.0,39600.0,0.938,0.139
11851,1 - 1 - 2022,19800.0,6.4031242374328485,5.623415332340303,7.498939925082745,0.0198,0.0158489,0.0251189,0.271,0.25,0.3,0.248,0.2,0.3,1320.0,10.7,0.0,1.0,True,0.01,0.95,10.0,39600.0,0.938,0.139
11852,1 - 1 - 2022,19800.0,6.4031242374328485,5.623415332340303,7.498939925082745,0.0197,0.0158489,0.0251189,0.272,0.25,0.3,0.346,0.3,0.4,1470.0,11.4,0.0,1.0,True,0.01,0.95,10.0,39600.0,0.938,0.139
11853,1 - 1 - 2022,19800.0,6.410928169929843,5.623415332340303,7.498939925082745,0.0199,0.0158489,0.0251189,0.276,0.25,0.3,0.449,0.4,0.5,1550.0,11.6,19.3,1.0,True,0.01,0.95,10.0,39600.0,0.938,0.139
11854,1 - 1 - 2022,19800.0,6.496152707564686,5.623415332340303,7.498939925082745,0.0198,0.0158489,0.0251189,0.275,0.25,0.3,0.549,0.5,0.6,968.0,9.21,0.0,1.0,True,0.01,0.95,10.0,39600.0,0.938,0.139
11855,1 - 1 - 2022,19800.0,6.3796551630946325,5.623415332340303,7.498939925082745,0.0197,0.0158489,0.0251189,0.275,0.25,0.3,0.65,0.6,0.7,987.0,9.3,0.0,1.0,True,0.01,0.95,10.0,39600.0,0.938,0.139
11856,1 - 1 - 2022,19800.0,6.363961030678928,5.623415332340303,7.498939925082745,0.0199,0.0158489,0.0251189,0.271,0.25,0.3,0.745,0.7,0.8,890.0,8.83,38.7,1.0,True,0.01,0.95,10.0,39600.0,0.938,0.139
11857,1 - 1 - 2022,19800.0,6.488451279003334,5.623415332340303,7.498939925082745,0.0198,0.0158489,0.0251189,0.273,0.25,0.3,0.849,0.8,0.9,639.0,7.48,19.3,1.0,True,0.01,0.95,10.0,39600.0,0.938,0.139
11858,1 - 1 - 2022,19800.0,6.488451279003334,5.623415332340303,7.498939925082745,0.0201,0.0158489,0.0251189,0.276,0.25,0.3,0.945,0.9,1.0,484.0,6.51,58.0,1.0,True,0.01,0.95,10.0,39600.0,0.938,0.139
11859,1 - 1 - 2022,19800.0,6.549809157525126,5.623415332340303,7.498939925082745,0.0199,0.0158489,0.0251189,0.275,0.25,0.3,1.19,1.0,1.5,190.0,1.82,19.3,1.0,True,0.01,0.95,10.0,39600.0,0.938,0.139
11860,1 - 1 - 2022,19800.0,6.418722614352485,5.623415332340303,7.498939925082745,0.0198,0.0158489,0.0251189,0.265,0.25,0.3,1.68,1.5,2.0,50.3,0.939,11.6,1.0,True,0.01,0.95,10.0,39600.0,0.938,0.139
11861,1 - 1 - 2022,19800.0,6.957010852370434,5.623415332340303,7.498939925082745,0.0195,0.0158489,0.0251189,0.275,0.25,0.3,2.57,2.0,4.0,9.67,0.206,0.968,1.0,True,0.01,0.95,10.0,39600.0,0.938,0.139
11862,1 - 1 - 2022,19800.0,6.410928169929843,5.623415332340303,7.498939925082745,0.0206,0.0158489,0.0251189,0.329,0.3,0.4,0.0377,0.0,0.05,116.0,3.19,0.0,1.0,True,0.01,0.95,10.0,39600.0,0.938,0.139
11863,1 - 1 - 2022,19800.0,6.387487769068525,5.623415332340303,7.498939925082745,0.0202,0.0158489,0.0251189,0.342,0.3,0.4,0.0783,0.05,0.1,368.0,5.68,0.0,1.0,True,0.01,0.95,10.0,39600.0,0.938,0.139
11864,1 - 1 - 2022,19800.0,6.363961030678928,5.623415332340303,7.498939925082745,0.0202,0.0158489,0.0251189,0.347,0.3,0.4,0.151,0.1,0.2,426.0,4.32,0.0,1.0,True,0.01,0.95,10.0,39600.0,0.938,0.139
11865,1 - 1 - 2022,19800.0,6.418722614352485,5.623415332340303,7.498939925082745,0.0192,0.0158489,0.0251189,0.343,0.3,0.4,0.252,0.2,0.3,764.0,5.79,0.0,1.0,True,0.01,0.95,10.0,39600.0,0.938,0.139
11866,1 - 1 - 2022,19800.0,6.496152707564686,5.623415332340303,7.498939925082745,0.0205,0.0158489,0.0251189,0.343,0.3,0.4,0.351,0.3,0.4,735.0,5.68,0.0,1.0,True,0.01,0.95,10.0,39600.0,0.938,0.139
11867,1 - 1 - 2022,19800.0,6.488451279003334,5.623415332340303,7.498939925082745,0.0199,0.0158489,0.0251189,0.34,0.3,0.4,0.455,0.4,0.5,784.0,5.86,0.0,1.0,True,0.01,0.95,10.0,39600.0,0.938,0.139
11868,1 - 1 - 2022,19800.0,6.473020933072903,5.623415332340303,7.498939925082745,0.0198,0.0158489,0.0251189,0.341,0.3,0.4,0.546,0.5,0.6,919.0,6.35,0.0,1.0,True,0.01,0.95,10.0,39600.0,0.938,0.139
11869,1 - 1 - 2022,19800.0,6.526867548832288,5.623415332340303,7.498939925082745,0.0196,0.0158489,0.0251189,0.348,0.3,0.4,0.652,0.6,0.7,706.0,5.56,9.68,1.0,True,0.01,0.95,10.0,39600.0,0.938,0.139
11870,1 - 1 - 2022,19800.0,6.410928169929843,5.623415332340303,7.498939925082745,0.0211,0.0158489,0.0251189,0.342,0.3,0.4,0.746,0.7,0.8,493.0,4.65,9.68,1.0,True,0.01,0.95,10.0,39600.0,0.938,0.139
11871,1 - 1 - 2022,19800.0,6.465291950097845,5.623415332340303,7.498939925082745,0.0206,0.0158489,0.0251189,0.344,0.3,0.4,0.858,0.8,0.9,387.0,4.12,19.4,1.0,True,0.01,0.95,10.0,39600.0,0.938,0.139
11872,1 - 1 - 2022,19800.0,6.496152707564686,5.623415332340303,7.498939925082745,0.0207,0.0158489,0.0251189,0.343,0.3,0.4,0.943,0.9,1.0,281.0,3.51,48.4,1.0,True,0.01,0.95,10.0,39600.0,0.938,0.139
11873,1 - 1 - 2022,19800.0,6.511528238439882,5.623415332340303,7.498939925082745,0.0203,0.0158489,0.0251189,0.344,0.3,0.4,1.18,1.0,1.5,139.0,1.11,21.3,1.0,True,0.01,0.95,10.0,39600.0,0.938,0.139
11874,1 - 1 - 2022,19800.0,6.519202405202649,5.623415332340303,7.498939925082745,0.0206,0.0158489,0.0251189,0.347,0.3,0.4,1.7,1.5,2.0,44.5,0.625,15.5,1.0,True,0.01,0.95,10.0,39600.0,0.938,0.139
11875,1 - 1 - 2022,19800.0,6.549809157525126,5.623415332340303,7.498939925082745,0.0188,0.0158489,0.0251189,0.35,0.3,0.4,2.61,2.0,4.0,7.26,0.126,3.39,1.0,True,0.01,0.95,10.0,39600.0,0.938,0.139
11876,1 - 1 - 2022,19800.0,7.042726744663604,5.623415332340303,7.498939925082745,0.0167,0.0158489,0.0251189,0.415,0.4,0.5,0.0387,0.0,0.05,19.4,1.3,0.0,1.0,True,0.01,0.95,10.0,39600.0,0.938,0.139
11877,1 - 1 - 2022,19800.0,6.18869937870632,5.623415332340303,7.498939925082745,0.0209,0.0158489,0.0251189,0.452,0.4,0.5,0.0623,0.05,0.1,58.0,2.26,0.0,1.0,True,0.01,0.95,10.0,39600.0,0.938,0.139
11878,1 - 1 - 2022,19800.0,6.332456079595025,5.623415332340303,7.498939925082745,0.0201,0.0158489,0.0251189,0.447,0.4,0.5,0.151,0.1,0.2,271.0,3.45,0.0,1.0,True,0.01,0.95,10.0,39600.0,0.938,0.139
11879,1 - 1 - 2022,19800.0,6.549809157525126,5.623415332340303,7.498939925082745,0.0197,0.0158489,0.0251189,0.447,0.4,0.5,0.258,0.2,0.3,435.0,4.37,0.0,1.0,True,0.01,0.95,10.0,39600.0,0.938,0.139
11880,1 - 1 - 2022,19800.0,6.488451279003334,5.623415332340303,7.498939925082745,0.0207,0.0158489,0.0251189,0.44,0.4,0.5,0.357,0.3,0.4,416.0,4.27,9.67,1.0,True,0.01,0.95,10.0,39600.0,0.938,0.139
11881,1 - 1 - 2022,19800.0,6.496152707564686,5.623415332340303,7.498939925082745,0.0201,0.0158489,0.0251189,0.441,0.4,0.5,0.453,0.4,0.5,397.0,4.17,0.0,1.0,True,0.01,0.95,10.0,39600.0,0.938,0.139
11882,1 - 1 - 2022,19800.0,6.363961030678928,5.623415332340303,7.498939925082745,0.0197,0.0158489,0.0251189,0.442,0.4,0.5,0.546,0.5,0.6,310.0,3.68,38.7,1.0,True,0.01,0.95,10.0,39600.0,0.938,0.139
11883,1 - 1 - 2022,19800.0,6.473020933072903,5.623415332340303,7.498939925082745,0.0211,0.0158489,0.0251189,0.45,0.4,0.5,0.648,0.6,0.7,358.0,3.96,77.4,1.0,True,0.01,0.95,10.0,39600.0,0.938,0.139
11884,1 - 1 - 2022,19800.0,6.434283176858165,5.623415332340303,7.498939925082745,0.0198,0.0158489,0.0251189,0.443,0.4,0.5,0.751,0.7,0.8,232.0,3.19,19.4,1.0,True,0.01,0.95,10.0,39600.0,0.938,0.139
11885,1 - 1 - 2022,19800.0,6.457553716385176,5.623415332340303,7.498939925082745,0.0196,0.0158489,0.0251189,0.453,0.4,0.5,0.859,0.8,0.9,223.0,3.12,48.4,1.0,True,0.01,0.95,10.0,39600.0,0.938,0.139
11886,1 - 1 - 2022,19800.0,6.410928169929843,5.623415332340303,7.498939925082745,0.0193,0.0158489,0.0251189,0.46,0.4,0.5,0.955,0.9,1.0,135.0,2.44,48.4,1.0,True,0.01,0.95,10.0,39600.0,0.938,0.139
11887,1 - 1 - 2022,19800.0,6.457553716385176,5.623415332340303,7.498939925082745,0.0192,0.0158489,0.0251189,0.442,0.4,0.5,1.21,1.0,1.5,54.2,0.689,25.2,1.0,True,0.01,0.95,10.0,39600.0,0.938,0.139
11888,1 - 1 - 2022,19800.0,6.565059024867941,5.623415332340303,7.498939925082745,0.0207,0.0158489,0.0251189,0.45,0.4,0.5,1.71,1.5,2.0,23.2,0.451,9.68,1.0,True,0.01,0.95,10.0,39600.0,0.938,0.139
11889,1 - 1 - 2022,19800.0,6.308724118235001,5.623415332340303,7.498939925082745,0.0201,0.0158489,0.0251189,0.442,0.4,0.5,2.5,2.0,4.0,3.87,0.0921,0.967,1.0,True,0.01,0.95,10.0,39600.0,0.938,0.139
11890,1 - 1 - 2022,19800.0,6.473020933072903,5.623415332340303,7.498939925082745,0.019,0.0158489,0.0251189,0.534,0.5,0.6,0.074,0.05,0.1,213.0,4.32,0.0,1.0,True,0.01,0.95,10.0,39600.0,0.938,0.139
11891,1 - 1 - 2022,19800.0,6.549809157525126,5.623415332340303,7.498939925082745,0.0198,0.0158489,0.0251189,0.546,0.5,0.6,0.143,0.1,0.2,184.0,2.84,58.0,1.0,True,0.01,0.95,10.0,39600.0,0.938,0.139
11892,1 - 1 - 2022,19800.0,6.252999280345393,5.623415332340303,7.498939925082745,0.0198,0.0158489,0.0251189,0.539,0.5,0.6,0.251,0.2,0.3,174.0,2.76,58.1,1.0,True,0.01,0.95,10.0,39600.0,0.938,0.139
11893,1 - 1 - 2022,19800.0,6.29285308902091,5.623415332340303,7.498939925082745,0.0193,0.0158489,0.0251189,0.55,0.5,0.6,0.351,0.3,0.4,300.0,3.63,67.7,1.0,True,0.01,0.95,10.0,39600.0,0.938,0.139
11894,1 - 1 - 2022,19800.0,6.549809157525126,5.623415332340303,7.498939925082745,0.0206,0.0158489,0.0251189,0.54,0.5,0.6,0.454,0.4,0.5,155.0,2.6,48.4,1.0,True,0.01,0.95,10.0,39600.0,0.938,0.139
11895,1 - 1 - 2022,19800.0,6.457553716385176,5.623415332340303,7.498939925082745,0.0198,0.0158489,0.0251189,0.539,0.5,0.6,0.553,0.5,0.6,194.0,2.91,96.8,1.0,True,0.01,0.95,10.0,39600.0,0.938,0.139
11896,1 - 1 - 2022,19800.0,6.534523701081817,5.623415332340303,7.498939925082745,0.0204,0.0158489,0.0251189,0.537,0.5,0.6,0.653,0.6,0.7,174.0,2.76,67.7,1.0,True,0.01,0.95,10.0,39600.0,0.938,0.139
11897,1 - 1 - 2022,19800.0,6.549809157525126,5.623415332340303,7.498939925082745,0.0204,0.0158489,0.0251189,0.553,0.5,0.6,0.752,0.7,0.8,155.0,2.6,67.7,1.0,True,0.01,0.95,10.0,39600.0,0.938,0.139
11898,1 - 1 - 2022,19800.0,6.1400325732035,5.623415332340303,7.498939925082745,0.0198,0.0158489,0.0251189,0.559,0.5,0.6,0.831,0.8,0.9,67.7,1.72,38.7,1.0,True,0.01,0.95,10.0,39600.0,0.938,0.139
11899,1 - 1 - 2022,19800.0,6.244997998398398,5.623415332340303,7.498939925082745,0.0193,0.0158489,0.0251189,0.532,0.5,0.6,0.939,0.9,1.0,96.8,2.06,38.7,1.0,True,0.01,0.95,10.0,39600.0,0.938,0.139
11900,1 - 1 - 2022,19800.0,6.442049363362563,5.623415332340303,7.498939925082745,0.02,0.0158489,0.0251189,0.552,0.5,0.6,1.17,1.0,1.5,56.1,0.701,17.4,1.0,True,0.01,0.95,10.0,39600.0,0.938,0.139
11901,1 - 1 - 2022,19800.0,6.2048368229954285,5.623415332340303,7.498939925082745,0.0217,0.0158489,0.0251189,0.547,0.5,0.6,1.75,1.5,2.0,9.68,0.291,3.87,1.0,True,0.01,0.95,10.0,39600.0,0.938,0.139
11902,1 - 1 - 2022,19800.0,6.371812928829597,5.623415332340303,7.498939925082745,0.0193,0.0158489,0.0251189,0.541,0.5,0.6,2.87,2.0,4.0,1.94,0.0651,0.0,1.0,True,0.01,0.95,10.0,39600.0,0.938,0.139
11903,1 - 1 - 2022,19800.0,6.04979338490167,5.623415332340303,7.498939925082745,0.0193,0.0158489,0.0251189,0.634,0.6,0.7,0.147,0.1,0.2,38.7,1.3,29.0,1.0,True,0.01,0.95,10.0,39600.0,0.938,0.139
11904,1 - 1 - 2022,19800.0,6.4031242374328485,5.623415332340303,7.498939925082745,0.0207,0.0158489,0.0251189,0.653,0.6,0.7,0.251,0.2,0.3,174.0,2.76,145.0,1.0,True,0.01,0.95,10.0,39600.0,0.938,0.139
11905,1 - 1 - 2022,19800.0,6.434283176858165,5.623415332340303,7.498939925082745,0.0192,0.0158489,0.0251189,0.646,0.6,0.7,0.359,0.3,0.4,106.0,2.16,67.7,1.0,True,0.01,0.95,10.0,39600.0,0.938,0.139
11906,1 - 1 - 2022,19800.0,6.81175454637056,5.623415332340303,7.498939925082745,0.021,0.0158489,0.0251189,0.634,0.6,0.7,0.454,0.4,0.5,96.8,2.06,87.1,1.0,True,0.01,0.95,10.0,39600.0,0.938,0.139
11907,1 - 1 - 2022,19800.0,6.260990336999411,5.623415332340303,7.498939925082745,0.02,0.0158489,0.0251189,0.637,0.6,0.7,0.554,0.5,0.6,126.0,2.35,96.7,1.0,True,0.01,0.95,10.0,39600.0,0.938,0.139
11908,1 - 1 - 2022,19800.0,6.465291950097845,5.623415332340303,7.498939925082745,0.021,0.0158489,0.0251189,0.637,0.6,0.7,0.65,0.6,0.7,116.0,2.26,67.7,1.0,True,0.01,0.95,10.0,39600.0,0.938,0.139
11909,1 - 1 - 2022,19800.0,6.2048368229954285,5.623415332340303,7.498939925082745,0.0202,0.0158489,0.0251189,0.649,0.6,0.7,0.841,0.8,0.9,58.0,1.59,38.7,1.0,True,0.01,0.95,10.0,39600.0,0.938,0.139
11910,1 - 1 - 2022,19800.0,6.670832032063167,5.623415332340303,7.498939925082745,0.0202,0.0158489,0.0251189,0.629,0.6,0.7,0.943,0.9,1.0,58.0,1.6,38.7,1.0,True,0.01,0.95,10.0,39600.0,0.938,0.139
11911,1 - 1 - 2022,19800.0,6.260990336999411,5.623415332340303,7.498939925082745,0.019,0.0158489,0.0251189,0.631,0.6,0.7,1.21,1.0,1.5,9.67,0.291,5.8,1.0,True,0.01,0.95,10.0,39600.0,0.938,0.139
11912,1 - 1 - 2022,19800.0,6.4031242374328485,5.623415332340303,7.498939925082745,0.0176,0.0158489,0.0251189,0.627,0.6,0.7,1.84,1.5,2.0,7.74,0.26,3.87,1.0,True,0.01,0.95,10.0,39600.0,0.938,0.139
11913,1 - 1 - 2022,19800.0,6.387487769068525,5.623415332340303,7.498939925082745,0.0214,0.0158489,0.0251189,0.606,0.6,0.7,2.34,2.0,4.0,1.45,0.0564,0.0,1.0,True,0.01,0.95,10.0,39600.0,0.938,0.139
11914,1 - 1 - 2022,19800.0,6.7379522111692065,5.623415332340303,7.498939925082745,0.0316,0.0251189,0.0398107,0.0308,0.0,0.05,0.0317,0.0,0.05,952.0,10.3,610.0,1.0,True,0.01,0.95,10.0,39600.0,0.938,0.139
11915,1 - 1 - 2022,19800.0,6.496152707564686,5.623415332340303,7.498939925082745,0.031,0.0251189,0.0398107,0.031,0.0,0.05,0.0787,0.05,0.1,2340.0,16.1,1150.0,1.0,True,0.01,0.95,10.0,39600.0,0.938,0.139
11916,1 - 1 - 2022,19800.0,6.496152707564686,5.623415332340303,7.498939925082745,0.032,0.0251189,0.0398107,0.0285,0.0,0.05,0.155,0.1,0.2,5430.0,17.3,2310.0,1.0,True,0.01,0.95,10.0,39600.0,0.938,0.139
11917,1 - 1 - 2022,19800.0,6.5038450166036395,5.623415332340303,7.498939925082745,0.0315,0.0251189,0.0398107,0.0254,0.0,0.05,0.253,0.2,0.3,8200.0,21.3,3440.0,1.0,True,0.01,0.95,10.0,39600.0,0.938,0.139
11918,1 - 1 - 2022,19800.0,6.5038450166036395,5.623415332340303,7.498939925082745,0.0313,0.0251189,0.0398107,0.0244,0.0,0.05,0.35,0.3,0.4,9270.0,22.6,2870.0,1.0,True,0.01,0.95,10.0,39600.0,0.938,0.139
11919,1 - 1 - 2022,19800.0,6.496152707564686,5.623415332340303,7.498939925082745,0.0318,0.0251189,0.0398107,0.0242,0.0,0.05,0.447,0.4,0.5,8050.0,21.1,2230.0,1.0,True,0.01,0.95,10.0,39600.0,0.938,0.139
11920,1 - 1 - 2022,19800.0,6.519202405202649,5.623415332340303,7.498939925082745,0.0312,0.0251189,0.0398107,0.025,0.0,0.05,0.548,0.5,0.6,6510.0,19.0,1590.0,1.0,True,0.01,0.95,10.0,39600.0,0.938,0.139
11921,1 - 1 - 2022,19800.0,6.5038450166036395,5.623415332340303,7.498939925082745,0.0317,0.0251189,0.0398107,0.0252,0.0,0.05,0.647,0.6,0.7,4600.0,16.0,1110.0,1.0,True,0.01,0.95,10.0,39600.0,0.938,0.139
11922,1 - 1 - 2022,19800.0,6.488451279003334,5.623415332340303,7.498939925082745,0.0313,0.0251189,0.0398107,0.0251,0.0,0.05,0.746,0.7,0.8,3270.0,13.5,720.0,1.0,True,0.01,0.95,10.0,39600.0,0.938,0.139
11923,1 - 1 - 2022,19800.0,6.618156843109719,5.623415332340303,7.498939925082745,0.0315,0.0251189,0.0398107,0.025,0.0,0.05,0.849,0.8,0.9,1860.0,10.1,440.0,1.0,True,0.01,0.95,10.0,39600.0,0.938,0.139
11924,1 - 1 - 2022,19800.0,6.534523701081817,5.623415332340303,7.498939925082745,0.0315,0.0251189,0.0398107,0.0274,0.0,0.05,0.944,0.9,1.0,1110.0,7.84,256.0,1.0,True,0.01,0.95,10.0,39600.0,0.938,0.139
11925,1 - 1 - 2022,19800.0,6.526867548832288,5.623415332340303,7.498939925082745,0.0314,0.0251189,0.0398107,0.0292,0.0,0.05,1.14,1.0,1.5,366.0,2.01,78.1,1.0,True,0.01,0.95,10.0,39600.0,0.938,0.139
11926,1 - 1 - 2022,19800.0,6.6932802122726045,5.623415332340303,7.498939925082745,0.0322,0.0251189,0.0398107,0.0307,0.0,0.05,1.72,1.5,2.0,22.0,0.493,4.88,1.0,True,0.01,0.95,10.0,39600.0,0.938,0.139
11927,1 - 1 - 2022,19800.0,6.648308055437865,5.623415332340303,7.498939925082745,0.0333,0.0251189,0.0398107,0.0727,0.05,0.1,0.0329,0.0,0.05,733.0,9.0,610.0,1.0,True,0.01,0.95,10.0,39600.0,0.938,0.139
11928,1 - 1 - 2022,19800.0,6.418722614352485,5.623415332340303,7.498939925082745,0.0311,0.0251189,0.0398107,0.0731,0.05,0.1,0.0772,0.05,0.1,2030.0,15.0,1660.0,1.0,True,0.01,0.95,10.0,39600.0,0.938,0.139
11929,1 - 1 - 2022,19800.0,6.395310782127793,5.623415332340303,7.498939925082745,0.0317,0.0251189,0.0398107,0.0729,0.05,0.1,0.155,0.1,0.2,3710.0,14.3,2540.0,1.0,True,0.01,0.95,10.0,39600.0,0.938,0.139
11930,1 - 1 - 2022,19800.0,6.442049363362563,5.623415332340303,7.498939925082745,0.0317,0.0251189,0.0398107,0.0722,0.05,0.1,0.253,0.2,0.3,4980.0,16.6,2600.0,1.0,True,0.01,0.95,10.0,39600.0,0.938,0.139
11931,1 - 1 - 2022,19800.0,6.5038450166036395,5.623415332340303,7.498939925082745,0.0314,0.0251189,0.0398107,0.0729,0.05,0.1,0.351,0.3,0.4,4600.0,16.0,2030.0,1.0,True,0.01,0.95,10.0,39600.0,0.938,0.139
11932,1 - 1 - 2022,19800.0,6.457553716385176,5.623415332340303,7.498939925082745,0.0316,0.0251189,0.0398107,0.0729,0.05,0.1,0.45,0.4,0.5,3700.0,14.3,1360.0,1.0,True,0.01,0.95,10.0,39600.0,0.938,0.139
11933,1 - 1 - 2022,19800.0,6.4265076052238514,5.623415332340303,7.498939925082745,0.0316,0.0251189,0.0398107,0.0738,0.05,0.1,0.55,0.5,0.6,3690.0,14.3,1180.0,1.0,True,0.01,0.95,10.0,39600.0,0.938,0.139
11934,1 - 1 - 2022,19800.0,6.473020933072903,5.623415332340303,7.498939925082745,0.0314,0.0251189,0.0398107,0.0726,0.05,0.1,0.648,0.6,0.7,2590.0,12.0,733.0,1.0,True,0.01,0.95,10.0,39600.0,0.938,0.139
11935,1 - 1 - 2022,19800.0,6.511528238439882,5.623415332340303,7.498939925082745,0.0313,0.0251189,0.0398107,0.0725,0.05,0.1,0.746,0.7,0.8,2100.0,10.8,525.0,1.0,True,0.01,0.95,10.0,39600.0,0.938,0.139
11936,1 - 1 - 2022,19800.0,6.488451279003334,5.623415332340303,7.498939925082745,0.0312,0.0251189,0.0398107,0.0701,0.05,0.1,0.847,0.8,0.9,1050.0,7.62,97.7,1.0,True,0.01,0.95,10.0,39600.0,0.938,0.139
11937,1 - 1 - 2022,19800.0,6.511528238439882,5.623415332340303,7.498939925082745,0.0315,0.0251189,0.0398107,0.0763,0.05,0.1,0.948,0.9,1.0,1000.0,7.44,97.7,1.0,True,0.01,0.95,10.0,39600.0,0.938,0.139
11938,1 - 1 - 2022,19800.0,6.473020933072903,5.623415332340303,7.498939925082745,0.0316,0.0251189,0.0398107,0.0733,0.05,0.1,1.17,1.0,1.5,344.0,1.95,12.2,1.0,True,0.01,0.95,10.0,39600.0,0.938,0.139
11939,1 - 1 - 2022,19800.0,6.700746227100382,5.623415332340303,7.498939925082745,0.0328,0.0251189,0.0398107,0.0762,0.05,0.1,1.66,1.5,2.0,58.6,0.805,0.0,1.0,True,0.01,0.95,10.0,39600.0,0.938,0.139
11940,1 - 1 - 2022,19800.0,6.5038450166036395,5.623415332340303,7.498939925082745,0.0302,0.0251189,0.0398107,0.0808,0.05,0.1,2.47,2.0,4.0,3.66,0.101,0.0,1.0,True,0.01,0.95,10.0,39600.0,0.938,0.139
11941,1 - 1 - 2022,19800.0,6.244997998398398,5.623415332340303,7.498939925082745,0.0309,0.0251189,0.0398107,0.125,0.1,0.15,0.0252,0.0,0.05,391.0,6.57,220.0,1.0,True,0.01,0.95,10.0,39600.0,0.938,0.139
11942,1 - 1 - 2022,19800.0,6.473020933072903,5.623415332340303,7.498939925082745,0.0321,0.0251189,0.0398107,0.122,0.1,0.15,0.0776,0.05,0.1,1610.0,13.4,952.0,1.0,True,0.01,0.95,10.0,39600.0,0.938,0.139
11943,1 - 1 - 2022,19800.0,6.434283176858165,5.623415332340303,7.498939925082745,0.0319,0.0251189,0.0398107,0.123,0.1,0.15,0.151,0.1,0.2,2010.0,10.6,965.0,1.0,True,0.01,0.95,10.0,39600.0,0.938,0.139
11944,1 - 1 - 2022,19800.0,6.457553716385176,5.623415332340303,7.498939925082745,0.0319,0.0251189,0.0398107,0.124,0.1,0.15,0.253,0.2,0.3,2930.0,12.7,1200.0,1.0,True,0.01,0.95,10.0,39600.0,0.938,0.139
11945,1 - 1 - 2022,19800.0,6.4265076052238514,5.623415332340303,7.498939925082745,0.0316,0.0251189,0.0398107,0.121,0.1,0.15,0.348,0.3,0.4,2690.0,12.2,1040.0,1.0,True,0.01,0.95,10.0,39600.0,0.938,0.139
11946,1 - 1 - 2022,19800.0,6.465291950097845,5.623415332340303,7.498939925082745,0.0315,0.0251189,0.0398107,0.123,0.1,0.15,0.449,0.4,0.5,2730.0,12.3,989.0,1.0,True,0.01,0.95,10.0,39600.0,0.938,0.139
11947,1 - 1 - 2022,19800.0,6.434283176858165,5.623415332340303,7.498939925082745,0.0317,0.0251189,0.0398107,0.123,0.1,0.15,0.546,0.5,0.6,2160.0,10.9,525.0,1.0,True,0.01,0.95,10.0,39600.0,0.938,0.139
11948,1 - 1 - 2022,19800.0,6.4265076052238514,5.623415332340303,7.498939925082745,0.0316,0.0251189,0.0398107,0.124,0.1,0.15,0.648,0.6,0.7,1680.0,9.65,537.0,1.0,True,0.01,0.95,10.0,39600.0,0.938,0.139
11949,1 - 1 - 2022,19800.0,6.356099432828281,5.623415332340303,7.498939925082745,0.0311,0.0251189,0.0398107,0.124,0.1,0.15,0.751,0.7,0.8,1110.0,7.84,220.0,1.0,True,0.01,0.95,10.0,39600.0,0.938,0.139
11950,1 - 1 - 2022,19800.0,6.519202405202649,5.623415332340303,7.498939925082745,0.0318,0.0251189,0.0398107,0.123,0.1,0.15,0.847,0.8,0.9,977.0,7.35,232.0,1.0,True,0.01,0.95,10.0,39600.0,0.938,0.139
11951,1 - 1 - 2022,19800.0,6.465291950097845,5.623415332340303,7.498939925082745,0.0313,0.0251189,0.0398107,0.122,0.1,0.15,0.953,0.9,1.0,659.0,6.04,195.0,1.0,True,0.01,0.95,10.0,39600.0,0.938,0.139
11952,1 - 1 - 2022,19800.0,6.488451279003334,5.623415332340303,7.498939925082745,0.0318,0.0251189,0.0398107,0.121,0.1,0.15,1.17,1.0,1.5,320.0,1.88,48.8,1.0,True,0.01,0.95,10.0,39600.0,0.938,0.139
11953,1 - 1 - 2022,19800.0,6.603029607687671,5.623415332340303,7.498939925082745,0.0327,0.0251189,0.0398107,0.118,0.1,0.15,1.67,1.5,2.0,78.1,0.93,0.0,1.0,True,0.01,0.95,10.0,39600.0,0.938,0.139
11954,1 - 1 - 2022,19800.0,6.884765791223402,5.623415332340303,7.498939925082745,0.0314,0.0251189,0.0398107,0.129,0.1,0.15,2.37,2.0,4.0,10.4,0.169,0.0,1.0,True,0.01,0.95,10.0,39600.0,0.938,0.139
11955,1 - 1 - 2022,19800.0,6.107372593840988,5.623415332340303,7.498939925082745,0.0313,0.0251189,0.0398107,0.162,0.15,0.2,0.0343,0.0,0.05,342.0,6.15,24.4,1.0,True,0.01,0.95,10.0,39600.0,0.938,0.139
11956,1 - 1 - 2022,19800.0,6.410928169929843,5.623415332340303,7.498939925082745,0.0317,0.0251189,0.0398107,0.173,0.15,0.2,0.077,0.05,0.1,806.0,9.44,73.3,1.0,True,0.01,0.95,10.0,39600.0,0.938,0.139
11957,1 - 1 - 2022,19800.0,6.534523701081817,5.623415332340303,7.498939925082745,0.0314,0.0251189,0.0398107,0.171,0.15,0.2,0.157,0.1,0.2,1270.0,8.38,159.0,1.0,True,0.01,0.95,10.0,39600.0,0.938,0.139
11958,1 - 1 - 2022,19800.0,6.395310782127793,5.623415332340303,7.498939925082745,0.032,0.0251189,0.0398107,0.174,0.15,0.2,0.248,0.2,0.3,1780.0,9.93,232.0,1.0,True,0.01,0.95,10.0,39600.0,0.938,0.139
11959,1 - 1 - 2022,19800.0,6.348228099241551,5.623415332340303,7.498939925082745,0.032,0.0251189,0.0398107,0.173,0.15,0.2,0.35,0.3,0.4,1790.0,9.96,293.0,1.0,True,0.01,0.95,10.0,39600.0,0.938,0.139
11960,1 - 1 - 2022,19800.0,6.465291950097845,5.623415332340303,7.498939925082745,0.0322,0.0251189,0.0398107,0.175,0.15,0.2,0.446,0.4,0.5,1890.0,10.2,305.0,1.0,True,0.01,0.95,10.0,39600.0,0.938,0.139
11961,1 - 1 - 2022,19800.0,6.511528238439882,5.623415332340303,7.498939925082745,0.0323,0.0251189,0.0398107,0.174,0.15,0.2,0.55,0.5,0.6,1580.0,9.33,208.0,1.0,True,0.01,0.95,10.0,39600.0,0.938,0.139
11962,1 - 1 - 2022,19800.0,6.457553716385176,5.623415332340303,7.498939925082745,0.0318,0.0251189,0.0398107,0.17,0.15,0.2,0.645,0.6,0.7,1000.0,7.44,195.0,1.0,True,0.01,0.95,10.0,39600.0,0.938,0.139
11963,1 - 1 - 2022,19800.0,6.4031242374328485,5.623415332340303,7.498939925082745,0.0319,0.0251189,0.0398107,0.173,0.15,0.2,0.746,0.7,0.8,1040.0,7.58,195.0,1.0,True,0.01,0.95,10.0,39600.0,0.938,0.139
11964,1 - 1 - 2022,19800.0,6.442049363362563,5.623415332340303,7.498939925082745,0.0322,0.0251189,0.0398107,0.171,0.15,0.2,0.847,0.8,0.9,708.0,6.26,110.0,1.0,True,0.01,0.95,10.0,39600.0,0.938,0.139
11965,1 - 1 - 2022,19800.0,6.473020933072903,5.623415332340303,7.498939925082745,0.0317,0.0251189,0.0398107,0.175,0.15,0.2,0.952,0.9,1.0,525.0,5.39,122.0,1.0,True,0.01,0.95,10.0,39600.0,0.938,0.139
11966,1 - 1 - 2022,19800.0,6.519202405202649,5.623415332340303,7.498939925082745,0.0315,0.0251189,0.0398107,0.175,0.15,0.2,1.22,1.0,1.5,232.0,1.6,56.2,1.0,True,0.01,0.95,10.0,39600.0,0.938,0.139
11967,1 - 1 - 2022,19800.0,6.587867636800241,5.623415332340303,7.498939925082745,0.0292,0.0251189,0.0398107,0.166,0.15,0.2,1.71,1.5,2.0,26.9,0.545,2.44,1.0,True,0.01,0.95,10.0,39600.0,0.938,0.139
11968,1 - 1 - 2022,19800.0,6.457553716385176,5.623415332340303,7.498939925082745,0.0335,0.0251189,0.0398107,0.176,0.15,0.2,2.51,2.0,4.0,9.16,0.159,0.0,1.0,True,0.01,0.95,10.0,39600.0,0.938,0.139
11969,1 - 1 - 2022,19800.0,6.774953874381729,5.623415332340303,7.498939925082745,0.031,0.0251189,0.0398107,0.228,0.2,0.25,0.0336,0.0,0.05,146.0,4.03,0.0,1.0,True,0.01,0.95,10.0,39600.0,0.938,0.139
11970,1 - 1 - 2022,19800.0,6.442049363362563,5.623415332340303,7.498939925082745,0.0313,0.0251189,0.0398107,0.22,0.2,0.25,0.0753,0.05,0.1,537.0,7.71,0.0,1.0,True,0.01,0.95,10.0,39600.0,0.938,0.139
11971,1 - 1 - 2022,19800.0,6.410928169929843,5.623415332340303,7.498939925082745,0.0317,0.0251189,0.0398107,0.224,0.2,0.25,0.156,0.1,0.2,733.0,6.37,0.0,1.0,True,0.01,0.95,10.0,39600.0,0.938,0.139
11972,1 - 1 - 2022,19800.0,6.473020933072903,5.623415332340303,7.498939925082745,0.0312,0.0251189,0.0398107,0.225,0.2,0.25,0.255,0.2,0.3,977.0,7.35,0.0,1.0,True,0.01,0.95,10.0,39600.0,0.938,0.139
11973,1 - 1 - 2022,19800.0,6.387487769068525,5.623415332340303,7.498939925082745,0.0313,0.0251189,0.0398107,0.223,0.2,0.25,0.352,0.3,0.4,1420.0,8.85,12.2,1.0,True,0.01,0.95,10.0,39600.0,0.938,0.139
11974,1 - 1 - 2022,19800.0,6.387487769068525,5.623415332340303,7.498939925082745,0.0317,0.0251189,0.0398107,0.223,0.2,0.25,0.452,0.4,0.5,1230.0,8.26,36.6,1.0,True,0.01,0.95,10.0,39600.0,0.938,0.139
11975,1 - 1 - 2022,19800.0,6.44980619863884,5.623415332340303,7.498939925082745,0.0323,0.0251189,0.0398107,0.223,0.2,0.25,0.546,0.5,0.6,1050.0,7.62,36.6,1.0,True,0.01,0.95,10.0,39600.0,0.938,0.139
11976,1 - 1 - 2022,19800.0,6.3796551630946325,5.623415332340303,7.498939925082745,0.0325,0.0251189,0.0398107,0.224,0.2,0.25,0.651,0.6,0.7,842.0,6.83,36.6,1.0,True,0.01,0.95,10.0,39600.0,0.938,0.139
11977,1 - 1 - 2022,19800.0,6.387487769068525,5.623415332340303,7.498939925082745,0.031,0.0251189,0.0398107,0.226,0.2,0.25,0.744,0.7,0.8,781.0,6.57,61.1,1.0,True,0.01,0.95,10.0,39600.0,0.938,0.139
11978,1 - 1 - 2022,19800.0,6.395310782127793,5.623415332340303,7.498939925082745,0.0307,0.0251189,0.0398107,0.223,0.2,0.25,0.846,0.8,0.9,378.0,4.58,48.8,1.0,True,0.01,0.95,10.0,39600.0,0.938,0.139
11979,1 - 1 - 2022,19800.0,6.4031242374328485,5.623415332340303,7.498939925082745,0.0315,0.0251189,0.0398107,0.226,0.2,0.25,0.951,0.9,1.0,342.0,4.35,12.2,1.0,True,0.01,0.95,10.0,39600.0,0.938,0.139
11980,1 - 1 - 2022,19800.0,6.434283176858165,5.623415332340303,7.498939925082745,0.0315,0.0251189,0.0398107,0.228,0.2,0.25,1.21,1.0,1.5,147.0,1.27,7.33,1.0,True,0.01,0.95,10.0,39600.0,0.938,0.139
11981,1 - 1 - 2022,19800.0,6.29285308902091,5.623415332340303,7.498939925082745,0.0296,0.0251189,0.0398107,0.226,0.2,0.25,1.69,1.5,2.0,39.1,0.658,0.0,1.0,True,0.01,0.95,10.0,39600.0,0.938,0.139
11982,1 - 1 - 2022,19800.0,6.745368781616021,5.623415332340303,7.498939925082745,0.0291,0.0251189,0.0398107,0.229,0.2,0.25,2.71,2.0,4.0,8.55,0.154,0.0,1.0,True,0.01,0.95,10.0,39600.0,0.938,0.139
11983,1 - 1 - 2022,19800.0,6.016643582596529,5.623415332340303,7.498939925082745,0.0336,0.0251189,0.0398107,0.28,0.25,0.3,0.0341,0.0,0.05,73.3,2.85,0.0,1.0,True,0.01,0.95,10.0,39600.0,0.938,0.139
11984,1 - 1 - 2022,19800.0,6.457553716385176,5.623415332340303,7.498939925082745,0.0322,0.0251189,0.0398107,0.278,0.25,0.3,0.0733,0.05,0.1,269.0,5.45,0.0,1.0,True,0.01,0.95,10.0,39600.0,0.938,0.139
11985,1 - 1 - 2022,19800.0,6.23698645180507,5.623415332340303,7.498939925082745,0.0336,0.0251189,0.0398107,0.276,0.25,0.3,0.156,0.1,0.2,623.0,5.87,0.0,1.0,True,0.01,0.95,10.0,39600.0,0.938,0.139
11986,1 - 1 - 2022,19800.0,6.395310782127793,5.623415332340303,7.498939925082745,0.0314,0.0251189,0.0398107,0.272,0.25,0.3,0.254,0.2,0.3,769.0,6.52,12.2,1.0,True,0.01,0.95,10.0,39600.0,0.938,0.139
11987,1 - 1 - 2022,19800.0,6.4031242374328485,5.623415332340303,7.498939925082745,0.0319,0.0251189,0.0398107,0.273,0.25,0.3,0.346,0.3,0.4,672.0,6.09,0.0,1.0,True,0.01,0.95,10.0,39600.0,0.938,0.139
11988,1 - 1 - 2022,19800.0,6.4265076052238514,5.623415332340303,7.498939925082745,0.031,0.0251189,0.0398107,0.274,0.25,0.3,0.448,0.4,0.5,916.0,7.12,0.0,1.0,True,0.01,0.95,10.0,39600.0,0.938,0.139
11989,1 - 1 - 2022,19800.0,6.3796551630946325,5.623415332340303,7.498939925082745,0.0312,0.0251189,0.0398107,0.274,0.25,0.3,0.549,0.5,0.6,610.0,5.81,0.0,1.0,True,0.01,0.95,10.0,39600.0,0.938,0.139
11990,1 - 1 - 2022,19800.0,6.268971207462991,5.623415332340303,7.498939925082745,0.0324,0.0251189,0.0398107,0.273,0.25,0.3,0.649,0.6,0.7,562.0,5.57,12.2,1.0,True,0.01,0.95,10.0,39600.0,0.938,0.139
11991,1 - 1 - 2022,19800.0,6.5038450166036395,5.623415332340303,7.498939925082745,0.0312,0.0251189,0.0398107,0.276,0.25,0.3,0.746,0.7,0.8,464.0,5.07,0.0,1.0,True,0.01,0.95,10.0,39600.0,0.938,0.139
11992,1 - 1 - 2022,19800.0,6.767569726275452,5.623415332340303,7.498939925082745,0.0314,0.0251189,0.0398107,0.275,0.25,0.3,0.85,0.8,0.9,305.0,4.11,0.0,1.0,True,0.01,0.95,10.0,39600.0,0.938,0.139
11993,1 - 1 - 2022,19800.0,6.434283176858165,5.623415332340303,7.498939925082745,0.0323,0.0251189,0.0398107,0.275,0.25,0.3,0.943,0.9,1.0,281.0,3.94,0.0,1.0,True,0.01,0.95,10.0,39600.0,0.938,0.139
11994,1 - 1 - 2022,19800.0,6.557438524302,5.623415332340303,7.498939925082745,0.0312,0.0251189,0.0398107,0.274,0.25,0.3,1.2,1.0,1.5,134.0,1.22,2.44,1.0,True,0.01,0.95,10.0,39600.0,0.938,0.139
11995,1 - 1 - 2022,19800.0,6.29285308902091,5.623415332340303,7.498939925082745,0.032,0.0251189,0.0398107,0.275,0.25,0.3,1.68,1.5,2.0,46.4,0.716,7.33,1.0,True,0.01,0.95,10.0,39600.0,0.938,0.139
11996,1 - 1 - 2022,19800.0,6.324555320336759,5.623415332340303,7.498939925082745,0.032,0.0251189,0.0398107,0.27,0.25,0.3,2.47,2.0,4.0,4.27,0.109,0.611,1.0,True,0.01,0.95,10.0,39600.0,0.938,0.139
11997,1 - 1 - 2022,19800.0,6.789698078707183,5.623415332340303,7.498939925082745,0.0306,0.0251189,0.0398107,0.362,0.3,0.4,0.0228,0.0,0.05,36.6,1.42,0.0,1.0,True,0.01,0.95,10.0,39600.0,0.938,0.139
11998,1 - 1 - 2022,19800.0,6.640783086353597,5.623415332340303,7.498939925082745,0.0317,0.0251189,0.0398107,0.352,0.3,0.4,0.0791,0.05,0.1,171.0,3.07,0.0,1.0,True,0.01,0.95,10.0,39600.0,0.938,0.139
11999,1 - 1 - 2022,19800.0,6.44980619863884,5.623415332340303,7.498939925082745,0.0309,0.0251189,0.0398107,0.346,0.3,0.4,0.154,0.1,0.2,324.0,2.99,0.0,1.0,True,0.01,0.95,10.0,39600.0,0.938,0.139
12000,1 - 1 - 2022,19800.0,6.3796551630946325,5.623415332340303,7.498939925082745,0.0323,0.0251189,0.0398107,0.343,0.3,0.4,0.249,0.2,0.3,385.0,3.26,0.0,1.0,True,0.01,0.95,10.0,39600.0,0.938,0.139
12001,1 - 1 - 2022,19800.0,6.48074069840786,5.623415332340303,7.498939925082745,0.0312,0.0251189,0.0398107,0.347,0.3,0.4,0.354,0.3,0.4,501.0,3.72,6.1,1.0,True,0.01,0.95,10.0,39600.0,0.938,0.139
12002,1 - 1 - 2022,19800.0,6.4265076052238514,5.623415332340303,7.498939925082745,0.032,0.0251189,0.0398107,0.351,0.3,0.4,0.448,0.4,0.5,507.0,3.74,18.3,1.0,True,0.01,0.95,10.0,39600.0,0.938,0.139
12003,1 - 1 - 2022,19800.0,6.534523701081817,5.623415332340303,7.498939925082745,0.0323,0.0251189,0.0398107,0.339,0.3,0.4,0.548,0.5,0.6,385.0,3.26,18.3,1.0,True,0.01,0.95,10.0,39600.0,0.938,0.139
12004,1 - 1 - 2022,19800.0,6.618156843109719,5.623415332340303,7.498939925082745,0.0323,0.0251189,0.0398107,0.337,0.3,0.4,0.651,0.6,0.7,324.0,2.99,18.3,1.0,True,0.01,0.95,10.0,39600.0,0.938,0.139
12005,1 - 1 - 2022,19800.0,6.434283176858165,5.623415332340303,7.498939925082745,0.0322,0.0251189,0.0398107,0.347,0.3,0.4,0.741,0.7,0.8,244.0,2.6,12.2,1.0,True,0.01,0.95,10.0,39600.0,0.938,0.139
12006,1 - 1 - 2022,19800.0,6.549809157525126,5.623415332340303,7.498939925082745,0.0315,0.0251189,0.0398107,0.341,0.3,0.4,0.85,0.8,0.9,226.0,2.5,0.0,1.0,True,0.01,0.95,10.0,39600.0,0.938,0.139
12007,1 - 1 - 2022,19800.0,6.442049363362563,5.623415332340303,7.498939925082745,0.0309,0.0251189,0.0398107,0.341,0.3,0.4,0.936,0.9,1.0,140.0,1.97,6.11,1.0,True,0.01,0.95,10.0,39600.0,0.938,0.139
12008,1 - 1 - 2022,19800.0,6.356099432828281,5.623415332340303,7.498939925082745,0.0317,0.0251189,0.0398107,0.345,0.3,0.4,1.2,1.0,1.5,59.8,0.575,2.44,1.0,True,0.01,0.95,10.0,39600.0,0.938,0.139
12009,1 - 1 - 2022,19800.0,6.663332499583072,5.623415332340303,7.498939925082745,0.0328,0.0251189,0.0398107,0.333,0.3,0.4,1.75,1.5,2.0,19.5,0.329,0.0,1.0,True,0.01,0.95,10.0,39600.0,0.938,0.139
12010,1 - 1 - 2022,19800.0,6.457553716385176,5.623415332340303,7.498939925082745,0.0308,0.0251189,0.0398107,0.34,0.3,0.4,2.93,2.0,4.0,3.97,0.0741,0.0,1.0,True,0.01,0.95,10.0,39600.0,0.938,0.139
12011,1 - 1 - 2022,19800.0,6.685805860178712,5.623415332340303,7.498939925082745,0.0312,0.0251189,0.0398107,0.448,0.4,0.5,0.0319,0.0,0.05,48.8,1.64,24.4,1.0,True,0.01,0.95,10.0,39600.0,0.938,0.139
12012,1 - 1 - 2022,19800.0,6.54217089351845,5.623415332340303,7.498939925082745,0.0339,0.0251189,0.0398107,0.442,0.4,0.5,0.0754,0.05,0.1,122.0,2.6,12.2,1.0,True,0.01,0.95,10.0,39600.0,0.938,0.139
12013,1 - 1 - 2022,19800.0,6.348228099241551,5.623415332340303,7.498939925082745,0.0293,0.0251189,0.0398107,0.45,0.4,0.5,0.153,0.1,0.2,177.0,2.21,42.7,1.0,True,0.01,0.95,10.0,39600.0,0.938,0.139
12014,1 - 1 - 2022,19800.0,6.442049363362563,5.623415332340303,7.498939925082745,0.0314,0.0251189,0.0398107,0.435,0.4,0.5,0.244,0.2,0.3,165.0,2.14,24.4,1.0,True,0.01,0.95,10.0,39600.0,0.938,0.139
12015,1 - 1 - 2022,19800.0,6.29285308902091,5.623415332340303,7.498939925082745,0.032,0.0251189,0.0398107,0.444,0.4,0.5,0.355,0.3,0.4,226.0,2.5,24.4,1.0,True,0.01,0.95,10.0,39600.0,0.938,0.139
12016,1 - 1 - 2022,19800.0,6.418722614352485,5.623415332340303,7.498939925082745,0.032,0.0251189,0.0398107,0.448,0.4,0.5,0.444,0.4,0.5,183.0,2.25,6.11,1.0,True,0.01,0.95,10.0,39600.0,0.938,0.139
12017,1 - 1 - 2022,19800.0,6.418722614352485,5.623415332340303,7.498939925082745,0.0309,0.0251189,0.0398107,0.448,0.4,0.5,0.549,0.5,0.6,250.0,2.63,18.3,1.0,True,0.01,0.95,10.0,39600.0,0.938,0.139
12018,1 - 1 - 2022,19800.0,6.488451279003334,5.623415332340303,7.498939925082745,0.0333,0.0251189,0.0398107,0.445,0.4,0.5,0.652,0.6,0.7,189.0,2.29,18.3,1.0,True,0.01,0.95,10.0,39600.0,0.938,0.139
12019,1 - 1 - 2022,19800.0,6.4031242374328485,5.623415332340303,7.498939925082745,0.0301,0.0251189,0.0398107,0.445,0.4,0.5,0.743,0.7,0.8,128.0,1.88,18.3,1.0,True,0.01,0.95,10.0,39600.0,0.938,0.139
12020,1 - 1 - 2022,19800.0,6.640783086353597,5.623415332340303,7.498939925082745,0.0309,0.0251189,0.0398107,0.442,0.4,0.5,0.854,0.8,0.9,122.0,1.84,18.3,1.0,True,0.01,0.95,10.0,39600.0,0.938,0.139
12021,1 - 1 - 2022,19800.0,6.356099432828281,5.623415332340303,7.498939925082745,0.0316,0.0251189,0.0398107,0.442,0.4,0.5,0.956,0.9,1.0,116.0,1.79,6.1,1.0,True,0.01,0.95,10.0,39600.0,0.938,0.139
12022,1 - 1 - 2022,19800.0,6.4265076052238514,5.623415332340303,7.498939925082745,0.0331,0.0251189,0.0398107,0.446,0.4,0.5,1.2,1.0,1.5,42.7,0.486,2.44,1.0,True,0.01,0.95,10.0,39600.0,0.938,0.139
12023,1 - 1 - 2022,19800.0,6.496152707564686,5.623415332340303,7.498939925082745,0.0305,0.0251189,0.0398107,0.453,0.4,0.5,1.76,1.5,2.0,14.7,0.285,1.22,1.0,True,0.01,0.95,10.0,39600.0,0.938,0.139
12024,1 - 1 - 2022,19800.0,6.6332495807108,5.623415332340303,7.498939925082745,0.0306,0.0251189,0.0398107,0.458,0.4,0.5,2.51,2.0,4.0,0.916,0.0356,0.0,1.0,True,0.01,0.95,10.0,39600.0,0.938,0.139
12025,1 - 1 - 2022,19800.0,6.099180272790763,5.623415332340303,7.498939925082745,0.0371,0.0251189,0.0398107,0.531,0.5,0.6,0.0697,0.05,0.1,48.8,1.64,12.2,1.0,True,0.01,0.95,10.0,39600.0,0.938,0.139
12026,1 - 1 - 2022,19800.0,6.526867548832288,5.623415332340303,7.498939925082745,0.0325,0.0251189,0.0398107,0.548,0.5,0.6,0.162,0.1,0.2,104.0,1.69,30.5,1.0,True,0.01,0.95,10.0,39600.0,0.938,0.139
12027,1 - 1 - 2022,19800.0,6.511528238439882,5.623415332340303,7.498939925082745,0.0324,0.0251189,0.0398107,0.558,0.5,0.6,0.264,0.2,0.3,147.0,2.01,79.4,1.0,True,0.01,0.95,10.0,39600.0,0.938,0.139
12028,1 - 1 - 2022,19800.0,6.473020933072903,5.623415332340303,7.498939925082745,0.0295,0.0251189,0.0398107,0.538,0.5,0.6,0.347,0.3,0.4,79.4,1.48,42.7,1.0,True,0.01,0.95,10.0,39600.0,0.938,0.139
12029,1 - 1 - 2022,19800.0,6.340346993658944,5.623415332340303,7.498939925082745,0.033,0.0251189,0.0398107,0.548,0.5,0.6,0.458,0.4,0.5,140.0,1.97,48.8,1.0,True,0.01,0.95,10.0,39600.0,0.938,0.139
12030,1 - 1 - 2022,19800.0,6.465291950097845,5.623415332340303,7.498939925082745,0.032,0.0251189,0.0398107,0.545,0.5,0.6,0.547,0.5,0.6,140.0,1.97,36.6,1.0,True,0.01,0.95,10.0,39600.0,0.938,0.139
12031,1 - 1 - 2022,19800.0,6.496152707564686,5.623415332340303,7.498939925082745,0.0316,0.0251189,0.0398107,0.539,0.5,0.6,0.664,0.6,0.7,85.5,1.54,36.6,1.0,True,0.01,0.95,10.0,39600.0,0.938,0.139
12032,1 - 1 - 2022,19800.0,6.348228099241551,5.623415332340303,7.498939925082745,0.0325,0.0251189,0.0398107,0.533,0.5,0.6,0.76,0.7,0.8,48.8,1.16,12.2,1.0,True,0.01,0.95,10.0,39600.0,0.938,0.139
12033,1 - 1 - 2022,19800.0,6.244997998398398,5.623415332340303,7.498939925082745,0.0337,0.0251189,0.0398107,0.538,0.5,0.6,0.847,0.8,0.9,36.6,1.01,0.0,1.0,True,0.01,0.95,10.0,39600.0,0.938,0.139
12034,1 - 1 - 2022,19800.0,6.4265076052238514,5.623415332340303,7.498939925082745,0.029,0.0251189,0.0398107,0.557,0.5,0.6,0.932,0.9,1.0,42.7,1.09,24.4,1.0,True,0.01,0.95,10.0,39600.0,0.938,0.139
12035,1 - 1 - 2022,19800.0,6.4265076052238514,5.623415332340303,7.498939925082745,0.0308,0.0251189,0.0398107,0.551,0.5,0.6,1.26,1.0,1.5,14.7,0.285,1.22,1.0,True,0.01,0.95,10.0,39600.0,0.938,0.139
12036,1 - 1 - 2022,19800.0,6.395310782127793,5.623415332340303,7.498939925082745,0.0301,0.0251189,0.0398107,0.544,0.5,0.6,1.71,1.5,2.0,7.33,0.201,0.0,1.0,True,0.01,0.95,10.0,39600.0,0.938,0.139
12037,1 - 1 - 2022,19800.0,6.663332499583072,5.623415332340303,7.498939925082745,0.0337,0.0251189,0.0398107,0.535,0.5,0.6,2.27,2.0,4.0,0.916,0.0356,0.0,1.0,True,0.01,0.95,10.0,39600.0,0.938,0.139
12038,1 - 1 - 2022,19800.0,5.648008498577175,5.623415332340303,7.498939925082745,0.0371,0.0251189,0.0398107,0.617,0.6,0.7,0.0994,0.05,0.1,12.2,0.822,0.0,1.0,True,0.01,0.95,10.0,39600.0,0.938,0.139
12039,1 - 1 - 2022,19800.0,6.700746227100382,5.623415332340303,7.498939925082745,0.0305,0.0251189,0.0398107,0.677,0.6,0.7,0.158,0.1,0.2,42.7,1.09,36.6,1.0,True,0.01,0.95,10.0,39600.0,0.938,0.139
12040,1 - 1 - 2022,19800.0,6.0909769331364245,5.623415332340303,7.498939925082745,0.0315,0.0251189,0.0398107,0.639,0.6,0.7,0.256,0.2,0.3,54.9,1.23,30.5,1.0,True,0.01,0.95,10.0,39600.0,0.938,0.139
12041,1 - 1 - 2022,19800.0,6.663332499583072,5.623415332340303,7.498939925082745,0.0294,0.0251189,0.0398107,0.645,0.6,0.7,0.351,0.3,0.4,54.9,1.23,42.7,1.0,True,0.01,0.95,10.0,39600.0,0.938,0.139
12042,1 - 1 - 2022,19800.0,6.276941930590086,5.623415332340303,7.498939925082745,0.032,0.0251189,0.0398107,0.651,0.6,0.7,0.453,0.4,0.5,67.2,1.36,24.4,1.0,True,0.01,0.95,10.0,39600.0,0.938,0.139
12043,1 - 1 - 2022,19800.0,6.316644678941502,5.623415332340303,7.498939925082745,0.0314,0.0251189,0.0398107,0.645,0.6,0.7,0.538,0.5,0.6,67.1,1.36,24.4,1.0,True,0.01,0.95,10.0,39600.0,0.938,0.139
12044,1 - 1 - 2022,19800.0,6.54217089351845,5.623415332340303,7.498939925082745,0.0306,0.0251189,0.0398107,0.646,0.6,0.7,0.638,0.6,0.7,24.4,0.822,18.3,1.0,True,0.01,0.95,10.0,39600.0,0.938,0.139
12045,1 - 1 - 2022,19800.0,6.196773353931867,5.623415332340303,7.498939925082745,0.0338,0.0251189,0.0398107,0.65,0.6,0.7,0.749,0.7,0.8,61.1,1.3,18.3,1.0,True,0.01,0.95,10.0,39600.0,0.938,0.139
12046,1 - 1 - 2022,19800.0,6.488451279003334,5.623415332340303,7.498939925082745,0.0333,0.0251189,0.0398107,0.637,0.6,0.7,0.85,0.8,0.9,42.7,1.09,24.4,1.0,True,0.01,0.95,10.0,39600.0,0.938,0.139
12047,1 - 1 - 2022,19800.0,6.276941930590086,5.623415332340303,7.498939925082745,0.0301,0.0251189,0.0398107,0.64,0.6,0.7,0.949,0.9,1.0,42.7,1.09,18.3,1.0,True,0.01,0.95,10.0,39600.0,0.938,0.139
12048,1 - 1 - 2022,19800.0,6.220932405998316,5.623415332340303,7.498939925082745,0.0341,0.0251189,0.0398107,0.626,0.6,0.7,1.15,1.0,1.5,8.55,0.217,2.44,1.0,True,0.01,0.95,10.0,39600.0,0.938,0.139
12049,1 - 1 - 2022,19800.0,6.610597552415364,5.623415332340303,7.498939925082745,0.0296,0.0251189,0.0398107,0.643,0.6,0.7,1.73,1.5,2.0,3.66,0.142,1.22,1.0,True,0.01,0.95,10.0,39600.0,0.938,0.139
12050,1 - 1 - 2022,19800.0,6.074537019394976,5.623415332340303,7.498939925082745,0.028,0.0251189,0.0398107,0.773,0.7,0.8,0.184,0.1,0.2,12.2,0.581,6.11,1.0,True,0.01,0.95,10.0,39600.0,0.938,0.139
12051,1 - 1 - 2022,19800.0,6.54217089351845,5.623415332340303,7.498939925082745,0.0315,0.0251189,0.0398107,0.745,0.7,0.8,0.274,0.2,0.3,24.4,0.822,12.2,1.0,True,0.01,0.95,10.0,39600.0,0.938,0.139
12052,1 - 1 - 2022,19800.0,6.473020933072903,5.623415332340303,7.498939925082745,0.0314,0.0251189,0.0398107,0.754,0.7,0.8,0.35,0.3,0.4,48.8,1.16,18.3,1.0,True,0.01,0.95,10.0,39600.0,0.938,0.139
12053,1 - 1 - 2022,19800.0,6.410928169929843,5.623415332340303,7.498939925082745,0.0323,0.0251189,0.0398107,0.738,0.7,0.8,0.44,0.4,0.5,73.3,1.42,36.6,1.0,True,0.01,0.95,10.0,39600.0,0.938,0.139
12054,1 - 1 - 2022,19800.0,6.648308055437865,5.623415332340303,7.498939925082745,0.0322,0.0251189,0.0398107,0.754,0.7,0.8,0.548,0.5,0.6,42.7,1.09,24.4,1.0,True,0.01,0.95,10.0,39600.0,0.938,0.139
12055,1 - 1 - 2022,19800.0,6.276941930590086,5.623415332340303,7.498939925082745,0.0345,0.0251189,0.0398107,0.754,0.7,0.8,0.754,0.7,0.8,36.6,1.01,6.11,1.0,True,0.01,0.95,10.0,39600.0,0.938,0.139
12056,1 - 1 - 2022,19800.0,5.8395205282625735,5.623415332340303,7.498939925082745,0.0276,0.0251189,0.0398107,0.728,0.7,0.8,0.85,0.8,0.9,12.2,0.581,6.11,1.0,True,0.01,0.95,10.0,39600.0,0.938,0.139
12057,1 - 1 - 2022,19800.0,5.89915248150105,5.623415332340303,7.498939925082745,0.0333,0.0251189,0.0398107,0.721,0.7,0.8,0.964,0.9,1.0,12.2,0.581,6.11,1.0,True,0.01,0.95,10.0,39600.0,0.938,0.139
12058,1 - 1 - 2022,19800.0,6.434283176858165,5.623415332340303,7.498939925082745,0.0331,0.0251189,0.0398107,0.735,0.7,0.8,1.18,1.0,1.5,6.1,0.184,2.44,1.0,True,0.01,0.95,10.0,39600.0,0.938,0.139
12059,1 - 1 - 2022,19800.0,6.2048368229954285,5.623415332340303,7.498939925082745,0.0258,0.0251189,0.0398107,0.789,0.7,0.8,1.62,1.5,2.0,2.44,0.116,1.22,1.0,True,0.01,0.95,10.0,39600.0,0.938,0.139
12060,1 - 1 - 2022,19800.0,6.276941930590086,5.623415332340303,7.498939925082745,0.0337,0.0251189,0.0398107,0.866,0.8,0.9,0.155,0.1,0.2,30.5,0.919,12.2,1.0,True,0.01,0.95,10.0,39600.0,0.938,0.139
12061,1 - 1 - 2022,19800.0,6.457553716385176,5.623415332340303,7.498939925082745,0.0325,0.0251189,0.0398107,0.828,0.8,0.9,0.245,0.2,0.3,30.5,0.919,18.3,1.0,True,0.01,0.95,10.0,39600.0,0.938,0.139
12062,1 - 1 - 2022,19800.0,6.29285308902091,5.623415332340303,7.498939925082745,0.0297,0.0251189,0.0398107,0.846,0.8,0.9,0.35,0.3,0.4,12.2,0.581,6.1,1.0,True,0.01,0.95,10.0,39600.0,0.938,0.139
12063,1 - 1 - 2022,19800.0,6.848357467305573,5.623415332340303,7.498939925082745,0.0329,0.0251189,0.0398107,0.82,0.8,0.9,0.409,0.4,0.5,6.1,0.411,0.0,1.0,True,0.01,0.95,10.0,39600.0,0.938,0.139
12064,1 - 1 - 2022,19800.0,7.021395872616783,5.623415332340303,7.498939925082745,0.0328,0.0251189,0.0398107,0.854,0.8,0.9,0.552,0.5,0.6,12.2,0.581,6.11,1.0,True,0.01,0.95,10.0,39600.0,0.938,0.139
12065,1 - 1 - 2022,19800.0,6.841052550594828,5.623415332340303,7.498939925082745,0.0366,0.0251189,0.0398107,0.846,0.8,0.9,0.725,0.7,0.8,12.2,0.581,6.1,1.0,True,0.01,0.95,10.0,39600.0,0.938,0.139
12066,1 - 1 - 2022,19800.0,6.557438524302,5.623415332340303,7.498939925082745,0.0355,0.0251189,0.0398107,0.934,0.9,1.0,0.35,0.3,0.4,6.11,0.411,0.0,1.0,True,0.01,0.95,10.0,39600.0,0.938,0.139
12067,1 - 1 - 2022,19800.0,5.75325994545701,5.623415332340303,7.498939925082745,0.0285,0.0251189,0.0398107,0.923,0.9,1.0,0.631,0.6,0.7,6.1,0.411,0.0,1.0,True,0.01,0.95,10.0,39600.0,0.938,0.139
12068,1 - 1 - 2022,19800.0,6.519202405202649,5.623415332340303,7.498939925082745,0.0488,0.0398107,0.0630957,0.0357,0.0,0.05,0.0318,0.0,0.05,493.0,5.87,123.0,1.0,True,0.01,0.95,10.0,39600.0,0.938,0.139
12069,1 - 1 - 2022,19800.0,6.587867636800241,5.623415332340303,7.498939925082745,0.0487,0.0398107,0.0630957,0.0325,0.0,0.05,0.0791,0.05,0.1,1310.0,9.56,539.0,1.0,True,0.01,0.95,10.0,39600.0,0.938,0.139
12070,1 - 1 - 2022,19800.0,6.572670690061994,5.623415332340303,7.498939925082745,0.0491,0.0398107,0.0630957,0.032,0.0,0.05,0.155,0.1,0.2,2300.0,8.97,832.0,1.0,True,0.01,0.95,10.0,39600.0,0.938,0.139
12071,1 - 1 - 2022,19800.0,6.496152707564686,5.623415332340303,7.498939925082745,0.0492,0.0398107,0.0630957,0.0295,0.0,0.05,0.251,0.2,0.3,3240.0,10.6,1270.0,1.0,True,0.01,0.95,10.0,39600.0,0.938,0.139
12072,1 - 1 - 2022,19800.0,6.54217089351845,5.623415332340303,7.498939925082745,0.0504,0.0398107,0.0630957,0.0287,0.0,0.05,0.349,0.3,0.4,3970.0,11.8,1590.0,1.0,True,0.01,0.95,10.0,39600.0,0.938,0.139
12073,1 - 1 - 2022,19800.0,6.496152707564686,5.623415332340303,7.498939925082745,0.0492,0.0398107,0.0630957,0.0279,0.0,0.05,0.445,0.4,0.5,3590.0,11.2,1230.0,1.0,True,0.01,0.95,10.0,39600.0,0.938,0.139
12074,1 - 1 - 2022,19800.0,6.54217089351845,5.623415332340303,7.498939925082745,0.0498,0.0398107,0.0630957,0.028,0.0,0.05,0.548,0.5,0.6,2840.0,9.95,878.0,1.0,True,0.01,0.95,10.0,39600.0,0.938,0.139
12075,1 - 1 - 2022,19800.0,6.534523701081817,5.623415332340303,7.498939925082745,0.0501,0.0398107,0.0630957,0.0279,0.0,0.05,0.642,0.6,0.7,2080.0,8.52,701.0,1.0,True,0.01,0.95,10.0,39600.0,0.938,0.139
12076,1 - 1 - 2022,19800.0,6.526867548832288,5.623415332340303,7.498939925082745,0.0493,0.0398107,0.0630957,0.029,0.0,0.05,0.75,0.7,0.8,1350.0,6.86,416.0,1.0,True,0.01,0.95,10.0,39600.0,0.938,0.139
12077,1 - 1 - 2022,19800.0,6.572670690061994,5.623415332340303,7.498939925082745,0.0481,0.0398107,0.0630957,0.0289,0.0,0.05,0.847,0.8,0.9,840.0,5.41,247.0,1.0,True,0.01,0.95,10.0,39600.0,0.938,0.139
12078,1 - 1 - 2022,19800.0,6.587867636800241,5.623415332340303,7.498939925082745,0.0507,0.0398107,0.0630957,0.0318,0.0,0.05,0.941,0.9,1.0,532.0,4.31,146.0,1.0,True,0.01,0.95,10.0,39600.0,0.938,0.139
12079,1 - 1 - 2022,19800.0,6.572670690061994,5.623415332340303,7.498939925082745,0.048,0.0398107,0.0630957,0.0311,0.0,0.05,1.14,1.0,1.5,148.0,1.02,60.1,1.0,True,0.01,0.95,10.0,39600.0,0.938,0.139
12080,1 - 1 - 2022,19800.0,6.44980619863884,5.623415332340303,7.498939925082745,0.045,0.0398107,0.0630957,0.036,0.0,0.05,1.6,1.5,2.0,7.7,0.232,3.08,1.0,True,0.01,0.95,10.0,39600.0,0.938,0.139
12081,1 - 1 - 2022,19800.0,6.300793600809346,5.623415332340303,7.498939925082745,0.0498,0.0398107,0.0630957,0.0725,0.05,0.1,0.0349,0.0,0.05,354.0,4.97,30.8,1.0,True,0.01,0.95,10.0,39600.0,0.938,0.139
12082,1 - 1 - 2022,19800.0,6.4265076052238514,5.623415332340303,7.498939925082745,0.0492,0.0398107,0.0630957,0.0726,0.05,0.1,0.0759,0.05,0.1,1120.0,8.86,154.0,1.0,True,0.01,0.95,10.0,39600.0,0.938,0.139
12083,1 - 1 - 2022,19800.0,6.434283176858165,5.623415332340303,7.498939925082745,0.0501,0.0398107,0.0630957,0.073,0.05,0.1,0.153,0.1,0.2,1900.0,8.15,262.0,1.0,True,0.01,0.95,10.0,39600.0,0.938,0.139
12084,1 - 1 - 2022,19800.0,6.44980619863884,5.623415332340303,7.498939925082745,0.0503,0.0398107,0.0630957,0.0728,0.05,0.1,0.254,0.2,0.3,2600.0,9.52,616.0,1.0,True,0.01,0.95,10.0,39600.0,0.938,0.139
12085,1 - 1 - 2022,19800.0,6.5038450166036395,5.623415332340303,7.498939925082745,0.0503,0.0398107,0.0630957,0.072,0.05,0.1,0.35,0.3,0.4,2660.0,9.63,593.0,1.0,True,0.01,0.95,10.0,39600.0,0.938,0.139
12086,1 - 1 - 2022,19800.0,6.434283176858165,5.623415332340303,7.498939925082745,0.0496,0.0398107,0.0630957,0.0737,0.05,0.1,0.449,0.4,0.5,2450.0,9.25,462.0,1.0,True,0.01,0.95,10.0,39600.0,0.938,0.139
12087,1 - 1 - 2022,19800.0,6.4265076052238514,5.623415332340303,7.498939925082745,0.0502,0.0398107,0.0630957,0.0734,0.05,0.1,0.549,0.5,0.6,1830.0,8.0,247.0,1.0,True,0.01,0.95,10.0,39600.0,0.938,0.139
12088,1 - 1 - 2022,19800.0,6.44980619863884,5.623415332340303,7.498939925082745,0.0504,0.0398107,0.0630957,0.0736,0.05,0.1,0.649,0.6,0.7,1530.0,7.3,139.0,1.0,True,0.01,0.95,10.0,39600.0,0.938,0.139
12089,1 - 1 - 2022,19800.0,6.371812928829597,5.623415332340303,7.498939925082745,0.0502,0.0398107,0.0630957,0.0752,0.05,0.1,0.746,0.7,0.8,1020.0,5.98,123.0,1.0,True,0.01,0.95,10.0,39600.0,0.938,0.139
12090,1 - 1 - 2022,19800.0,6.44980619863884,5.623415332340303,7.498939925082745,0.0505,0.0398107,0.0630957,0.0726,0.05,0.1,0.843,0.8,0.9,732.0,5.05,69.3,1.0,True,0.01,0.95,10.0,39600.0,0.938,0.139
12091,1 - 1 - 2022,19800.0,6.418722614352485,5.623415332340303,7.498939925082745,0.0512,0.0398107,0.0630957,0.0737,0.05,0.1,0.94,0.9,1.0,401.0,3.74,7.7,1.0,True,0.01,0.95,10.0,39600.0,0.938,0.139
12092,1 - 1 - 2022,19800.0,6.5038450166036395,5.623415332340303,7.498939925082745,0.0503,0.0398107,0.0630957,0.0763,0.05,0.1,1.17,1.0,1.5,146.0,1.01,1.54,1.0,True,0.01,0.95,10.0,39600.0,0.938,0.139
12093,1 - 1 - 2022,19800.0,6.587867636800241,5.623415332340303,7.498939925082745,0.0523,0.0398107,0.0630957,0.0743,0.05,0.1,1.67,1.5,2.0,26.2,0.428,1.54,1.0,True,0.01,0.95,10.0,39600.0,0.938,0.139
12094,1 - 1 - 2022,19800.0,6.920982589199311,5.623415332340303,7.498939925082745,0.0461,0.0398107,0.0630957,0.0712,0.05,0.1,2.14,2.0,4.0,1.93,0.058,0.0,1.0,True,0.01,0.95,10.0,39600.0,0.938,0.139
12095,1 - 1 - 2022,19800.0,6.4031242374328485,5.623415332340303,7.498939925082745,0.0488,0.0398107,0.0630957,0.13,0.1,0.15,0.0355,0.0,0.05,231.0,4.02,0.0,1.0,True,0.01,0.95,10.0,39600.0,0.938,0.139
12096,1 - 1 - 2022,19800.0,6.324555320336759,5.623415332340303,7.498939925082745,0.0484,0.0398107,0.0630957,0.124,0.1,0.15,0.0746,0.05,0.1,724.0,7.11,30.8,1.0,True,0.01,0.95,10.0,39600.0,0.938,0.139
12097,1 - 1 - 2022,19800.0,6.511528238439882,5.623415332340303,7.498939925082745,0.0498,0.0398107,0.0630957,0.121,0.1,0.15,0.153,0.1,0.2,1180.0,6.41,108.0,1.0,True,0.01,0.95,10.0,39600.0,0.938,0.139
12098,1 - 1 - 2022,19800.0,6.4265076052238514,5.623415332340303,7.498939925082745,0.0508,0.0398107,0.0630957,0.122,0.1,0.15,0.253,0.2,0.3,1540.0,7.33,231.0,1.0,True,0.01,0.95,10.0,39600.0,0.938,0.139
12099,1 - 1 - 2022,19800.0,6.4265076052238514,5.623415332340303,7.498939925082745,0.0497,0.0398107,0.0630957,0.124,0.1,0.15,0.349,0.3,0.4,1560.0,7.37,362.0,1.0,True,0.01,0.95,10.0,39600.0,0.938,0.139
12100,1 - 1 - 2022,19800.0,6.442049363362563,5.623415332340303,7.498939925082745,0.0499,0.0398107,0.0630957,0.123,0.1,0.15,0.448,0.4,0.5,1670.0,7.64,424.0,1.0,True,0.01,0.95,10.0,39600.0,0.938,0.139
12101,1 - 1 - 2022,19800.0,6.3796551630946325,5.623415332340303,7.498939925082745,0.0506,0.0398107,0.0630957,0.124,0.1,0.15,0.55,0.5,0.6,1190.0,6.46,308.0,1.0,True,0.01,0.95,10.0,39600.0,0.938,0.139
12102,1 - 1 - 2022,19800.0,6.519202405202649,5.623415332340303,7.498939925082745,0.0499,0.0398107,0.0630957,0.125,0.1,0.15,0.645,0.6,0.7,971.0,5.82,223.0,1.0,True,0.01,0.95,10.0,39600.0,0.938,0.139
12103,1 - 1 - 2022,19800.0,6.44980619863884,5.623415332340303,7.498939925082745,0.0492,0.0398107,0.0630957,0.122,0.1,0.15,0.751,0.7,0.8,632.0,4.7,177.0,1.0,True,0.01,0.95,10.0,39600.0,0.938,0.139
12104,1 - 1 - 2022,19800.0,6.465291950097845,5.623415332340303,7.498939925082745,0.0498,0.0398107,0.0630957,0.125,0.1,0.15,0.851,0.8,0.9,532.0,4.31,116.0,1.0,True,0.01,0.95,10.0,39600.0,0.938,0.139
12105,1 - 1 - 2022,19800.0,6.519202405202649,5.623415332340303,7.498939925082745,0.0499,0.0398107,0.0630957,0.123,0.1,0.15,0.946,0.9,1.0,247.0,2.93,15.4,1.0,True,0.01,0.95,10.0,39600.0,0.938,0.139
12106,1 - 1 - 2022,19800.0,6.519202405202649,5.623415332340303,7.498939925082745,0.0494,0.0398107,0.0630957,0.122,0.1,0.15,1.21,1.0,1.5,148.0,1.02,16.9,1.0,True,0.01,0.95,10.0,39600.0,0.938,0.139
12107,1 - 1 - 2022,19800.0,6.59545297913646,5.623415332340303,7.498939925082745,0.0501,0.0398107,0.0630957,0.125,0.1,0.15,1.68,1.5,2.0,32.4,0.475,0.0,1.0,True,0.01,0.95,10.0,39600.0,0.938,0.139
12108,1 - 1 - 2022,19800.0,6.58027355054484,5.623415332340303,7.498939925082745,0.052,0.0398107,0.0630957,0.128,0.1,0.15,2.45,2.0,4.0,1.16,0.0449,0.0,1.0,True,0.01,0.95,10.0,39600.0,0.938,0.139
12109,1 - 1 - 2022,19800.0,6.526867548832288,5.623415332340303,7.498939925082745,0.0515,0.0398107,0.0630957,0.172,0.15,0.2,0.0405,0.0,0.05,123.0,2.93,0.0,1.0,True,0.01,0.95,10.0,39600.0,0.938,0.139
12110,1 - 1 - 2022,19800.0,6.316644678941502,5.623415332340303,7.498939925082745,0.0513,0.0398107,0.0630957,0.174,0.15,0.2,0.0765,0.05,0.1,401.0,5.29,0.0,1.0,True,0.01,0.95,10.0,39600.0,0.938,0.139
12111,1 - 1 - 2022,19800.0,6.465291950097845,5.623415332340303,7.498939925082745,0.051,0.0398107,0.0630957,0.173,0.15,0.2,0.15,0.1,0.2,763.0,5.16,7.71,1.0,True,0.01,0.95,10.0,39600.0,0.938,0.139
12112,1 - 1 - 2022,19800.0,6.418722614352485,5.623415332340303,7.498939925082745,0.0506,0.0398107,0.0630957,0.171,0.15,0.2,0.254,0.2,0.3,1120.0,6.27,23.1,1.0,True,0.01,0.95,10.0,39600.0,0.938,0.139
12113,1 - 1 - 2022,19800.0,6.4265076052238514,5.623415332340303,7.498939925082745,0.0508,0.0398107,0.0630957,0.174,0.15,0.2,0.349,0.3,0.4,1000.0,5.91,139.0,1.0,True,0.01,0.95,10.0,39600.0,0.938,0.139
12114,1 - 1 - 2022,19800.0,6.48074069840786,5.623415332340303,7.498939925082745,0.0502,0.0398107,0.0630957,0.174,0.15,0.2,0.449,0.4,0.5,886.0,5.56,92.5,1.0,True,0.01,0.95,10.0,39600.0,0.938,0.139
12115,1 - 1 - 2022,19800.0,6.387487769068525,5.623415332340303,7.498939925082745,0.0492,0.0398107,0.0630957,0.174,0.15,0.2,0.554,0.5,0.6,686.0,4.89,154.0,1.0,True,0.01,0.95,10.0,39600.0,0.938,0.139
12116,1 - 1 - 2022,19800.0,6.526867548832288,5.623415332340303,7.498939925082745,0.0504,0.0398107,0.0630957,0.174,0.15,0.2,0.642,0.6,0.7,516.0,4.24,84.7,1.0,True,0.01,0.95,10.0,39600.0,0.938,0.139
12117,1 - 1 - 2022,19800.0,6.442049363362563,5.623415332340303,7.498939925082745,0.0487,0.0398107,0.0630957,0.174,0.15,0.2,0.743,0.7,0.8,524.0,4.28,123.0,1.0,True,0.01,0.95,10.0,39600.0,0.938,0.139
12118,1 - 1 - 2022,19800.0,6.526867548832288,5.623415332340303,7.498939925082745,0.0483,0.0398107,0.0630957,0.172,0.15,0.2,0.843,0.8,0.9,347.0,3.48,69.3,1.0,True,0.01,0.95,10.0,39600.0,0.938,0.139
12119,1 - 1 - 2022,19800.0,6.434283176858165,5.623415332340303,7.498939925082745,0.0484,0.0398107,0.0630957,0.171,0.15,0.2,0.946,0.9,1.0,270.0,3.07,77.0,1.0,True,0.01,0.95,10.0,39600.0,0.938,0.139
12120,1 - 1 - 2022,19800.0,6.457553716385176,5.623415332340303,7.498939925082745,0.0511,0.0398107,0.0630957,0.173,0.15,0.2,1.21,1.0,1.5,92.4,0.803,17.0,1.0,True,0.01,0.95,10.0,39600.0,0.938,0.139
12121,1 - 1 - 2022,19800.0,6.6783231428256,5.623415332340303,7.498939925082745,0.0494,0.0398107,0.0630957,0.173,0.15,0.2,1.74,1.5,2.0,24.6,0.415,1.54,1.0,True,0.01,0.95,10.0,39600.0,0.938,0.139
12122,1 - 1 - 2022,19800.0,6.519202405202649,5.623415332340303,7.498939925082745,0.0484,0.0398107,0.0630957,0.167,0.15,0.2,2.29,2.0,4.0,1.93,0.058,0.0,1.0,True,0.01,0.95,10.0,39600.0,0.938,0.139
12123,1 - 1 - 2022,19800.0,6.3796551630946325,5.623415332340303,7.498939925082745,0.0532,0.0398107,0.0630957,0.23,0.2,0.25,0.0377,0.0,0.05,123.0,2.93,0.0,1.0,True,0.01,0.95,10.0,39600.0,0.938,0.139
12124,1 - 1 - 2022,19800.0,6.348228099241551,5.623415332340303,7.498939925082745,0.0527,0.0398107,0.0630957,0.224,0.2,0.25,0.0781,0.05,0.1,216.0,3.88,0.0,1.0,True,0.01,0.95,10.0,39600.0,0.938,0.139
12125,1 - 1 - 2022,19800.0,6.434283176858165,5.623415332340303,7.498939925082745,0.0492,0.0398107,0.0630957,0.224,0.2,0.25,0.157,0.1,0.2,455.0,3.98,0.0,1.0,True,0.01,0.95,10.0,39600.0,0.938,0.139
12126,1 - 1 - 2022,19800.0,6.473020933072903,5.623415332340303,7.498939925082745,0.05,0.0398107,0.0630957,0.225,0.2,0.25,0.252,0.2,0.3,609.0,4.61,0.0,1.0,True,0.01,0.95,10.0,39600.0,0.938,0.139
12127,1 - 1 - 2022,19800.0,6.565059024867941,5.623415332340303,7.498939925082745,0.0505,0.0398107,0.0630957,0.222,0.2,0.25,0.34,0.3,0.4,578.0,4.49,0.0,1.0,True,0.01,0.95,10.0,39600.0,0.938,0.139
12128,1 - 1 - 2022,19800.0,6.442049363362563,5.623415332340303,7.498939925082745,0.0495,0.0398107,0.0630957,0.224,0.2,0.25,0.449,0.4,0.5,709.0,4.97,15.4,1.0,True,0.01,0.95,10.0,39600.0,0.938,0.139
12129,1 - 1 - 2022,19800.0,6.371812928829597,5.623415332340303,7.498939925082745,0.0498,0.0398107,0.0630957,0.225,0.2,0.25,0.546,0.5,0.6,562.0,4.43,30.8,1.0,True,0.01,0.95,10.0,39600.0,0.938,0.139
12130,1 - 1 - 2022,19800.0,6.3796551630946325,5.623415332340303,7.498939925082745,0.0494,0.0398107,0.0630957,0.224,0.2,0.25,0.648,0.6,0.7,447.0,3.95,38.5,1.0,True,0.01,0.95,10.0,39600.0,0.938,0.139
12131,1 - 1 - 2022,19800.0,6.519202405202649,5.623415332340303,7.498939925082745,0.0504,0.0398107,0.0630957,0.224,0.2,0.25,0.748,0.7,0.8,431.0,3.88,61.6,1.0,True,0.01,0.95,10.0,39600.0,0.938,0.139
12132,1 - 1 - 2022,19800.0,6.434283176858165,5.623415332340303,7.498939925082745,0.052,0.0398107,0.0630957,0.223,0.2,0.25,0.842,0.8,0.9,216.0,2.74,38.5,1.0,True,0.01,0.95,10.0,39600.0,0.938,0.139
12133,1 - 1 - 2022,19800.0,6.395310782127793,5.623415332340303,7.498939925082745,0.052,0.0398107,0.0630957,0.222,0.2,0.25,0.953,0.9,1.0,154.0,2.32,7.7,1.0,True,0.01,0.95,10.0,39600.0,0.938,0.139
12134,1 - 1 - 2022,19800.0,6.457553716385176,5.623415332340303,7.498939925082745,0.0493,0.0398107,0.0630957,0.221,0.2,0.25,1.19,1.0,1.5,90.9,0.797,13.9,1.0,True,0.01,0.95,10.0,39600.0,0.938,0.139
12135,1 - 1 - 2022,19800.0,6.332456079595025,5.623415332340303,7.498939925082745,0.0515,0.0398107,0.0630957,0.227,0.2,0.25,1.71,1.5,2.0,21.6,0.388,1.54,1.0,True,0.01,0.95,10.0,39600.0,0.938,0.139
12136,1 - 1 - 2022,19800.0,6.4031242374328485,5.623415332340303,7.498939925082745,0.0488,0.0398107,0.0630957,0.21,0.2,0.25,2.44,2.0,4.0,2.31,0.0635,0.0,1.0,True,0.01,0.95,10.0,39600.0,0.938,0.139
12137,1 - 1 - 2022,19800.0,6.877499545619759,5.623415332340303,7.498939925082745,0.051,0.0398107,0.0630957,0.272,0.25,0.3,0.0286,0.0,0.05,46.2,1.8,0.0,1.0,True,0.01,0.95,10.0,39600.0,0.938,0.139
12138,1 - 1 - 2022,19800.0,6.488451279003334,5.623415332340303,7.498939925082745,0.0515,0.0398107,0.0630957,0.273,0.25,0.3,0.0692,0.05,0.1,139.0,3.11,0.0,1.0,True,0.01,0.95,10.0,39600.0,0.938,0.139
12139,1 - 1 - 2022,19800.0,6.488451279003334,5.623415332340303,7.498939925082745,0.0488,0.0398107,0.0630957,0.272,0.25,0.3,0.159,0.1,0.2,316.0,3.32,0.0,1.0,True,0.01,0.95,10.0,39600.0,0.938,0.139
12140,1 - 1 - 2022,19800.0,6.418722614352485,5.623415332340303,7.498939925082745,0.0494,0.0398107,0.0630957,0.272,0.25,0.3,0.258,0.2,0.3,370.0,3.59,7.71,1.0,True,0.01,0.95,10.0,39600.0,0.938,0.139
12141,1 - 1 - 2022,19800.0,6.488451279003334,5.623415332340303,7.498939925082745,0.0501,0.0398107,0.0630957,0.275,0.25,0.3,0.352,0.3,0.4,370.0,3.59,0.0,1.0,True,0.01,0.95,10.0,39600.0,0.938,0.139
12142,1 - 1 - 2022,19800.0,6.496152707564686,5.623415332340303,7.498939925082745,0.0508,0.0398107,0.0630957,0.276,0.25,0.3,0.455,0.4,0.5,401.0,3.74,0.0,1.0,True,0.01,0.95,10.0,39600.0,0.938,0.139
12143,1 - 1 - 2022,19800.0,6.3796551630946325,5.623415332340303,7.498939925082745,0.0502,0.0398107,0.0630957,0.275,0.25,0.3,0.556,0.5,0.6,354.0,3.52,0.0,1.0,True,0.01,0.95,10.0,39600.0,0.938,0.139
12144,1 - 1 - 2022,19800.0,6.457553716385176,5.623415332340303,7.498939925082745,0.0495,0.0398107,0.0630957,0.272,0.25,0.3,0.654,0.6,0.7,277.0,3.11,0.0,1.0,True,0.01,0.95,10.0,39600.0,0.938,0.139
12145,1 - 1 - 2022,19800.0,6.434283176858165,5.623415332340303,7.498939925082745,0.0517,0.0398107,0.0630957,0.277,0.25,0.3,0.743,0.7,0.8,300.0,3.24,7.7,1.0,True,0.01,0.95,10.0,39600.0,0.938,0.139
12146,1 - 1 - 2022,19800.0,6.4031242374328485,5.623415332340303,7.498939925082745,0.0485,0.0398107,0.0630957,0.269,0.25,0.3,0.851,0.8,0.9,247.0,2.93,15.4,1.0,True,0.01,0.95,10.0,39600.0,0.938,0.139
12147,1 - 1 - 2022,19800.0,6.387487769068525,5.623415332340303,7.498939925082745,0.0491,0.0398107,0.0630957,0.27,0.25,0.3,0.94,0.9,1.0,116.0,2.01,0.0,1.0,True,0.01,0.95,10.0,39600.0,0.938,0.139
12148,1 - 1 - 2022,19800.0,6.308724118235001,5.623415332340303,7.498939925082745,0.0506,0.0398107,0.0630957,0.275,0.25,0.3,1.21,1.0,1.5,50.8,0.596,7.7,1.0,True,0.01,0.95,10.0,39600.0,0.938,0.139
12149,1 - 1 - 2022,19800.0,6.363961030678928,5.623415332340303,7.498939925082745,0.0487,0.0398107,0.0630957,0.276,0.25,0.3,1.67,1.5,2.0,18.5,0.359,1.54,1.0,True,0.01,0.95,10.0,39600.0,0.938,0.139
12150,1 - 1 - 2022,19800.0,6.59545297913646,5.623415332340303,7.498939925082745,0.053,0.0398107,0.0630957,0.27,0.25,0.3,2.71,2.0,4.0,2.31,0.0635,0.0,1.0,True,0.01,0.95,10.0,39600.0,0.938,0.139
12151,1 - 1 - 2022,19800.0,6.557438524302,5.623415332340303,7.498939925082745,0.0459,0.0398107,0.0630957,0.382,0.3,0.4,0.0419,0.0,0.05,30.8,1.04,0.0,1.0,True,0.01,0.95,10.0,39600.0,0.938,0.139
12152,1 - 1 - 2022,19800.0,6.618156843109719,5.623415332340303,7.498939925082745,0.0529,0.0398107,0.0630957,0.334,0.3,0.4,0.0802,0.05,0.1,77.0,1.64,0.0,1.0,True,0.01,0.95,10.0,39600.0,0.938,0.139
12153,1 - 1 - 2022,19800.0,6.4031242374328485,5.623415332340303,7.498939925082745,0.0508,0.0398107,0.0630957,0.342,0.3,0.4,0.155,0.1,0.2,166.0,1.7,0.0,1.0,True,0.01,0.95,10.0,39600.0,0.938,0.139
12154,1 - 1 - 2022,19800.0,6.371812928829597,5.623415332340303,7.498939925082745,0.0504,0.0398107,0.0630957,0.343,0.3,0.4,0.257,0.2,0.3,277.0,2.2,0.0,1.0,True,0.01,0.95,10.0,39600.0,0.938,0.139
12155,1 - 1 - 2022,19800.0,6.587867636800241,5.623415332340303,7.498939925082745,0.0482,0.0398107,0.0630957,0.342,0.3,0.4,0.353,0.3,0.4,254.0,2.11,0.0,1.0,True,0.01,0.95,10.0,39600.0,0.938,0.139
12156,1 - 1 - 2022,19800.0,6.4265076052238514,5.623415332340303,7.498939925082745,0.0494,0.0398107,0.0630957,0.348,0.3,0.4,0.449,0.4,0.5,239.0,2.04,0.0,1.0,True,0.01,0.95,10.0,39600.0,0.938,0.139
12157,1 - 1 - 2022,19800.0,6.363961030678928,5.623415332340303,7.498939925082745,0.0497,0.0398107,0.0630957,0.341,0.3,0.4,0.548,0.5,0.6,189.0,1.81,3.85,1.0,True,0.01,0.95,10.0,39600.0,0.938,0.139
12158,1 - 1 - 2022,19800.0,6.3796551630946325,5.623415332340303,7.498939925082745,0.0489,0.0398107,0.0630957,0.345,0.3,0.4,0.641,0.6,0.7,154.0,1.64,0.0,1.0,True,0.01,0.95,10.0,39600.0,0.938,0.139
12159,1 - 1 - 2022,19800.0,6.418722614352485,5.623415332340303,7.498939925082745,0.0487,0.0398107,0.0630957,0.344,0.3,0.4,0.747,0.7,0.8,127.0,1.49,0.0,1.0,True,0.01,0.95,10.0,39600.0,0.938,0.139
12160,1 - 1 - 2022,19800.0,6.59545297913646,5.623415332340303,7.498939925082745,0.0487,0.0398107,0.0630957,0.354,0.3,0.4,0.849,0.8,0.9,108.0,1.37,0.0,1.0,True,0.01,0.95,10.0,39600.0,0.938,0.139
12161,1 - 1 - 2022,19800.0,6.6257075093909785,5.623415332340303,7.498939925082745,0.0496,0.0398107,0.0630957,0.35,0.3,0.4,0.941,0.9,1.0,77.0,1.16,0.0,1.0,True,0.01,0.95,10.0,39600.0,0.938,0.139
12162,1 - 1 - 2022,19800.0,6.29285308902091,5.623415332340303,7.498939925082745,0.0503,0.0398107,0.0630957,0.35,0.3,0.4,1.17,1.0,1.5,34.7,0.348,2.31,1.0,True,0.01,0.95,10.0,39600.0,0.938,0.139
12163,1 - 1 - 2022,19800.0,6.340346993658944,5.623415332340303,7.498939925082745,0.0494,0.0398107,0.0630957,0.34,0.3,0.4,1.71,1.5,2.0,12.3,0.207,0.0,1.0,True,0.01,0.95,10.0,39600.0,0.938,0.139
12164,1 - 1 - 2022,19800.0,6.496152707564686,5.623415332340303,7.498939925082745,0.0505,0.0398107,0.0630957,0.334,0.3,0.4,2.25,2.0,4.0,0.963,0.029,0.0,1.0,True,0.01,0.95,10.0,39600.0,0.938,0.139
12165,1 - 1 - 2022,19800.0,5.656854249492381,5.623415332340303,7.498939925082745,0.0415,0.0398107,0.0630957,0.462,0.4,0.5,0.0245,0.0,0.05,7.71,0.519,0.0,1.0,True,0.01,0.95,10.0,39600.0,0.938,0.139
12166,1 - 1 - 2022,19800.0,6.363961030678928,5.623415332340303,7.498939925082745,0.0494,0.0398107,0.0630957,0.434,0.4,0.5,0.0786,0.05,0.1,77.1,1.64,0.0,1.0,True,0.01,0.95,10.0,39600.0,0.938,0.139
12167,1 - 1 - 2022,19800.0,6.156297588648554,5.623415332340303,7.498939925082745,0.0509,0.0398107,0.0630957,0.442,0.4,0.5,0.16,0.1,0.2,104.0,1.35,0.0,1.0,True,0.01,0.95,10.0,39600.0,0.938,0.139
12168,1 - 1 - 2022,19800.0,6.387487769068525,5.623415332340303,7.498939925082745,0.0502,0.0398107,0.0630957,0.443,0.4,0.5,0.252,0.2,0.3,123.0,1.47,0.0,1.0,True,0.01,0.95,10.0,39600.0,0.938,0.139
12169,1 - 1 - 2022,19800.0,6.332456079595025,5.623415332340303,7.498939925082745,0.0511,0.0398107,0.0630957,0.452,0.4,0.5,0.351,0.3,0.4,135.0,1.53,0.0,1.0,True,0.01,0.95,10.0,39600.0,0.938,0.139
12170,1 - 1 - 2022,19800.0,6.7379522111692065,5.623415332340303,7.498939925082745,0.0495,0.0398107,0.0630957,0.452,0.4,0.5,0.44,0.4,0.5,123.0,1.47,3.85,1.0,True,0.01,0.95,10.0,39600.0,0.938,0.139
12171,1 - 1 - 2022,19800.0,6.395310782127793,5.623415332340303,7.498939925082745,0.0499,0.0398107,0.0630957,0.447,0.4,0.5,0.545,0.5,0.6,154.0,1.64,0.0,1.0,True,0.01,0.95,10.0,39600.0,0.938,0.139
12172,1 - 1 - 2022,19800.0,6.465291950097845,5.623415332340303,7.498939925082745,0.0504,0.0398107,0.0630957,0.449,0.4,0.5,0.642,0.6,0.7,96.3,1.3,0.0,1.0,True,0.01,0.95,10.0,39600.0,0.938,0.139
12173,1 - 1 - 2022,19800.0,6.457553716385176,5.623415332340303,7.498939925082745,0.0494,0.0398107,0.0630957,0.449,0.4,0.5,0.759,0.7,0.8,92.4,1.27,0.0,1.0,True,0.01,0.95,10.0,39600.0,0.938,0.139
12174,1 - 1 - 2022,19800.0,6.371812928829597,5.623415332340303,7.498939925082745,0.0553,0.0398107,0.0630957,0.44,0.4,0.5,0.85,0.8,0.9,57.8,1.0,0.0,1.0,True,0.01,0.95,10.0,39600.0,0.938,0.139
12175,1 - 1 - 2022,19800.0,6.534523701081817,5.623415332340303,7.498939925082745,0.0506,0.0398107,0.0630957,0.459,0.4,0.5,0.954,0.9,1.0,34.7,0.778,0.0,1.0,True,0.01,0.95,10.0,39600.0,0.938,0.139
12176,1 - 1 - 2022,19800.0,6.308724118235001,5.623415332340303,7.498939925082745,0.0519,0.0398107,0.0630957,0.432,0.4,0.5,1.23,1.0,1.5,14.6,0.226,0.771,1.0,True,0.01,0.95,10.0,39600.0,0.938,0.139
12177,1 - 1 - 2022,19800.0,6.220932405998316,5.623415332340303,7.498939925082745,0.0481,0.0398107,0.0630957,0.444,0.4,0.5,1.68,1.5,2.0,6.93,0.156,0.0,1.0,True,0.01,0.95,10.0,39600.0,0.938,0.139
12178,1 - 1 - 2022,19800.0,6.663332499583072,5.623415332340303,7.498939925082745,0.0479,0.0398107,0.0630957,0.465,0.4,0.5,2.65,2.0,4.0,0.963,0.029,0.193,1.0,True,0.01,0.95,10.0,39600.0,0.938,0.139
12179,1 - 1 - 2022,19800.0,6.884765791223402,5.623415332340303,7.498939925082745,0.0446,0.0398107,0.0630957,0.504,0.5,0.6,0.0338,0.0,0.05,7.7,0.519,0.0,1.0,True,0.01,0.95,10.0,39600.0,0.938,0.139
12180,1 - 1 - 2022,19800.0,6.172519744804386,5.623415332340303,7.498939925082745,0.0474,0.0398107,0.0630957,0.521,0.5,0.6,0.081,0.05,0.1,46.2,1.27,0.0,1.0,True,0.01,0.95,10.0,39600.0,0.938,0.139
12181,1 - 1 - 2022,19800.0,6.473020933072903,5.623415332340303,7.498939925082745,0.053,0.0398107,0.0630957,0.54,0.5,0.6,0.158,0.1,0.2,61.6,1.04,0.0,1.0,True,0.01,0.95,10.0,39600.0,0.938,0.139
12182,1 - 1 - 2022,19800.0,6.356099432828281,5.623415332340303,7.498939925082745,0.0518,0.0398107,0.0630957,0.529,0.5,0.6,0.252,0.2,0.3,84.7,1.22,0.0,1.0,True,0.01,0.95,10.0,39600.0,0.938,0.139
12183,1 - 1 - 2022,19800.0,6.410928169929843,5.623415332340303,7.498939925082745,0.0494,0.0398107,0.0630957,0.554,0.5,0.6,0.342,0.3,0.4,96.3,1.3,0.0,1.0,True,0.01,0.95,10.0,39600.0,0.938,0.139
12184,1 - 1 - 2022,19800.0,6.220932405998316,5.623415332340303,7.498939925082745,0.0498,0.0398107,0.0630957,0.553,0.5,0.6,0.44,0.4,0.5,42.4,0.86,0.0,1.0,True,0.01,0.95,10.0,39600.0,0.938,0.139
12185,1 - 1 - 2022,19800.0,6.526867548832288,5.623415332340303,7.498939925082745,0.0479,0.0398107,0.0630957,0.538,0.5,0.6,0.55,0.5,0.6,69.3,1.1,0.0,1.0,True,0.01,0.95,10.0,39600.0,0.938,0.139
12186,1 - 1 - 2022,19800.0,6.48074069840786,5.623415332340303,7.498939925082745,0.0493,0.0398107,0.0630957,0.549,0.5,0.6,0.629,0.6,0.7,38.5,0.82,0.0,1.0,True,0.01,0.95,10.0,39600.0,0.938,0.139
12187,1 - 1 - 2022,19800.0,6.4265076052238514,5.623415332340303,7.498939925082745,0.0481,0.0398107,0.0630957,0.543,0.5,0.6,0.751,0.7,0.8,23.1,0.635,0.0,1.0,True,0.01,0.95,10.0,39600.0,0.938,0.139
12188,1 - 1 - 2022,19800.0,6.2289646009589745,5.623415332340303,7.498939925082745,0.0561,0.0398107,0.0630957,0.513,0.5,0.6,0.857,0.8,0.9,19.3,0.58,0.0,1.0,True,0.01,0.95,10.0,39600.0,0.938,0.139
12189,1 - 1 - 2022,19800.0,6.519202405202649,5.623415332340303,7.498939925082745,0.0498,0.0398107,0.0630957,0.548,0.5,0.6,0.952,0.9,1.0,30.8,0.733,0.0,1.0,True,0.01,0.95,10.0,39600.0,0.938,0.139
12190,1 - 1 - 2022,19800.0,6.410928169929843,5.623415332340303,7.498939925082745,0.0485,0.0398107,0.0630957,0.535,0.5,0.6,1.2,1.0,1.5,10.8,0.194,0.0,1.0,True,0.01,0.95,10.0,39600.0,0.938,0.139
12191,1 - 1 - 2022,19800.0,6.058052492344384,5.623415332340303,7.498939925082745,0.0452,0.0398107,0.0630957,0.535,0.5,0.6,1.61,1.5,2.0,2.31,0.0898,0.0,1.0,True,0.01,0.95,10.0,39600.0,0.938,0.139
12192,1 - 1 - 2022,19800.0,6.4031242374328485,5.623415332340303,7.498939925082745,0.0543,0.0398107,0.0630957,0.528,0.5,0.6,2.3,2.0,4.0,0.77,0.0259,0.0,1.0,True,0.01,0.95,10.0,39600.0,0.938,0.139
12193,1 - 1 - 2022,19800.0,6.1400325732035,5.623415332340303,7.498939925082745,0.0472,0.0398107,0.0630957,0.641,0.6,0.7,0.0426,0.0,0.05,7.7,0.519,0.0,1.0,True,0.01,0.95,10.0,39600.0,0.938,0.139
12194,1 - 1 - 2022,19800.0,5.882176467941097,5.623415332340303,7.498939925082745,0.0434,0.0398107,0.0630957,0.613,0.6,0.7,0.0673,0.05,0.1,15.4,0.733,0.0,1.0,True,0.01,0.95,10.0,39600.0,0.938,0.139
12195,1 - 1 - 2022,19800.0,6.371812928829597,5.623415332340303,7.498939925082745,0.0519,0.0398107,0.0630957,0.641,0.6,0.7,0.153,0.1,0.2,15.4,0.519,0.0,1.0,True,0.01,0.95,10.0,39600.0,0.938,0.139
12196,1 - 1 - 2022,19800.0,6.434283176858165,5.623415332340303,7.498939925082745,0.0523,0.0398107,0.0630957,0.654,0.6,0.7,0.252,0.2,0.3,34.7,0.778,0.0,1.0,True,0.01,0.95,10.0,39600.0,0.938,0.139
12197,1 - 1 - 2022,19800.0,6.082762530298219,5.623415332340303,7.498939925082745,0.0525,0.0398107,0.0630957,0.647,0.6,0.7,0.356,0.3,0.4,30.8,0.733,0.0,1.0,True,0.01,0.95,10.0,39600.0,0.938,0.139
12198,1 - 1 - 2022,19800.0,6.465291950097845,5.623415332340303,7.498939925082745,0.0516,0.0398107,0.0630957,0.642,0.6,0.7,0.447,0.4,0.5,53.9,0.97,0.0,1.0,True,0.01,0.95,10.0,39600.0,0.938,0.139
12199,1 - 1 - 2022,19800.0,6.244997998398398,5.623415332340303,7.498939925082745,0.0508,0.0398107,0.0630957,0.646,0.6,0.7,0.55,0.5,0.6,30.8,0.733,0.0,1.0,True,0.01,0.95,10.0,39600.0,0.938,0.139
12200,1 - 1 - 2022,19800.0,6.410928169929843,5.623415332340303,7.498939925082745,0.0485,0.0398107,0.0630957,0.635,0.6,0.7,0.66,0.6,0.7,38.5,0.82,0.0,1.0,True,0.01,0.95,10.0,39600.0,0.938,0.139
12201,1 - 1 - 2022,19800.0,5.9833101206606365,5.623415332340303,7.498939925082745,0.0518,0.0398107,0.0630957,0.629,0.6,0.7,0.768,0.7,0.8,7.7,0.367,0.0,1.0,True,0.01,0.95,10.0,39600.0,0.938,0.139
12202,1 - 1 - 2022,19800.0,6.220932405998316,5.623415332340303,7.498939925082745,0.0542,0.0398107,0.0630957,0.609,0.6,0.7,0.877,0.8,0.9,11.6,0.449,0.0,1.0,True,0.01,0.95,10.0,39600.0,0.938,0.139
12203,1 - 1 - 2022,19800.0,6.685805860178712,5.623415332340303,7.498939925082745,0.0573,0.0398107,0.0630957,0.653,0.6,0.7,0.931,0.9,1.0,7.7,0.367,0.0,1.0,True,0.01,0.95,10.0,39600.0,0.938,0.139
12204,1 - 1 - 2022,19800.0,6.252999280345393,5.623415332340303,7.498939925082745,0.0544,0.0398107,0.0630957,0.648,0.6,0.7,1.18,1.0,1.5,6.16,0.147,0.0,1.0,True,0.01,0.95,10.0,39600.0,0.938,0.139
12205,1 - 1 - 2022,19800.0,6.348228099241551,5.623415332340303,7.498939925082745,0.0522,0.0398107,0.0630957,0.683,0.6,0.7,1.53,1.5,2.0,0.77,0.0518,0.0,1.0,True,0.01,0.95,10.0,39600.0,0.938,0.139
12206,1 - 1 - 2022,19800.0,6.603029607687671,5.623415332340303,7.498939925082745,0.062,0.0398107,0.0630957,0.733,0.7,0.8,0.0836,0.05,0.1,7.7,0.518,0.0,1.0,True,0.01,0.95,10.0,39600.0,0.938,0.139
12207,1 - 1 - 2022,19800.0,6.6783231428256,5.623415332340303,7.498939925082745,0.0487,0.0398107,0.0630957,0.792,0.7,0.8,0.14,0.1,0.2,7.7,0.367,0.0,1.0,True,0.01,0.95,10.0,39600.0,0.938,0.139
12208,1 - 1 - 2022,19800.0,6.565059024867941,5.623415332340303,7.498939925082745,0.0516,0.0398107,0.0630957,0.726,0.7,0.8,0.266,0.2,0.3,34.7,0.778,0.0,1.0,True,0.01,0.95,10.0,39600.0,0.938,0.139
12209,1 - 1 - 2022,19800.0,6.418722614352485,5.623415332340303,7.498939925082745,0.0515,0.0398107,0.0630957,0.768,0.7,0.8,0.337,0.3,0.4,19.3,0.58,0.0,1.0,True,0.01,0.95,10.0,39600.0,0.938,0.139
12210,1 - 1 - 2022,19800.0,6.18869937870632,5.623415332340303,7.498939925082745,0.0459,0.0398107,0.0630957,0.74,0.7,0.8,0.446,0.4,0.5,23.1,0.635,0.0,1.0,True,0.01,0.95,10.0,39600.0,0.938,0.139
12211,1 - 1 - 2022,19800.0,6.4031242374328485,5.623415332340303,7.498939925082745,0.0472,0.0398107,0.0630957,0.752,0.7,0.8,0.535,0.5,0.6,15.4,0.518,0.0,1.0,True,0.01,0.95,10.0,39600.0,0.938,0.139
12212,1 - 1 - 2022,19800.0,6.316644678941502,5.623415332340303,7.498939925082745,0.0507,0.0398107,0.0630957,0.76,0.7,0.8,0.656,0.6,0.7,23.1,0.635,0.0,1.0,True,0.01,0.95,10.0,39600.0,0.938,0.139
12213,1 - 1 - 2022,19800.0,6.610597552415364,5.623415332340303,7.498939925082745,0.047,0.0398107,0.0630957,0.741,0.7,0.8,0.726,0.7,0.8,23.1,0.635,3.85,1.0,True,0.01,0.95,10.0,39600.0,0.938,0.139
12214,1 - 1 - 2022,19800.0,7.273238618387272,5.623415332340303,7.498939925082745,0.0606,0.0398107,0.0630957,0.71,0.7,0.8,0.976,0.9,1.0,3.85,0.259,0.0,1.0,True,0.01,0.95,10.0,39600.0,0.938,0.139
12215,1 - 1 - 2022,19800.0,6.340346993658944,5.623415332340303,7.498939925082745,0.0475,0.0398107,0.0630957,0.764,0.7,0.8,1.26,1.0,1.5,2.31,0.0898,0.0,1.0,True,0.01,0.95,10.0,39600.0,0.938,0.139
12216,1 - 1 - 2022,19800.0,6.4265076052238514,5.623415332340303,7.498939925082745,0.0461,0.0398107,0.0630957,0.736,0.7,0.8,1.71,1.5,2.0,1.54,0.0733,0.0,1.0,True,0.01,0.95,10.0,39600.0,0.938,0.139
12217,1 - 1 - 2022,19800.0,6.58027355054484,5.623415332340303,7.498939925082745,0.0406,0.0398107,0.0630957,0.841,0.8,0.9,0.0818,0.05,0.1,7.7,0.519,0.0,1.0,True,0.01,0.95,10.0,39600.0,0.938,0.139
12218,1 - 1 - 2022,19800.0,5.75325994545701,5.623415332340303,7.498939925082745,0.0518,0.0398107,0.0630957,0.846,0.8,0.9,0.198,0.1,0.2,3.85,0.259,0.0,1.0,True,0.01,0.95,10.0,39600.0,0.938,0.139
12219,1 - 1 - 2022,19800.0,5.735852159879995,5.623415332340303,7.498939925082745,0.0488,0.0398107,0.0630957,0.865,0.8,0.9,0.269,0.2,0.3,7.7,0.367,0.0,1.0,True,0.01,0.95,10.0,39600.0,0.938,0.139
12220,1 - 1 - 2022,19800.0,6.774953874381729,5.623415332340303,7.498939925082745,0.0476,0.0398107,0.0630957,0.83,0.8,0.9,0.373,0.3,0.4,19.3,0.58,0.0,1.0,True,0.01,0.95,10.0,39600.0,0.938,0.139
12221,1 - 1 - 2022,19800.0,6.6332495807108,5.623415332340303,7.498939925082745,0.0531,0.0398107,0.0630957,0.836,0.8,0.9,0.411,0.4,0.5,3.85,0.259,0.0,1.0,True,0.01,0.95,10.0,39600.0,0.938,0.139
12222,1 - 1 - 2022,19800.0,6.708203932499369,5.623415332340303,7.498939925082745,0.0435,0.0398107,0.0630957,0.876,0.8,0.9,0.514,0.5,0.6,7.71,0.367,0.0,1.0,True,0.01,0.95,10.0,39600.0,0.938,0.139
12223,1 - 1 - 2022,19800.0,6.156297588648554,5.623415332340303,7.498939925082745,0.0493,0.0398107,0.0630957,0.847,0.8,0.9,0.63,0.6,0.7,11.6,0.449,0.0,1.0,True,0.01,0.95,10.0,39600.0,0.938,0.139
12224,1 - 1 - 2022,19800.0,6.496152707564686,5.623415332340303,7.498939925082745,0.0493,0.0398107,0.0630957,0.874,0.8,0.9,0.727,0.7,0.8,11.6,0.449,0.0,1.0,True,0.01,0.95,10.0,39600.0,0.938,0.139
12225,1 - 1 - 2022,19800.0,7.402702209328699,5.623415332340303,7.498939925082745,0.0423,0.0398107,0.0630957,0.868,0.8,0.9,0.862,0.8,0.9,3.85,0.259,0.0,1.0,True,0.01,0.95,10.0,39600.0,0.938,0.139
12226,1 - 1 - 2022,19800.0,7.334848328356899,5.623415332340303,7.498939925082745,0.0516,0.0398107,0.0630957,0.859,0.8,0.9,1.05,1.0,1.5,0.77,0.0519,0.0,1.0,True,0.01,0.95,10.0,39600.0,0.938,0.139
12227,1 - 1 - 2022,19800.0,6.082762530298219,5.623415332340303,7.498939925082745,0.0443,0.0398107,0.0630957,0.912,0.9,1.0,0.306,0.3,0.4,3.85,0.259,0.0,1.0,True,0.01,0.95,10.0,39600.0,0.938,0.139
12228,1 - 1 - 2022,19800.0,7.416198487095663,5.623415332340303,7.498939925082745,0.0443,0.0398107,0.0630957,0.909,0.9,1.0,0.421,0.4,0.5,3.85,0.259,0.0,1.0,True,0.01,0.95,10.0,39600.0,0.938,0.139
12229,1 - 1 - 2022,19800.0,7.12039324756716,5.623415332340303,7.498939925082745,0.0446,0.0398107,0.0630957,0.944,0.9,1.0,0.765,0.7,0.8,7.7,0.367,0.0,1.0,True,0.01,0.95,10.0,39600.0,0.938,0.139
12230,1 - 1 - 2022,19800.0,6.587867636800241,5.623415332340303,7.498939925082745,0.0751,0.0630957,0.1,0.0375,0.0,0.05,0.0336,0.0,0.05,146.0,2.53,87.5,1.0,True,0.01,0.95,10.0,39600.0,0.938,0.139
12231,1 - 1 - 2022,19800.0,6.59545297913646,5.623415332340303,7.498939925082745,0.0791,0.0630957,0.1,0.0379,0.0,0.05,0.0801,0.05,0.1,574.0,5.03,272.0,1.0,True,0.01,0.95,10.0,39600.0,0.938,0.139
12232,1 - 1 - 2022,19800.0,6.618156843109719,5.623415332340303,7.498939925082745,0.0785,0.0630957,0.1,0.0359,0.0,0.05,0.155,0.1,0.2,710.0,3.95,374.0,1.0,True,0.01,0.95,10.0,39600.0,0.938,0.139
12233,1 - 1 - 2022,19800.0,6.565059024867941,5.623415332340303,7.498939925082745,0.0789,0.0630957,0.1,0.0346,0.0,0.05,0.252,0.2,0.3,1200.0,5.14,608.0,1.0,True,0.01,0.95,10.0,39600.0,0.938,0.139
12234,1 - 1 - 2022,19800.0,6.488451279003334,5.623415332340303,7.498939925082745,0.0779,0.0630957,0.1,0.0325,0.0,0.05,0.351,0.3,0.4,1450.0,5.65,899.0,1.0,True,0.01,0.95,10.0,39600.0,0.938,0.139
12235,1 - 1 - 2022,19800.0,6.58027355054484,5.623415332340303,7.498939925082745,0.079,0.0630957,0.1,0.0335,0.0,0.05,0.449,0.4,0.5,1330.0,5.41,700.0,1.0,True,0.01,0.95,10.0,39600.0,0.938,0.139
12236,1 - 1 - 2022,19800.0,6.519202405202649,5.623415332340303,7.498939925082745,0.0791,0.0630957,0.1,0.0329,0.0,0.05,0.549,0.5,0.6,1070.0,4.86,603.0,1.0,True,0.01,0.95,10.0,39600.0,0.938,0.139
12237,1 - 1 - 2022,19800.0,6.565059024867941,5.623415332340303,7.498939925082745,0.0778,0.0630957,0.1,0.0319,0.0,0.05,0.648,0.6,0.7,724.0,3.99,423.0,1.0,True,0.01,0.95,10.0,39600.0,0.938,0.139
12238,1 - 1 - 2022,19800.0,6.5038450166036395,5.623415332340303,7.498939925082745,0.0779,0.0630957,0.1,0.0339,0.0,0.05,0.744,0.7,0.8,457.0,3.17,248.0,1.0,True,0.01,0.95,10.0,39600.0,0.938,0.139
12239,1 - 1 - 2022,19800.0,6.557438524302,5.623415332340303,7.498939925082745,0.0782,0.0630957,0.1,0.0346,0.0,0.05,0.842,0.8,0.9,297.0,2.56,180.0,1.0,True,0.01,0.95,10.0,39600.0,0.938,0.139
12240,1 - 1 - 2022,19800.0,6.565059024867941,5.623415332340303,7.498939925082745,0.0803,0.0630957,0.1,0.0344,0.0,0.05,0.941,0.9,1.0,190.0,2.04,136.0,1.0,True,0.01,0.95,10.0,39600.0,0.938,0.139
12241,1 - 1 - 2022,19800.0,6.723094525588644,5.623415332340303,7.498939925082745,0.0737,0.0630957,0.1,0.035,0.0,0.05,1.14,1.0,1.5,42.8,0.434,26.2,1.0,True,0.01,0.95,10.0,39600.0,0.938,0.139
12242,1 - 1 - 2022,19800.0,7.176350047203662,5.623415332340303,7.498939925082745,0.0755,0.0630957,0.1,0.0419,0.0,0.05,1.67,1.5,2.0,2.92,0.113,0.972,1.0,True,0.01,0.95,10.0,39600.0,0.938,0.139
12243,1 - 1 - 2022,19800.0,6.465291950097845,5.623415332340303,7.498939925082745,0.0774,0.0630957,0.1,0.0762,0.05,0.1,0.0351,0.0,0.05,224.0,3.14,0.0,1.0,True,0.01,0.95,10.0,39600.0,0.938,0.139
12244,1 - 1 - 2022,19800.0,6.534523701081817,5.623415332340303,7.498939925082745,0.0794,0.0630957,0.1,0.0699,0.05,0.1,0.0771,0.05,0.1,612.0,5.19,0.0,1.0,True,0.01,0.95,10.0,39600.0,0.938,0.139
12245,1 - 1 - 2022,19800.0,6.418722614352485,5.623415332340303,7.498939925082745,0.0812,0.0630957,0.1,0.0713,0.05,0.1,0.153,0.1,0.2,1010.0,4.71,34.0,1.0,True,0.01,0.95,10.0,39600.0,0.938,0.139
12246,1 - 1 - 2022,19800.0,6.4265076052238514,5.623415332340303,7.498939925082745,0.0798,0.0630957,0.1,0.0722,0.05,0.1,0.253,0.2,0.3,1370.0,5.48,68.1,1.0,True,0.01,0.95,10.0,39600.0,0.938,0.139
12247,1 - 1 - 2022,19800.0,6.473020933072903,5.623415332340303,7.498939925082745,0.0804,0.0630957,0.1,0.0724,0.05,0.1,0.35,0.3,0.4,1530.0,5.81,63.2,1.0,True,0.01,0.95,10.0,39600.0,0.938,0.139
12248,1 - 1 - 2022,19800.0,6.442049363362563,5.623415332340303,7.498939925082745,0.079,0.0630957,0.1,0.073,0.05,0.1,0.45,0.4,0.5,1130.0,4.99,77.8,1.0,True,0.01,0.95,10.0,39600.0,0.938,0.139
12249,1 - 1 - 2022,19800.0,6.5038450166036395,5.623415332340303,7.498939925082745,0.0795,0.0630957,0.1,0.0713,0.05,0.1,0.549,0.5,0.6,1000.0,4.7,48.6,1.0,True,0.01,0.95,10.0,39600.0,0.938,0.139
12250,1 - 1 - 2022,19800.0,6.473020933072903,5.623415332340303,7.498939925082745,0.079,0.0630957,0.1,0.0703,0.05,0.1,0.646,0.6,0.7,865.0,4.37,38.9,1.0,True,0.01,0.95,10.0,39600.0,0.938,0.139
12251,1 - 1 - 2022,19800.0,6.565059024867941,5.623415332340303,7.498939925082745,0.0809,0.0630957,0.1,0.0759,0.05,0.1,0.746,0.7,0.8,569.0,3.54,14.6,1.0,True,0.01,0.95,10.0,39600.0,0.938,0.139
12252,1 - 1 - 2022,19800.0,6.549809157525126,5.623415332340303,7.498939925082745,0.0782,0.0630957,0.1,0.0716,0.05,0.1,0.85,0.8,0.9,292.0,2.53,14.6,1.0,True,0.01,0.95,10.0,39600.0,0.938,0.139
12253,1 - 1 - 2022,19800.0,6.457553716385176,5.623415332340303,7.498939925082745,0.0782,0.0630957,0.1,0.0695,0.05,0.1,0.943,0.9,1.0,204.0,2.12,9.72,1.0,True,0.01,0.95,10.0,39600.0,0.938,0.139
12254,1 - 1 - 2022,19800.0,6.526867548832288,5.623415332340303,7.498939925082745,0.0807,0.0630957,0.1,0.0749,0.05,0.1,1.14,1.0,1.5,81.7,0.6,4.86,1.0,True,0.01,0.95,10.0,39600.0,0.938,0.139
12255,1 - 1 - 2022,19800.0,6.603029607687671,5.623415332340303,7.498939925082745,0.0812,0.0630957,0.1,0.0765,0.05,0.1,1.67,1.5,2.0,16.5,0.27,2.92,1.0,True,0.01,0.95,10.0,39600.0,0.938,0.139
12256,1 - 1 - 2022,19800.0,6.54217089351845,5.623415332340303,7.498939925082745,0.0916,0.0630957,0.1,0.0903,0.05,0.1,2.44,2.0,4.0,0.486,0.0231,0.243,1.0,True,0.01,0.95,10.0,39600.0,0.938,0.139
12257,1 - 1 - 2022,19800.0,6.29285308902091,5.623415332340303,7.498939925082745,0.0851,0.0630957,0.1,0.122,0.1,0.15,0.0318,0.0,0.05,97.2,2.07,0.0,1.0,True,0.01,0.95,10.0,39600.0,0.938,0.139
12258,1 - 1 - 2022,19800.0,6.618156843109719,5.623415332340303,7.498939925082745,0.0808,0.0630957,0.1,0.123,0.1,0.15,0.0776,0.05,0.1,321.0,3.76,0.0,1.0,True,0.01,0.95,10.0,39600.0,0.938,0.139
12259,1 - 1 - 2022,19800.0,6.465291950097845,5.623415332340303,7.498939925082745,0.0787,0.0630957,0.1,0.122,0.1,0.15,0.155,0.1,0.2,622.0,3.7,0.0,1.0,True,0.01,0.95,10.0,39600.0,0.938,0.139
12260,1 - 1 - 2022,19800.0,6.363961030678928,5.623415332340303,7.498939925082745,0.0793,0.0630957,0.1,0.124,0.1,0.15,0.252,0.2,0.3,860.0,4.35,0.0,1.0,True,0.01,0.95,10.0,39600.0,0.938,0.139
12261,1 - 1 - 2022,19800.0,6.5038450166036395,5.623415332340303,7.498939925082745,0.0789,0.0630957,0.1,0.123,0.1,0.15,0.349,0.3,0.4,812.0,4.23,38.9,1.0,True,0.01,0.95,10.0,39600.0,0.938,0.139
12262,1 - 1 - 2022,19800.0,6.519202405202649,5.623415332340303,7.498939925082745,0.08,0.0630957,0.1,0.123,0.1,0.15,0.449,0.4,0.5,802.0,4.2,38.9,1.0,True,0.01,0.95,10.0,39600.0,0.938,0.139
12263,1 - 1 - 2022,19800.0,6.473020933072903,5.623415332340303,7.498939925082745,0.0784,0.0630957,0.1,0.126,0.1,0.15,0.545,0.5,0.6,632.0,3.73,63.2,1.0,True,0.01,0.95,10.0,39600.0,0.938,0.139
12264,1 - 1 - 2022,19800.0,6.4265076052238514,5.623415332340303,7.498939925082745,0.0795,0.0630957,0.1,0.124,0.1,0.15,0.649,0.6,0.7,598.0,3.63,97.2,1.0,True,0.01,0.95,10.0,39600.0,0.938,0.139
12265,1 - 1 - 2022,19800.0,6.356099432828281,5.623415332340303,7.498939925082745,0.0822,0.0630957,0.1,0.124,0.1,0.15,0.748,0.7,0.8,379.0,2.89,19.4,1.0,True,0.01,0.95,10.0,39600.0,0.938,0.139
12266,1 - 1 - 2022,19800.0,6.410928169929843,5.623415332340303,7.498939925082745,0.078,0.0630957,0.1,0.125,0.1,0.15,0.843,0.8,0.9,267.0,2.43,48.6,1.0,True,0.01,0.95,10.0,39600.0,0.938,0.139
12267,1 - 1 - 2022,19800.0,6.5038450166036395,5.623415332340303,7.498939925082745,0.0804,0.0630957,0.1,0.124,0.1,0.15,0.942,0.9,1.0,233.0,2.27,24.3,1.0,True,0.01,0.95,10.0,39600.0,0.938,0.139
12268,1 - 1 - 2022,19800.0,6.488451279003334,5.623415332340303,7.498939925082745,0.079,0.0630957,0.1,0.129,0.1,0.15,1.16,1.0,1.5,69.0,0.551,7.78,1.0,True,0.01,0.95,10.0,39600.0,0.938,0.139
12269,1 - 1 - 2022,19800.0,6.363961030678928,5.623415332340303,7.498939925082745,0.0781,0.0630957,0.1,0.128,0.1,0.15,1.65,1.5,2.0,10.7,0.217,0.0,1.0,True,0.01,0.95,10.0,39600.0,0.938,0.139
12270,1 - 1 - 2022,19800.0,6.906518659932803,5.623415332340303,7.498939925082745,0.0833,0.0630957,0.1,0.134,0.1,0.15,2.54,2.0,4.0,0.729,0.0283,0.243,1.0,True,0.01,0.95,10.0,39600.0,0.938,0.139
12271,1 - 1 - 2022,19800.0,6.745368781616021,5.623415332340303,7.498939925082745,0.0809,0.0630957,0.1,0.171,0.15,0.2,0.0405,0.0,0.05,29.2,1.13,0.0,1.0,True,0.01,0.95,10.0,39600.0,0.938,0.139
12272,1 - 1 - 2022,19800.0,6.260990336999411,5.623415332340303,7.498939925082745,0.078,0.0630957,0.1,0.176,0.15,0.2,0.0708,0.05,0.1,233.0,3.21,0.0,1.0,True,0.01,0.95,10.0,39600.0,0.938,0.139
12273,1 - 1 - 2022,19800.0,6.44980619863884,5.623415332340303,7.498939925082745,0.0815,0.0630957,0.1,0.173,0.15,0.2,0.155,0.1,0.2,442.0,3.12,4.86,1.0,True,0.01,0.95,10.0,39600.0,0.938,0.139
12274,1 - 1 - 2022,19800.0,6.418722614352485,5.623415332340303,7.498939925082745,0.081,0.0630957,0.1,0.173,0.15,0.2,0.25,0.2,0.3,506.0,3.34,0.0,1.0,True,0.01,0.95,10.0,39600.0,0.938,0.139
12275,1 - 1 - 2022,19800.0,6.48074069840786,5.623415332340303,7.498939925082745,0.0805,0.0630957,0.1,0.172,0.15,0.2,0.35,0.3,0.4,583.0,3.58,9.72,1.0,True,0.01,0.95,10.0,39600.0,0.938,0.139
12276,1 - 1 - 2022,19800.0,6.519202405202649,5.623415332340303,7.498939925082745,0.0801,0.0630957,0.1,0.174,0.15,0.2,0.445,0.4,0.5,544.0,3.46,4.86,1.0,True,0.01,0.95,10.0,39600.0,0.938,0.139
12277,1 - 1 - 2022,19800.0,6.434283176858165,5.623415332340303,7.498939925082745,0.0775,0.0630957,0.1,0.171,0.15,0.2,0.545,0.5,0.6,374.0,2.87,24.3,1.0,True,0.01,0.95,10.0,39600.0,0.938,0.139
12278,1 - 1 - 2022,19800.0,6.395310782127793,5.623415332340303,7.498939925082745,0.0783,0.0630957,0.1,0.172,0.15,0.2,0.646,0.6,0.7,340.0,2.74,24.3,1.0,True,0.01,0.95,10.0,39600.0,0.938,0.139
12279,1 - 1 - 2022,19800.0,6.387487769068525,5.623415332340303,7.498939925082745,0.0819,0.0630957,0.1,0.177,0.15,0.2,0.742,0.7,0.8,262.0,2.4,29.2,1.0,True,0.01,0.95,10.0,39600.0,0.938,0.139
12280,1 - 1 - 2022,19800.0,6.48074069840786,5.623415332340303,7.498939925082745,0.0797,0.0630957,0.1,0.171,0.15,0.2,0.848,0.8,0.9,199.0,2.09,34.0,1.0,True,0.01,0.95,10.0,39600.0,0.938,0.139
12281,1 - 1 - 2022,19800.0,6.457553716385176,5.623415332340303,7.498939925082745,0.0783,0.0630957,0.1,0.173,0.15,0.2,0.952,0.9,1.0,122.0,1.64,19.4,1.0,True,0.01,0.95,10.0,39600.0,0.938,0.139
12282,1 - 1 - 2022,19800.0,6.371812928829597,5.623415332340303,7.498939925082745,0.08,0.0630957,0.1,0.172,0.15,0.2,1.22,1.0,1.5,49.6,0.467,5.83,1.0,True,0.01,0.95,10.0,39600.0,0.938,0.139
12283,1 - 1 - 2022,19800.0,6.172519744804386,5.623415332340303,7.498939925082745,0.0806,0.0630957,0.1,0.174,0.15,0.2,1.58,1.5,2.0,4.86,0.146,0.0,1.0,True,0.01,0.95,10.0,39600.0,0.938,0.139
12284,1 - 1 - 2022,19800.0,6.985699678629192,5.623415332340303,7.498939925082745,0.0789,0.0630957,0.1,0.166,0.15,0.2,2.63,2.0,4.0,0.972,0.0327,0.0,1.0,True,0.01,0.95,10.0,39600.0,0.938,0.139
12285,1 - 1 - 2022,19800.0,6.519202405202649,5.623415332340303,7.498939925082745,0.0858,0.0630957,0.1,0.226,0.2,0.25,0.0454,0.0,0.05,38.9,1.31,0.0,1.0,True,0.01,0.95,10.0,39600.0,0.938,0.139
12286,1 - 1 - 2022,19800.0,6.603029607687671,5.623415332340303,7.498939925082745,0.082,0.0630957,0.1,0.228,0.2,0.25,0.0772,0.05,0.1,175.0,2.78,0.0,1.0,True,0.01,0.95,10.0,39600.0,0.938,0.139
12287,1 - 1 - 2022,19800.0,6.6257075093909785,5.623415332340303,7.498939925082745,0.0807,0.0630957,0.1,0.226,0.2,0.25,0.162,0.1,0.2,292.0,2.53,0.0,1.0,True,0.01,0.95,10.0,39600.0,0.938,0.139
12288,1 - 1 - 2022,19800.0,6.488451279003334,5.623415332340303,7.498939925082745,0.0777,0.0630957,0.1,0.223,0.2,0.25,0.252,0.2,0.3,340.0,2.74,0.0,1.0,True,0.01,0.95,10.0,39600.0,0.938,0.139
12289,1 - 1 - 2022,19800.0,6.465291950097845,5.623415332340303,7.498939925082745,0.081,0.0630957,0.1,0.225,0.2,0.25,0.348,0.3,0.4,311.0,2.62,0.0,1.0,True,0.01,0.95,10.0,39600.0,0.938,0.139
12290,1 - 1 - 2022,19800.0,6.549809157525126,5.623415332340303,7.498939925082745,0.0767,0.0630957,0.1,0.224,0.2,0.25,0.447,0.4,0.5,350.0,2.78,0.0,1.0,True,0.01,0.95,10.0,39600.0,0.938,0.139
12291,1 - 1 - 2022,19800.0,6.442049363362563,5.623415332340303,7.498939925082745,0.0781,0.0630957,0.1,0.225,0.2,0.25,0.541,0.5,0.6,190.0,2.04,0.0,1.0,True,0.01,0.95,10.0,39600.0,0.938,0.139
12292,1 - 1 - 2022,19800.0,6.395310782127793,5.623415332340303,7.498939925082745,0.0795,0.0630957,0.1,0.224,0.2,0.25,0.644,0.6,0.7,209.0,2.15,0.0,1.0,True,0.01,0.95,10.0,39600.0,0.938,0.139
12293,1 - 1 - 2022,19800.0,6.457553716385176,5.623415332340303,7.498939925082745,0.0766,0.0630957,0.1,0.224,0.2,0.25,0.752,0.7,0.8,165.0,1.91,0.0,1.0,True,0.01,0.95,10.0,39600.0,0.938,0.139
12294,1 - 1 - 2022,19800.0,6.371812928829597,5.623415332340303,7.498939925082745,0.0804,0.0630957,0.1,0.223,0.2,0.25,0.853,0.8,0.9,156.0,1.85,14.6,1.0,True,0.01,0.95,10.0,39600.0,0.938,0.139
12295,1 - 1 - 2022,19800.0,6.488451279003334,5.623415332340303,7.498939925082745,0.0859,0.0630957,0.1,0.231,0.2,0.25,0.944,0.9,1.0,122.0,1.64,4.86,1.0,True,0.01,0.95,10.0,39600.0,0.938,0.139
12296,1 - 1 - 2022,19800.0,6.442049363362563,5.623415332340303,7.498939925082745,0.0787,0.0630957,0.1,0.222,0.2,0.25,1.17,1.0,1.5,24.3,0.327,2.92,1.0,True,0.01,0.95,10.0,39600.0,0.938,0.139
12297,1 - 1 - 2022,19800.0,6.81175454637056,5.623415332340303,7.498939925082745,0.0792,0.0630957,0.1,0.209,0.2,0.25,1.65,1.5,2.0,4.86,0.146,0.972,1.0,True,0.01,0.95,10.0,39600.0,0.938,0.139
12298,1 - 1 - 2022,19800.0,7.148426400264607,5.623415332340303,7.498939925082745,0.0692,0.0630957,0.1,0.23,0.2,0.25,2.16,2.0,4.0,0.243,0.0164,0.0,1.0,True,0.01,0.95,10.0,39600.0,0.938,0.139
12299,1 - 1 - 2022,19800.0,6.276941930590086,5.623415332340303,7.498939925082745,0.0825,0.0630957,0.1,0.279,0.25,0.3,0.0364,0.0,0.05,68.1,1.73,0.0,1.0,True,0.01,0.95,10.0,39600.0,0.938,0.139
12300,1 - 1 - 2022,19800.0,6.3796551630946325,5.623415332340303,7.498939925082745,0.0823,0.0630957,0.1,0.276,0.25,0.3,0.0784,0.05,0.1,107.0,2.17,0.0,1.0,True,0.01,0.95,10.0,39600.0,0.938,0.139
12301,1 - 1 - 2022,19800.0,6.418722614352485,5.623415332340303,7.498939925082745,0.0777,0.0630957,0.1,0.275,0.25,0.3,0.153,0.1,0.2,151.0,1.82,4.86,1.0,True,0.01,0.95,10.0,39600.0,0.938,0.139
12302,1 - 1 - 2022,19800.0,6.519202405202649,5.623415332340303,7.498939925082745,0.0771,0.0630957,0.1,0.274,0.25,0.3,0.249,0.2,0.3,209.0,2.15,0.0,1.0,True,0.01,0.95,10.0,39600.0,0.938,0.139
12303,1 - 1 - 2022,19800.0,6.410928169929843,5.623415332340303,7.498939925082745,0.0799,0.0630957,0.1,0.272,0.25,0.3,0.352,0.3,0.4,258.0,2.38,0.0,1.0,True,0.01,0.95,10.0,39600.0,0.938,0.139
12304,1 - 1 - 2022,19800.0,6.519202405202649,5.623415332340303,7.498939925082745,0.079,0.0630957,0.1,0.272,0.25,0.3,0.449,0.4,0.5,292.0,2.53,0.0,1.0,True,0.01,0.95,10.0,39600.0,0.938,0.139
12305,1 - 1 - 2022,19800.0,6.44980619863884,5.623415332340303,7.498939925082745,0.0797,0.0630957,0.1,0.27,0.25,0.3,0.555,0.5,0.6,170.0,1.94,0.0,1.0,True,0.01,0.95,10.0,39600.0,0.938,0.139
12306,1 - 1 - 2022,19800.0,6.356099432828281,5.623415332340303,7.498939925082745,0.0759,0.0630957,0.1,0.271,0.25,0.3,0.656,0.6,0.7,156.0,1.85,0.0,1.0,True,0.01,0.95,10.0,39600.0,0.938,0.139
12307,1 - 1 - 2022,19800.0,6.260990336999411,5.623415332340303,7.498939925082745,0.0803,0.0630957,0.1,0.271,0.25,0.3,0.743,0.7,0.8,102.0,1.5,0.0,1.0,True,0.01,0.95,10.0,39600.0,0.938,0.139
12308,1 - 1 - 2022,19800.0,6.534523701081817,5.623415332340303,7.498939925082745,0.0773,0.0630957,0.1,0.272,0.25,0.3,0.856,0.8,0.9,102.0,1.5,0.0,1.0,True,0.01,0.95,10.0,39600.0,0.938,0.139
12309,1 - 1 - 2022,19800.0,6.457553716385176,5.623415332340303,7.498939925082745,0.076,0.0630957,0.1,0.267,0.25,0.3,0.962,0.9,1.0,29.2,0.801,0.0,1.0,True,0.01,0.95,10.0,39600.0,0.938,0.139
12310,1 - 1 - 2022,19800.0,6.5038450166036395,5.623415332340303,7.498939925082745,0.0799,0.0630957,0.1,0.271,0.25,0.3,1.17,1.0,1.5,31.1,0.37,1.94,1.0,True,0.01,0.95,10.0,39600.0,0.938,0.139
12311,1 - 1 - 2022,19800.0,6.363961030678928,5.623415332340303,7.498939925082745,0.0813,0.0630957,0.1,0.27,0.25,0.3,1.7,1.5,2.0,2.92,0.113,0.973,1.0,True,0.01,0.95,10.0,39600.0,0.938,0.139
12312,1 - 1 - 2022,19800.0,6.6558245169174945,5.623415332340303,7.498939925082745,0.0856,0.0630957,0.1,0.275,0.25,0.3,2.49,2.0,4.0,1.94,0.0463,0.0,1.0,True,0.01,0.95,10.0,39600.0,0.938,0.139
12313,1 - 1 - 2022,19800.0,6.276941930590086,5.623415332340303,7.498939925082745,0.0771,0.0630957,0.1,0.364,0.3,0.4,0.0339,0.0,0.05,19.4,0.654,0.0,1.0,True,0.01,0.95,10.0,39600.0,0.938,0.139
12314,1 - 1 - 2022,19800.0,6.557438524302,5.623415332340303,7.498939925082745,0.0801,0.0630957,0.1,0.362,0.3,0.4,0.077,0.05,0.1,48.6,1.03,0.0,1.0,True,0.01,0.95,10.0,39600.0,0.938,0.139
12315,1 - 1 - 2022,19800.0,6.3796551630946325,5.623415332340303,7.498939925082745,0.0761,0.0630957,0.1,0.347,0.3,0.4,0.151,0.1,0.2,77.8,0.925,0.0,1.0,True,0.01,0.95,10.0,39600.0,0.938,0.139
12316,1 - 1 - 2022,19800.0,6.332456079595025,5.623415332340303,7.498939925082745,0.0807,0.0630957,0.1,0.345,0.3,0.4,0.25,0.2,0.3,122.0,1.16,0.0,1.0,True,0.01,0.95,10.0,39600.0,0.938,0.139
12317,1 - 1 - 2022,19800.0,6.44980619863884,5.623415332340303,7.498939925082745,0.0824,0.0630957,0.1,0.346,0.3,0.4,0.349,0.3,0.4,131.0,1.2,2.43,1.0,True,0.01,0.95,10.0,39600.0,0.938,0.139
12318,1 - 1 - 2022,19800.0,6.371812928829597,5.623415332340303,7.498939925082745,0.0808,0.0630957,0.1,0.342,0.3,0.4,0.445,0.4,0.5,124.0,1.17,0.0,1.0,True,0.01,0.95,10.0,39600.0,0.938,0.139
12319,1 - 1 - 2022,19800.0,6.371812928829597,5.623415332340303,7.498939925082745,0.0795,0.0630957,0.1,0.35,0.3,0.4,0.551,0.5,0.6,92.4,1.01,0.00152,1.0,True,0.01,0.95,10.0,39600.0,0.938,0.139
12320,1 - 1 - 2022,19800.0,6.29285308902091,5.623415332340303,7.498939925082745,0.0753,0.0630957,0.1,0.347,0.3,0.4,0.65,0.6,0.7,92.3,1.01,0.0,1.0,True,0.01,0.95,10.0,39600.0,0.938,0.139
12321,1 - 1 - 2022,19800.0,6.4265076052238514,5.623415332340303,7.498939925082745,0.078,0.0630957,0.1,0.342,0.3,0.4,0.745,0.7,0.8,85.1,0.968,0.0,1.0,True,0.01,0.95,10.0,39600.0,0.938,0.139
12322,1 - 1 - 2022,19800.0,6.3796551630946325,5.623415332340303,7.498939925082745,0.0841,0.0630957,0.1,0.345,0.3,0.4,0.855,0.8,0.9,82.6,0.954,0.0,1.0,True,0.01,0.95,10.0,39600.0,0.938,0.139
12323,1 - 1 - 2022,19800.0,6.44980619863884,5.623415332340303,7.498939925082745,0.0767,0.0630957,0.1,0.343,0.3,0.4,0.95,0.9,1.0,51.0,0.75,0.0,1.0,True,0.01,0.95,10.0,39600.0,0.938,0.139
12324,1 - 1 - 2022,19800.0,6.519202405202649,5.623415332340303,7.498939925082745,0.081,0.0630957,0.1,0.337,0.3,0.4,1.12,1.0,1.5,17.0,0.194,0.0,1.0,True,0.01,0.95,10.0,39600.0,0.938,0.139
12325,1 - 1 - 2022,19800.0,6.284902544988268,5.623415332340303,7.498939925082745,0.0786,0.0630957,0.1,0.349,0.3,0.4,1.74,1.5,2.0,5.83,0.113,0.0,1.0,True,0.01,0.95,10.0,39600.0,0.938,0.139
12326,1 - 1 - 2022,19800.0,6.308724118235001,5.623415332340303,7.498939925082745,0.0878,0.0630957,0.1,0.343,0.3,0.4,2.1,2.0,4.0,0.243,0.0116,0.121,1.0,True,0.01,0.95,10.0,39600.0,0.938,0.139
12327,1 - 1 - 2022,19800.0,5.966573556070519,5.623415332340303,7.498939925082745,0.0767,0.0630957,0.1,0.408,0.4,0.5,0.0319,0.0,0.05,4.86,0.327,0.0,1.0,True,0.01,0.95,10.0,39600.0,0.938,0.139
12328,1 - 1 - 2022,19800.0,6.363961030678928,5.623415332340303,7.498939925082745,0.0691,0.0630957,0.1,0.46,0.4,0.5,0.085,0.05,0.1,19.4,0.654,0.0,1.0,True,0.01,0.95,10.0,39600.0,0.938,0.139
12329,1 - 1 - 2022,19800.0,6.220932405998316,5.623415332340303,7.498939925082745,0.0821,0.0630957,0.1,0.442,0.4,0.5,0.163,0.1,0.2,58.3,0.801,0.0,1.0,True,0.01,0.95,10.0,39600.0,0.938,0.139
12330,1 - 1 - 2022,19800.0,6.511528238439882,5.623415332340303,7.498939925082745,0.0819,0.0630957,0.1,0.433,0.4,0.5,0.255,0.2,0.3,70.5,0.881,0.0,1.0,True,0.01,0.95,10.0,39600.0,0.938,0.139
12331,1 - 1 - 2022,19800.0,6.252999280345393,5.623415332340303,7.498939925082745,0.0796,0.0630957,0.1,0.441,0.4,0.5,0.348,0.3,0.4,75.3,0.911,0.0,1.0,True,0.01,0.95,10.0,39600.0,0.938,0.139
12332,1 - 1 - 2022,19800.0,6.640783086353597,5.623415332340303,7.498939925082745,0.0804,0.0630957,0.1,0.458,0.4,0.5,0.444,0.4,0.5,60.8,0.818,0.0,1.0,True,0.01,0.95,10.0,39600.0,0.938,0.139
12333,1 - 1 - 2022,19800.0,6.3796551630946325,5.623415332340303,7.498939925082745,0.0798,0.0630957,0.1,0.437,0.4,0.5,0.537,0.5,0.6,68.0,0.866,0.0,1.0,True,0.01,0.95,10.0,39600.0,0.938,0.139
12334,1 - 1 - 2022,19800.0,6.3796551630946325,5.623415332340303,7.498939925082745,0.0804,0.0630957,0.1,0.442,0.4,0.5,0.641,0.6,0.7,58.3,0.801,0.0,1.0,True,0.01,0.95,10.0,39600.0,0.938,0.139
12335,1 - 1 - 2022,19800.0,6.6332495807108,5.623415332340303,7.498939925082745,0.0799,0.0630957,0.1,0.448,0.4,0.5,0.753,0.7,0.8,38.9,0.654,0.0,1.0,True,0.01,0.95,10.0,39600.0,0.938,0.139
12336,1 - 1 - 2022,19800.0,6.340346993658944,5.623415332340303,7.498939925082745,0.0784,0.0630957,0.1,0.434,0.4,0.5,0.849,0.8,0.9,29.2,0.567,0.0,1.0,True,0.01,0.95,10.0,39600.0,0.938,0.139
12337,1 - 1 - 2022,19800.0,6.54217089351845,5.623415332340303,7.498939925082745,0.082,0.0630957,0.1,0.441,0.4,0.5,0.943,0.9,1.0,26.7,0.543,0.0,1.0,True,0.01,0.95,10.0,39600.0,0.938,0.139
12338,1 - 1 - 2022,19800.0,6.6257075093909785,5.623415332340303,7.498939925082745,0.0726,0.0630957,0.1,0.451,0.4,0.5,1.19,1.0,1.5,6.8,0.122,0.0,1.0,True,0.01,0.95,10.0,39600.0,0.938,0.139
12339,1 - 1 - 2022,19800.0,6.59545297913646,5.623415332340303,7.498939925082745,0.0779,0.0630957,0.1,0.423,0.4,0.5,1.72,1.5,2.0,1.94,0.0654,0.0,1.0,True,0.01,0.95,10.0,39600.0,0.938,0.139
12340,1 - 1 - 2022,19800.0,7.085195833567341,5.623415332340303,7.498939925082745,0.0892,0.0630957,0.1,0.45,0.4,0.5,2.47,2.0,4.0,0.243,0.0116,0.0,1.0,True,0.01,0.95,10.0,39600.0,0.938,0.139
12341,1 - 1 - 2022,19800.0,7.127411872482185,5.623415332340303,7.498939925082745,0.0637,0.0630957,0.1,0.544,0.5,0.6,0.0552,0.05,0.1,4.86,0.327,0.0,1.0,True,0.01,0.95,10.0,39600.0,0.938,0.139
12342,1 - 1 - 2022,19800.0,6.7379522111692065,5.623415332340303,7.498939925082745,0.0865,0.0630957,0.1,0.554,0.5,0.6,0.151,0.1,0.2,34.0,0.612,0.0,1.0,True,0.01,0.95,10.0,39600.0,0.938,0.139
12343,1 - 1 - 2022,19800.0,6.410928169929843,5.623415332340303,7.498939925082745,0.0812,0.0630957,0.1,0.561,0.5,0.6,0.24,0.2,0.3,41.3,0.674,0.0,1.0,True,0.01,0.95,10.0,39600.0,0.938,0.139
12344,1 - 1 - 2022,19800.0,6.457553716385176,5.623415332340303,7.498939925082745,0.083,0.0630957,0.1,0.552,0.5,0.6,0.349,0.3,0.4,48.6,0.732,0.0,1.0,True,0.01,0.95,10.0,39600.0,0.938,0.139
12345,1 - 1 - 2022,19800.0,6.473020933072903,5.623415332340303,7.498939925082745,0.0771,0.0630957,0.1,0.544,0.5,0.6,0.456,0.4,0.5,36.5,0.634,0.0,1.0,True,0.01,0.95,10.0,39600.0,0.938,0.139
12346,1 - 1 - 2022,19800.0,6.252999280345393,5.623415332340303,7.498939925082745,0.0814,0.0630957,0.1,0.532,0.5,0.6,0.545,0.5,0.6,38.9,0.654,0.0,1.0,True,0.01,0.95,10.0,39600.0,0.938,0.139
12347,1 - 1 - 2022,19800.0,6.300793600809346,5.623415332340303,7.498939925082745,0.084,0.0630957,0.1,0.552,0.5,0.6,0.636,0.6,0.7,21.9,0.491,0.0,1.0,True,0.01,0.95,10.0,39600.0,0.938,0.139
12348,1 - 1 - 2022,19800.0,6.752777206453653,5.623415332340303,7.498939925082745,0.077,0.0630957,0.1,0.53,0.5,0.6,0.757,0.7,0.8,21.9,0.491,0.0,1.0,True,0.01,0.95,10.0,39600.0,0.938,0.139
12349,1 - 1 - 2022,19800.0,6.618156843109719,5.623415332340303,7.498939925082745,0.0902,0.0630957,0.1,0.559,0.5,0.6,0.857,0.8,0.9,12.2,0.366,0.0,1.0,True,0.01,0.95,10.0,39600.0,0.938,0.139
12350,1 - 1 - 2022,19800.0,6.565059024867941,5.623415332340303,7.498939925082745,0.0717,0.0630957,0.1,0.519,0.5,0.6,0.946,0.9,1.0,7.29,0.283,0.0,1.0,True,0.01,0.95,10.0,39600.0,0.938,0.139
12351,1 - 1 - 2022,19800.0,6.434283176858165,5.623415332340303,7.498939925082745,0.0759,0.0630957,0.1,0.565,0.5,0.6,1.11,1.0,1.5,2.92,0.0802,0.0,1.0,True,0.01,0.95,10.0,39600.0,0.938,0.139
12352,1 - 1 - 2022,19800.0,6.4031242374328485,5.623415332340303,7.498939925082745,0.0753,0.0630957,0.1,0.553,0.5,0.6,1.67,1.5,2.0,1.94,0.0654,0.0,1.0,True,0.01,0.95,10.0,39600.0,0.938,0.139
12353,1 - 1 - 2022,19800.0,6.1400325732035,5.623415332340303,7.498939925082745,0.0631,0.0630957,0.1,0.54,0.5,0.6,3.25,2.0,4.0,0.122,0.00818,0.0,1.0,True,0.01,0.95,10.0,39600.0,0.938,0.139
12354,1 - 1 - 2022,19800.0,6.348228099241551,5.623415332340303,7.498939925082745,0.0726,0.0630957,0.1,0.646,0.6,0.7,0.0736,0.05,0.1,4.86,0.327,0.0,1.0,True,0.01,0.95,10.0,39600.0,0.938,0.139
12355,1 - 1 - 2022,19800.0,6.395310782127793,5.623415332340303,7.498939925082745,0.078,0.0630957,0.1,0.626,0.6,0.7,0.148,0.1,0.2,7.29,0.283,0.0,1.0,True,0.01,0.95,10.0,39600.0,0.938,0.139
12356,1 - 1 - 2022,19800.0,6.526867548832288,5.623415332340303,7.498939925082745,0.0753,0.0630957,0.1,0.646,0.6,0.7,0.259,0.2,0.3,36.5,0.634,0.0,1.0,True,0.01,0.95,10.0,39600.0,0.938,0.139
12357,1 - 1 - 2022,19800.0,6.324555320336759,5.623415332340303,7.498939925082745,0.0871,0.0630957,0.1,0.638,0.6,0.7,0.351,0.3,0.4,19.4,0.463,0.0,1.0,True,0.01,0.95,10.0,39600.0,0.938,0.139
12358,1 - 1 - 2022,19800.0,6.434283176858165,5.623415332340303,7.498939925082745,0.0848,0.0630957,0.1,0.648,0.6,0.7,0.443,0.4,0.5,21.9,0.491,0.0,1.0,True,0.01,0.95,10.0,39600.0,0.938,0.139
12359,1 - 1 - 2022,19800.0,6.244997998398398,5.623415332340303,7.498939925082745,0.0861,0.0630957,0.1,0.646,0.6,0.7,0.549,0.5,0.6,21.9,0.491,0.0,1.0,True,0.01,0.95,10.0,39600.0,0.938,0.139
12360,1 - 1 - 2022,19800.0,6.008327554319921,5.623415332340303,7.498939925082745,0.0765,0.0630957,0.1,0.65,0.6,0.7,0.638,0.6,0.7,14.6,0.401,0.0,1.0,True,0.01,0.95,10.0,39600.0,0.938,0.139
12361,1 - 1 - 2022,19800.0,6.0909769331364245,5.623415332340303,7.498939925082745,0.0788,0.0630957,0.1,0.63,0.6,0.7,0.761,0.7,0.8,14.6,0.401,0.0,1.0,True,0.01,0.95,10.0,39600.0,0.938,0.139
12362,1 - 1 - 2022,19800.0,6.2289646009589745,5.623415332340303,7.498939925082745,0.074,0.0630957,0.1,0.652,0.6,0.7,0.855,0.8,0.9,17.0,0.433,0.0,1.0,True,0.01,0.95,10.0,39600.0,0.938,0.139
12363,1 - 1 - 2022,19800.0,6.618156843109719,5.623415332340303,7.498939925082745,0.0815,0.0630957,0.1,0.614,0.6,0.7,0.976,0.9,1.0,12.2,0.366,0.0,1.0,True,0.01,0.95,10.0,39600.0,0.938,0.139
12364,1 - 1 - 2022,19800.0,6.59545297913646,5.623415332340303,7.498939925082745,0.0781,0.0630957,0.1,0.638,0.6,0.7,1.14,1.0,1.5,3.4,0.0866,0.0,1.0,True,0.01,0.95,10.0,39600.0,0.938,0.139
12365,1 - 1 - 2022,19800.0,7.127411872482185,5.623415332340303,7.498939925082745,0.073,0.0630957,0.1,0.65,0.6,0.7,1.8,1.5,2.0,0.486,0.0327,0.0,1.0,True,0.01,0.95,10.0,39600.0,0.938,0.139
12366,1 - 1 - 2022,19800.0,6.418722614352485,5.623415332340303,7.498939925082745,0.0961,0.0630957,0.1,0.708,0.7,0.8,0.052,0.05,0.1,4.86,0.327,0.0,1.0,True,0.01,0.95,10.0,39600.0,0.938,0.139
12367,1 - 1 - 2022,19800.0,6.496152707564686,5.623415332340303,7.498939925082745,0.0778,0.0630957,0.1,0.741,0.7,0.8,0.142,0.1,0.2,14.6,0.401,0.0,1.0,True,0.01,0.95,10.0,39600.0,0.938,0.139
12368,1 - 1 - 2022,19800.0,5.966573556070519,5.623415332340303,7.498939925082745,0.0888,0.0630957,0.1,0.747,0.7,0.8,0.295,0.2,0.3,4.86,0.231,0.0,1.0,True,0.01,0.95,10.0,39600.0,0.938,0.139
12369,1 - 1 - 2022,19800.0,6.767569726275452,5.623415332340303,7.498939925082745,0.0728,0.0630957,0.1,0.73,0.7,0.8,0.315,0.3,0.4,7.29,0.283,0.0,1.0,True,0.01,0.95,10.0,39600.0,0.938,0.139
12370,1 - 1 - 2022,19800.0,6.465291950097845,5.623415332340303,7.498939925082745,0.0836,0.0630957,0.1,0.761,0.7,0.8,0.456,0.4,0.5,17.0,0.433,0.0,1.0,True,0.01,0.95,10.0,39600.0,0.938,0.139
12371,1 - 1 - 2022,19800.0,6.024948132556827,5.623415332340303,7.498939925082745,0.0771,0.0630957,0.1,0.734,0.7,0.8,0.563,0.5,0.6,9.72,0.327,0.0,1.0,True,0.01,0.95,10.0,39600.0,0.938,0.139
12372,1 - 1 - 2022,19800.0,6.434283176858165,5.623415332340303,7.498939925082745,0.0799,0.0630957,0.1,0.758,0.7,0.8,0.63,0.6,0.7,14.6,0.401,0.0,1.0,True,0.01,0.95,10.0,39600.0,0.938,0.139
12373,1 - 1 - 2022,19800.0,6.4265076052238514,5.623415332340303,7.498939925082745,0.0789,0.0630957,0.1,0.746,0.7,0.8,0.758,0.7,0.8,7.29,0.283,0.0,1.0,True,0.01,0.95,10.0,39600.0,0.938,0.139
12374,1 - 1 - 2022,19800.0,6.123724356957945,5.623415332340303,7.498939925082745,0.0797,0.0630957,0.1,0.734,0.7,0.8,0.86,0.8,0.9,4.86,0.231,0.0,1.0,True,0.01,0.95,10.0,39600.0,0.938,0.139
12375,1 - 1 - 2022,19800.0,5.718391382198319,5.623415332340303,7.498939925082745,0.0751,0.0630957,0.1,0.748,0.7,0.8,0.924,0.9,1.0,2.43,0.164,0.0,1.0,True,0.01,0.95,10.0,39600.0,0.938,0.139
12376,1 - 1 - 2022,19800.0,6.7379522111692065,5.623415332340303,7.498939925082745,0.0783,0.0630957,0.1,0.727,0.7,0.8,1.16,1.0,1.5,1.94,0.0654,0.0,1.0,True,0.01,0.95,10.0,39600.0,0.938,0.139
12377,1 - 1 - 2022,19800.0,6.024948132556827,5.623415332340303,7.498939925082745,0.0901,0.0630957,0.1,0.75,0.7,0.8,2.43,2.0,4.0,0.121,0.00818,0.0,1.0,True,0.01,0.95,10.0,39600.0,0.938,0.139
12378,1 - 1 - 2022,19800.0,5.966573556070519,5.623415332340303,7.498939925082745,0.0644,0.0630957,0.1,0.811,0.8,0.9,0.177,0.1,0.2,2.43,0.164,0.0,1.0,True,0.01,0.95,10.0,39600.0,0.938,0.139
12379,1 - 1 - 2022,19800.0,6.855654600401044,5.623415332340303,7.498939925082745,0.0834,0.0630957,0.1,0.882,0.8,0.9,0.273,0.2,0.3,7.29,0.283,0.0,1.0,True,0.01,0.95,10.0,39600.0,0.938,0.139
12380,1 - 1 - 2022,19800.0,6.723094525588644,5.623415332340303,7.498939925082745,0.0757,0.0630957,0.1,0.83,0.8,0.9,0.347,0.3,0.4,14.6,0.401,0.0,1.0,True,0.01,0.95,10.0,39600.0,0.938,0.139
12381,1 - 1 - 2022,19800.0,6.1400325732035,5.623415332340303,7.498939925082745,0.0654,0.0630957,0.1,0.832,0.8,0.9,0.484,0.4,0.5,2.43,0.164,0.0,1.0,True,0.01,0.95,10.0,39600.0,0.938,0.139
12382,1 - 1 - 2022,19800.0,5.890670590009257,5.623415332340303,7.498939925082745,0.0907,0.0630957,0.1,0.863,0.8,0.9,0.52,0.5,0.6,2.43,0.164,0.0,1.0,True,0.01,0.95,10.0,39600.0,0.938,0.139
12383,1 - 1 - 2022,19800.0,6.618156843109719,5.623415332340303,7.498939925082745,0.0821,0.0630957,0.1,0.845,0.8,0.9,0.65,0.6,0.7,7.29,0.283,0.0,1.0,True,0.01,0.95,10.0,39600.0,0.938,0.139
12384,1 - 1 - 2022,19800.0,6.196773353931867,5.623415332340303,7.498939925082745,0.0843,0.0630957,0.1,0.843,0.8,0.9,0.708,0.7,0.8,4.86,0.231,0.0,1.0,True,0.01,0.95,10.0,39600.0,0.938,0.139
12385,1 - 1 - 2022,19800.0,5.916079783099616,5.623415332340303,7.498939925082745,0.0925,0.0630957,0.1,0.819,0.8,0.9,0.826,0.8,0.9,2.43,0.164,0.0,1.0,True,0.01,0.95,10.0,39600.0,0.938,0.139
12386,1 - 1 - 2022,19800.0,6.06630035524124,5.623415332340303,7.498939925082745,0.0801,0.0630957,0.1,0.943,0.9,1.0,0.432,0.4,0.5,4.86,0.231,0.0,1.0,True,0.01,0.95,10.0,39600.0,0.938,0.139
12387,1 - 1 - 2022,19800.0,6.877499545619759,5.623415332340303,7.498939925082745,0.0693,0.0630957,0.1,0.909,0.9,1.0,0.553,0.5,0.6,2.43,0.164,0.0,1.0,True,0.01,0.95,10.0,39600.0,0.938,0.139
12388,1 - 1 - 2022,19800.0,6.220932405998316,5.623415332340303,7.498939925082745,0.0673,0.0630957,0.1,0.907,0.9,1.0,0.61,0.6,0.7,2.43,0.164,0.0,1.0,True,0.01,0.95,10.0,39600.0,0.938,0.139
12389,1 - 1 - 2022,19800.0,6.016643582596529,5.623415332340303,7.498939925082745,0.0965,0.0630957,0.1,0.911,0.9,1.0,0.772,0.7,0.8,2.43,0.164,0.0,1.0,True,0.01,0.95,10.0,39600.0,0.938,0.139
12390,1 - 1 - 2022,19800.0,6.6332495807108,5.623415332340303,7.498939925082745,0.117,0.1,0.158489,0.0419,0.0,0.05,0.036,0.0,0.05,42.9,1.09,36.8,1.0,True,0.01,0.95,10.0,39600.0,0.938,0.139
12391,1 - 1 - 2022,19800.0,6.587867636800241,5.623415332340303,7.498939925082745,0.115,0.1,0.158489,0.0415,0.0,0.05,0.0744,0.05,0.1,92.0,1.6,79.7,1.0,True,0.01,0.95,10.0,39600.0,0.938,0.139
12392,1 - 1 - 2022,19800.0,6.534523701081817,5.623415332340303,7.498939925082745,0.12,0.1,0.158489,0.0416,0.0,0.05,0.151,0.1,0.2,221.0,1.75,190.0,1.0,True,0.01,0.95,10.0,39600.0,0.938,0.139
12393,1 - 1 - 2022,19800.0,6.572670690061994,5.623415332340303,7.498939925082745,0.118,0.1,0.158489,0.0402,0.0,0.05,0.255,0.2,0.3,288.0,2.0,236.0,1.0,True,0.01,0.95,10.0,39600.0,0.938,0.139
12394,1 - 1 - 2022,19800.0,6.618156843109719,5.623415332340303,7.498939925082745,0.121,0.1,0.158489,0.0386,0.0,0.05,0.351,0.3,0.4,319.0,2.11,273.0,1.0,True,0.01,0.95,10.0,39600.0,0.938,0.139
12395,1 - 1 - 2022,19800.0,6.723094525588644,5.623415332340303,7.498939925082745,0.121,0.1,0.158489,0.0373,0.0,0.05,0.447,0.4,0.5,294.0,2.02,258.0,1.0,True,0.01,0.95,10.0,39600.0,0.938,0.139
12396,1 - 1 - 2022,19800.0,6.663332499583072,5.623415332340303,7.498939925082745,0.119,0.1,0.158489,0.0378,0.0,0.05,0.548,0.5,0.6,304.0,2.05,279.0,1.0,True,0.01,0.95,10.0,39600.0,0.938,0.139
12397,1 - 1 - 2022,19800.0,6.6332495807108,5.623415332340303,7.498939925082745,0.12,0.1,0.158489,0.0394,0.0,0.05,0.64,0.6,0.7,193.0,1.64,159.0,1.0,True,0.01,0.95,10.0,39600.0,0.938,0.139
12398,1 - 1 - 2022,19800.0,6.8044103344816,5.623415332340303,7.498939925082745,0.117,0.1,0.158489,0.0384,0.0,0.05,0.745,0.7,0.8,141.0,1.4,113.0,1.0,True,0.01,0.95,10.0,39600.0,0.938,0.139
12399,1 - 1 - 2022,19800.0,6.618156843109719,5.623415332340303,7.498939925082745,0.122,0.1,0.158489,0.0402,0.0,0.05,0.836,0.8,0.9,49.1,0.826,42.9,1.0,True,0.01,0.95,10.0,39600.0,0.938,0.139
12400,1 - 1 - 2022,19800.0,6.557438524302,5.623415332340303,7.498939925082745,0.113,0.1,0.158489,0.0416,0.0,0.05,0.939,0.9,1.0,42.9,0.772,39.9,1.0,True,0.01,0.95,10.0,39600.0,0.938,0.139
12401,1 - 1 - 2022,19800.0,6.534523701081817,5.623415332340303,7.498939925082745,0.132,0.1,0.158489,0.0726,0.05,0.1,0.0352,0.0,0.05,159.0,2.11,24.5,1.0,True,0.01,0.95,10.0,39600.0,0.938,0.139
12402,1 - 1 - 2022,19800.0,6.442049363362563,5.623415332340303,7.498939925082745,0.122,0.1,0.158489,0.0722,0.05,0.1,0.0785,0.05,0.1,362.0,3.17,36.8,1.0,True,0.01,0.95,10.0,39600.0,0.938,0.139
12403,1 - 1 - 2022,19800.0,6.457553716385176,5.623415332340303,7.498939925082745,0.125,0.1,0.158489,0.0732,0.05,0.1,0.153,0.1,0.2,552.0,2.77,101.0,1.0,True,0.01,0.95,10.0,39600.0,0.938,0.139
12404,1 - 1 - 2022,19800.0,6.457553716385176,5.623415332340303,7.498939925082745,0.126,0.1,0.158489,0.0736,0.05,0.1,0.25,0.2,0.3,721.0,3.16,129.0,1.0,True,0.01,0.95,10.0,39600.0,0.938,0.139
12405,1 - 1 - 2022,19800.0,6.488451279003334,5.623415332340303,7.498939925082745,0.126,0.1,0.158489,0.0736,0.05,0.1,0.349,0.3,0.4,761.0,3.25,120.0,1.0,True,0.01,0.95,10.0,39600.0,0.938,0.139
12406,1 - 1 - 2022,19800.0,6.534523701081817,5.623415332340303,7.498939925082745,0.126,0.1,0.158489,0.073,0.05,0.1,0.453,0.4,0.5,693.0,3.1,135.0,1.0,True,0.01,0.95,10.0,39600.0,0.938,0.139
12407,1 - 1 - 2022,19800.0,6.48074069840786,5.623415332340303,7.498939925082745,0.124,0.1,0.158489,0.0738,0.05,0.1,0.548,0.5,0.6,515.0,2.68,129.0,1.0,True,0.01,0.95,10.0,39600.0,0.938,0.139
12408,1 - 1 - 2022,19800.0,6.410928169929843,5.623415332340303,7.498939925082745,0.128,0.1,0.158489,0.073,0.05,0.1,0.649,0.6,0.7,405.0,2.37,110.0,1.0,True,0.01,0.95,10.0,39600.0,0.938,0.139
12409,1 - 1 - 2022,19800.0,6.457553716385176,5.623415332340303,7.498939925082745,0.128,0.1,0.158489,0.0745,0.05,0.1,0.744,0.7,0.8,344.0,2.18,79.7,1.0,True,0.01,0.95,10.0,39600.0,0.938,0.139
12410,1 - 1 - 2022,19800.0,6.54217089351845,5.623415332340303,7.498939925082745,0.127,0.1,0.158489,0.0728,0.05,0.1,0.849,0.8,0.9,205.0,1.69,55.2,1.0,True,0.01,0.95,10.0,39600.0,0.938,0.139
12411,1 - 1 - 2022,19800.0,6.610597552415364,5.623415332340303,7.498939925082745,0.131,0.1,0.158489,0.0754,0.05,0.1,0.948,0.9,1.0,92.0,1.13,30.7,1.0,True,0.01,0.95,10.0,39600.0,0.938,0.139
12412,1 - 1 - 2022,19800.0,6.587867636800241,5.623415332340303,7.498939925082745,0.121,0.1,0.158489,0.0733,0.05,0.1,1.16,1.0,1.5,32.5,0.301,11.7,1.0,True,0.01,0.95,10.0,39600.0,0.938,0.139
12413,1 - 1 - 2022,19800.0,6.892024376045111,5.623415332340303,7.498939925082745,0.129,0.1,0.158489,0.0754,0.05,0.1,1.57,1.5,2.0,3.07,0.0923,1.84,1.0,True,0.01,0.95,10.0,39600.0,0.938,0.139
12414,1 - 1 - 2022,19800.0,6.44980619863884,5.623415332340303,7.498939925082745,0.128,0.1,0.158489,0.118,0.1,0.15,0.031,0.0,0.05,98.1,1.65,0.0,1.0,True,0.01,0.95,10.0,39600.0,0.938,0.139
12415,1 - 1 - 2022,19800.0,6.572670690061994,5.623415332340303,7.498939925082745,0.128,0.1,0.158489,0.121,0.1,0.15,0.0765,0.05,0.1,166.0,2.15,0.0,1.0,True,0.01,0.95,10.0,39600.0,0.938,0.139
12416,1 - 1 - 2022,19800.0,6.442049363362563,5.623415332340303,7.498939925082745,0.123,0.1,0.158489,0.123,0.1,0.15,0.156,0.1,0.2,322.0,2.12,0.0,1.0,True,0.01,0.95,10.0,39600.0,0.938,0.139
12417,1 - 1 - 2022,19800.0,6.442049363362563,5.623415332340303,7.498939925082745,0.126,0.1,0.158489,0.123,0.1,0.15,0.255,0.2,0.3,423.0,2.42,0.0,1.0,True,0.01,0.95,10.0,39600.0,0.938,0.139
12418,1 - 1 - 2022,19800.0,6.565059024867941,5.623415332340303,7.498939925082745,0.124,0.1,0.158489,0.122,0.1,0.15,0.354,0.3,0.4,451.0,2.5,0.000696,1.0,True,0.01,0.95,10.0,39600.0,0.938,0.139
12419,1 - 1 - 2022,19800.0,6.496152707564686,5.623415332340303,7.498939925082745,0.126,0.1,0.158489,0.124,0.1,0.15,0.446,0.4,0.5,466.0,2.55,3.07,1.0,True,0.01,0.95,10.0,39600.0,0.938,0.139
12420,1 - 1 - 2022,19800.0,6.465291950097845,5.623415332340303,7.498939925082745,0.126,0.1,0.158489,0.122,0.1,0.15,0.549,0.5,0.6,279.0,1.97,12.3,1.0,True,0.01,0.95,10.0,39600.0,0.938,0.139
12421,1 - 1 - 2022,19800.0,6.465291950097845,5.623415332340303,7.498939925082745,0.129,0.1,0.158489,0.122,0.1,0.15,0.649,0.6,0.7,279.0,1.97,9.2,1.0,True,0.01,0.95,10.0,39600.0,0.938,0.139
12422,1 - 1 - 2022,19800.0,6.48074069840786,5.623415332340303,7.498939925082745,0.124,0.1,0.158489,0.119,0.1,0.15,0.748,0.7,0.8,187.0,1.61,6.13,1.0,True,0.01,0.95,10.0,39600.0,0.938,0.139
12423,1 - 1 - 2022,19800.0,6.488451279003334,5.623415332340303,7.498939925082745,0.126,0.1,0.158489,0.123,0.1,0.15,0.853,0.8,0.9,135.0,1.37,21.5,1.0,True,0.01,0.95,10.0,39600.0,0.938,0.139
12424,1 - 1 - 2022,19800.0,6.797058187186572,5.623415332340303,7.498939925082745,0.126,0.1,0.158489,0.125,0.1,0.15,0.946,0.9,1.0,58.3,0.9,0.000443,1.0,True,0.01,0.95,10.0,39600.0,0.938,0.139
12425,1 - 1 - 2022,19800.0,6.473020933072903,5.623415332340303,7.498939925082745,0.121,0.1,0.158489,0.123,0.1,0.15,1.17,1.0,1.5,36.8,0.32,1.84,1.0,True,0.01,0.95,10.0,39600.0,0.938,0.139
12426,1 - 1 - 2022,19800.0,6.700746227100382,5.623415332340303,7.498939925082745,0.128,0.1,0.158489,0.138,0.1,0.15,1.64,1.5,2.0,3.68,0.101,0.0,1.0,True,0.01,0.95,10.0,39600.0,0.938,0.139
12427,1 - 1 - 2022,19800.0,7.429670248402684,5.623415332340303,7.498939925082745,0.107,0.1,0.158489,0.135,0.1,0.15,2.27,2.0,4.0,0.153,0.0103,0.0,1.0,True,0.01,0.95,10.0,39600.0,0.938,0.139
12428,1 - 1 - 2022,19800.0,5.813776741499453,5.623415332340303,7.498939925082745,0.123,0.1,0.158489,0.173,0.15,0.2,0.0347,0.0,0.05,36.8,1.01,0.0,1.0,True,0.01,0.95,10.0,39600.0,0.938,0.139
12429,1 - 1 - 2022,19800.0,6.534523701081817,5.623415332340303,7.498939925082745,0.125,0.1,0.158489,0.172,0.15,0.2,0.0814,0.05,0.1,123.0,1.85,0.0,1.0,True,0.01,0.95,10.0,39600.0,0.938,0.139
12430,1 - 1 - 2022,19800.0,6.496152707564686,5.623415332340303,7.498939925082745,0.127,0.1,0.158489,0.174,0.15,0.2,0.149,0.1,0.2,181.0,1.59,3.07,1.0,True,0.01,0.95,10.0,39600.0,0.938,0.139
12431,1 - 1 - 2022,19800.0,6.54217089351845,5.623415332340303,7.498939925082745,0.125,0.1,0.158489,0.171,0.15,0.2,0.248,0.2,0.3,294.0,2.02,0.0,1.0,True,0.01,0.95,10.0,39600.0,0.938,0.139
12432,1 - 1 - 2022,19800.0,6.58027355054484,5.623415332340303,7.498939925082745,0.127,0.1,0.158489,0.172,0.15,0.2,0.349,0.3,0.4,288.0,2.0,3.07,1.0,True,0.01,0.95,10.0,39600.0,0.938,0.139
12433,1 - 1 - 2022,19800.0,6.5038450166036395,5.623415332340303,7.498939925082745,0.125,0.1,0.158489,0.177,0.15,0.2,0.448,0.4,0.5,291.0,2.01,3.07,1.0,True,0.01,0.95,10.0,39600.0,0.938,0.139
12434,1 - 1 - 2022,19800.0,6.410928169929843,5.623415332340303,7.498939925082745,0.127,0.1,0.158489,0.174,0.15,0.2,0.55,0.5,0.6,255.0,1.88,0.0,1.0,True,0.01,0.95,10.0,39600.0,0.938,0.139
12435,1 - 1 - 2022,19800.0,6.348228099241551,5.623415332340303,7.498939925082745,0.126,0.1,0.158489,0.173,0.15,0.2,0.646,0.6,0.7,199.0,1.66,3.07,1.0,True,0.01,0.95,10.0,39600.0,0.938,0.139
12436,1 - 1 - 2022,19800.0,6.395310782127793,5.623415332340303,7.498939925082745,0.127,0.1,0.158489,0.173,0.15,0.2,0.743,0.7,0.8,159.0,1.49,0.0,1.0,True,0.01,0.95,10.0,39600.0,0.938,0.139
12437,1 - 1 - 2022,19800.0,6.172519744804386,5.623415332340303,7.498939925082745,0.122,0.1,0.158489,0.176,0.15,0.2,0.843,0.8,0.9,95.1,1.15,6.13,1.0,True,0.01,0.95,10.0,39600.0,0.938,0.139
12438,1 - 1 - 2022,19800.0,6.387487769068525,5.623415332340303,7.498939925082745,0.127,0.1,0.158489,0.174,0.15,0.2,0.959,0.9,1.0,79.7,1.05,12.3,1.0,True,0.01,0.95,10.0,39600.0,0.938,0.139
12439,1 - 1 - 2022,19800.0,6.418722614352485,5.623415332340303,7.498939925082745,0.127,0.1,0.158489,0.174,0.15,0.2,1.21,1.0,1.5,29.4,0.286,1.23,1.0,True,0.01,0.95,10.0,39600.0,0.938,0.139
12440,1 - 1 - 2022,19800.0,6.7379522111692065,5.623415332340303,7.498939925082745,0.129,0.1,0.158489,0.167,0.15,0.2,1.71,1.5,2.0,4.29,0.109,0.613,1.0,True,0.01,0.95,10.0,39600.0,0.938,0.139
12441,1 - 1 - 2022,19800.0,6.387487769068525,5.623415332340303,7.498939925082745,0.121,0.1,0.158489,0.171,0.15,0.2,2.23,2.0,4.0,0.307,0.0146,0.153,1.0,True,0.01,0.95,10.0,39600.0,0.938,0.139
12442,1 - 1 - 2022,19800.0,6.534523701081817,5.623415332340303,7.498939925082745,0.12,0.1,0.158489,0.215,0.2,0.25,0.0404,0.0,0.05,36.8,1.01,0.0,1.0,True,0.01,0.95,10.0,39600.0,0.938,0.139
12443,1 - 1 - 2022,19800.0,6.557438524302,5.623415332340303,7.498939925082745,0.124,0.1,0.158489,0.227,0.2,0.25,0.0758,0.05,0.1,67.5,1.37,0.0,1.0,True,0.01,0.95,10.0,39600.0,0.938,0.139
12444,1 - 1 - 2022,19800.0,6.457553716385176,5.623415332340303,7.498939925082745,0.125,0.1,0.158489,0.225,0.2,0.25,0.158,0.1,0.2,144.0,1.42,0.0,1.0,True,0.01,0.95,10.0,39600.0,0.938,0.139
12445,1 - 1 - 2022,19800.0,6.410928169929843,5.623415332340303,7.498939925082745,0.125,0.1,0.158489,0.225,0.2,0.25,0.253,0.2,0.3,153.0,1.46,0.0,1.0,True,0.01,0.95,10.0,39600.0,0.938,0.139
12446,1 - 1 - 2022,19800.0,6.496152707564686,5.623415332340303,7.498939925082745,0.125,0.1,0.158489,0.225,0.2,0.25,0.342,0.3,0.4,166.0,1.52,0.0,1.0,True,0.01,0.95,10.0,39600.0,0.938,0.139
12447,1 - 1 - 2022,19800.0,6.511528238439882,5.623415332340303,7.498939925082745,0.129,0.1,0.158489,0.22,0.2,0.25,0.451,0.4,0.5,156.0,1.47,0.0,1.0,True,0.01,0.95,10.0,39600.0,0.938,0.139
12448,1 - 1 - 2022,19800.0,6.308724118235001,5.623415332340303,7.498939925082745,0.119,0.1,0.158489,0.222,0.2,0.25,0.546,0.5,0.6,172.0,1.54,0.0,1.0,True,0.01,0.95,10.0,39600.0,0.938,0.139
12449,1 - 1 - 2022,19800.0,6.44980619863884,5.623415332340303,7.498939925082745,0.13,0.1,0.158489,0.228,0.2,0.25,0.654,0.6,0.7,147.0,1.43,0.0,1.0,True,0.01,0.95,10.0,39600.0,0.938,0.139
12450,1 - 1 - 2022,19800.0,6.3796551630946325,5.623415332340303,7.498939925082745,0.122,0.1,0.158489,0.224,0.2,0.25,0.742,0.7,0.8,85.9,1.09,0.0,1.0,True,0.01,0.95,10.0,39600.0,0.938,0.139
12451,1 - 1 - 2022,19800.0,6.610597552415364,5.623415332340303,7.498939925082745,0.125,0.1,0.158489,0.23,0.2,0.25,0.845,0.8,0.9,64.4,0.946,0.0,1.0,True,0.01,0.95,10.0,39600.0,0.938,0.139
12452,1 - 1 - 2022,19800.0,6.511528238439882,5.623415332340303,7.498939925082745,0.12,0.1,0.158489,0.231,0.2,0.25,0.948,0.9,1.0,30.7,0.653,0.0,1.0,True,0.01,0.95,10.0,39600.0,0.938,0.139
12453,1 - 1 - 2022,19800.0,6.587867636800241,5.623415332340303,7.498939925082745,0.123,0.1,0.158489,0.228,0.2,0.25,1.18,1.0,1.5,21.5,0.244,1.84,1.0,True,0.01,0.95,10.0,39600.0,0.938,0.139
12454,1 - 1 - 2022,19800.0,6.48074069840786,5.623415332340303,7.498939925082745,0.125,0.1,0.158489,0.227,0.2,0.25,1.64,1.5,2.0,2.45,0.0826,0.0,1.0,True,0.01,0.95,10.0,39600.0,0.938,0.139
12455,1 - 1 - 2022,19800.0,7.489993324429602,5.623415332340303,7.498939925082745,0.116,0.1,0.158489,0.243,0.2,0.25,2.55,2.0,4.0,0.153,0.0103,0.0,1.0,True,0.01,0.95,10.0,39600.0,0.938,0.139
12456,1 - 1 - 2022,19800.0,6.244997998398398,5.623415332340303,7.498939925082745,0.125,0.1,0.158489,0.27,0.25,0.3,0.0758,0.05,0.1,36.8,1.01,0.0,1.0,True,0.01,0.95,10.0,39600.0,0.938,0.139
12457,1 - 1 - 2022,19800.0,6.410928169929843,5.623415332340303,7.498939925082745,0.124,0.1,0.158489,0.274,0.25,0.3,0.15,0.1,0.2,64.4,0.946,3.07,1.0,True,0.01,0.95,10.0,39600.0,0.938,0.139
12458,1 - 1 - 2022,19800.0,6.316644678941502,5.623415332340303,7.498939925082745,0.125,0.1,0.158489,0.272,0.25,0.3,0.252,0.2,0.3,95.1,1.15,0.0,1.0,True,0.01,0.95,10.0,39600.0,0.938,0.139
12459,1 - 1 - 2022,19800.0,6.387487769068525,5.623415332340303,7.498939925082745,0.124,0.1,0.158489,0.271,0.25,0.3,0.35,0.3,0.4,138.0,1.38,0.0,1.0,True,0.01,0.95,10.0,39600.0,0.938,0.139
12460,1 - 1 - 2022,19800.0,6.442049363362563,5.623415332340303,7.498939925082745,0.126,0.1,0.158489,0.273,0.25,0.3,0.447,0.4,0.5,107.0,1.22,3.07,1.0,True,0.01,0.95,10.0,39600.0,0.938,0.139
12461,1 - 1 - 2022,19800.0,6.442049363362563,5.623415332340303,7.498939925082745,0.124,0.1,0.158489,0.276,0.25,0.3,0.55,0.5,0.6,107.0,1.22,0.0,1.0,True,0.01,0.95,10.0,39600.0,0.938,0.139
12462,1 - 1 - 2022,19800.0,6.48074069840786,5.623415332340303,7.498939925082745,0.127,0.1,0.158489,0.276,0.25,0.3,0.641,0.6,0.7,79.7,1.05,0.0,1.0,True,0.01,0.95,10.0,39600.0,0.938,0.139
12463,1 - 1 - 2022,19800.0,6.58027355054484,5.623415332340303,7.498939925082745,0.13,0.1,0.158489,0.278,0.25,0.3,0.749,0.7,0.8,58.3,0.9,0.0,1.0,True,0.01,0.95,10.0,39600.0,0.938,0.139
12464,1 - 1 - 2022,19800.0,6.387487769068525,5.623415332340303,7.498939925082745,0.126,0.1,0.158489,0.279,0.25,0.3,0.851,0.8,0.9,64.4,0.946,0.0,1.0,True,0.01,0.95,10.0,39600.0,0.938,0.139
12465,1 - 1 - 2022,19800.0,6.6257075093909785,5.623415332340303,7.498939925082745,0.119,0.1,0.158489,0.267,0.25,0.3,0.956,0.9,1.0,15.3,0.462,0.0,1.0,True,0.01,0.95,10.0,39600.0,0.938,0.139
12466,1 - 1 - 2022,19800.0,6.511528238439882,5.623415332340303,7.498939925082745,0.126,0.1,0.158489,0.274,0.25,0.3,1.19,1.0,1.5,12.9,0.189,1.23,1.0,True,0.01,0.95,10.0,39600.0,0.938,0.139
12467,1 - 1 - 2022,19800.0,6.131883886702357,5.623415332340303,7.498939925082745,0.125,0.1,0.158489,0.261,0.25,0.3,1.56,1.5,2.0,1.84,0.0715,0.0,1.0,True,0.01,0.95,10.0,39600.0,0.938,0.139
12468,1 - 1 - 2022,19800.0,6.663332499583072,5.623415332340303,7.498939925082745,0.122,0.1,0.158489,0.275,0.25,0.3,2.24,2.0,4.0,0.613,0.0206,0.0,1.0,True,0.01,0.95,10.0,39600.0,0.938,0.139
12469,1 - 1 - 2022,19800.0,6.557438524302,5.623415332340303,7.498939925082745,0.13,0.1,0.158489,0.314,0.3,0.4,0.0219,0.0,0.05,3.07,0.206,0.0,1.0,True,0.01,0.95,10.0,39600.0,0.938,0.139
12470,1 - 1 - 2022,19800.0,6.395310782127793,5.623415332340303,7.498939925082745,0.124,0.1,0.158489,0.338,0.3,0.4,0.0697,0.05,0.1,21.5,0.546,0.0,1.0,True,0.01,0.95,10.0,39600.0,0.938,0.139
12471,1 - 1 - 2022,19800.0,6.534523701081817,5.623415332340303,7.498939925082745,0.131,0.1,0.158489,0.343,0.3,0.4,0.162,0.1,0.2,29.1,0.45,0.0,1.0,True,0.01,0.95,10.0,39600.0,0.938,0.139
12472,1 - 1 - 2022,19800.0,6.465291950097845,5.623415332340303,7.498939925082745,0.126,0.1,0.158489,0.349,0.3,0.4,0.241,0.2,0.3,52.1,0.602,0.0,1.0,True,0.01,0.95,10.0,39600.0,0.938,0.139
12473,1 - 1 - 2022,19800.0,6.29285308902091,5.623415332340303,7.498939925082745,0.123,0.1,0.158489,0.347,0.3,0.4,0.351,0.3,0.4,62.9,0.661,1.53,1.0,True,0.01,0.95,10.0,39600.0,0.938,0.139
12474,1 - 1 - 2022,19800.0,6.48074069840786,5.623415332340303,7.498939925082745,0.123,0.1,0.158489,0.345,0.3,0.4,0.445,0.4,0.5,64.4,0.669,0.0,1.0,True,0.01,0.95,10.0,39600.0,0.938,0.139
12475,1 - 1 - 2022,19800.0,6.395310782127793,5.623415332340303,7.498939925082745,0.132,0.1,0.158489,0.348,0.3,0.4,0.551,0.5,0.6,61.3,0.653,0.000985,1.0,True,0.01,0.95,10.0,39600.0,0.938,0.139
12476,1 - 1 - 2022,19800.0,6.442049363362563,5.623415332340303,7.498939925082745,0.128,0.1,0.158489,0.342,0.3,0.4,0.654,0.6,0.7,52.1,0.602,0.0,1.0,True,0.01,0.95,10.0,39600.0,0.938,0.139
12477,1 - 1 - 2022,19800.0,6.473020933072903,5.623415332340303,7.498939925082745,0.122,0.1,0.158489,0.34,0.3,0.4,0.739,0.7,0.8,44.5,0.556,0.0,1.0,True,0.01,0.95,10.0,39600.0,0.938,0.139
12478,1 - 1 - 2022,19800.0,6.356099432828281,5.623415332340303,7.498939925082745,0.131,0.1,0.158489,0.337,0.3,0.4,0.847,0.8,0.9,35.3,0.495,0.0,1.0,True,0.01,0.95,10.0,39600.0,0.938,0.139
12479,1 - 1 - 2022,19800.0,6.29285308902091,5.623415332340303,7.498939925082745,0.133,0.1,0.158489,0.349,0.3,0.4,0.954,0.9,1.0,19.9,0.372,0.0,1.0,True,0.01,0.95,10.0,39600.0,0.938,0.139
12480,1 - 1 - 2022,19800.0,6.371812928829597,5.623415332340303,7.498939925082745,0.128,0.1,0.158489,0.343,0.3,0.4,1.18,1.0,1.5,8.59,0.109,0.307,1.0,True,0.01,0.95,10.0,39600.0,0.938,0.139
12481,1 - 1 - 2022,19800.0,6.511528238439882,5.623415332340303,7.498939925082745,0.118,0.1,0.158489,0.346,0.3,0.4,1.63,1.5,2.0,2.15,0.0546,0.0,1.0,True,0.01,0.95,10.0,39600.0,0.938,0.139
12482,1 - 1 - 2022,19800.0,6.745368781616021,5.623415332340303,7.498939925082745,0.131,0.1,0.158489,0.363,0.3,0.4,2.57,2.0,4.0,0.23,0.00894,0.0,1.0,True,0.01,0.95,10.0,39600.0,0.938,0.139
12483,1 - 1 - 2022,19800.0,6.082762530298219,5.623415332340303,7.498939925082745,0.129,0.1,0.158489,0.47,0.4,0.5,0.041,0.0,0.05,12.3,0.413,0.0,1.0,True,0.01,0.95,10.0,39600.0,0.938,0.139
12484,1 - 1 - 2022,19800.0,5.92452529743945,5.623415332340303,7.498939925082745,0.128,0.1,0.158489,0.455,0.4,0.5,0.0549,0.05,0.1,6.14,0.292,0.0,1.0,True,0.01,0.95,10.0,39600.0,0.938,0.139
12485,1 - 1 - 2022,19800.0,6.348228099241551,5.623415332340303,7.498939925082745,0.133,0.1,0.158489,0.446,0.4,0.5,0.161,0.1,0.2,12.3,0.292,0.0,1.0,True,0.01,0.95,10.0,39600.0,0.938,0.139
12486,1 - 1 - 2022,19800.0,6.4265076052238514,5.623415332340303,7.498939925082745,0.123,0.1,0.158489,0.443,0.4,0.5,0.241,0.2,0.3,24.5,0.413,0.0,1.0,True,0.01,0.95,10.0,39600.0,0.938,0.139
12487,1 - 1 - 2022,19800.0,6.565059024867941,5.623415332340303,7.498939925082745,0.129,0.1,0.158489,0.446,0.4,0.5,0.346,0.3,0.4,29.1,0.45,0.0,1.0,True,0.01,0.95,10.0,39600.0,0.938,0.139
12488,1 - 1 - 2022,19800.0,6.488451279003334,5.623415332340303,7.498939925082745,0.124,0.1,0.158489,0.442,0.4,0.5,0.447,0.4,0.5,30.7,0.462,0.0,1.0,True,0.01,0.95,10.0,39600.0,0.938,0.139
12489,1 - 1 - 2022,19800.0,6.526867548832288,5.623415332340303,7.498939925082745,0.129,0.1,0.158489,0.44,0.4,0.5,0.547,0.5,0.6,33.7,0.484,0.0,1.0,True,0.01,0.95,10.0,39600.0,0.938,0.139
12490,1 - 1 - 2022,19800.0,6.5038450166036395,5.623415332340303,7.498939925082745,0.128,0.1,0.158489,0.437,0.4,0.5,0.647,0.6,0.7,16.9,0.342,0.0,1.0,True,0.01,0.95,10.0,39600.0,0.938,0.139
12491,1 - 1 - 2022,19800.0,6.3796551630946325,5.623415332340303,7.498939925082745,0.121,0.1,0.158489,0.448,0.4,0.5,0.741,0.7,0.8,27.6,0.438,0.0,1.0,True,0.01,0.95,10.0,39600.0,0.938,0.139
12492,1 - 1 - 2022,19800.0,6.511528238439882,5.623415332340303,7.498939925082745,0.124,0.1,0.158489,0.456,0.4,0.5,0.866,0.8,0.9,10.7,0.273,0.0,1.0,True,0.01,0.95,10.0,39600.0,0.938,0.139
12493,1 - 1 - 2022,19800.0,6.3796551630946325,5.623415332340303,7.498939925082745,0.122,0.1,0.158489,0.444,0.4,0.5,0.964,0.9,1.0,15.3,0.326,0.0,1.0,True,0.01,0.95,10.0,39600.0,0.938,0.139
12494,1 - 1 - 2022,19800.0,6.572670690061994,5.623415332340303,7.498939925082745,0.126,0.1,0.158489,0.429,0.4,0.5,1.15,1.0,1.5,5.52,0.0876,0.0,1.0,True,0.01,0.95,10.0,39600.0,0.938,0.139
12495,1 - 1 - 2022,19800.0,6.041522986797286,5.623415332340303,7.498939925082745,0.116,0.1,0.158489,0.409,0.4,0.5,1.51,1.5,2.0,0.613,0.0292,0.0,1.0,True,0.01,0.95,10.0,39600.0,0.938,0.139
12496,1 - 1 - 2022,19800.0,5.865151319446072,5.623415332340303,7.498939925082745,0.123,0.1,0.158489,0.534,0.5,0.6,0.0934,0.05,0.1,9.2,0.358,0.0,1.0,True,0.01,0.95,10.0,39600.0,0.938,0.139
12497,1 - 1 - 2022,19800.0,6.610597552415364,5.623415332340303,7.498939925082745,0.122,0.1,0.158489,0.544,0.5,0.6,0.141,0.1,0.2,21.5,0.386,0.0,1.0,True,0.01,0.95,10.0,39600.0,0.938,0.139
12498,1 - 1 - 2022,19800.0,6.260990336999411,5.623415332340303,7.498939925082745,0.133,0.1,0.158489,0.551,0.5,0.6,0.236,0.2,0.3,12.3,0.292,0.0,1.0,True,0.01,0.95,10.0,39600.0,0.938,0.139
12499,1 - 1 - 2022,19800.0,6.557438524302,5.623415332340303,7.498939925082745,0.122,0.1,0.158489,0.533,0.5,0.6,0.358,0.3,0.4,21.5,0.386,0.0,1.0,True,0.01,0.95,10.0,39600.0,0.938,0.139
12500,1 - 1 - 2022,19800.0,6.473020933072903,5.623415332340303,7.498939925082745,0.119,0.1,0.158489,0.554,0.5,0.6,0.466,0.4,0.5,9.2,0.253,0.0,1.0,True,0.01,0.95,10.0,39600.0,0.938,0.139
12501,1 - 1 - 2022,19800.0,6.54217089351845,5.623415332340303,7.498939925082745,0.127,0.1,0.158489,0.545,0.5,0.6,0.561,0.5,0.6,16.9,0.342,0.0,1.0,True,0.01,0.95,10.0,39600.0,0.938,0.139
12502,1 - 1 - 2022,19800.0,6.276941930590086,5.623415332340303,7.498939925082745,0.112,0.1,0.158489,0.555,0.5,0.6,0.651,0.6,0.7,15.3,0.326,0.0,1.0,True,0.01,0.95,10.0,39600.0,0.938,0.139
12503,1 - 1 - 2022,19800.0,6.774953874381729,5.623415332340303,7.498939925082745,0.121,0.1,0.158489,0.55,0.5,0.6,0.76,0.7,0.8,3.07,0.146,0.0,1.0,True,0.01,0.95,10.0,39600.0,0.938,0.139
12504,1 - 1 - 2022,19800.0,6.81175454637056,5.623415332340303,7.498939925082745,0.123,0.1,0.158489,0.538,0.5,0.6,0.848,0.8,0.9,10.7,0.273,0.0,1.0,True,0.01,0.95,10.0,39600.0,0.938,0.139
12505,1 - 1 - 2022,19800.0,5.779273310719955,5.623415332340303,7.498939925082745,0.15,0.1,0.158489,0.583,0.5,0.6,0.96,0.9,1.0,1.53,0.103,0.0,1.0,True,0.01,0.95,10.0,39600.0,0.938,0.139
12506,1 - 1 - 2022,19800.0,6.81175454637056,5.623415332340303,7.498939925082745,0.13,0.1,0.158489,0.554,0.5,0.6,1.11,1.0,1.5,1.53,0.0462,0.0,1.0,True,0.01,0.95,10.0,39600.0,0.938,0.139
12507,1 - 1 - 2022,19800.0,5.865151319446072,5.623415332340303,7.498939925082745,0.103,0.1,0.158489,0.562,0.5,0.6,3.07,2.0,4.0,0.0767,0.00516,0.0,1.0,True,0.01,0.95,10.0,39600.0,0.938,0.139
12508,1 - 1 - 2022,19800.0,6.099180272790763,5.623415332340303,7.498939925082745,0.111,0.1,0.158489,0.676,0.6,0.7,0.091,0.05,0.1,6.13,0.292,0.0,1.0,True,0.01,0.95,10.0,39600.0,0.938,0.139
12509,1 - 1 - 2022,19800.0,6.48074069840786,5.623415332340303,7.498939925082745,0.122,0.1,0.158489,0.648,0.6,0.7,0.151,0.1,0.2,7.67,0.231,0.0,1.0,True,0.01,0.95,10.0,39600.0,0.938,0.139
12510,1 - 1 - 2022,19800.0,6.024948132556827,5.623415332340303,7.498939925082745,0.114,0.1,0.158489,0.635,0.6,0.7,0.239,0.2,0.3,9.2,0.253,0.0,1.0,True,0.01,0.95,10.0,39600.0,0.938,0.139
12511,1 - 1 - 2022,19800.0,6.670832032063167,5.623415332340303,7.498939925082745,0.117,0.1,0.158489,0.644,0.6,0.7,0.343,0.3,0.4,9.2,0.253,0.0,1.0,True,0.01,0.95,10.0,39600.0,0.938,0.139
12512,1 - 1 - 2022,19800.0,6.685805860178712,5.623415332340303,7.498939925082745,0.12,0.1,0.158489,0.646,0.6,0.7,0.45,0.4,0.5,10.7,0.273,0.0,1.0,True,0.01,0.95,10.0,39600.0,0.938,0.139
12513,1 - 1 - 2022,19800.0,6.48074069840786,5.623415332340303,7.498939925082745,0.127,0.1,0.158489,0.634,0.6,0.7,0.528,0.5,0.6,10.7,0.273,0.0,1.0,True,0.01,0.95,10.0,39600.0,0.938,0.139
12514,1 - 1 - 2022,19800.0,6.172519744804386,5.623415332340303,7.498939925082745,0.135,0.1,0.158489,0.625,0.6,0.7,0.662,0.6,0.7,6.13,0.206,0.0,1.0,True,0.01,0.95,10.0,39600.0,0.938,0.139
12515,1 - 1 - 2022,19800.0,6.356099432828281,5.623415332340303,7.498939925082745,0.134,0.1,0.158489,0.643,0.6,0.7,0.741,0.7,0.8,1.53,0.103,0.0,1.0,True,0.01,0.95,10.0,39600.0,0.938,0.139
12516,1 - 1 - 2022,19800.0,6.618156843109719,5.623415332340303,7.498939925082745,0.105,0.1,0.158489,0.663,0.6,0.7,0.848,0.8,0.9,4.6,0.179,0.0,1.0,True,0.01,0.95,10.0,39600.0,0.938,0.139
12517,1 - 1 - 2022,19800.0,6.496152707564686,5.623415332340303,7.498939925082745,0.144,0.1,0.158489,0.637,0.6,0.7,0.95,0.9,1.0,4.6,0.179,0.0,1.0,True,0.01,0.95,10.0,39600.0,0.938,0.139
12518,1 - 1 - 2022,19800.0,6.473020933072903,5.623415332340303,7.498939925082745,0.13,0.1,0.158489,0.646,0.6,0.7,1.14,1.0,1.5,1.53,0.0462,0.0,1.0,True,0.01,0.95,10.0,39600.0,0.938,0.139
12519,1 - 1 - 2022,19800.0,6.308724118235001,5.623415332340303,7.498939925082745,0.136,0.1,0.158489,0.653,0.6,0.7,1.78,1.5,2.0,0.307,0.0206,0.0,1.0,True,0.01,0.95,10.0,39600.0,0.938,0.139
12520,1 - 1 - 2022,19800.0,6.640783086353597,5.623415332340303,7.498939925082745,0.145,0.1,0.158489,0.732,0.7,0.8,0.0894,0.05,0.1,6.13,0.292,0.0,1.0,True,0.01,0.95,10.0,39600.0,0.938,0.139
12521,1 - 1 - 2022,19800.0,6.23698645180507,5.623415332340303,7.498939925082745,0.113,0.1,0.158489,0.744,0.7,0.8,0.258,0.2,0.3,7.67,0.231,0.0,1.0,True,0.01,0.95,10.0,39600.0,0.938,0.139
12522,1 - 1 - 2022,19800.0,5.958187643906492,5.623415332340303,7.498939925082745,0.122,0.1,0.158489,0.735,0.7,0.8,0.37,0.3,0.4,1.53,0.103,0.0,1.0,True,0.01,0.95,10.0,39600.0,0.938,0.139
12523,1 - 1 - 2022,19800.0,6.549809157525126,5.623415332340303,7.498939925082745,0.129,0.1,0.158489,0.741,0.7,0.8,0.435,0.4,0.5,6.13,0.206,0.0,1.0,True,0.01,0.95,10.0,39600.0,0.938,0.139
12524,1 - 1 - 2022,19800.0,6.54217089351845,5.623415332340303,7.498939925082745,0.147,0.1,0.158489,0.725,0.7,0.8,0.567,0.5,0.6,3.07,0.146,0.0,1.0,True,0.01,0.95,10.0,39600.0,0.938,0.139
12525,1 - 1 - 2022,19800.0,6.534523701081817,5.623415332340303,7.498939925082745,0.122,0.1,0.158489,0.735,0.7,0.8,0.631,0.6,0.7,7.67,0.231,0.0,1.0,True,0.01,0.95,10.0,39600.0,0.938,0.139
12526,1 - 1 - 2022,19800.0,6.340346993658944,5.623415332340303,7.498939925082745,0.129,0.1,0.158489,0.735,0.7,0.8,0.741,0.7,0.8,4.6,0.179,0.0,1.0,True,0.01,0.95,10.0,39600.0,0.938,0.139
12527,1 - 1 - 2022,19800.0,6.942621983083913,5.623415332340303,7.498939925082745,0.112,0.1,0.158489,0.726,0.7,0.8,0.843,0.8,0.9,3.07,0.146,0.0,1.0,True,0.01,0.95,10.0,39600.0,0.938,0.139
12528,1 - 1 - 2022,19800.0,6.434283176858165,5.623415332340303,7.498939925082745,0.103,0.1,0.158489,0.737,0.7,0.8,0.968,0.9,1.0,1.53,0.103,0.0,1.0,True,0.01,0.95,10.0,39600.0,0.938,0.139
12529,1 - 1 - 2022,19800.0,5.873670062235365,5.623415332340303,7.498939925082745,0.133,0.1,0.158489,0.824,0.8,0.9,0.102,0.1,0.2,1.53,0.103,0.0,1.0,True,0.01,0.95,10.0,39600.0,0.938,0.139
12530,1 - 1 - 2022,19800.0,6.610597552415364,5.623415332340303,7.498939925082745,0.135,0.1,0.158489,0.866,0.8,0.9,0.275,0.2,0.3,3.07,0.146,0.0,1.0,True,0.01,0.95,10.0,39600.0,0.938,0.139
12531,1 - 1 - 2022,19800.0,6.935416353759881,5.623415332340303,7.498939925082745,0.108,0.1,0.158489,0.829,0.8,0.9,0.348,0.3,0.4,6.13,0.206,0.0,1.0,True,0.01,0.95,10.0,39600.0,0.938,0.139
12532,1 - 1 - 2022,19800.0,6.016643582596529,5.623415332340303,7.498939925082745,0.116,0.1,0.158489,0.854,0.8,0.9,0.679,0.6,0.7,3.07,0.146,0.0,1.0,True,0.01,0.95,10.0,39600.0,0.938,0.139
12533,1 - 1 - 2022,19800.0,6.115553940568262,5.623415332340303,7.498939925082745,0.126,0.1,0.158489,0.847,0.8,0.9,0.72,0.7,0.8,3.07,0.146,0.0,1.0,True,0.01,0.95,10.0,39600.0,0.938,0.139
12534,1 - 1 - 2022,19800.0,6.587867636800241,5.623415332340303,7.498939925082745,0.137,0.1,0.158489,0.87,0.8,0.9,0.834,0.8,0.9,1.53,0.103,0.0,1.0,True,0.01,0.95,10.0,39600.0,0.938,0.139
12535,1 - 1 - 2022,19800.0,7.0710678118654755,5.623415332340303,7.498939925082745,0.139,0.1,0.158489,0.825,0.8,0.9,1.07,1.0,1.5,0.614,0.0292,0.0,1.0,True,0.01,0.95,10.0,39600.0,0.938,0.139
12536,1 - 1 - 2022,19800.0,5.974947698515862,5.623415332340303,7.498939925082745,0.142,0.1,0.158489,0.906,0.9,1.0,0.427,0.4,0.5,1.53,0.103,0.0,1.0,True,0.01,0.95,10.0,39600.0,0.938,0.139
12537,1 - 1 - 2022,19800.0,6.016643582596529,5.623415332340303,7.498939925082745,0.121,0.1,0.158489,0.925,0.9,1.0,0.506,0.5,0.6,1.53,0.103,0.0,1.0,True,0.01,0.95,10.0,39600.0,0.938,0.139
12538,1 - 1 - 2022,19800.0,6.587867636800241,5.623415332340303,7.498939925082745,0.123,0.1,0.158489,0.926,0.9,1.0,0.761,0.7,0.8,3.07,0.146,0.0,1.0,True,0.01,0.95,10.0,39600.0,0.938,0.139
12539,1 - 1 - 2022,19800.0,7.049822692805827,5.623415332340303,7.498939925082745,0.2,0.158489,0.251189,0.0646,0.05,0.1,0.0332,0.0,0.05,34.8,0.782,15.5,1.0,True,0.01,0.95,10.0,39600.0,0.938,0.139
12540,1 - 1 - 2022,19800.0,6.870225614927067,5.623415332340303,7.498939925082745,0.184,0.158489,0.251189,0.0711,0.05,0.1,0.0791,0.05,0.1,128.0,1.5,38.7,1.0,True,0.01,0.95,10.0,39600.0,0.938,0.139
12541,1 - 1 - 2022,19800.0,6.760177512462229,5.623415332340303,7.498939925082745,0.189,0.158489,0.251189,0.0729,0.05,0.1,0.154,0.1,0.2,172.0,1.23,87.1,1.0,True,0.01,0.95,10.0,39600.0,0.938,0.139
12542,1 - 1 - 2022,19800.0,6.708203932499369,5.623415332340303,7.498939925082745,0.188,0.158489,0.251189,0.0719,0.05,0.1,0.248,0.2,0.3,236.0,1.44,128.0,1.0,True,0.01,0.95,10.0,39600.0,0.938,0.139
12543,1 - 1 - 2022,19800.0,6.8044103344816,5.623415332340303,7.498939925082745,0.192,0.158489,0.251189,0.0729,0.05,0.1,0.352,0.3,0.4,190.0,1.29,116.0,1.0,True,0.01,0.95,10.0,39600.0,0.938,0.139
12544,1 - 1 - 2022,19800.0,6.774953874381729,5.623415332340303,7.498939925082745,0.19,0.158489,0.251189,0.0742,0.05,0.1,0.451,0.4,0.5,190.0,1.29,112.0,1.0,True,0.01,0.95,10.0,39600.0,0.938,0.139
12545,1 - 1 - 2022,19800.0,6.6332495807108,5.623415332340303,7.498939925082745,0.184,0.158489,0.251189,0.0757,0.05,0.1,0.548,0.5,0.6,143.0,1.12,92.9,1.0,True,0.01,0.95,10.0,39600.0,0.938,0.139
12546,1 - 1 - 2022,19800.0,6.6783231428256,5.623415332340303,7.498939925082745,0.183,0.158489,0.251189,0.0712,0.05,0.1,0.654,0.6,0.7,130.0,1.07,98.7,1.0,True,0.01,0.95,10.0,39600.0,0.938,0.139
12547,1 - 1 - 2022,19800.0,6.6783231428256,5.623415332340303,7.498939925082745,0.184,0.158489,0.251189,0.0732,0.05,0.1,0.752,0.7,0.8,101.0,0.939,63.9,1.0,True,0.01,0.95,10.0,39600.0,0.938,0.139
12548,1 - 1 - 2022,19800.0,6.841052550594828,5.623415332340303,7.498939925082745,0.185,0.158489,0.251189,0.0749,0.05,0.1,0.848,0.8,0.9,56.1,0.701,36.8,1.0,True,0.01,0.95,10.0,39600.0,0.938,0.139
12549,1 - 1 - 2022,19800.0,6.884765791223402,5.623415332340303,7.498939925082745,0.186,0.158489,0.251189,0.0713,0.05,0.1,0.945,0.9,1.0,29.0,0.504,17.4,1.0,True,0.01,0.95,10.0,39600.0,0.938,0.139
12550,1 - 1 - 2022,19800.0,6.920982589199311,5.623415332340303,7.498939925082745,0.188,0.158489,0.251189,0.0816,0.05,0.1,1.14,1.0,1.5,8.9,0.125,6.58,1.0,True,0.01,0.95,10.0,39600.0,0.938,0.139
12551,1 - 1 - 2022,19800.0,6.603029607687671,5.623415332340303,7.498939925082745,0.19,0.158489,0.251189,0.121,0.1,0.15,0.0316,0.0,0.05,31.0,0.737,0.0,1.0,True,0.01,0.95,10.0,39600.0,0.938,0.139
12552,1 - 1 - 2022,19800.0,6.6257075093909785,5.623415332340303,7.498939925082745,0.185,0.158489,0.251189,0.122,0.1,0.15,0.0734,0.05,0.1,54.2,0.975,0.0,1.0,True,0.01,0.95,10.0,39600.0,0.938,0.139
12553,1 - 1 - 2022,19800.0,6.6257075093909785,5.623415332340303,7.498939925082745,0.185,0.158489,0.251189,0.124,0.1,0.15,0.156,0.1,0.2,114.0,1.0,0.0,1.0,True,0.01,0.95,10.0,39600.0,0.938,0.139
12554,1 - 1 - 2022,19800.0,6.767569726275452,5.623415332340303,7.498939925082745,0.184,0.158489,0.251189,0.123,0.1,0.15,0.252,0.2,0.3,124.0,1.04,0.0,1.0,True,0.01,0.95,10.0,39600.0,0.938,0.139
12555,1 - 1 - 2022,19800.0,6.782329983125268,5.623415332340303,7.498939925082745,0.184,0.158489,0.251189,0.123,0.1,0.15,0.353,0.3,0.4,116.0,1.01,1.94,1.0,True,0.01,0.95,10.0,39600.0,0.938,0.139
12556,1 - 1 - 2022,19800.0,6.752777206453653,5.623415332340303,7.498939925082745,0.192,0.158489,0.251189,0.125,0.1,0.15,0.442,0.4,0.5,137.0,1.1,0.000909,1.0,True,0.01,0.95,10.0,39600.0,0.938,0.139
12557,1 - 1 - 2022,19800.0,6.789698078707183,5.623415332340303,7.498939925082745,0.186,0.158489,0.251189,0.121,0.1,0.15,0.546,0.5,0.6,108.0,0.975,3.87,1.0,True,0.01,0.95,10.0,39600.0,0.938,0.139
12558,1 - 1 - 2022,19800.0,6.877499545619759,5.623415332340303,7.498939925082745,0.187,0.158489,0.251189,0.123,0.1,0.15,0.643,0.6,0.7,71.6,0.792,3.87,1.0,True,0.01,0.95,10.0,39600.0,0.938,0.139
12559,1 - 1 - 2022,19800.0,6.730527468185536,5.623415332340303,7.498939925082745,0.189,0.158489,0.251189,0.121,0.1,0.15,0.753,0.7,0.8,60.0,0.725,13.5,1.0,True,0.01,0.95,10.0,39600.0,0.938,0.139
12560,1 - 1 - 2022,19800.0,6.685805860178712,5.623415332340303,7.498939925082745,0.186,0.158489,0.251189,0.123,0.1,0.15,0.843,0.8,0.9,42.6,0.611,5.8,1.0,True,0.01,0.95,10.0,39600.0,0.938,0.139
12561,1 - 1 - 2022,19800.0,6.992853494818835,5.623415332340303,7.498939925082745,0.196,0.158489,0.251189,0.13,0.1,0.15,0.952,0.9,1.0,31.0,0.521,1.93,1.0,True,0.01,0.95,10.0,39600.0,0.938,0.139
12562,1 - 1 - 2022,19800.0,6.7379522111692065,5.623415332340303,7.498939925082745,0.185,0.158489,0.251189,0.121,0.1,0.15,1.17,1.0,1.5,9.68,0.13,4.64,1.0,True,0.01,0.95,10.0,39600.0,0.938,0.139
12563,1 - 1 - 2022,19800.0,7.049822692805827,5.623415332340303,7.498939925082745,0.19,0.158489,0.251189,0.129,0.1,0.15,1.74,1.5,2.0,0.774,0.0368,0.387,1.0,True,0.01,0.95,10.0,39600.0,0.938,0.139
12564,1 - 1 - 2022,19800.0,7.422937423958254,5.623415332340303,7.498939925082745,0.19,0.158489,0.251189,0.188,0.15,0.2,0.0433,0.0,0.05,3.87,0.26,0.0,1.0,True,0.01,0.95,10.0,39600.0,0.938,0.139
12565,1 - 1 - 2022,19800.0,6.9498201415576215,5.623415332340303,7.498939925082745,0.199,0.158489,0.251189,0.173,0.15,0.2,0.0736,0.05,0.1,42.6,0.864,0.0,1.0,True,0.01,0.95,10.0,39600.0,0.938,0.139
12566,1 - 1 - 2022,19800.0,6.663332499583072,5.623415332340303,7.498939925082745,0.189,0.158489,0.251189,0.171,0.15,0.2,0.151,0.1,0.2,44.5,0.625,1.93,1.0,True,0.01,0.95,10.0,39600.0,0.938,0.139
12567,1 - 1 - 2022,19800.0,6.730527468185536,5.623415332340303,7.498939925082745,0.191,0.158489,0.251189,0.173,0.15,0.2,0.249,0.2,0.3,67.7,0.77,0.0,1.0,True,0.01,0.95,10.0,39600.0,0.938,0.139
12568,1 - 1 - 2022,19800.0,6.774953874381729,5.623415332340303,7.498939925082745,0.189,0.158489,0.251189,0.175,0.15,0.2,0.347,0.3,0.4,67.7,0.771,1.93,1.0,True,0.01,0.95,10.0,39600.0,0.938,0.139
12569,1 - 1 - 2022,19800.0,6.833739825307955,5.623415332340303,7.498939925082745,0.187,0.158489,0.251189,0.172,0.15,0.2,0.455,0.4,0.5,96.8,0.921,0.0,1.0,True,0.01,0.95,10.0,39600.0,0.938,0.139
12570,1 - 1 - 2022,19800.0,6.774953874381729,5.623415332340303,7.498939925082745,0.194,0.158489,0.251189,0.178,0.15,0.2,0.549,0.5,0.6,65.8,0.759,0.0,1.0,True,0.01,0.95,10.0,39600.0,0.938,0.139
12571,1 - 1 - 2022,19800.0,6.6332495807108,5.623415332340303,7.498939925082745,0.178,0.158489,0.251189,0.176,0.15,0.2,0.642,0.6,0.7,38.7,0.583,0.0,1.0,True,0.01,0.95,10.0,39600.0,0.938,0.139
12572,1 - 1 - 2022,19800.0,6.789698078707183,5.623415332340303,7.498939925082745,0.19,0.158489,0.251189,0.177,0.15,0.2,0.74,0.7,0.8,34.8,0.553,0.0,1.0,True,0.01,0.95,10.0,39600.0,0.938,0.139
12573,1 - 1 - 2022,19800.0,6.767569726275452,5.623415332340303,7.498939925082745,0.18,0.158489,0.251189,0.17,0.15,0.2,0.837,0.8,0.9,23.2,0.451,0.0,1.0,True,0.01,0.95,10.0,39600.0,0.938,0.139
12574,1 - 1 - 2022,19800.0,6.640783086353597,5.623415332340303,7.498939925082745,0.187,0.158489,0.251189,0.168,0.15,0.2,0.942,0.9,1.0,19.4,0.412,1.94,1.0,True,0.01,0.95,10.0,39600.0,0.938,0.139
12575,1 - 1 - 2022,19800.0,6.797058187186572,5.623415332340303,7.498939925082745,0.187,0.158489,0.251189,0.17,0.15,0.2,1.13,1.0,1.5,6.19,0.104,0.387,1.0,True,0.01,0.95,10.0,39600.0,0.938,0.139
12576,1 - 1 - 2022,19800.0,7.0285133563222315,5.623415332340303,7.498939925082745,0.212,0.158489,0.251189,0.176,0.15,0.2,1.75,1.5,2.0,1.55,0.0521,1.16,1.0,True,0.01,0.95,10.0,39600.0,0.938,0.139
12577,1 - 1 - 2022,19800.0,6.324555320336759,5.623415332340303,7.498939925082745,0.172,0.158489,0.251189,0.164,0.15,0.2,2.27,2.0,4.0,0.29,0.0113,0.0967,1.0,True,0.01,0.95,10.0,39600.0,0.938,0.139
12578,1 - 1 - 2022,19800.0,6.819090848492928,5.623415332340303,7.498939925082745,0.179,0.158489,0.251189,0.212,0.2,0.25,0.0331,0.0,0.05,15.5,0.521,0.0,1.0,True,0.01,0.95,10.0,39600.0,0.938,0.139
12579,1 - 1 - 2022,19800.0,6.511528238439882,5.623415332340303,7.498939925082745,0.183,0.158489,0.251189,0.218,0.2,0.25,0.0798,0.05,0.1,19.3,0.582,0.0,1.0,True,0.01,0.95,10.0,39600.0,0.938,0.139
12580,1 - 1 - 2022,19800.0,6.618156843109719,5.623415332340303,7.498939925082745,0.188,0.158489,0.251189,0.223,0.2,0.25,0.16,0.1,0.2,32.9,0.537,0.0,1.0,True,0.01,0.95,10.0,39600.0,0.938,0.139
12581,1 - 1 - 2022,19800.0,6.7379522111692065,5.623415332340303,7.498939925082745,0.186,0.158489,0.251189,0.222,0.2,0.25,0.252,0.2,0.3,69.7,0.781,0.0,1.0,True,0.01,0.95,10.0,39600.0,0.938,0.139
12582,1 - 1 - 2022,19800.0,6.6932802122726045,5.623415332340303,7.498939925082745,0.187,0.158489,0.251189,0.226,0.2,0.25,0.345,0.3,0.4,52.2,0.677,0.0,1.0,True,0.01,0.95,10.0,39600.0,0.938,0.139
12583,1 - 1 - 2022,19800.0,6.730527468185536,5.623415332340303,7.498939925082745,0.184,0.158489,0.251189,0.223,0.2,0.25,0.46,0.4,0.5,56.1,0.701,0.0,1.0,True,0.01,0.95,10.0,39600.0,0.938,0.139
12584,1 - 1 - 2022,19800.0,6.797058187186572,5.623415332340303,7.498939925082745,0.189,0.158489,0.251189,0.222,0.2,0.25,0.541,0.5,0.6,50.3,0.664,0.0,1.0,True,0.01,0.95,10.0,39600.0,0.938,0.139
12585,1 - 1 - 2022,19800.0,6.7379522111692065,5.623415332340303,7.498939925082745,0.19,0.158489,0.251189,0.219,0.2,0.25,0.65,0.6,0.7,27.1,0.487,0.0,1.0,True,0.01,0.95,10.0,39600.0,0.938,0.139
12586,1 - 1 - 2022,19800.0,6.58027355054484,5.623415332340303,7.498939925082745,0.186,0.158489,0.251189,0.223,0.2,0.25,0.753,0.7,0.8,32.9,0.537,0.0,1.0,True,0.01,0.95,10.0,39600.0,0.938,0.139
12587,1 - 1 - 2022,19800.0,6.870225614927067,5.623415332340303,7.498939925082745,0.191,0.158489,0.251189,0.224,0.2,0.25,0.848,0.8,0.9,29.0,0.504,1.94,1.0,True,0.01,0.95,10.0,39600.0,0.938,0.139
12588,1 - 1 - 2022,19800.0,6.708203932499369,5.623415332340303,7.498939925082745,0.186,0.158489,0.251189,0.225,0.2,0.25,0.968,0.9,1.0,17.4,0.391,0.0,1.0,True,0.01,0.95,10.0,39600.0,0.938,0.139
12589,1 - 1 - 2022,19800.0,6.442049363362563,5.623415332340303,7.498939925082745,0.184,0.158489,0.251189,0.221,0.2,0.25,1.15,1.0,1.5,6.19,0.104,0.0,1.0,True,0.01,0.95,10.0,39600.0,0.938,0.139
12590,1 - 1 - 2022,19800.0,6.892024376045111,5.623415332340303,7.498939925082745,0.192,0.158489,0.251189,0.228,0.2,0.25,1.69,1.5,2.0,1.55,0.0521,0.387,1.0,True,0.01,0.95,10.0,39600.0,0.938,0.139
12591,1 - 1 - 2022,19800.0,6.316644678941502,5.623415332340303,7.498939925082745,0.177,0.158489,0.251189,0.273,0.25,0.3,0.0385,0.0,0.05,11.6,0.451,0.0,1.0,True,0.01,0.95,10.0,39600.0,0.938,0.139
12592,1 - 1 - 2022,19800.0,6.526867548832288,5.623415332340303,7.498939925082745,0.189,0.158489,0.251189,0.274,0.25,0.3,0.0715,0.05,0.1,23.2,0.638,0.0,1.0,True,0.01,0.95,10.0,39600.0,0.938,0.139
12593,1 - 1 - 2022,19800.0,6.5038450166036395,5.623415332340303,7.498939925082745,0.182,0.158489,0.251189,0.277,0.25,0.3,0.142,0.1,0.2,15.5,0.368,0.0,1.0,True,0.01,0.95,10.0,39600.0,0.938,0.139
12594,1 - 1 - 2022,19800.0,6.58027355054484,5.623415332340303,7.498939925082745,0.18,0.158489,0.251189,0.28,0.25,0.3,0.266,0.2,0.3,34.8,0.553,0.0,1.0,True,0.01,0.95,10.0,39600.0,0.938,0.139
12595,1 - 1 - 2022,19800.0,6.618156843109719,5.623415332340303,7.498939925082745,0.196,0.158489,0.251189,0.274,0.25,0.3,0.345,0.3,0.4,32.9,0.537,0.0,1.0,True,0.01,0.95,10.0,39600.0,0.938,0.139
12596,1 - 1 - 2022,19800.0,6.789698078707183,5.623415332340303,7.498939925082745,0.196,0.158489,0.251189,0.274,0.25,0.3,0.443,0.4,0.5,46.4,0.638,1.94,1.0,True,0.01,0.95,10.0,39600.0,0.938,0.139
12597,1 - 1 - 2022,19800.0,6.81175454637056,5.623415332340303,7.498939925082745,0.19,0.158489,0.251189,0.276,0.25,0.3,0.558,0.5,0.6,27.1,0.487,0.0,1.0,True,0.01,0.95,10.0,39600.0,0.938,0.139
12598,1 - 1 - 2022,19800.0,6.767569726275452,5.623415332340303,7.498939925082745,0.197,0.158489,0.251189,0.274,0.25,0.3,0.652,0.6,0.7,21.3,0.432,0.0,1.0,True,0.01,0.95,10.0,39600.0,0.938,0.139
12599,1 - 1 - 2022,19800.0,6.276941930590086,5.623415332340303,7.498939925082745,0.178,0.158489,0.251189,0.278,0.25,0.3,0.737,0.7,0.8,13.5,0.345,0.0,1.0,True,0.01,0.95,10.0,39600.0,0.938,0.139
12600,1 - 1 - 2022,19800.0,6.745368781616021,5.623415332340303,7.498939925082745,0.184,0.158489,0.251189,0.273,0.25,0.3,0.846,0.8,0.9,17.4,0.391,0.0,1.0,True,0.01,0.95,10.0,39600.0,0.938,0.139
12601,1 - 1 - 2022,19800.0,6.789698078707183,5.623415332340303,7.498939925082745,0.188,0.158489,0.251189,0.271,0.25,0.3,0.954,0.9,1.0,9.68,0.291,0.0,1.0,True,0.01,0.95,10.0,39600.0,0.938,0.139
12602,1 - 1 - 2022,19800.0,6.892024376045111,5.623415332340303,7.498939925082745,0.197,0.158489,0.251189,0.272,0.25,0.3,1.17,1.0,1.5,4.64,0.0902,0.0,1.0,True,0.01,0.95,10.0,39600.0,0.938,0.139
12603,1 - 1 - 2022,19800.0,6.308724118235001,5.623415332340303,7.498939925082745,0.18,0.158489,0.251189,0.251,0.25,0.3,1.72,1.5,2.0,0.387,0.026,0.0,1.0,True,0.01,0.95,10.0,39600.0,0.938,0.139
12604,1 - 1 - 2022,19800.0,6.196773353931867,5.623415332340303,7.498939925082745,0.175,0.158489,0.251189,0.374,0.3,0.4,0.0376,0.0,0.05,1.94,0.13,0.0,1.0,True,0.01,0.95,10.0,39600.0,0.938,0.139
12605,1 - 1 - 2022,19800.0,6.685805860178712,5.623415332340303,7.498939925082745,0.186,0.158489,0.251189,0.347,0.3,0.4,0.0729,0.05,0.1,7.74,0.26,0.0,1.0,True,0.01,0.95,10.0,39600.0,0.938,0.139
12606,1 - 1 - 2022,19800.0,6.6257075093909785,5.623415332340303,7.498939925082745,0.184,0.158489,0.251189,0.351,0.3,0.4,0.157,0.1,0.2,16.5,0.269,0.0,1.0,True,0.01,0.95,10.0,39600.0,0.938,0.139
12607,1 - 1 - 2022,19800.0,6.774953874381729,5.623415332340303,7.498939925082745,0.204,0.158489,0.251189,0.343,0.3,0.4,0.25,0.2,0.3,21.3,0.305,0.0,1.0,True,0.01,0.95,10.0,39600.0,0.938,0.139
12608,1 - 1 - 2022,19800.0,6.877499545619759,5.623415332340303,7.498939925082745,0.186,0.158489,0.251189,0.337,0.3,0.4,0.34,0.3,0.4,14.5,0.252,0.0,1.0,True,0.01,0.95,10.0,39600.0,0.938,0.139
12609,1 - 1 - 2022,19800.0,6.6783231428256,5.623415332340303,7.498939925082745,0.18,0.158489,0.251189,0.338,0.3,0.4,0.448,0.4,0.5,18.4,0.284,0.0,1.0,True,0.01,0.95,10.0,39600.0,0.938,0.139
12610,1 - 1 - 2022,19800.0,6.700746227100382,5.623415332340303,7.498939925082745,0.185,0.158489,0.251189,0.337,0.3,0.4,0.551,0.5,0.6,17.4,0.276,0.967,1.0,True,0.01,0.95,10.0,39600.0,0.938,0.139
12611,1 - 1 - 2022,19800.0,6.782329983125268,5.623415332340303,7.498939925082745,0.177,0.158489,0.251189,0.348,0.3,0.4,0.648,0.6,0.7,11.6,0.226,0.0,1.0,True,0.01,0.95,10.0,39600.0,0.938,0.139
12612,1 - 1 - 2022,19800.0,6.663332499583072,5.623415332340303,7.498939925082745,0.195,0.158489,0.251189,0.34,0.3,0.4,0.75,0.7,0.8,11.6,0.226,0.0,1.0,True,0.01,0.95,10.0,39600.0,0.938,0.139
12613,1 - 1 - 2022,19800.0,6.700746227100382,5.623415332340303,7.498939925082745,0.198,0.158489,0.251189,0.345,0.3,0.4,0.837,0.8,0.9,9.68,0.206,0.0,1.0,True,0.01,0.95,10.0,39600.0,0.938,0.139
12614,1 - 1 - 2022,19800.0,6.892024376045111,5.623415332340303,7.498939925082745,0.197,0.158489,0.251189,0.341,0.3,0.4,0.958,0.9,1.0,7.74,0.184,0.0,1.0,True,0.01,0.95,10.0,39600.0,0.938,0.139
12615,1 - 1 - 2022,19800.0,6.826419266350405,5.623415332340303,7.498939925082745,0.192,0.158489,0.251189,0.351,0.3,0.4,1.2,1.0,1.5,1.94,0.0412,0.0,1.0,True,0.01,0.95,10.0,39600.0,0.938,0.139
12616,1 - 1 - 2022,19800.0,6.44980619863884,5.623415332340303,7.498939925082745,0.178,0.158489,0.251189,0.343,0.3,0.4,1.64,1.5,2.0,0.193,0.013,0.0,1.0,True,0.01,0.95,10.0,39600.0,0.938,0.139
12617,1 - 1 - 2022,19800.0,6.123724356957945,5.623415332340303,7.498939925082745,0.189,0.158489,0.251189,0.386,0.3,0.4,2.12,2.0,4.0,0.0484,0.00326,0.0,1.0,True,0.01,0.95,10.0,39600.0,0.938,0.139
12618,1 - 1 - 2022,19800.0,6.348228099241551,5.623415332340303,7.498939925082745,0.164,0.158489,0.251189,0.412,0.4,0.5,0.073,0.05,0.1,1.94,0.13,0.0,1.0,True,0.01,0.95,10.0,39600.0,0.938,0.139
12619,1 - 1 - 2022,19800.0,6.730527468185536,5.623415332340303,7.498939925082745,0.184,0.158489,0.251189,0.45,0.4,0.5,0.157,0.1,0.2,6.77,0.172,0.0,1.0,True,0.01,0.95,10.0,39600.0,0.938,0.139
12620,1 - 1 - 2022,19800.0,6.7379522111692065,5.623415332340303,7.498939925082745,0.182,0.158489,0.251189,0.447,0.4,0.5,0.259,0.2,0.3,12.6,0.235,0.0,1.0,True,0.01,0.95,10.0,39600.0,0.938,0.139
12621,1 - 1 - 2022,19800.0,6.957010852370434,5.623415332340303,7.498939925082745,0.19,0.158489,0.251189,0.444,0.4,0.5,0.353,0.3,0.4,5.81,0.16,0.0,1.0,True,0.01,0.95,10.0,39600.0,0.938,0.139
12622,1 - 1 - 2022,19800.0,6.6783231428256,5.623415332340303,7.498939925082745,0.191,0.158489,0.251189,0.44,0.4,0.5,0.44,0.4,0.5,5.81,0.16,0.0,1.0,True,0.01,0.95,10.0,39600.0,0.938,0.139
12623,1 - 1 - 2022,19800.0,6.663332499583072,5.623415332340303,7.498939925082745,0.182,0.158489,0.251189,0.457,0.4,0.5,0.551,0.5,0.6,7.74,0.184,0.0,1.0,True,0.01,0.95,10.0,39600.0,0.938,0.139
12624,1 - 1 - 2022,19800.0,6.387487769068525,5.623415332340303,7.498939925082745,0.18,0.158489,0.251189,0.456,0.4,0.5,0.65,0.6,0.7,5.81,0.16,0.0,1.0,True,0.01,0.95,10.0,39600.0,0.938,0.139
12625,1 - 1 - 2022,19800.0,6.723094525588644,5.623415332340303,7.498939925082745,0.187,0.158489,0.251189,0.442,0.4,0.5,0.739,0.7,0.8,6.77,0.172,0.0,1.0,True,0.01,0.95,10.0,39600.0,0.938,0.139
12626,1 - 1 - 2022,19800.0,7.078135347674555,5.623415332340303,7.498939925082745,0.188,0.158489,0.251189,0.436,0.4,0.5,0.842,0.8,0.9,2.9,0.113,0.0,1.0,True,0.01,0.95,10.0,39600.0,0.938,0.139
12627,1 - 1 - 2022,19800.0,7.014271166700073,5.623415332340303,7.498939925082745,0.22,0.158489,0.251189,0.443,0.4,0.5,0.921,0.9,1.0,2.9,0.113,0.0,1.0,True,0.01,0.95,10.0,39600.0,0.938,0.139
12628,1 - 1 - 2022,19800.0,6.670832032063167,5.623415332340303,7.498939925082745,0.188,0.158489,0.251189,0.429,0.4,0.5,1.23,1.0,1.5,0.968,0.0291,0.0,1.0,True,0.01,0.95,10.0,39600.0,0.938,0.139
12629,1 - 1 - 2022,19800.0,6.54217089351845,5.623415332340303,7.498939925082745,0.207,0.158489,0.251189,0.416,0.4,0.5,2.15,2.0,4.0,0.0484,0.00325,0.0,1.0,True,0.01,0.95,10.0,39600.0,0.938,0.139
12630,1 - 1 - 2022,19800.0,7.280109889280518,5.623415332340303,7.498939925082745,0.22,0.158489,0.251189,0.52,0.5,0.6,0.0738,0.05,0.1,3.87,0.184,0.0,1.0,True,0.01,0.95,10.0,39600.0,0.938,0.139
12631,1 - 1 - 2022,19800.0,7.106335201775948,5.623415332340303,7.498939925082745,0.19,0.158489,0.251189,0.523,0.5,0.6,0.126,0.1,0.2,1.93,0.0921,0.0,1.0,True,0.01,0.95,10.0,39600.0,0.938,0.139
12632,1 - 1 - 2022,19800.0,6.774953874381729,5.623415332340303,7.498939925082745,0.202,0.158489,0.251189,0.535,0.5,0.6,0.254,0.2,0.3,3.87,0.13,0.0,1.0,True,0.01,0.95,10.0,39600.0,0.938,0.139
12633,1 - 1 - 2022,19800.0,6.58027355054484,5.623415332340303,7.498939925082745,0.181,0.158489,0.251189,0.538,0.5,0.6,0.358,0.3,0.4,8.71,0.195,0.0,1.0,True,0.01,0.95,10.0,39600.0,0.938,0.139
12634,1 - 1 - 2022,19800.0,6.899275324264136,5.623415332340303,7.498939925082745,0.184,0.158489,0.251189,0.533,0.5,0.6,0.447,0.4,0.5,3.87,0.13,0.0,1.0,True,0.01,0.95,10.0,39600.0,0.938,0.139
12635,1 - 1 - 2022,19800.0,6.833739825307955,5.623415332340303,7.498939925082745,0.21,0.158489,0.251189,0.536,0.5,0.6,0.553,0.5,0.6,4.84,0.146,0.0,1.0,True,0.01,0.95,10.0,39600.0,0.938,0.139
12636,1 - 1 - 2022,19800.0,6.648308055437865,5.623415332340303,7.498939925082745,0.185,0.158489,0.251189,0.538,0.5,0.6,0.625,0.6,0.7,3.87,0.13,0.0,1.0,True,0.01,0.95,10.0,39600.0,0.938,0.139
12637,1 - 1 - 2022,19800.0,6.826419266350405,5.623415332340303,7.498939925082745,0.209,0.158489,0.251189,0.555,0.5,0.6,0.736,0.7,0.8,5.81,0.16,0.0,1.0,True,0.01,0.95,10.0,39600.0,0.938,0.139
12638,1 - 1 - 2022,19800.0,7.0,5.623415332340303,7.498939925082745,0.194,0.158489,0.251189,0.581,0.5,0.6,0.826,0.8,0.9,1.94,0.0921,0.0,1.0,True,0.01,0.95,10.0,39600.0,0.938,0.139
12639,1 - 1 - 2022,19800.0,6.587867636800241,5.623415332340303,7.498939925082745,0.173,0.158489,0.251189,0.534,0.5,0.6,0.93,0.9,1.0,1.94,0.0921,0.0,1.0,True,0.01,0.95,10.0,39600.0,0.938,0.139
12640,1 - 1 - 2022,19800.0,6.913754406977442,5.623415332340303,7.498939925082745,0.208,0.158489,0.251189,0.668,0.6,0.7,0.179,0.1,0.2,1.93,0.0921,0.0,1.0,True,0.01,0.95,10.0,39600.0,0.938,0.139
12641,1 - 1 - 2022,19800.0,6.899275324264136,5.623415332340303,7.498939925082745,0.195,0.158489,0.251189,0.645,0.6,0.7,0.277,0.2,0.3,2.9,0.113,0.0,1.0,True,0.01,0.95,10.0,39600.0,0.938,0.139
12642,1 - 1 - 2022,19800.0,6.371812928829597,5.623415332340303,7.498939925082745,0.188,0.158489,0.251189,0.648,0.6,0.7,0.382,0.3,0.4,3.87,0.13,0.0,1.0,True,0.01,0.95,10.0,39600.0,0.938,0.139
12643,1 - 1 - 2022,19800.0,6.276941930590086,5.623415332340303,7.498939925082745,0.174,0.158489,0.251189,0.627,0.6,0.7,0.442,0.4,0.5,2.9,0.113,0.0,1.0,True,0.01,0.95,10.0,39600.0,0.938,0.139
12644,1 - 1 - 2022,19800.0,6.434283176858165,5.623415332340303,7.498939925082745,0.199,0.158489,0.251189,0.678,0.6,0.7,0.544,0.5,0.6,1.93,0.0921,0.0,1.0,True,0.01,0.95,10.0,39600.0,0.938,0.139
12645,1 - 1 - 2022,19800.0,6.363961030678928,5.623415332340303,7.498939925082745,0.189,0.158489,0.251189,0.648,0.6,0.7,0.69,0.6,0.7,1.93,0.0921,0.0,1.0,True,0.01,0.95,10.0,39600.0,0.938,0.139
12646,1 - 1 - 2022,19800.0,5.683308895353129,5.623415332340303,7.498939925082745,0.161,0.158489,0.251189,0.698,0.6,0.7,0.778,0.7,0.8,0.967,0.0651,0.0,1.0,True,0.01,0.95,10.0,39600.0,0.938,0.139
12647,1 - 1 - 2022,19800.0,6.767569726275452,5.623415332340303,7.498939925082745,0.168,0.158489,0.251189,0.665,0.6,0.7,0.859,0.8,0.9,2.9,0.113,0.0,1.0,True,0.01,0.95,10.0,39600.0,0.938,0.139
12648,1 - 1 - 2022,19800.0,7.042726744663604,5.623415332340303,7.498939925082745,0.169,0.158489,0.251189,0.617,0.6,0.7,0.944,0.9,1.0,0.968,0.0651,0.0,1.0,True,0.01,0.95,10.0,39600.0,0.938,0.139
12649,1 - 1 - 2022,19800.0,6.978538528947161,5.623415332340303,7.498939925082745,0.172,0.158489,0.251189,0.691,0.6,0.7,1.07,1.0,1.5,0.193,0.013,0.0,1.0,True,0.01,0.95,10.0,39600.0,0.938,0.139
12650,1 - 1 - 2022,19800.0,6.610597552415364,5.623415332340303,7.498939925082745,0.171,0.158489,0.251189,0.718,0.7,0.8,0.247,0.2,0.3,2.9,0.113,0.0,1.0,True,0.01,0.95,10.0,39600.0,0.938,0.139
12651,1 - 1 - 2022,19800.0,6.782329983125268,5.623415332340303,7.498939925082745,0.175,0.158489,0.251189,0.75,0.7,0.8,0.371,0.3,0.4,1.93,0.0921,0.0,1.0,True,0.01,0.95,10.0,39600.0,0.938,0.139
12652,1 - 1 - 2022,19800.0,6.324555320336759,5.623415332340303,7.498939925082745,0.187,0.158489,0.251189,0.745,0.7,0.8,0.431,0.4,0.5,1.94,0.0921,0.0,1.0,True,0.01,0.95,10.0,39600.0,0.938,0.139
12653,1 - 1 - 2022,19800.0,6.371812928829597,5.623415332340303,7.498939925082745,0.172,0.158489,0.251189,0.726,0.7,0.8,0.926,0.9,1.0,0.967,0.0651,0.0,1.0,True,0.01,0.95,10.0,39600.0,0.938,0.139
12654,1 - 1 - 2022,19800.0,7.280109889280518,5.623415332340303,7.498939925082745,0.178,0.158489,0.251189,0.734,0.7,0.8,1.55,1.5,2.0,0.194,0.013,0.0,1.0,True,0.01,0.95,10.0,39600.0,0.938,0.139
12655,1 - 1 - 2022,19800.0,7.19027120489902,5.623415332340303,7.498939925082745,0.182,0.158489,0.251189,0.852,0.8,0.9,0.359,0.3,0.4,1.94,0.0921,0.0,1.0,True,0.01,0.95,10.0,39600.0,0.938,0.139
12656,1 - 1 - 2022,19800.0,6.496152707564686,5.623415332340303,7.498939925082745,0.176,0.158489,0.251189,0.852,0.8,0.9,0.563,0.5,0.6,1.94,0.0921,0.968,1.0,True,0.01,0.95,10.0,39600.0,0.938,0.139
12657,1 - 1 - 2022,19800.0,7.014271166700073,5.623415332340303,7.498939925082745,0.159,0.158489,0.251189,0.889,0.8,0.9,1.0,1.0,1.5,0.194,0.013,0.0,1.0,True,0.01,0.95,10.0,39600.0,0.938,0.139
12658,1 - 1 - 2022,19800.0,7.3484692283495345,5.623415332340303,7.498939925082745,0.256,0.251189,0.398107,0.0824,0.05,0.1,0.164,0.1,0.2,7.33,0.201,3.66,1.0,True,0.01,0.95,10.0,39600.0,0.938,0.139
12659,1 - 1 - 2022,19800.0,7.224956747275377,5.623415332340303,7.498939925082745,0.257,0.251189,0.398107,0.086,0.05,0.1,0.268,0.2,0.3,3.66,0.142,2.44,1.0,True,0.01,0.95,10.0,39600.0,0.938,0.139
12660,1 - 1 - 2022,19800.0,7.334848328356899,5.623415332340303,7.498939925082745,0.257,0.251189,0.398107,0.0766,0.05,0.1,0.337,0.3,0.4,4.88,0.164,3.66,1.0,True,0.01,0.95,10.0,39600.0,0.938,0.139
12661,1 - 1 - 2022,19800.0,7.341661937191061,5.623415332340303,7.498939925082745,0.262,0.251189,0.398107,0.0751,0.05,0.1,0.436,0.4,0.5,6.1,0.184,3.66,1.0,True,0.01,0.95,10.0,39600.0,0.938,0.139
12662,1 - 1 - 2022,19800.0,7.20416546173115,5.623415332340303,7.498939925082745,0.256,0.251189,0.398107,0.1,0.1,0.15,0.22,0.2,0.3,1.22,0.0822,0.0,1.0,True,0.01,0.95,10.0,39600.0,0.938,0.139
12663,1 - 1 - 2022,19800.0,7.293833011524188,5.623415332340303,7.498939925082745,0.264,0.251189,0.398107,0.113,0.1,0.15,0.33,0.3,0.4,2.44,0.116,0.0,1.0,True,0.01,0.95,10.0,39600.0,0.938,0.139
12664,1 - 1 - 2022,19800.0,7.3484692283495345,5.623415332340303,7.498939925082745,0.259,0.251189,0.398107,0.113,0.1,0.15,0.478,0.4,0.5,2.44,0.116,1.22,1.0,True,0.01,0.95,10.0,39600.0,0.938,0.139
12665,1 - 1 - 2022,19800.0,7.245688373094719,5.623415332340303,7.498939925082745,0.257,0.251189,0.398107,0.114,0.1,0.15,0.638,0.6,0.7,4.88,0.164,1.22,1.0,True,0.01,0.95,10.0,39600.0,0.938,0.139
12666,1 - 1 - 2022,19800.0,7.3006848993775915,5.623415332340303,7.498939925082745,0.267,0.251189,0.398107,0.119,0.1,0.15,0.735,0.7,0.8,2.44,0.116,1.22,1.0,True,0.01,0.95,10.0,39600.0,0.938,0.139
12667,1 - 1 - 2022,19800.0,7.307530362578044,5.623415332340303,7.498939925082745,0.26,0.251189,0.398107,0.155,0.15,0.2,0.284,0.2,0.3,1.22,0.0822,0.0,1.0,True,0.01,0.95,10.0,39600.0,0.938,0.139
12668,1 - 1 - 2022,19800.0,7.368853370776216,5.623415332340303,7.498939925082745,0.266,0.251189,0.398107,0.165,0.15,0.2,0.361,0.3,0.4,4.88,0.164,0.0,1.0,True,0.01,0.95,10.0,39600.0,0.938,0.139
12669,1 - 1 - 2022,19800.0,7.1693793315739685,5.623415332340303,7.498939925082745,0.256,0.251189,0.398107,0.162,0.15,0.2,0.443,0.4,0.5,2.44,0.116,0.0,1.0,True,0.01,0.95,10.0,39600.0,0.938,0.139
12670,1 - 1 - 2022,19800.0,7.286974680894672,5.623415332340303,7.498939925082745,0.257,0.251189,0.398107,0.171,0.15,0.2,0.558,0.5,0.6,1.22,0.0822,0.0,1.0,True,0.01,0.95,10.0,39600.0,0.938,0.139
12671,1 - 1 - 2022,19800.0,7.368853370776216,5.623415332340303,7.498939925082745,0.253,0.251189,0.398107,0.173,0.15,0.2,0.629,0.6,0.7,1.22,0.0822,0.0,1.0,True,0.01,0.95,10.0,39600.0,0.938,0.139
12672,1 - 1 - 2022,19800.0,7.362064927722384,5.623415332340303,7.498939925082745,0.263,0.251189,0.398107,0.196,0.15,0.2,1.33,1.0,1.5,0.244,0.0164,0.0,1.0,True,0.01,0.95,10.0,39600.0,0.938,0.139
12673,1 - 1 - 2022,19800.0,7.44983221287567,5.623415332340303,7.498939925082745,0.259,0.251189,0.398107,0.24,0.2,0.25,0.165,0.1,0.2,1.22,0.0822,0.0,1.0,True,0.01,0.95,10.0,39600.0,0.938,0.139
12674,1 - 1 - 2022,19800.0,7.402702209328699,5.623415332340303,7.498939925082745,0.253,0.251189,0.398107,0.227,0.2,0.25,0.295,0.2,0.3,1.22,0.0822,0.0,1.0,True,0.01,0.95,10.0,39600.0,0.938,0.139
12675,1 - 1 - 2022,19800.0,7.252585745787498,5.623415332340303,7.498939925082745,0.263,0.251189,0.398107,0.221,0.2,0.25,0.363,0.3,0.4,1.22,0.0822,0.0,1.0,True,0.01,0.95,10.0,39600.0,0.938,0.139
12676,1 - 1 - 2022,19800.0,7.436396977031283,5.623415332340303,7.498939925082745,0.263,0.251189,0.398107,0.215,0.2,0.25,0.537,0.5,0.6,3.66,0.142,0.0,1.0,True,0.01,0.95,10.0,39600.0,0.938,0.139
12677,1 - 1 - 2022,19800.0,7.422937423958254,5.623415332340303,7.498939925082745,0.269,0.251189,0.398107,0.227,0.2,0.25,0.605,0.6,0.7,1.22,0.0822,0.0,1.0,True,0.01,0.95,10.0,39600.0,0.938,0.139
12678,1 - 1 - 2022,19800.0,7.26636084983398,5.623415332340303,7.498939925082745,0.26,0.251189,0.398107,0.224,0.2,0.25,0.787,0.7,0.8,1.22,0.0821,0.0,1.0,True,0.01,0.95,10.0,39600.0,0.938,0.139
12679,1 - 1 - 2022,19800.0,7.092249290598858,5.623415332340303,7.498939925082745,0.252,0.251189,0.398107,0.288,0.25,0.3,0.196,0.1,0.2,1.22,0.0822,0.0,1.0,True,0.01,0.95,10.0,39600.0,0.938,0.139
12680,1 - 1 - 2022,19800.0,7.44983221287567,5.623415332340303,7.498939925082745,0.274,0.251189,0.398107,0.254,0.25,0.3,0.237,0.2,0.3,1.22,0.0822,0.0,1.0,True,0.01,0.95,10.0,39600.0,0.938,0.139
12681,1 - 1 - 2022,19800.0,7.259476565152615,5.623415332340303,7.498939925082745,0.258,0.251189,0.398107,0.292,0.25,0.3,0.494,0.4,0.5,1.22,0.0822,0.0,1.0,True,0.01,0.95,10.0,39600.0,0.938,0.139
12682,1 - 1 - 2022,19800.0,7.238784428341543,5.623415332340303,7.498939925082745,0.262,0.251189,0.398107,0.28,0.25,0.3,0.669,0.6,0.7,1.22,0.0822,0.0,1.0,True,0.01,0.95,10.0,39600.0,0.938,0.139
12683,1 - 1 - 2022,19800.0,7.085195833567341,5.623415332340303,7.498939925082745,0.252,0.251189,0.398107,0.302,0.3,0.4,0.185,0.1,0.2,0.61,0.0411,0.0,1.0,True,0.01,0.95,10.0,39600.0,0.938,0.139
12684,1 - 1 - 2022,19800.0,7.3006848993775915,5.623415332340303,7.498939925082745,0.26,0.251189,0.398107,0.312,0.3,0.4,0.324,0.3,0.4,0.611,0.0411,0.0,1.0,True,0.01,0.95,10.0,39600.0,0.938,0.139
12685,1 - 1 - 2022,19800.0,7.26636084983398,5.623415332340303,7.498939925082745,0.263,0.251189,0.398107,0.32,0.3,0.4,0.578,0.5,0.6,0.61,0.0411,0.0,1.0,True,0.01,0.95,10.0,39600.0,0.938,0.139
12686,1 - 1 - 2022,19800.0,7.489993324429602,5.623415332340303,7.498939925082745,0.277,0.251189,0.398107,0.343,0.3,0.4,0.635,0.6,0.7,0.611,0.0411,0.0,1.0,True,0.01,0.95,10.0,39600.0,0.938,0.139
12687,1 - 1 - 2022,19800.0,7.469939758793239,5.623415332340303,7.498939925082745,0.275,0.251189,0.398107,0.449,0.4,0.5,0.216,0.2,0.3,0.61,0.0411,0.0,1.0,True,0.01,0.95,10.0,39600.0,0.938,0.139
12688,1 - 1 - 2022,19800.0,7.422937423958254,5.623415332340303,7.498939925082745,0.274,0.251189,0.398107,0.528,0.5,0.6,0.776,0.7,0.8,0.61,0.0411,0.0,1.0,True,0.01,0.95,10.0,39600.0,0.938,0.139
12689,1 - 1 - 2022,19800.0,7.861297602813418,7.498939925082745,10.0,0.00363,0.00251189,0.00398107,0.014,0.0,0.05,0.153,0.1,0.2,9750.0,55.1,8510.0,1.0,True,0.01,0.95,10.0,39600.0,0.938,0.139
12690,1 - 1 - 2022,19800.0,7.848566748139434,7.498939925082745,10.0,0.0036,0.00251189,0.00398107,0.0152,0.0,0.05,0.252,0.2,0.3,15300.0,69.0,11300.0,1.0,True,0.01,0.95,10.0,39600.0,0.938,0.139
12691,1 - 1 - 2022,19800.0,7.842193570679061,7.498939925082745,10.0,0.00361,0.00251189,0.00398107,0.013,0.0,0.05,0.351,0.3,0.4,14000.0,66.0,8650.0,1.0,True,0.01,0.95,10.0,39600.0,0.938,0.139
12692,1 - 1 - 2022,19800.0,7.861297602813418,7.498939925082745,10.0,0.00361,0.00251189,0.00398107,0.015,0.0,0.05,0.449,0.4,0.5,13800.0,65.5,7690.0,1.0,True,0.01,0.95,10.0,39600.0,0.938,0.139
12693,1 - 1 - 2022,19800.0,7.867655305108378,7.498939925082745,10.0,0.00361,0.00251189,0.00398107,0.0137,0.0,0.05,0.548,0.5,0.6,11900.0,60.8,3980.0,1.0,True,0.01,0.95,10.0,39600.0,0.938,0.139
12694,1 - 1 - 2022,19800.0,7.848566748139434,7.498939925082745,10.0,0.00359,0.00251189,0.00398107,0.0159,0.0,0.05,0.651,0.6,0.7,8310.0,50.8,3160.0,1.0,True,0.01,0.95,10.0,39600.0,0.938,0.139
12695,1 - 1 - 2022,19800.0,7.784600182411426,7.498939925082745,10.0,0.00357,0.00251189,0.00398107,0.0153,0.0,0.05,0.745,0.7,0.8,4940.0,39.2,1170.0,1.0,True,0.01,0.95,10.0,39600.0,0.938,0.139
12696,1 - 1 - 2022,19800.0,7.912016177940993,7.498939925082745,10.0,0.00365,0.00251189,0.00398107,0.0177,0.0,0.05,0.847,0.8,0.9,3980.0,35.2,892.0,1.0,True,0.01,0.95,10.0,39600.0,0.938,0.139
12697,1 - 1 - 2022,19800.0,7.861297602813418,7.498939925082745,10.0,0.00362,0.00251189,0.00398107,0.0185,0.0,0.05,0.947,0.9,1.0,2950.0,30.3,206.0,1.0,True,0.01,0.95,10.0,39600.0,0.938,0.139
12698,1 - 1 - 2022,19800.0,7.784600182411426,7.498939925082745,10.0,0.00358,0.00251189,0.00398107,0.0198,0.0,0.05,1.17,1.0,1.5,673.0,6.47,27.5,1.0,True,0.01,0.95,10.0,39600.0,0.938,0.139
12699,1 - 1 - 2022,19800.0,7.8230428862431785,7.498939925082745,10.0,0.00371,0.00251189,0.00398107,0.0275,0.0,0.05,1.75,1.5,2.0,137.0,2.92,0.0,1.0,True,0.01,0.95,10.0,39600.0,0.938,0.139
12700,1 - 1 - 2022,19800.0,7.905694150420948,7.498939925082745,10.0,0.00359,0.00251189,0.00398107,0.032,0.0,0.05,2.8,2.0,4.0,37.8,0.766,6.87,1.0,True,0.01,0.95,10.0,39600.0,0.938,0.139
12701,1 - 1 - 2022,19800.0,7.810249675906654,7.498939925082745,10.0,0.00356,0.00251189,0.00398107,0.0719,0.05,0.1,0.16,0.1,0.2,2330.0,26.9,2270.0,1.0,True,0.01,0.95,10.0,39600.0,0.938,0.139
12702,1 - 1 - 2022,19800.0,7.803845206050668,7.498939925082745,10.0,0.00365,0.00251189,0.00398107,0.0741,0.05,0.1,0.356,0.3,0.4,3570.0,33.3,3360.0,1.0,True,0.01,0.95,10.0,39600.0,0.938,0.139
12703,1 - 1 - 2022,19800.0,7.842193570679061,7.498939925082745,10.0,0.00363,0.00251189,0.00398107,0.0713,0.05,0.1,0.448,0.4,0.5,2950.0,30.3,2680.0,1.0,True,0.01,0.95,10.0,39600.0,0.938,0.139
12704,1 - 1 - 2022,19800.0,7.842193570679061,7.498939925082745,10.0,0.0036,0.00251189,0.00398107,0.0725,0.05,0.1,0.558,0.5,0.6,2330.0,26.9,1720.0,1.0,True,0.01,0.95,10.0,39600.0,0.938,0.139
12705,1 - 1 - 2022,19800.0,7.848566748139434,7.498939925082745,10.0,0.0036,0.00251189,0.00398107,0.0689,0.05,0.1,0.654,0.6,0.7,2470.0,27.7,1370.0,1.0,True,0.01,0.95,10.0,39600.0,0.938,0.139
12706,1 - 1 - 2022,19800.0,7.987490219086343,7.498939925082745,10.0,0.0037,0.00251189,0.00398107,0.0738,0.05,0.1,0.744,0.7,0.8,1370.0,20.7,618.0,1.0,True,0.01,0.95,10.0,39600.0,0.938,0.139
12707,1 - 1 - 2022,19800.0,7.874007874011811,7.498939925082745,10.0,0.00368,0.00251189,0.00398107,0.0747,0.05,0.1,0.856,0.8,0.9,824.0,16.0,137.0,1.0,True,0.01,0.95,10.0,39600.0,0.938,0.139
12708,1 - 1 - 2022,19800.0,7.905694150420948,7.498939925082745,10.0,0.00369,0.00251189,0.00398107,0.067,0.05,0.1,0.94,0.9,1.0,1370.0,20.7,137.0,1.0,True,0.01,0.95,10.0,39600.0,0.938,0.139
12709,1 - 1 - 2022,19800.0,7.886697661252142,7.498939925082745,10.0,0.00373,0.00251189,0.00398107,0.075,0.05,0.1,1.22,1.0,1.5,453.0,5.31,13.7,1.0,True,0.01,0.95,10.0,39600.0,0.938,0.139
12710,1 - 1 - 2022,19800.0,7.874007874011811,7.498939925082745,10.0,0.0036,0.00251189,0.00398107,0.0699,0.05,0.1,1.73,1.5,2.0,233.0,3.81,0.0,1.0,True,0.01,0.95,10.0,39600.0,0.938,0.139
12711,1 - 1 - 2022,19800.0,7.854934754662192,7.498939925082745,10.0,0.00346,0.00251189,0.00398107,0.0843,0.05,0.1,2.42,2.0,4.0,17.2,0.517,0.0,1.0,True,0.01,0.95,10.0,39600.0,0.938,0.139
12712,1 - 1 - 2022,19800.0,7.886697661252142,7.498939925082745,10.0,0.00365,0.00251189,0.00398107,0.122,0.1,0.15,0.0717,0.05,0.1,549.0,18.5,275.0,1.0,True,0.01,0.95,10.0,39600.0,0.938,0.139
12713,1 - 1 - 2022,19800.0,7.848566748139434,7.498939925082745,10.0,0.00357,0.00251189,0.00398107,0.12,0.1,0.15,0.152,0.1,0.2,1720.0,23.1,137.0,1.0,True,0.01,0.95,10.0,39600.0,0.938,0.139
12714,1 - 1 - 2022,19800.0,7.803845206050668,7.498939925082745,10.0,0.00355,0.00251189,0.00398107,0.127,0.1,0.15,0.25,0.2,0.3,2400.0,27.3,137.0,1.0,True,0.01,0.95,10.0,39600.0,0.938,0.139
12715,1 - 1 - 2022,19800.0,7.816648898345122,7.498939925082745,10.0,0.0036,0.00251189,0.00398107,0.122,0.1,0.15,0.356,0.3,0.4,1720.0,23.1,275.0,1.0,True,0.01,0.95,10.0,39600.0,0.938,0.139
12716,1 - 1 - 2022,19800.0,7.918333157931662,7.498939925082745,10.0,0.00363,0.00251189,0.00398107,0.124,0.1,0.15,0.445,0.4,0.5,2130.0,25.7,137.0,1.0,True,0.01,0.95,10.0,39600.0,0.938,0.139
12717,1 - 1 - 2022,19800.0,7.7781745930520225,7.498939925082745,10.0,0.00354,0.00251189,0.00398107,0.126,0.1,0.15,0.549,0.5,0.6,1240.0,19.6,68.7,1.0,True,0.01,0.95,10.0,39600.0,0.938,0.139
12718,1 - 1 - 2022,19800.0,7.797435475847171,7.498939925082745,10.0,0.00358,0.00251189,0.00398107,0.122,0.1,0.15,0.649,0.6,0.7,1790.0,23.6,343.0,1.0,True,0.01,0.95,10.0,39600.0,0.938,0.139
12719,1 - 1 - 2022,19800.0,7.797435475847171,7.498939925082745,10.0,0.00358,0.00251189,0.00398107,0.124,0.1,0.15,0.761,0.7,0.8,687.0,14.6,68.6,1.0,True,0.01,0.95,10.0,39600.0,0.938,0.139
12720,1 - 1 - 2022,19800.0,7.893034904268446,7.498939925082745,10.0,0.00363,0.00251189,0.00398107,0.125,0.1,0.15,0.844,0.8,0.9,1440.0,21.2,68.7,1.0,True,0.01,0.95,10.0,39600.0,0.938,0.139
12721,1 - 1 - 2022,19800.0,7.880355321938218,7.498939925082745,10.0,0.00365,0.00251189,0.00398107,0.129,0.1,0.15,0.943,0.9,1.0,549.0,13.1,0.0,1.0,True,0.01,0.95,10.0,39600.0,0.938,0.139
12722,1 - 1 - 2022,19800.0,7.829431652425353,7.498939925082745,10.0,0.00353,0.00251189,0.00398107,0.116,0.1,0.15,1.19,1.0,1.5,233.0,3.81,0.0,1.0,True,0.01,0.95,10.0,39600.0,0.938,0.139
12723,1 - 1 - 2022,19800.0,7.810249675906654,7.498939925082745,10.0,0.00349,0.00251189,0.00398107,0.12,0.1,0.15,1.69,1.5,2.0,179.0,3.33,0.0,1.0,True,0.01,0.95,10.0,39600.0,0.938,0.139
12724,1 - 1 - 2022,19800.0,8.068457101577723,7.498939925082745,10.0,0.00324,0.00251189,0.00398107,0.127,0.1,0.15,2.01,2.0,4.0,3.43,0.231,0.0,1.0,True,0.01,0.95,10.0,39600.0,0.938,0.139
12725,1 - 1 - 2022,19800.0,7.771743691090179,7.498939925082745,10.0,0.00336,0.00251189,0.00398107,0.185,0.15,0.2,0.00698,0.0,0.05,275.0,13.1,0.0,1.0,True,0.01,0.95,10.0,39600.0,0.938,0.139
12726,1 - 1 - 2022,19800.0,7.687652437513028,7.498939925082745,10.0,0.00352,0.00251189,0.00398107,0.184,0.15,0.2,0.0788,0.05,0.1,412.0,16.0,0.0,1.0,True,0.01,0.95,10.0,39600.0,0.938,0.139
12727,1 - 1 - 2022,19800.0,8.043631020876083,7.498939925082745,10.0,0.00372,0.00251189,0.00398107,0.177,0.15,0.2,0.152,0.1,0.2,1240.0,19.6,0.0,1.0,True,0.01,0.95,10.0,39600.0,0.938,0.139
12728,1 - 1 - 2022,19800.0,7.974960814950754,7.498939925082745,10.0,0.00372,0.00251189,0.00398107,0.175,0.15,0.2,0.248,0.2,0.3,1300.0,20.1,68.6,1.0,True,0.01,0.95,10.0,39600.0,0.938,0.139
12729,1 - 1 - 2022,19800.0,7.8230428862431785,7.498939925082745,10.0,0.00364,0.00251189,0.00398107,0.17,0.15,0.2,0.337,0.3,0.4,1240.0,19.6,206.0,1.0,True,0.01,0.95,10.0,39600.0,0.938,0.139
12730,1 - 1 - 2022,19800.0,7.791020472312982,7.498939925082745,10.0,0.00355,0.00251189,0.00398107,0.176,0.15,0.2,0.447,0.4,0.5,1510.0,21.7,68.7,1.0,True,0.01,0.95,10.0,39600.0,0.938,0.139
12731,1 - 1 - 2022,19800.0,7.880355321938218,7.498939925082745,10.0,0.00357,0.00251189,0.00398107,0.174,0.15,0.2,0.538,0.5,0.6,1790.0,23.6,0.0,1.0,True,0.01,0.95,10.0,39600.0,0.938,0.139
12732,1 - 1 - 2022,19800.0,7.835815209663893,7.498939925082745,10.0,0.00354,0.00251189,0.00398107,0.172,0.15,0.2,0.649,0.6,0.7,1300.0,20.1,0.0,1.0,True,0.01,0.95,10.0,39600.0,0.938,0.139
12733,1 - 1 - 2022,19800.0,8.018728078691781,7.498939925082745,10.0,0.00368,0.00251189,0.00398107,0.174,0.15,0.2,0.74,0.7,0.8,824.0,16.0,0.0,1.0,True,0.01,0.95,10.0,39600.0,0.938,0.139
12734,1 - 1 - 2022,19800.0,8.136338242723197,7.498939925082745,10.0,0.00381,0.00251189,0.00398107,0.176,0.15,0.2,0.854,0.8,0.9,549.0,13.1,0.0,1.0,True,0.01,0.95,10.0,39600.0,0.938,0.139
12735,1 - 1 - 2022,19800.0,7.803845206050668,7.498939925082745,10.0,0.00363,0.00251189,0.00398107,0.18,0.15,0.2,0.961,0.9,1.0,481.0,12.2,0.0,1.0,True,0.01,0.95,10.0,39600.0,0.938,0.139
12736,1 - 1 - 2022,19800.0,7.842193570679061,7.498939925082745,10.0,0.00358,0.00251189,0.00398107,0.173,0.15,0.2,1.19,1.0,1.5,206.0,3.58,0.0,1.0,True,0.01,0.95,10.0,39600.0,0.938,0.139
12737,1 - 1 - 2022,19800.0,7.791020472312982,7.498939925082745,10.0,0.00353,0.00251189,0.00398107,0.171,0.15,0.2,1.65,1.5,2.0,137.0,2.92,0.0,1.0,True,0.01,0.95,10.0,39600.0,0.938,0.139
12738,1 - 1 - 2022,19800.0,8.228000972289685,7.498939925082745,10.0,0.00359,0.00251189,0.00398107,0.179,0.15,0.2,2.49,2.0,4.0,24.0,0.611,3.43,1.0,True,0.01,0.95,10.0,39600.0,0.938,0.139
12739,1 - 1 - 2022,19800.0,7.905694150420948,7.498939925082745,10.0,0.00359,0.00251189,0.00398107,0.239,0.2,0.25,0.0301,0.0,0.05,275.0,13.1,0.0,1.0,True,0.01,0.95,10.0,39600.0,0.938,0.139
12740,1 - 1 - 2022,19800.0,7.867655305108378,7.498939925082745,10.0,0.00371,0.00251189,0.00398107,0.233,0.2,0.25,0.0854,0.05,0.1,412.0,16.0,0.0,1.0,True,0.01,0.95,10.0,39600.0,0.938,0.139
12741,1 - 1 - 2022,19800.0,7.867655305108378,7.498939925082745,10.0,0.00368,0.00251189,0.00398107,0.215,0.2,0.25,0.145,0.1,0.2,618.0,13.9,0.0,1.0,True,0.01,0.95,10.0,39600.0,0.938,0.139
12742,1 - 1 - 2022,19800.0,7.803845206050668,7.498939925082745,10.0,0.0036,0.00251189,0.00398107,0.222,0.2,0.25,0.244,0.2,0.3,755.0,15.3,0.0,1.0,True,0.01,0.95,10.0,39600.0,0.938,0.139
12743,1 - 1 - 2022,19800.0,7.784600182411426,7.498939925082745,10.0,0.00363,0.00251189,0.00398107,0.224,0.2,0.25,0.362,0.3,0.4,618.0,13.9,68.7,1.0,True,0.01,0.95,10.0,39600.0,0.938,0.139
12744,1 - 1 - 2022,19800.0,7.968688725254614,7.498939925082745,10.0,0.0037,0.00251189,0.00398107,0.226,0.2,0.25,0.445,0.4,0.5,549.0,13.1,137.0,1.0,True,0.01,0.95,10.0,39600.0,0.938,0.139
12745,1 - 1 - 2022,19800.0,7.880355321938218,7.498939925082745,10.0,0.00353,0.00251189,0.00398107,0.223,0.2,0.25,0.562,0.5,0.6,618.0,13.9,0.0,1.0,True,0.01,0.95,10.0,39600.0,0.938,0.139
12746,1 - 1 - 2022,19800.0,7.803845206050668,7.498939925082745,10.0,0.00368,0.00251189,0.00398107,0.219,0.2,0.25,0.649,0.6,0.7,687.0,14.6,68.6,1.0,True,0.01,0.95,10.0,39600.0,0.938,0.139
12747,1 - 1 - 2022,19800.0,7.893034904268446,7.498939925082745,10.0,0.00355,0.00251189,0.00398107,0.217,0.2,0.25,0.753,0.7,0.8,687.0,14.6,0.0,1.0,True,0.01,0.95,10.0,39600.0,0.938,0.139
12748,1 - 1 - 2022,19800.0,7.797435475847171,7.498939925082745,10.0,0.00361,0.00251189,0.00398107,0.224,0.2,0.25,0.856,0.8,0.9,412.0,11.3,0.0,1.0,True,0.01,0.95,10.0,39600.0,0.938,0.139
12749,1 - 1 - 2022,19800.0,8.043631020876083,7.498939925082745,10.0,0.00366,0.00251189,0.00398107,0.22,0.2,0.25,0.944,0.9,1.0,275.0,9.24,0.0,1.0,True,0.01,0.95,10.0,39600.0,0.938,0.139
12750,1 - 1 - 2022,19800.0,7.835815209663893,7.498939925082745,10.0,0.00379,0.00251189,0.00398107,0.22,0.2,0.25,1.17,1.0,1.5,137.0,2.92,13.7,1.0,True,0.01,0.95,10.0,39600.0,0.938,0.139
12751,1 - 1 - 2022,19800.0,8.099382692526634,7.498939925082745,10.0,0.00372,0.00251189,0.00398107,0.229,0.2,0.25,1.8,1.5,2.0,68.7,2.07,0.0,1.0,True,0.01,0.95,10.0,39600.0,0.938,0.139
12752,1 - 1 - 2022,19800.0,8.258329128825032,7.498939925082745,10.0,0.00351,0.00251189,0.00398107,0.224,0.2,0.25,3.32,2.0,4.0,6.86,0.327,3.43,1.0,True,0.01,0.95,10.0,39600.0,0.938,0.139
12753,1 - 1 - 2022,19800.0,7.861297602813418,7.498939925082745,10.0,0.00361,0.00251189,0.00398107,0.293,0.25,0.3,0.153,0.1,0.2,68.7,4.62,0.0,1.0,True,0.01,0.95,10.0,39600.0,0.938,0.139
12754,1 - 1 - 2022,19800.0,7.76530746332687,7.498939925082745,10.0,0.00361,0.00251189,0.00398107,0.278,0.25,0.3,0.271,0.2,0.3,893.0,16.7,68.7,1.0,True,0.01,0.95,10.0,39600.0,0.938,0.139
12755,1 - 1 - 2022,19800.0,7.874007874011811,7.498939925082745,10.0,0.00372,0.00251189,0.00398107,0.273,0.25,0.3,0.35,0.3,0.4,206.0,8.0,0.0,1.0,True,0.01,0.95,10.0,39600.0,0.938,0.139
12756,1 - 1 - 2022,19800.0,8.031189202104505,7.498939925082745,10.0,0.00376,0.00251189,0.00398107,0.272,0.25,0.3,0.477,0.4,0.5,275.0,9.24,0.0,1.0,True,0.01,0.95,10.0,39600.0,0.938,0.139
12757,1 - 1 - 2022,19800.0,7.752418977325722,7.498939925082745,10.0,0.00359,0.00251189,0.00398107,0.27,0.25,0.3,0.568,0.5,0.6,687.0,14.6,0.0,1.0,True,0.01,0.95,10.0,39600.0,0.938,0.139
12758,1 - 1 - 2022,19800.0,7.661592523751182,7.498939925082745,10.0,0.00362,0.00251189,0.00398107,0.284,0.25,0.3,0.646,0.6,0.7,137.0,6.54,0.0,1.0,True,0.01,0.95,10.0,39600.0,0.938,0.139
12759,1 - 1 - 2022,19800.0,7.700649323271382,7.498939925082745,10.0,0.00356,0.00251189,0.00398107,0.28,0.25,0.3,0.756,0.7,0.8,412.0,11.3,206.0,1.0,True,0.01,0.95,10.0,39600.0,0.938,0.139
12760,1 - 1 - 2022,19800.0,8.148619514985345,7.498939925082745,10.0,0.00388,0.00251189,0.00398107,0.254,0.25,0.3,0.827,0.8,0.9,68.7,4.62,0.0,1.0,True,0.01,0.95,10.0,39600.0,0.938,0.139
12761,1 - 1 - 2022,19800.0,7.962411694957753,7.498939925082745,10.0,0.00369,0.00251189,0.00398107,0.295,0.25,0.3,0.936,0.9,1.0,137.0,6.54,0.0,1.0,True,0.01,0.95,10.0,39600.0,0.938,0.139
12762,1 - 1 - 2022,19800.0,7.854934754662192,7.498939925082745,10.0,0.00357,0.00251189,0.00398107,0.274,0.25,0.3,1.14,1.0,1.5,206.0,3.58,0.0,1.0,True,0.01,0.95,10.0,39600.0,0.938,0.139
12763,1 - 1 - 2022,19800.0,7.981227975693966,7.498939925082745,10.0,0.00379,0.00251189,0.00398107,0.285,0.25,0.3,1.68,1.5,2.0,54.9,1.85,0.0,1.0,True,0.01,0.95,10.0,39600.0,0.938,0.139
12764,1 - 1 - 2022,19800.0,8.342661445845684,7.498939925082745,10.0,0.00366,0.00251189,0.00398107,0.281,0.25,0.3,2.9,2.0,4.0,10.3,0.4,3.43,1.0,True,0.01,0.95,10.0,39600.0,0.938,0.139
12765,1 - 1 - 2022,19800.0,7.810249675906654,7.498939925082745,10.0,0.00367,0.00251189,0.00398107,0.324,0.3,0.4,0.179,0.1,0.2,137.0,4.62,34.3,1.0,True,0.01,0.95,10.0,39600.0,0.938,0.139
12766,1 - 1 - 2022,19800.0,7.874007874011811,7.498939925082745,10.0,0.00377,0.00251189,0.00398107,0.345,0.3,0.4,0.254,0.2,0.3,309.0,6.93,206.0,1.0,True,0.01,0.95,10.0,39600.0,0.938,0.139
12767,1 - 1 - 2022,19800.0,7.905694150420948,7.498939925082745,10.0,0.00374,0.00251189,0.00398107,0.343,0.3,0.4,0.34,0.3,0.4,275.0,6.53,206.0,1.0,True,0.01,0.95,10.0,39600.0,0.938,0.139
12768,1 - 1 - 2022,19800.0,7.880355321938218,7.498939925082745,10.0,0.00355,0.00251189,0.00398107,0.337,0.3,0.4,0.46,0.4,0.5,240.0,6.11,206.0,1.0,True,0.01,0.95,10.0,39600.0,0.938,0.139
12769,1 - 1 - 2022,19800.0,7.622335600063802,7.498939925082745,10.0,0.00369,0.00251189,0.00398107,0.349,0.3,0.4,0.551,0.5,0.6,206.0,5.66,68.7,1.0,True,0.01,0.95,10.0,39600.0,0.938,0.139
12770,1 - 1 - 2022,19800.0,7.962411694957753,7.498939925082745,10.0,0.00371,0.00251189,0.00398107,0.346,0.3,0.4,0.634,0.6,0.7,206.0,5.66,103.0,1.0,True,0.01,0.95,10.0,39600.0,0.938,0.139
12771,1 - 1 - 2022,19800.0,7.956129712366434,7.498939925082745,10.0,0.00365,0.00251189,0.00398107,0.327,0.3,0.4,0.751,0.7,0.8,137.0,4.62,68.6,1.0,True,0.01,0.95,10.0,39600.0,0.938,0.139
12772,1 - 1 - 2022,19800.0,7.739509028355739,7.498939925082745,10.0,0.00352,0.00251189,0.00398107,0.332,0.3,0.4,0.837,0.8,0.9,137.0,4.62,68.7,1.0,True,0.01,0.95,10.0,39600.0,0.938,0.139
12773,1 - 1 - 2022,19800.0,7.893034904268446,7.498939925082745,10.0,0.00359,0.00251189,0.00398107,0.338,0.3,0.4,1.19,1.0,1.5,75.5,1.53,61.8,1.0,True,0.01,0.95,10.0,39600.0,0.938,0.139
12774,1 - 1 - 2022,19800.0,7.58946638440411,7.498939925082745,10.0,0.0034,0.00251189,0.00398107,0.351,0.3,0.4,1.7,1.5,2.0,27.5,0.924,20.6,1.0,True,0.01,0.95,10.0,39600.0,0.938,0.139
12775,1 - 1 - 2022,19800.0,8.514693182963201,7.498939925082745,10.0,0.00517,0.00398107,0.00630957,0.0167,0.0,0.05,0.0791,0.05,0.1,13900.0,74.0,13800.0,1.0,True,0.01,0.95,10.0,39600.0,0.938,0.139
12776,1 - 1 - 2022,19800.0,8.46758525200662,7.498939925082745,10.0,0.00515,0.00398107,0.00630957,0.0152,0.0,0.05,0.155,0.1,0.2,30200.0,76.9,26000.0,1.0,True,0.01,0.95,10.0,39600.0,0.938,0.139
12777,1 - 1 - 2022,19800.0,8.473488065725943,7.498939925082745,10.0,0.00513,0.00398107,0.00630957,0.0143,0.0,0.05,0.251,0.2,0.3,38200.0,86.6,28700.0,1.0,True,0.01,0.95,10.0,39600.0,0.938,0.139
12778,1 - 1 - 2022,19800.0,8.461678320522472,7.498939925082745,10.0,0.00514,0.00398107,0.00630957,0.014,0.0,0.05,0.349,0.3,0.4,43400.0,92.3,27000.0,1.0,True,0.01,0.95,10.0,39600.0,0.938,0.139
12779,1 - 1 - 2022,19800.0,8.455767262643882,7.498939925082745,10.0,0.00511,0.00398107,0.00630957,0.0143,0.0,0.05,0.449,0.4,0.5,36900.0,85.1,18300.0,1.0,True,0.01,0.95,10.0,39600.0,0.938,0.139
12780,1 - 1 - 2022,19800.0,8.438009243891594,7.498939925082745,10.0,0.00515,0.00398107,0.00630957,0.0144,0.0,0.05,0.547,0.5,0.6,29300.0,75.8,11200.0,1.0,True,0.01,0.95,10.0,39600.0,0.938,0.139
12781,1 - 1 - 2022,19800.0,8.455767262643882,7.498939925082745,10.0,0.00515,0.00398107,0.00630957,0.0157,0.0,0.05,0.646,0.6,0.7,20200.0,62.9,6930.0,1.0,True,0.01,0.95,10.0,39600.0,0.938,0.139
12782,1 - 1 - 2022,19800.0,8.438009243891594,7.498939925082745,10.0,0.00518,0.00398107,0.00630957,0.0165,0.0,0.05,0.745,0.7,0.8,16200.0,56.5,3640.0,1.0,True,0.01,0.95,10.0,39600.0,0.938,0.139
12783,1 - 1 - 2022,19800.0,8.48528137423857,7.498939925082745,10.0,0.00516,0.00398107,0.00630957,0.0163,0.0,0.05,0.842,0.8,0.9,10600.0,45.5,1950.0,1.0,True,0.01,0.95,10.0,39600.0,0.938,0.139
12784,1 - 1 - 2022,19800.0,8.473488065725943,7.498939925082745,10.0,0.00517,0.00398107,0.00630957,0.0194,0.0,0.05,0.944,0.9,1.0,6760.0,36.4,1130.0,1.0,True,0.01,0.95,10.0,39600.0,0.938,0.139
12785,1 - 1 - 2022,19800.0,8.461678320522472,7.498939925082745,10.0,0.00515,0.00398107,0.00630957,0.0215,0.0,0.05,1.18,1.0,1.5,2040.0,8.94,113.0,1.0,True,0.01,0.95,10.0,39600.0,0.938,0.139
12786,1 - 1 - 2022,19800.0,8.44393273303382,7.498939925082745,10.0,0.00506,0.00398107,0.00630957,0.0279,0.0,0.05,1.68,1.5,2.0,286.0,3.35,8.67,1.0,True,0.01,0.95,10.0,39600.0,0.938,0.139
12787,1 - 1 - 2022,19800.0,8.306623862918075,7.498939925082745,10.0,0.00513,0.00398107,0.00630957,0.0345,0.0,0.05,2.4,2.0,4.0,26.0,0.505,0.0,1.0,True,0.01,0.95,10.0,39600.0,0.938,0.139
12788,1 - 1 - 2022,19800.0,8.408329203831164,7.498939925082745,10.0,0.00529,0.00398107,0.00630957,0.0764,0.05,0.1,0.032,0.0,0.05,1650.0,25.4,1560.0,1.0,True,0.01,0.95,10.0,39600.0,0.938,0.139
12789,1 - 1 - 2022,19800.0,8.396427811873332,7.498939925082745,10.0,0.00516,0.00398107,0.00630957,0.0732,0.05,0.1,0.0763,0.05,0.1,3470.0,36.9,3210.0,1.0,True,0.01,0.95,10.0,39600.0,0.938,0.139
12790,1 - 1 - 2022,19800.0,8.502940667792526,7.498939925082745,10.0,0.0052,0.00398107,0.00630957,0.0731,0.05,0.1,0.155,0.1,0.2,8710.0,41.3,7880.0,1.0,True,0.01,0.95,10.0,39600.0,0.938,0.139
12791,1 - 1 - 2022,19800.0,8.46758525200662,7.498939925082745,10.0,0.0052,0.00398107,0.00630957,0.0731,0.05,0.1,0.252,0.2,0.3,10600.0,45.5,8450.0,1.0,True,0.01,0.95,10.0,39600.0,0.938,0.139
12792,1 - 1 - 2022,19800.0,8.426149773176359,7.498939925082745,10.0,0.00511,0.00398107,0.00630957,0.0711,0.05,0.1,0.349,0.3,0.4,11400.0,47.3,8840.0,1.0,True,0.01,0.95,10.0,39600.0,0.938,0.139
12793,1 - 1 - 2022,19800.0,8.408329203831164,7.498939925082745,10.0,0.00507,0.00398107,0.00630957,0.0717,0.05,0.1,0.452,0.4,0.5,9310.0,42.8,6540.0,1.0,True,0.01,0.95,10.0,39600.0,0.938,0.139
12794,1 - 1 - 2022,19800.0,8.455767262643882,7.498939925082745,10.0,0.00516,0.00398107,0.00630957,0.0737,0.05,0.1,0.549,0.5,0.6,8230.0,40.2,4680.0,1.0,True,0.01,0.95,10.0,39600.0,0.938,0.139
12795,1 - 1 - 2022,19800.0,8.432081593533118,7.498939925082745,10.0,0.00511,0.00398107,0.00630957,0.0757,0.05,0.1,0.647,0.6,0.7,5980.0,34.3,2640.0,1.0,True,0.01,0.95,10.0,39600.0,0.938,0.139
12796,1 - 1 - 2022,19800.0,8.438009243891594,7.498939925082745,10.0,0.00512,0.00398107,0.00630957,0.072,0.05,0.1,0.744,0.7,0.8,5200.0,31.9,1910.0,1.0,True,0.01,0.95,10.0,39600.0,0.938,0.139
12797,1 - 1 - 2022,19800.0,8.330666239863412,7.498939925082745,10.0,0.00516,0.00398107,0.00630957,0.0738,0.05,0.1,0.852,0.8,0.9,3640.0,26.7,1040.0,1.0,True,0.01,0.95,10.0,39600.0,0.938,0.139
12798,1 - 1 - 2022,19800.0,8.526429498916883,7.498939925082745,10.0,0.00509,0.00398107,0.00630957,0.072,0.05,0.1,0.949,0.9,1.0,2990.0,24.2,303.0,1.0,True,0.01,0.95,10.0,39600.0,0.938,0.139
12799,1 - 1 - 2022,19800.0,8.532291603080617,7.498939925082745,10.0,0.00527,0.00398107,0.00630957,0.074,0.05,0.1,1.18,1.0,1.5,1320.0,7.19,86.6,1.0,True,0.01,0.95,10.0,39600.0,0.938,0.139
12800,1 - 1 - 2022,19800.0,8.526429498916883,7.498939925082745,10.0,0.00519,0.00398107,0.00630957,0.0756,0.05,0.1,1.69,1.5,2.0,477.0,4.32,0.0,1.0,True,0.01,0.95,10.0,39600.0,0.938,0.139
12801,1 - 1 - 2022,19800.0,8.46758525200662,7.498939925082745,10.0,0.00509,0.00398107,0.00630957,0.0715,0.05,0.1,2.54,2.0,4.0,84.5,0.91,6.5,1.0,True,0.01,0.95,10.0,39600.0,0.938,0.139
12802,1 - 1 - 2022,19800.0,8.502940667792526,7.498939925082745,10.0,0.0056,0.00398107,0.00630957,0.125,0.1,0.15,0.0288,0.0,0.05,1130.0,21.0,693.0,1.0,True,0.01,0.95,10.0,39600.0,0.938,0.139
12803,1 - 1 - 2022,19800.0,8.318653737234168,7.498939925082745,10.0,0.00503,0.00398107,0.00630957,0.126,0.1,0.15,0.0796,0.05,0.1,2510.0,31.4,1130.0,1.0,True,0.01,0.95,10.0,39600.0,0.938,0.139
12804,1 - 1 - 2022,19800.0,8.497058314499201,7.498939925082745,10.0,0.0052,0.00398107,0.00630957,0.123,0.1,0.15,0.154,0.1,0.2,5980.0,34.3,3470.0,1.0,True,0.01,0.95,10.0,39600.0,0.938,0.139
12805,1 - 1 - 2022,19800.0,8.414273587185052,7.498939925082745,10.0,0.00519,0.00398107,0.00630957,0.12,0.1,0.15,0.249,0.2,0.3,6410.0,35.5,3550.0,1.0,True,0.01,0.95,10.0,39600.0,0.938,0.139
12806,1 - 1 - 2022,19800.0,8.449852069711044,7.498939925082745,10.0,0.00516,0.00398107,0.00630957,0.124,0.1,0.15,0.357,0.3,0.4,5370.0,32.5,2950.0,1.0,True,0.01,0.95,10.0,39600.0,0.938,0.139
12807,1 - 1 - 2022,19800.0,8.455767262643882,7.498939925082745,10.0,0.00517,0.00398107,0.00630957,0.124,0.1,0.15,0.45,0.4,0.5,4940.0,31.1,1950.0,1.0,True,0.01,0.95,10.0,39600.0,0.938,0.139
12808,1 - 1 - 2022,19800.0,8.432081593533118,7.498939925082745,10.0,0.00518,0.00398107,0.00630957,0.125,0.1,0.15,0.551,0.5,0.6,4940.0,31.1,1430.0,1.0,True,0.01,0.95,10.0,39600.0,0.938,0.139
12809,1 - 1 - 2022,19800.0,8.449852069711044,7.498939925082745,10.0,0.00515,0.00398107,0.00630957,0.122,0.1,0.15,0.652,0.6,0.7,3990.0,28.0,1210.0,1.0,True,0.01,0.95,10.0,39600.0,0.938,0.139
12810,1 - 1 - 2022,19800.0,8.449852069711044,7.498939925082745,10.0,0.00529,0.00398107,0.00630957,0.122,0.1,0.15,0.746,0.7,0.8,3900.0,27.7,996.0,1.0,True,0.01,0.95,10.0,39600.0,0.938,0.139
12811,1 - 1 - 2022,19800.0,8.414273587185052,7.498939925082745,10.0,0.00507,0.00398107,0.00630957,0.121,0.1,0.15,0.846,0.8,0.9,2170.0,20.6,347.0,1.0,True,0.01,0.95,10.0,39600.0,0.938,0.139
12812,1 - 1 - 2022,19800.0,8.396427811873332,7.498939925082745,10.0,0.00527,0.00398107,0.00630957,0.124,0.1,0.15,0.947,0.9,1.0,1560.0,17.5,390.0,1.0,True,0.01,0.95,10.0,39600.0,0.938,0.139
12813,1 - 1 - 2022,19800.0,8.378544026261364,7.498939925082745,10.0,0.00517,0.00398107,0.00630957,0.12,0.1,0.15,1.21,1.0,1.5,996.0,6.25,121.0,1.0,True,0.01,0.95,10.0,39600.0,0.938,0.139
12814,1 - 1 - 2022,19800.0,8.532291603080617,7.498939925082745,10.0,0.00515,0.00398107,0.00630957,0.124,0.1,0.15,1.72,1.5,2.0,260.0,3.19,0.0,1.0,True,0.01,0.95,10.0,39600.0,0.938,0.139
12815,1 - 1 - 2022,19800.0,8.455767262643882,7.498939925082745,10.0,0.00531,0.00398107,0.00630957,0.123,0.1,0.15,2.52,2.0,4.0,71.5,0.838,6.5,1.0,True,0.01,0.95,10.0,39600.0,0.938,0.139
12816,1 - 1 - 2022,19800.0,8.5848704125339,7.498939925082745,10.0,0.00511,0.00398107,0.00630957,0.178,0.15,0.2,0.0385,0.0,0.05,433.0,13.0,0.0,1.0,True,0.01,0.95,10.0,39600.0,0.938,0.139
12817,1 - 1 - 2022,19800.0,8.324662155306964,7.498939925082745,10.0,0.00509,0.00398107,0.00630957,0.171,0.15,0.2,0.0674,0.05,0.1,1040.0,20.2,86.6,1.0,True,0.01,0.95,10.0,39600.0,0.938,0.139
12818,1 - 1 - 2022,19800.0,8.54400374531753,7.498939925082745,10.0,0.00519,0.00398107,0.00630957,0.17,0.15,0.2,0.162,0.1,0.2,1860.0,19.1,130.0,1.0,True,0.01,0.95,10.0,39600.0,0.938,0.139
12819,1 - 1 - 2022,19800.0,8.514693182963201,7.498939925082745,10.0,0.00517,0.00398107,0.00630957,0.173,0.15,0.2,0.25,0.2,0.3,3080.0,24.6,43.3,1.0,True,0.01,0.95,10.0,39600.0,0.938,0.139
12820,1 - 1 - 2022,19800.0,8.461678320522472,7.498939925082745,10.0,0.00521,0.00398107,0.00630957,0.175,0.15,0.2,0.352,0.3,0.4,3640.0,26.7,43.3,1.0,True,0.01,0.95,10.0,39600.0,0.938,0.139
12821,1 - 1 - 2022,19800.0,8.270429251254134,7.498939925082745,10.0,0.00523,0.00398107,0.00630957,0.175,0.15,0.2,0.449,0.4,0.5,3940.0,27.8,130.0,1.0,True,0.01,0.95,10.0,39600.0,0.938,0.139
12822,1 - 1 - 2022,19800.0,8.420213774008355,7.498939925082745,10.0,0.0052,0.00398107,0.00630957,0.173,0.15,0.2,0.55,0.5,0.6,3680.0,26.9,217.0,1.0,True,0.01,0.95,10.0,39600.0,0.938,0.139
12823,1 - 1 - 2022,19800.0,8.47938677028003,7.498939925082745,10.0,0.00509,0.00398107,0.00630957,0.173,0.15,0.2,0.648,0.6,0.7,2640.0,22.8,43.3,1.0,True,0.01,0.95,10.0,39600.0,0.938,0.139
12824,1 - 1 - 2022,19800.0,8.473488065725943,7.498939925082745,10.0,0.00504,0.00398107,0.00630957,0.169,0.15,0.2,0.752,0.7,0.8,2120.0,20.4,86.6,1.0,True,0.01,0.95,10.0,39600.0,0.938,0.139
12825,1 - 1 - 2022,19800.0,8.449852069711044,7.498939925082745,10.0,0.00509,0.00398107,0.00630957,0.174,0.15,0.2,0.839,0.8,0.9,1730.0,18.4,0.0,1.0,True,0.01,0.95,10.0,39600.0,0.938,0.139
12826,1 - 1 - 2022,19800.0,8.502940667792526,7.498939925082745,10.0,0.00526,0.00398107,0.00630957,0.176,0.15,0.2,0.939,0.9,1.0,1520.0,17.3,43.3,1.0,True,0.01,0.95,10.0,39600.0,0.938,0.139
12827,1 - 1 - 2022,19800.0,8.324662155306964,7.498939925082745,10.0,0.00506,0.00398107,0.00630957,0.173,0.15,0.2,1.19,1.0,1.5,702.0,5.25,8.66,1.0,True,0.01,0.95,10.0,39600.0,0.938,0.139
12828,1 - 1 - 2022,19800.0,8.491171886141512,7.498939925082745,10.0,0.00506,0.00398107,0.00630957,0.174,0.15,0.2,1.76,1.5,2.0,251.0,3.14,0.0,1.0,True,0.01,0.95,10.0,39600.0,0.938,0.139
12829,1 - 1 - 2022,19800.0,8.573214099741124,7.498939925082745,10.0,0.005,0.00398107,0.00630957,0.179,0.15,0.2,2.61,2.0,4.0,65.0,0.799,6.5,1.0,True,0.01,0.95,10.0,39600.0,0.938,0.139
12830,1 - 1 - 2022,19800.0,7.974960814950754,7.498939925082745,10.0,0.00531,0.00398107,0.00630957,0.231,0.2,0.25,0.0289,0.0,0.05,260.0,10.1,0.0,1.0,True,0.01,0.95,10.0,39600.0,0.938,0.139
12831,1 - 1 - 2022,19800.0,8.34865258589672,7.498939925082745,10.0,0.00497,0.00398107,0.00630957,0.222,0.2,0.25,0.0797,0.05,0.1,953.0,19.3,0.0,1.0,True,0.01,0.95,10.0,39600.0,0.938,0.139
12832,1 - 1 - 2022,19800.0,8.549853799919621,7.498939925082745,10.0,0.00514,0.00398107,0.00630957,0.228,0.2,0.25,0.153,0.1,0.2,1520.0,17.2,0.0,1.0,True,0.01,0.95,10.0,39600.0,0.938,0.139
12833,1 - 1 - 2022,19800.0,8.342661445845684,7.498939925082745,10.0,0.00513,0.00398107,0.00630957,0.221,0.2,0.25,0.244,0.2,0.3,2640.0,22.8,0.0,1.0,True,0.01,0.95,10.0,39600.0,0.938,0.139
12834,1 - 1 - 2022,19800.0,8.438009243891594,7.498939925082745,10.0,0.00527,0.00398107,0.00630957,0.226,0.2,0.25,0.349,0.3,0.4,2950.0,24.0,43.3,1.0,True,0.01,0.95,10.0,39600.0,0.938,0.139
12835,1 - 1 - 2022,19800.0,8.282511696339462,7.498939925082745,10.0,0.00529,0.00398107,0.00630957,0.223,0.2,0.25,0.451,0.4,0.5,1990.0,19.8,0.0,1.0,True,0.01,0.95,10.0,39600.0,0.938,0.139
12836,1 - 1 - 2022,19800.0,8.48528137423857,7.498939925082745,10.0,0.0051,0.00398107,0.00630957,0.223,0.2,0.25,0.552,0.5,0.6,1650.0,18.0,0.0,1.0,True,0.01,0.95,10.0,39600.0,0.938,0.139
12837,1 - 1 - 2022,19800.0,8.342661445845684,7.498939925082745,10.0,0.00495,0.00398107,0.00630957,0.225,0.2,0.25,0.649,0.6,0.7,1260.0,15.7,0.0,1.0,True,0.01,0.95,10.0,39600.0,0.938,0.139
12838,1 - 1 - 2022,19800.0,8.502940667792526,7.498939925082745,10.0,0.00493,0.00398107,0.00630957,0.218,0.2,0.25,0.741,0.7,0.8,1170.0,15.2,0.0,1.0,True,0.01,0.95,10.0,39600.0,0.938,0.139
12839,1 - 1 - 2022,19800.0,8.35463942968217,7.498939925082745,10.0,0.00514,0.00398107,0.00630957,0.223,0.2,0.25,0.846,0.8,0.9,996.0,14.0,43.3,1.0,True,0.01,0.95,10.0,39600.0,0.938,0.139
12840,1 - 1 - 2022,19800.0,8.648699324175862,7.498939925082745,10.0,0.00522,0.00398107,0.00630957,0.226,0.2,0.25,0.942,0.9,1.0,780.0,12.4,0.0,1.0,True,0.01,0.95,10.0,39600.0,0.938,0.139
12841,1 - 1 - 2022,19800.0,8.526429498916883,7.498939925082745,10.0,0.00518,0.00398107,0.00630957,0.224,0.2,0.25,1.16,1.0,1.5,468.0,4.29,8.66,1.0,True,0.01,0.95,10.0,39600.0,0.938,0.139
12842,1 - 1 - 2022,19800.0,8.5848704125339,7.498939925082745,10.0,0.00501,0.00398107,0.00630957,0.219,0.2,0.25,1.76,1.5,2.0,182.0,2.67,0.0,1.0,True,0.01,0.95,10.0,39600.0,0.938,0.139
12843,1 - 1 - 2022,19800.0,8.502940667792526,7.498939925082745,10.0,0.00498,0.00398107,0.00630957,0.229,0.2,0.25,2.39,2.0,4.0,39.0,0.619,8.66,1.0,True,0.01,0.95,10.0,39600.0,0.938,0.139
12844,1 - 1 - 2022,19800.0,9.465727652959385,7.498939925082745,10.0,0.00532,0.00398107,0.00630957,0.277,0.25,0.3,0.0438,0.0,0.05,173.0,8.25,0.0,1.0,True,0.01,0.95,10.0,39600.0,0.938,0.139
12845,1 - 1 - 2022,19800.0,8.282511696339462,7.498939925082745,10.0,0.00499,0.00398107,0.00630957,0.276,0.25,0.3,0.0745,0.05,0.1,433.0,13.0,0.0,1.0,True,0.01,0.95,10.0,39600.0,0.938,0.139
12846,1 - 1 - 2022,19800.0,8.461678320522472,7.498939925082745,10.0,0.00529,0.00398107,0.00630957,0.268,0.25,0.3,0.164,0.1,0.2,823.0,12.7,0.0,1.0,True,0.01,0.95,10.0,39600.0,0.938,0.139
12847,1 - 1 - 2022,19800.0,8.294576541331088,7.498939925082745,10.0,0.00528,0.00398107,0.00630957,0.27,0.25,0.3,0.251,0.2,0.3,1560.0,17.5,43.3,1.0,True,0.01,0.95,10.0,39600.0,0.938,0.139
12848,1 - 1 - 2022,19800.0,8.360621986431392,7.498939925082745,10.0,0.00511,0.00398107,0.00630957,0.27,0.25,0.3,0.354,0.3,0.4,1300.0,16.0,0.0,1.0,True,0.01,0.95,10.0,39600.0,0.938,0.139
12849,1 - 1 - 2022,19800.0,8.360621986431392,7.498939925082745,10.0,0.00518,0.00398107,0.00630957,0.275,0.25,0.3,0.452,0.4,0.5,1340.0,16.2,43.3,1.0,True,0.01,0.95,10.0,39600.0,0.938,0.139
12850,1 - 1 - 2022,19800.0,8.538149682454625,7.498939925082745,10.0,0.00519,0.00398107,0.00630957,0.273,0.25,0.3,0.553,0.5,0.6,1340.0,16.2,130.0,1.0,True,0.01,0.95,10.0,39600.0,0.938,0.139
12851,1 - 1 - 2022,19800.0,8.258329128825032,7.498939925082745,10.0,0.00481,0.00398107,0.00630957,0.273,0.25,0.3,0.647,0.6,0.7,1390.0,16.5,43.3,1.0,True,0.01,0.95,10.0,39600.0,0.938,0.139
12852,1 - 1 - 2022,19800.0,8.252272414311102,7.498939925082745,10.0,0.00485,0.00398107,0.00630957,0.277,0.25,0.3,0.749,0.7,0.8,693.0,11.7,43.3,1.0,True,0.01,0.95,10.0,39600.0,0.938,0.139
12853,1 - 1 - 2022,19800.0,8.300602387778854,7.498939925082745,10.0,0.00469,0.00398107,0.00630957,0.27,0.25,0.3,0.847,0.8,0.9,736.0,12.0,0.0,1.0,True,0.01,0.95,10.0,39600.0,0.938,0.139
12854,1 - 1 - 2022,19800.0,8.378544026261364,7.498939925082745,10.0,0.00509,0.00398107,0.00630957,0.269,0.25,0.3,0.952,0.9,1.0,823.0,12.7,0.0,1.0,True,0.01,0.95,10.0,39600.0,0.938,0.139
12855,1 - 1 - 2022,19800.0,8.596510920134982,7.498939925082745,10.0,0.00525,0.00398107,0.00630957,0.274,0.25,0.3,1.24,1.0,1.5,485.0,4.36,17.3,1.0,True,0.01,0.95,10.0,39600.0,0.938,0.139
12856,1 - 1 - 2022,19800.0,8.461678320522472,7.498939925082745,10.0,0.00515,0.00398107,0.00630957,0.275,0.25,0.3,1.69,1.5,2.0,139.0,2.33,17.3,1.0,True,0.01,0.95,10.0,39600.0,0.938,0.139
12857,1 - 1 - 2022,19800.0,8.497058314499201,7.498939925082745,10.0,0.00534,0.00398107,0.00630957,0.275,0.25,0.3,2.58,2.0,4.0,34.7,0.583,10.8,1.0,True,0.01,0.95,10.0,39600.0,0.938,0.139
12858,1 - 1 - 2022,19800.0,8.520563361656317,7.498939925082745,10.0,0.00484,0.00398107,0.00630957,0.377,0.3,0.4,0.0441,0.0,0.05,130.0,5.05,86.7,1.0,True,0.01,0.95,10.0,39600.0,0.938,0.139
12859,1 - 1 - 2022,19800.0,8.763560920082657,7.498939925082745,10.0,0.0052,0.00398107,0.00630957,0.32,0.3,0.4,0.0598,0.05,0.1,173.0,5.83,43.3,1.0,True,0.01,0.95,10.0,39600.0,0.938,0.139
12860,1 - 1 - 2022,19800.0,8.300602387778854,7.498939925082745,10.0,0.00547,0.00398107,0.00630957,0.35,0.3,0.4,0.164,0.1,0.2,412.0,6.35,65.0,1.0,True,0.01,0.95,10.0,39600.0,0.938,0.139
12861,1 - 1 - 2022,19800.0,8.276472678623424,7.498939925082745,10.0,0.00527,0.00398107,0.00630957,0.339,0.3,0.4,0.244,0.2,0.3,650.0,7.99,108.0,1.0,True,0.01,0.95,10.0,39600.0,0.938,0.139
12862,1 - 1 - 2022,19800.0,8.555699854482976,7.498939925082745,10.0,0.00521,0.00398107,0.00630957,0.336,0.3,0.4,0.345,0.3,0.4,737.0,8.5,238.0,1.0,True,0.01,0.95,10.0,39600.0,0.938,0.139
12863,1 - 1 - 2022,19800.0,8.573214099741124,7.498939925082745,10.0,0.00518,0.00398107,0.00630957,0.341,0.3,0.4,0.444,0.4,0.5,780.0,8.75,195.0,1.0,True,0.01,0.95,10.0,39600.0,0.938,0.139
12864,1 - 1 - 2022,19800.0,8.336666000266533,7.498939925082745,10.0,0.00536,0.00398107,0.00630957,0.343,0.3,0.4,0.548,0.5,0.6,671.0,8.12,108.0,1.0,True,0.01,0.95,10.0,39600.0,0.938,0.139
12865,1 - 1 - 2022,19800.0,8.276472678623424,7.498939925082745,10.0,0.00533,0.00398107,0.00630957,0.346,0.3,0.4,0.651,0.6,0.7,563.0,7.43,108.0,1.0,True,0.01,0.95,10.0,39600.0,0.938,0.139
12866,1 - 1 - 2022,19800.0,8.613942186943213,7.498939925082745,10.0,0.00535,0.00398107,0.00630957,0.343,0.3,0.4,0.741,0.7,0.8,412.0,6.36,108.0,1.0,True,0.01,0.95,10.0,39600.0,0.938,0.139
12867,1 - 1 - 2022,19800.0,8.154753215150045,7.498939925082745,10.0,0.00479,0.00398107,0.00630957,0.329,0.3,0.4,0.851,0.8,0.9,498.0,6.99,65.0,1.0,True,0.01,0.95,10.0,39600.0,0.938,0.139
12868,1 - 1 - 2022,19800.0,8.608135686662937,7.498939925082745,10.0,0.0051,0.00398107,0.00630957,0.336,0.3,0.4,0.949,0.9,1.0,390.0,6.19,217.0,1.0,True,0.01,0.95,10.0,39600.0,0.938,0.139
12869,1 - 1 - 2022,19800.0,8.318653737234168,7.498939925082745,10.0,0.00513,0.00398107,0.00630957,0.345,0.3,0.4,1.2,1.0,1.5,225.0,2.1,73.6,1.0,True,0.01,0.95,10.0,39600.0,0.938,0.139
12870,1 - 1 - 2022,19800.0,8.408329203831164,7.498939925082745,10.0,0.00529,0.00398107,0.00630957,0.333,0.3,0.4,1.73,1.5,2.0,91.0,1.34,43.3,1.0,True,0.01,0.95,10.0,39600.0,0.938,0.139
12871,1 - 1 - 2022,19800.0,8.372574275573792,7.498939925082745,10.0,0.00506,0.00398107,0.00630957,0.345,0.3,0.4,2.5,2.0,4.0,21.7,0.326,13.0,1.0,True,0.01,0.95,10.0,39600.0,0.938,0.139
12872,1 - 1 - 2022,19800.0,8.660254037844387,7.498939925082745,10.0,0.00538,0.00398107,0.00630957,0.436,0.4,0.5,0.143,0.1,0.2,238.0,4.84,173.0,1.0,True,0.01,0.95,10.0,39600.0,0.938,0.139
12873,1 - 1 - 2022,19800.0,8.408329203831164,7.498939925082745,10.0,0.00531,0.00398107,0.00630957,0.445,0.4,0.5,0.252,0.2,0.3,260.0,5.05,152.0,1.0,True,0.01,0.95,10.0,39600.0,0.938,0.139
12874,1 - 1 - 2022,19800.0,8.526429498916883,7.498939925082745,10.0,0.00529,0.00398107,0.00630957,0.444,0.4,0.5,0.348,0.3,0.4,368.0,6.01,325.0,1.0,True,0.01,0.95,10.0,39600.0,0.938,0.139
12875,1 - 1 - 2022,19800.0,8.666025617317317,7.498939925082745,10.0,0.00535,0.00398107,0.00630957,0.446,0.4,0.5,0.445,0.4,0.5,347.0,5.83,282.0,1.0,True,0.01,0.95,10.0,39600.0,0.938,0.139
12876,1 - 1 - 2022,19800.0,8.191458966508957,7.498939925082745,10.0,0.00519,0.00398107,0.00630957,0.446,0.4,0.5,0.64,0.6,0.7,325.0,5.65,260.0,1.0,True,0.01,0.95,10.0,39600.0,0.938,0.139
12877,1 - 1 - 2022,19800.0,8.384509526501834,7.498939925082745,10.0,0.00505,0.00398107,0.00630957,0.456,0.4,0.5,0.741,0.7,0.8,260.0,5.05,195.0,1.0,True,0.01,0.95,10.0,39600.0,0.938,0.139
12878,1 - 1 - 2022,19800.0,8.514693182963201,7.498939925082745,10.0,0.00546,0.00398107,0.00630957,0.43,0.4,0.5,0.854,0.8,0.9,195.0,4.37,130.0,1.0,True,0.01,0.95,10.0,39600.0,0.938,0.139
12879,1 - 1 - 2022,19800.0,8.694826047713663,7.498939925082745,10.0,0.00531,0.00398107,0.00630957,0.457,0.4,0.5,0.964,0.9,1.0,282.0,5.26,238.0,1.0,True,0.01,0.95,10.0,39600.0,0.938,0.139
12880,1 - 1 - 2022,19800.0,8.491171886141512,7.498939925082745,10.0,0.00529,0.00398107,0.00630957,0.459,0.4,0.5,1.16,1.0,1.5,104.0,1.43,91.0,1.0,True,0.01,0.95,10.0,39600.0,0.938,0.139
12881,1 - 1 - 2022,19800.0,7.893034904268446,7.498939925082745,10.0,0.00523,0.00398107,0.00630957,0.508,0.5,0.6,0.252,0.2,0.3,108.0,3.26,86.6,1.0,True,0.01,0.95,10.0,39600.0,0.938,0.139
12882,1 - 1 - 2022,19800.0,8.549853799919621,7.498939925082745,10.0,0.00792,0.00630957,0.01,0.0194,0.0,0.05,0.0774,0.05,0.1,8580.0,46.1,8360.0,1.0,True,0.01,0.95,10.0,39600.0,0.938,0.139
12883,1 - 1 - 2022,19800.0,8.613942186943213,7.498939925082745,10.0,0.008,0.00630957,0.01,0.0175,0.0,0.05,0.154,0.1,0.2,18000.0,47.2,15700.0,1.0,True,0.01,0.95,10.0,39600.0,0.938,0.139
12884,1 - 1 - 2022,19800.0,8.579044235810887,7.498939925082745,10.0,0.00802,0.00630957,0.01,0.0151,0.0,0.05,0.252,0.2,0.3,25600.0,56.3,17700.0,1.0,True,0.01,0.95,10.0,39600.0,0.938,0.139
12885,1 - 1 - 2022,19800.0,8.608135686662937,7.498939925082745,10.0,0.00791,0.00630957,0.01,0.0145,0.0,0.05,0.35,0.3,0.4,26200.0,56.9,15600.0,1.0,True,0.01,0.95,10.0,39600.0,0.938,0.139
12886,1 - 1 - 2022,19800.0,8.613942186943213,7.498939925082745,10.0,0.00797,0.00630957,0.01,0.0155,0.0,0.05,0.447,0.4,0.5,24400.0,54.9,12200.0,1.0,True,0.01,0.95,10.0,39600.0,0.938,0.139
12887,1 - 1 - 2022,19800.0,8.64291617453276,7.498939925082745,10.0,0.00796,0.00630957,0.01,0.0156,0.0,0.05,0.549,0.5,0.6,18700.0,48.1,7790.0,1.0,True,0.01,0.95,10.0,39600.0,0.938,0.139
12888,1 - 1 - 2022,19800.0,8.596510920134982,7.498939925082745,10.0,0.00796,0.00630957,0.01,0.0172,0.0,0.05,0.648,0.6,0.7,13300.0,40.6,3960.0,1.0,True,0.01,0.95,10.0,39600.0,0.938,0.139
12889,1 - 1 - 2022,19800.0,8.637129152675673,7.498939925082745,10.0,0.00795,0.00630957,0.01,0.0161,0.0,0.05,0.747,0.7,0.8,9950.0,35.1,2210.0,1.0,True,0.01,0.95,10.0,39600.0,0.938,0.139
12890,1 - 1 - 2022,19800.0,8.590692637965812,7.498939925082745,10.0,0.00799,0.00630957,0.01,0.017,0.0,0.05,0.85,0.8,0.9,6230.0,27.8,1230.0,1.0,True,0.01,0.95,10.0,39600.0,0.938,0.139
12891,1 - 1 - 2022,19800.0,8.567379996241558,7.498939925082745,10.0,0.00807,0.00630957,0.01,0.0187,0.0,0.05,0.946,0.9,1.0,4210.0,22.8,765.0,1.0,True,0.01,0.95,10.0,39600.0,0.938,0.139
12892,1 - 1 - 2022,19800.0,8.631338250816034,7.498939925082745,10.0,0.00794,0.00630957,0.01,0.0253,0.0,0.05,1.18,1.0,1.5,1360.0,5.81,92.9,1.0,True,0.01,0.95,10.0,39600.0,0.938,0.139
12893,1 - 1 - 2022,19800.0,8.843076387773658,7.498939925082745,10.0,0.00822,0.00630957,0.01,0.0258,0.0,0.05,1.68,1.5,2.0,169.0,2.05,5.47,1.0,True,0.01,0.95,10.0,39600.0,0.938,0.139
12894,1 - 1 - 2022,19800.0,8.809086218218097,7.498939925082745,10.0,0.00799,0.00630957,0.01,0.0326,0.0,0.05,3.03,2.0,4.0,20.5,0.356,0.0,1.0,True,0.01,0.95,10.0,39600.0,0.938,0.139
12895,1 - 1 - 2022,19800.0,8.44393273303382,7.498939925082745,10.0,0.00818,0.00630957,0.01,0.0683,0.05,0.1,0.0383,0.0,0.05,875.0,14.7,711.0,1.0,True,0.01,0.95,10.0,39600.0,0.938,0.139
12896,1 - 1 - 2022,19800.0,8.712060605849802,7.498939925082745,10.0,0.00789,0.00630957,0.01,0.0737,0.05,0.1,0.0794,0.05,0.1,2790.0,26.3,1690.0,1.0,True,0.01,0.95,10.0,39600.0,0.938,0.139
12897,1 - 1 - 2022,19800.0,8.555699854482976,7.498939925082745,10.0,0.00794,0.00630957,0.01,0.0722,0.05,0.1,0.155,0.1,0.2,5790.0,26.8,3200.0,1.0,True,0.01,0.95,10.0,39600.0,0.938,0.139
12898,1 - 1 - 2022,19800.0,8.555699854482976,7.498939925082745,10.0,0.00808,0.00630957,0.01,0.0724,0.05,0.1,0.253,0.2,0.3,7020.0,29.5,3500.0,1.0,True,0.01,0.95,10.0,39600.0,0.938,0.139
12899,1 - 1 - 2022,19800.0,8.561541917201597,7.498939925082745,10.0,0.00798,0.00630957,0.01,0.0736,0.05,0.1,0.349,0.3,0.4,7980.0,31.4,4070.0,1.0,True,0.01,0.95,10.0,39600.0,0.938,0.139
12900,1 - 1 - 2022,19800.0,8.514693182963201,7.498939925082745,10.0,0.00804,0.00630957,0.01,0.072,0.05,0.1,0.451,0.4,0.5,6420.0,28.2,2510.0,1.0,True,0.01,0.95,10.0,39600.0,0.938,0.139
12901,1 - 1 - 2022,19800.0,8.573214099741124,7.498939925082745,10.0,0.008,0.00630957,0.01,0.0719,0.05,0.1,0.547,0.5,0.6,5850.0,26.9,2160.0,1.0,True,0.01,0.95,10.0,39600.0,0.938,0.139
12902,1 - 1 - 2022,19800.0,8.613942186943213,7.498939925082745,10.0,0.00818,0.00630957,0.01,0.0707,0.05,0.1,0.652,0.6,0.7,4150.0,22.7,1280.0,1.0,True,0.01,0.95,10.0,39600.0,0.938,0.139
12903,1 - 1 - 2022,19800.0,8.573214099741124,7.498939925082745,10.0,0.00801,0.00630957,0.01,0.0731,0.05,0.1,0.748,0.7,0.8,3740.0,21.5,847.0,1.0,True,0.01,0.95,10.0,39600.0,0.938,0.139
12904,1 - 1 - 2022,19800.0,8.64291617453276,7.498939925082745,10.0,0.00811,0.00630957,0.01,0.0727,0.05,0.1,0.847,0.8,0.9,2350.0,17.1,410.0,1.0,True,0.01,0.95,10.0,39600.0,0.938,0.139
12905,1 - 1 - 2022,19800.0,8.637129152675673,7.498939925082745,10.0,0.00795,0.00630957,0.01,0.0767,0.05,0.1,0.945,0.9,1.0,1780.0,14.8,547.0,1.0,True,0.01,0.95,10.0,39600.0,0.938,0.139
12906,1 - 1 - 2022,19800.0,8.677557259966655,7.498939925082745,10.0,0.00792,0.00630957,0.01,0.0731,0.05,0.1,1.2,1.0,1.5,743.0,4.29,60.1,1.0,True,0.01,0.95,10.0,39600.0,0.938,0.139
12907,1 - 1 - 2022,19800.0,8.706319543871567,7.498939925082745,10.0,0.00801,0.00630957,0.01,0.0762,0.05,0.1,1.67,1.5,2.0,235.0,2.41,0.0,1.0,True,0.01,0.95,10.0,39600.0,0.938,0.139
12908,1 - 1 - 2022,19800.0,8.729261137118078,7.498939925082745,10.0,0.00791,0.00630957,0.01,0.0717,0.05,0.1,2.68,2.0,4.0,39.6,0.495,4.1,1.0,True,0.01,0.95,10.0,39600.0,0.938,0.139
12909,1 - 1 - 2022,19800.0,8.752142594816426,7.498939925082745,10.0,0.0079,0.00630957,0.01,0.125,0.1,0.15,0.028,0.0,0.05,601.0,12.2,273.0,1.0,True,0.01,0.95,10.0,39600.0,0.938,0.139
12910,1 - 1 - 2022,19800.0,8.740709353364863,7.498939925082745,10.0,0.00807,0.00630957,0.01,0.124,0.1,0.15,0.0767,0.05,0.1,1970.0,22.1,765.0,1.0,True,0.01,0.95,10.0,39600.0,0.938,0.139
12911,1 - 1 - 2022,19800.0,8.573214099741124,7.498939925082745,10.0,0.0081,0.00630957,0.01,0.121,0.1,0.15,0.157,0.1,0.2,3230.0,20.0,1280.0,1.0,True,0.01,0.95,10.0,39600.0,0.938,0.139
12912,1 - 1 - 2022,19800.0,8.62554346113913,7.498939925082745,10.0,0.00795,0.00630957,0.01,0.122,0.1,0.15,0.253,0.2,0.3,3940.0,22.1,1420.0,1.0,True,0.01,0.95,10.0,39600.0,0.938,0.139
12913,1 - 1 - 2022,19800.0,8.631338250816034,7.498939925082745,10.0,0.00791,0.00630957,0.01,0.125,0.1,0.15,0.35,0.3,0.4,4320.0,23.1,1780.0,1.0,True,0.01,0.95,10.0,39600.0,0.938,0.139
12914,1 - 1 - 2022,19800.0,8.567379996241558,7.498939925082745,10.0,0.00804,0.00630957,0.01,0.124,0.1,0.15,0.445,0.4,0.5,3610.0,21.1,875.0,1.0,True,0.01,0.95,10.0,39600.0,0.938,0.139
12915,1 - 1 - 2022,19800.0,8.532291603080617,7.498939925082745,10.0,0.00799,0.00630957,0.01,0.122,0.1,0.15,0.543,0.5,0.6,3800.0,21.7,1390.0,1.0,True,0.01,0.95,10.0,39600.0,0.938,0.139
12916,1 - 1 - 2022,19800.0,8.47938677028003,7.498939925082745,10.0,0.00798,0.00630957,0.01,0.122,0.1,0.15,0.643,0.6,0.7,2600.0,17.9,765.0,1.0,True,0.01,0.95,10.0,39600.0,0.938,0.139
12917,1 - 1 - 2022,19800.0,8.555699854482976,7.498939925082745,10.0,0.00811,0.00630957,0.01,0.121,0.1,0.15,0.748,0.7,0.8,2190.0,16.5,547.0,1.0,True,0.01,0.95,10.0,39600.0,0.938,0.139
12918,1 - 1 - 2022,19800.0,8.549853799919621,7.498939925082745,10.0,0.00799,0.00630957,0.01,0.124,0.1,0.15,0.844,0.8,0.9,1690.0,14.5,629.0,1.0,True,0.01,0.95,10.0,39600.0,0.938,0.139
12919,1 - 1 - 2022,19800.0,8.752142594816426,7.498939925082745,10.0,0.00824,0.00630957,0.01,0.125,0.1,0.15,0.953,0.9,1.0,1610.0,14.1,410.0,1.0,True,0.01,0.95,10.0,39600.0,0.938,0.139
12920,1 - 1 - 2022,19800.0,8.717797887081348,7.498939925082745,10.0,0.00803,0.00630957,0.01,0.123,0.1,0.15,1.2,1.0,1.5,651.0,4.01,131.0,1.0,True,0.01,0.95,10.0,39600.0,0.938,0.139
12921,1 - 1 - 2022,19800.0,8.763560920082657,7.498939925082745,10.0,0.008,0.00630957,0.01,0.131,0.1,0.15,1.7,1.5,2.0,219.0,2.33,10.9,1.0,True,0.01,0.95,10.0,39600.0,0.938,0.139
12922,1 - 1 - 2022,19800.0,8.520563361656317,7.498939925082745,10.0,0.00783,0.00630957,0.01,0.125,0.1,0.15,2.6,2.0,4.0,32.8,0.451,4.1,1.0,True,0.01,0.95,10.0,39600.0,0.938,0.139
12923,1 - 1 - 2022,19800.0,8.203657720797473,7.498939925082745,10.0,0.00715,0.00630957,0.01,0.167,0.15,0.2,0.0349,0.0,0.05,328.0,9.01,0.0,1.0,True,0.01,0.95,10.0,39600.0,0.938,0.139
12924,1 - 1 - 2022,19800.0,8.438009243891594,7.498939925082745,10.0,0.00779,0.00630957,0.01,0.175,0.15,0.2,0.0759,0.05,0.1,1260.0,17.6,109.0,1.0,True,0.01,0.95,10.0,39600.0,0.938,0.139
12925,1 - 1 - 2022,19800.0,8.648699324175862,7.498939925082745,10.0,0.00794,0.00630957,0.01,0.169,0.15,0.2,0.153,0.1,0.2,1640.0,14.3,191.0,1.0,True,0.01,0.95,10.0,39600.0,0.938,0.139
12926,1 - 1 - 2022,19800.0,8.608135686662937,7.498939925082745,10.0,0.00808,0.00630957,0.01,0.172,0.15,0.2,0.25,0.2,0.3,2620.0,18.0,191.0,1.0,True,0.01,0.95,10.0,39600.0,0.938,0.139
12927,1 - 1 - 2022,19800.0,8.532291603080617,7.498939925082745,10.0,0.00801,0.00630957,0.01,0.174,0.15,0.2,0.35,0.3,0.4,2430.0,17.4,191.0,1.0,True,0.01,0.95,10.0,39600.0,0.938,0.139
12928,1 - 1 - 2022,19800.0,8.64291617453276,7.498939925082745,10.0,0.00798,0.00630957,0.01,0.175,0.15,0.2,0.45,0.4,0.5,2570.0,17.8,601.0,1.0,True,0.01,0.95,10.0,39600.0,0.938,0.139
12929,1 - 1 - 2022,19800.0,8.5848704125339,7.498939925082745,10.0,0.00793,0.00630957,0.01,0.177,0.15,0.2,0.551,0.5,0.6,2320.0,17.0,301.0,1.0,True,0.01,0.95,10.0,39600.0,0.938,0.139
12930,1 - 1 - 2022,19800.0,8.561541917201597,7.498939925082745,10.0,0.00794,0.00630957,0.01,0.174,0.15,0.2,0.653,0.6,0.7,2000.0,15.7,574.0,1.0,True,0.01,0.95,10.0,39600.0,0.938,0.139
12931,1 - 1 - 2022,19800.0,8.694826047713663,7.498939925082745,10.0,0.00803,0.00630957,0.01,0.176,0.15,0.2,0.752,0.7,0.8,1670.0,14.4,219.0,1.0,True,0.01,0.95,10.0,39600.0,0.938,0.139
12932,1 - 1 - 2022,19800.0,8.602325267042627,7.498939925082745,10.0,0.00786,0.00630957,0.01,0.174,0.15,0.2,0.845,0.8,0.9,1120.0,11.8,137.0,1.0,True,0.01,0.95,10.0,39600.0,0.938,0.139
12933,1 - 1 - 2022,19800.0,8.590692637965812,7.498939925082745,10.0,0.00779,0.00630957,0.01,0.174,0.15,0.2,0.948,0.9,1.0,738.0,9.56,191.0,1.0,True,0.01,0.95,10.0,39600.0,0.938,0.139
12934,1 - 1 - 2022,19800.0,8.717797887081348,7.498939925082745,10.0,0.00797,0.00630957,0.01,0.173,0.15,0.2,1.2,1.0,1.5,454.0,3.35,98.4,1.0,True,0.01,0.95,10.0,39600.0,0.938,0.139
12935,1 - 1 - 2022,19800.0,8.734987120768983,7.498939925082745,10.0,0.00765,0.00630957,0.01,0.172,0.15,0.2,1.7,1.5,2.0,180.0,2.11,5.47,1.0,True,0.01,0.95,10.0,39600.0,0.938,0.139
12936,1 - 1 - 2022,19800.0,8.613942186943213,7.498939925082745,10.0,0.00796,0.00630957,0.01,0.177,0.15,0.2,2.64,2.0,4.0,21.9,0.368,4.1,1.0,True,0.01,0.95,10.0,39600.0,0.938,0.139
12937,1 - 1 - 2022,19800.0,8.221921916437786,7.498939925082745,10.0,0.00791,0.00630957,0.01,0.222,0.2,0.25,0.0351,0.0,0.05,219.0,7.36,0.0,1.0,True,0.01,0.95,10.0,39600.0,0.938,0.139
12938,1 - 1 - 2022,19800.0,8.579044235810887,7.498939925082745,10.0,0.00777,0.00630957,0.01,0.227,0.2,0.25,0.0873,0.05,0.1,547.0,11.6,0.0,1.0,True,0.01,0.95,10.0,39600.0,0.938,0.139
12939,1 - 1 - 2022,19800.0,8.526429498916883,7.498939925082745,10.0,0.00779,0.00630957,0.01,0.224,0.2,0.25,0.16,0.1,0.2,1090.0,11.6,0.0,1.0,True,0.01,0.95,10.0,39600.0,0.938,0.139
12940,1 - 1 - 2022,19800.0,8.402380615040002,7.498939925082745,10.0,0.00789,0.00630957,0.01,0.219,0.2,0.25,0.251,0.2,0.3,1390.0,13.1,0.0,1.0,True,0.01,0.95,10.0,39600.0,0.938,0.139
12941,1 - 1 - 2022,19800.0,8.402380615040002,7.498939925082745,10.0,0.00788,0.00630957,0.01,0.224,0.2,0.25,0.35,0.3,0.4,2080.0,16.0,0.0,1.0,True,0.01,0.95,10.0,39600.0,0.938,0.139
12942,1 - 1 - 2022,19800.0,8.613942186943213,7.498939925082745,10.0,0.008,0.00630957,0.01,0.223,0.2,0.25,0.448,0.4,0.5,2100.0,16.1,27.3,1.0,True,0.01,0.95,10.0,39600.0,0.938,0.139
12943,1 - 1 - 2022,19800.0,8.520563361656317,7.498939925082745,10.0,0.00821,0.00630957,0.01,0.226,0.2,0.25,0.548,0.5,0.6,1370.0,13.0,27.3,1.0,True,0.01,0.95,10.0,39600.0,0.938,0.139
12944,1 - 1 - 2022,19800.0,8.514693182963201,7.498939925082745,10.0,0.00796,0.00630957,0.01,0.223,0.2,0.25,0.642,0.6,0.7,1420.0,13.3,27.3,1.0,True,0.01,0.95,10.0,39600.0,0.938,0.139
12945,1 - 1 - 2022,19800.0,8.905054744357274,7.498939925082745,10.0,0.00796,0.00630957,0.01,0.222,0.2,0.25,0.749,0.7,0.8,957.0,10.9,27.3,1.0,True,0.01,0.95,10.0,39600.0,0.938,0.139
12946,1 - 1 - 2022,19800.0,8.67179335547152,7.498939925082745,10.0,0.00817,0.00630957,0.01,0.223,0.2,0.25,0.844,0.8,0.9,929.0,10.7,54.7,1.0,True,0.01,0.95,10.0,39600.0,0.938,0.139
12947,1 - 1 - 2022,19800.0,8.426149773176359,7.498939925082745,10.0,0.00786,0.00630957,0.01,0.225,0.2,0.25,0.95,0.9,1.0,656.0,9.01,0.0,1.0,True,0.01,0.95,10.0,39600.0,0.938,0.139
12948,1 - 1 - 2022,19800.0,8.432081593533118,7.498939925082745,10.0,0.00807,0.00630957,0.01,0.221,0.2,0.25,1.22,1.0,1.5,344.0,2.92,38.3,1.0,True,0.01,0.95,10.0,39600.0,0.938,0.139
12949,1 - 1 - 2022,19800.0,8.700574693662482,7.498939925082745,10.0,0.00803,0.00630957,0.01,0.227,0.2,0.25,1.7,1.5,2.0,137.0,1.84,21.9,1.0,True,0.01,0.95,10.0,39600.0,0.938,0.139
12950,1 - 1 - 2022,19800.0,8.590692637965812,7.498939925082745,10.0,0.00793,0.00630957,0.01,0.221,0.2,0.25,2.67,2.0,4.0,32.8,0.451,4.1,1.0,True,0.01,0.95,10.0,39600.0,0.938,0.139
12951,1 - 1 - 2022,19800.0,8.792041856133306,7.498939925082745,10.0,0.00772,0.00630957,0.01,0.267,0.25,0.3,0.0713,0.05,0.1,492.0,11.0,0.0,1.0,True,0.01,0.95,10.0,39600.0,0.938,0.139
12952,1 - 1 - 2022,19800.0,8.683317338436964,7.498939925082745,10.0,0.00832,0.00630957,0.01,0.274,0.25,0.3,0.16,0.1,0.2,738.0,9.56,27.3,1.0,True,0.01,0.95,10.0,39600.0,0.938,0.139
12953,1 - 1 - 2022,19800.0,8.613942186943213,7.498939925082745,10.0,0.0079,0.00630957,0.01,0.271,0.25,0.3,0.259,0.2,0.3,1120.0,11.8,0.0,1.0,True,0.01,0.95,10.0,39600.0,0.938,0.139
12954,1 - 1 - 2022,19800.0,8.432081593533118,7.498939925082745,10.0,0.00847,0.00630957,0.01,0.273,0.25,0.3,0.348,0.3,0.4,902.0,10.6,0.0,1.0,True,0.01,0.95,10.0,39600.0,0.938,0.139
12955,1 - 1 - 2022,19800.0,8.706319543871567,7.498939925082745,10.0,0.00798,0.00630957,0.01,0.273,0.25,0.3,0.452,0.4,0.5,1340.0,12.9,27.3,1.0,True,0.01,0.95,10.0,39600.0,0.938,0.139
12956,1 - 1 - 2022,19800.0,8.757853618324527,7.498939925082745,10.0,0.00794,0.00630957,0.01,0.272,0.25,0.3,0.547,0.5,0.6,1040.0,11.3,0.0,1.0,True,0.01,0.95,10.0,39600.0,0.938,0.139
12957,1 - 1 - 2022,19800.0,8.631338250816034,7.498939925082745,10.0,0.00797,0.00630957,0.01,0.271,0.25,0.3,0.646,0.6,0.7,957.0,10.9,27.3,1.0,True,0.01,0.95,10.0,39600.0,0.938,0.139
12958,1 - 1 - 2022,19800.0,8.384509526501834,7.498939925082745,10.0,0.00801,0.00630957,0.01,0.269,0.25,0.3,0.738,0.7,0.8,601.0,8.63,0.0,1.0,True,0.01,0.95,10.0,39600.0,0.938,0.139
12959,1 - 1 - 2022,19800.0,8.402380615040002,7.498939925082745,10.0,0.00803,0.00630957,0.01,0.278,0.25,0.3,0.848,0.8,0.9,601.0,8.63,0.0,1.0,True,0.01,0.95,10.0,39600.0,0.938,0.139
12960,1 - 1 - 2022,19800.0,8.694826047713663,7.498939925082745,10.0,0.00819,0.00630957,0.01,0.274,0.25,0.3,0.962,0.9,1.0,465.0,7.59,0.0,1.0,True,0.01,0.95,10.0,39600.0,0.938,0.139
12961,1 - 1 - 2022,19800.0,8.67179335547152,7.498939925082745,10.0,0.00818,0.00630957,0.01,0.273,0.25,0.3,1.23,1.0,1.5,224.0,2.36,5.47,1.0,True,0.01,0.95,10.0,39600.0,0.938,0.139
12962,1 - 1 - 2022,19800.0,8.848728722251575,7.498939925082745,10.0,0.00798,0.00630957,0.01,0.272,0.25,0.3,1.69,1.5,2.0,87.5,1.47,5.47,1.0,True,0.01,0.95,10.0,39600.0,0.938,0.139
12963,1 - 1 - 2022,19800.0,8.48528137423857,7.498939925082745,10.0,0.00798,0.00630957,0.01,0.283,0.25,0.3,2.74,2.0,4.0,30.1,0.431,12.3,1.0,True,0.01,0.95,10.0,39600.0,0.938,0.139
12964,1 - 1 - 2022,19800.0,8.18535277187245,7.498939925082745,10.0,0.0099,0.00630957,0.01,0.308,0.3,0.4,0.0348,0.0,0.05,27.3,1.84,0.0,1.0,True,0.01,0.95,10.0,39600.0,0.938,0.139
12965,1 - 1 - 2022,19800.0,8.396427811873332,7.498939925082745,10.0,0.00784,0.00630957,0.01,0.341,0.3,0.4,0.0759,0.05,0.1,246.0,5.52,0.0,1.0,True,0.01,0.95,10.0,39600.0,0.938,0.139
12966,1 - 1 - 2022,19800.0,8.318653737234168,7.498939925082745,10.0,0.00828,0.00630957,0.01,0.346,0.3,0.4,0.145,0.1,0.2,301.0,4.31,0.0,1.0,True,0.01,0.95,10.0,39600.0,0.938,0.139
12967,1 - 1 - 2022,19800.0,8.502940667792526,7.498939925082745,10.0,0.00821,0.00630957,0.01,0.346,0.3,0.4,0.249,0.2,0.3,615.0,6.17,0.0,1.0,True,0.01,0.95,10.0,39600.0,0.938,0.139
12968,1 - 1 - 2022,19800.0,8.608135686662937,7.498939925082745,10.0,0.00808,0.00630957,0.01,0.347,0.3,0.4,0.348,0.3,0.4,752.0,6.82,27.3,1.0,True,0.01,0.95,10.0,39600.0,0.938,0.139
12969,1 - 1 - 2022,19800.0,8.596510920134982,7.498939925082745,10.0,0.00822,0.00630957,0.01,0.349,0.3,0.4,0.445,0.4,0.5,642.0,6.31,13.7,1.0,True,0.01,0.95,10.0,39600.0,0.938,0.139
12970,1 - 1 - 2022,19800.0,8.549853799919621,7.498939925082745,10.0,0.00797,0.00630957,0.01,0.343,0.3,0.4,0.544,0.5,0.6,465.0,5.36,13.7,1.0,True,0.01,0.95,10.0,39600.0,0.938,0.139
12971,1 - 1 - 2022,19800.0,8.608135686662937,7.498939925082745,10.0,0.00811,0.00630957,0.01,0.338,0.3,0.4,0.639,0.6,0.7,588.0,6.03,13.7,1.0,True,0.01,0.95,10.0,39600.0,0.938,0.139
12972,1 - 1 - 2022,19800.0,8.666025617317317,7.498939925082745,10.0,0.00818,0.00630957,0.01,0.347,0.3,0.4,0.744,0.7,0.8,410.0,5.04,27.3,1.0,True,0.01,0.95,10.0,39600.0,0.938,0.139
12973,1 - 1 - 2022,19800.0,8.342661445845684,7.498939925082745,10.0,0.00749,0.00630957,0.01,0.348,0.3,0.4,0.844,0.8,0.9,451.0,5.28,27.3,1.0,True,0.01,0.95,10.0,39600.0,0.938,0.139
12974,1 - 1 - 2022,19800.0,8.780660567406077,7.498939925082745,10.0,0.00782,0.00630957,0.01,0.336,0.3,0.4,0.943,0.9,1.0,219.0,3.68,13.7,1.0,True,0.01,0.95,10.0,39600.0,0.938,0.139
12975,1 - 1 - 2022,19800.0,8.602325267042627,7.498939925082745,10.0,0.00792,0.00630957,0.01,0.35,0.3,0.4,1.2,1.0,1.5,159.0,1.4,27.3,1.0,True,0.01,0.95,10.0,39600.0,0.938,0.139
12976,1 - 1 - 2022,19800.0,8.567379996241558,7.498939925082745,10.0,0.00802,0.00630957,0.01,0.35,0.3,0.4,1.7,1.5,2.0,51.9,0.802,19.1,1.0,True,0.01,0.95,10.0,39600.0,0.938,0.139
12977,1 - 1 - 2022,19800.0,8.602325267042627,7.498939925082745,10.0,0.00777,0.00630957,0.01,0.348,0.3,0.4,2.64,2.0,4.0,19.8,0.248,8.88,1.0,True,0.01,0.95,10.0,39600.0,0.938,0.139
12978,1 - 1 - 2022,19800.0,7.981227975693966,7.498939925082745,10.0,0.008,0.00630957,0.01,0.41,0.4,0.5,0.0263,0.0,0.05,27.3,1.84,0.0,1.0,True,0.01,0.95,10.0,39600.0,0.938,0.139
12979,1 - 1 - 2022,19800.0,8.769264507357502,7.498939925082745,10.0,0.00809,0.00630957,0.01,0.424,0.4,0.5,0.0813,0.05,0.1,191.0,4.87,54.7,1.0,True,0.01,0.95,10.0,39600.0,0.938,0.139
12980,1 - 1 - 2022,19800.0,8.526429498916883,7.498939925082745,10.0,0.00813,0.00630957,0.01,0.432,0.4,0.5,0.16,0.1,0.2,219.0,3.68,54.7,1.0,True,0.01,0.95,10.0,39600.0,0.938,0.139
12981,1 - 1 - 2022,19800.0,8.809086218218097,7.498939925082745,10.0,0.00762,0.00630957,0.01,0.449,0.4,0.5,0.245,0.2,0.3,219.0,3.68,123.0,1.0,True,0.01,0.95,10.0,39600.0,0.938,0.139
12982,1 - 1 - 2022,19800.0,8.579044235810887,7.498939925082745,10.0,0.00808,0.00630957,0.01,0.44,0.4,0.5,0.35,0.3,0.4,273.0,4.11,109.0,1.0,True,0.01,0.95,10.0,39600.0,0.938,0.139
12983,1 - 1 - 2022,19800.0,8.390470785361213,7.498939925082745,10.0,0.00754,0.00630957,0.01,0.441,0.4,0.5,0.453,0.4,0.5,95.7,2.43,54.7,1.0,True,0.01,0.95,10.0,39600.0,0.938,0.139
12984,1 - 1 - 2022,19800.0,8.366600265340756,7.498939925082745,10.0,0.00774,0.00630957,0.01,0.44,0.4,0.5,0.55,0.5,0.6,287.0,4.22,41.0,1.0,True,0.01,0.95,10.0,39600.0,0.938,0.139
12985,1 - 1 - 2022,19800.0,8.526429498916883,7.498939925082745,10.0,0.00797,0.00630957,0.01,0.453,0.4,0.5,0.646,0.6,0.7,232.0,3.79,123.0,1.0,True,0.01,0.95,10.0,39600.0,0.938,0.139
12986,1 - 1 - 2022,19800.0,8.927485648266257,7.498939925082745,10.0,0.00828,0.00630957,0.01,0.441,0.4,0.5,0.769,0.7,0.8,137.0,2.91,54.7,1.0,True,0.01,0.95,10.0,39600.0,0.938,0.139
12987,1 - 1 - 2022,19800.0,8.567379996241558,7.498939925082745,10.0,0.00808,0.00630957,0.01,0.453,0.4,0.5,0.854,0.8,0.9,178.0,3.32,95.7,1.0,True,0.01,0.95,10.0,39600.0,0.938,0.139
12988,1 - 1 - 2022,19800.0,8.712060605849802,7.498939925082745,10.0,0.00762,0.00630957,0.01,0.448,0.4,0.5,0.946,0.9,1.0,150.0,3.05,137.0,1.0,True,0.01,0.95,10.0,39600.0,0.938,0.139
12989,1 - 1 - 2022,19800.0,8.590692637965812,7.498939925082745,10.0,0.00821,0.00630957,0.01,0.446,0.4,0.5,1.18,1.0,1.5,95.7,1.09,49.2,1.0,True,0.01,0.95,10.0,39600.0,0.938,0.139
12990,1 - 1 - 2022,19800.0,8.34865258589672,7.498939925082745,10.0,0.00775,0.00630957,0.01,0.433,0.4,0.5,1.73,1.5,2.0,24.6,0.552,19.1,1.0,True,0.01,0.95,10.0,39600.0,0.938,0.139
12991,1 - 1 - 2022,19800.0,9.0,7.498939925082745,10.0,0.0076,0.00630957,0.01,0.448,0.4,0.5,2.76,2.0,4.0,10.2,0.178,6.15,1.0,True,0.01,0.95,10.0,39600.0,0.938,0.139
12992,1 - 1 - 2022,19800.0,8.408329203831164,7.498939925082745,10.0,0.00805,0.00630957,0.01,0.542,0.5,0.6,0.154,0.1,0.2,150.0,3.05,137.0,1.0,True,0.01,0.95,10.0,39600.0,0.938,0.139
12993,1 - 1 - 2022,19800.0,8.191458966508957,7.498939925082745,10.0,0.00786,0.00630957,0.01,0.534,0.5,0.6,0.239,0.2,0.3,109.0,2.6,82.0,1.0,True,0.01,0.95,10.0,39600.0,0.938,0.139
12994,1 - 1 - 2022,19800.0,8.921883209278185,7.498939925082745,10.0,0.00827,0.00630957,0.01,0.538,0.5,0.6,0.352,0.3,0.4,123.0,2.76,109.0,1.0,True,0.01,0.95,10.0,39600.0,0.938,0.139
12995,1 - 1 - 2022,19800.0,8.64291617453276,7.498939925082745,10.0,0.00754,0.00630957,0.01,0.552,0.5,0.6,0.424,0.4,0.5,41.0,1.59,27.3,1.0,True,0.01,0.95,10.0,39600.0,0.938,0.139
12996,1 - 1 - 2022,19800.0,8.573214099741124,7.498939925082745,10.0,0.00853,0.00630957,0.01,0.54,0.5,0.6,0.658,0.6,0.7,137.0,2.91,123.0,1.0,True,0.01,0.95,10.0,39600.0,0.938,0.139
12997,1 - 1 - 2022,19800.0,8.555699854482976,7.498939925082745,10.0,0.00777,0.00630957,0.01,0.554,0.5,0.6,0.757,0.7,0.8,95.7,2.43,82.0,1.0,True,0.01,0.95,10.0,39600.0,0.938,0.139
12998,1 - 1 - 2022,19800.0,8.608135686662937,7.498939925082745,10.0,0.0079,0.00630957,0.01,0.544,0.5,0.6,1.18,1.0,1.5,46.5,0.759,41.0,1.0,True,0.01,0.95,10.0,39600.0,0.938,0.139
12999,1 - 1 - 2022,19800.0,8.899438184514796,7.498939925082745,10.0,0.00901,0.00630957,0.01,0.551,0.5,0.6,2.4,2.0,4.0,2.05,0.0797,1.37,1.0,True,0.01,0.95,10.0,39600.0,0.938,0.139
13000,1 - 1 - 2022,19800.0,8.596510920134982,7.498939925082745,10.0,0.0127,0.01,0.0158489,0.0212,0.0,0.05,0.075,0.05,0.1,4830.0,27.5,4550.0,1.0,True,0.01,0.95,10.0,39600.0,0.938,0.139
13001,1 - 1 - 2022,19800.0,8.64291617453276,7.498939925082745,10.0,0.0125,0.01,0.0158489,0.0188,0.0,0.05,0.155,0.1,0.2,9190.0,26.8,7240.0,1.0,True,0.01,0.95,10.0,39600.0,0.938,0.139
13002,1 - 1 - 2022,19800.0,8.5848704125339,7.498939925082745,10.0,0.0127,0.01,0.0158489,0.0175,0.0,0.05,0.252,0.2,0.3,14100.0,33.2,9240.0,1.0,True,0.01,0.95,10.0,39600.0,0.938,0.139
13003,1 - 1 - 2022,19800.0,8.61974477580398,7.498939925082745,10.0,0.0126,0.01,0.0158489,0.0166,0.0,0.05,0.348,0.3,0.4,15100.0,34.3,8550.0,1.0,True,0.01,0.95,10.0,39600.0,0.938,0.139
13004,1 - 1 - 2022,19800.0,8.608135686662937,7.498939925082745,10.0,0.0126,0.01,0.0158489,0.0177,0.0,0.05,0.448,0.4,0.5,13000.0,31.9,6280.0,1.0,True,0.01,0.95,10.0,39600.0,0.938,0.139
13005,1 - 1 - 2022,19800.0,8.62554346113913,7.498939925082745,10.0,0.0126,0.01,0.0158489,0.0167,0.0,0.05,0.548,0.5,0.6,10300.0,28.3,4050.0,1.0,True,0.01,0.95,10.0,39600.0,0.938,0.139
13006,1 - 1 - 2022,19800.0,8.590692637965812,7.498939925082745,10.0,0.0126,0.01,0.0158489,0.0182,0.0,0.05,0.646,0.6,0.7,7590.0,24.3,2480.0,1.0,True,0.01,0.95,10.0,39600.0,0.938,0.139
13007,1 - 1 - 2022,19800.0,8.666025617317317,7.498939925082745,10.0,0.0126,0.01,0.0158489,0.0191,0.0,0.05,0.749,0.7,0.8,4980.0,19.7,1170.0,1.0,True,0.01,0.95,10.0,39600.0,0.938,0.139
13008,1 - 1 - 2022,19800.0,8.712060605849802,7.498939925082745,10.0,0.0126,0.01,0.0158489,0.02,0.0,0.05,0.843,0.8,0.9,3050.0,15.4,586.0,1.0,True,0.01,0.95,10.0,39600.0,0.938,0.139
13009,1 - 1 - 2022,19800.0,8.631338250816034,7.498939925082745,10.0,0.0128,0.01,0.0158489,0.0201,0.0,0.05,0.946,0.9,1.0,1950.0,12.3,379.0,1.0,True,0.01,0.95,10.0,39600.0,0.938,0.139
13010,1 - 1 - 2022,19800.0,8.549853799919621,7.498939925082745,10.0,0.0125,0.01,0.0158489,0.0242,0.0,0.05,1.17,1.0,1.5,697.0,3.3,55.2,1.0,True,0.01,0.95,10.0,39600.0,0.938,0.139
13011,1 - 1 - 2022,19800.0,8.8656641037206,7.498939925082745,10.0,0.013,0.01,0.0158489,0.0273,0.0,0.05,1.65,1.5,2.0,100.0,1.25,3.45,1.0,True,0.01,0.95,10.0,39600.0,0.938,0.139
13012,1 - 1 - 2022,19800.0,8.809086218218097,7.498939925082745,10.0,0.0115,0.01,0.0158489,0.0289,0.0,0.05,2.33,2.0,4.0,6.9,0.164,0.0,1.0,True,0.01,0.95,10.0,39600.0,0.938,0.139
13013,1 - 1 - 2022,19800.0,8.67179335547152,7.498939925082745,10.0,0.0127,0.01,0.0158489,0.0703,0.05,0.1,0.0316,0.0,0.05,621.0,9.85,379.0,1.0,True,0.01,0.95,10.0,39600.0,0.938,0.139
13014,1 - 1 - 2022,19800.0,8.514693182963201,7.498939925082745,10.0,0.013,0.01,0.0158489,0.0726,0.05,0.1,0.0766,0.05,0.1,2380.0,19.3,1100.0,1.0,True,0.01,0.95,10.0,39600.0,0.938,0.139
13015,1 - 1 - 2022,19800.0,8.526429498916883,7.498939925082745,10.0,0.0126,0.01,0.0158489,0.0729,0.05,0.1,0.154,0.1,0.2,3190.0,15.8,1570.0,1.0,True,0.01,0.95,10.0,39600.0,0.938,0.139
13016,1 - 1 - 2022,19800.0,8.64291617453276,7.498939925082745,10.0,0.0125,0.01,0.0158489,0.0717,0.05,0.1,0.25,0.2,0.3,4280.0,18.3,2160.0,1.0,True,0.01,0.95,10.0,39600.0,0.938,0.139
13017,1 - 1 - 2022,19800.0,8.549853799919621,7.498939925082745,10.0,0.0127,0.01,0.0158489,0.0726,0.05,0.1,0.351,0.3,0.4,4050.0,17.8,1810.0,1.0,True,0.01,0.95,10.0,39600.0,0.938,0.139
13018,1 - 1 - 2022,19800.0,8.567379996241558,7.498939925082745,10.0,0.0128,0.01,0.0158489,0.0728,0.05,0.1,0.448,0.4,0.5,4120.0,17.9,1530.0,1.0,True,0.01,0.95,10.0,39600.0,0.938,0.139
13019,1 - 1 - 2022,19800.0,8.602325267042627,7.498939925082745,10.0,0.0126,0.01,0.0158489,0.0733,0.05,0.1,0.55,0.5,0.6,3690.0,17.0,1330.0,1.0,True,0.01,0.95,10.0,39600.0,0.938,0.139
13020,1 - 1 - 2022,19800.0,8.596510920134982,7.498939925082745,10.0,0.0128,0.01,0.0158489,0.0747,0.05,0.1,0.647,0.6,0.7,2980.0,15.3,759.0,1.0,True,0.01,0.95,10.0,39600.0,0.938,0.139
13021,1 - 1 - 2022,19800.0,8.54400374531753,7.498939925082745,10.0,0.0127,0.01,0.0158489,0.0725,0.05,0.1,0.752,0.7,0.8,2280.0,13.3,483.0,1.0,True,0.01,0.95,10.0,39600.0,0.938,0.139
13022,1 - 1 - 2022,19800.0,8.689073598491383,7.498939925082745,10.0,0.0128,0.01,0.0158489,0.073,0.05,0.1,0.846,0.8,0.9,1500.0,10.8,276.0,1.0,True,0.01,0.95,10.0,39600.0,0.938,0.139
13023,1 - 1 - 2022,19800.0,8.637129152675673,7.498939925082745,10.0,0.0126,0.01,0.0158489,0.0737,0.05,0.1,0.955,0.9,1.0,1030.0,8.99,207.0,1.0,True,0.01,0.95,10.0,39600.0,0.938,0.139
13024,1 - 1 - 2022,19800.0,8.654478609367523,7.498939925082745,10.0,0.0124,0.01,0.0158489,0.0752,0.05,0.1,1.2,1.0,1.5,566.0,2.97,27.6,1.0,True,0.01,0.95,10.0,39600.0,0.938,0.139
13025,1 - 1 - 2022,19800.0,8.637129152675673,7.498939925082745,10.0,0.0127,0.01,0.0158489,0.074,0.05,0.1,1.73,1.5,2.0,179.0,1.67,0.0,1.0,True,0.01,0.95,10.0,39600.0,0.938,0.139
13026,1 - 1 - 2022,19800.0,8.631338250816034,7.498939925082745,10.0,0.0125,0.01,0.0158489,0.074,0.05,0.1,2.57,2.0,4.0,25.9,0.318,0.0,1.0,True,0.01,0.95,10.0,39600.0,0.938,0.139
13027,1 - 1 - 2022,19800.0,8.596510920134982,7.498939925082745,10.0,0.0127,0.01,0.0158489,0.121,0.1,0.15,0.0317,0.0,0.05,276.0,6.57,103.0,1.0,True,0.01,0.95,10.0,39600.0,0.938,0.139
13028,1 - 1 - 2022,19800.0,8.734987120768983,7.498939925082745,10.0,0.0129,0.01,0.0158489,0.126,0.1,0.15,0.0769,0.05,0.1,1280.0,14.1,69.0,1.0,True,0.01,0.95,10.0,39600.0,0.938,0.139
13029,1 - 1 - 2022,19800.0,8.520563361656317,7.498939925082745,10.0,0.0129,0.01,0.0158489,0.123,0.1,0.15,0.152,0.1,0.2,1690.0,11.5,241.0,1.0,True,0.01,0.95,10.0,39600.0,0.938,0.139
13030,1 - 1 - 2022,19800.0,8.596510920134982,7.498939925082745,10.0,0.0127,0.01,0.0158489,0.123,0.1,0.15,0.25,0.2,0.3,2640.0,14.4,328.0,1.0,True,0.01,0.95,10.0,39600.0,0.938,0.139
13031,1 - 1 - 2022,19800.0,8.5848704125339,7.498939925082745,10.0,0.0126,0.01,0.0158489,0.125,0.1,0.15,0.347,0.3,0.4,3050.0,15.4,569.0,1.0,True,0.01,0.95,10.0,39600.0,0.938,0.139
13032,1 - 1 - 2022,19800.0,8.602325267042627,7.498939925082745,10.0,0.0124,0.01,0.0158489,0.124,0.1,0.15,0.448,0.4,0.5,2020.0,12.6,431.0,1.0,True,0.01,0.95,10.0,39600.0,0.938,0.139
13033,1 - 1 - 2022,19800.0,8.579044235810887,7.498939925082745,10.0,0.0126,0.01,0.0158489,0.126,0.1,0.15,0.551,0.5,0.6,2220.0,13.2,362.0,1.0,True,0.01,0.95,10.0,39600.0,0.938,0.139
13034,1 - 1 - 2022,19800.0,8.449852069711044,7.498939925082745,10.0,0.0128,0.01,0.0158489,0.123,0.1,0.15,0.646,0.6,0.7,1690.0,11.5,397.0,1.0,True,0.01,0.95,10.0,39600.0,0.938,0.139
13035,1 - 1 - 2022,19800.0,8.520563361656317,7.498939925082745,10.0,0.0129,0.01,0.0158489,0.122,0.1,0.15,0.751,0.7,0.8,1140.0,9.43,328.0,1.0,True,0.01,0.95,10.0,39600.0,0.938,0.139
13036,1 - 1 - 2022,19800.0,8.608135686662937,7.498939925082745,10.0,0.0129,0.01,0.0158489,0.123,0.1,0.15,0.845,0.8,0.9,897.0,8.37,224.0,1.0,True,0.01,0.95,10.0,39600.0,0.938,0.139
13037,1 - 1 - 2022,19800.0,8.602325267042627,7.498939925082745,10.0,0.0129,0.01,0.0158489,0.124,0.1,0.15,0.955,0.9,1.0,1030.0,8.99,224.0,1.0,True,0.01,0.95,10.0,39600.0,0.938,0.139
13038,1 - 1 - 2022,19800.0,8.567379996241558,7.498939925082745,10.0,0.0126,0.01,0.0158489,0.122,0.1,0.15,1.23,1.0,1.5,383.0,2.45,27.6,1.0,True,0.01,0.95,10.0,39600.0,0.938,0.139
13039,1 - 1 - 2022,19800.0,8.660254037844387,7.498939925082745,10.0,0.0127,0.01,0.0158489,0.123,0.1,0.15,1.72,1.5,2.0,145.0,1.5,6.9,1.0,True,0.01,0.95,10.0,39600.0,0.938,0.139
13040,1 - 1 - 2022,19800.0,8.5848704125339,7.498939925082745,10.0,0.0131,0.01,0.0158489,0.121,0.1,0.15,2.5,2.0,4.0,26.7,0.323,5.17,1.0,True,0.01,0.95,10.0,39600.0,0.938,0.139
13041,1 - 1 - 2022,19800.0,8.983317872590282,7.498939925082745,10.0,0.0131,0.01,0.0158489,0.158,0.15,0.2,0.0172,0.0,0.05,172.0,5.19,0.0,1.0,True,0.01,0.95,10.0,39600.0,0.938,0.139
13042,1 - 1 - 2022,19800.0,8.246211251235321,7.498939925082745,10.0,0.0125,0.01,0.0158489,0.18,0.15,0.2,0.0748,0.05,0.1,552.0,9.29,0.0,1.0,True,0.01,0.95,10.0,39600.0,0.938,0.139
13043,1 - 1 - 2022,19800.0,8.532291603080617,7.498939925082745,10.0,0.013,0.01,0.0158489,0.175,0.15,0.2,0.157,0.1,0.2,1170.0,9.57,0.0,1.0,True,0.01,0.95,10.0,39600.0,0.938,0.139
13044,1 - 1 - 2022,19800.0,8.689073598491383,7.498939925082745,10.0,0.0126,0.01,0.0158489,0.174,0.15,0.2,0.258,0.2,0.3,1600.0,11.2,0.0,1.0,True,0.01,0.95,10.0,39600.0,0.938,0.139
13045,1 - 1 - 2022,19800.0,8.549853799919621,7.498939925082745,10.0,0.0129,0.01,0.0158489,0.173,0.15,0.2,0.35,0.3,0.4,1430.0,10.6,34.5,1.0,True,0.01,0.95,10.0,39600.0,0.938,0.139
13046,1 - 1 - 2022,19800.0,8.561541917201597,7.498939925082745,10.0,0.0131,0.01,0.0158489,0.173,0.15,0.2,0.449,0.4,0.5,1720.0,11.6,34.5,1.0,True,0.01,0.95,10.0,39600.0,0.938,0.139
13047,1 - 1 - 2022,19800.0,8.508818954473059,7.498939925082745,10.0,0.0126,0.01,0.0158489,0.174,0.15,0.2,0.548,0.5,0.6,1470.0,10.7,155.0,1.0,True,0.01,0.95,10.0,39600.0,0.938,0.139
13048,1 - 1 - 2022,19800.0,8.677557259966655,7.498939925082745,10.0,0.0125,0.01,0.0158489,0.175,0.15,0.2,0.651,0.6,0.7,1090.0,9.21,103.0,1.0,True,0.01,0.95,10.0,39600.0,0.938,0.139
13049,1 - 1 - 2022,19800.0,8.538149682454625,7.498939925082745,10.0,0.0122,0.01,0.0158489,0.173,0.15,0.2,0.755,0.7,0.8,897.0,8.37,34.5,1.0,True,0.01,0.95,10.0,39600.0,0.938,0.139
13050,1 - 1 - 2022,19800.0,8.654478609367523,7.498939925082745,10.0,0.0127,0.01,0.0158489,0.175,0.15,0.2,0.844,0.8,0.9,690.0,7.34,155.0,1.0,True,0.01,0.95,10.0,39600.0,0.938,0.139
13051,1 - 1 - 2022,19800.0,8.276472678623424,7.498939925082745,10.0,0.0122,0.01,0.0158489,0.171,0.15,0.2,0.941,0.9,1.0,586.0,6.77,103.0,1.0,True,0.01,0.95,10.0,39600.0,0.938,0.139
13052,1 - 1 - 2022,19800.0,8.631338250816034,7.498939925082745,10.0,0.0125,0.01,0.0158489,0.175,0.15,0.2,1.21,1.0,1.5,266.0,2.04,65.5,1.0,True,0.01,0.95,10.0,39600.0,0.938,0.139
13053,1 - 1 - 2022,19800.0,8.717797887081348,7.498939925082745,10.0,0.0133,0.01,0.0158489,0.174,0.15,0.2,1.69,1.5,2.0,82.8,1.14,6.9,1.0,True,0.01,0.95,10.0,39600.0,0.938,0.139
13054,1 - 1 - 2022,19800.0,8.774964387392123,7.498939925082745,10.0,0.0129,0.01,0.0158489,0.171,0.15,0.2,2.47,2.0,4.0,21.6,0.29,6.04,1.0,True,0.01,0.95,10.0,39600.0,0.938,0.139
13055,1 - 1 - 2022,19800.0,8.35463942968217,7.498939925082745,10.0,0.0131,0.01,0.0158489,0.226,0.2,0.25,0.0345,0.0,0.05,310.0,6.97,0.0,1.0,True,0.01,0.95,10.0,39600.0,0.938,0.139
13056,1 - 1 - 2022,19800.0,8.306623862918075,7.498939925082745,10.0,0.0133,0.01,0.0158489,0.223,0.2,0.25,0.0793,0.05,0.1,310.0,6.96,0.0,1.0,True,0.01,0.95,10.0,39600.0,0.938,0.139
13057,1 - 1 - 2022,19800.0,8.47938677028003,7.498939925082745,10.0,0.013,0.01,0.0158489,0.224,0.2,0.25,0.154,0.1,0.2,776.0,7.79,0.0,1.0,True,0.01,0.95,10.0,39600.0,0.938,0.139
13058,1 - 1 - 2022,19800.0,8.54400374531753,7.498939925082745,10.0,0.0129,0.01,0.0158489,0.222,0.2,0.25,0.254,0.2,0.3,914.0,8.45,17.2,1.0,True,0.01,0.95,10.0,39600.0,0.938,0.139
13059,1 - 1 - 2022,19800.0,8.62554346113913,7.498939925082745,10.0,0.0126,0.01,0.0158489,0.224,0.2,0.25,0.353,0.3,0.4,862.0,8.21,0.0,1.0,True,0.01,0.95,10.0,39600.0,0.938,0.139
13060,1 - 1 - 2022,19800.0,8.67179335547152,7.498939925082745,10.0,0.0129,0.01,0.0158489,0.221,0.2,0.25,0.445,0.4,0.5,1020.0,8.92,0.0,1.0,True,0.01,0.95,10.0,39600.0,0.938,0.139
13061,1 - 1 - 2022,19800.0,8.526429498916883,7.498939925082745,10.0,0.0128,0.01,0.0158489,0.223,0.2,0.25,0.544,0.5,0.6,1220.0,9.78,17.2,1.0,True,0.01,0.95,10.0,39600.0,0.938,0.139
13062,1 - 1 - 2022,19800.0,8.590692637965812,7.498939925082745,10.0,0.0121,0.01,0.0158489,0.218,0.2,0.25,0.647,0.6,0.7,931.0,8.53,0.0,1.0,True,0.01,0.95,10.0,39600.0,0.938,0.139
13063,1 - 1 - 2022,19800.0,8.5848704125339,7.498939925082745,10.0,0.0127,0.01,0.0158489,0.222,0.2,0.25,0.741,0.7,0.8,776.0,7.79,34.5,1.0,True,0.01,0.95,10.0,39600.0,0.938,0.139
13064,1 - 1 - 2022,19800.0,8.414273587185052,7.498939925082745,10.0,0.013,0.01,0.0158489,0.221,0.2,0.25,0.844,0.8,0.9,604.0,6.87,0.0,1.0,True,0.01,0.95,10.0,39600.0,0.938,0.139
13065,1 - 1 - 2022,19800.0,8.491171886141512,7.498939925082745,10.0,0.0124,0.01,0.0158489,0.227,0.2,0.25,0.934,0.9,1.0,190.0,3.85,17.3,1.0,True,0.01,0.95,10.0,39600.0,0.938,0.139
13066,1 - 1 - 2022,19800.0,8.5848704125339,7.498939925082745,10.0,0.0127,0.01,0.0158489,0.226,0.2,0.25,1.21,1.0,1.5,193.0,1.74,37.9,1.0,True,0.01,0.95,10.0,39600.0,0.938,0.139
13067,1 - 1 - 2022,19800.0,8.426149773176359,7.498939925082745,10.0,0.0128,0.01,0.0158489,0.223,0.2,0.25,1.75,1.5,2.0,72.4,1.06,6.9,1.0,True,0.01,0.95,10.0,39600.0,0.938,0.139
13068,1 - 1 - 2022,19800.0,8.734987120768983,7.498939925082745,10.0,0.0128,0.01,0.0158489,0.218,0.2,0.25,2.64,2.0,4.0,17.2,0.26,6.9,1.0,True,0.01,0.95,10.0,39600.0,0.938,0.139
13069,1 - 1 - 2022,19800.0,9.528903399657276,7.498939925082745,10.0,0.0127,0.01,0.0158489,0.291,0.25,0.3,0.024,0.0,0.05,34.5,2.32,0.0,1.0,True,0.01,0.95,10.0,39600.0,0.938,0.139
13070,1 - 1 - 2022,19800.0,8.390470785361213,7.498939925082745,10.0,0.0128,0.01,0.0158489,0.275,0.25,0.3,0.0809,0.05,0.1,379.0,7.7,0.0,1.0,True,0.01,0.95,10.0,39600.0,0.938,0.139
13071,1 - 1 - 2022,19800.0,8.654478609367523,7.498939925082745,10.0,0.0123,0.01,0.0158489,0.27,0.25,0.3,0.157,0.1,0.2,379.0,5.44,0.0,1.0,True,0.01,0.95,10.0,39600.0,0.938,0.139
13072,1 - 1 - 2022,19800.0,8.46758525200662,7.498939925082745,10.0,0.0132,0.01,0.0158489,0.277,0.25,0.3,0.259,0.2,0.3,517.0,6.36,0.0,1.0,True,0.01,0.95,10.0,39600.0,0.938,0.139
13073,1 - 1 - 2022,19800.0,8.64291617453276,7.498939925082745,10.0,0.0123,0.01,0.0158489,0.272,0.25,0.3,0.353,0.3,0.4,724.0,7.52,0.0,1.0,True,0.01,0.95,10.0,39600.0,0.938,0.139
13074,1 - 1 - 2022,19800.0,8.549853799919621,7.498939925082745,10.0,0.013,0.01,0.0158489,0.269,0.25,0.3,0.445,0.4,0.5,673.0,7.25,0.0,1.0,True,0.01,0.95,10.0,39600.0,0.938,0.139
13075,1 - 1 - 2022,19800.0,8.44393273303382,7.498939925082745,10.0,0.0127,0.01,0.0158489,0.273,0.25,0.3,0.545,0.5,0.6,724.0,7.52,0.0,1.0,True,0.01,0.95,10.0,39600.0,0.938,0.139
13076,1 - 1 - 2022,19800.0,8.590692637965812,7.498939925082745,10.0,0.0127,0.01,0.0158489,0.273,0.25,0.3,0.648,0.6,0.7,466.0,6.03,17.2,1.0,True,0.01,0.95,10.0,39600.0,0.938,0.139
13077,1 - 1 - 2022,19800.0,8.497058314499201,7.498939925082745,10.0,0.0123,0.01,0.0158489,0.271,0.25,0.3,0.749,0.7,0.8,500.0,6.25,0.0,1.0,True,0.01,0.95,10.0,39600.0,0.938,0.139
13078,1 - 1 - 2022,19800.0,8.300602387778854,7.498939925082745,10.0,0.0133,0.01,0.0158489,0.272,0.25,0.3,0.852,0.8,0.9,276.0,4.64,0.0,1.0,True,0.01,0.95,10.0,39600.0,0.938,0.139
13079,1 - 1 - 2022,19800.0,8.843076387773658,7.498939925082745,10.0,0.0131,0.01,0.0158489,0.278,0.25,0.3,0.946,0.9,1.0,414.0,5.69,0.0,1.0,True,0.01,0.95,10.0,39600.0,0.938,0.139
13080,1 - 1 - 2022,19800.0,8.717797887081348,7.498939925082745,10.0,0.0127,0.01,0.0158489,0.276,0.25,0.3,1.25,1.0,1.5,169.0,1.63,3.45,1.0,True,0.01,0.95,10.0,39600.0,0.938,0.139
13081,1 - 1 - 2022,19800.0,8.555699854482976,7.498939925082745,10.0,0.0133,0.01,0.0158489,0.271,0.25,0.3,1.74,1.5,2.0,72.4,1.06,3.45,1.0,True,0.01,0.95,10.0,39600.0,0.938,0.139
13082,1 - 1 - 2022,19800.0,8.683317338436964,7.498939925082745,10.0,0.0131,0.01,0.0158489,0.271,0.25,0.3,2.62,2.0,4.0,11.2,0.209,6.04,1.0,True,0.01,0.95,10.0,39600.0,0.938,0.139
13083,1 - 1 - 2022,19800.0,9.289779329994873,7.498939925082745,10.0,0.0118,0.01,0.0158489,0.354,0.3,0.4,0.045,0.0,0.05,17.2,1.16,0.0,1.0,True,0.01,0.95,10.0,39600.0,0.938,0.139
13084,1 - 1 - 2022,19800.0,8.270429251254134,7.498939925082745,10.0,0.0124,0.01,0.0158489,0.347,0.3,0.4,0.0665,0.05,0.1,103.0,2.84,0.0,1.0,True,0.01,0.95,10.0,39600.0,0.938,0.139
13085,1 - 1 - 2022,19800.0,8.579044235810887,7.498939925082745,10.0,0.0125,0.01,0.0158489,0.345,0.3,0.4,0.16,0.1,0.2,233.0,3.02,0.0,1.0,True,0.01,0.95,10.0,39600.0,0.938,0.139
13086,1 - 1 - 2022,19800.0,8.683317338436964,7.498939925082745,10.0,0.013,0.01,0.0158489,0.349,0.3,0.4,0.249,0.2,0.3,319.0,3.53,0.0,1.0,True,0.01,0.95,10.0,39600.0,0.938,0.139
13087,1 - 1 - 2022,19800.0,8.561541917201597,7.498939925082745,10.0,0.0126,0.01,0.0158489,0.343,0.3,0.4,0.352,0.3,0.4,354.0,3.72,0.0,1.0,True,0.01,0.95,10.0,39600.0,0.938,0.139
13088,1 - 1 - 2022,19800.0,8.5848704125339,7.498939925082745,10.0,0.0129,0.01,0.0158489,0.341,0.3,0.4,0.45,0.4,0.5,457.0,4.23,0.0,1.0,True,0.01,0.95,10.0,39600.0,0.938,0.139
13089,1 - 1 - 2022,19800.0,8.637129152675673,7.498939925082745,10.0,0.0126,0.01,0.0158489,0.345,0.3,0.4,0.547,0.5,0.6,328.0,3.58,0.0,1.0,True,0.01,0.95,10.0,39600.0,0.938,0.139
13090,1 - 1 - 2022,19800.0,8.366600265340756,7.498939925082745,10.0,0.0129,0.01,0.0158489,0.349,0.3,0.4,0.648,0.6,0.7,388.0,3.89,0.0,1.0,True,0.01,0.95,10.0,39600.0,0.938,0.139
13091,1 - 1 - 2022,19800.0,8.408329203831164,7.498939925082745,10.0,0.0128,0.01,0.0158489,0.344,0.3,0.4,0.747,0.7,0.8,319.0,3.53,0.0,1.0,True,0.01,0.95,10.0,39600.0,0.938,0.139
13092,1 - 1 - 2022,19800.0,8.408329203831164,7.498939925082745,10.0,0.0127,0.01,0.0158489,0.351,0.3,0.4,0.855,0.8,0.9,233.0,3.02,0.0,1.0,True,0.01,0.95,10.0,39600.0,0.938,0.139
13093,1 - 1 - 2022,19800.0,8.342661445845684,7.498939925082745,10.0,0.0132,0.01,0.0158489,0.332,0.3,0.4,0.949,0.9,1.0,147.0,2.39,0.0,1.0,True,0.01,0.95,10.0,39600.0,0.938,0.139
13094,1 - 1 - 2022,19800.0,8.561541917201597,7.498939925082745,10.0,0.0124,0.01,0.0158489,0.346,0.3,0.4,1.16,1.0,1.5,105.0,0.907,0.0,1.0,True,0.01,0.95,10.0,39600.0,0.938,0.139
13095,1 - 1 - 2022,19800.0,8.538149682454625,7.498939925082745,10.0,0.0134,0.01,0.0158489,0.338,0.3,0.4,1.75,1.5,2.0,32.8,0.506,13.8,1.0,True,0.01,0.95,10.0,39600.0,0.938,0.139
13096,1 - 1 - 2022,19800.0,8.520563361656317,7.498939925082745,10.0,0.0123,0.01,0.0158489,0.337,0.3,0.4,2.45,2.0,4.0,7.33,0.12,2.16,1.0,True,0.01,0.95,10.0,39600.0,0.938,0.139
13097,1 - 1 - 2022,19800.0,7.713624310270756,7.498939925082745,10.0,0.0157,0.01,0.0158489,0.467,0.4,0.5,0.0444,0.0,0.05,17.2,1.16,0.0,1.0,True,0.01,0.95,10.0,39600.0,0.938,0.139
13098,1 - 1 - 2022,19800.0,8.78635305459552,7.498939925082745,10.0,0.0135,0.01,0.0158489,0.461,0.4,0.5,0.0849,0.05,0.1,34.5,1.64,0.0,1.0,True,0.01,0.95,10.0,39600.0,0.938,0.139
13099,1 - 1 - 2022,19800.0,8.590692637965812,7.498939925082745,10.0,0.0124,0.01,0.0158489,0.447,0.4,0.5,0.157,0.1,0.2,112.0,2.09,17.2,1.0,True,0.01,0.95,10.0,39600.0,0.938,0.139
13100,1 - 1 - 2022,19800.0,8.420213774008355,7.498939925082745,10.0,0.013,0.01,0.0158489,0.442,0.4,0.5,0.267,0.2,0.3,181.0,2.66,8.62,1.0,True,0.01,0.95,10.0,39600.0,0.938,0.139
13101,1 - 1 - 2022,19800.0,8.473488065725943,7.498939925082745,10.0,0.0133,0.01,0.0158489,0.447,0.4,0.5,0.345,0.3,0.4,207.0,2.84,25.9,1.0,True,0.01,0.95,10.0,39600.0,0.938,0.139
13102,1 - 1 - 2022,19800.0,8.532291603080617,7.498939925082745,10.0,0.0127,0.01,0.0158489,0.446,0.4,0.5,0.456,0.4,0.5,224.0,2.96,34.5,1.0,True,0.01,0.95,10.0,39600.0,0.938,0.139
13103,1 - 1 - 2022,19800.0,8.561541917201597,7.498939925082745,10.0,0.0126,0.01,0.0158489,0.434,0.4,0.5,0.567,0.5,0.6,155.0,2.46,8.62,1.0,True,0.01,0.95,10.0,39600.0,0.938,0.139
13104,1 - 1 - 2022,19800.0,8.608135686662937,7.498939925082745,10.0,0.0125,0.01,0.0158489,0.438,0.4,0.5,0.643,0.6,0.7,198.0,2.78,25.9,1.0,True,0.01,0.95,10.0,39600.0,0.938,0.139
13105,1 - 1 - 2022,19800.0,8.5848704125339,7.498939925082745,10.0,0.0134,0.01,0.0158489,0.438,0.4,0.5,0.762,0.7,0.8,112.0,2.09,0.0,1.0,True,0.01,0.95,10.0,39600.0,0.938,0.139
13106,1 - 1 - 2022,19800.0,8.449852069711044,7.498939925082745,10.0,0.0137,0.01,0.0158489,0.45,0.4,0.5,0.86,0.8,0.9,103.0,2.01,34.5,1.0,True,0.01,0.95,10.0,39600.0,0.938,0.139
13107,1 - 1 - 2022,19800.0,8.497058314499201,7.498939925082745,10.0,0.0117,0.01,0.0158489,0.445,0.4,0.5,0.964,0.9,1.0,51.7,1.42,8.62,1.0,True,0.01,0.95,10.0,39600.0,0.938,0.139
13108,1 - 1 - 2022,19800.0,8.64291617453276,7.498939925082745,10.0,0.0126,0.01,0.0158489,0.435,0.4,0.5,1.18,1.0,1.5,41.4,0.569,8.62,1.0,True,0.01,0.95,10.0,39600.0,0.938,0.139
13109,1 - 1 - 2022,19800.0,8.555699854482976,7.498939925082745,10.0,0.0113,0.01,0.0158489,0.447,0.4,0.5,1.71,1.5,2.0,17.2,0.367,5.17,1.0,True,0.01,0.95,10.0,39600.0,0.938,0.139
13110,1 - 1 - 2022,19800.0,8.977750274985375,7.498939925082745,10.0,0.0124,0.01,0.0158489,0.438,0.4,0.5,2.47,2.0,4.0,4.74,0.0963,2.16,1.0,True,0.01,0.95,10.0,39600.0,0.938,0.139
13111,1 - 1 - 2022,19800.0,7.810249675906654,7.498939925082745,10.0,0.0124,0.01,0.0158489,0.544,0.5,0.6,0.0752,0.05,0.1,34.5,1.64,0.0,1.0,True,0.01,0.95,10.0,39600.0,0.938,0.139
13112,1 - 1 - 2022,19800.0,8.860022573334675,7.498939925082745,10.0,0.0117,0.01,0.0158489,0.539,0.5,0.6,0.172,0.1,0.2,77.6,1.74,69.0,1.0,True,0.01,0.95,10.0,39600.0,0.938,0.139
13113,1 - 1 - 2022,19800.0,9.038805230781334,7.498939925082745,10.0,0.0114,0.01,0.0158489,0.556,0.5,0.6,0.25,0.2,0.3,60.4,1.54,51.7,1.0,True,0.01,0.95,10.0,39600.0,0.938,0.139
13114,1 - 1 - 2022,19800.0,8.579044235810887,7.498939925082745,10.0,0.0127,0.01,0.0158489,0.528,0.5,0.6,0.353,0.3,0.4,112.0,2.09,43.1,1.0,True,0.01,0.95,10.0,39600.0,0.938,0.139
13115,1 - 1 - 2022,19800.0,8.763560920082657,7.498939925082745,10.0,0.0127,0.01,0.0158489,0.535,0.5,0.6,0.438,0.4,0.5,77.6,1.74,60.4,1.0,True,0.01,0.95,10.0,39600.0,0.938,0.139
13116,1 - 1 - 2022,19800.0,8.336666000266533,7.498939925082745,10.0,0.0121,0.01,0.0158489,0.551,0.5,0.6,0.534,0.5,0.6,60.4,1.54,43.1,1.0,True,0.01,0.95,10.0,39600.0,0.938,0.139
13117,1 - 1 - 2022,19800.0,8.666025617317317,7.498939925082745,10.0,0.0134,0.01,0.0158489,0.53,0.5,0.6,0.669,0.6,0.7,43.1,1.3,8.62,1.0,True,0.01,0.95,10.0,39600.0,0.938,0.139
13118,1 - 1 - 2022,19800.0,8.402380615040002,7.498939925082745,10.0,0.0119,0.01,0.0158489,0.538,0.5,0.6,0.752,0.7,0.8,34.5,1.16,25.9,1.0,True,0.01,0.95,10.0,39600.0,0.938,0.139
13119,1 - 1 - 2022,19800.0,8.228000972289685,7.498939925082745,10.0,0.0128,0.01,0.0158489,0.54,0.5,0.6,0.83,0.8,0.9,34.5,1.16,8.63,1.0,True,0.01,0.95,10.0,39600.0,0.938,0.139
13120,1 - 1 - 2022,19800.0,8.579044235810887,7.498939925082745,10.0,0.0136,0.01,0.0158489,0.554,0.5,0.6,0.958,0.9,1.0,34.5,1.16,17.2,1.0,True,0.01,0.95,10.0,39600.0,0.938,0.139
13121,1 - 1 - 2022,19800.0,8.508818954473059,7.498939925082745,10.0,0.013,0.01,0.0158489,0.534,0.5,0.6,1.27,1.0,1.5,19.0,0.385,12.1,1.0,True,0.01,0.95,10.0,39600.0,0.938,0.139
13122,1 - 1 - 2022,19800.0,8.228000972289685,7.498939925082745,10.0,0.013,0.01,0.0158489,0.533,0.5,0.6,1.72,1.5,2.0,12.1,0.307,6.9,1.0,True,0.01,0.95,10.0,39600.0,0.938,0.139
13123,1 - 1 - 2022,19800.0,8.74642784226795,7.498939925082745,10.0,0.0127,0.01,0.0158489,0.55,0.5,0.6,2.61,2.0,4.0,2.59,0.0711,1.29,1.0,True,0.01,0.95,10.0,39600.0,0.938,0.139
13124,1 - 1 - 2022,19800.0,8.46758525200662,7.498939925082745,10.0,0.0128,0.01,0.0158489,0.656,0.6,0.7,2.72,2.0,4.0,1.29,0.0503,0.862,1.0,True,0.01,0.95,10.0,39600.0,0.938,0.139
13125,1 - 1 - 2022,19800.0,8.631338250816034,7.498939925082745,10.0,0.02,0.0158489,0.0251189,0.0241,0.0,0.05,0.0321,0.0,0.05,783.0,8.79,588.0,1.0,True,0.01,0.95,10.0,39600.0,0.938,0.139
13126,1 - 1 - 2022,19800.0,8.706319543871567,7.498939925082745,10.0,0.0197,0.0158489,0.0251189,0.0236,0.0,0.05,0.077,0.05,0.1,2290.0,15.0,1870.0,1.0,True,0.01,0.95,10.0,39600.0,0.938,0.139
13127,1 - 1 - 2022,19800.0,8.613942186943213,7.498939925082745,10.0,0.0201,0.0158489,0.0251189,0.0208,0.0,0.05,0.154,0.1,0.2,5270.0,16.1,3920.0,1.0,True,0.01,0.95,10.0,39600.0,0.938,0.139
13128,1 - 1 - 2022,19800.0,8.706319543871567,7.498939925082745,10.0,0.0199,0.0158489,0.0251189,0.0195,0.0,0.05,0.253,0.2,0.3,7680.0,19.5,5110.0,1.0,True,0.01,0.95,10.0,39600.0,0.938,0.139
13129,1 - 1 - 2022,19800.0,8.637129152675673,7.498939925082745,10.0,0.0201,0.0158489,0.0251189,0.0183,0.0,0.05,0.348,0.3,0.4,7610.0,19.4,3650.0,1.0,True,0.01,0.95,10.0,39600.0,0.938,0.139
13130,1 - 1 - 2022,19800.0,8.64291617453276,7.498939925082745,10.0,0.0202,0.0158489,0.0251189,0.0185,0.0,0.05,0.449,0.4,0.5,5980.0,17.2,2570.0,1.0,True,0.01,0.95,10.0,39600.0,0.938,0.139
13131,1 - 1 - 2022,19800.0,8.637129152675673,7.498939925082745,10.0,0.02,0.0158489,0.0251189,0.0194,0.0,0.05,0.549,0.5,0.6,5630.0,16.7,2150.0,1.0,True,0.01,0.95,10.0,39600.0,0.938,0.139
13132,1 - 1 - 2022,19800.0,8.648699324175862,7.498939925082745,10.0,0.02,0.0158489,0.0251189,0.0206,0.0,0.05,0.647,0.6,0.7,4110.0,14.2,1220.0,1.0,True,0.01,0.95,10.0,39600.0,0.938,0.139
13133,1 - 1 - 2022,19800.0,8.654478609367523,7.498939925082745,10.0,0.0201,0.0158489,0.0251189,0.0204,0.0,0.05,0.75,0.7,0.8,2760.0,11.7,762.0,1.0,True,0.01,0.95,10.0,39600.0,0.938,0.139
13134,1 - 1 - 2022,19800.0,8.64291617453276,7.498939925082745,10.0,0.02,0.0158489,0.0251189,0.0214,0.0,0.05,0.847,0.8,0.9,1960.0,9.83,359.0,1.0,True,0.01,0.95,10.0,39600.0,0.938,0.139
13135,1 - 1 - 2022,19800.0,8.78635305459552,7.498939925082745,10.0,0.0201,0.0158489,0.0251189,0.0226,0.0,0.05,0.945,0.9,1.0,1190.0,7.65,196.0,1.0,True,0.01,0.95,10.0,39600.0,0.938,0.139
13136,1 - 1 - 2022,19800.0,8.706319543871567,7.498939925082745,10.0,0.0199,0.0158489,0.0251189,0.026,0.0,0.05,1.17,1.0,1.5,329.0,1.8,28.3,1.0,True,0.01,0.95,10.0,39600.0,0.938,0.139
13137,1 - 1 - 2022,19800.0,8.590692637965812,7.498939925082745,10.0,0.0198,0.0158489,0.0251189,0.0272,0.0,0.05,1.67,1.5,2.0,39.2,0.622,2.18,1.0,True,0.01,0.95,10.0,39600.0,0.938,0.139
13138,1 - 1 - 2022,19800.0,9.049861877399014,7.498939925082745,10.0,0.0197,0.0158489,0.0251189,0.0369,0.0,0.05,2.5,2.0,4.0,3.26,0.0897,0.0,1.0,True,0.01,0.95,10.0,39600.0,0.938,0.139
13139,1 - 1 - 2022,19800.0,8.83742043811428,7.498939925082745,10.0,0.0198,0.0158489,0.0251189,0.0699,0.05,0.1,0.0343,0.0,0.05,501.0,7.03,131.0,1.0,True,0.01,0.95,10.0,39600.0,0.938,0.139
13140,1 - 1 - 2022,19800.0,8.602325267042627,7.498939925082745,10.0,0.0204,0.0158489,0.0251189,0.0703,0.05,0.1,0.0734,0.05,0.1,1680.0,12.9,718.0,1.0,True,0.01,0.95,10.0,39600.0,0.938,0.139
13141,1 - 1 - 2022,19800.0,8.660254037844387,7.498939925082745,10.0,0.0201,0.0158489,0.0251189,0.0713,0.05,0.1,0.152,0.1,0.2,2190.0,10.4,947.0,1.0,True,0.01,0.95,10.0,39600.0,0.938,0.139
13142,1 - 1 - 2022,19800.0,8.62554346113913,7.498939925082745,10.0,0.0201,0.0158489,0.0251189,0.0714,0.05,0.1,0.252,0.2,0.3,2690.0,11.5,1070.0,1.0,True,0.01,0.95,10.0,39600.0,0.938,0.139
13143,1 - 1 - 2022,19800.0,8.608135686662937,7.498939925082745,10.0,0.0201,0.0158489,0.0251189,0.0737,0.05,0.1,0.35,0.3,0.4,3050.0,12.3,1270.0,1.0,True,0.01,0.95,10.0,39600.0,0.938,0.139
13144,1 - 1 - 2022,19800.0,8.567379996241558,7.498939925082745,10.0,0.0202,0.0158489,0.0251189,0.0722,0.05,0.1,0.448,0.4,0.5,2200.0,10.4,1100.0,1.0,True,0.01,0.95,10.0,39600.0,0.938,0.139
13145,1 - 1 - 2022,19800.0,8.61974477580398,7.498939925082745,10.0,0.0197,0.0158489,0.0251189,0.0734,0.05,0.1,0.546,0.5,0.6,1900.0,9.69,740.0,1.0,True,0.01,0.95,10.0,39600.0,0.938,0.139
13146,1 - 1 - 2022,19800.0,8.590692637965812,7.498939925082745,10.0,0.02,0.0158489,0.0251189,0.0747,0.05,0.1,0.649,0.6,0.7,1510.0,8.64,446.0,1.0,True,0.01,0.95,10.0,39600.0,0.938,0.139
13147,1 - 1 - 2022,19800.0,8.689073598491383,7.498939925082745,10.0,0.0198,0.0158489,0.0251189,0.0751,0.05,0.1,0.746,0.7,0.8,1190.0,7.65,337.0,1.0,True,0.01,0.95,10.0,39600.0,0.938,0.139
13148,1 - 1 - 2022,19800.0,8.61974477580398,7.498939925082745,10.0,0.0205,0.0158489,0.0251189,0.0777,0.05,0.1,0.845,0.8,0.9,805.0,6.3,141.0,1.0,True,0.01,0.95,10.0,39600.0,0.938,0.139
13149,1 - 1 - 2022,19800.0,8.532291603080617,7.498939925082745,10.0,0.0201,0.0158489,0.0251189,0.0726,0.05,0.1,0.947,0.9,1.0,609.0,5.48,97.9,1.0,True,0.01,0.95,10.0,39600.0,0.938,0.139
13150,1 - 1 - 2022,19800.0,8.723531395025756,7.498939925082745,10.0,0.0197,0.0158489,0.0251189,0.0749,0.05,0.1,1.2,1.0,1.5,298.0,1.71,26.1,1.0,True,0.01,0.95,10.0,39600.0,0.938,0.139
13151,1 - 1 - 2022,19800.0,8.780660567406077,7.498939925082745,10.0,0.0199,0.0158489,0.0251189,0.0716,0.05,0.1,1.68,1.5,2.0,58.8,0.761,0.0,1.0,True,0.01,0.95,10.0,39600.0,0.938,0.139
13152,1 - 1 - 2022,19800.0,8.654478609367523,7.498939925082745,10.0,0.0192,0.0158489,0.0251189,0.0761,0.05,0.1,2.31,2.0,4.0,8.16,0.142,0.0,1.0,True,0.01,0.95,10.0,39600.0,0.938,0.139
13153,1 - 1 - 2022,19800.0,8.608135686662937,7.498939925082745,10.0,0.0203,0.0158489,0.0251189,0.123,0.1,0.15,0.0344,0.0,0.05,326.0,5.67,21.8,1.0,True,0.01,0.95,10.0,39600.0,0.938,0.139
13154,1 - 1 - 2022,19800.0,8.491171886141512,7.498939925082745,10.0,0.0198,0.0158489,0.0251189,0.125,0.1,0.15,0.0783,0.05,0.1,653.0,8.02,65.3,1.0,True,0.01,0.95,10.0,39600.0,0.938,0.139
13155,1 - 1 - 2022,19800.0,8.47938677028003,7.498939925082745,10.0,0.0204,0.0158489,0.0251189,0.123,0.1,0.15,0.153,0.1,0.2,1230.0,7.79,120.0,1.0,True,0.01,0.95,10.0,39600.0,0.938,0.139
13156,1 - 1 - 2022,19800.0,8.602325267042627,7.498939925082745,10.0,0.0202,0.0158489,0.0251189,0.123,0.1,0.15,0.253,0.2,0.3,1530.0,8.7,207.0,1.0,True,0.01,0.95,10.0,39600.0,0.938,0.139
13157,1 - 1 - 2022,19800.0,8.526429498916883,7.498939925082745,10.0,0.0205,0.0158489,0.0251189,0.122,0.1,0.15,0.348,0.3,0.4,1780.0,9.38,283.0,1.0,True,0.01,0.95,10.0,39600.0,0.938,0.139
13158,1 - 1 - 2022,19800.0,8.514693182963201,7.498939925082745,10.0,0.0199,0.0158489,0.0251189,0.122,0.1,0.15,0.45,0.4,0.5,1660.0,9.06,250.0,1.0,True,0.01,0.95,10.0,39600.0,0.938,0.139
13159,1 - 1 - 2022,19800.0,8.613942186943213,7.498939925082745,10.0,0.0205,0.0158489,0.0251189,0.123,0.1,0.15,0.55,0.5,0.6,1310.0,8.02,283.0,1.0,True,0.01,0.95,10.0,39600.0,0.938,0.139
13160,1 - 1 - 2022,19800.0,8.502940667792526,7.498939925082745,10.0,0.0201,0.0158489,0.0251189,0.125,0.1,0.15,0.646,0.6,0.7,871.0,6.55,218.0,1.0,True,0.01,0.95,10.0,39600.0,0.938,0.139
13161,1 - 1 - 2022,19800.0,8.579044235810887,7.498939925082745,10.0,0.0204,0.0158489,0.0251189,0.121,0.1,0.15,0.748,0.7,0.8,740.0,6.04,185.0,1.0,True,0.01,0.95,10.0,39600.0,0.938,0.139
13162,1 - 1 - 2022,19800.0,8.654478609367523,7.498939925082745,10.0,0.0207,0.0158489,0.0251189,0.119,0.1,0.15,0.851,0.8,0.9,511.0,5.02,97.9,1.0,True,0.01,0.95,10.0,39600.0,0.938,0.139
13163,1 - 1 - 2022,19800.0,8.700574693662482,7.498939925082745,10.0,0.0197,0.0158489,0.0251189,0.122,0.1,0.15,0.954,0.9,1.0,370.0,4.27,65.3,1.0,True,0.01,0.95,10.0,39600.0,0.938,0.139
13164,1 - 1 - 2022,19800.0,8.677557259966655,7.498939925082745,10.0,0.0199,0.0158489,0.0251189,0.123,0.1,0.15,1.18,1.0,1.5,222.0,1.48,30.5,1.0,True,0.01,0.95,10.0,39600.0,0.938,0.139
13165,1 - 1 - 2022,19800.0,8.820430828479978,7.498939925082745,10.0,0.0204,0.0158489,0.0251189,0.127,0.1,0.15,1.67,1.5,2.0,67.5,0.816,4.35,1.0,True,0.01,0.95,10.0,39600.0,0.938,0.139
13166,1 - 1 - 2022,19800.0,8.683317338436964,7.498939925082745,10.0,0.0199,0.0158489,0.0251189,0.125,0.1,0.15,2.52,2.0,4.0,18.5,0.214,0.544,1.0,True,0.01,0.95,10.0,39600.0,0.938,0.139
13167,1 - 1 - 2022,19800.0,8.706319543871567,7.498939925082745,10.0,0.0177,0.0158489,0.0251189,0.173,0.15,0.2,0.0331,0.0,0.05,174.0,4.14,0.0,1.0,True,0.01,0.95,10.0,39600.0,0.938,0.139
13168,1 - 1 - 2022,19800.0,8.526429498916883,7.498939925082745,10.0,0.0205,0.0158489,0.0251189,0.169,0.15,0.2,0.0799,0.05,0.1,457.0,6.71,0.0,1.0,True,0.01,0.95,10.0,39600.0,0.938,0.139
13169,1 - 1 - 2022,19800.0,8.549853799919621,7.498939925082745,10.0,0.0198,0.0158489,0.0251189,0.175,0.15,0.2,0.154,0.1,0.2,599.0,5.43,0.0,1.0,True,0.01,0.95,10.0,39600.0,0.938,0.139
13170,1 - 1 - 2022,19800.0,8.602325267042627,7.498939925082745,10.0,0.02,0.0158489,0.0251189,0.173,0.15,0.2,0.255,0.2,0.3,947.0,6.83,0.0,1.0,True,0.01,0.95,10.0,39600.0,0.938,0.139
13171,1 - 1 - 2022,19800.0,8.54400374531753,7.498939925082745,10.0,0.02,0.0158489,0.0251189,0.173,0.15,0.2,0.346,0.3,0.4,1070.0,7.25,0.0,1.0,True,0.01,0.95,10.0,39600.0,0.938,0.139
13172,1 - 1 - 2022,19800.0,8.596510920134982,7.498939925082745,10.0,0.0208,0.0158489,0.0251189,0.17,0.15,0.2,0.447,0.4,0.5,1010.0,7.06,10.9,1.0,True,0.01,0.95,10.0,39600.0,0.938,0.139
13173,1 - 1 - 2022,19800.0,8.555699854482976,7.498939925082745,10.0,0.0201,0.0158489,0.0251189,0.173,0.15,0.2,0.554,0.5,0.6,729.0,6.0,0.0,1.0,True,0.01,0.95,10.0,39600.0,0.938,0.139
13174,1 - 1 - 2022,19800.0,8.689073598491383,7.498939925082745,10.0,0.0206,0.0158489,0.0251189,0.171,0.15,0.2,0.651,0.6,0.7,838.0,6.43,21.8,1.0,True,0.01,0.95,10.0,39600.0,0.938,0.139
13175,1 - 1 - 2022,19800.0,8.561541917201597,7.498939925082745,10.0,0.0202,0.0158489,0.0251189,0.175,0.15,0.2,0.749,0.7,0.8,533.0,5.13,32.6,1.0,True,0.01,0.95,10.0,39600.0,0.938,0.139
13176,1 - 1 - 2022,19800.0,8.532291603080617,7.498939925082745,10.0,0.0198,0.0158489,0.0251189,0.171,0.15,0.2,0.847,0.8,0.9,468.0,4.8,65.3,1.0,True,0.01,0.95,10.0,39600.0,0.938,0.139
13177,1 - 1 - 2022,19800.0,8.631338250816034,7.498939925082745,10.0,0.0202,0.0158489,0.0251189,0.181,0.15,0.2,0.944,0.9,1.0,326.0,4.01,32.7,1.0,True,0.01,0.95,10.0,39600.0,0.938,0.139
13178,1 - 1 - 2022,19800.0,8.74642784226795,7.498939925082745,10.0,0.0199,0.0158489,0.0251189,0.177,0.15,0.2,1.23,1.0,1.5,144.0,1.19,13.1,1.0,True,0.01,0.95,10.0,39600.0,0.938,0.139
13179,1 - 1 - 2022,19800.0,8.573214099741124,7.498939925082745,10.0,0.0199,0.0158489,0.0251189,0.172,0.15,0.2,1.74,1.5,2.0,63.1,0.789,15.2,1.0,True,0.01,0.95,10.0,39600.0,0.938,0.139
13180,1 - 1 - 2022,19800.0,8.561541917201597,7.498939925082745,10.0,0.0196,0.0158489,0.0251189,0.177,0.15,0.2,2.69,2.0,4.0,13.1,0.179,2.18,1.0,True,0.01,0.95,10.0,39600.0,0.938,0.139
13181,1 - 1 - 2022,19800.0,8.473488065725943,7.498939925082745,10.0,0.0203,0.0158489,0.0251189,0.22,0.2,0.25,0.0387,0.0,0.05,87.1,2.93,0.0,1.0,True,0.01,0.95,10.0,39600.0,0.938,0.139
13182,1 - 1 - 2022,19800.0,8.888194417315589,7.498939925082745,10.0,0.0215,0.0158489,0.0251189,0.22,0.2,0.25,0.0809,0.05,0.1,196.0,4.39,0.0,1.0,True,0.01,0.95,10.0,39600.0,0.938,0.139
13183,1 - 1 - 2022,19800.0,8.820430828479978,7.498939925082745,10.0,0.0195,0.0158489,0.0251189,0.225,0.2,0.25,0.154,0.1,0.2,381.0,4.33,0.0,1.0,True,0.01,0.95,10.0,39600.0,0.938,0.139
13184,1 - 1 - 2022,19800.0,8.372574275573792,7.498939925082745,10.0,0.0203,0.0158489,0.0251189,0.226,0.2,0.25,0.258,0.2,0.3,609.0,5.48,0.0,1.0,True,0.01,0.95,10.0,39600.0,0.938,0.139
13185,1 - 1 - 2022,19800.0,8.324662155306964,7.498939925082745,10.0,0.0203,0.0158489,0.0251189,0.225,0.2,0.25,0.354,0.3,0.4,686.0,5.81,0.0,1.0,True,0.01,0.95,10.0,39600.0,0.938,0.139
13186,1 - 1 - 2022,19800.0,8.67179335547152,7.498939925082745,10.0,0.0201,0.0158489,0.0251189,0.22,0.2,0.25,0.449,0.4,0.5,686.0,5.81,0.0,1.0,True,0.01,0.95,10.0,39600.0,0.938,0.139
13187,1 - 1 - 2022,19800.0,8.67179335547152,7.498939925082745,10.0,0.0194,0.0158489,0.0251189,0.224,0.2,0.25,0.559,0.5,0.6,620.0,5.53,10.9,1.0,True,0.01,0.95,10.0,39600.0,0.938,0.139
13188,1 - 1 - 2022,19800.0,8.613942186943213,7.498939925082745,10.0,0.0194,0.0158489,0.0251189,0.225,0.2,0.25,0.641,0.6,0.7,544.0,5.18,0.0,1.0,True,0.01,0.95,10.0,39600.0,0.938,0.139
13189,1 - 1 - 2022,19800.0,8.860022573334675,7.498939925082745,10.0,0.0197,0.0158489,0.0251189,0.227,0.2,0.25,0.746,0.7,0.8,403.0,4.45,0.0,1.0,True,0.01,0.95,10.0,39600.0,0.938,0.139
13190,1 - 1 - 2022,19800.0,8.660254037844387,7.498939925082745,10.0,0.0199,0.0158489,0.0251189,0.221,0.2,0.25,0.851,0.8,0.9,392.0,4.39,10.9,1.0,True,0.01,0.95,10.0,39600.0,0.938,0.139
13191,1 - 1 - 2022,19800.0,8.47938677028003,7.498939925082745,10.0,0.0194,0.0158489,0.0251189,0.223,0.2,0.25,0.956,0.9,1.0,250.0,3.51,0.0,1.0,True,0.01,0.95,10.0,39600.0,0.938,0.139
13192,1 - 1 - 2022,19800.0,8.64291617453276,7.498939925082745,10.0,0.0202,0.0158489,0.0251189,0.221,0.2,0.25,1.2,1.0,1.5,126.0,1.12,10.9,1.0,True,0.01,0.95,10.0,39600.0,0.938,0.139
13193,1 - 1 - 2022,19800.0,8.700574693662482,7.498939925082745,10.0,0.0198,0.0158489,0.0251189,0.229,0.2,0.25,1.68,1.5,2.0,41.3,0.638,8.71,1.0,True,0.01,0.95,10.0,39600.0,0.938,0.139
13194,1 - 1 - 2022,19800.0,8.79772697916911,7.498939925082745,10.0,0.0191,0.0158489,0.0251189,0.222,0.2,0.25,2.48,2.0,4.0,8.16,0.142,2.72,1.0,True,0.01,0.95,10.0,39600.0,0.938,0.139
13195,1 - 1 - 2022,19800.0,8.860022573334675,7.498939925082745,10.0,0.0206,0.0158489,0.0251189,0.268,0.25,0.3,0.0734,0.05,0.1,87.1,2.93,0.0,1.0,True,0.01,0.95,10.0,39600.0,0.938,0.139
13196,1 - 1 - 2022,19800.0,8.461678320522472,7.498939925082745,10.0,0.0199,0.0158489,0.0251189,0.272,0.25,0.3,0.154,0.1,0.2,294.0,3.81,0.0,1.0,True,0.01,0.95,10.0,39600.0,0.938,0.139
13197,1 - 1 - 2022,19800.0,8.654478609367523,7.498939925082745,10.0,0.0202,0.0158489,0.0251189,0.271,0.25,0.3,0.256,0.2,0.3,370.0,4.27,0.0,1.0,True,0.01,0.95,10.0,39600.0,0.938,0.139
13198,1 - 1 - 2022,19800.0,8.573214099741124,7.498939925082745,10.0,0.0199,0.0158489,0.0251189,0.274,0.25,0.3,0.35,0.3,0.4,501.0,4.97,0.0,1.0,True,0.01,0.95,10.0,39600.0,0.938,0.139
13199,1 - 1 - 2022,19800.0,8.438009243891594,7.498939925082745,10.0,0.0201,0.0158489,0.0251189,0.276,0.25,0.3,0.446,0.4,0.5,348.0,4.14,0.0,1.0,True,0.01,0.95,10.0,39600.0,0.938,0.139
13200,1 - 1 - 2022,19800.0,8.579044235810887,7.498939925082745,10.0,0.0206,0.0158489,0.0251189,0.276,0.25,0.3,0.55,0.5,0.6,413.0,4.51,0.0,1.0,True,0.01,0.95,10.0,39600.0,0.938,0.139
13201,1 - 1 - 2022,19800.0,8.717797887081348,7.498939925082745,10.0,0.0202,0.0158489,0.0251189,0.272,0.25,0.3,0.643,0.6,0.7,294.0,3.81,0.0,1.0,True,0.01,0.95,10.0,39600.0,0.938,0.139
13202,1 - 1 - 2022,19800.0,8.683317338436964,7.498939925082745,10.0,0.019,0.0158489,0.0251189,0.278,0.25,0.3,0.746,0.7,0.8,196.0,3.11,0.0,1.0,True,0.01,0.95,10.0,39600.0,0.938,0.139
13203,1 - 1 - 2022,19800.0,8.497058314499201,7.498939925082745,10.0,0.0206,0.0158489,0.0251189,0.275,0.25,0.3,0.844,0.8,0.9,305.0,3.88,0.0,1.0,True,0.01,0.95,10.0,39600.0,0.938,0.139
13204,1 - 1 - 2022,19800.0,8.631338250816034,7.498939925082745,10.0,0.0195,0.0158489,0.0251189,0.278,0.25,0.3,0.953,0.9,1.0,229.0,3.36,0.0,1.0,True,0.01,0.95,10.0,39600.0,0.938,0.139
13205,1 - 1 - 2022,19800.0,8.520563361656317,7.498939925082745,10.0,0.0203,0.0158489,0.0251189,0.276,0.25,0.3,1.2,1.0,1.5,71.8,0.842,10.9,1.0,True,0.01,0.95,10.0,39600.0,0.938,0.139
13206,1 - 1 - 2022,19800.0,8.567379996241558,7.498939925082745,10.0,0.0207,0.0158489,0.0251189,0.271,0.25,0.3,1.74,1.5,2.0,26.1,0.507,6.53,1.0,True,0.01,0.95,10.0,39600.0,0.938,0.139
13207,1 - 1 - 2022,19800.0,8.83742043811428,7.498939925082745,10.0,0.0201,0.0158489,0.0251189,0.276,0.25,0.3,2.64,2.0,4.0,5.44,0.116,2.72,1.0,True,0.01,0.95,10.0,39600.0,0.938,0.139
13208,1 - 1 - 2022,19800.0,8.83742043811428,7.498939925082745,10.0,0.0213,0.0158489,0.0251189,0.341,0.3,0.4,0.0763,0.05,0.1,65.3,1.79,0.0,1.0,True,0.01,0.95,10.0,39600.0,0.938,0.139
13209,1 - 1 - 2022,19800.0,8.5848704125339,7.498939925082745,10.0,0.0197,0.0158489,0.0251189,0.344,0.3,0.4,0.152,0.1,0.2,141.0,1.87,0.0,1.0,True,0.01,0.95,10.0,39600.0,0.938,0.139
13210,1 - 1 - 2022,19800.0,8.573214099741124,7.498939925082745,10.0,0.0197,0.0158489,0.0251189,0.345,0.3,0.4,0.246,0.2,0.3,207.0,2.26,0.0,1.0,True,0.01,0.95,10.0,39600.0,0.938,0.139
13211,1 - 1 - 2022,19800.0,8.402380615040002,7.498939925082745,10.0,0.0198,0.0158489,0.0251189,0.335,0.3,0.4,0.347,0.3,0.4,212.0,2.29,0.0,1.0,True,0.01,0.95,10.0,39600.0,0.938,0.139
13212,1 - 1 - 2022,19800.0,8.366600265340756,7.498939925082745,10.0,0.0204,0.0158489,0.0251189,0.342,0.3,0.4,0.443,0.4,0.5,234.0,2.4,0.0,1.0,True,0.01,0.95,10.0,39600.0,0.938,0.139
13213,1 - 1 - 2022,19800.0,8.514693182963201,7.498939925082745,10.0,0.0203,0.0158489,0.0251189,0.351,0.3,0.4,0.544,0.5,0.6,180.0,2.1,0.0,1.0,True,0.01,0.95,10.0,39600.0,0.938,0.139
13214,1 - 1 - 2022,19800.0,8.717797887081348,7.498939925082745,10.0,0.0201,0.0158489,0.0251189,0.344,0.3,0.4,0.645,0.6,0.7,218.0,2.32,0.0,1.0,True,0.01,0.95,10.0,39600.0,0.938,0.139
13215,1 - 1 - 2022,19800.0,8.67179335547152,7.498939925082745,10.0,0.0191,0.0158489,0.0251189,0.346,0.3,0.4,0.754,0.7,0.8,152.0,1.94,5.44,1.0,True,0.01,0.95,10.0,39600.0,0.938,0.139
13216,1 - 1 - 2022,19800.0,8.79772697916911,7.498939925082745,10.0,0.0203,0.0158489,0.0251189,0.341,0.3,0.4,0.852,0.8,0.9,92.5,1.51,10.9,1.0,True,0.01,0.95,10.0,39600.0,0.938,0.139
13217,1 - 1 - 2022,19800.0,8.854377448471462,7.498939925082745,10.0,0.0204,0.0158489,0.0251189,0.338,0.3,0.4,0.955,0.9,1.0,136.0,1.83,16.3,1.0,True,0.01,0.95,10.0,39600.0,0.938,0.139
13218,1 - 1 - 2022,19800.0,8.752142594816426,7.498939925082745,10.0,0.0203,0.0158489,0.0251189,0.346,0.3,0.4,1.17,1.0,1.5,40.3,0.445,10.9,1.0,True,0.01,0.95,10.0,39600.0,0.938,0.139
13219,1 - 1 - 2022,19800.0,8.491171886141512,7.498939925082745,10.0,0.0204,0.0158489,0.0251189,0.347,0.3,0.4,1.73,1.5,2.0,20.7,0.319,7.62,1.0,True,0.01,0.95,10.0,39600.0,0.938,0.139
13220,1 - 1 - 2022,19800.0,8.729261137118078,7.498939925082745,10.0,0.02,0.0158489,0.0251189,0.356,0.3,0.4,2.79,2.0,4.0,4.08,0.0709,1.63,1.0,True,0.01,0.95,10.0,39600.0,0.938,0.139
13221,1 - 1 - 2022,19800.0,8.654478609367523,7.498939925082745,10.0,0.0172,0.0158489,0.0251189,0.445,0.4,0.5,0.0818,0.05,0.1,32.6,1.27,0.0,1.0,True,0.01,0.95,10.0,39600.0,0.938,0.139
13222,1 - 1 - 2022,19800.0,8.972179222463181,7.498939925082745,10.0,0.0188,0.0158489,0.0251189,0.448,0.4,0.5,0.156,0.1,0.2,81.6,1.42,5.44,1.0,True,0.01,0.95,10.0,39600.0,0.938,0.139
13223,1 - 1 - 2022,19800.0,8.532291603080617,7.498939925082745,10.0,0.0197,0.0158489,0.0251189,0.45,0.4,0.5,0.252,0.2,0.3,141.0,1.87,5.44,1.0,True,0.01,0.95,10.0,39600.0,0.938,0.139
13224,1 - 1 - 2022,19800.0,8.294576541331088,7.498939925082745,10.0,0.0202,0.0158489,0.0251189,0.442,0.4,0.5,0.351,0.3,0.4,125.0,1.76,16.3,1.0,True,0.01,0.95,10.0,39600.0,0.938,0.139
13225,1 - 1 - 2022,19800.0,8.306623862918075,7.498939925082745,10.0,0.0197,0.0158489,0.0251189,0.442,0.4,0.5,0.45,0.4,0.5,114.0,1.68,27.2,1.0,True,0.01,0.95,10.0,39600.0,0.938,0.139
13226,1 - 1 - 2022,19800.0,8.300602387778854,7.498939925082745,10.0,0.0199,0.0158489,0.0251189,0.441,0.4,0.5,0.55,0.5,0.6,97.9,1.55,16.3,1.0,True,0.01,0.95,10.0,39600.0,0.938,0.139
13227,1 - 1 - 2022,19800.0,8.631338250816034,7.498939925082745,10.0,0.02,0.0158489,0.0251189,0.439,0.4,0.5,0.646,0.6,0.7,125.0,1.76,16.3,1.0,True,0.01,0.95,10.0,39600.0,0.938,0.139
13228,1 - 1 - 2022,19800.0,8.47938677028003,7.498939925082745,10.0,0.0206,0.0158489,0.0251189,0.428,0.4,0.5,0.758,0.7,0.8,59.9,1.21,16.3,1.0,True,0.01,0.95,10.0,39600.0,0.938,0.139
13229,1 - 1 - 2022,19800.0,8.61974477580398,7.498939925082745,10.0,0.0201,0.0158489,0.0251189,0.452,0.4,0.5,0.845,0.8,0.9,87.1,1.46,32.6,1.0,True,0.01,0.95,10.0,39600.0,0.938,0.139
13230,1 - 1 - 2022,19800.0,8.694826047713663,7.498939925082745,10.0,0.0215,0.0158489,0.0251189,0.439,0.4,0.5,0.94,0.9,1.0,54.4,1.16,27.2,1.0,True,0.01,0.95,10.0,39600.0,0.938,0.139
13231,1 - 1 - 2022,19800.0,8.561541917201597,7.498939925082745,10.0,0.0203,0.0158489,0.0251189,0.447,0.4,0.5,1.17,1.0,1.5,23.9,0.344,9.79,1.0,True,0.01,0.95,10.0,39600.0,0.938,0.139
13232,1 - 1 - 2022,19800.0,8.46758525200662,7.498939925082745,10.0,0.0211,0.0158489,0.0251189,0.443,0.4,0.5,1.71,1.5,2.0,13.1,0.254,8.7,1.0,True,0.01,0.95,10.0,39600.0,0.938,0.139
13233,1 - 1 - 2022,19800.0,8.491171886141512,7.498939925082745,10.0,0.0196,0.0158489,0.0251189,0.443,0.4,0.5,2.41,2.0,4.0,1.9,0.0484,1.09,1.0,True,0.01,0.95,10.0,39600.0,0.938,0.139
13234,1 - 1 - 2022,19800.0,8.87130204648675,7.498939925082745,10.0,0.0209,0.0158489,0.0251189,0.536,0.5,0.6,0.0763,0.05,0.1,32.6,1.27,21.8,1.0,True,0.01,0.95,10.0,39600.0,0.938,0.139
13235,1 - 1 - 2022,19800.0,8.67179335547152,7.498939925082745,10.0,0.0195,0.0158489,0.0251189,0.544,0.5,0.6,0.125,0.1,0.2,21.8,0.732,10.9,1.0,True,0.01,0.95,10.0,39600.0,0.938,0.139
13236,1 - 1 - 2022,19800.0,8.432081593533118,7.498939925082745,10.0,0.0203,0.0158489,0.0251189,0.548,0.5,0.6,0.247,0.2,0.3,54.4,1.16,43.5,1.0,True,0.01,0.95,10.0,39600.0,0.938,0.139
13237,1 - 1 - 2022,19800.0,8.677557259966655,7.498939925082745,10.0,0.0192,0.0158489,0.0251189,0.545,0.5,0.6,0.335,0.3,0.4,81.6,1.42,54.4,1.0,True,0.01,0.95,10.0,39600.0,0.938,0.139
13238,1 - 1 - 2022,19800.0,8.757853618324527,7.498939925082745,10.0,0.0203,0.0158489,0.0251189,0.545,0.5,0.6,0.449,0.4,0.5,76.2,1.37,59.8,1.0,True,0.01,0.95,10.0,39600.0,0.938,0.139
13239,1 - 1 - 2022,19800.0,8.130190649671137,7.498939925082745,10.0,0.0211,0.0158489,0.0251189,0.543,0.5,0.6,0.566,0.5,0.6,43.5,1.04,21.8,1.0,True,0.01,0.95,10.0,39600.0,0.938,0.139
13240,1 - 1 - 2022,19800.0,8.769264507357502,7.498939925082745,10.0,0.0198,0.0158489,0.0251189,0.554,0.5,0.6,0.636,0.6,0.7,49.0,1.1,43.5,1.0,True,0.01,0.95,10.0,39600.0,0.938,0.139
13241,1 - 1 - 2022,19800.0,8.723531395025756,7.498939925082745,10.0,0.0189,0.0158489,0.0251189,0.53,0.5,0.6,0.756,0.7,0.8,16.3,0.634,10.9,1.0,True,0.01,0.95,10.0,39600.0,0.938,0.139
13242,1 - 1 - 2022,19800.0,8.949860334105779,7.498939925082745,10.0,0.0196,0.0158489,0.0251189,0.546,0.5,0.6,0.854,0.8,0.9,38.1,0.969,16.3,1.0,True,0.01,0.95,10.0,39600.0,0.938,0.139
13243,1 - 1 - 2022,19800.0,8.246211251235321,7.498939925082745,10.0,0.018,0.0158489,0.0251189,0.55,0.5,0.6,0.978,0.9,1.0,21.8,0.732,16.3,1.0,True,0.01,0.95,10.0,39600.0,0.938,0.139
13244,1 - 1 - 2022,19800.0,8.972179222463181,7.498939925082745,10.0,0.0201,0.0158489,0.0251189,0.546,0.5,0.6,1.2,1.0,1.5,17.4,0.293,14.1,1.0,True,0.01,0.95,10.0,39600.0,0.938,0.139
13245,1 - 1 - 2022,19800.0,8.48528137423857,7.498939925082745,10.0,0.0216,0.0158489,0.0251189,0.56,0.5,0.6,1.65,1.5,2.0,7.62,0.194,4.35,1.0,True,0.01,0.95,10.0,39600.0,0.938,0.139
13246,1 - 1 - 2022,19800.0,8.860022573334675,7.498939925082745,10.0,0.0202,0.0158489,0.0251189,0.536,0.5,0.6,2.53,2.0,4.0,1.63,0.0448,0.816,1.0,True,0.01,0.95,10.0,39600.0,0.938,0.139
13247,1 - 1 - 2022,19800.0,8.366600265340756,7.498939925082745,10.0,0.0208,0.0158489,0.0251189,0.646,0.6,0.7,1.2,1.0,1.5,4.35,0.147,2.18,1.0,True,0.01,0.95,10.0,39600.0,0.938,0.139
13248,1 - 1 - 2022,19800.0,8.473488065725943,7.498939925082745,10.0,0.0209,0.0158489,0.0251189,0.638,0.6,0.7,1.69,1.5,2.0,3.26,0.127,2.18,1.0,True,0.01,0.95,10.0,39600.0,0.938,0.139
13249,1 - 1 - 2022,19800.0,8.712060605849802,7.498939925082745,10.0,0.0318,0.0251189,0.0398107,0.0253,0.0,0.05,0.033,0.0,0.05,412.0,5.06,371.0,1.0,True,0.01,0.95,10.0,39600.0,0.938,0.139
13250,1 - 1 - 2022,19800.0,8.508818954473059,7.498939925082745,10.0,0.0317,0.0251189,0.0398107,0.025,0.0,0.05,0.0766,0.05,0.1,1150.0,8.47,810.0,1.0,True,0.01,0.95,10.0,39600.0,0.938,0.139
13251,1 - 1 - 2022,19800.0,8.677557259966655,7.498939925082745,10.0,0.0315,0.0251189,0.0398107,0.0237,0.0,0.05,0.154,0.1,0.2,2250.0,8.37,1560.0,1.0,True,0.01,0.95,10.0,39600.0,0.938,0.139
13252,1 - 1 - 2022,19800.0,8.637129152675673,7.498939925082745,10.0,0.0316,0.0251189,0.0398107,0.0228,0.0,0.05,0.252,0.2,0.3,3450.0,10.4,1880.0,1.0,True,0.01,0.95,10.0,39600.0,0.938,0.139
13253,1 - 1 - 2022,19800.0,8.608135686662937,7.498939925082745,10.0,0.0314,0.0251189,0.0398107,0.0213,0.0,0.05,0.351,0.3,0.4,3710.0,10.7,1410.0,1.0,True,0.01,0.95,10.0,39600.0,0.938,0.139
13254,1 - 1 - 2022,19800.0,8.677557259966655,7.498939925082745,10.0,0.0321,0.0251189,0.0398107,0.0215,0.0,0.05,0.447,0.4,0.5,3670.0,10.7,1060.0,1.0,True,0.01,0.95,10.0,39600.0,0.938,0.139
13255,1 - 1 - 2022,19800.0,8.613942186943213,7.498939925082745,10.0,0.0317,0.0251189,0.0398107,0.0204,0.0,0.05,0.551,0.5,0.6,2490.0,8.8,666.0,1.0,True,0.01,0.95,10.0,39600.0,0.938,0.139
13256,1 - 1 - 2022,19800.0,8.61974477580398,7.498939925082745,10.0,0.0317,0.0251189,0.0398107,0.0234,0.0,0.05,0.648,0.6,0.7,2000.0,7.88,597.0,1.0,True,0.01,0.95,10.0,39600.0,0.938,0.139
13257,1 - 1 - 2022,19800.0,8.613942186943213,7.498939925082745,10.0,0.0313,0.0251189,0.0398107,0.0225,0.0,0.05,0.749,0.7,0.8,1220.0,6.17,288.0,1.0,True,0.01,0.95,10.0,39600.0,0.938,0.139
13258,1 - 1 - 2022,19800.0,8.729261137118078,7.498939925082745,10.0,0.0318,0.0251189,0.0398107,0.0227,0.0,0.05,0.844,0.8,0.9,858.0,5.17,185.0,1.0,True,0.01,0.95,10.0,39600.0,0.938,0.139
13259,1 - 1 - 2022,19800.0,8.712060605849802,7.498939925082745,10.0,0.031,0.0251189,0.0398107,0.0263,0.0,0.05,0.947,0.9,1.0,487.0,3.89,82.4,1.0,True,0.01,0.95,10.0,39600.0,0.938,0.139
13260,1 - 1 - 2022,19800.0,8.61974477580398,7.498939925082745,10.0,0.0319,0.0251189,0.0398107,0.0268,0.0,0.05,1.18,1.0,1.5,151.0,0.969,13.7,1.0,True,0.01,0.95,10.0,39600.0,0.938,0.139
13261,1 - 1 - 2022,19800.0,8.666025617317317,7.498939925082745,10.0,0.0301,0.0251189,0.0398107,0.0282,0.0,0.05,1.58,1.5,2.0,13.7,0.292,2.75,1.0,True,0.01,0.95,10.0,39600.0,0.938,0.139
13262,1 - 1 - 2022,19800.0,8.215838362577491,7.498939925082745,10.0,0.0289,0.0251189,0.0398107,0.0268,0.0,0.05,3.2,2.0,4.0,0.343,0.0231,0.0,1.0,True,0.01,0.95,10.0,39600.0,0.938,0.139
13263,1 - 1 - 2022,19800.0,8.567379996241558,7.498939925082745,10.0,0.0316,0.0251189,0.0398107,0.0734,0.05,0.1,0.0343,0.0,0.05,247.0,3.92,179.0,1.0,True,0.01,0.95,10.0,39600.0,0.938,0.139
13264,1 - 1 - 2022,19800.0,8.61974477580398,7.498939925082745,10.0,0.0306,0.0251189,0.0398107,0.0735,0.05,0.1,0.077,0.05,0.1,810.0,7.1,632.0,1.0,True,0.01,0.95,10.0,39600.0,0.938,0.139
13265,1 - 1 - 2022,19800.0,8.637129152675673,7.498939925082745,10.0,0.0319,0.0251189,0.0398107,0.0727,0.05,0.1,0.153,0.1,0.2,1070.0,5.77,783.0,1.0,True,0.01,0.95,10.0,39600.0,0.938,0.139
13266,1 - 1 - 2022,19800.0,8.532291603080617,7.498939925082745,10.0,0.0319,0.0251189,0.0398107,0.0719,0.05,0.1,0.249,0.2,0.3,1500.0,6.82,1050.0,1.0,True,0.01,0.95,10.0,39600.0,0.938,0.139
13267,1 - 1 - 2022,19800.0,8.666025617317317,7.498939925082745,10.0,0.0316,0.0251189,0.0398107,0.073,0.05,0.1,0.352,0.3,0.4,1520.0,6.87,742.0,1.0,True,0.01,0.95,10.0,39600.0,0.938,0.139
13268,1 - 1 - 2022,19800.0,8.694826047713663,7.498939925082745,10.0,0.0317,0.0251189,0.0398107,0.0704,0.05,0.1,0.447,0.4,0.5,1410.0,6.62,590.0,1.0,True,0.01,0.95,10.0,39600.0,0.938,0.139
13269,1 - 1 - 2022,19800.0,8.631338250816034,7.498939925082745,10.0,0.0317,0.0251189,0.0398107,0.0723,0.05,0.1,0.544,0.5,0.6,1120.0,5.9,508.0,1.0,True,0.01,0.95,10.0,39600.0,0.938,0.139
13270,1 - 1 - 2022,19800.0,8.455767262643882,7.498939925082745,10.0,0.0315,0.0251189,0.0398107,0.0722,0.05,0.1,0.648,0.6,0.7,934.0,5.39,330.0,1.0,True,0.01,0.95,10.0,39600.0,0.938,0.139
13271,1 - 1 - 2022,19800.0,8.602325267042627,7.498939925082745,10.0,0.0313,0.0251189,0.0398107,0.0741,0.05,0.1,0.75,0.7,0.8,769.0,4.89,254.0,1.0,True,0.01,0.95,10.0,39600.0,0.938,0.139
13272,1 - 1 - 2022,19800.0,8.532291603080617,7.498939925082745,10.0,0.0318,0.0251189,0.0398107,0.0747,0.05,0.1,0.85,0.8,0.9,536.0,4.08,158.0,1.0,True,0.01,0.95,10.0,39600.0,0.938,0.139
13273,1 - 1 - 2022,19800.0,8.573214099741124,7.498939925082745,10.0,0.0323,0.0251189,0.0398107,0.0727,0.05,0.1,0.942,0.9,1.0,398.0,3.52,82.4,1.0,True,0.01,0.95,10.0,39600.0,0.938,0.139
13274,1 - 1 - 2022,19800.0,8.700574693662482,7.498939925082745,10.0,0.032,0.0251189,0.0398107,0.0747,0.05,0.1,1.18,1.0,1.5,162.0,1.0,19.2,1.0,True,0.01,0.95,10.0,39600.0,0.938,0.139
13275,1 - 1 - 2022,19800.0,8.734987120768983,7.498939925082745,10.0,0.0316,0.0251189,0.0398107,0.0778,0.05,0.1,1.66,1.5,2.0,52.2,0.57,0.0,1.0,True,0.01,0.95,10.0,39600.0,0.938,0.139
13276,1 - 1 - 2022,19800.0,8.694826047713663,7.498939925082745,10.0,0.0296,0.0251189,0.0398107,0.0768,0.05,0.1,2.23,2.0,4.0,3.78,0.0766,0.0,1.0,True,0.01,0.95,10.0,39600.0,0.938,0.139
13277,1 - 1 - 2022,19800.0,8.83742043811428,7.498939925082745,10.0,0.0311,0.0251189,0.0398107,0.123,0.1,0.15,0.0327,0.0,0.05,137.0,2.92,0.0,1.0,True,0.01,0.95,10.0,39600.0,0.938,0.139
13278,1 - 1 - 2022,19800.0,8.44393273303382,7.498939925082745,10.0,0.0332,0.0251189,0.0398107,0.122,0.1,0.15,0.0768,0.05,0.1,412.0,5.06,68.7,1.0,True,0.01,0.95,10.0,39600.0,0.938,0.139
13279,1 - 1 - 2022,19800.0,8.573214099741124,7.498939925082745,10.0,0.0326,0.0251189,0.0398107,0.125,0.1,0.15,0.158,0.1,0.2,618.0,4.38,54.9,1.0,True,0.01,0.95,10.0,39600.0,0.938,0.139
13280,1 - 1 - 2022,19800.0,8.549853799919621,7.498939925082745,10.0,0.0315,0.0251189,0.0398107,0.122,0.1,0.15,0.244,0.2,0.3,1060.0,5.75,124.0,1.0,True,0.01,0.95,10.0,39600.0,0.938,0.139
13281,1 - 1 - 2022,19800.0,8.62554346113913,7.498939925082745,10.0,0.0328,0.0251189,0.0398107,0.123,0.1,0.15,0.349,0.3,0.4,845.0,5.13,117.0,1.0,True,0.01,0.95,10.0,39600.0,0.938,0.139
13282,1 - 1 - 2022,19800.0,8.573214099741124,7.498939925082745,10.0,0.032,0.0251189,0.0398107,0.124,0.1,0.15,0.451,0.4,0.5,1020.0,5.64,117.0,1.0,True,0.01,0.95,10.0,39600.0,0.938,0.139
13283,1 - 1 - 2022,19800.0,8.717797887081348,7.498939925082745,10.0,0.0315,0.0251189,0.0398107,0.122,0.1,0.15,0.546,0.5,0.6,556.0,4.16,89.3,1.0,True,0.01,0.95,10.0,39600.0,0.938,0.139
13284,1 - 1 - 2022,19800.0,8.694826047713663,7.498939925082745,10.0,0.031,0.0251189,0.0398107,0.125,0.1,0.15,0.649,0.6,0.7,673.0,4.57,75.5,1.0,True,0.01,0.95,10.0,39600.0,0.938,0.139
13285,1 - 1 - 2022,19800.0,8.654478609367523,7.498939925082745,10.0,0.0315,0.0251189,0.0398107,0.124,0.1,0.15,0.742,0.7,0.8,494.0,3.92,75.5,1.0,True,0.01,0.95,10.0,39600.0,0.938,0.139
13286,1 - 1 - 2022,19800.0,8.461678320522472,7.498939925082745,10.0,0.0317,0.0251189,0.0398107,0.123,0.1,0.15,0.854,0.8,0.9,384.0,3.46,54.9,1.0,True,0.01,0.95,10.0,39600.0,0.938,0.139
13287,1 - 1 - 2022,19800.0,8.526429498916883,7.498939925082745,10.0,0.0329,0.0251189,0.0398107,0.126,0.1,0.15,0.94,0.9,1.0,233.0,2.69,34.3,1.0,True,0.01,0.95,10.0,39600.0,0.938,0.139
13288,1 - 1 - 2022,19800.0,8.637129152675673,7.498939925082745,10.0,0.0319,0.0251189,0.0398107,0.121,0.1,0.15,1.18,1.0,1.5,113.0,0.837,16.5,1.0,True,0.01,0.95,10.0,39600.0,0.938,0.139
13289,1 - 1 - 2022,19800.0,8.514693182963201,7.498939925082745,10.0,0.0324,0.0251189,0.0398107,0.124,0.1,0.15,1.71,1.5,2.0,45.3,0.531,1.37,1.0,True,0.01,0.95,10.0,39600.0,0.938,0.139
13290,1 - 1 - 2022,19800.0,8.916277250063503,7.498939925082745,10.0,0.0315,0.0251189,0.0398107,0.123,0.1,0.15,2.41,2.0,4.0,5.15,0.0895,0.0,1.0,True,0.01,0.95,10.0,39600.0,0.938,0.139
13291,1 - 1 - 2022,19800.0,8.330666239863412,7.498939925082745,10.0,0.0298,0.0251189,0.0398107,0.174,0.15,0.2,0.0354,0.0,0.05,96.1,2.45,0.0,1.0,True,0.01,0.95,10.0,39600.0,0.938,0.139
13292,1 - 1 - 2022,19800.0,8.491171886141512,7.498939925082745,10.0,0.0313,0.0251189,0.0398107,0.17,0.15,0.2,0.0716,0.05,0.1,151.0,3.07,0.0,1.0,True,0.01,0.95,10.0,39600.0,0.938,0.139
13293,1 - 1 - 2022,19800.0,8.502940667792526,7.498939925082745,10.0,0.0317,0.0251189,0.0398107,0.17,0.15,0.2,0.154,0.1,0.2,391.0,3.49,6.87,1.0,True,0.01,0.95,10.0,39600.0,0.938,0.139
13294,1 - 1 - 2022,19800.0,8.602325267042627,7.498939925082745,10.0,0.0316,0.0251189,0.0398107,0.171,0.15,0.2,0.257,0.2,0.3,618.0,4.38,0.0,1.0,True,0.01,0.95,10.0,39600.0,0.938,0.139
13295,1 - 1 - 2022,19800.0,8.573214099741124,7.498939925082745,10.0,0.0322,0.0251189,0.0398107,0.172,0.15,0.2,0.348,0.3,0.4,488.0,3.89,0.0,1.0,True,0.01,0.95,10.0,39600.0,0.938,0.139
13296,1 - 1 - 2022,19800.0,8.631338250816034,7.498939925082745,10.0,0.0313,0.0251189,0.0398107,0.174,0.15,0.2,0.455,0.4,0.5,556.0,4.16,0.0,1.0,True,0.01,0.95,10.0,39600.0,0.938,0.139
13297,1 - 1 - 2022,19800.0,8.774964387392123,7.498939925082745,10.0,0.0327,0.0251189,0.0398107,0.171,0.15,0.2,0.553,0.5,0.6,487.0,3.89,0.0,1.0,True,0.01,0.95,10.0,39600.0,0.938,0.139
13298,1 - 1 - 2022,19800.0,8.549853799919621,7.498939925082745,10.0,0.0308,0.0251189,0.0398107,0.174,0.15,0.2,0.649,0.6,0.7,309.0,3.1,6.87,1.0,True,0.01,0.95,10.0,39600.0,0.938,0.139
13299,1 - 1 - 2022,19800.0,8.461678320522472,7.498939925082745,10.0,0.0313,0.0251189,0.0398107,0.174,0.15,0.2,0.749,0.7,0.8,213.0,2.57,6.86,1.0,True,0.01,0.95,10.0,39600.0,0.938,0.139
13300,1 - 1 - 2022,19800.0,8.324662155306964,7.498939925082745,10.0,0.033,0.0251189,0.0398107,0.172,0.15,0.2,0.845,0.8,0.9,261.0,2.85,27.5,1.0,True,0.01,0.95,10.0,39600.0,0.938,0.139
13301,1 - 1 - 2022,19800.0,8.740709353364863,7.498939925082745,10.0,0.0325,0.0251189,0.0398107,0.177,0.15,0.2,0.944,0.9,1.0,144.0,2.12,6.86,1.0,True,0.01,0.95,10.0,39600.0,0.938,0.139
13302,1 - 1 - 2022,19800.0,8.712060605849802,7.498939925082745,10.0,0.0322,0.0251189,0.0398107,0.175,0.15,0.2,1.22,1.0,1.5,83.8,0.722,8.24,1.0,True,0.01,0.95,10.0,39600.0,0.938,0.139
13303,1 - 1 - 2022,19800.0,8.826097665446492,7.498939925082745,10.0,0.0316,0.0251189,0.0398107,0.172,0.15,0.2,1.77,1.5,2.0,38.4,0.489,5.49,1.0,True,0.01,0.95,10.0,39600.0,0.938,0.139
13304,1 - 1 - 2022,19800.0,8.87130204648675,7.498939925082745,10.0,0.0322,0.0251189,0.0398107,0.171,0.15,0.2,2.77,2.0,4.0,5.49,0.0924,0.0,1.0,True,0.01,0.95,10.0,39600.0,0.938,0.139
13305,1 - 1 - 2022,19800.0,8.83742043811428,7.498939925082745,10.0,0.0332,0.0251189,0.0398107,0.207,0.2,0.25,0.0412,0.0,0.05,13.7,0.924,0.0,1.0,True,0.01,0.95,10.0,39600.0,0.938,0.139
13306,1 - 1 - 2022,19800.0,8.300602387778854,7.498939925082745,10.0,0.0317,0.0251189,0.0398107,0.217,0.2,0.25,0.0781,0.05,0.1,233.0,3.81,0.0,1.0,True,0.01,0.95,10.0,39600.0,0.938,0.139
13307,1 - 1 - 2022,19800.0,8.596510920134982,7.498939925082745,10.0,0.0326,0.0251189,0.0398107,0.226,0.2,0.25,0.157,0.1,0.2,213.0,2.57,0.0,1.0,True,0.01,0.95,10.0,39600.0,0.938,0.139
13308,1 - 1 - 2022,19800.0,8.402380615040002,7.498939925082745,10.0,0.0311,0.0251189,0.0398107,0.225,0.2,0.25,0.253,0.2,0.3,433.0,3.67,0.0,1.0,True,0.01,0.95,10.0,39600.0,0.938,0.139
13309,1 - 1 - 2022,19800.0,8.67179335547152,7.498939925082745,10.0,0.0316,0.0251189,0.0398107,0.222,0.2,0.25,0.349,0.3,0.4,453.0,3.75,0.0,1.0,True,0.01,0.95,10.0,39600.0,0.938,0.139
13310,1 - 1 - 2022,19800.0,8.64291617453276,7.498939925082745,10.0,0.0314,0.0251189,0.0398107,0.226,0.2,0.25,0.452,0.4,0.5,254.0,2.81,0.0,1.0,True,0.01,0.95,10.0,39600.0,0.938,0.139
13311,1 - 1 - 2022,19800.0,8.740709353364863,7.498939925082745,10.0,0.032,0.0251189,0.0398107,0.223,0.2,0.25,0.551,0.5,0.6,336.0,3.24,6.86,1.0,True,0.01,0.95,10.0,39600.0,0.938,0.139
13312,1 - 1 - 2022,19800.0,8.567379996241558,7.498939925082745,10.0,0.0328,0.0251189,0.0398107,0.222,0.2,0.25,0.646,0.6,0.7,330.0,3.2,0.0,1.0,True,0.01,0.95,10.0,39600.0,0.938,0.139
13313,1 - 1 - 2022,19800.0,8.780660567406077,7.498939925082745,10.0,0.0315,0.0251189,0.0398107,0.221,0.2,0.25,0.751,0.7,0.8,206.0,2.53,6.87,1.0,True,0.01,0.95,10.0,39600.0,0.938,0.139
13314,1 - 1 - 2022,19800.0,8.648699324175862,7.498939925082745,10.0,0.0301,0.0251189,0.0398107,0.224,0.2,0.25,0.849,0.8,0.9,144.0,2.12,0.0,1.0,True,0.01,0.95,10.0,39600.0,0.938,0.139
13315,1 - 1 - 2022,19800.0,8.402380615040002,7.498939925082745,10.0,0.031,0.0251189,0.0398107,0.22,0.2,0.25,0.948,0.9,1.0,165.0,2.26,6.87,1.0,True,0.01,0.95,10.0,39600.0,0.938,0.139
13316,1 - 1 - 2022,19800.0,8.573214099741124,7.498939925082745,10.0,0.0322,0.0251189,0.0398107,0.223,0.2,0.25,1.21,1.0,1.5,49.4,0.555,4.12,1.0,True,0.01,0.95,10.0,39600.0,0.938,0.139
13317,1 - 1 - 2022,19800.0,8.567379996241558,7.498939925082745,10.0,0.0322,0.0251189,0.0398107,0.218,0.2,0.25,1.74,1.5,2.0,22.0,0.37,2.75,1.0,True,0.01,0.95,10.0,39600.0,0.938,0.139
13318,1 - 1 - 2022,19800.0,8.461678320522472,7.498939925082745,10.0,0.0319,0.0251189,0.0398107,0.224,0.2,0.25,2.58,2.0,4.0,2.75,0.0654,0.343,1.0,True,0.01,0.95,10.0,39600.0,0.938,0.139
13319,1 - 1 - 2022,19800.0,8.549853799919621,7.498939925082745,10.0,0.0343,0.0251189,0.0398107,0.282,0.25,0.3,0.0382,0.0,0.05,54.9,1.85,0.0,1.0,True,0.01,0.95,10.0,39600.0,0.938,0.139
13320,1 - 1 - 2022,19800.0,8.209750300709517,7.498939925082745,10.0,0.0316,0.0251189,0.0398107,0.271,0.25,0.3,0.0671,0.05,0.1,110.0,2.61,0.0,1.0,True,0.01,0.95,10.0,39600.0,0.938,0.139
13321,1 - 1 - 2022,19800.0,8.432081593533118,7.498939925082745,10.0,0.0314,0.0251189,0.0398107,0.272,0.25,0.3,0.147,0.1,0.2,165.0,2.26,0.0,1.0,True,0.01,0.95,10.0,39600.0,0.938,0.139
13322,1 - 1 - 2022,19800.0,8.449852069711044,7.498939925082745,10.0,0.0326,0.0251189,0.0398107,0.27,0.25,0.3,0.248,0.2,0.3,192.0,2.45,0.0,1.0,True,0.01,0.95,10.0,39600.0,0.938,0.139
13323,1 - 1 - 2022,19800.0,8.712060605849802,7.498939925082745,10.0,0.0321,0.0251189,0.0398107,0.271,0.25,0.3,0.356,0.3,0.4,254.0,2.81,13.7,1.0,True,0.01,0.95,10.0,39600.0,0.938,0.139
13324,1 - 1 - 2022,19800.0,8.689073598491383,7.498939925082745,10.0,0.0312,0.0251189,0.0398107,0.275,0.25,0.3,0.45,0.4,0.5,247.0,2.77,0.0,1.0,True,0.01,0.95,10.0,39600.0,0.938,0.139
13325,1 - 1 - 2022,19800.0,8.579044235810887,7.498939925082745,10.0,0.0319,0.0251189,0.0398107,0.275,0.25,0.3,0.548,0.5,0.6,261.0,2.85,13.7,1.0,True,0.01,0.95,10.0,39600.0,0.938,0.139
13326,1 - 1 - 2022,19800.0,8.538149682454625,7.498939925082745,10.0,0.0311,0.0251189,0.0398107,0.275,0.25,0.3,0.655,0.6,0.7,199.0,2.49,6.86,1.0,True,0.01,0.95,10.0,39600.0,0.938,0.139
13327,1 - 1 - 2022,19800.0,8.48528137423857,7.498939925082745,10.0,0.0315,0.0251189,0.0398107,0.276,0.25,0.3,0.749,0.7,0.8,185.0,2.4,20.6,1.0,True,0.01,0.95,10.0,39600.0,0.938,0.139
13328,1 - 1 - 2022,19800.0,8.79772697916911,7.498939925082745,10.0,0.0322,0.0251189,0.0398107,0.274,0.25,0.3,0.853,0.8,0.9,82.4,1.6,13.7,1.0,True,0.01,0.95,10.0,39600.0,0.938,0.139
13329,1 - 1 - 2022,19800.0,8.792041856133306,7.498939925082745,10.0,0.0309,0.0251189,0.0398107,0.269,0.25,0.3,0.932,0.9,1.0,124.0,1.96,13.7,1.0,True,0.01,0.95,10.0,39600.0,0.938,0.139
13330,1 - 1 - 2022,19800.0,8.526429498916883,7.498939925082745,10.0,0.0317,0.0251189,0.0398107,0.271,0.25,0.3,1.19,1.0,1.5,34.3,0.462,4.12,1.0,True,0.01,0.95,10.0,39600.0,0.938,0.139
13331,1 - 1 - 2022,19800.0,8.8656641037206,7.498939925082745,10.0,0.0337,0.0251189,0.0398107,0.28,0.25,0.3,1.61,1.5,2.0,8.24,0.226,2.75,1.0,True,0.01,0.95,10.0,39600.0,0.938,0.139
13332,1 - 1 - 2022,19800.0,8.62554346113913,7.498939925082745,10.0,0.036,0.0251189,0.0398107,0.261,0.25,0.3,2.94,2.0,4.0,1.03,0.04,0.0,1.0,True,0.01,0.95,10.0,39600.0,0.938,0.139
13333,1 - 1 - 2022,19800.0,8.757853618324527,7.498939925082745,10.0,0.0268,0.0251189,0.0398107,0.353,0.3,0.4,0.0487,0.0,0.05,13.7,0.654,0.0,1.0,True,0.01,0.95,10.0,39600.0,0.938,0.139
13334,1 - 1 - 2022,19800.0,8.47938677028003,7.498939925082745,10.0,0.0309,0.0251189,0.0398107,0.361,0.3,0.4,0.0797,0.05,0.1,34.3,1.03,6.86,1.0,True,0.01,0.95,10.0,39600.0,0.938,0.139
13335,1 - 1 - 2022,19800.0,8.461678320522472,7.498939925082745,10.0,0.0314,0.0251189,0.0398107,0.333,0.3,0.4,0.151,0.1,0.2,99.6,1.24,10.3,1.0,True,0.01,0.95,10.0,39600.0,0.938,0.139
13336,1 - 1 - 2022,19800.0,8.648699324175862,7.498939925082745,10.0,0.0314,0.0251189,0.0398107,0.346,0.3,0.4,0.247,0.2,0.3,113.0,1.33,6.87,1.0,True,0.01,0.95,10.0,39600.0,0.938,0.139
13337,1 - 1 - 2022,19800.0,8.694826047713663,7.498939925082745,10.0,0.0323,0.0251189,0.0398107,0.343,0.3,0.4,0.353,0.3,0.4,113.0,1.33,24.0,1.0,True,0.01,0.95,10.0,39600.0,0.938,0.139
13338,1 - 1 - 2022,19800.0,8.769264507357502,7.498939925082745,10.0,0.0314,0.0251189,0.0398107,0.347,0.3,0.4,0.452,0.4,0.5,148.0,1.52,44.6,1.0,True,0.01,0.95,10.0,39600.0,0.938,0.139
13339,1 - 1 - 2022,19800.0,8.54400374531753,7.498939925082745,10.0,0.0316,0.0251189,0.0398107,0.34,0.3,0.4,0.553,0.5,0.6,120.0,1.37,30.9,1.0,True,0.01,0.95,10.0,39600.0,0.938,0.139
13340,1 - 1 - 2022,19800.0,8.666025617317317,7.498939925082745,10.0,0.0293,0.0251189,0.0398107,0.332,0.3,0.4,0.645,0.6,0.7,92.7,1.2,20.6,1.0,True,0.01,0.95,10.0,39600.0,0.938,0.139
13341,1 - 1 - 2022,19800.0,8.654478609367523,7.498939925082745,10.0,0.0314,0.0251189,0.0398107,0.349,0.3,0.4,0.754,0.7,0.8,79.0,1.11,34.3,1.0,True,0.01,0.95,10.0,39600.0,0.938,0.139
13342,1 - 1 - 2022,19800.0,8.64291617453276,7.498939925082745,10.0,0.0311,0.0251189,0.0398107,0.331,0.3,0.4,0.847,0.8,0.9,79.0,1.11,34.3,1.0,True,0.01,0.95,10.0,39600.0,0.938,0.139
13343,1 - 1 - 2022,19800.0,8.814760348415605,7.498939925082745,10.0,0.0335,0.0251189,0.0398107,0.337,0.3,0.4,0.962,0.9,1.0,54.9,0.924,13.7,1.0,True,0.01,0.95,10.0,39600.0,0.938,0.139
13344,1 - 1 - 2022,19800.0,8.637129152675673,7.498939925082745,10.0,0.0328,0.0251189,0.0398107,0.351,0.3,0.4,1.18,1.0,1.5,27.5,0.292,5.49,1.0,True,0.01,0.95,10.0,39600.0,0.938,0.139
13345,1 - 1 - 2022,19800.0,8.637129152675673,7.498939925082745,10.0,0.0319,0.0251189,0.0398107,0.338,0.3,0.4,1.63,1.5,2.0,9.61,0.173,2.06,1.0,True,0.01,0.95,10.0,39600.0,0.938,0.139
13346,1 - 1 - 2022,19800.0,8.520563361656317,7.498939925082745,10.0,0.0304,0.0251189,0.0398107,0.351,0.3,0.4,2.7,2.0,4.0,2.4,0.0432,0.343,1.0,True,0.01,0.95,10.0,39600.0,0.938,0.139
13347,1 - 1 - 2022,19800.0,8.390470785361213,7.498939925082745,10.0,0.0305,0.0251189,0.0398107,0.451,0.4,0.5,0.0764,0.05,0.1,20.6,0.8,13.7,1.0,True,0.01,0.95,10.0,39600.0,0.938,0.139
13348,1 - 1 - 2022,19800.0,8.526429498916883,7.498939925082745,10.0,0.0295,0.0251189,0.0398107,0.441,0.4,0.5,0.159,0.1,0.2,41.2,0.8,27.5,1.0,True,0.01,0.95,10.0,39600.0,0.938,0.139
13349,1 - 1 - 2022,19800.0,8.596510920134982,7.498939925082745,10.0,0.0323,0.0251189,0.0398107,0.448,0.4,0.5,0.252,0.2,0.3,41.2,0.801,34.3,1.0,True,0.01,0.95,10.0,39600.0,0.938,0.139
13350,1 - 1 - 2022,19800.0,8.809086218218097,7.498939925082745,10.0,0.0332,0.0251189,0.0398107,0.44,0.4,0.5,0.349,0.3,0.4,82.4,1.13,44.6,1.0,True,0.01,0.95,10.0,39600.0,0.938,0.139
13351,1 - 1 - 2022,19800.0,8.426149773176359,7.498939925082745,10.0,0.0332,0.0251189,0.0398107,0.454,0.4,0.5,0.452,0.4,0.5,68.7,1.03,44.6,1.0,True,0.01,0.95,10.0,39600.0,0.938,0.139
13352,1 - 1 - 2022,19800.0,8.342661445845684,7.498939925082745,10.0,0.0317,0.0251189,0.0398107,0.438,0.4,0.5,0.552,0.5,0.6,54.9,0.924,37.8,1.0,True,0.01,0.95,10.0,39600.0,0.938,0.139
13353,1 - 1 - 2022,19800.0,8.549853799919621,7.498939925082745,10.0,0.0284,0.0251189,0.0398107,0.448,0.4,0.5,0.637,0.6,0.7,41.2,0.8,24.0,1.0,True,0.01,0.95,10.0,39600.0,0.938,0.139
13354,1 - 1 - 2022,19800.0,8.228000972289685,7.498939925082745,10.0,0.0304,0.0251189,0.0398107,0.448,0.4,0.5,0.758,0.7,0.8,34.3,0.731,27.5,1.0,True,0.01,0.95,10.0,39600.0,0.938,0.139
13355,1 - 1 - 2022,19800.0,8.780660567406077,7.498939925082745,10.0,0.0324,0.0251189,0.0398107,0.445,0.4,0.5,0.844,0.8,0.9,44.6,0.833,24.0,1.0,True,0.01,0.95,10.0,39600.0,0.938,0.139
13356,1 - 1 - 2022,19800.0,8.769264507357502,7.498939925082745,10.0,0.0315,0.0251189,0.0398107,0.452,0.4,0.5,0.959,0.9,1.0,34.3,0.731,20.6,1.0,True,0.01,0.95,10.0,39600.0,0.938,0.139
13357,1 - 1 - 2022,19800.0,8.408329203831164,7.498939925082745,10.0,0.0301,0.0251189,0.0398107,0.447,0.4,0.5,1.24,1.0,1.5,13.0,0.201,6.18,1.0,True,0.01,0.95,10.0,39600.0,0.938,0.139
13358,1 - 1 - 2022,19800.0,9.257429448826494,7.498939925082745,10.0,0.0342,0.0251189,0.0398107,0.451,0.4,0.5,1.72,1.5,2.0,3.43,0.103,2.06,1.0,True,0.01,0.95,10.0,39600.0,0.938,0.139
13359,1 - 1 - 2022,19800.0,8.67179335547152,7.498939925082745,10.0,0.03,0.0251189,0.0398107,0.445,0.4,0.5,3.04,2.0,4.0,0.858,0.0258,0.343,1.0,True,0.01,0.95,10.0,39600.0,0.938,0.139
13360,1 - 1 - 2022,19800.0,8.024961059095553,7.498939925082745,10.0,0.0318,0.0251189,0.0398107,0.526,0.5,0.6,0.785,0.7,0.8,13.7,0.462,3.43,1.0,True,0.01,0.95,10.0,39600.0,0.938,0.139
13361,1 - 1 - 2022,19800.0,8.142481194328912,7.498939925082745,10.0,0.0298,0.0251189,0.0398107,0.56,0.5,0.6,0.957,0.9,1.0,27.5,0.654,20.6,1.0,True,0.01,0.95,10.0,39600.0,0.938,0.139
13362,1 - 1 - 2022,19800.0,8.491171886141512,7.498939925082745,10.0,0.0331,0.0251189,0.0398107,0.54,0.5,0.6,1.2,1.0,1.5,3.43,0.103,1.37,1.0,True,0.01,0.95,10.0,39600.0,0.938,0.139
13363,1 - 1 - 2022,19800.0,7.993747556684537,7.498939925082745,10.0,0.0346,0.0251189,0.0398107,0.54,0.5,0.6,1.85,1.5,2.0,1.37,0.0653,0.0,1.0,True,0.01,0.95,10.0,39600.0,0.938,0.139
13364,1 - 1 - 2022,19800.0,8.312640976248161,7.498939925082745,10.0,0.0375,0.0251189,0.0398107,0.65,0.6,0.7,1.23,1.0,1.5,2.75,0.0924,2.06,1.0,True,0.01,0.95,10.0,39600.0,0.938,0.139
13365,1 - 1 - 2022,19800.0,8.608135686662937,7.498939925082745,10.0,0.0341,0.0251189,0.0398107,0.696,0.6,0.7,1.66,1.5,2.0,1.37,0.0654,0.687,1.0,True,0.01,0.95,10.0,39600.0,0.938,0.139
13366,1 - 1 - 2022,19800.0,8.596510920134982,7.498939925082745,10.0,0.049,0.0398107,0.0630957,0.0281,0.0,0.05,0.0313,0.0,0.05,243.0,3.09,130.0,1.0,True,0.01,0.95,10.0,39600.0,0.938,0.139
13367,1 - 1 - 2022,19800.0,8.677557259966655,7.498939925082745,10.0,0.0502,0.0398107,0.0630957,0.0282,0.0,0.05,0.0771,0.05,0.1,667.0,5.12,243.0,1.0,True,0.01,0.95,10.0,39600.0,0.938,0.139
13368,1 - 1 - 2022,19800.0,8.677557259966655,7.498939925082745,10.0,0.0495,0.0398107,0.0630957,0.0279,0.0,0.05,0.154,0.1,0.2,1140.0,4.73,373.0,1.0,True,0.01,0.95,10.0,39600.0,0.938,0.139
13369,1 - 1 - 2022,19800.0,8.660254037844387,7.498939925082745,10.0,0.049,0.0398107,0.0630957,0.024,0.0,0.05,0.253,0.2,0.3,1620.0,5.65,550.0,1.0,True,0.01,0.95,10.0,39600.0,0.938,0.139
13370,1 - 1 - 2022,19800.0,8.62554346113913,7.498939925082745,10.0,0.0503,0.0398107,0.0630957,0.0239,0.0,0.05,0.351,0.3,0.4,1730.0,5.83,550.0,1.0,True,0.01,0.95,10.0,39600.0,0.938,0.139
13371,1 - 1 - 2022,19800.0,8.660254037844387,7.498939925082745,10.0,0.0495,0.0398107,0.0630957,0.0233,0.0,0.05,0.447,0.4,0.5,1670.0,5.73,494.0,1.0,True,0.01,0.95,10.0,39600.0,0.938,0.139
13372,1 - 1 - 2022,19800.0,8.613942186943213,7.498939925082745,10.0,0.0496,0.0398107,0.0630957,0.0233,0.0,0.05,0.545,0.5,0.6,1430.0,5.3,355.0,1.0,True,0.01,0.95,10.0,39600.0,0.938,0.139
13373,1 - 1 - 2022,19800.0,8.67179335547152,7.498939925082745,10.0,0.0487,0.0398107,0.0630957,0.0241,0.0,0.05,0.648,0.6,0.7,845.0,4.07,195.0,1.0,True,0.01,0.95,10.0,39600.0,0.938,0.139
13374,1 - 1 - 2022,19800.0,8.67179335547152,7.498939925082745,10.0,0.0504,0.0398107,0.0630957,0.0246,0.0,0.05,0.752,0.7,0.8,646.0,3.56,134.0,1.0,True,0.01,0.95,10.0,39600.0,0.938,0.139
13375,1 - 1 - 2022,19800.0,8.712060605849802,7.498939925082745,10.0,0.0498,0.0398107,0.0630957,0.0255,0.0,0.05,0.85,0.8,0.9,399.0,2.8,78.0,1.0,True,0.01,0.95,10.0,39600.0,0.938,0.139
13376,1 - 1 - 2022,19800.0,8.769264507357502,7.498939925082745,10.0,0.0488,0.0398107,0.0630957,0.0238,0.0,0.05,0.952,0.9,1.0,251.0,2.22,60.7,1.0,True,0.01,0.95,10.0,39600.0,0.938,0.139
13377,1 - 1 - 2022,19800.0,8.729261137118078,7.498939925082745,10.0,0.0493,0.0398107,0.0630957,0.0277,0.0,0.05,1.17,1.0,1.5,71.9,0.531,12.1,1.0,True,0.01,0.95,10.0,39600.0,0.938,0.139
13378,1 - 1 - 2022,19800.0,8.5848704125339,7.498939925082745,10.0,0.0507,0.0398107,0.0630957,0.0426,0.0,0.05,1.68,1.5,2.0,4.33,0.13,0.0,1.0,True,0.01,0.95,10.0,39600.0,0.938,0.139
13379,1 - 1 - 2022,19800.0,8.882567196480982,7.498939925082745,10.0,0.0523,0.0398107,0.0630957,0.0801,0.05,0.1,0.0304,0.0,0.05,60.6,1.54,43.3,1.0,True,0.01,0.95,10.0,39600.0,0.938,0.139
13380,1 - 1 - 2022,19800.0,8.62554346113913,7.498939925082745,10.0,0.0505,0.0398107,0.0630957,0.0703,0.05,0.1,0.0782,0.05,0.1,347.0,3.69,199.0,1.0,True,0.01,0.95,10.0,39600.0,0.938,0.139
13381,1 - 1 - 2022,19800.0,8.555699854482976,7.498939925082745,10.0,0.0498,0.0398107,0.0630957,0.0726,0.05,0.1,0.152,0.1,0.2,693.0,3.69,338.0,1.0,True,0.01,0.95,10.0,39600.0,0.938,0.139
13382,1 - 1 - 2022,19800.0,8.514693182963201,7.498939925082745,10.0,0.05,0.0398107,0.0630957,0.0723,0.05,0.1,0.252,0.2,0.3,823.0,4.02,329.0,1.0,True,0.01,0.95,10.0,39600.0,0.938,0.139
13383,1 - 1 - 2022,19800.0,8.62554346113913,7.498939925082745,10.0,0.0501,0.0398107,0.0630957,0.0724,0.05,0.1,0.349,0.3,0.4,879.0,4.15,316.0,1.0,True,0.01,0.95,10.0,39600.0,0.938,0.139
13384,1 - 1 - 2022,19800.0,8.608135686662937,7.498939925082745,10.0,0.0495,0.0398107,0.0630957,0.073,0.05,0.1,0.449,0.4,0.5,684.0,3.67,234.0,1.0,True,0.01,0.95,10.0,39600.0,0.938,0.139
13385,1 - 1 - 2022,19800.0,8.712060605849802,7.498939925082745,10.0,0.0501,0.0398107,0.0630957,0.072,0.05,0.1,0.55,0.5,0.6,650.0,3.57,221.0,1.0,True,0.01,0.95,10.0,39600.0,0.938,0.139
13386,1 - 1 - 2022,19800.0,8.62554346113913,7.498939925082745,10.0,0.0497,0.0398107,0.0630957,0.0718,0.05,0.1,0.644,0.6,0.7,477.0,3.06,147.0,1.0,True,0.01,0.95,10.0,39600.0,0.938,0.139
13387,1 - 1 - 2022,19800.0,8.567379996241558,7.498939925082745,10.0,0.0497,0.0398107,0.0630957,0.0735,0.05,0.1,0.751,0.7,0.8,355.0,2.64,104.0,1.0,True,0.01,0.95,10.0,39600.0,0.938,0.139
13388,1 - 1 - 2022,19800.0,8.502940667792526,7.498939925082745,10.0,0.0505,0.0398107,0.0630957,0.0713,0.05,0.1,0.844,0.8,0.9,264.0,2.28,73.6,1.0,True,0.01,0.95,10.0,39600.0,0.938,0.139
13389,1 - 1 - 2022,19800.0,8.502940667792526,7.498939925082745,10.0,0.0503,0.0398107,0.0630957,0.0727,0.05,0.1,0.949,0.9,1.0,191.0,1.93,34.7,1.0,True,0.01,0.95,10.0,39600.0,0.938,0.139
13390,1 - 1 - 2022,19800.0,8.666025617317317,7.498939925082745,10.0,0.0504,0.0398107,0.0630957,0.0748,0.05,0.1,1.18,1.0,1.5,84.0,0.574,10.4,1.0,True,0.01,0.95,10.0,39600.0,0.938,0.139
13391,1 - 1 - 2022,19800.0,8.689073598491383,7.498939925082745,10.0,0.0495,0.0398107,0.0630957,0.0704,0.05,0.1,1.69,1.5,2.0,18.2,0.267,0.867,1.0,True,0.01,0.95,10.0,39600.0,0.938,0.139
13392,1 - 1 - 2022,19800.0,9.060905032059436,7.498939925082745,10.0,0.0507,0.0398107,0.0630957,0.0799,0.05,0.1,2.53,2.0,4.0,1.73,0.0412,0.0,1.0,True,0.01,0.95,10.0,39600.0,0.938,0.139
13393,1 - 1 - 2022,19800.0,9.148770409186143,7.498939925082745,10.0,0.0513,0.0398107,0.0630957,0.122,0.1,0.15,0.0361,0.0,0.05,69.3,1.65,0.0,1.0,True,0.01,0.95,10.0,39600.0,0.938,0.139
13394,1 - 1 - 2022,19800.0,8.888194417315589,7.498939925082745,10.0,0.0487,0.0398107,0.0630957,0.118,0.1,0.15,0.075,0.05,0.1,147.0,2.4,34.7,1.0,True,0.01,0.95,10.0,39600.0,0.938,0.139
13395,1 - 1 - 2022,19800.0,8.54400374531753,7.498939925082745,10.0,0.0491,0.0398107,0.0630957,0.121,0.1,0.15,0.155,0.1,0.2,386.0,2.75,91.0,1.0,True,0.01,0.95,10.0,39600.0,0.938,0.139
13396,1 - 1 - 2022,19800.0,8.729261137118078,7.498939925082745,10.0,0.0502,0.0398107,0.0630957,0.123,0.1,0.15,0.252,0.2,0.3,576.0,3.36,104.0,1.0,True,0.01,0.95,10.0,39600.0,0.938,0.139
13397,1 - 1 - 2022,19800.0,8.573214099741124,7.498939925082745,10.0,0.0514,0.0398107,0.0630957,0.125,0.1,0.15,0.347,0.3,0.4,511.0,3.17,56.3,1.0,True,0.01,0.95,10.0,39600.0,0.938,0.139
13398,1 - 1 - 2022,19800.0,8.677557259966655,7.498939925082745,10.0,0.0498,0.0398107,0.0630957,0.123,0.1,0.15,0.452,0.4,0.5,472.0,3.04,121.0,1.0,True,0.01,0.95,10.0,39600.0,0.938,0.139
13399,1 - 1 - 2022,19800.0,8.608135686662937,7.498939925082745,10.0,0.0506,0.0398107,0.0630957,0.125,0.1,0.15,0.545,0.5,0.6,368.0,2.69,95.3,1.0,True,0.01,0.95,10.0,39600.0,0.938,0.139
13400,1 - 1 - 2022,19800.0,8.590692637965812,7.498939925082745,10.0,0.0495,0.0398107,0.0630957,0.124,0.1,0.15,0.651,0.6,0.7,308.0,2.46,56.3,1.0,True,0.01,0.95,10.0,39600.0,0.938,0.139
13401,1 - 1 - 2022,19800.0,8.654478609367523,7.498939925082745,10.0,0.0504,0.0398107,0.0630957,0.122,0.1,0.15,0.753,0.7,0.8,234.0,2.14,43.3,1.0,True,0.01,0.95,10.0,39600.0,0.938,0.139
13402,1 - 1 - 2022,19800.0,8.613942186943213,7.498939925082745,10.0,0.0505,0.0398107,0.0630957,0.122,0.1,0.15,0.843,0.8,0.9,186.0,1.91,47.7,1.0,True,0.01,0.95,10.0,39600.0,0.938,0.139
13403,1 - 1 - 2022,19800.0,8.706319543871567,7.498939925082745,10.0,0.0502,0.0398107,0.0630957,0.127,0.1,0.15,0.946,0.9,1.0,130.0,1.6,26.0,1.0,True,0.01,0.95,10.0,39600.0,0.938,0.139
13404,1 - 1 - 2022,19800.0,8.654478609367523,7.498939925082745,10.0,0.0503,0.0398107,0.0630957,0.126,0.1,0.15,1.19,1.0,1.5,61.5,0.491,11.3,1.0,True,0.01,0.95,10.0,39600.0,0.938,0.139
13405,1 - 1 - 2022,19800.0,8.809086218218097,7.498939925082745,10.0,0.0497,0.0398107,0.0630957,0.126,0.1,0.15,1.72,1.5,2.0,24.3,0.309,0.867,1.0,True,0.01,0.95,10.0,39600.0,0.938,0.139
13406,1 - 1 - 2022,19800.0,8.87693640846886,7.498939925082745,10.0,0.0469,0.0398107,0.0630957,0.117,0.1,0.15,2.45,2.0,4.0,2.6,0.0505,0.0,1.0,True,0.01,0.95,10.0,39600.0,0.938,0.139
13407,1 - 1 - 2022,19800.0,8.514693182963201,7.498939925082745,10.0,0.0482,0.0398107,0.0630957,0.187,0.15,0.2,0.0294,0.0,0.05,43.3,1.3,0.0,1.0,True,0.01,0.95,10.0,39600.0,0.938,0.139
13408,1 - 1 - 2022,19800.0,8.461678320522472,7.498939925082745,10.0,0.0486,0.0398107,0.0630957,0.172,0.15,0.2,0.0735,0.05,0.1,139.0,2.33,0.0,1.0,True,0.01,0.95,10.0,39600.0,0.938,0.139
13409,1 - 1 - 2022,19800.0,8.54400374531753,7.498939925082745,10.0,0.0503,0.0398107,0.0630957,0.174,0.15,0.2,0.15,0.1,0.2,238.0,2.16,4.33,1.0,True,0.01,0.95,10.0,39600.0,0.938,0.139
13410,1 - 1 - 2022,19800.0,8.54400374531753,7.498939925082745,10.0,0.0499,0.0398107,0.0630957,0.174,0.15,0.2,0.255,0.2,0.3,243.0,2.18,4.33,1.0,True,0.01,0.95,10.0,39600.0,0.938,0.139
13411,1 - 1 - 2022,19800.0,8.47938677028003,7.498939925082745,10.0,0.0491,0.0398107,0.0630957,0.174,0.15,0.2,0.35,0.3,0.4,386.0,2.75,21.7,1.0,True,0.01,0.95,10.0,39600.0,0.938,0.139
13412,1 - 1 - 2022,19800.0,8.613942186943213,7.498939925082745,10.0,0.0503,0.0398107,0.0630957,0.173,0.15,0.2,0.46,0.4,0.5,256.0,2.24,8.67,1.0,True,0.01,0.95,10.0,39600.0,0.938,0.139
13413,1 - 1 - 2022,19800.0,8.549853799919621,7.498939925082745,10.0,0.0497,0.0398107,0.0630957,0.172,0.15,0.2,0.55,0.5,0.6,347.0,2.61,8.67,1.0,True,0.01,0.95,10.0,39600.0,0.938,0.139
13414,1 - 1 - 2022,19800.0,8.48528137423857,7.498939925082745,10.0,0.0506,0.0398107,0.0630957,0.171,0.15,0.2,0.65,0.6,0.7,169.0,1.82,4.33,1.0,True,0.01,0.95,10.0,39600.0,0.938,0.139
13415,1 - 1 - 2022,19800.0,8.831760866327848,7.498939925082745,10.0,0.0499,0.0398107,0.0630957,0.172,0.15,0.2,0.758,0.7,0.8,147.0,1.7,0.0,1.0,True,0.01,0.95,10.0,39600.0,0.938,0.139
13416,1 - 1 - 2022,19800.0,8.306623862918075,7.498939925082745,10.0,0.0506,0.0398107,0.0630957,0.174,0.15,0.2,0.848,0.8,0.9,95.3,1.37,13.0,1.0,True,0.01,0.95,10.0,39600.0,0.938,0.139
13417,1 - 1 - 2022,19800.0,8.700574693662482,7.498939925082745,10.0,0.0515,0.0398107,0.0630957,0.173,0.15,0.2,0.953,0.9,1.0,69.3,1.17,8.66,1.0,True,0.01,0.95,10.0,39600.0,0.938,0.139
13418,1 - 1 - 2022,19800.0,8.792041856133306,7.498939925082745,10.0,0.0489,0.0398107,0.0630957,0.172,0.15,0.2,1.22,1.0,1.5,41.6,0.404,2.6,1.0,True,0.01,0.95,10.0,39600.0,0.938,0.139
13419,1 - 1 - 2022,19800.0,8.502940667792526,7.498939925082745,10.0,0.0475,0.0398107,0.0630957,0.174,0.15,0.2,1.68,1.5,2.0,14.7,0.24,2.6,1.0,True,0.01,0.95,10.0,39600.0,0.938,0.139
13420,1 - 1 - 2022,19800.0,8.660254037844387,7.498939925082745,10.0,0.0502,0.0398107,0.0630957,0.174,0.15,0.2,2.49,2.0,4.0,2.38,0.0484,0.0,1.0,True,0.01,0.95,10.0,39600.0,0.938,0.139
13421,1 - 1 - 2022,19800.0,8.87130204648675,7.498939925082745,10.0,0.0485,0.0398107,0.0630957,0.22,0.2,0.25,0.0425,0.0,0.05,17.3,0.825,0.0,1.0,True,0.01,0.95,10.0,39600.0,0.938,0.139
13422,1 - 1 - 2022,19800.0,8.573214099741124,7.498939925082745,10.0,0.0533,0.0398107,0.0630957,0.223,0.2,0.25,0.0753,0.05,0.1,104.0,2.02,0.0,1.0,True,0.01,0.95,10.0,39600.0,0.938,0.139
13423,1 - 1 - 2022,19800.0,8.769264507357502,7.498939925082745,10.0,0.0524,0.0398107,0.0630957,0.22,0.2,0.25,0.167,0.1,0.2,121.0,1.54,0.0,1.0,True,0.01,0.95,10.0,39600.0,0.938,0.139
13424,1 - 1 - 2022,19800.0,8.706319543871567,7.498939925082745,10.0,0.0509,0.0398107,0.0630957,0.225,0.2,0.25,0.254,0.2,0.3,208.0,2.02,0.0,1.0,True,0.01,0.95,10.0,39600.0,0.938,0.139
13425,1 - 1 - 2022,19800.0,8.61974477580398,7.498939925082745,10.0,0.0508,0.0398107,0.0630957,0.223,0.2,0.25,0.351,0.3,0.4,199.0,1.98,0.0,1.0,True,0.01,0.95,10.0,39600.0,0.938,0.139
13426,1 - 1 - 2022,19800.0,8.54400374531753,7.498939925082745,10.0,0.0509,0.0398107,0.0630957,0.22,0.2,0.25,0.443,0.4,0.5,221.0,2.08,0.0,1.0,True,0.01,0.95,10.0,39600.0,0.938,0.139
13427,1 - 1 - 2022,19800.0,8.561541917201597,7.498939925082745,10.0,0.0516,0.0398107,0.0630957,0.219,0.2,0.25,0.554,0.5,0.6,134.0,1.62,0.0,1.0,True,0.01,0.95,10.0,39600.0,0.938,0.139
13428,1 - 1 - 2022,19800.0,8.497058314499201,7.498939925082745,10.0,0.0502,0.0398107,0.0630957,0.225,0.2,0.25,0.65,0.6,0.7,160.0,1.77,0.0,1.0,True,0.01,0.95,10.0,39600.0,0.938,0.139
13429,1 - 1 - 2022,19800.0,8.461678320522472,7.498939925082745,10.0,0.0506,0.0398107,0.0630957,0.226,0.2,0.25,0.743,0.7,0.8,121.0,1.54,0.0,1.0,True,0.01,0.95,10.0,39600.0,0.938,0.139
13430,1 - 1 - 2022,19800.0,8.67179335547152,7.498939925082745,10.0,0.0508,0.0398107,0.0630957,0.227,0.2,0.25,0.851,0.8,0.9,126.0,1.57,0.0,1.0,True,0.01,0.95,10.0,39600.0,0.938,0.139
13431,1 - 1 - 2022,19800.0,8.579044235810887,7.498939925082745,10.0,0.049,0.0398107,0.0630957,0.226,0.2,0.25,0.955,0.9,1.0,60.7,1.09,0.0,1.0,True,0.01,0.95,10.0,39600.0,0.938,0.139
13432,1 - 1 - 2022,19800.0,8.54400374531753,7.498939925082745,10.0,0.0505,0.0398107,0.0630957,0.224,0.2,0.25,1.17,1.0,1.5,23.4,0.303,0.0,1.0,True,0.01,0.95,10.0,39600.0,0.938,0.139
13433,1 - 1 - 2022,19800.0,8.700574693662482,7.498939925082745,10.0,0.05,0.0398107,0.0630957,0.225,0.2,0.25,1.65,1.5,2.0,10.4,0.202,0.0,1.0,True,0.01,0.95,10.0,39600.0,0.938,0.139
13434,1 - 1 - 2022,19800.0,8.763560920082657,7.498939925082745,10.0,0.0502,0.0398107,0.0630957,0.224,0.2,0.25,2.48,2.0,4.0,1.95,0.0437,0.0,1.0,True,0.01,0.95,10.0,39600.0,0.938,0.139
13435,1 - 1 - 2022,19800.0,8.78635305459552,7.498939925082745,10.0,0.0611,0.0398107,0.0630957,0.279,0.25,0.3,0.0301,0.0,0.05,17.3,0.825,0.0,1.0,True,0.01,0.95,10.0,39600.0,0.938,0.139
13436,1 - 1 - 2022,19800.0,8.06225774829855,7.498939925082745,10.0,0.0489,0.0398107,0.0630957,0.268,0.25,0.3,0.0867,0.05,0.1,17.3,0.825,0.0,1.0,True,0.01,0.95,10.0,39600.0,0.938,0.139
13437,1 - 1 - 2022,19800.0,8.814760348415605,7.498939925082745,10.0,0.049,0.0398107,0.0630957,0.272,0.25,0.3,0.139,0.1,0.2,60.6,1.09,0.0,1.0,True,0.01,0.95,10.0,39600.0,0.938,0.139
13438,1 - 1 - 2022,19800.0,8.5848704125339,7.498939925082745,10.0,0.0503,0.0398107,0.0630957,0.274,0.25,0.3,0.255,0.2,0.3,113.0,1.49,0.0,1.0,True,0.01,0.95,10.0,39600.0,0.938,0.139
13439,1 - 1 - 2022,19800.0,8.567379996241558,7.498939925082745,10.0,0.0522,0.0398107,0.0630957,0.273,0.25,0.3,0.345,0.3,0.4,199.0,1.98,4.33,1.0,True,0.01,0.95,10.0,39600.0,0.938,0.139
13440,1 - 1 - 2022,19800.0,8.854377448471462,7.498939925082745,10.0,0.048,0.0398107,0.0630957,0.269,0.25,0.3,0.443,0.4,0.5,121.0,1.54,0.0,1.0,True,0.01,0.95,10.0,39600.0,0.938,0.139
13441,1 - 1 - 2022,19800.0,8.814760348415605,7.498939925082745,10.0,0.0503,0.0398107,0.0630957,0.27,0.25,0.3,0.538,0.5,0.6,130.0,1.6,0.0,1.0,True,0.01,0.95,10.0,39600.0,0.938,0.139
13442,1 - 1 - 2022,19800.0,8.44393273303382,7.498939925082745,10.0,0.0515,0.0398107,0.0630957,0.274,0.25,0.3,0.644,0.6,0.7,104.0,1.43,0.0,1.0,True,0.01,0.95,10.0,39600.0,0.938,0.139
13443,1 - 1 - 2022,19800.0,8.330666239863412,7.498939925082745,10.0,0.0527,0.0398107,0.0630957,0.267,0.25,0.3,0.751,0.7,0.8,65.0,1.13,0.0,1.0,True,0.01,0.95,10.0,39600.0,0.938,0.139
13444,1 - 1 - 2022,19800.0,8.660254037844387,7.498939925082745,10.0,0.052,0.0398107,0.0630957,0.277,0.25,0.3,0.864,0.8,0.9,56.3,1.05,0.0,1.0,True,0.01,0.95,10.0,39600.0,0.938,0.139
13445,1 - 1 - 2022,19800.0,8.573214099741124,7.498939925082745,10.0,0.0489,0.0398107,0.0630957,0.269,0.25,0.3,0.939,0.9,1.0,56.3,1.05,0.0,1.0,True,0.01,0.95,10.0,39600.0,0.938,0.139
13446,1 - 1 - 2022,19800.0,8.408329203831164,7.498939925082745,10.0,0.0502,0.0398107,0.0630957,0.275,0.25,0.3,1.19,1.0,1.5,20.8,0.286,0.867,1.0,True,0.01,0.95,10.0,39600.0,0.938,0.139
13447,1 - 1 - 2022,19800.0,8.384509526501834,7.498939925082745,10.0,0.0537,0.0398107,0.0630957,0.274,0.25,0.3,1.7,1.5,2.0,6.06,0.154,0.0,1.0,True,0.01,0.95,10.0,39600.0,0.938,0.139
13448,1 - 1 - 2022,19800.0,9.186947262284681,7.498939925082745,10.0,0.0509,0.0398107,0.0630957,0.286,0.25,0.3,2.6,2.0,4.0,1.08,0.0326,0.0,1.0,True,0.01,0.95,10.0,39600.0,0.938,0.139
13449,1 - 1 - 2022,19800.0,8.23407554009556,7.498939925082745,10.0,0.0552,0.0398107,0.0630957,0.35,0.3,0.4,0.0334,0.0,0.05,8.66,0.412,0.0,1.0,True,0.01,0.95,10.0,39600.0,0.938,0.139
13450,1 - 1 - 2022,19800.0,8.258329128825032,7.498939925082745,10.0,0.0508,0.0398107,0.0630957,0.356,0.3,0.4,0.0835,0.05,0.1,30.3,0.772,0.0,1.0,True,0.01,0.95,10.0,39600.0,0.938,0.139
13451,1 - 1 - 2022,19800.0,8.567379996241558,7.498939925082745,10.0,0.0487,0.0398107,0.0630957,0.349,0.3,0.4,0.151,0.1,0.2,54.2,0.729,10.8,1.0,True,0.01,0.95,10.0,39600.0,0.938,0.139
13452,1 - 1 - 2022,19800.0,8.414273587185052,7.498939925082745,10.0,0.0499,0.0398107,0.0630957,0.354,0.3,0.4,0.24,0.2,0.3,71.5,0.838,13.0,1.0,True,0.01,0.95,10.0,39600.0,0.938,0.139
13453,1 - 1 - 2022,19800.0,8.61974477580398,7.498939925082745,10.0,0.0489,0.0398107,0.0630957,0.345,0.3,0.4,0.348,0.3,0.4,62.8,0.785,13.0,1.0,True,0.01,0.95,10.0,39600.0,0.938,0.139
13454,1 - 1 - 2022,19800.0,8.366600265340756,7.498939925082745,10.0,0.0507,0.0398107,0.0630957,0.343,0.3,0.4,0.454,0.4,0.5,67.1,0.812,4.33,1.0,True,0.01,0.95,10.0,39600.0,0.938,0.139
13455,1 - 1 - 2022,19800.0,8.683317338436964,7.498939925082745,10.0,0.0505,0.0398107,0.0630957,0.336,0.3,0.4,0.543,0.5,0.6,62.8,0.785,4.33,1.0,True,0.01,0.95,10.0,39600.0,0.938,0.139
13456,1 - 1 - 2022,19800.0,8.712060605849802,7.498939925082745,10.0,0.0534,0.0398107,0.0630957,0.353,0.3,0.4,0.648,0.6,0.7,49.8,0.699,0.0,1.0,True,0.01,0.95,10.0,39600.0,0.938,0.139
13457,1 - 1 - 2022,19800.0,8.473488065725943,7.498939925082745,10.0,0.0522,0.0398107,0.0630957,0.342,0.3,0.4,0.748,0.7,0.8,73.6,0.85,4.33,1.0,True,0.01,0.95,10.0,39600.0,0.938,0.139
13458,1 - 1 - 2022,19800.0,8.706319543871567,7.498939925082745,10.0,0.0489,0.0398107,0.0630957,0.35,0.3,0.4,0.845,0.8,0.9,26.0,0.505,2.17,1.0,True,0.01,0.95,10.0,39600.0,0.938,0.139
13459,1 - 1 - 2022,19800.0,8.502940667792526,7.498939925082745,10.0,0.0475,0.0398107,0.0630957,0.352,0.3,0.4,0.957,0.9,1.0,21.7,0.461,0.0,1.0,True,0.01,0.95,10.0,39600.0,0.938,0.139
13460,1 - 1 - 2022,19800.0,8.792041856133306,7.498939925082745,10.0,0.0492,0.0398107,0.0630957,0.342,0.3,0.4,1.18,1.0,1.5,12.1,0.154,0.433,1.0,True,0.01,0.95,10.0,39600.0,0.938,0.139
13461,1 - 1 - 2022,19800.0,9.332738076256078,7.498939925082745,10.0,0.0443,0.0398107,0.0630957,0.352,0.3,0.4,1.61,1.5,2.0,3.03,0.0771,0.0,1.0,True,0.01,0.95,10.0,39600.0,0.938,0.139
13462,1 - 1 - 2022,19800.0,8.497058314499201,7.498939925082745,10.0,0.0514,0.0398107,0.0630957,0.329,0.3,0.4,3.27,2.0,4.0,0.325,0.0126,0.108,1.0,True,0.01,0.95,10.0,39600.0,0.938,0.139
13463,1 - 1 - 2022,19800.0,7.76530746332687,7.498939925082745,10.0,0.0437,0.0398107,0.0630957,0.434,0.4,0.5,0.0271,0.0,0.05,8.66,0.412,0.0,1.0,True,0.01,0.95,10.0,39600.0,0.938,0.139
13464,1 - 1 - 2022,19800.0,8.854377448471462,7.498939925082745,10.0,0.0493,0.0398107,0.0630957,0.451,0.4,0.5,0.0759,0.05,0.1,21.7,0.652,8.66,1.0,True,0.01,0.95,10.0,39600.0,0.938,0.139
13465,1 - 1 - 2022,19800.0,8.497058314499201,7.498939925082745,10.0,0.0519,0.0398107,0.0630957,0.442,0.4,0.5,0.164,0.1,0.2,36.8,0.601,4.33,1.0,True,0.01,0.95,10.0,39600.0,0.938,0.139
13466,1 - 1 - 2022,19800.0,8.61974477580398,7.498939925082745,10.0,0.0514,0.0398107,0.0630957,0.444,0.4,0.5,0.245,0.2,0.3,36.8,0.601,6.5,1.0,True,0.01,0.95,10.0,39600.0,0.938,0.139
13467,1 - 1 - 2022,19800.0,8.717797887081348,7.498939925082745,10.0,0.0519,0.0398107,0.0630957,0.452,0.4,0.5,0.365,0.3,0.4,30.3,0.545,4.33,1.0,True,0.01,0.95,10.0,39600.0,0.938,0.139
13468,1 - 1 - 2022,19800.0,8.538149682454625,7.498939925082745,10.0,0.0505,0.0398107,0.0630957,0.439,0.4,0.5,0.446,0.4,0.5,32.5,0.565,6.5,1.0,True,0.01,0.95,10.0,39600.0,0.938,0.139
13469,1 - 1 - 2022,19800.0,8.660254037844387,7.498939925082745,10.0,0.0515,0.0398107,0.0630957,0.441,0.4,0.5,0.546,0.5,0.6,36.8,0.601,4.33,1.0,True,0.01,0.95,10.0,39600.0,0.938,0.139
13470,1 - 1 - 2022,19800.0,8.977750274985375,7.498939925082745,10.0,0.0555,0.0398107,0.0630957,0.451,0.4,0.5,0.65,0.6,0.7,32.5,0.565,2.17,1.0,True,0.01,0.95,10.0,39600.0,0.938,0.139
13471,1 - 1 - 2022,19800.0,8.342661445845684,7.498939925082745,10.0,0.052,0.0398107,0.0630957,0.434,0.4,0.5,0.75,0.7,0.8,17.3,0.412,2.17,1.0,True,0.01,0.95,10.0,39600.0,0.938,0.139
13472,1 - 1 - 2022,19800.0,8.432081593533118,7.498939925082745,10.0,0.0502,0.0398107,0.0630957,0.438,0.4,0.5,0.835,0.8,0.9,26.0,0.505,4.33,1.0,True,0.01,0.95,10.0,39600.0,0.938,0.139
13473,1 - 1 - 2022,19800.0,8.099382692526634,7.498939925082745,10.0,0.0506,0.0398107,0.0630957,0.43,0.4,0.5,0.954,0.9,1.0,19.5,0.437,2.17,1.0,True,0.01,0.95,10.0,39600.0,0.938,0.139
13474,1 - 1 - 2022,19800.0,8.555699854482976,7.498939925082745,10.0,0.0497,0.0398107,0.0630957,0.441,0.4,0.5,1.18,1.0,1.5,6.5,0.113,0.433,1.0,True,0.01,0.95,10.0,39600.0,0.938,0.139
13475,1 - 1 - 2022,19800.0,8.246211251235321,7.498939925082745,10.0,0.0468,0.0398107,0.0630957,0.45,0.4,0.5,1.76,1.5,2.0,1.73,0.0583,0.433,1.0,True,0.01,0.95,10.0,39600.0,0.938,0.139
13476,1 - 1 - 2022,19800.0,8.438009243891594,7.498939925082745,10.0,0.0513,0.0398107,0.0630957,0.439,0.4,0.5,2.73,2.0,4.0,0.433,0.0146,0.0,1.0,True,0.01,0.95,10.0,39600.0,0.938,0.139
13477,1 - 1 - 2022,19800.0,8.300602387778854,7.498939925082745,10.0,0.0596,0.0398107,0.0630957,0.585,0.5,0.6,0.0386,0.0,0.05,4.33,0.292,0.0,1.0,True,0.01,0.95,10.0,39600.0,0.938,0.139
13478,1 - 1 - 2022,19800.0,8.473488065725943,7.498939925082745,10.0,0.0512,0.0398107,0.0630957,0.544,0.5,0.6,0.0671,0.05,0.1,17.3,0.583,0.0,1.0,True,0.01,0.95,10.0,39600.0,0.938,0.139
13479,1 - 1 - 2022,19800.0,8.19756061276768,7.498939925082745,10.0,0.0528,0.0398107,0.0630957,0.535,0.5,0.6,0.15,0.1,0.2,21.7,0.461,2.17,1.0,True,0.01,0.95,10.0,39600.0,0.938,0.139
13480,1 - 1 - 2022,19800.0,8.67179335547152,7.498939925082745,10.0,0.0531,0.0398107,0.0630957,0.533,0.5,0.6,0.276,0.2,0.3,17.3,0.412,2.17,1.0,True,0.01,0.95,10.0,39600.0,0.938,0.139
13481,1 - 1 - 2022,19800.0,8.820430828479978,7.498939925082745,10.0,0.0519,0.0398107,0.0630957,0.553,0.5,0.6,0.343,0.3,0.4,28.2,0.526,6.5,1.0,True,0.01,0.95,10.0,39600.0,0.938,0.139
13482,1 - 1 - 2022,19800.0,8.414273587185052,7.498939925082745,10.0,0.0491,0.0398107,0.0630957,0.552,0.5,0.6,0.439,0.4,0.5,23.8,0.484,6.5,1.0,True,0.01,0.95,10.0,39600.0,0.938,0.139
13483,1 - 1 - 2022,19800.0,8.526429498916883,7.498939925082745,10.0,0.0482,0.0398107,0.0630957,0.548,0.5,0.6,0.554,0.5,0.6,15.2,0.386,6.5,1.0,True,0.01,0.95,10.0,39600.0,0.938,0.139
13484,1 - 1 - 2022,19800.0,8.037412518964047,7.498939925082745,10.0,0.0488,0.0398107,0.0630957,0.531,0.5,0.6,0.634,0.6,0.7,21.7,0.461,6.5,1.0,True,0.01,0.95,10.0,39600.0,0.938,0.139
13485,1 - 1 - 2022,19800.0,8.631338250816034,7.498939925082745,10.0,0.0524,0.0398107,0.0630957,0.561,0.5,0.6,0.744,0.7,0.8,21.7,0.461,8.67,1.0,True,0.01,0.95,10.0,39600.0,0.938,0.139
13486,1 - 1 - 2022,19800.0,8.608135686662937,7.498939925082745,10.0,0.0457,0.0398107,0.0630957,0.542,0.5,0.6,0.835,0.8,0.9,8.67,0.292,4.33,1.0,True,0.01,0.95,10.0,39600.0,0.938,0.139
13487,1 - 1 - 2022,19800.0,9.279008567729637,7.498939925082745,10.0,0.0544,0.0398107,0.0630957,0.578,0.5,0.6,0.948,0.9,1.0,2.17,0.146,0.0,1.0,True,0.01,0.95,10.0,39600.0,0.938,0.139
13488,1 - 1 - 2022,19800.0,8.318653737234168,7.498939925082745,10.0,0.0478,0.0398107,0.0630957,0.533,0.5,0.6,1.19,1.0,1.5,2.17,0.0652,0.866,1.0,True,0.01,0.95,10.0,39600.0,0.938,0.139
13489,1 - 1 - 2022,19800.0,7.543208866258444,7.498939925082745,10.0,0.0513,0.0398107,0.0630957,0.572,0.5,0.6,2.17,2.0,4.0,0.108,0.00729,0.0,1.0,True,0.01,0.95,10.0,39600.0,0.938,0.139
13490,1 - 1 - 2022,19800.0,9.077444574328174,7.498939925082745,10.0,0.0493,0.0398107,0.0630957,0.669,0.6,0.7,0.0876,0.05,0.1,4.33,0.292,0.0,1.0,True,0.01,0.95,10.0,39600.0,0.938,0.139
13491,1 - 1 - 2022,19800.0,8.888194417315589,7.498939925082745,10.0,0.0504,0.0398107,0.0630957,0.633,0.6,0.7,0.156,0.1,0.2,8.66,0.292,2.17,1.0,True,0.01,0.95,10.0,39600.0,0.938,0.139
13492,1 - 1 - 2022,19800.0,8.47938677028003,7.498939925082745,10.0,0.0462,0.0398107,0.0630957,0.656,0.6,0.7,0.264,0.2,0.3,10.8,0.326,4.33,1.0,True,0.01,0.95,10.0,39600.0,0.938,0.139
13493,1 - 1 - 2022,19800.0,8.46758525200662,7.498939925082745,10.0,0.053,0.0398107,0.0630957,0.657,0.6,0.7,0.365,0.3,0.4,6.5,0.253,0.0,1.0,True,0.01,0.95,10.0,39600.0,0.938,0.139
13494,1 - 1 - 2022,19800.0,7.867655305108378,7.498939925082745,10.0,0.051,0.0398107,0.0630957,0.664,0.6,0.7,0.446,0.4,0.5,6.5,0.253,0.0,1.0,True,0.01,0.95,10.0,39600.0,0.938,0.139
13495,1 - 1 - 2022,19800.0,8.740709353364863,7.498939925082745,10.0,0.0529,0.0398107,0.0630957,0.646,0.6,0.7,0.533,0.5,0.6,4.33,0.206,0.0,1.0,True,0.01,0.95,10.0,39600.0,0.938,0.139
13496,1 - 1 - 2022,19800.0,8.54400374531753,7.498939925082745,10.0,0.0552,0.0398107,0.0630957,0.645,0.6,0.7,0.642,0.6,0.7,10.8,0.326,0.0,1.0,True,0.01,0.95,10.0,39600.0,0.938,0.139
13497,1 - 1 - 2022,19800.0,8.408329203831164,7.498939925082745,10.0,0.0549,0.0398107,0.0630957,0.624,0.6,0.7,0.725,0.7,0.8,4.33,0.206,0.0,1.0,True,0.01,0.95,10.0,39600.0,0.938,0.139
13498,1 - 1 - 2022,19800.0,8.763560920082657,7.498939925082745,10.0,0.0556,0.0398107,0.0630957,0.622,0.6,0.7,0.854,0.8,0.9,8.66,0.292,2.17,1.0,True,0.01,0.95,10.0,39600.0,0.938,0.139
13499,1 - 1 - 2022,19800.0,8.502940667792526,7.498939925082745,10.0,0.0454,0.0398107,0.0630957,0.621,0.6,0.7,1.21,1.0,1.5,1.3,0.0505,0.433,1.0,True,0.01,0.95,10.0,39600.0,0.938,0.139
13500,1 - 1 - 2022,19800.0,8.689073598491383,7.498939925082745,10.0,0.0423,0.0398107,0.0630957,0.67,0.6,0.7,2.28,2.0,4.0,0.108,0.00729,0.0,1.0,True,0.01,0.95,10.0,39600.0,0.938,0.139
13501,1 - 1 - 2022,19800.0,9.444575162494075,7.498939925082745,10.0,0.0522,0.0398107,0.0630957,0.759,0.7,0.8,0.242,0.2,0.3,2.17,0.146,0.0,1.0,True,0.01,0.95,10.0,39600.0,0.938,0.139
13502,1 - 1 - 2022,19800.0,8.318653737234168,7.498939925082745,10.0,0.0493,0.0398107,0.0630957,0.739,0.7,0.8,0.36,0.3,0.4,4.33,0.206,0.0,1.0,True,0.01,0.95,10.0,39600.0,0.938,0.139
13503,1 - 1 - 2022,19800.0,7.905694150420948,7.498939925082745,10.0,0.0492,0.0398107,0.0630957,0.74,0.7,0.8,0.434,0.4,0.5,6.5,0.252,0.0,1.0,True,0.01,0.95,10.0,39600.0,0.938,0.139
13504,1 - 1 - 2022,19800.0,8.12403840463596,7.498939925082745,10.0,0.0476,0.0398107,0.0630957,0.747,0.7,0.8,0.545,0.5,0.6,10.8,0.326,2.17,1.0,True,0.01,0.95,10.0,39600.0,0.938,0.139
13505,1 - 1 - 2022,19800.0,8.555699854482976,7.498939925082745,10.0,0.0517,0.0398107,0.0630957,0.724,0.7,0.8,0.629,0.6,0.7,4.33,0.206,0.0,1.0,True,0.01,0.95,10.0,39600.0,0.938,0.139
13506,1 - 1 - 2022,19800.0,9.060905032059436,7.498939925082745,10.0,0.0491,0.0398107,0.0630957,0.733,0.7,0.8,0.774,0.7,0.8,4.33,0.206,0.0,1.0,True,0.01,0.95,10.0,39600.0,0.938,0.139
13507,1 - 1 - 2022,19800.0,8.031189202104505,7.498939925082745,10.0,0.0434,0.0398107,0.0630957,0.755,0.7,0.8,0.807,0.8,0.9,2.17,0.146,0.0,1.0,True,0.01,0.95,10.0,39600.0,0.938,0.139
13508,1 - 1 - 2022,19800.0,7.810249675906654,7.498939925082745,10.0,0.0566,0.0398107,0.0630957,0.701,0.7,0.8,1.08,1.0,1.5,0.433,0.0292,0.0,1.0,True,0.01,0.95,10.0,39600.0,0.938,0.139
13509,1 - 1 - 2022,19800.0,8.47938677028003,7.498939925082745,10.0,0.0448,0.0398107,0.0630957,0.856,0.8,0.9,0.112,0.1,0.2,2.17,0.146,0.0,1.0,True,0.01,0.95,10.0,39600.0,0.938,0.139
13510,1 - 1 - 2022,19800.0,9.481561052906848,7.498939925082745,10.0,0.0516,0.0398107,0.0630957,0.859,0.8,0.9,0.283,0.2,0.3,2.17,0.146,0.0,1.0,True,0.01,0.95,10.0,39600.0,0.938,0.139
13511,1 - 1 - 2022,19800.0,8.221921916437786,7.498939925082745,10.0,0.0464,0.0398107,0.0630957,0.851,0.8,0.9,0.364,0.3,0.4,2.17,0.146,0.0,1.0,True,0.01,0.95,10.0,39600.0,0.938,0.139
13512,1 - 1 - 2022,19800.0,8.438009243891594,7.498939925082745,10.0,0.0489,0.0398107,0.0630957,0.803,0.8,0.9,0.534,0.5,0.6,2.17,0.146,0.0,1.0,True,0.01,0.95,10.0,39600.0,0.938,0.139
13513,1 - 1 - 2022,19800.0,8.093207028119323,7.498939925082745,10.0,0.047,0.0398107,0.0630957,0.832,0.8,0.9,0.732,0.7,0.8,2.17,0.146,0.0,1.0,True,0.01,0.95,10.0,39600.0,0.938,0.139
13514,1 - 1 - 2022,19800.0,8.538149682454625,7.498939925082745,10.0,0.0799,0.0630957,0.1,0.0322,0.0,0.05,0.0323,0.0,0.05,92.9,1.52,16.4,1.0,True,0.01,0.95,10.0,39600.0,0.938,0.139
13515,1 - 1 - 2022,19800.0,8.729261137118078,7.498939925082745,10.0,0.0792,0.0630957,0.1,0.0323,0.0,0.05,0.0771,0.05,0.1,279.0,2.63,71.1,1.0,True,0.01,0.95,10.0,39600.0,0.938,0.139
13516,1 - 1 - 2022,19800.0,8.74642784226795,7.498939925082745,10.0,0.0793,0.0630957,0.1,0.0294,0.0,0.05,0.159,0.1,0.2,514.0,2.52,172.0,1.0,True,0.01,0.95,10.0,39600.0,0.938,0.139
13517,1 - 1 - 2022,19800.0,8.64291617453276,7.498939925082745,10.0,0.0788,0.0630957,0.1,0.0291,0.0,0.05,0.253,0.2,0.3,708.0,2.96,221.0,1.0,True,0.01,0.95,10.0,39600.0,0.938,0.139
13518,1 - 1 - 2022,19800.0,8.734987120768983,7.498939925082745,10.0,0.0795,0.0630957,0.1,0.0271,0.0,0.05,0.349,0.3,0.4,741.0,3.03,279.0,1.0,True,0.01,0.95,10.0,39600.0,0.938,0.139
13519,1 - 1 - 2022,19800.0,8.62554346113913,7.498939925082745,10.0,0.0792,0.0630957,0.1,0.0281,0.0,0.05,0.448,0.4,0.5,722.0,2.99,219.0,1.0,True,0.01,0.95,10.0,39600.0,0.938,0.139
13520,1 - 1 - 2022,19800.0,8.700574693662482,7.498939925082745,10.0,0.0786,0.0630957,0.1,0.0277,0.0,0.05,0.549,0.5,0.6,585.0,2.69,161.0,1.0,True,0.01,0.95,10.0,39600.0,0.938,0.139
13521,1 - 1 - 2022,19800.0,8.763560920082657,7.498939925082745,10.0,0.0792,0.0630957,0.1,0.0276,0.0,0.05,0.647,0.6,0.7,331.0,2.02,87.5,1.0,True,0.01,0.95,10.0,39600.0,0.938,0.139
13522,1 - 1 - 2022,19800.0,8.689073598491383,7.498939925082745,10.0,0.0803,0.0630957,0.1,0.0277,0.0,0.05,0.749,0.7,0.8,309.0,1.96,107.0,1.0,True,0.01,0.95,10.0,39600.0,0.938,0.139
13523,1 - 1 - 2022,19800.0,8.683317338436964,7.498939925082745,10.0,0.0775,0.0630957,0.1,0.0278,0.0,0.05,0.841,0.8,0.9,159.0,1.4,51.9,1.0,True,0.01,0.95,10.0,39600.0,0.938,0.139
13524,1 - 1 - 2022,19800.0,8.648699324175862,7.498939925082745,10.0,0.0799,0.0630957,0.1,0.0321,0.0,0.05,0.949,0.9,1.0,123.0,1.23,27.3,1.0,True,0.01,0.95,10.0,39600.0,0.938,0.139
13525,1 - 1 - 2022,19800.0,8.637129152675673,7.498939925082745,10.0,0.0803,0.0630957,0.1,0.0323,0.0,0.05,1.16,1.0,1.5,34.4,0.292,13.1,1.0,True,0.01,0.95,10.0,39600.0,0.938,0.139
13526,1 - 1 - 2022,19800.0,8.438009243891594,7.498939925082745,10.0,0.0808,0.0630957,0.1,0.0482,0.0,0.05,1.55,1.5,2.0,1.09,0.0521,0.0,1.0,True,0.01,0.95,10.0,39600.0,0.938,0.139
13527,1 - 1 - 2022,19800.0,8.666025617317317,7.498939925082745,10.0,0.0758,0.0630957,0.1,0.0768,0.05,0.1,0.0353,0.0,0.05,54.7,1.16,0.0,1.0,True,0.01,0.95,10.0,39600.0,0.938,0.139
13528,1 - 1 - 2022,19800.0,8.54400374531753,7.498939925082745,10.0,0.0749,0.0630957,0.1,0.0718,0.05,0.1,0.0814,0.05,0.1,262.0,2.55,0.0,1.0,True,0.01,0.95,10.0,39600.0,0.938,0.139
13529,1 - 1 - 2022,19800.0,8.590692637965812,7.498939925082745,10.0,0.0793,0.0630957,0.1,0.0729,0.05,0.1,0.155,0.1,0.2,342.0,2.06,10.9,1.0,True,0.01,0.95,10.0,39600.0,0.938,0.139
13530,1 - 1 - 2022,19800.0,8.526429498916883,7.498939925082745,10.0,0.0794,0.0630957,0.1,0.0734,0.05,0.1,0.252,0.2,0.3,426.0,2.3,71.1,1.0,True,0.01,0.95,10.0,39600.0,0.938,0.139
13531,1 - 1 - 2022,19800.0,8.5848704125339,7.498939925082745,10.0,0.0801,0.0630957,0.1,0.0702,0.05,0.1,0.35,0.3,0.4,530.0,2.56,87.5,1.0,True,0.01,0.95,10.0,39600.0,0.938,0.139
13532,1 - 1 - 2022,19800.0,8.579044235810887,7.498939925082745,10.0,0.0792,0.0630957,0.1,0.0721,0.05,0.1,0.447,0.4,0.5,495.0,2.48,120.0,1.0,True,0.01,0.95,10.0,39600.0,0.938,0.139
13533,1 - 1 - 2022,19800.0,8.596510920134982,7.498939925082745,10.0,0.0805,0.0630957,0.1,0.0742,0.05,0.1,0.548,0.5,0.6,369.0,2.14,65.6,1.0,True,0.01,0.95,10.0,39600.0,0.938,0.139
13534,1 - 1 - 2022,19800.0,8.740709353364863,7.498939925082745,10.0,0.0786,0.0630957,0.1,0.0741,0.05,0.1,0.649,0.6,0.7,238.0,1.72,54.7,1.0,True,0.01,0.95,10.0,39600.0,0.938,0.139
13535,1 - 1 - 2022,19800.0,8.78635305459552,7.498939925082745,10.0,0.08,0.0630957,0.1,0.077,0.05,0.1,0.745,0.7,0.8,189.0,1.53,27.3,1.0,True,0.01,0.95,10.0,39600.0,0.938,0.139
13536,1 - 1 - 2022,19800.0,8.449852069711044,7.498939925082745,10.0,0.0804,0.0630957,0.1,0.0738,0.05,0.1,0.853,0.8,0.9,126.0,1.25,10.9,1.0,True,0.01,0.95,10.0,39600.0,0.938,0.139
13537,1 - 1 - 2022,19800.0,8.61974477580398,7.498939925082745,10.0,0.08,0.0630957,0.1,0.0679,0.05,0.1,0.948,0.9,1.0,109.0,1.16,8.2,1.0,True,0.01,0.95,10.0,39600.0,0.938,0.139
13538,1 - 1 - 2022,19800.0,8.573214099741124,7.498939925082745,10.0,0.0802,0.0630957,0.1,0.0726,0.05,0.1,1.19,1.0,1.5,47.0,0.341,1.09,1.0,True,0.01,0.95,10.0,39600.0,0.938,0.139
13539,1 - 1 - 2022,19800.0,8.780660567406077,7.498939925082745,10.0,0.0769,0.0630957,0.1,0.0788,0.05,0.1,1.67,1.5,2.0,8.75,0.147,0.0,1.0,True,0.01,0.95,10.0,39600.0,0.938,0.139
13540,1 - 1 - 2022,19800.0,9.513148795220223,7.498939925082745,10.0,0.0977,0.0630957,0.1,0.0875,0.05,0.1,2.03,2.0,4.0,0.137,0.0092,0.0,1.0,True,0.01,0.95,10.0,39600.0,0.938,0.139
13541,1 - 1 - 2022,19800.0,8.62554346113913,7.498939925082745,10.0,0.0773,0.0630957,0.1,0.13,0.1,0.15,0.0338,0.0,0.05,54.7,1.16,0.0,1.0,True,0.01,0.95,10.0,39600.0,0.938,0.139
13542,1 - 1 - 2022,19800.0,8.54400374531753,7.498939925082745,10.0,0.0823,0.0630957,0.1,0.121,0.1,0.15,0.079,0.05,0.1,120.0,1.73,0.0,1.0,True,0.01,0.95,10.0,39600.0,0.938,0.139
13543,1 - 1 - 2022,19800.0,8.54400374531753,7.498939925082745,10.0,0.0775,0.0630957,0.1,0.124,0.1,0.15,0.152,0.1,0.2,208.0,1.6,0.0,1.0,True,0.01,0.95,10.0,39600.0,0.938,0.139
13544,1 - 1 - 2022,19800.0,8.549853799919621,7.498939925082745,10.0,0.0777,0.0630957,0.1,0.122,0.1,0.15,0.251,0.2,0.3,235.0,1.71,5.47,1.0,True,0.01,0.95,10.0,39600.0,0.938,0.139
13545,1 - 1 - 2022,19800.0,8.729261137118078,7.498939925082745,10.0,0.0778,0.0630957,0.1,0.123,0.1,0.15,0.351,0.3,0.4,271.0,1.83,13.7,1.0,True,0.01,0.95,10.0,39600.0,0.938,0.139
13546,1 - 1 - 2022,19800.0,8.555699854482976,7.498939925082745,10.0,0.0794,0.0630957,0.1,0.122,0.1,0.15,0.446,0.4,0.5,260.0,1.79,21.9,1.0,True,0.01,0.95,10.0,39600.0,0.938,0.139
13547,1 - 1 - 2022,19800.0,8.590692637965812,7.498939925082745,10.0,0.0796,0.0630957,0.1,0.122,0.1,0.15,0.547,0.5,0.6,178.0,1.48,46.5,1.0,True,0.01,0.95,10.0,39600.0,0.938,0.139
13548,1 - 1 - 2022,19800.0,8.648699324175862,7.498939925082745,10.0,0.0773,0.0630957,0.1,0.125,0.1,0.15,0.653,0.6,0.7,169.0,1.45,30.1,1.0,True,0.01,0.95,10.0,39600.0,0.938,0.139
13549,1 - 1 - 2022,19800.0,8.54400374531753,7.498939925082745,10.0,0.0786,0.0630957,0.1,0.119,0.1,0.15,0.747,0.7,0.8,139.0,1.31,35.5,1.0,True,0.01,0.95,10.0,39600.0,0.938,0.139
13550,1 - 1 - 2022,19800.0,8.820430828479978,7.498939925082745,10.0,0.0836,0.0630957,0.1,0.129,0.1,0.15,0.842,0.8,0.9,71.1,0.938,13.7,1.0,True,0.01,0.95,10.0,39600.0,0.938,0.139
13551,1 - 1 - 2022,19800.0,8.561541917201597,7.498939925082745,10.0,0.0779,0.0630957,0.1,0.127,0.1,0.15,0.942,0.9,1.0,73.8,0.956,16.4,1.0,True,0.01,0.95,10.0,39600.0,0.938,0.139
13552,1 - 1 - 2022,19800.0,8.740709353364863,7.498939925082745,10.0,0.0805,0.0630957,0.1,0.121,0.1,0.15,1.18,1.0,1.5,32.8,0.285,8.75,1.0,True,0.01,0.95,10.0,39600.0,0.938,0.139
13553,1 - 1 - 2022,19800.0,8.426149773176359,7.498939925082745,10.0,0.0774,0.0630957,0.1,0.117,0.1,0.15,1.7,1.5,2.0,9.29,0.152,0.0,1.0,True,0.01,0.95,10.0,39600.0,0.938,0.139
13554,1 - 1 - 2022,19800.0,8.814760348415605,7.498939925082745,10.0,0.0742,0.0630957,0.1,0.119,0.1,0.15,2.27,2.0,4.0,0.683,0.0206,0.0,1.0,True,0.01,0.95,10.0,39600.0,0.938,0.139
13555,1 - 1 - 2022,19800.0,8.426149773176359,7.498939925082745,10.0,0.0845,0.0630957,0.1,0.184,0.15,0.2,0.0291,0.0,0.05,16.4,0.637,0.0,1.0,True,0.01,0.95,10.0,39600.0,0.938,0.139
13556,1 - 1 - 2022,19800.0,8.402380615040002,7.498939925082745,10.0,0.0764,0.0630957,0.1,0.178,0.15,0.2,0.0757,0.05,0.1,54.7,1.16,0.0,1.0,True,0.01,0.95,10.0,39600.0,0.938,0.139
13557,1 - 1 - 2022,19800.0,8.538149682454625,7.498939925082745,10.0,0.0784,0.0630957,0.1,0.175,0.15,0.2,0.146,0.1,0.2,134.0,1.29,0.00146,1.0,True,0.01,0.95,10.0,39600.0,0.938,0.139
13558,1 - 1 - 2022,19800.0,8.683317338436964,7.498939925082745,10.0,0.0816,0.0630957,0.1,0.172,0.15,0.2,0.249,0.2,0.3,131.0,1.27,0.0,1.0,True,0.01,0.95,10.0,39600.0,0.938,0.139
13559,1 - 1 - 2022,19800.0,8.508818954473059,7.498939925082745,10.0,0.0797,0.0630957,0.1,0.174,0.15,0.2,0.347,0.3,0.4,178.0,1.48,0.0,1.0,True,0.01,0.95,10.0,39600.0,0.938,0.139
13560,1 - 1 - 2022,19800.0,8.438009243891594,7.498939925082745,10.0,0.0796,0.0630957,0.1,0.175,0.15,0.2,0.446,0.4,0.5,169.0,1.45,0.0,1.0,True,0.01,0.95,10.0,39600.0,0.938,0.139
13561,1 - 1 - 2022,19800.0,8.61974477580398,7.498939925082745,10.0,0.081,0.0630957,0.1,0.173,0.15,0.2,0.55,0.5,0.6,131.0,1.27,2.73,1.0,True,0.01,0.95,10.0,39600.0,0.938,0.139
13562,1 - 1 - 2022,19800.0,8.769264507357502,7.498939925082745,10.0,0.0785,0.0630957,0.1,0.177,0.15,0.2,0.652,0.6,0.7,95.7,1.09,2.73,1.0,True,0.01,0.95,10.0,39600.0,0.938,0.139
13563,1 - 1 - 2022,19800.0,8.54400374531753,7.498939925082745,10.0,0.0824,0.0630957,0.1,0.169,0.15,0.2,0.747,0.7,0.8,104.0,1.13,13.7,1.0,True,0.01,0.95,10.0,39600.0,0.938,0.139
13564,1 - 1 - 2022,19800.0,8.654478609367523,7.498939925082745,10.0,0.0825,0.0630957,0.1,0.176,0.15,0.2,0.842,0.8,0.9,92.9,1.07,8.2,1.0,True,0.01,0.95,10.0,39600.0,0.938,0.139
13565,1 - 1 - 2022,19800.0,8.677557259966655,7.498939925082745,10.0,0.0794,0.0630957,0.1,0.173,0.15,0.2,0.945,0.9,1.0,51.9,0.802,5.47,1.0,True,0.01,0.95,10.0,39600.0,0.938,0.139
13566,1 - 1 - 2022,19800.0,8.683317338436964,7.498939925082745,10.0,0.0807,0.0630957,0.1,0.172,0.15,0.2,1.16,1.0,1.5,26.2,0.255,4.37,1.0,True,0.01,0.95,10.0,39600.0,0.938,0.139
13567,1 - 1 - 2022,19800.0,8.666025617317317,7.498939925082745,10.0,0.0788,0.0630957,0.1,0.173,0.15,0.2,1.75,1.5,2.0,8.75,0.147,0.547,1.0,True,0.01,0.95,10.0,39600.0,0.938,0.139
13568,1 - 1 - 2022,19800.0,8.78635305459552,7.498939925082745,10.0,0.0787,0.0630957,0.1,0.184,0.15,0.2,2.85,2.0,4.0,0.82,0.0225,0.137,1.0,True,0.01,0.95,10.0,39600.0,0.938,0.139
13569,1 - 1 - 2022,19800.0,8.300602387778854,7.498939925082745,10.0,0.0882,0.0630957,0.1,0.23,0.2,0.25,0.0373,0.0,0.05,21.9,0.736,0.0,1.0,True,0.01,0.95,10.0,39600.0,0.938,0.139
13570,1 - 1 - 2022,19800.0,8.360621986431392,7.498939925082745,10.0,0.0821,0.0630957,0.1,0.216,0.2,0.25,0.0769,0.05,0.1,65.6,1.27,0.0,1.0,True,0.01,0.95,10.0,39600.0,0.938,0.139
13571,1 - 1 - 2022,19800.0,8.449852069711044,7.498939925082745,10.0,0.0813,0.0630957,0.1,0.219,0.2,0.25,0.153,0.1,0.2,49.2,0.781,0.0,1.0,True,0.01,0.95,10.0,39600.0,0.938,0.139
13572,1 - 1 - 2022,19800.0,8.508818954473059,7.498939925082745,10.0,0.08,0.0630957,0.1,0.217,0.2,0.25,0.255,0.2,0.3,104.0,1.13,0.0,1.0,True,0.01,0.95,10.0,39600.0,0.938,0.139
13573,1 - 1 - 2022,19800.0,8.74642784226795,7.498939925082745,10.0,0.0802,0.0630957,0.1,0.225,0.2,0.25,0.358,0.3,0.4,120.0,1.22,0.0,1.0,True,0.01,0.95,10.0,39600.0,0.938,0.139
13574,1 - 1 - 2022,19800.0,8.520563361656317,7.498939925082745,10.0,0.0769,0.0630957,0.1,0.225,0.2,0.25,0.452,0.4,0.5,112.0,1.18,0.0,1.0,True,0.01,0.95,10.0,39600.0,0.938,0.139
13575,1 - 1 - 2022,19800.0,8.769264507357502,7.498939925082745,10.0,0.0791,0.0630957,0.1,0.227,0.2,0.25,0.548,0.5,0.6,95.7,1.09,0.0,1.0,True,0.01,0.95,10.0,39600.0,0.938,0.139
13576,1 - 1 - 2022,19800.0,8.526429498916883,7.498939925082745,10.0,0.0832,0.0630957,0.1,0.222,0.2,0.25,0.656,0.6,0.7,71.1,0.938,0.0,1.0,True,0.01,0.95,10.0,39600.0,0.938,0.139
13577,1 - 1 - 2022,19800.0,8.596510920134982,7.498939925082745,10.0,0.08,0.0630957,0.1,0.224,0.2,0.25,0.75,0.7,0.8,90.2,1.06,0.0,1.0,True,0.01,0.95,10.0,39600.0,0.938,0.139
13578,1 - 1 - 2022,19800.0,8.87130204648675,7.498939925082745,10.0,0.0807,0.0630957,0.1,0.224,0.2,0.25,0.848,0.8,0.9,43.7,0.736,0.0,1.0,True,0.01,0.95,10.0,39600.0,0.938,0.139
13579,1 - 1 - 2022,19800.0,8.814760348415605,7.498939925082745,10.0,0.0816,0.0630957,0.1,0.225,0.2,0.25,0.962,0.9,1.0,27.3,0.582,0.0,1.0,True,0.01,0.95,10.0,39600.0,0.938,0.139
13580,1 - 1 - 2022,19800.0,8.532291603080617,7.498939925082745,10.0,0.0807,0.0630957,0.1,0.224,0.2,0.25,1.21,1.0,1.5,14.2,0.188,2.19,1.0,True,0.01,0.95,10.0,39600.0,0.938,0.139
13581,1 - 1 - 2022,19800.0,7.829431652425353,7.498939925082745,10.0,0.0791,0.0630957,0.1,0.235,0.2,0.25,1.84,1.5,2.0,2.73,0.0823,0.0,1.0,True,0.01,0.95,10.0,39600.0,0.938,0.139
13582,1 - 1 - 2022,19800.0,8.949860334105779,7.498939925082745,10.0,0.0793,0.0630957,0.1,0.223,0.2,0.25,2.62,2.0,4.0,1.09,0.026,0.0,1.0,True,0.01,0.95,10.0,39600.0,0.938,0.139
13583,1 - 1 - 2022,19800.0,8.342661445845684,7.498939925082745,10.0,0.0667,0.0630957,0.1,0.292,0.25,0.3,0.0369,0.0,0.05,10.9,0.52,0.0,1.0,True,0.01,0.95,10.0,39600.0,0.938,0.139
13584,1 - 1 - 2022,19800.0,8.117881497040962,7.498939925082745,10.0,0.0832,0.0630957,0.1,0.271,0.25,0.3,0.0768,0.05,0.1,38.3,0.974,0.0,1.0,True,0.01,0.95,10.0,39600.0,0.938,0.139
13585,1 - 1 - 2022,19800.0,8.372574275573792,7.498939925082745,10.0,0.0765,0.0630957,0.1,0.276,0.25,0.3,0.147,0.1,0.2,62.9,0.882,0.0,1.0,True,0.01,0.95,10.0,39600.0,0.938,0.139
13586,1 - 1 - 2022,19800.0,8.366600265340756,7.498939925082745,10.0,0.0798,0.0630957,0.1,0.273,0.25,0.3,0.256,0.2,0.3,101.0,1.12,0.0,1.0,True,0.01,0.95,10.0,39600.0,0.938,0.139
13587,1 - 1 - 2022,19800.0,8.342661445845684,7.498939925082745,10.0,0.0767,0.0630957,0.1,0.275,0.25,0.3,0.349,0.3,0.4,82.0,1.01,0.0,1.0,True,0.01,0.95,10.0,39600.0,0.938,0.139
13588,1 - 1 - 2022,19800.0,8.613942186943213,7.498939925082745,10.0,0.08,0.0630957,0.1,0.275,0.25,0.3,0.448,0.4,0.5,62.9,0.882,0.0,1.0,True,0.01,0.95,10.0,39600.0,0.938,0.139
13589,1 - 1 - 2022,19800.0,8.420213774008355,7.498939925082745,10.0,0.0783,0.0630957,0.1,0.278,0.25,0.3,0.548,0.5,0.6,79.3,0.991,0.0,1.0,True,0.01,0.95,10.0,39600.0,0.938,0.139
13590,1 - 1 - 2022,19800.0,8.455767262643882,7.498939925082745,10.0,0.0792,0.0630957,0.1,0.267,0.25,0.3,0.648,0.6,0.7,68.3,0.92,0.0,1.0,True,0.01,0.95,10.0,39600.0,0.938,0.139
13591,1 - 1 - 2022,19800.0,8.555699854482976,7.498939925082745,10.0,0.0732,0.0630957,0.1,0.28,0.25,0.3,0.737,0.7,0.8,35.5,0.663,0.0,1.0,True,0.01,0.95,10.0,39600.0,0.938,0.139
13592,1 - 1 - 2022,19800.0,8.882567196480982,7.498939925082745,10.0,0.0819,0.0630957,0.1,0.274,0.25,0.3,0.849,0.8,0.9,35.5,0.663,0.0,1.0,True,0.01,0.95,10.0,39600.0,0.938,0.139
13593,1 - 1 - 2022,19800.0,8.408329203831164,7.498939925082745,10.0,0.08,0.0630957,0.1,0.269,0.25,0.3,0.941,0.9,1.0,16.4,0.451,0.0,1.0,True,0.01,0.95,10.0,39600.0,0.938,0.139
13594,1 - 1 - 2022,19800.0,8.502940667792526,7.498939925082745,10.0,0.0789,0.0630957,0.1,0.277,0.25,0.3,1.19,1.0,1.5,7.11,0.133,0.0,1.0,True,0.01,0.95,10.0,39600.0,0.938,0.139
13595,1 - 1 - 2022,19800.0,8.300602387778854,7.498939925082745,10.0,0.072,0.0630957,0.1,0.266,0.25,0.3,1.66,1.5,2.0,2.19,0.0736,0.0,1.0,True,0.01,0.95,10.0,39600.0,0.938,0.139
13596,1 - 1 - 2022,19800.0,8.573214099741124,7.498939925082745,10.0,0.0859,0.0630957,0.1,0.266,0.25,0.3,2.79,2.0,4.0,0.273,0.013,0.0,1.0,True,0.01,0.95,10.0,39600.0,0.938,0.139
13597,1 - 1 - 2022,19800.0,8.983317872590282,7.498939925082745,10.0,0.0807,0.0630957,0.1,0.315,0.3,0.4,0.0484,0.0,0.05,2.73,0.184,0.0,1.0,True,0.01,0.95,10.0,39600.0,0.938,0.139
13598,1 - 1 - 2022,19800.0,8.774964387392123,7.498939925082745,10.0,0.0816,0.0630957,0.1,0.352,0.3,0.4,0.0815,0.05,0.1,24.6,0.552,0.0,1.0,True,0.01,0.95,10.0,39600.0,0.938,0.139
13599,1 - 1 - 2022,19800.0,8.48528137423857,7.498939925082745,10.0,0.079,0.0630957,0.1,0.334,0.3,0.4,0.148,0.1,0.2,20.5,0.356,0.0,1.0,True,0.01,0.95,10.0,39600.0,0.938,0.139
13600,1 - 1 - 2022,19800.0,8.5848704125339,7.498939925082745,10.0,0.0802,0.0630957,0.1,0.347,0.3,0.4,0.254,0.2,0.3,36.9,0.478,0.0,1.0,True,0.01,0.95,10.0,39600.0,0.938,0.139
13601,1 - 1 - 2022,19800.0,8.502940667792526,7.498939925082745,10.0,0.0765,0.0630957,0.1,0.335,0.3,0.4,0.354,0.3,0.4,31.4,0.441,0.0,1.0,True,0.01,0.95,10.0,39600.0,0.938,0.139
13602,1 - 1 - 2022,19800.0,8.532291603080617,7.498939925082745,10.0,0.0766,0.0630957,0.1,0.337,0.3,0.4,0.452,0.4,0.5,38.3,0.487,0.0,1.0,True,0.01,0.95,10.0,39600.0,0.938,0.139
13603,1 - 1 - 2022,19800.0,8.414273587185052,7.498939925082745,10.0,0.0766,0.0630957,0.1,0.344,0.3,0.4,0.558,0.5,0.6,24.6,0.39,0.0,1.0,True,0.01,0.95,10.0,39600.0,0.938,0.139
13604,1 - 1 - 2022,19800.0,8.888194417315589,7.498939925082745,10.0,0.0814,0.0630957,0.1,0.347,0.3,0.4,0.645,0.6,0.7,34.2,0.46,0.0,1.0,True,0.01,0.95,10.0,39600.0,0.938,0.139
13605,1 - 1 - 2022,19800.0,8.96102672688794,7.498939925082745,10.0,0.0799,0.0630957,0.1,0.35,0.3,0.4,0.749,0.7,0.8,30.1,0.431,0.0,1.0,True,0.01,0.95,10.0,39600.0,0.938,0.139
13606,1 - 1 - 2022,19800.0,8.561541917201597,7.498939925082745,10.0,0.0804,0.0630957,0.1,0.344,0.3,0.4,0.852,0.8,0.9,19.1,0.344,0.0,1.0,True,0.01,0.95,10.0,39600.0,0.938,0.139
13607,1 - 1 - 2022,19800.0,8.803408430829505,7.498939925082745,10.0,0.0794,0.0630957,0.1,0.327,0.3,0.4,0.959,0.9,1.0,9.57,0.243,0.0,1.0,True,0.01,0.95,10.0,39600.0,0.938,0.139
13608,1 - 1 - 2022,19800.0,8.79772697916911,7.498939925082745,10.0,0.0783,0.0630957,0.1,0.346,0.3,0.4,1.2,1.0,1.5,5.19,0.0802,0.0,1.0,True,0.01,0.95,10.0,39600.0,0.938,0.139
13609,1 - 1 - 2022,19800.0,9.15969431804359,7.498939925082745,10.0,0.0781,0.0630957,0.1,0.359,0.3,0.4,1.8,1.5,2.0,1.91,0.0487,0.0,1.0,True,0.01,0.95,10.0,39600.0,0.938,0.139
13610,1 - 1 - 2022,19800.0,8.8656641037206,7.498939925082745,10.0,0.0803,0.0630957,0.1,0.332,0.3,0.4,2.43,2.0,4.0,0.478,0.0122,0.0,1.0,True,0.01,0.95,10.0,39600.0,0.938,0.139
13611,1 - 1 - 2022,19800.0,8.093207028119323,7.498939925082745,10.0,0.0771,0.0630957,0.1,0.489,0.4,0.5,0.0695,0.05,0.1,5.47,0.26,0.0,1.0,True,0.01,0.95,10.0,39600.0,0.938,0.139
13612,1 - 1 - 2022,19800.0,8.740709353364863,7.498939925082745,10.0,0.0769,0.0630957,0.1,0.428,0.4,0.5,0.161,0.1,0.2,13.7,0.291,0.0,1.0,True,0.01,0.95,10.0,39600.0,0.938,0.139
13613,1 - 1 - 2022,19800.0,8.330666239863412,7.498939925082745,10.0,0.0767,0.0630957,0.1,0.447,0.4,0.5,0.245,0.2,0.3,19.1,0.344,0.0,1.0,True,0.01,0.95,10.0,39600.0,0.938,0.139
13614,1 - 1 - 2022,19800.0,8.360621986431392,7.498939925082745,10.0,0.0788,0.0630957,0.1,0.445,0.4,0.5,0.338,0.3,0.4,8.2,0.225,0.0,1.0,True,0.01,0.95,10.0,39600.0,0.938,0.139
13615,1 - 1 - 2022,19800.0,8.888194417315589,7.498939925082745,10.0,0.0791,0.0630957,0.1,0.444,0.4,0.5,0.452,0.4,0.5,15.0,0.305,0.0,1.0,True,0.01,0.95,10.0,39600.0,0.938,0.139
13616,1 - 1 - 2022,19800.0,8.35463942968217,7.498939925082745,10.0,0.0771,0.0630957,0.1,0.438,0.4,0.5,0.553,0.5,0.6,23.2,0.379,0.0,1.0,True,0.01,0.95,10.0,39600.0,0.938,0.139
13617,1 - 1 - 2022,19800.0,8.408329203831164,7.498939925082745,10.0,0.0833,0.0630957,0.1,0.444,0.4,0.5,0.648,0.6,0.7,20.5,0.356,0.0,1.0,True,0.01,0.95,10.0,39600.0,0.938,0.139
13618,1 - 1 - 2022,19800.0,8.215838362577491,7.498939925082745,10.0,0.082,0.0630957,0.1,0.428,0.4,0.5,0.747,0.7,0.8,10.9,0.26,0.0,1.0,True,0.01,0.95,10.0,39600.0,0.938,0.139
13619,1 - 1 - 2022,19800.0,8.068457101577723,7.498939925082745,10.0,0.09,0.0630957,0.1,0.434,0.4,0.5,0.875,0.8,0.9,5.47,0.184,0.0,1.0,True,0.01,0.95,10.0,39600.0,0.938,0.139
13620,1 - 1 - 2022,19800.0,8.538149682454625,7.498939925082745,10.0,0.0798,0.0630957,0.1,0.433,0.4,0.5,0.94,0.9,1.0,6.83,0.206,0.0,1.0,True,0.01,0.95,10.0,39600.0,0.938,0.139
13621,1 - 1 - 2022,19800.0,8.61974477580398,7.498939925082745,10.0,0.0779,0.0630957,0.1,0.436,0.4,0.5,1.17,1.0,1.5,2.46,0.0552,0.0,1.0,True,0.01,0.95,10.0,39600.0,0.938,0.139
13622,1 - 1 - 2022,19800.0,8.94427190999916,7.498939925082745,10.0,0.0693,0.0630957,0.1,0.412,0.4,0.5,1.63,1.5,2.0,0.82,0.0319,0.0,1.0,True,0.01,0.95,10.0,39600.0,0.938,0.139
13623,1 - 1 - 2022,19800.0,8.757853618324527,7.498939925082745,10.0,0.0917,0.0630957,0.1,0.577,0.5,0.6,0.0638,0.05,0.1,2.73,0.184,0.0,1.0,True,0.01,0.95,10.0,39600.0,0.938,0.139
13624,1 - 1 - 2022,19800.0,8.491171886141512,7.498939925082745,10.0,0.0874,0.0630957,0.1,0.538,0.5,0.6,0.163,0.1,0.2,9.57,0.243,0.0,1.0,True,0.01,0.95,10.0,39600.0,0.938,0.139
13625,1 - 1 - 2022,19800.0,8.48528137423857,7.498939925082745,10.0,0.0847,0.0630957,0.1,0.549,0.5,0.6,0.261,0.2,0.3,10.9,0.26,0.0,1.0,True,0.01,0.95,10.0,39600.0,0.938,0.139
13626,1 - 1 - 2022,19800.0,8.19756061276768,7.498939925082745,10.0,0.0786,0.0630957,0.1,0.539,0.5,0.6,0.361,0.3,0.4,9.57,0.243,0.0,1.0,True,0.01,0.95,10.0,39600.0,0.938,0.139
13627,1 - 1 - 2022,19800.0,8.67179335547152,7.498939925082745,10.0,0.0765,0.0630957,0.1,0.552,0.5,0.6,0.442,0.4,0.5,9.57,0.243,0.0,1.0,True,0.01,0.95,10.0,39600.0,0.938,0.139
13628,1 - 1 - 2022,19800.0,8.62554346113913,7.498939925082745,10.0,0.0803,0.0630957,0.1,0.545,0.5,0.6,0.552,0.5,0.6,12.3,0.276,0.0,1.0,True,0.01,0.95,10.0,39600.0,0.938,0.139
13629,1 - 1 - 2022,19800.0,9.011104260855047,7.498939925082745,10.0,0.0722,0.0630957,0.1,0.529,0.5,0.6,0.653,0.6,0.7,2.73,0.13,0.0,1.0,True,0.01,0.95,10.0,39600.0,0.938,0.139
13630,1 - 1 - 2022,19800.0,8.1117199162693,7.498939925082745,10.0,0.0791,0.0630957,0.1,0.531,0.5,0.6,0.748,0.7,0.8,4.1,0.159,0.0,1.0,True,0.01,0.95,10.0,39600.0,0.938,0.139
13631,1 - 1 - 2022,19800.0,8.723531395025756,7.498939925082745,10.0,0.0754,0.0630957,0.1,0.519,0.5,0.6,0.863,0.8,0.9,2.73,0.13,0.0,1.0,True,0.01,0.95,10.0,39600.0,0.938,0.139
13632,1 - 1 - 2022,19800.0,8.438009243891594,7.498939925082745,10.0,0.0736,0.0630957,0.1,0.527,0.5,0.6,0.959,0.9,1.0,10.9,0.26,0.0,1.0,True,0.01,0.95,10.0,39600.0,0.938,0.139
13633,1 - 1 - 2022,19800.0,8.508818954473059,7.498939925082745,10.0,0.0735,0.0630957,0.1,0.559,0.5,0.6,1.31,1.0,1.5,1.64,0.0451,0.0,1.0,True,0.01,0.95,10.0,39600.0,0.938,0.139
13634,1 - 1 - 2022,19800.0,8.473488065725943,7.498939925082745,10.0,0.0891,0.0630957,0.1,0.526,0.5,0.6,2.65,2.0,4.0,0.137,0.00651,0.0,1.0,True,0.01,0.95,10.0,39600.0,0.938,0.139
13635,1 - 1 - 2022,19800.0,8.977750274985375,7.498939925082745,10.0,0.0835,0.0630957,0.1,0.645,0.6,0.7,0.149,0.1,0.2,5.47,0.184,0.0,1.0,True,0.01,0.95,10.0,39600.0,0.938,0.139
13636,1 - 1 - 2022,19800.0,7.569676347110224,7.498939925082745,10.0,0.0764,0.0630957,0.1,0.616,0.6,0.7,0.281,0.2,0.3,1.37,0.092,0.0,1.0,True,0.01,0.95,10.0,39600.0,0.938,0.139
13637,1 - 1 - 2022,19800.0,9.444575162494075,7.498939925082745,10.0,0.086,0.0630957,0.1,0.634,0.6,0.7,0.348,0.3,0.4,4.1,0.159,0.0,1.0,True,0.01,0.95,10.0,39600.0,0.938,0.139
13638,1 - 1 - 2022,19800.0,9.792854537876073,7.498939925082745,10.0,0.0786,0.0630957,0.1,0.656,0.6,0.7,0.44,0.4,0.5,2.73,0.13,0.0,1.0,True,0.01,0.95,10.0,39600.0,0.938,0.139
13639,1 - 1 - 2022,19800.0,8.532291603080617,7.498939925082745,10.0,0.0772,0.0630957,0.1,0.654,0.6,0.7,0.651,0.6,0.7,4.1,0.159,0.0,1.0,True,0.01,0.95,10.0,39600.0,0.938,0.139
13640,1 - 1 - 2022,19800.0,8.461678320522472,7.498939925082745,10.0,0.0896,0.0630957,0.1,0.654,0.6,0.7,0.754,0.7,0.8,4.1,0.159,0.0,1.0,True,0.01,0.95,10.0,39600.0,0.938,0.139
13641,1 - 1 - 2022,19800.0,8.012490249604053,7.498939925082745,10.0,0.0706,0.0630957,0.1,0.651,0.6,0.7,0.811,0.8,0.9,1.37,0.092,0.0,1.0,True,0.01,0.95,10.0,39600.0,0.938,0.139
13642,1 - 1 - 2022,19800.0,8.056053624449133,7.498939925082745,10.0,0.096,0.0630957,0.1,0.627,0.6,0.7,0.998,0.9,1.0,1.37,0.092,0.0,1.0,True,0.01,0.95,10.0,39600.0,0.938,0.139
13643,1 - 1 - 2022,19800.0,8.803408430829505,7.498939925082745,10.0,0.0665,0.0630957,0.1,0.646,0.6,0.7,1.11,1.0,1.5,0.82,0.0319,0.0,1.0,True,0.01,0.95,10.0,39600.0,0.938,0.139
13644,1 - 1 - 2022,19800.0,9.06642156531451,7.498939925082745,10.0,0.086,0.0630957,0.1,0.645,0.6,0.7,1.52,1.5,2.0,0.273,0.0184,0.0,1.0,True,0.01,0.95,10.0,39600.0,0.938,0.139
13645,1 - 1 - 2022,19800.0,7.6681158050723255,7.498939925082745,10.0,0.0945,0.0630957,0.1,0.743,0.7,0.8,0.167,0.1,0.2,1.37,0.092,0.0,1.0,True,0.01,0.95,10.0,39600.0,0.938,0.139
13646,1 - 1 - 2022,19800.0,8.294576541331088,7.498939925082745,10.0,0.0948,0.0630957,0.1,0.717,0.7,0.8,0.208,0.2,0.3,1.37,0.092,0.0,1.0,True,0.01,0.95,10.0,39600.0,0.938,0.139
13647,1 - 1 - 2022,19800.0,9.049861877399014,7.498939925082745,10.0,0.0735,0.0630957,0.1,0.763,0.7,0.8,0.355,0.3,0.4,1.37,0.092,0.0,1.0,True,0.01,0.95,10.0,39600.0,0.938,0.139
13648,1 - 1 - 2022,19800.0,9.011104260855047,7.498939925082745,10.0,0.074,0.0630957,0.1,0.736,0.7,0.8,0.462,0.4,0.5,5.47,0.184,0.0,1.0,True,0.01,0.95,10.0,39600.0,0.938,0.139
13649,1 - 1 - 2022,19800.0,7.576278769950324,7.498939925082745,10.0,0.081,0.0630957,0.1,0.702,0.7,0.8,0.551,0.5,0.6,1.37,0.092,0.0,1.0,True,0.01,0.95,10.0,39600.0,0.938,0.139
13650,1 - 1 - 2022,19800.0,7.918333157931662,7.498939925082745,10.0,0.0782,0.0630957,0.1,0.749,0.7,0.8,0.837,0.8,0.9,2.73,0.13,0.0,1.0,True,0.01,0.95,10.0,39600.0,0.938,0.139
13651,1 - 1 - 2022,19800.0,8.396427811873332,7.498939925082745,10.0,0.0866,0.0630957,0.1,0.728,0.7,0.8,0.913,0.9,1.0,1.37,0.092,0.0,1.0,True,0.01,0.95,10.0,39600.0,0.938,0.139
13652,1 - 1 - 2022,19800.0,9.252026804976301,7.498939925082745,10.0,0.0798,0.0630957,0.1,0.784,0.7,0.8,1.13,1.0,1.5,0.273,0.0184,0.0,1.0,True,0.01,0.95,10.0,39600.0,0.938,0.139
13653,1 - 1 - 2022,19800.0,7.880355321938218,7.498939925082745,10.0,0.0752,0.0630957,0.1,0.842,0.8,0.9,0.166,0.1,0.2,1.37,0.092,0.0,1.0,True,0.01,0.95,10.0,39600.0,0.938,0.139
13654,1 - 1 - 2022,19800.0,9.843779761859771,7.498939925082745,10.0,0.0825,0.0630957,0.1,0.832,0.8,0.9,0.218,0.2,0.3,1.37,0.092,0.0,1.0,True,0.01,0.95,10.0,39600.0,0.938,0.139
13655,1 - 1 - 2022,19800.0,8.723531395025756,7.498939925082745,10.0,0.0703,0.0630957,0.1,0.85,0.8,0.9,0.345,0.3,0.4,4.1,0.159,0.0,1.0,True,0.01,0.95,10.0,39600.0,0.938,0.139
13656,1 - 1 - 2022,19800.0,8.068457101577723,7.498939925082745,10.0,0.0815,0.0630957,0.1,0.832,0.8,0.9,0.473,0.4,0.5,5.47,0.184,0.0,1.0,True,0.01,0.95,10.0,39600.0,0.938,0.139
13657,1 - 1 - 2022,19800.0,8.491171886141512,7.498939925082745,10.0,0.0696,0.0630957,0.1,0.834,0.8,0.9,0.608,0.6,0.7,1.37,0.092,0.0,1.0,True,0.01,0.95,10.0,39600.0,0.938,0.139
13658,1 - 1 - 2022,19800.0,8.366600265340756,7.498939925082745,10.0,0.074,0.0630957,0.1,0.853,0.8,0.9,0.753,0.7,0.8,2.73,0.13,0.0,1.0,True,0.01,0.95,10.0,39600.0,0.938,0.139
13659,1 - 1 - 2022,19800.0,9.934787365615835,7.498939925082745,10.0,0.0745,0.0630957,0.1,0.857,0.8,0.9,0.998,0.9,1.0,1.37,0.092,0.0,1.0,True,0.01,0.95,10.0,39600.0,0.938,0.139
13660,1 - 1 - 2022,19800.0,9.838699100999074,7.498939925082745,10.0,0.0638,0.0630957,0.1,0.848,0.8,0.9,1.3,1.0,1.5,0.273,0.0184,0.0,1.0,True,0.01,0.95,10.0,39600.0,0.938,0.139
13661,1 - 1 - 2022,19800.0,7.536577472566709,7.498939925082745,10.0,0.089,0.0630957,0.1,0.902,0.9,1.0,0.326,0.3,0.4,1.37,0.092,0.0,1.0,True,0.01,0.95,10.0,39600.0,0.938,0.139
13662,1 - 1 - 2022,19800.0,8.491171886141512,7.498939925082745,10.0,0.122,0.1,0.158489,0.036,0.0,0.05,0.0337,0.0,0.05,41.4,0.804,20.7,1.0,True,0.01,0.95,10.0,39600.0,0.938,0.139
13663,1 - 1 - 2022,19800.0,8.740709353364863,7.498939925082745,10.0,0.129,0.1,0.158489,0.0364,0.0,0.05,0.0741,0.05,0.1,93.1,1.21,31.0,1.0,True,0.01,0.95,10.0,39600.0,0.938,0.139
13664,1 - 1 - 2022,19800.0,8.78635305459552,7.498939925082745,10.0,0.121,0.1,0.158489,0.0349,0.0,0.05,0.152,0.1,0.2,197.0,1.24,74.2,1.0,True,0.01,0.95,10.0,39600.0,0.938,0.139
13665,1 - 1 - 2022,19800.0,8.79772697916911,7.498939925082745,10.0,0.125,0.1,0.158489,0.0344,0.0,0.05,0.251,0.2,0.3,276.0,1.47,112.0,1.0,True,0.01,0.95,10.0,39600.0,0.938,0.139
13666,1 - 1 - 2022,19800.0,8.654478609367523,7.498939925082745,10.0,0.123,0.1,0.158489,0.0331,0.0,0.05,0.352,0.3,0.4,295.0,1.52,121.0,1.0,True,0.01,0.95,10.0,39600.0,0.938,0.139
13667,1 - 1 - 2022,19800.0,8.757853618324527,7.498939925082745,10.0,0.128,0.1,0.158489,0.0308,0.0,0.05,0.448,0.4,0.5,285.0,1.49,155.0,1.0,True,0.01,0.95,10.0,39600.0,0.938,0.139
13668,1 - 1 - 2022,19800.0,8.757853618324527,7.498939925082745,10.0,0.124,0.1,0.158489,0.0313,0.0,0.05,0.546,0.5,0.6,205.0,1.27,100.0,1.0,True,0.01,0.95,10.0,39600.0,0.938,0.139
13669,1 - 1 - 2022,19800.0,8.712060605849802,7.498939925082745,10.0,0.127,0.1,0.158489,0.0306,0.0,0.05,0.648,0.6,0.7,183.0,1.2,100.0,1.0,True,0.01,0.95,10.0,39600.0,0.938,0.139
13670,1 - 1 - 2022,19800.0,8.689073598491383,7.498939925082745,10.0,0.122,0.1,0.158489,0.0328,0.0,0.05,0.743,0.7,0.8,112.0,0.936,46.6,1.0,True,0.01,0.95,10.0,39600.0,0.938,0.139
13671,1 - 1 - 2022,19800.0,8.831760866327848,7.498939925082745,10.0,0.121,0.1,0.158489,0.0327,0.0,0.05,0.841,0.8,0.9,72.4,0.752,29.3,1.0,True,0.01,0.95,10.0,39600.0,0.938,0.139
13672,1 - 1 - 2022,19800.0,8.972179222463181,7.498939925082745,10.0,0.128,0.1,0.158489,0.0363,0.0,0.05,0.943,0.9,1.0,41.4,0.569,17.2,1.0,True,0.01,0.95,10.0,39600.0,0.938,0.139
13673,1 - 1 - 2022,19800.0,8.83742043811428,7.498939925082745,10.0,0.123,0.1,0.158489,0.0364,0.0,0.05,1.14,1.0,1.5,13.8,0.147,7.59,1.0,True,0.01,0.95,10.0,39600.0,0.938,0.139
13674,1 - 1 - 2022,19800.0,8.567379996241558,7.498939925082745,10.0,0.127,0.1,0.158489,0.0699,0.05,0.1,0.0364,0.0,0.05,34.5,0.734,0.0,1.0,True,0.01,0.95,10.0,39600.0,0.938,0.139
13675,1 - 1 - 2022,19800.0,8.843076387773658,7.498939925082745,10.0,0.129,0.1,0.158489,0.0688,0.05,0.1,0.0797,0.05,0.1,121.0,1.37,0.0,1.0,True,0.01,0.95,10.0,39600.0,0.938,0.139
13676,1 - 1 - 2022,19800.0,8.579044235810887,7.498939925082745,10.0,0.128,0.1,0.158489,0.0727,0.05,0.1,0.158,0.1,0.2,167.0,1.14,0.0,1.0,True,0.01,0.95,10.0,39600.0,0.938,0.139
13677,1 - 1 - 2022,19800.0,8.502940667792526,7.498939925082745,10.0,0.126,0.1,0.158489,0.073,0.05,0.1,0.251,0.2,0.3,241.0,1.37,5.17,1.0,True,0.01,0.95,10.0,39600.0,0.938,0.139
13678,1 - 1 - 2022,19800.0,8.54400374531753,7.498939925082745,10.0,0.126,0.1,0.158489,0.0744,0.05,0.1,0.345,0.3,0.4,241.0,1.37,0.000801,1.0,True,0.01,0.95,10.0,39600.0,0.938,0.139
13679,1 - 1 - 2022,19800.0,8.67179335547152,7.498939925082745,10.0,0.126,0.1,0.158489,0.0743,0.05,0.1,0.449,0.4,0.5,233.0,1.35,13.8,1.0,True,0.01,0.95,10.0,39600.0,0.938,0.139
13680,1 - 1 - 2022,19800.0,8.602325267042627,7.498939925082745,10.0,0.129,0.1,0.158489,0.0713,0.05,0.1,0.553,0.5,0.6,167.0,1.14,6.9,1.0,True,0.01,0.95,10.0,39600.0,0.938,0.139
13681,1 - 1 - 2022,19800.0,8.689073598491383,7.498939925082745,10.0,0.123,0.1,0.158489,0.0729,0.05,0.1,0.641,0.6,0.7,147.0,1.07,8.63,1.0,True,0.01,0.95,10.0,39600.0,0.938,0.139
13682,1 - 1 - 2022,19800.0,8.526429498916883,7.498939925082745,10.0,0.124,0.1,0.158489,0.0713,0.05,0.1,0.753,0.7,0.8,96.6,0.869,3.45,1.0,True,0.01,0.95,10.0,39600.0,0.938,0.139
13683,1 - 1 - 2022,19800.0,8.590692637965812,7.498939925082745,10.0,0.126,0.1,0.158489,0.0761,0.05,0.1,0.84,0.8,0.9,89.7,0.837,1.72,1.0,True,0.01,0.95,10.0,39600.0,0.938,0.139
13684,1 - 1 - 2022,19800.0,8.654478609367523,7.498939925082745,10.0,0.135,0.1,0.158489,0.0732,0.05,0.1,0.94,0.9,1.0,37.9,0.544,0.0,1.0,True,0.01,0.95,10.0,39600.0,0.938,0.139
13685,1 - 1 - 2022,19800.0,8.590692637965812,7.498939925082745,10.0,0.124,0.1,0.158489,0.0749,0.05,0.1,1.17,1.0,1.5,15.5,0.156,1.03,1.0,True,0.01,0.95,10.0,39600.0,0.938,0.139
13686,1 - 1 - 2022,19800.0,8.613942186943213,7.498939925082745,10.0,0.138,0.1,0.158489,0.0735,0.05,0.1,1.7,1.5,2.0,2.07,0.0569,0.345,1.0,True,0.01,0.95,10.0,39600.0,0.938,0.139
13687,1 - 1 - 2022,19800.0,7.92464510246358,7.498939925082745,10.0,0.153,0.1,0.158489,0.0837,0.05,0.1,2.06,2.0,4.0,0.0863,0.00581,0.0,1.0,True,0.01,0.95,10.0,39600.0,0.938,0.139
13688,1 - 1 - 2022,19800.0,8.573214099741124,7.498939925082745,10.0,0.114,0.1,0.158489,0.117,0.1,0.15,0.0298,0.0,0.05,20.7,0.569,0.0,1.0,True,0.01,0.95,10.0,39600.0,0.938,0.139
13689,1 - 1 - 2022,19800.0,8.378544026261364,7.498939925082745,10.0,0.128,0.1,0.158489,0.132,0.1,0.15,0.0732,0.05,0.1,69.0,1.04,0.0,1.0,True,0.01,0.95,10.0,39600.0,0.938,0.139
13690,1 - 1 - 2022,19800.0,8.567379996241558,7.498939925082745,10.0,0.127,0.1,0.158489,0.124,0.1,0.15,0.158,0.1,0.2,91.4,0.845,0.0,1.0,True,0.01,0.95,10.0,39600.0,0.938,0.139
13691,1 - 1 - 2022,19800.0,8.61974477580398,7.498939925082745,10.0,0.127,0.1,0.158489,0.123,0.1,0.15,0.253,0.2,0.3,129.0,1.01,0.0,1.0,True,0.01,0.95,10.0,39600.0,0.938,0.139
13692,1 - 1 - 2022,19800.0,8.579044235810887,7.498939925082745,10.0,0.126,0.1,0.158489,0.122,0.1,0.15,0.344,0.3,0.4,148.0,1.08,0.0,1.0,True,0.01,0.95,10.0,39600.0,0.938,0.139
13693,1 - 1 - 2022,19800.0,8.660254037844387,7.498939925082745,10.0,0.128,0.1,0.158489,0.126,0.1,0.15,0.449,0.4,0.5,155.0,1.1,0.0,1.0,True,0.01,0.95,10.0,39600.0,0.938,0.139
13694,1 - 1 - 2022,19800.0,8.648699324175862,7.498939925082745,10.0,0.125,0.1,0.158489,0.121,0.1,0.15,0.549,0.5,0.6,133.0,1.02,1.72,1.0,True,0.01,0.95,10.0,39600.0,0.938,0.139
13695,1 - 1 - 2022,19800.0,8.579044235810887,7.498939925082745,10.0,0.126,0.1,0.158489,0.123,0.1,0.15,0.649,0.6,0.7,88.0,0.829,6.9,1.0,True,0.01,0.95,10.0,39600.0,0.938,0.139
13696,1 - 1 - 2022,19800.0,8.532291603080617,7.498939925082745,10.0,0.131,0.1,0.158489,0.127,0.1,0.15,0.747,0.7,0.8,72.4,0.752,5.17,1.0,True,0.01,0.95,10.0,39600.0,0.938,0.139
13697,1 - 1 - 2022,19800.0,8.763560920082657,7.498939925082745,10.0,0.121,0.1,0.158489,0.123,0.1,0.15,0.851,0.8,0.9,63.8,0.706,8.62,1.0,True,0.01,0.95,10.0,39600.0,0.938,0.139
13698,1 - 1 - 2022,19800.0,8.438009243891594,7.498939925082745,10.0,0.125,0.1,0.158489,0.124,0.1,0.15,0.939,0.9,1.0,27.6,0.464,0.00088,1.0,True,0.01,0.95,10.0,39600.0,0.938,0.139
13699,1 - 1 - 2022,19800.0,8.48528137423857,7.498939925082745,10.0,0.125,0.1,0.158489,0.125,0.1,0.15,1.21,1.0,1.5,13.5,0.145,2.07,1.0,True,0.01,0.95,10.0,39600.0,0.938,0.139
13700,1 - 1 - 2022,19800.0,8.648699324175862,7.498939925082745,10.0,0.13,0.1,0.158489,0.125,0.1,0.15,1.71,1.5,2.0,3.1,0.0697,0.345,1.0,True,0.01,0.95,10.0,39600.0,0.938,0.139
13701,1 - 1 - 2022,19800.0,9.40744386111339,7.498939925082745,10.0,0.119,0.1,0.158489,0.124,0.1,0.15,2.48,2.0,4.0,0.345,0.0116,0.0,1.0,True,0.01,0.95,10.0,39600.0,0.938,0.139
13702,1 - 1 - 2022,19800.0,8.130190649671137,7.498939925082745,10.0,0.114,0.1,0.158489,0.18,0.15,0.2,0.0369,0.0,0.05,6.9,0.328,0.0,1.0,True,0.01,0.95,10.0,39600.0,0.938,0.139
13703,1 - 1 - 2022,19800.0,8.792041856133306,7.498939925082745,10.0,0.131,0.1,0.158489,0.179,0.15,0.2,0.0786,0.05,0.1,48.3,0.869,0.0,1.0,True,0.01,0.95,10.0,39600.0,0.938,0.139
13704,1 - 1 - 2022,19800.0,8.689073598491383,7.498939925082745,10.0,0.129,0.1,0.158489,0.176,0.15,0.2,0.164,0.1,0.2,46.6,0.603,1.73,1.0,True,0.01,0.95,10.0,39600.0,0.938,0.139
13705,1 - 1 - 2022,19800.0,8.666025617317317,7.498939925082745,10.0,0.128,0.1,0.158489,0.173,0.15,0.2,0.254,0.2,0.3,89.7,0.837,0.0,1.0,True,0.01,0.95,10.0,39600.0,0.938,0.139
13706,1 - 1 - 2022,19800.0,8.648699324175862,7.498939925082745,10.0,0.127,0.1,0.158489,0.174,0.15,0.2,0.35,0.3,0.4,100.0,0.884,0.0,1.0,True,0.01,0.95,10.0,39600.0,0.938,0.139
13707,1 - 1 - 2022,19800.0,8.689073598491383,7.498939925082745,10.0,0.125,0.1,0.158489,0.174,0.15,0.2,0.448,0.4,0.5,75.9,0.77,0.0,1.0,True,0.01,0.95,10.0,39600.0,0.938,0.139
13708,1 - 1 - 2022,19800.0,8.502940667792526,7.498939925082745,10.0,0.131,0.1,0.158489,0.179,0.15,0.2,0.546,0.5,0.6,77.6,0.779,0.0,1.0,True,0.01,0.95,10.0,39600.0,0.938,0.139
13709,1 - 1 - 2022,19800.0,8.666025617317317,7.498939925082745,10.0,0.128,0.1,0.158489,0.168,0.15,0.2,0.646,0.6,0.7,53.5,0.646,0.0,1.0,True,0.01,0.95,10.0,39600.0,0.938,0.139
13710,1 - 1 - 2022,19800.0,8.717797887081348,7.498939925082745,10.0,0.122,0.1,0.158489,0.173,0.15,0.2,0.737,0.7,0.8,32.8,0.506,1.72,1.0,True,0.01,0.95,10.0,39600.0,0.938,0.139
13711,1 - 1 - 2022,19800.0,8.532291603080617,7.498939925082745,10.0,0.121,0.1,0.158489,0.175,0.15,0.2,0.839,0.8,0.9,31.0,0.492,1.72,1.0,True,0.01,0.95,10.0,39600.0,0.938,0.139
13712,1 - 1 - 2022,19800.0,8.792041856133306,7.498939925082745,10.0,0.123,0.1,0.158489,0.179,0.15,0.2,0.953,0.9,1.0,19.0,0.385,1.72,1.0,True,0.01,0.95,10.0,39600.0,0.938,0.139
13713,1 - 1 - 2022,19800.0,8.526429498916883,7.498939925082745,10.0,0.121,0.1,0.158489,0.177,0.15,0.2,1.17,1.0,1.5,9.66,0.123,0.345,1.0,True,0.01,0.95,10.0,39600.0,0.938,0.139
13714,1 - 1 - 2022,19800.0,8.740709353364863,7.498939925082745,10.0,0.13,0.1,0.158489,0.174,0.15,0.2,1.71,1.5,2.0,2.76,0.0657,0.0,1.0,True,0.01,0.95,10.0,39600.0,0.938,0.139
13715,1 - 1 - 2022,19800.0,7.92464510246358,7.498939925082745,10.0,0.127,0.1,0.158489,0.173,0.15,0.2,2.59,2.0,4.0,0.259,0.0101,0.0,1.0,True,0.01,0.95,10.0,39600.0,0.938,0.139
13716,1 - 1 - 2022,19800.0,8.96102672688794,7.498939925082745,10.0,0.131,0.1,0.158489,0.216,0.2,0.25,0.034,0.0,0.05,10.3,0.402,0.0,1.0,True,0.01,0.95,10.0,39600.0,0.938,0.139
13717,1 - 1 - 2022,19800.0,8.318653737234168,7.498939925082745,10.0,0.117,0.1,0.158489,0.222,0.2,0.25,0.0736,0.05,0.1,6.9,0.328,0.0,1.0,True,0.01,0.95,10.0,39600.0,0.938,0.139
13718,1 - 1 - 2022,19800.0,8.491171886141512,7.498939925082745,10.0,0.123,0.1,0.158489,0.222,0.2,0.25,0.152,0.1,0.2,29.3,0.479,0.0,1.0,True,0.01,0.95,10.0,39600.0,0.938,0.139
13719,1 - 1 - 2022,19800.0,8.729261137118078,7.498939925082745,10.0,0.125,0.1,0.158489,0.223,0.2,0.25,0.25,0.2,0.3,39.7,0.557,0.0,1.0,True,0.01,0.95,10.0,39600.0,0.938,0.139
13720,1 - 1 - 2022,19800.0,8.689073598491383,7.498939925082745,10.0,0.124,0.1,0.158489,0.226,0.2,0.25,0.346,0.3,0.4,63.8,0.706,0.0,1.0,True,0.01,0.95,10.0,39600.0,0.938,0.139
13721,1 - 1 - 2022,19800.0,8.654478609367523,7.498939925082745,10.0,0.12,0.1,0.158489,0.223,0.2,0.25,0.448,0.4,0.5,74.2,0.761,0.0,1.0,True,0.01,0.95,10.0,39600.0,0.938,0.139
13722,1 - 1 - 2022,19800.0,8.654478609367523,7.498939925082745,10.0,0.13,0.1,0.158489,0.218,0.2,0.25,0.549,0.5,0.6,43.1,0.58,0.0,1.0,True,0.01,0.95,10.0,39600.0,0.938,0.139
13723,1 - 1 - 2022,19800.0,8.608135686662937,7.498939925082745,10.0,0.12,0.1,0.158489,0.221,0.2,0.25,0.641,0.6,0.7,37.9,0.545,0.0,1.0,True,0.01,0.95,10.0,39600.0,0.938,0.139
13724,1 - 1 - 2022,19800.0,8.740709353364863,7.498939925082745,10.0,0.125,0.1,0.158489,0.222,0.2,0.25,0.74,0.7,0.8,24.1,0.434,0.0,1.0,True,0.01,0.95,10.0,39600.0,0.938,0.139
13725,1 - 1 - 2022,19800.0,8.64291617453276,7.498939925082745,10.0,0.122,0.1,0.158489,0.226,0.2,0.25,0.843,0.8,0.9,19.0,0.385,0.0,1.0,True,0.01,0.95,10.0,39600.0,0.938,0.139
13726,1 - 1 - 2022,19800.0,8.96102672688794,7.498939925082745,10.0,0.124,0.1,0.158489,0.227,0.2,0.25,0.941,0.9,1.0,20.7,0.402,0.0,1.0,True,0.01,0.95,10.0,39600.0,0.938,0.139
13727,1 - 1 - 2022,19800.0,8.28854631404084,7.498939925082745,10.0,0.127,0.1,0.158489,0.225,0.2,0.25,1.2,1.0,1.5,7.24,0.106,0.345,1.0,True,0.01,0.95,10.0,39600.0,0.938,0.139
13728,1 - 1 - 2022,19800.0,8.8656641037206,7.498939925082745,10.0,0.127,0.1,0.158489,0.227,0.2,0.25,1.66,1.5,2.0,1.72,0.0519,0.0,1.0,True,0.01,0.95,10.0,39600.0,0.938,0.139
13729,1 - 1 - 2022,19800.0,9.16515138991168,7.498939925082745,10.0,0.133,0.1,0.158489,0.234,0.2,0.25,2.39,2.0,4.0,0.345,0.0116,0.0,1.0,True,0.01,0.95,10.0,39600.0,0.938,0.139
13730,1 - 1 - 2022,19800.0,8.803408430829505,7.498939925082745,10.0,0.115,0.1,0.158489,0.288,0.25,0.3,0.0365,0.0,0.05,6.9,0.328,0.0,1.0,True,0.01,0.95,10.0,39600.0,0.938,0.139
13731,1 - 1 - 2022,19800.0,8.396427811873332,7.498939925082745,10.0,0.119,0.1,0.158489,0.264,0.25,0.3,0.0837,0.05,0.1,24.1,0.614,0.0,1.0,True,0.01,0.95,10.0,39600.0,0.938,0.139
13732,1 - 1 - 2022,19800.0,8.561541917201597,7.498939925082745,10.0,0.124,0.1,0.158489,0.268,0.25,0.3,0.14,0.1,0.2,19.0,0.385,0.0,1.0,True,0.01,0.95,10.0,39600.0,0.938,0.139
13733,1 - 1 - 2022,19800.0,8.602325267042627,7.498939925082745,10.0,0.125,0.1,0.158489,0.275,0.25,0.3,0.256,0.2,0.3,36.2,0.532,0.0,1.0,True,0.01,0.95,10.0,39600.0,0.938,0.139
13734,1 - 1 - 2022,19800.0,8.5848704125339,7.498939925082745,10.0,0.127,0.1,0.158489,0.272,0.25,0.3,0.341,0.3,0.4,24.1,0.434,0.0,1.0,True,0.01,0.95,10.0,39600.0,0.938,0.139
13735,1 - 1 - 2022,19800.0,8.694826047713663,7.498939925082745,10.0,0.129,0.1,0.158489,0.274,0.25,0.3,0.453,0.4,0.5,17.2,0.367,0.0,1.0,True,0.01,0.95,10.0,39600.0,0.938,0.139
13736,1 - 1 - 2022,19800.0,8.449852069711044,7.498939925082745,10.0,0.13,0.1,0.158489,0.275,0.25,0.3,0.552,0.5,0.6,25.9,0.45,0.0,1.0,True,0.01,0.95,10.0,39600.0,0.938,0.139
13737,1 - 1 - 2022,19800.0,8.520563361656317,7.498939925082745,10.0,0.124,0.1,0.158489,0.278,0.25,0.3,0.661,0.6,0.7,17.2,0.367,0.0,1.0,True,0.01,0.95,10.0,39600.0,0.938,0.139
13738,1 - 1 - 2022,19800.0,8.449852069711044,7.498939925082745,10.0,0.14,0.1,0.158489,0.27,0.25,0.3,0.76,0.7,0.8,12.1,0.307,0.0,1.0,True,0.01,0.95,10.0,39600.0,0.938,0.139
13739,1 - 1 - 2022,19800.0,8.360621986431392,7.498939925082745,10.0,0.125,0.1,0.158489,0.272,0.25,0.3,0.832,0.8,0.9,12.1,0.307,0.0,1.0,True,0.01,0.95,10.0,39600.0,0.938,0.139
13740,1 - 1 - 2022,19800.0,8.700574693662482,7.498939925082745,10.0,0.128,0.1,0.158489,0.282,0.25,0.3,0.949,0.9,1.0,8.62,0.26,0.0,1.0,True,0.01,0.95,10.0,39600.0,0.938,0.139
13741,1 - 1 - 2022,19800.0,8.734987120768983,7.498939925082745,10.0,0.131,0.1,0.158489,0.27,0.25,0.3,1.14,1.0,1.5,4.48,0.0837,0.0,1.0,True,0.01,0.95,10.0,39600.0,0.938,0.139
13742,1 - 1 - 2022,19800.0,8.5848704125339,7.498939925082745,10.0,0.125,0.1,0.158489,0.276,0.25,0.3,1.78,1.5,2.0,2.41,0.0614,0.0,1.0,True,0.01,0.95,10.0,39600.0,0.938,0.139
13743,1 - 1 - 2022,19800.0,8.46758525200662,7.498939925082745,10.0,0.122,0.1,0.158489,0.286,0.25,0.3,2.3,2.0,4.0,0.259,0.0101,0.0,1.0,True,0.01,0.95,10.0,39600.0,0.938,0.139
13744,1 - 1 - 2022,19800.0,9.011104260855047,7.498939925082745,10.0,0.117,0.1,0.158489,0.325,0.3,0.4,0.0333,0.0,0.05,3.45,0.164,0.0,1.0,True,0.01,0.95,10.0,39600.0,0.938,0.139
13745,1 - 1 - 2022,19800.0,9.016651263079881,7.498939925082745,10.0,0.113,0.1,0.158489,0.351,0.3,0.4,0.0761,0.05,0.1,3.45,0.164,0.0,1.0,True,0.01,0.95,10.0,39600.0,0.938,0.139
13746,1 - 1 - 2022,19800.0,8.78635305459552,7.498939925082745,10.0,0.135,0.1,0.158489,0.343,0.3,0.4,0.147,0.1,0.2,17.2,0.26,0.0,1.0,True,0.01,0.95,10.0,39600.0,0.938,0.139
13747,1 - 1 - 2022,19800.0,8.74642784226795,7.498939925082745,10.0,0.127,0.1,0.158489,0.351,0.3,0.4,0.253,0.2,0.3,19.8,0.278,0.0,1.0,True,0.01,0.95,10.0,39600.0,0.938,0.139
13748,1 - 1 - 2022,19800.0,8.449852069711044,7.498939925082745,10.0,0.124,0.1,0.158489,0.352,0.3,0.4,0.345,0.3,0.4,15.5,0.246,0.0,1.0,True,0.01,0.95,10.0,39600.0,0.938,0.139
13749,1 - 1 - 2022,19800.0,8.792041856133306,7.498939925082745,10.0,0.129,0.1,0.158489,0.349,0.3,0.4,0.454,0.4,0.5,19.0,0.272,0.0,1.0,True,0.01,0.95,10.0,39600.0,0.938,0.139
13750,1 - 1 - 2022,19800.0,8.561541917201597,7.498939925082745,10.0,0.124,0.1,0.158489,0.352,0.3,0.4,0.57,0.5,0.6,14.7,0.239,0.0,1.0,True,0.01,0.95,10.0,39600.0,0.938,0.139
13751,1 - 1 - 2022,19800.0,8.561541917201597,7.498939925082745,10.0,0.134,0.1,0.158489,0.357,0.3,0.4,0.635,0.6,0.7,13.8,0.232,0.0,1.0,True,0.01,0.95,10.0,39600.0,0.938,0.139
13752,1 - 1 - 2022,19800.0,8.87693640846886,7.498939925082745,10.0,0.134,0.1,0.158489,0.352,0.3,0.4,0.742,0.7,0.8,6.9,0.164,0.0,1.0,True,0.01,0.95,10.0,39600.0,0.938,0.139
13753,1 - 1 - 2022,19800.0,8.712060605849802,7.498939925082745,10.0,0.127,0.1,0.158489,0.363,0.3,0.4,0.852,0.8,0.9,6.9,0.164,0.0,1.0,True,0.01,0.95,10.0,39600.0,0.938,0.139
13754,1 - 1 - 2022,19800.0,8.44393273303382,7.498939925082745,10.0,0.122,0.1,0.158489,0.348,0.3,0.4,0.945,0.9,1.0,7.76,0.174,0.0,1.0,True,0.01,0.95,10.0,39600.0,0.938,0.139
13755,1 - 1 - 2022,19800.0,8.694826047713663,7.498939925082745,10.0,0.132,0.1,0.158489,0.349,0.3,0.4,1.19,1.0,1.5,2.41,0.0434,0.0,1.0,True,0.01,0.95,10.0,39600.0,0.938,0.139
13756,1 - 1 - 2022,19800.0,8.660254037844387,7.498939925082745,10.0,0.122,0.1,0.158489,0.338,0.3,0.4,1.71,1.5,2.0,0.69,0.0232,0.0,1.0,True,0.01,0.95,10.0,39600.0,0.938,0.139
13757,1 - 1 - 2022,19800.0,9.396807968666806,7.498939925082745,10.0,0.11,0.1,0.158489,0.349,0.3,0.4,2.9,2.0,4.0,0.0863,0.00411,0.0,1.0,True,0.01,0.95,10.0,39600.0,0.938,0.139
13758,1 - 1 - 2022,19800.0,9.638464608017193,7.498939925082745,10.0,0.111,0.1,0.158489,0.493,0.4,0.5,0.00518,0.0,0.05,1.72,0.116,0.0,1.0,True,0.01,0.95,10.0,39600.0,0.938,0.139
13759,1 - 1 - 2022,19800.0,9.049861877399014,7.498939925082745,10.0,0.128,0.1,0.158489,0.425,0.4,0.5,0.0722,0.05,0.1,3.45,0.164,0.0,1.0,True,0.01,0.95,10.0,39600.0,0.938,0.139
13760,1 - 1 - 2022,19800.0,8.191458966508957,7.498939925082745,10.0,0.124,0.1,0.158489,0.422,0.4,0.5,0.153,0.1,0.2,8.62,0.184,0.0,1.0,True,0.01,0.95,10.0,39600.0,0.938,0.139
13761,1 - 1 - 2022,19800.0,8.689073598491383,7.498939925082745,10.0,0.127,0.1,0.158489,0.436,0.4,0.5,0.265,0.2,0.3,12.1,0.217,0.0,1.0,True,0.01,0.95,10.0,39600.0,0.938,0.139
13762,1 - 1 - 2022,19800.0,8.694826047713663,7.498939925082745,10.0,0.125,0.1,0.158489,0.45,0.4,0.5,0.352,0.3,0.4,11.2,0.209,0.0,1.0,True,0.01,0.95,10.0,39600.0,0.938,0.139
13763,1 - 1 - 2022,19800.0,8.432081593533118,7.498939925082745,10.0,0.13,0.1,0.158489,0.438,0.4,0.5,0.449,0.4,0.5,10.3,0.201,0.0,1.0,True,0.01,0.95,10.0,39600.0,0.938,0.139
13764,1 - 1 - 2022,19800.0,8.549853799919621,7.498939925082745,10.0,0.112,0.1,0.158489,0.461,0.4,0.5,0.547,0.5,0.6,9.49,0.193,0.0,1.0,True,0.01,0.95,10.0,39600.0,0.938,0.139
13765,1 - 1 - 2022,19800.0,8.438009243891594,7.498939925082745,10.0,0.129,0.1,0.158489,0.447,0.4,0.5,0.643,0.6,0.7,7.76,0.174,0.0,1.0,True,0.01,0.95,10.0,39600.0,0.938,0.139
13766,1 - 1 - 2022,19800.0,8.44393273303382,7.498939925082745,10.0,0.125,0.1,0.158489,0.429,0.4,0.5,0.752,0.7,0.8,9.49,0.192,0.0,1.0,True,0.01,0.95,10.0,39600.0,0.938,0.139
13767,1 - 1 - 2022,19800.0,8.508818954473059,7.498939925082745,10.0,0.121,0.1,0.158489,0.431,0.4,0.5,0.851,0.8,0.9,5.17,0.142,0.0,1.0,True,0.01,0.95,10.0,39600.0,0.938,0.139
13768,1 - 1 - 2022,19800.0,8.024961059095553,7.498939925082745,10.0,0.125,0.1,0.158489,0.42,0.4,0.5,0.937,0.9,1.0,2.59,0.101,0.0,1.0,True,0.01,0.95,10.0,39600.0,0.938,0.139
13769,1 - 1 - 2022,19800.0,8.44393273303382,7.498939925082745,10.0,0.13,0.1,0.158489,0.438,0.4,0.5,1.25,1.0,1.5,1.38,0.0328,0.0,1.0,True,0.01,0.95,10.0,39600.0,0.938,0.139
13770,1 - 1 - 2022,19800.0,8.854377448471462,7.498939925082745,10.0,0.11,0.1,0.158489,0.454,0.4,0.5,1.7,1.5,2.0,0.517,0.0201,0.0,1.0,True,0.01,0.95,10.0,39600.0,0.938,0.139
13771,1 - 1 - 2022,19800.0,7.816648898345122,7.498939925082745,10.0,0.146,0.1,0.158489,0.524,0.5,0.6,0.0818,0.05,0.1,1.72,0.116,0.0,1.0,True,0.01,0.95,10.0,39600.0,0.938,0.139
13772,1 - 1 - 2022,19800.0,8.142481194328912,7.498939925082745,10.0,0.121,0.1,0.158489,0.554,0.5,0.6,0.175,0.1,0.2,7.76,0.174,0.0,1.0,True,0.01,0.95,10.0,39600.0,0.938,0.139
13773,1 - 1 - 2022,19800.0,8.221921916437786,7.498939925082745,10.0,0.129,0.1,0.158489,0.539,0.5,0.6,0.262,0.2,0.3,8.62,0.184,0.0,1.0,True,0.01,0.95,10.0,39600.0,0.938,0.139
13774,1 - 1 - 2022,19800.0,8.384509526501834,7.498939925082745,10.0,0.128,0.1,0.158489,0.546,0.5,0.6,0.363,0.3,0.4,5.17,0.142,0.0,1.0,True,0.01,0.95,10.0,39600.0,0.938,0.139
13775,1 - 1 - 2022,19800.0,8.068457101577723,7.498939925082745,10.0,0.145,0.1,0.158489,0.53,0.5,0.6,0.453,0.4,0.5,4.31,0.13,0.0,1.0,True,0.01,0.95,10.0,39600.0,0.938,0.139
13776,1 - 1 - 2022,19800.0,8.660254037844387,7.498939925082745,10.0,0.125,0.1,0.158489,0.549,0.5,0.6,0.558,0.5,0.6,6.9,0.164,0.0,1.0,True,0.01,0.95,10.0,39600.0,0.938,0.139
13777,1 - 1 - 2022,19800.0,8.390470785361213,7.498939925082745,10.0,0.129,0.1,0.158489,0.537,0.5,0.6,0.647,0.6,0.7,1.73,0.0821,0.0,1.0,True,0.01,0.95,10.0,39600.0,0.938,0.139
13778,1 - 1 - 2022,19800.0,8.8656641037206,7.498939925082745,10.0,0.122,0.1,0.158489,0.546,0.5,0.6,0.75,0.7,0.8,3.45,0.116,0.0,1.0,True,0.01,0.95,10.0,39600.0,0.938,0.139
13779,1 - 1 - 2022,19800.0,8.602325267042627,7.498939925082745,10.0,0.131,0.1,0.158489,0.539,0.5,0.6,0.822,0.8,0.9,3.45,0.116,0.0,1.0,True,0.01,0.95,10.0,39600.0,0.938,0.139
13780,1 - 1 - 2022,19800.0,7.9498427657407165,7.498939925082745,10.0,0.124,0.1,0.158489,0.523,0.5,0.6,0.92,0.9,1.0,1.72,0.0821,0.0,1.0,True,0.01,0.95,10.0,39600.0,0.938,0.139
13781,1 - 1 - 2022,19800.0,8.734987120768983,7.498939925082745,10.0,0.136,0.1,0.158489,0.536,0.5,0.6,1.23,1.0,1.5,0.862,0.026,0.0,1.0,True,0.01,0.95,10.0,39600.0,0.938,0.139
13782,1 - 1 - 2022,19800.0,8.631338250816034,7.498939925082745,10.0,0.154,0.1,0.158489,0.54,0.5,0.6,1.62,1.5,2.0,0.173,0.0116,0.0,1.0,True,0.01,0.95,10.0,39600.0,0.938,0.139
13783,1 - 1 - 2022,19800.0,7.784600182411426,7.498939925082745,10.0,0.121,0.1,0.158489,0.622,0.6,0.7,0.0704,0.05,0.1,3.45,0.164,0.0,1.0,True,0.01,0.95,10.0,39600.0,0.938,0.139
13784,1 - 1 - 2022,19800.0,8.44393273303382,7.498939925082745,10.0,0.117,0.1,0.158489,0.628,0.6,0.7,0.157,0.1,0.2,4.31,0.13,0.0,1.0,True,0.01,0.95,10.0,39600.0,0.938,0.139
13785,1 - 1 - 2022,19800.0,7.861297602813418,7.498939925082745,10.0,0.123,0.1,0.158489,0.673,0.6,0.7,0.277,0.2,0.3,2.59,0.101,0.0,1.0,True,0.01,0.95,10.0,39600.0,0.938,0.139
13786,1 - 1 - 2022,19800.0,8.83742043811428,7.498939925082745,10.0,0.124,0.1,0.158489,0.685,0.6,0.7,0.356,0.3,0.4,1.72,0.0821,0.0,1.0,True,0.01,0.95,10.0,39600.0,0.938,0.139
13787,1 - 1 - 2022,19800.0,8.729261137118078,7.498939925082745,10.0,0.118,0.1,0.158489,0.627,0.6,0.7,0.445,0.4,0.5,1.72,0.0821,0.0,1.0,True,0.01,0.95,10.0,39600.0,0.938,0.139
13788,1 - 1 - 2022,19800.0,8.613942186943213,7.498939925082745,10.0,0.147,0.1,0.158489,0.642,0.6,0.7,0.545,0.5,0.6,3.45,0.116,0.0,1.0,True,0.01,0.95,10.0,39600.0,0.938,0.139
13789,1 - 1 - 2022,19800.0,8.23407554009556,7.498939925082745,10.0,0.121,0.1,0.158489,0.624,0.6,0.7,0.689,0.6,0.7,0.862,0.058,0.0,1.0,True,0.01,0.95,10.0,39600.0,0.938,0.139
13790,1 - 1 - 2022,19800.0,9.154233993076646,7.498939925082745,10.0,0.122,0.1,0.158489,0.639,0.6,0.7,0.788,0.7,0.8,2.59,0.101,0.0,1.0,True,0.01,0.95,10.0,39600.0,0.938,0.139
13791,1 - 1 - 2022,19800.0,8.432081593533118,7.498939925082745,10.0,0.111,0.1,0.158489,0.65,0.6,0.7,0.857,0.8,0.9,2.59,0.101,0.0,1.0,True,0.01,0.95,10.0,39600.0,0.938,0.139
13792,1 - 1 - 2022,19800.0,8.712060605849802,7.498939925082745,10.0,0.154,0.1,0.158489,0.693,0.6,0.7,0.943,0.9,1.0,0.862,0.058,0.0,1.0,True,0.01,0.95,10.0,39600.0,0.938,0.139
13793,1 - 1 - 2022,19800.0,8.899438184514796,7.498939925082745,10.0,0.119,0.1,0.158489,0.635,0.6,0.7,1.14,1.0,1.5,0.345,0.0164,0.0,1.0,True,0.01,0.95,10.0,39600.0,0.938,0.139
13794,1 - 1 - 2022,19800.0,8.792041856133306,7.498939925082745,10.0,0.13,0.1,0.158489,0.712,0.7,0.8,0.348,0.3,0.4,1.72,0.0821,0.0,1.0,True,0.01,0.95,10.0,39600.0,0.938,0.139
13795,1 - 1 - 2022,19800.0,8.080841540334768,7.498939925082745,10.0,0.114,0.1,0.158489,0.721,0.7,0.8,0.459,0.4,0.5,1.72,0.0821,0.0,1.0,True,0.01,0.95,10.0,39600.0,0.938,0.139
13796,1 - 1 - 2022,19800.0,8.12403840463596,7.498939925082745,10.0,0.136,0.1,0.158489,0.722,0.7,0.8,0.645,0.6,0.7,3.45,0.116,0.0,1.0,True,0.01,0.95,10.0,39600.0,0.938,0.139
13797,1 - 1 - 2022,19800.0,8.555699854482976,7.498939925082745,10.0,0.128,0.1,0.158489,0.765,0.7,0.8,0.765,0.7,0.8,1.72,0.0821,0.0,1.0,True,0.01,0.95,10.0,39600.0,0.938,0.139
13798,1 - 1 - 2022,19800.0,8.660254037844387,7.498939925082745,10.0,0.113,0.1,0.158489,0.764,0.7,0.8,0.971,0.9,1.0,1.73,0.0821,0.0,1.0,True,0.01,0.95,10.0,39600.0,0.938,0.139
13799,1 - 1 - 2022,19800.0,7.987490219086343,7.498939925082745,10.0,0.121,0.1,0.158489,0.777,0.7,0.8,1.03,1.0,1.5,0.172,0.0116,0.0,1.0,True,0.01,0.95,10.0,39600.0,0.938,0.139
13800,1 - 1 - 2022,19800.0,8.717797887081348,7.498939925082745,10.0,0.133,0.1,0.158489,0.893,0.8,0.9,0.154,0.1,0.2,0.863,0.0581,0.0,1.0,True,0.01,0.95,10.0,39600.0,0.938,0.139
13801,1 - 1 - 2022,19800.0,8.130190649671137,7.498939925082745,10.0,0.124,0.1,0.158489,0.841,0.8,0.9,0.331,0.3,0.4,1.72,0.0821,0.0,1.0,True,0.01,0.95,10.0,39600.0,0.938,0.139
13802,1 - 1 - 2022,19800.0,8.573214099741124,7.498939925082745,10.0,0.119,0.1,0.158489,0.864,0.8,0.9,0.464,0.4,0.5,2.59,0.101,0.0,1.0,True,0.01,0.95,10.0,39600.0,0.938,0.139
13803,1 - 1 - 2022,19800.0,8.689073598491383,7.498939925082745,10.0,0.119,0.1,0.158489,0.809,0.8,0.9,0.557,0.5,0.6,1.72,0.0821,0.0,1.0,True,0.01,0.95,10.0,39600.0,0.938,0.139
13804,1 - 1 - 2022,19800.0,8.700574693662482,7.498939925082745,10.0,0.141,0.1,0.158489,0.824,0.8,0.9,0.658,0.6,0.7,1.72,0.0821,0.0,1.0,True,0.01,0.95,10.0,39600.0,0.938,0.139
13805,1 - 1 - 2022,19800.0,9.181503144910424,7.498939925082745,10.0,0.137,0.1,0.158489,0.941,0.9,1.0,0.306,0.3,0.4,1.72,0.0821,0.0,1.0,True,0.01,0.95,10.0,39600.0,0.938,0.139
13806,1 - 1 - 2022,19800.0,8.306623862918075,7.498939925082745,10.0,0.188,0.158489,0.251189,0.0456,0.0,0.05,0.0336,0.0,0.05,6.53,0.254,4.35,1.0,True,0.01,0.95,10.0,39600.0,0.938,0.139
13807,1 - 1 - 2022,19800.0,8.988882021697693,7.498939925082745,10.0,0.195,0.158489,0.251189,0.0372,0.0,0.05,0.0724,0.05,0.1,37.0,0.604,28.3,1.0,True,0.01,0.95,10.0,39600.0,0.938,0.139
13808,1 - 1 - 2022,19800.0,8.854377448471462,7.498939925082745,10.0,0.184,0.158489,0.251189,0.0377,0.0,0.05,0.157,0.1,0.2,51.1,0.502,32.6,1.0,True,0.01,0.95,10.0,39600.0,0.938,0.139
13809,1 - 1 - 2022,19800.0,8.860022573334675,7.498939925082745,10.0,0.194,0.158489,0.251189,0.0368,0.0,0.05,0.247,0.2,0.3,86.0,0.651,69.6,1.0,True,0.01,0.95,10.0,39600.0,0.938,0.139
13810,1 - 1 - 2022,19800.0,8.848728722251575,7.498939925082745,10.0,0.194,0.158489,0.251189,0.0385,0.0,0.05,0.354,0.3,0.4,84.9,0.647,62.0,1.0,True,0.01,0.95,10.0,39600.0,0.938,0.139
13811,1 - 1 - 2022,19800.0,8.854377448471462,7.498939925082745,10.0,0.191,0.158489,0.251189,0.0376,0.0,0.05,0.447,0.4,0.5,80.5,0.63,66.4,1.0,True,0.01,0.95,10.0,39600.0,0.938,0.139
13812,1 - 1 - 2022,19800.0,8.740709353364863,7.498939925082745,10.0,0.194,0.158489,0.251189,0.0376,0.0,0.05,0.545,0.5,0.6,57.7,0.533,51.1,1.0,True,0.01,0.95,10.0,39600.0,0.938,0.139
13813,1 - 1 - 2022,19800.0,9.16515138991168,7.498939925082745,10.0,0.193,0.158489,0.251189,0.0364,0.0,0.05,0.647,0.6,0.7,39.2,0.439,30.5,1.0,True,0.01,0.95,10.0,39600.0,0.938,0.139
13814,1 - 1 - 2022,19800.0,8.752142594816426,7.498939925082745,10.0,0.187,0.158489,0.251189,0.0365,0.0,0.05,0.747,0.7,0.8,37.0,0.427,31.6,1.0,True,0.01,0.95,10.0,39600.0,0.938,0.139
13815,1 - 1 - 2022,19800.0,8.927485648266257,7.498939925082745,10.0,0.191,0.158489,0.251189,0.0361,0.0,0.05,0.842,0.8,0.9,18.5,0.302,16.3,1.0,True,0.01,0.95,10.0,39600.0,0.938,0.139
13816,1 - 1 - 2022,19800.0,8.378544026261364,7.498939925082745,10.0,0.212,0.158489,0.251189,0.0748,0.05,0.1,0.0347,0.0,0.05,13.1,0.359,0.0,1.0,True,0.01,0.95,10.0,39600.0,0.938,0.139
13817,1 - 1 - 2022,19800.0,8.694826047713663,7.498939925082745,10.0,0.196,0.158489,0.251189,0.0752,0.05,0.1,0.0745,0.05,0.1,58.8,0.761,2.18,1.0,True,0.01,0.95,10.0,39600.0,0.938,0.139
13818,1 - 1 - 2022,19800.0,8.648699324175862,7.498939925082745,10.0,0.201,0.158489,0.251189,0.0701,0.05,0.1,0.155,0.1,0.2,101.0,0.706,8.71,1.0,True,0.01,0.95,10.0,39600.0,0.938,0.139
13819,1 - 1 - 2022,19800.0,8.549853799919621,7.498939925082745,10.0,0.204,0.158489,0.251189,0.0731,0.05,0.1,0.25,0.2,0.3,141.0,0.835,10.9,1.0,True,0.01,0.95,10.0,39600.0,0.938,0.139
13820,1 - 1 - 2022,19800.0,8.573214099741124,7.498939925082745,10.0,0.198,0.158489,0.251189,0.0715,0.05,0.1,0.352,0.3,0.4,132.0,0.806,17.4,1.0,True,0.01,0.95,10.0,39600.0,0.938,0.139
13821,1 - 1 - 2022,19800.0,8.526429498916883,7.498939925082745,10.0,0.198,0.158489,0.251189,0.0755,0.05,0.1,0.445,0.4,0.5,112.0,0.743,15.2,1.0,True,0.01,0.95,10.0,39600.0,0.938,0.139
13822,1 - 1 - 2022,19800.0,8.602325267042627,7.498939925082745,10.0,0.201,0.158489,0.251189,0.0713,0.05,0.1,0.546,0.5,0.6,87.1,0.655,18.5,1.0,True,0.01,0.95,10.0,39600.0,0.938,0.139
13823,1 - 1 - 2022,19800.0,8.567379996241558,7.498939925082745,10.0,0.195,0.158489,0.251189,0.0732,0.05,0.1,0.645,0.6,0.7,72.9,0.6,18.5,1.0,True,0.01,0.95,10.0,39600.0,0.938,0.139
13824,1 - 1 - 2022,19800.0,8.67179335547152,7.498939925082745,10.0,0.197,0.158489,0.251189,0.0712,0.05,0.1,0.747,0.7,0.8,45.7,0.475,7.62,1.0,True,0.01,0.95,10.0,39600.0,0.938,0.139
13825,1 - 1 - 2022,19800.0,8.473488065725943,7.498939925082745,10.0,0.196,0.158489,0.251189,0.0734,0.05,0.1,0.847,0.8,0.9,25.0,0.351,3.26,1.0,True,0.01,0.95,10.0,39600.0,0.938,0.139
13826,1 - 1 - 2022,19800.0,8.549853799919621,7.498939925082745,10.0,0.191,0.158489,0.251189,0.0742,0.05,0.1,0.96,0.9,1.0,17.4,0.293,5.44,1.0,True,0.01,0.95,10.0,39600.0,0.938,0.139
13827,1 - 1 - 2022,19800.0,8.694826047713663,7.498939925082745,10.0,0.19,0.158489,0.251189,0.0714,0.05,0.1,1.15,1.0,1.5,7.62,0.0867,2.39,1.0,True,0.01,0.95,10.0,39600.0,0.938,0.139
13828,1 - 1 - 2022,19800.0,9.049861877399014,7.498939925082745,10.0,0.202,0.158489,0.251189,0.0854,0.05,0.1,1.8,1.5,2.0,0.653,0.0254,0.218,1.0,True,0.01,0.95,10.0,39600.0,0.938,0.139
13829,1 - 1 - 2022,19800.0,8.28854631404084,7.498939925082745,10.0,0.211,0.158489,0.251189,0.113,0.1,0.15,0.0328,0.0,0.05,8.71,0.293,0.0,1.0,True,0.01,0.95,10.0,39600.0,0.938,0.139
13830,1 - 1 - 2022,19800.0,8.532291603080617,7.498939925082745,10.0,0.191,0.158489,0.251189,0.127,0.1,0.15,0.0731,0.05,0.1,39.2,0.621,0.0,1.0,True,0.01,0.95,10.0,39600.0,0.938,0.139
13831,1 - 1 - 2022,19800.0,8.46758525200662,7.498939925082745,10.0,0.201,0.158489,0.251189,0.123,0.1,0.15,0.146,0.1,0.2,44.6,0.469,0.0,1.0,True,0.01,0.95,10.0,39600.0,0.938,0.139
13832,1 - 1 - 2022,19800.0,8.549853799919621,7.498939925082745,10.0,0.199,0.158489,0.251189,0.12,0.1,0.15,0.247,0.2,0.3,75.1,0.608,0.0,1.0,True,0.01,0.95,10.0,39600.0,0.938,0.139
13833,1 - 1 - 2022,19800.0,8.573214099741124,7.498939925082745,10.0,0.202,0.158489,0.251189,0.124,0.1,0.15,0.349,0.3,0.4,77.3,0.617,0.0,1.0,True,0.01,0.95,10.0,39600.0,0.938,0.139
13834,1 - 1 - 2022,19800.0,8.579044235810887,7.498939925082745,10.0,0.198,0.158489,0.251189,0.123,0.1,0.15,0.45,0.4,0.5,77.3,0.617,0.0,1.0,True,0.01,0.95,10.0,39600.0,0.938,0.139
13835,1 - 1 - 2022,19800.0,8.590692637965812,7.498939925082745,10.0,0.2,0.158489,0.251189,0.12,0.1,0.15,0.547,0.5,0.6,49.0,0.491,1.09,1.0,True,0.01,0.95,10.0,39600.0,0.938,0.139
13836,1 - 1 - 2022,19800.0,8.631338250816034,7.498939925082745,10.0,0.2,0.158489,0.251189,0.124,0.1,0.15,0.651,0.6,0.7,46.8,0.48,0.0,1.0,True,0.01,0.95,10.0,39600.0,0.938,0.139
13837,1 - 1 - 2022,19800.0,8.723531395025756,7.498939925082745,10.0,0.198,0.158489,0.251189,0.119,0.1,0.15,0.754,0.7,0.8,26.1,0.359,1.09,1.0,True,0.01,0.95,10.0,39600.0,0.938,0.139
13838,1 - 1 - 2022,19800.0,8.414273587185052,7.498939925082745,10.0,0.198,0.158489,0.251189,0.124,0.1,0.15,0.848,0.8,0.9,31.6,0.394,1.09,1.0,True,0.01,0.95,10.0,39600.0,0.938,0.139
13839,1 - 1 - 2022,19800.0,8.378544026261364,7.498939925082745,10.0,0.188,0.158489,0.251189,0.126,0.1,0.15,0.946,0.9,1.0,16.3,0.284,1.09,1.0,True,0.01,0.95,10.0,39600.0,0.938,0.139
13840,1 - 1 - 2022,19800.0,8.694826047713663,7.498939925082745,10.0,0.194,0.158489,0.251189,0.122,0.1,0.15,1.24,1.0,1.5,5.66,0.0747,0.0,1.0,True,0.01,0.95,10.0,39600.0,0.938,0.139
13841,1 - 1 - 2022,19800.0,8.46758525200662,7.498939925082745,10.0,0.192,0.158489,0.251189,0.129,0.1,0.15,1.77,1.5,2.0,0.653,0.0254,0.0,1.0,True,0.01,0.95,10.0,39600.0,0.938,0.139
13842,1 - 1 - 2022,19800.0,8.342661445845684,7.498939925082745,10.0,0.198,0.158489,0.251189,0.121,0.1,0.15,2.21,2.0,4.0,0.109,0.00518,0.0544,1.0,True,0.01,0.95,10.0,39600.0,0.938,0.139
13843,1 - 1 - 2022,19800.0,7.76530746332687,7.498939925082745,10.0,0.18,0.158489,0.251189,0.187,0.15,0.2,0.0329,0.0,0.05,6.53,0.254,0.0,1.0,True,0.01,0.95,10.0,39600.0,0.938,0.139
13844,1 - 1 - 2022,19800.0,8.520563361656317,7.498939925082745,10.0,0.199,0.158489,0.251189,0.168,0.15,0.2,0.0722,0.05,0.1,21.8,0.463,0.0,1.0,True,0.01,0.95,10.0,39600.0,0.938,0.139
13845,1 - 1 - 2022,19800.0,8.62554346113913,7.498939925082745,10.0,0.201,0.158489,0.251189,0.174,0.15,0.2,0.152,0.1,0.2,26.1,0.359,0.0,1.0,True,0.01,0.95,10.0,39600.0,0.938,0.139
13846,1 - 1 - 2022,19800.0,8.520563361656317,7.498939925082745,10.0,0.197,0.158489,0.251189,0.174,0.15,0.2,0.247,0.2,0.3,38.1,0.433,0.0,1.0,True,0.01,0.95,10.0,39600.0,0.938,0.139
13847,1 - 1 - 2022,19800.0,8.660254037844387,7.498939925082745,10.0,0.206,0.158489,0.251189,0.176,0.15,0.2,0.337,0.3,0.4,37.0,0.427,0.0,1.0,True,0.01,0.95,10.0,39600.0,0.938,0.139
13848,1 - 1 - 2022,19800.0,8.366600265340756,7.498939925082745,10.0,0.2,0.158489,0.251189,0.172,0.15,0.2,0.45,0.4,0.5,37.0,0.427,0.0,1.0,True,0.01,0.95,10.0,39600.0,0.938,0.139
13849,1 - 1 - 2022,19800.0,8.312640976248161,7.498939925082745,10.0,0.203,0.158489,0.251189,0.174,0.15,0.2,0.549,0.5,0.6,44.6,0.469,1.09,1.0,True,0.01,0.95,10.0,39600.0,0.938,0.139
13850,1 - 1 - 2022,19800.0,8.538149682454625,7.498939925082745,10.0,0.204,0.158489,0.251189,0.178,0.15,0.2,0.634,0.6,0.7,27.2,0.366,0.0,1.0,True,0.01,0.95,10.0,39600.0,0.938,0.139
13851,1 - 1 - 2022,19800.0,8.613942186943213,7.498939925082745,10.0,0.197,0.158489,0.251189,0.176,0.15,0.2,0.753,0.7,0.8,34.8,0.414,0.0,1.0,True,0.01,0.95,10.0,39600.0,0.938,0.139
13852,1 - 1 - 2022,19800.0,8.64291617453276,7.498939925082745,10.0,0.189,0.158489,0.251189,0.167,0.15,0.2,0.849,0.8,0.9,14.1,0.264,0.0,1.0,True,0.01,0.95,10.0,39600.0,0.938,0.139
13853,1 - 1 - 2022,19800.0,8.757853618324527,7.498939925082745,10.0,0.195,0.158489,0.251189,0.174,0.15,0.2,0.959,0.9,1.0,14.1,0.264,0.0,1.0,True,0.01,0.95,10.0,39600.0,0.938,0.139
13854,1 - 1 - 2022,19800.0,8.508818954473059,7.498939925082745,10.0,0.191,0.158489,0.251189,0.17,0.15,0.2,1.17,1.0,1.5,3.92,0.0621,0.0,1.0,True,0.01,0.95,10.0,39600.0,0.938,0.139
13855,1 - 1 - 2022,19800.0,9.071934744033381,7.498939925082745,10.0,0.206,0.158489,0.251189,0.164,0.15,0.2,1.72,1.5,2.0,0.871,0.0293,0.0,1.0,True,0.01,0.95,10.0,39600.0,0.938,0.139
13856,1 - 1 - 2022,19800.0,8.215838362577491,7.498939925082745,10.0,0.165,0.158489,0.251189,0.236,0.2,0.25,0.0414,0.0,0.05,4.35,0.207,0.0,1.0,True,0.01,0.95,10.0,39600.0,0.938,0.139
13857,1 - 1 - 2022,19800.0,8.438009243891594,7.498939925082745,10.0,0.218,0.158489,0.251189,0.245,0.2,0.25,0.0586,0.05,0.1,4.35,0.207,0.0,1.0,True,0.01,0.95,10.0,39600.0,0.938,0.139
13858,1 - 1 - 2022,19800.0,8.67179335547152,7.498939925082745,10.0,0.207,0.158489,0.251189,0.227,0.2,0.25,0.163,0.1,0.2,13.1,0.254,0.0,1.0,True,0.01,0.95,10.0,39600.0,0.938,0.139
13859,1 - 1 - 2022,19800.0,8.938679992034618,7.498939925082745,10.0,0.201,0.158489,0.251189,0.224,0.2,0.25,0.254,0.2,0.3,21.8,0.328,0.0,1.0,True,0.01,0.95,10.0,39600.0,0.938,0.139
13860,1 - 1 - 2022,19800.0,8.538149682454625,7.498939925082745,10.0,0.21,0.158489,0.251189,0.221,0.2,0.25,0.348,0.3,0.4,38.1,0.433,0.0,1.0,True,0.01,0.95,10.0,39600.0,0.938,0.139
13861,1 - 1 - 2022,19800.0,8.602325267042627,7.498939925082745,10.0,0.206,0.158489,0.251189,0.225,0.2,0.25,0.455,0.4,0.5,30.5,0.388,0.0,1.0,True,0.01,0.95,10.0,39600.0,0.938,0.139
13862,1 - 1 - 2022,19800.0,8.54400374531753,7.498939925082745,10.0,0.195,0.158489,0.251189,0.227,0.2,0.25,0.549,0.5,0.6,18.5,0.302,0.0,1.0,True,0.01,0.95,10.0,39600.0,0.938,0.139
13863,1 - 1 - 2022,19800.0,8.538149682454625,7.498939925082745,10.0,0.196,0.158489,0.251189,0.226,0.2,0.25,0.646,0.6,0.7,17.4,0.293,0.0,1.0,True,0.01,0.95,10.0,39600.0,0.938,0.139
13864,1 - 1 - 2022,19800.0,8.54400374531753,7.498939925082745,10.0,0.201,0.158489,0.251189,0.225,0.2,0.25,0.746,0.7,0.8,12.0,0.243,0.0,1.0,True,0.01,0.95,10.0,39600.0,0.938,0.139
13865,1 - 1 - 2022,19800.0,8.769264507357502,7.498939925082745,10.0,0.21,0.158489,0.251189,0.22,0.2,0.25,0.842,0.8,0.9,14.1,0.264,1.09,1.0,True,0.01,0.95,10.0,39600.0,0.938,0.139
13866,1 - 1 - 2022,19800.0,8.502940667792526,7.498939925082745,10.0,0.196,0.158489,0.251189,0.224,0.2,0.25,0.952,0.9,1.0,4.35,0.146,0.0,1.0,True,0.01,0.95,10.0,39600.0,0.938,0.139
13867,1 - 1 - 2022,19800.0,8.706319543871567,7.498939925082745,10.0,0.21,0.158489,0.251189,0.225,0.2,0.25,1.14,1.0,1.5,2.18,0.0463,0.218,1.0,True,0.01,0.95,10.0,39600.0,0.938,0.139
13868,1 - 1 - 2022,19800.0,8.270429251254134,7.498939925082745,10.0,0.229,0.158489,0.251189,0.235,0.2,0.25,1.81,1.5,2.0,0.435,0.0207,0.0,1.0,True,0.01,0.95,10.0,39600.0,0.938,0.139
13869,1 - 1 - 2022,19800.0,8.160882305241266,7.498939925082745,10.0,0.167,0.158489,0.251189,0.21,0.2,0.25,2.43,2.0,4.0,0.0544,0.00366,0.0,1.0,True,0.01,0.95,10.0,39600.0,0.938,0.139
13870,1 - 1 - 2022,19800.0,8.740709353364863,7.498939925082745,10.0,0.207,0.158489,0.251189,0.269,0.25,0.3,0.0538,0.05,0.1,2.18,0.147,0.0,1.0,True,0.01,0.95,10.0,39600.0,0.938,0.139
13871,1 - 1 - 2022,19800.0,8.549853799919621,7.498939925082745,10.0,0.186,0.158489,0.251189,0.273,0.25,0.3,0.148,0.1,0.2,14.1,0.264,0.0,1.0,True,0.01,0.95,10.0,39600.0,0.938,0.139
13872,1 - 1 - 2022,19800.0,8.252272414311102,7.498939925082745,10.0,0.196,0.158489,0.251189,0.277,0.25,0.3,0.246,0.2,0.3,13.1,0.254,1.09,1.0,True,0.01,0.95,10.0,39600.0,0.938,0.139
13873,1 - 1 - 2022,19800.0,8.396427811873332,7.498939925082745,10.0,0.19,0.158489,0.251189,0.274,0.25,0.3,0.349,0.3,0.4,19.6,0.311,0.0,1.0,True,0.01,0.95,10.0,39600.0,0.938,0.139
13874,1 - 1 - 2022,19800.0,8.74642784226795,7.498939925082745,10.0,0.195,0.158489,0.251189,0.276,0.25,0.3,0.465,0.4,0.5,13.1,0.254,0.0,1.0,True,0.01,0.95,10.0,39600.0,0.938,0.139
13875,1 - 1 - 2022,19800.0,8.312640976248161,7.498939925082745,10.0,0.203,0.158489,0.251189,0.278,0.25,0.3,0.553,0.5,0.6,10.9,0.232,0.0,1.0,True,0.01,0.95,10.0,39600.0,0.938,0.139
13876,1 - 1 - 2022,19800.0,8.420213774008355,7.498939925082745,10.0,0.204,0.158489,0.251189,0.27,0.25,0.3,0.649,0.6,0.7,10.9,0.232,0.0,1.0,True,0.01,0.95,10.0,39600.0,0.938,0.139
13877,1 - 1 - 2022,19800.0,8.752142594816426,7.498939925082745,10.0,0.192,0.158489,0.251189,0.271,0.25,0.3,0.756,0.7,0.8,8.71,0.207,0.0,1.0,True,0.01,0.95,10.0,39600.0,0.938,0.139
13878,1 - 1 - 2022,19800.0,8.306623862918075,7.498939925082745,10.0,0.193,0.158489,0.251189,0.273,0.25,0.3,0.839,0.8,0.9,12.0,0.243,0.0,1.0,True,0.01,0.95,10.0,39600.0,0.938,0.139
13879,1 - 1 - 2022,19800.0,8.938679992034618,7.498939925082745,10.0,0.205,0.158489,0.251189,0.277,0.25,0.3,0.929,0.9,1.0,3.26,0.127,0.0,1.0,True,0.01,0.95,10.0,39600.0,0.938,0.139
13880,1 - 1 - 2022,19800.0,9.093954035511725,7.498939925082745,10.0,0.213,0.158489,0.251189,0.261,0.25,0.3,1.22,1.0,1.5,1.31,0.0359,0.0,1.0,True,0.01,0.95,10.0,39600.0,0.938,0.139
13881,1 - 1 - 2022,19800.0,8.312640976248161,7.498939925082745,10.0,0.217,0.158489,0.251189,0.262,0.25,0.3,1.59,1.5,2.0,0.653,0.0254,0.0,1.0,True,0.01,0.95,10.0,39600.0,0.938,0.139
13882,1 - 1 - 2022,19800.0,8.602325267042627,7.498939925082745,10.0,0.203,0.158489,0.251189,0.282,0.25,0.3,2.05,2.0,4.0,0.0544,0.00366,0.0,1.0,True,0.01,0.95,10.0,39600.0,0.938,0.139
13883,1 - 1 - 2022,19800.0,7.816648898345122,7.498939925082745,10.0,0.192,0.158489,0.251189,0.36,0.3,0.4,0.0872,0.05,0.1,2.18,0.104,0.0,1.0,True,0.01,0.95,10.0,39600.0,0.938,0.139
13884,1 - 1 - 2022,19800.0,8.508818954473059,7.498939925082745,10.0,0.199,0.158489,0.251189,0.348,0.3,0.4,0.16,0.1,0.2,4.9,0.11,0.0,1.0,True,0.01,0.95,10.0,39600.0,0.938,0.139
13885,1 - 1 - 2022,19800.0,8.689073598491383,7.498939925082745,10.0,0.207,0.158489,0.251189,0.339,0.3,0.4,0.24,0.2,0.3,7.62,0.137,0.0,1.0,True,0.01,0.95,10.0,39600.0,0.938,0.139
13886,1 - 1 - 2022,19800.0,8.48528137423857,7.498939925082745,10.0,0.204,0.158489,0.251189,0.354,0.3,0.4,0.358,0.3,0.4,10.3,0.16,0.0,1.0,True,0.01,0.95,10.0,39600.0,0.938,0.139
13887,1 - 1 - 2022,19800.0,8.555699854482976,7.498939925082745,10.0,0.2,0.158489,0.251189,0.353,0.3,0.4,0.43,0.4,0.5,4.9,0.11,0.0,1.0,True,0.01,0.95,10.0,39600.0,0.938,0.139
13888,1 - 1 - 2022,19800.0,8.270429251254134,7.498939925082745,10.0,0.191,0.158489,0.251189,0.36,0.3,0.4,0.555,0.5,0.6,7.62,0.137,0.0,1.0,True,0.01,0.95,10.0,39600.0,0.938,0.139
13889,1 - 1 - 2022,19800.0,8.774964387392123,7.498939925082745,10.0,0.202,0.158489,0.251189,0.335,0.3,0.4,0.644,0.6,0.7,6.53,0.127,0.0,1.0,True,0.01,0.95,10.0,39600.0,0.938,0.139
13890,1 - 1 - 2022,19800.0,8.538149682454625,7.498939925082745,10.0,0.21,0.158489,0.251189,0.357,0.3,0.4,0.749,0.7,0.8,4.35,0.104,0.0,1.0,True,0.01,0.95,10.0,39600.0,0.938,0.139
13891,1 - 1 - 2022,19800.0,8.06225774829855,7.498939925082745,10.0,0.192,0.158489,0.251189,0.315,0.3,0.4,0.837,0.8,0.9,3.26,0.0897,0.0,1.0,True,0.01,0.95,10.0,39600.0,0.938,0.139
13892,1 - 1 - 2022,19800.0,8.342661445845684,7.498939925082745,10.0,0.217,0.158489,0.251189,0.345,0.3,0.4,0.945,0.9,1.0,4.35,0.104,0.0,1.0,True,0.01,0.95,10.0,39600.0,0.938,0.139
13893,1 - 1 - 2022,19800.0,8.402380615040002,7.498939925082745,10.0,0.199,0.158489,0.251189,0.334,0.3,0.4,1.19,1.0,1.5,1.63,0.0284,0.0,1.0,True,0.01,0.95,10.0,39600.0,0.938,0.139
13894,1 - 1 - 2022,19800.0,9.6591925128346,7.498939925082745,10.0,0.206,0.158489,0.251189,0.35,0.3,0.4,1.91,1.5,2.0,0.218,0.0104,0.0,1.0,True,0.01,0.95,10.0,39600.0,0.938,0.139
13895,1 - 1 - 2022,19800.0,8.927485648266257,7.498939925082745,10.0,0.174,0.158489,0.251189,0.328,0.3,0.4,3.03,2.0,4.0,0.0544,0.00259,0.0,1.0,True,0.01,0.95,10.0,39600.0,0.938,0.139
13896,1 - 1 - 2022,19800.0,8.324662155306964,7.498939925082745,10.0,0.187,0.158489,0.251189,0.434,0.4,0.5,0.165,0.1,0.2,3.27,0.0897,0.0,1.0,True,0.01,0.95,10.0,39600.0,0.938,0.139
13897,1 - 1 - 2022,19800.0,8.64291617453276,7.498939925082745,10.0,0.209,0.158489,0.251189,0.458,0.4,0.5,0.254,0.2,0.3,4.9,0.11,0.0,1.0,True,0.01,0.95,10.0,39600.0,0.938,0.139
13898,1 - 1 - 2022,19800.0,8.294576541331088,7.498939925082745,10.0,0.18,0.158489,0.251189,0.431,0.4,0.5,0.336,0.3,0.4,3.81,0.0969,0.0,1.0,True,0.01,0.95,10.0,39600.0,0.938,0.139
13899,1 - 1 - 2022,19800.0,8.408329203831164,7.498939925082745,10.0,0.2,0.158489,0.251189,0.438,0.4,0.5,0.464,0.4,0.5,5.44,0.116,0.0,1.0,True,0.01,0.95,10.0,39600.0,0.938,0.139
13900,1 - 1 - 2022,19800.0,8.78635305459552,7.498939925082745,10.0,0.187,0.158489,0.251189,0.446,0.4,0.5,0.533,0.5,0.6,4.9,0.11,0.0,1.0,True,0.01,0.95,10.0,39600.0,0.938,0.139
13901,1 - 1 - 2022,19800.0,8.461678320522472,7.498939925082745,10.0,0.186,0.158489,0.251189,0.448,0.4,0.5,0.656,0.6,0.7,4.9,0.11,0.0,1.0,True,0.01,0.95,10.0,39600.0,0.938,0.139
13902,1 - 1 - 2022,19800.0,8.608135686662937,7.498939925082745,10.0,0.206,0.158489,0.251189,0.432,0.4,0.5,0.763,0.7,0.8,4.9,0.11,0.0,1.0,True,0.01,0.95,10.0,39600.0,0.938,0.139
13903,1 - 1 - 2022,19800.0,7.7781745930520225,7.498939925082745,10.0,0.174,0.158489,0.251189,0.45,0.4,0.5,0.853,0.8,0.9,1.63,0.0634,0.0,1.0,True,0.01,0.95,10.0,39600.0,0.938,0.139
13904,1 - 1 - 2022,19800.0,8.532291603080617,7.498939925082745,10.0,0.212,0.158489,0.251189,0.443,0.4,0.5,0.953,0.9,1.0,1.09,0.0518,0.0,1.0,True,0.01,0.95,10.0,39600.0,0.938,0.139
13905,1 - 1 - 2022,19800.0,8.888194417315589,7.498939925082745,10.0,0.195,0.158489,0.251189,0.448,0.4,0.5,1.25,1.0,1.5,0.871,0.0207,0.0,1.0,True,0.01,0.95,10.0,39600.0,0.938,0.139
13906,1 - 1 - 2022,19800.0,9.433981132056603,7.498939925082745,10.0,0.161,0.158489,0.251189,0.465,0.4,0.5,1.86,1.5,2.0,0.109,0.00732,0.0,1.0,True,0.01,0.95,10.0,39600.0,0.938,0.139
13907,1 - 1 - 2022,19800.0,9.364827814754525,7.498939925082745,10.0,0.174,0.158489,0.251189,0.437,0.4,0.5,2.72,2.0,4.0,0.0544,0.00259,0.0,1.0,True,0.01,0.95,10.0,39600.0,0.938,0.139
13908,1 - 1 - 2022,19800.0,9.439279633531363,7.498939925082745,10.0,0.172,0.158489,0.251189,0.504,0.5,0.6,0.058,0.05,0.1,1.09,0.0733,0.0,1.0,True,0.01,0.95,10.0,39600.0,0.938,0.139
13909,1 - 1 - 2022,19800.0,8.240145629781066,7.498939925082745,10.0,0.19,0.158489,0.251189,0.538,0.5,0.6,0.136,0.1,0.2,2.18,0.0733,0.0,1.0,True,0.01,0.95,10.0,39600.0,0.938,0.139
13910,1 - 1 - 2022,19800.0,8.215838362577491,7.498939925082745,10.0,0.165,0.158489,0.251189,0.503,0.5,0.6,0.291,0.2,0.3,0.544,0.0366,0.0,1.0,True,0.01,0.95,10.0,39600.0,0.938,0.139
13911,1 - 1 - 2022,19800.0,8.167006795638168,7.498939925082745,10.0,0.208,0.158489,0.251189,0.551,0.5,0.6,0.356,0.3,0.4,4.35,0.104,0.0,1.0,True,0.01,0.95,10.0,39600.0,0.938,0.139
13912,1 - 1 - 2022,19800.0,8.67179335547152,7.498939925082745,10.0,0.221,0.158489,0.251189,0.547,0.5,0.6,0.459,0.4,0.5,2.72,0.0819,0.0,1.0,True,0.01,0.95,10.0,39600.0,0.938,0.139
13913,1 - 1 - 2022,19800.0,9.09945053286186,7.498939925082745,10.0,0.212,0.158489,0.251189,0.546,0.5,0.6,0.535,0.5,0.6,2.18,0.0732,0.0,1.0,True,0.01,0.95,10.0,39600.0,0.938,0.139
13914,1 - 1 - 2022,19800.0,8.336666000266533,7.498939925082745,10.0,0.211,0.158489,0.251189,0.542,0.5,0.6,0.666,0.6,0.7,2.18,0.0732,0.0,1.0,True,0.01,0.95,10.0,39600.0,0.938,0.139
13915,1 - 1 - 2022,19800.0,8.514693182963201,7.498939925082745,10.0,0.208,0.158489,0.251189,0.559,0.5,0.6,0.73,0.7,0.8,1.09,0.0518,0.0,1.0,True,0.01,0.95,10.0,39600.0,0.938,0.139
13916,1 - 1 - 2022,19800.0,8.360621986431392,7.498939925082745,10.0,0.175,0.158489,0.251189,0.545,0.5,0.6,0.843,0.8,0.9,2.18,0.0732,0.0,1.0,True,0.01,0.95,10.0,39600.0,0.938,0.139
13917,1 - 1 - 2022,19800.0,8.860022573334675,7.498939925082745,10.0,0.208,0.158489,0.251189,0.52,0.5,0.6,0.933,0.9,1.0,1.09,0.0518,0.0,1.0,True,0.01,0.95,10.0,39600.0,0.938,0.139
13918,1 - 1 - 2022,19800.0,8.024961059095553,7.498939925082745,10.0,0.207,0.158489,0.251189,0.557,0.5,0.6,1.14,1.0,1.5,0.435,0.0146,0.0,1.0,True,0.01,0.95,10.0,39600.0,0.938,0.139
13919,1 - 1 - 2022,19800.0,8.455767262643882,7.498939925082745,10.0,0.211,0.158489,0.251189,0.574,0.5,0.6,1.77,1.5,2.0,0.218,0.0104,0.109,1.0,True,0.01,0.95,10.0,39600.0,0.938,0.139
13920,1 - 1 - 2022,19800.0,7.854934754662192,7.498939925082745,10.0,0.206,0.158489,0.251189,0.667,0.6,0.7,0.182,0.1,0.2,1.09,0.0518,0.0,1.0,True,0.01,0.95,10.0,39600.0,0.938,0.139
13921,1 - 1 - 2022,19800.0,8.549853799919621,7.498939925082745,10.0,0.228,0.158489,0.251189,0.619,0.6,0.7,0.278,0.2,0.3,1.09,0.0518,0.0,1.0,True,0.01,0.95,10.0,39600.0,0.938,0.139
13922,1 - 1 - 2022,19800.0,8.130190649671137,7.498939925082745,10.0,0.184,0.158489,0.251189,0.629,0.6,0.7,0.319,0.3,0.4,2.18,0.0732,0.0,1.0,True,0.01,0.95,10.0,39600.0,0.938,0.139
13923,1 - 1 - 2022,19800.0,9.02219485491197,7.498939925082745,10.0,0.188,0.158489,0.251189,0.604,0.6,0.7,0.686,0.6,0.7,0.544,0.0366,0.0,1.0,True,0.01,0.95,10.0,39600.0,0.938,0.139
13924,1 - 1 - 2022,19800.0,8.763560920082657,7.498939925082745,10.0,0.174,0.158489,0.251189,0.61,0.6,0.7,0.989,0.9,1.0,0.544,0.0366,0.0,1.0,True,0.01,0.95,10.0,39600.0,0.938,0.139
13925,1 - 1 - 2022,19800.0,8.596510920134982,7.498939925082745,10.0,0.185,0.158489,0.251189,0.648,0.6,0.7,1.09,1.0,1.5,0.326,0.0127,0.0,1.0,True,0.01,0.95,10.0,39600.0,0.938,0.139
13926,1 - 1 - 2022,19800.0,8.792041856133306,7.498939925082745,10.0,0.243,0.158489,0.251189,0.672,0.6,0.7,2.04,2.0,4.0,0.0272,0.00183,0.0,1.0,True,0.01,0.95,10.0,39600.0,0.938,0.139
13927,1 - 1 - 2022,19800.0,7.816648898345122,7.498939925082745,10.0,0.164,0.158489,0.251189,0.778,0.7,0.8,0.172,0.1,0.2,0.544,0.0366,0.0,1.0,True,0.01,0.95,10.0,39600.0,0.938,0.139
13928,1 - 1 - 2022,19800.0,8.689073598491383,7.498939925082745,10.0,0.164,0.158489,0.251189,0.735,0.7,0.8,0.224,0.2,0.3,0.544,0.0366,0.0,1.0,True,0.01,0.95,10.0,39600.0,0.938,0.139
13929,1 - 1 - 2022,19800.0,9.797958971132712,7.498939925082745,10.0,0.235,0.158489,0.251189,0.711,0.7,0.8,0.683,0.6,0.7,0.544,0.0366,0.0,1.0,True,0.01,0.95,10.0,39600.0,0.938,0.139
13930,1 - 1 - 2022,19800.0,8.154753215150045,7.498939925082745,10.0,0.165,0.158489,0.251189,0.767,0.7,0.8,0.807,0.8,0.9,0.544,0.0366,0.0,1.0,True,0.01,0.95,10.0,39600.0,0.938,0.139
13931,1 - 1 - 2022,19800.0,8.117881497040962,7.498939925082745,10.0,0.188,0.158489,0.251189,0.76,0.7,0.8,0.921,0.9,1.0,0.544,0.0366,0.0,1.0,True,0.01,0.95,10.0,39600.0,0.938,0.139
13932,1 - 1 - 2022,19800.0,8.07465169527454,7.498939925082745,10.0,0.163,0.158489,0.251189,0.808,0.8,0.9,0.285,0.2,0.3,0.544,0.0366,0.0,1.0,True,0.01,0.95,10.0,39600.0,0.938,0.139
13933,1 - 1 - 2022,19800.0,9.219544457292887,7.498939925082745,10.0,0.184,0.158489,0.251189,0.859,0.8,0.9,0.334,0.3,0.4,0.544,0.0366,0.0,1.0,True,0.01,0.95,10.0,39600.0,0.938,0.139
13934,1 - 1 - 2022,19800.0,7.602631123499285,7.498939925082745,10.0,0.161,0.158489,0.251189,0.871,0.8,0.9,0.443,0.4,0.5,0.544,0.0366,0.0,1.0,True,0.01,0.95,10.0,39600.0,0.938,0.139
13935,1 - 1 - 2022,19800.0,7.8230428862431785,7.498939925082745,10.0,0.234,0.158489,0.251189,0.833,0.8,0.9,0.753,0.7,0.8,0.544,0.0366,0.0,1.0,True,0.01,0.95,10.0,39600.0,0.938,0.139
13936,1 - 1 - 2022,19800.0,8.46758525200662,7.498939925082745,10.0,0.304,0.251189,0.398107,0.0821,0.05,0.1,0.0313,0.0,0.05,11.0,0.261,1.37,1.0,True,0.01,0.95,10.0,39600.0,0.938,0.139
13937,1 - 1 - 2022,19800.0,8.854377448471462,7.498939925082745,10.0,0.298,0.251189,0.398107,0.075,0.05,0.1,0.0751,0.05,0.1,26.1,0.403,8.24,1.0,True,0.01,0.95,10.0,39600.0,0.938,0.139
13938,1 - 1 - 2022,19800.0,8.882567196480982,7.498939925082745,10.0,0.302,0.251189,0.398107,0.07,0.05,0.1,0.146,0.1,0.2,32.3,0.317,15.8,1.0,True,0.01,0.95,10.0,39600.0,0.938,0.139
13939,1 - 1 - 2022,19800.0,8.79772697916911,7.498939925082745,10.0,0.301,0.251189,0.398107,0.0718,0.05,0.1,0.254,0.2,0.3,41.9,0.361,19.2,1.0,True,0.01,0.95,10.0,39600.0,0.938,0.139
13940,1 - 1 - 2022,19800.0,8.734987120768983,7.498939925082745,10.0,0.295,0.251189,0.398107,0.0723,0.05,0.1,0.353,0.3,0.4,50.8,0.398,24.0,1.0,True,0.01,0.95,10.0,39600.0,0.938,0.139
13941,1 - 1 - 2022,19800.0,8.854377448471462,7.498939925082745,10.0,0.304,0.251189,0.398107,0.0756,0.05,0.1,0.447,0.4,0.5,40.5,0.355,19.2,1.0,True,0.01,0.95,10.0,39600.0,0.938,0.139
13942,1 - 1 - 2022,19800.0,8.573214099741124,7.498939925082745,10.0,0.284,0.251189,0.398107,0.0734,0.05,0.1,0.546,0.5,0.6,32.3,0.317,22.0,1.0,True,0.01,0.95,10.0,39600.0,0.938,0.139
13943,1 - 1 - 2022,19800.0,8.955445270895245,7.498939925082745,10.0,0.3,0.251189,0.398107,0.0733,0.05,0.1,0.646,0.6,0.7,23.3,0.269,12.4,1.0,True,0.01,0.95,10.0,39600.0,0.938,0.139
13944,1 - 1 - 2022,19800.0,8.977750274985375,7.498939925082745,10.0,0.317,0.251189,0.398107,0.0761,0.05,0.1,0.753,0.7,0.8,12.4,0.196,10.3,1.0,True,0.01,0.95,10.0,39600.0,0.938,0.139
13945,1 - 1 - 2022,19800.0,8.988882021697693,7.498939925082745,10.0,0.302,0.251189,0.398107,0.0722,0.05,0.1,0.846,0.8,0.9,9.61,0.173,7.55,1.0,True,0.01,0.95,10.0,39600.0,0.938,0.139
13946,1 - 1 - 2022,19800.0,8.734987120768983,7.498939925082745,10.0,0.295,0.251189,0.398107,0.0783,0.05,0.1,0.928,0.9,1.0,3.43,0.103,2.06,1.0,True,0.01,0.95,10.0,39600.0,0.938,0.139
13947,1 - 1 - 2022,19800.0,9.17605579756357,7.498939925082745,10.0,0.309,0.251189,0.398107,0.0688,0.05,0.1,1.12,1.0,1.5,1.37,0.0292,0.824,1.0,True,0.01,0.95,10.0,39600.0,0.938,0.139
13948,1 - 1 - 2022,19800.0,9.17605579756357,7.498939925082745,10.0,0.336,0.251189,0.398107,0.105,0.1,0.15,0.027,0.0,0.05,4.12,0.16,0.0,1.0,True,0.01,0.95,10.0,39600.0,0.938,0.139
13949,1 - 1 - 2022,19800.0,9.197825830053535,7.498939925082745,10.0,0.344,0.251189,0.398107,0.116,0.1,0.15,0.0637,0.05,0.1,8.24,0.226,0.0,1.0,True,0.01,0.95,10.0,39600.0,0.938,0.139
13950,1 - 1 - 2022,19800.0,9.027735042633894,7.498939925082745,10.0,0.301,0.251189,0.398107,0.121,0.1,0.15,0.154,0.1,0.2,15.1,0.217,0.0,1.0,True,0.01,0.95,10.0,39600.0,0.938,0.139
13951,1 - 1 - 2022,19800.0,8.734987120768983,7.498939925082745,10.0,0.303,0.251189,0.398107,0.124,0.1,0.15,0.251,0.2,0.3,30.9,0.31,0.687,1.0,True,0.01,0.95,10.0,39600.0,0.938,0.139
13952,1 - 1 - 2022,19800.0,8.8656641037206,7.498939925082745,10.0,0.3,0.251189,0.398107,0.121,0.1,0.15,0.355,0.3,0.4,35.0,0.33,2.75,1.0,True,0.01,0.95,10.0,39600.0,0.938,0.139
13953,1 - 1 - 2022,19800.0,8.752142594816426,7.498939925082745,10.0,0.292,0.251189,0.398107,0.12,0.1,0.15,0.452,0.4,0.5,29.5,0.303,2.06,1.0,True,0.01,0.95,10.0,39600.0,0.938,0.139
13954,1 - 1 - 2022,19800.0,8.927485648266257,7.498939925082745,10.0,0.297,0.251189,0.398107,0.121,0.1,0.15,0.55,0.5,0.6,24.7,0.277,0.0,1.0,True,0.01,0.95,10.0,39600.0,0.938,0.139
13955,1 - 1 - 2022,19800.0,8.717797887081348,7.498939925082745,10.0,0.298,0.251189,0.398107,0.124,0.1,0.15,0.653,0.6,0.7,13.7,0.207,2.75,1.0,True,0.01,0.95,10.0,39600.0,0.938,0.139
13956,1 - 1 - 2022,19800.0,8.78635305459552,7.498939925082745,10.0,0.298,0.251189,0.398107,0.119,0.1,0.15,0.743,0.7,0.8,12.4,0.196,2.75,1.0,True,0.01,0.95,10.0,39600.0,0.938,0.139
13957,1 - 1 - 2022,19800.0,8.826097665446492,7.498939925082745,10.0,0.304,0.251189,0.398107,0.121,0.1,0.15,0.852,0.8,0.9,8.93,0.167,2.75,1.0,True,0.01,0.95,10.0,39600.0,0.938,0.139
13958,1 - 1 - 2022,19800.0,9.2951600308978,7.498939925082745,10.0,0.298,0.251189,0.398107,0.118,0.1,0.15,0.937,0.9,1.0,5.49,0.131,2.06,1.0,True,0.01,0.95,10.0,39600.0,0.938,0.139
13959,1 - 1 - 2022,19800.0,9.126883367283709,7.498939925082745,10.0,0.315,0.251189,0.398107,0.126,0.1,0.15,1.12,1.0,1.5,1.65,0.032,0.687,1.0,True,0.01,0.95,10.0,39600.0,0.938,0.139
13960,1 - 1 - 2022,19800.0,8.87130204648675,7.498939925082745,10.0,0.256,0.251189,0.398107,0.136,0.1,0.15,1.59,1.5,2.0,0.412,0.016,0.137,1.0,True,0.01,0.95,10.0,39600.0,0.938,0.139
13961,1 - 1 - 2022,19800.0,8.366600265340756,7.498939925082745,10.0,0.286,0.251189,0.398107,0.169,0.15,0.2,0.0766,0.05,0.1,9.61,0.245,0.0,1.0,True,0.01,0.95,10.0,39600.0,0.938,0.139
13962,1 - 1 - 2022,19800.0,8.916277250063503,7.498939925082745,10.0,0.296,0.251189,0.398107,0.176,0.15,0.2,0.154,0.1,0.2,11.0,0.185,0.0,1.0,True,0.01,0.95,10.0,39600.0,0.938,0.139
13963,1 - 1 - 2022,19800.0,9.093954035511725,7.498939925082745,10.0,0.315,0.251189,0.398107,0.171,0.15,0.2,0.25,0.2,0.3,13.7,0.207,0.0,1.0,True,0.01,0.95,10.0,39600.0,0.938,0.139
13964,1 - 1 - 2022,19800.0,8.67179335547152,7.498939925082745,10.0,0.288,0.251189,0.398107,0.175,0.15,0.2,0.347,0.3,0.4,12.4,0.196,0.0,1.0,True,0.01,0.95,10.0,39600.0,0.938,0.139
13965,1 - 1 - 2022,19800.0,8.803408430829505,7.498939925082745,10.0,0.311,0.251189,0.398107,0.174,0.15,0.2,0.457,0.4,0.5,20.6,0.253,0.0,1.0,True,0.01,0.95,10.0,39600.0,0.938,0.139
13966,1 - 1 - 2022,19800.0,8.910667763978186,7.498939925082745,10.0,0.311,0.251189,0.398107,0.171,0.15,0.2,0.546,0.5,0.6,16.5,0.226,0.000171,1.0,True,0.01,0.95,10.0,39600.0,0.938,0.139
13967,1 - 1 - 2022,19800.0,9.214119599831555,7.498939925082745,10.0,0.308,0.251189,0.398107,0.174,0.15,0.2,0.645,0.6,0.7,8.93,0.167,0.0,1.0,True,0.01,0.95,10.0,39600.0,0.938,0.139
13968,1 - 1 - 2022,19800.0,8.826097665446492,7.498939925082745,10.0,0.281,0.251189,0.398107,0.178,0.15,0.2,0.745,0.7,0.8,5.49,0.131,0.0,1.0,True,0.01,0.95,10.0,39600.0,0.938,0.139
13969,1 - 1 - 2022,19800.0,8.491171886141512,7.498939925082745,10.0,0.296,0.251189,0.398107,0.167,0.15,0.2,0.849,0.8,0.9,6.87,0.146,2.75,1.0,True,0.01,0.95,10.0,39600.0,0.938,0.139
13970,1 - 1 - 2022,19800.0,8.666025617317317,7.498939925082745,10.0,0.307,0.251189,0.398107,0.178,0.15,0.2,1.22,1.0,1.5,1.92,0.0346,0.549,1.0,True,0.01,0.95,10.0,39600.0,0.938,0.139
13971,1 - 1 - 2022,19800.0,9.038805230781334,7.498939925082745,10.0,0.268,0.251189,0.398107,0.175,0.15,0.2,1.68,1.5,2.0,0.412,0.016,0.0,1.0,True,0.01,0.95,10.0,39600.0,0.938,0.139
13972,1 - 1 - 2022,19800.0,9.746794344808963,7.498939925082745,10.0,0.266,0.251189,0.398107,0.231,0.2,0.25,0.0674,0.05,0.1,1.37,0.0924,0.0,1.0,True,0.01,0.95,10.0,39600.0,0.938,0.139
13973,1 - 1 - 2022,19800.0,9.011104260855047,7.498939925082745,10.0,0.303,0.251189,0.398107,0.225,0.2,0.25,0.163,0.1,0.2,10.3,0.179,0.0,1.0,True,0.01,0.95,10.0,39600.0,0.938,0.139
13974,1 - 1 - 2022,19800.0,8.694826047713663,7.498939925082745,10.0,0.28,0.251189,0.398107,0.225,0.2,0.25,0.253,0.2,0.3,6.87,0.146,0.0,1.0,True,0.01,0.95,10.0,39600.0,0.938,0.139
13975,1 - 1 - 2022,19800.0,8.694826047713663,7.498939925082745,10.0,0.31,0.251189,0.398107,0.23,0.2,0.25,0.357,0.3,0.4,13.0,0.201,0.0,1.0,True,0.01,0.95,10.0,39600.0,0.938,0.139
13976,1 - 1 - 2022,19800.0,8.613942186943213,7.498939925082745,10.0,0.304,0.251189,0.398107,0.226,0.2,0.25,0.443,0.4,0.5,11.0,0.185,0.0,1.0,True,0.01,0.95,10.0,39600.0,0.938,0.139
13977,1 - 1 - 2022,19800.0,8.752142594816426,7.498939925082745,10.0,0.287,0.251189,0.398107,0.216,0.2,0.25,0.559,0.5,0.6,9.61,0.173,0.0,1.0,True,0.01,0.95,10.0,39600.0,0.938,0.139
13978,1 - 1 - 2022,19800.0,8.491171886141512,7.498939925082745,10.0,0.298,0.251189,0.398107,0.224,0.2,0.25,0.639,0.6,0.7,7.55,0.153,0.0,1.0,True,0.01,0.95,10.0,39600.0,0.938,0.139
13979,1 - 1 - 2022,19800.0,9.262828941527529,7.498939925082745,10.0,0.318,0.251189,0.398107,0.222,0.2,0.25,0.749,0.7,0.8,4.81,0.122,0.0,1.0,True,0.01,0.95,10.0,39600.0,0.938,0.139
13980,1 - 1 - 2022,19800.0,8.899438184514796,7.498939925082745,10.0,0.311,0.251189,0.398107,0.234,0.2,0.25,0.821,0.8,0.9,4.81,0.122,0.0,1.0,True,0.01,0.95,10.0,39600.0,0.938,0.139
13981,1 - 1 - 2022,19800.0,8.497058314499201,7.498939925082745,10.0,0.272,0.251189,0.398107,0.206,0.2,0.25,0.921,0.9,1.0,0.687,0.0462,0.0,1.0,True,0.01,0.95,10.0,39600.0,0.938,0.139
13982,1 - 1 - 2022,19800.0,9.137833441248533,7.498939925082745,10.0,0.332,0.251189,0.398107,0.221,0.2,0.25,1.24,1.0,1.5,0.687,0.0207,0.0,1.0,True,0.01,0.95,10.0,39600.0,0.938,0.139
13983,1 - 1 - 2022,19800.0,9.15969431804359,7.498939925082745,10.0,0.306,0.251189,0.398107,0.225,0.2,0.25,1.52,1.5,2.0,0.275,0.0131,0.0,1.0,True,0.01,0.95,10.0,39600.0,0.938,0.139
13984,1 - 1 - 2022,19800.0,9.257429448826494,7.498939925082745,10.0,0.275,0.251189,0.398107,0.26,0.25,0.3,0.0815,0.05,0.1,2.75,0.131,0.0,1.0,True,0.01,0.95,10.0,39600.0,0.938,0.139
13985,1 - 1 - 2022,19800.0,8.723531395025756,7.498939925082745,10.0,0.297,0.251189,0.398107,0.269,0.25,0.3,0.174,0.1,0.2,2.75,0.0924,0.0,1.0,True,0.01,0.95,10.0,39600.0,0.938,0.139
13986,1 - 1 - 2022,19800.0,8.905054744357274,7.498939925082745,10.0,0.32,0.251189,0.398107,0.27,0.25,0.3,0.26,0.2,0.3,6.18,0.139,0.687,1.0,True,0.01,0.95,10.0,39600.0,0.938,0.139
13987,1 - 1 - 2022,19800.0,9.154233993076646,7.498939925082745,10.0,0.316,0.251189,0.398107,0.277,0.25,0.3,0.346,0.3,0.4,7.55,0.153,0.0,1.0,True,0.01,0.95,10.0,39600.0,0.938,0.139
13988,1 - 1 - 2022,19800.0,8.654478609367523,7.498939925082745,10.0,0.288,0.251189,0.398107,0.266,0.25,0.3,0.436,0.4,0.5,4.12,0.113,0.0,1.0,True,0.01,0.95,10.0,39600.0,0.938,0.139
13989,1 - 1 - 2022,19800.0,8.54400374531753,7.498939925082745,10.0,0.308,0.251189,0.398107,0.266,0.25,0.3,0.551,0.5,0.6,4.81,0.122,0.0,1.0,True,0.01,0.95,10.0,39600.0,0.938,0.139
13990,1 - 1 - 2022,19800.0,8.683317338436964,7.498939925082745,10.0,0.298,0.251189,0.398107,0.27,0.25,0.3,0.663,0.6,0.7,4.12,0.113,0.0,1.0,True,0.01,0.95,10.0,39600.0,0.938,0.139
13991,1 - 1 - 2022,19800.0,8.5848704125339,7.498939925082745,10.0,0.288,0.251189,0.398107,0.277,0.25,0.3,0.751,0.7,0.8,4.12,0.113,0.0,1.0,True,0.01,0.95,10.0,39600.0,0.938,0.139
13992,1 - 1 - 2022,19800.0,9.044335243676011,7.498939925082745,10.0,0.295,0.251189,0.398107,0.278,0.25,0.3,0.838,0.8,0.9,4.12,0.113,0.0,1.0,True,0.01,0.95,10.0,39600.0,0.938,0.139
13993,1 - 1 - 2022,19800.0,8.916277250063503,7.498939925082745,10.0,0.333,0.251189,0.398107,0.268,0.25,0.3,1.19,1.0,1.5,0.412,0.016,0.0,1.0,True,0.01,0.95,10.0,39600.0,0.938,0.139
13994,1 - 1 - 2022,19800.0,8.899438184514796,7.498939925082745,10.0,0.308,0.251189,0.398107,0.355,0.3,0.4,0.139,0.1,0.2,1.72,0.0517,0.0,1.0,True,0.01,0.95,10.0,39600.0,0.938,0.139
13995,1 - 1 - 2022,19800.0,8.752142594816426,7.498939925082745,10.0,0.294,0.251189,0.398107,0.337,0.3,0.4,0.275,0.2,0.3,3.43,0.0731,0.0,1.0,True,0.01,0.95,10.0,39600.0,0.938,0.139
13996,1 - 1 - 2022,19800.0,8.843076387773658,7.498939925082745,10.0,0.307,0.251189,0.398107,0.345,0.3,0.4,0.351,0.3,0.4,3.43,0.0731,0.0,1.0,True,0.01,0.95,10.0,39600.0,0.938,0.139
13997,1 - 1 - 2022,19800.0,8.763560920082657,7.498939925082745,10.0,0.272,0.251189,0.398107,0.324,0.3,0.4,0.404,0.4,0.5,0.687,0.0327,0.0,1.0,True,0.01,0.95,10.0,39600.0,0.938,0.139
13998,1 - 1 - 2022,19800.0,8.882567196480982,7.498939925082745,10.0,0.314,0.251189,0.398107,0.353,0.3,0.4,0.55,0.5,0.6,2.4,0.0611,0.0,1.0,True,0.01,0.95,10.0,39600.0,0.938,0.139
13999,1 - 1 - 2022,19800.0,8.899438184514796,7.498939925082745,10.0,0.32,0.251189,0.398107,0.33,0.3,0.4,0.652,0.6,0.7,5.15,0.0895,0.0,1.0,True,0.01,0.95,10.0,39600.0,0.938,0.139
14000,1 - 1 - 2022,19800.0,8.729261137118078,7.498939925082745,10.0,0.286,0.251189,0.398107,0.327,0.3,0.4,0.742,0.7,0.8,2.4,0.0611,0.0,1.0,True,0.01,0.95,10.0,39600.0,0.938,0.139
14001,1 - 1 - 2022,19800.0,7.628892449104261,7.498939925082745,10.0,0.269,0.251189,0.398107,0.379,0.3,0.4,0.853,0.8,0.9,0.343,0.0231,0.0,1.0,True,0.01,0.95,10.0,39600.0,0.938,0.139
14002,1 - 1 - 2022,19800.0,9.082951062292475,7.498939925082745,10.0,0.319,0.251189,0.398107,0.313,0.3,0.4,0.927,0.9,1.0,1.37,0.0462,0.0,1.0,True,0.01,0.95,10.0,39600.0,0.938,0.139
14003,1 - 1 - 2022,19800.0,8.590692637965812,7.498939925082745,10.0,0.326,0.251189,0.398107,0.352,0.3,0.4,1.17,1.0,1.5,0.481,0.0122,0.0,1.0,True,0.01,0.95,10.0,39600.0,0.938,0.139
14004,1 - 1 - 2022,19800.0,8.916277250063503,7.498939925082745,10.0,0.292,0.251189,0.398107,0.348,0.3,0.4,2.12,2.0,4.0,0.0343,0.00163,0.0172,1.0,True,0.01,0.95,10.0,39600.0,0.938,0.139
14005,1 - 1 - 2022,19800.0,8.792041856133306,7.498939925082745,10.0,0.302,0.251189,0.398107,0.465,0.4,0.5,0.0698,0.05,0.1,0.687,0.0462,0.0,1.0,True,0.01,0.95,10.0,39600.0,0.938,0.139
14006,1 - 1 - 2022,19800.0,8.814760348415605,7.498939925082745,10.0,0.316,0.251189,0.398107,0.474,0.4,0.5,0.152,0.1,0.2,0.687,0.0327,0.0,1.0,True,0.01,0.95,10.0,39600.0,0.938,0.139
14007,1 - 1 - 2022,19800.0,9.00555384193554,7.498939925082745,10.0,0.253,0.251189,0.398107,0.449,0.4,0.5,0.258,0.2,0.3,0.687,0.0327,0.0,1.0,True,0.01,0.95,10.0,39600.0,0.938,0.139
14008,1 - 1 - 2022,19800.0,7.797435475847171,7.498939925082745,10.0,0.267,0.251189,0.398107,0.406,0.4,0.5,0.38,0.3,0.4,0.343,0.0231,0.0,1.0,True,0.01,0.95,10.0,39600.0,0.938,0.139
14009,1 - 1 - 2022,19800.0,9.591663046625438,7.498939925082745,10.0,0.301,0.251189,0.398107,0.491,0.4,0.5,0.429,0.4,0.5,0.686,0.0327,0.0,1.0,True,0.01,0.95,10.0,39600.0,0.938,0.139
14010,1 - 1 - 2022,19800.0,8.949860334105779,7.498939925082745,10.0,0.294,0.251189,0.398107,0.424,0.4,0.5,0.575,0.5,0.6,1.72,0.0517,0.0,1.0,True,0.01,0.95,10.0,39600.0,0.938,0.139
14011,1 - 1 - 2022,19800.0,8.294576541331088,7.498939925082745,10.0,0.293,0.251189,0.398107,0.439,0.4,0.5,0.623,0.6,0.7,1.03,0.04,0.0,1.0,True,0.01,0.95,10.0,39600.0,0.938,0.139
14012,1 - 1 - 2022,19800.0,9.049861877399014,7.498939925082745,10.0,0.328,0.251189,0.398107,0.423,0.4,0.5,0.927,0.9,1.0,1.03,0.04,0.0,1.0,True,0.01,0.95,10.0,39600.0,0.938,0.139
14013,1 - 1 - 2022,19800.0,8.049844718999243,7.498939925082745,10.0,0.279,0.251189,0.398107,0.486,0.4,0.5,1.43,1.0,1.5,0.0687,0.00462,0.0,1.0,True,0.01,0.95,10.0,39600.0,0.938,0.139
14014,1 - 1 - 2022,19800.0,9.465727652959385,7.498939925082745,10.0,0.333,0.251189,0.398107,0.466,0.4,0.5,1.63,1.5,2.0,0.137,0.00654,0.0,1.0,True,0.01,0.95,10.0,39600.0,0.938,0.139
14015,1 - 1 - 2022,19800.0,8.803408430829505,7.498939925082745,10.0,0.338,0.251189,0.398107,0.597,0.5,0.6,0.0997,0.05,0.1,0.687,0.0462,0.0,1.0,True,0.01,0.95,10.0,39600.0,0.938,0.139
14016,1 - 1 - 2022,19800.0,9.396807968666806,7.498939925082745,10.0,0.328,0.251189,0.398107,0.53,0.5,0.6,0.142,0.1,0.2,1.03,0.04,0.0,1.0,True,0.01,0.95,10.0,39600.0,0.938,0.139
14017,1 - 1 - 2022,19800.0,9.929753269845127,7.498939925082745,10.0,0.347,0.251189,0.398107,0.546,0.5,0.6,0.267,0.2,0.3,0.343,0.0231,0.0,1.0,True,0.01,0.95,10.0,39600.0,0.938,0.139
14018,1 - 1 - 2022,19800.0,8.729261137118078,7.498939925082745,10.0,0.294,0.251189,0.398107,0.588,0.5,0.6,0.334,0.3,0.4,1.03,0.04,0.0,1.0,True,0.01,0.95,10.0,39600.0,0.938,0.139
14019,1 - 1 - 2022,19800.0,8.19756061276768,7.498939925082745,10.0,0.281,0.251189,0.398107,0.522,0.5,0.6,0.543,0.5,0.6,0.343,0.0231,0.0,1.0,True,0.01,0.95,10.0,39600.0,0.938,0.139
14020,1 - 1 - 2022,19800.0,8.994442728707543,7.498939925082745,10.0,0.318,0.251189,0.398107,0.57,0.5,0.6,0.634,0.6,0.7,0.343,0.0231,0.0,1.0,True,0.01,0.95,10.0,39600.0,0.938,0.139
14021,1 - 1 - 2022,19800.0,9.864076236526156,7.498939925082745,10.0,0.328,0.251189,0.398107,0.517,0.5,0.6,0.792,0.7,0.8,0.343,0.0231,0.0,1.0,True,0.01,0.95,10.0,39600.0,0.938,0.139
14022,1 - 1 - 2022,19800.0,9.241212041718338,7.498939925082745,10.0,0.273,0.251189,0.398107,0.544,0.5,0.6,0.834,0.8,0.9,0.343,0.0231,0.0,1.0,True,0.01,0.95,10.0,39600.0,0.938,0.139
14023,1 - 1 - 2022,19800.0,9.1706052144883,7.498939925082745,10.0,0.298,0.251189,0.398107,0.508,0.5,0.6,1.13,1.0,1.5,0.137,0.00654,0.0,1.0,True,0.01,0.95,10.0,39600.0,0.938,0.139
14024,1 - 1 - 2022,19800.0,8.378544026261364,7.498939925082745,10.0,0.274,0.251189,0.398107,0.528,0.5,0.6,1.78,1.5,2.0,0.0686,0.00462,0.0687,1.0,True,0.01,0.95,10.0,39600.0,0.938,0.139
14025,1 - 1 - 2022,19800.0,8.502940667792526,7.498939925082745,10.0,0.308,0.251189,0.398107,0.613,0.6,0.7,0.355,0.3,0.4,0.343,0.0231,0.0,1.0,True,0.01,0.95,10.0,39600.0,0.938,0.139
14026,1 - 1 - 2022,19800.0,8.927485648266257,7.498939925082745,10.0,0.314,0.251189,0.398107,0.693,0.6,0.7,0.403,0.4,0.5,0.343,0.0231,0.0,1.0,True,0.01,0.95,10.0,39600.0,0.938,0.139
14027,1 - 1 - 2022,19800.0,8.631338250816034,7.498939925082745,10.0,0.344,0.251189,0.398107,0.613,0.6,0.7,0.522,0.5,0.6,0.687,0.0327,0.0,1.0,True,0.01,0.95,10.0,39600.0,0.938,0.139
14028,1 - 1 - 2022,19800.0,8.860022573334675,7.498939925082745,10.0,0.352,0.251189,0.398107,0.659,0.6,0.7,0.626,0.6,0.7,1.03,0.04,0.0,1.0,True,0.01,0.95,10.0,39600.0,0.938,0.139
14029,1 - 1 - 2022,19800.0,7.64198926981712,7.498939925082745,10.0,0.282,0.251189,0.398107,0.666,0.6,0.7,0.87,0.8,0.9,0.343,0.0231,0.0,1.0,True,0.01,0.95,10.0,39600.0,0.938,0.139
14030,1 - 1 - 2022,19800.0,8.012490249604053,7.498939925082745,10.0,0.311,0.251189,0.398107,0.71,0.7,0.8,0.29,0.2,0.3,0.343,0.0231,0.0,1.0,True,0.01,0.95,10.0,39600.0,0.938,0.139
14031,1 - 1 - 2022,19800.0,7.918333157931662,7.498939925082745,10.0,0.253,0.251189,0.398107,0.715,0.7,0.8,0.465,0.4,0.5,0.343,0.0231,0.0,1.0,True,0.01,0.95,10.0,39600.0,0.938,0.139
14032,1 - 1 - 2022,19800.0,7.582875444051551,7.498939925082745,10.0,0.267,0.251189,0.398107,0.724,0.7,0.8,0.748,0.7,0.8,0.343,0.0231,0.0,1.0,True,0.01,0.95,10.0,39600.0,0.938,0.139
14033,1 - 1 - 2022,19800.0,9.465727652959385,7.498939925082745,10.0,0.414,0.398107,0.630957,0.0716,0.05,0.1,0.159,0.1,0.2,2.6,0.0714,2.17,1.0,True,0.01,0.95,10.0,39600.0,0.938,0.139
14034,1 - 1 - 2022,19800.0,9.705668446840743,7.498939925082745,10.0,0.421,0.398107,0.630957,0.074,0.05,0.1,0.333,0.3,0.4,2.17,0.0652,1.73,1.0,True,0.01,0.95,10.0,39600.0,0.938,0.139
14035,1 - 1 - 2022,19800.0,9.628083921528727,7.498939925082745,10.0,0.426,0.398107,0.630957,0.0744,0.05,0.1,0.461,0.4,0.5,2.6,0.0714,1.73,1.0,True,0.01,0.95,10.0,39600.0,0.938,0.139
14036,1 - 1 - 2022,19800.0,9.654014708917737,7.498939925082745,10.0,0.401,0.398107,0.630957,0.0965,0.05,0.1,0.594,0.5,0.6,0.433,0.0292,0.0,1.0,True,0.01,0.95,10.0,39600.0,0.938,0.139
14037,1 - 1 - 2022,19800.0,9.396807968666806,7.498939925082745,10.0,0.443,0.398107,0.630957,0.13,0.1,0.15,0.0573,0.05,0.1,0.867,0.0583,0.0,1.0,True,0.01,0.95,10.0,39600.0,0.938,0.139
14038,1 - 1 - 2022,19800.0,9.17605579756357,7.498939925082745,10.0,0.425,0.398107,0.630957,0.11,0.1,0.15,0.211,0.2,0.3,0.433,0.0292,0.0,1.0,True,0.01,0.95,10.0,39600.0,0.938,0.139
14039,1 - 1 - 2022,19800.0,9.348796714016196,7.498939925082745,10.0,0.413,0.398107,0.630957,0.133,0.1,0.15,0.35,0.3,0.4,1.73,0.0583,0.0,1.0,True,0.01,0.95,10.0,39600.0,0.938,0.139
14040,1 - 1 - 2022,19800.0,9.715966241192895,7.498939925082745,10.0,0.414,0.398107,0.630957,0.113,0.1,0.15,0.469,0.4,0.5,1.3,0.0505,0.433,1.0,True,0.01,0.95,10.0,39600.0,0.938,0.139
14041,1 - 1 - 2022,19800.0,9.252026804976301,7.498939925082745,10.0,0.412,0.398107,0.630957,0.123,0.1,0.15,0.52,0.5,0.6,0.866,0.0412,0.433,1.0,True,0.01,0.95,10.0,39600.0,0.938,0.139
14042,1 - 1 - 2022,19800.0,9.539392014169456,7.498939925082745,10.0,0.423,0.398107,0.630957,0.163,0.15,0.2,0.144,0.1,0.2,0.866,0.0412,0.0,1.0,True,0.01,0.95,10.0,39600.0,0.938,0.139
14043,1 - 1 - 2022,19800.0,9.715966241192895,7.498939925082745,10.0,0.417,0.398107,0.630957,0.185,0.15,0.2,0.386,0.3,0.4,0.433,0.0292,0.0,1.0,True,0.01,0.95,10.0,39600.0,0.938,0.139
14044,1 - 1 - 2022,19800.0,9.386160024205852,7.498939925082745,10.0,0.435,0.398107,0.630957,0.158,0.15,0.2,0.449,0.4,0.5,0.433,0.0292,0.0,1.0,True,0.01,0.95,10.0,39600.0,0.938,0.139
14045,1 - 1 - 2022,19800.0,9.628083921528727,7.498939925082745,10.0,0.465,0.398107,0.630957,0.173,0.15,0.2,0.555,0.5,0.6,0.433,0.0292,0.0,1.0,True,0.01,0.95,10.0,39600.0,0.938,0.139
14046,1 - 1 - 2022,19800.0,9.674709297958259,7.498939925082745,10.0,0.41,0.398107,0.630957,0.175,0.15,0.2,0.633,0.6,0.7,0.866,0.0412,0.433,1.0,True,0.01,0.95,10.0,39600.0,0.938,0.139
14047,1 - 1 - 2022,19800.0,9.797958971132712,7.498939925082745,10.0,0.445,0.398107,0.630957,0.248,0.2,0.25,0.199,0.1,0.2,0.433,0.0292,0.0,1.0,True,0.01,0.95,10.0,39600.0,0.938,0.139
14048,1 - 1 - 2022,19800.0,9.874208829065749,7.498939925082745,10.0,0.421,0.398107,0.630957,0.246,0.2,0.25,0.834,0.8,0.9,0.433,0.0292,0.0,1.0,True,0.01,0.95,10.0,39600.0,0.938,0.139
14049,1 - 1 - 2022,19800.0,9.560334722173696,7.498939925082745,10.0,0.431,0.398107,0.630957,0.276,0.25,0.3,0.548,0.5,0.6,1.3,0.0505,0.0,1.0,True,0.01,0.95,10.0,39600.0,0.938,0.139
14050,1 - 1 - 2022,19800.0,9.78263768111648,7.498939925082745,10.0,0.4,0.398107,0.630957,0.287,0.25,0.3,0.65,0.6,0.7,0.433,0.0292,0.0,1.0,True,0.01,0.95,10.0,39600.0,0.938,0.139
14051,1 - 1 - 2022,19800.0,9.695359714832659,7.498939925082745,10.0,0.428,0.398107,0.630957,0.352,0.3,0.4,0.14,0.1,0.2,0.433,0.0206,0.0,1.0,True,0.01,0.95,10.0,39600.0,0.938,0.139
14052,1 - 1 - 2022,19800.0,9.370165420097983,7.498939925082745,10.0,0.399,0.398107,0.630957,0.416,0.4,0.5,0.189,0.1,0.2,0.217,0.0146,0.0,1.0,True,0.01,0.95,10.0,39600.0,0.938,0.139
14053,1 - 1 - 2022,19800.0,9.284395510748128,7.498939925082745,10.0,0.413,0.398107,0.630957,0.492,0.4,0.5,1.21,1.0,1.5,0.0433,0.00292,0.0,1.0,True,0.01,0.95,10.0,39600.0,0.938,0.139
14054,1 - 1 - 2022,19800.0,9.762171889492624,7.498939925082745,10.0,0.406,0.398107,0.630957,0.588,0.5,0.6,0.323,0.3,0.4,0.217,0.0146,0.0,1.0,True,0.01,0.95,10.0,39600.0,0.938,0.139
14055,1 - 1 - 2022,19800.0,10.295630140987,10.0,13.335216533675034,0.00595,0.00398107,0.00630957,0.0124,0.0,0.05,0.152,0.1,0.2,877.0,9.84,780.0,1.0,True,0.01,0.95,10.0,39600.0,0.938,0.139
14056,1 - 1 - 2022,19800.0,10.246950765959598,10.0,13.335216533675034,0.00592,0.00398107,0.00630957,0.0107,0.0,0.05,0.256,0.2,0.3,950.0,10.2,731.0,1.0,True,0.01,0.95,10.0,39600.0,0.938,0.139
14057,1 - 1 - 2022,19800.0,10.246950765959598,10.0,13.335216533675034,0.00591,0.00398107,0.00630957,0.0152,0.0,0.05,0.351,0.3,0.4,999.0,10.5,731.0,1.0,True,0.01,0.95,10.0,39600.0,0.938,0.139
14058,1 - 1 - 2022,19800.0,10.344080432788601,10.0,13.335216533675034,0.00598,0.00398107,0.00630957,0.00639,0.0,0.05,0.453,0.4,0.5,706.0,8.83,146.0,1.0,True,0.01,0.95,10.0,39600.0,0.938,0.139
14059,1 - 1 - 2022,19800.0,10.246950765959598,10.0,13.335216533675034,0.00585,0.00398107,0.00630957,0.0167,0.0,0.05,0.555,0.5,0.6,682.0,8.68,317.0,1.0,True,0.01,0.95,10.0,39600.0,0.938,0.139
14060,1 - 1 - 2022,19800.0,10.246950765959598,10.0,13.335216533675034,0.00585,0.00398107,0.00630957,0.0124,0.0,0.05,0.652,0.6,0.7,365.0,6.35,97.4,1.0,True,0.01,0.95,10.0,39600.0,0.938,0.139
14061,1 - 1 - 2022,19800.0,10.344080432788601,10.0,13.335216533675034,0.0059,0.00398107,0.00630957,0.0173,0.0,0.05,0.739,0.7,0.8,341.0,6.13,146.0,1.0,True,0.01,0.95,10.0,39600.0,0.938,0.139
14062,1 - 1 - 2022,19800.0,10.198039027185569,10.0,13.335216533675034,0.00599,0.00398107,0.00630957,0.0141,0.0,0.05,0.843,0.8,0.9,195.0,4.64,73.1,1.0,True,0.01,0.95,10.0,39600.0,0.938,0.139
14063,1 - 1 - 2022,19800.0,10.44030650891055,10.0,13.335216533675034,0.00597,0.00398107,0.00630957,0.0187,0.0,0.05,0.929,0.9,1.0,244.0,5.18,48.7,1.0,True,0.01,0.95,10.0,39600.0,0.938,0.139
14064,1 - 1 - 2022,19800.0,10.344080432788601,10.0,13.335216533675034,0.00607,0.00398107,0.00630957,0.0193,0.0,0.05,1.23,1.0,1.5,63.3,1.18,4.87,1.0,True,0.01,0.95,10.0,39600.0,0.938,0.139
14065,1 - 1 - 2022,19800.0,10.344080432788601,10.0,13.335216533675034,0.00571,0.00398107,0.00630957,0.037,0.0,0.05,1.94,1.5,2.0,4.87,0.328,0.0,1.0,True,0.01,0.95,10.0,39600.0,0.938,0.139
14066,1 - 1 - 2022,19800.0,10.488088481701515,10.0,13.335216533675034,0.00605,0.00398107,0.00630957,0.0665,0.05,0.1,0.53,0.5,0.6,195.0,4.64,171.0,1.0,True,0.01,0.95,10.0,39600.0,0.938,0.139
14067,1 - 1 - 2022,19800.0,10.295630140987,10.0,13.335216533675034,0.00601,0.00398107,0.00630957,0.0673,0.05,0.1,0.653,0.6,0.7,195.0,4.64,122.0,1.0,True,0.01,0.95,10.0,39600.0,0.938,0.139
14068,1 - 1 - 2022,19800.0,10.198039027185569,10.0,13.335216533675034,0.00588,0.00398107,0.00630957,0.0694,0.05,0.1,0.757,0.7,0.8,171.0,4.34,97.4,1.0,True,0.01,0.95,10.0,39600.0,0.938,0.139
14069,1 - 1 - 2022,19800.0,10.099504938362077,10.0,13.335216533675034,0.00569,0.00398107,0.00630957,0.0687,0.05,0.1,0.917,0.9,1.0,48.7,2.32,0.0,1.0,True,0.01,0.95,10.0,39600.0,0.938,0.139
14070,1 - 1 - 2022,19800.0,10.488088481701515,10.0,13.335216533675034,0.00611,0.00398107,0.00630957,0.0593,0.05,0.1,1.11,1.0,1.5,14.6,0.568,0.0,1.0,True,0.01,0.95,10.0,39600.0,0.938,0.139
14071,1 - 1 - 2022,19800.0,10.488088481701515,10.0,13.335216533675034,0.00601,0.00398107,0.00630957,0.0567,0.05,0.1,2.31,2.0,4.0,1.22,0.082,0.0,1.0,True,0.01,0.95,10.0,39600.0,0.938,0.139
14072,1 - 1 - 2022,19800.0,10.488088481701515,10.0,13.335216533675034,0.00617,0.00398107,0.00630957,0.121,0.1,0.15,0.164,0.1,0.2,73.1,2.84,0.0,1.0,True,0.01,0.95,10.0,39600.0,0.938,0.139
14073,1 - 1 - 2022,19800.0,10.198039027185569,10.0,13.335216533675034,0.00606,0.00398107,0.00630957,0.126,0.1,0.15,0.279,0.2,0.3,48.7,2.32,0.0,1.0,True,0.01,0.95,10.0,39600.0,0.938,0.139
14074,1 - 1 - 2022,19800.0,10.344080432788601,10.0,13.335216533675034,0.00597,0.00398107,0.00630957,0.123,0.1,0.15,0.348,0.3,0.4,219.0,4.92,48.7,1.0,True,0.01,0.95,10.0,39600.0,0.938,0.139
14075,1 - 1 - 2022,19800.0,10.246950765959598,10.0,13.335216533675034,0.00586,0.00398107,0.00630957,0.126,0.1,0.15,0.448,0.4,0.5,146.0,4.02,0.0,1.0,True,0.01,0.95,10.0,39600.0,0.938,0.139
14076,1 - 1 - 2022,19800.0,10.04987562112089,10.0,13.335216533675034,0.00575,0.00398107,0.00630957,0.116,0.1,0.15,0.525,0.5,0.6,48.7,2.32,0.0,1.0,True,0.01,0.95,10.0,39600.0,0.938,0.139
14077,1 - 1 - 2022,19800.0,10.535653752852738,10.0,13.335216533675034,0.00613,0.00398107,0.00630957,0.136,0.1,0.15,0.626,0.6,0.7,24.4,1.64,0.0,1.0,True,0.01,0.95,10.0,39600.0,0.938,0.139
14078,1 - 1 - 2022,19800.0,10.535653752852738,10.0,13.335216533675034,0.00602,0.00398107,0.00630957,0.112,0.1,0.15,0.72,0.7,0.8,73.1,2.84,0.0,1.0,True,0.01,0.95,10.0,39600.0,0.938,0.139
14079,1 - 1 - 2022,19800.0,10.246950765959598,10.0,13.335216533675034,0.0059,0.00398107,0.00630957,0.116,0.1,0.15,0.852,0.8,0.9,97.4,3.28,24.4,1.0,True,0.01,0.95,10.0,39600.0,0.938,0.139
14080,1 - 1 - 2022,19800.0,10.535653752852738,10.0,13.335216533675034,0.0062,0.00398107,0.00630957,0.136,0.1,0.15,0.913,0.9,1.0,24.4,1.64,0.0,1.0,True,0.01,0.95,10.0,39600.0,0.938,0.139
14081,1 - 1 - 2022,19800.0,10.14889156509222,10.0,13.335216533675034,0.0056,0.00398107,0.00630957,0.134,0.1,0.15,1.24,1.0,1.5,19.5,0.656,0.0,1.0,True,0.01,0.95,10.0,39600.0,0.938,0.139
14082,1 - 1 - 2022,19800.0,10.198039027185569,10.0,13.335216533675034,0.00573,0.00398107,0.00630957,0.12,0.1,0.15,1.69,1.5,2.0,14.6,0.568,0.0,1.0,True,0.01,0.95,10.0,39600.0,0.938,0.139
14083,1 - 1 - 2022,19800.0,10.246950765959598,10.0,13.335216533675034,0.00593,0.00398107,0.00630957,0.178,0.15,0.2,0.123,0.1,0.2,97.5,3.28,0.0,1.0,True,0.01,0.95,10.0,39600.0,0.938,0.139
14084,1 - 1 - 2022,19800.0,10.0,10.0,13.335216533675034,0.0054,0.00398107,0.00630957,0.194,0.15,0.2,0.292,0.2,0.3,24.4,1.64,24.4,1.0,True,0.01,0.95,10.0,39600.0,0.938,0.139
14085,1 - 1 - 2022,19800.0,10.392304845413264,10.0,13.335216533675034,0.00594,0.00398107,0.00630957,0.17,0.15,0.2,0.363,0.3,0.4,73.1,2.84,0.0,1.0,True,0.01,0.95,10.0,39600.0,0.938,0.139
14086,1 - 1 - 2022,19800.0,10.344080432788601,10.0,13.335216533675034,0.006,0.00398107,0.00630957,0.174,0.15,0.2,0.474,0.4,0.5,122.0,3.67,0.0,1.0,True,0.01,0.95,10.0,39600.0,0.938,0.139
14087,1 - 1 - 2022,19800.0,10.198039027185569,10.0,13.335216533675034,0.00579,0.00398107,0.00630957,0.168,0.15,0.2,0.549,0.5,0.6,24.4,1.64,0.0,1.0,True,0.01,0.95,10.0,39600.0,0.938,0.139
14088,1 - 1 - 2022,19800.0,10.295630140987,10.0,13.335216533675034,0.00602,0.00398107,0.00630957,0.159,0.15,0.2,0.64,0.6,0.7,97.5,3.28,0.0,1.0,True,0.01,0.95,10.0,39600.0,0.938,0.139
14089,1 - 1 - 2022,19800.0,10.44030650891055,10.0,13.335216533675034,0.00597,0.00398107,0.00630957,0.169,0.15,0.2,0.727,0.7,0.8,48.7,2.32,0.0,1.0,True,0.01,0.95,10.0,39600.0,0.938,0.139
14090,1 - 1 - 2022,19800.0,10.295630140987,10.0,13.335216533675034,0.00568,0.00398107,0.00630957,0.178,0.15,0.2,0.815,0.8,0.9,24.4,1.64,0.0,1.0,True,0.01,0.95,10.0,39600.0,0.938,0.139
14091,1 - 1 - 2022,19800.0,10.488088481701515,10.0,13.335216533675034,0.00597,0.00398107,0.00630957,0.188,0.15,0.2,0.998,0.9,1.0,24.4,1.64,0.0,1.0,True,0.01,0.95,10.0,39600.0,0.938,0.139
14092,1 - 1 - 2022,19800.0,10.246950765959598,10.0,13.335216533675034,0.00594,0.00398107,0.00630957,0.159,0.15,0.2,1.08,1.0,1.5,14.6,0.568,0.0,1.0,True,0.01,0.95,10.0,39600.0,0.938,0.139
14093,1 - 1 - 2022,19800.0,10.198039027185569,10.0,13.335216533675034,0.00579,0.00398107,0.00630957,0.186,0.15,0.2,1.72,1.5,2.0,14.6,0.568,0.0,1.0,True,0.01,0.95,10.0,39600.0,0.938,0.139
14094,1 - 1 - 2022,19800.0,10.954451150103322,10.0,13.335216533675034,0.00618,0.00398107,0.00630957,0.176,0.15,0.2,2.65,2.0,4.0,3.65,0.142,0.0,1.0,True,0.01,0.95,10.0,39600.0,0.938,0.139
14095,1 - 1 - 2022,19800.0,10.099504938362077,10.0,13.335216533675034,0.00621,0.00398107,0.00630957,0.21,0.2,0.25,0.189,0.1,0.2,24.4,1.64,0.0,1.0,True,0.01,0.95,10.0,39600.0,0.938,0.139
14096,1 - 1 - 2022,19800.0,10.295630140987,10.0,13.335216533675034,0.00584,0.00398107,0.00630957,0.215,0.2,0.25,0.271,0.2,0.3,73.1,2.84,0.0,1.0,True,0.01,0.95,10.0,39600.0,0.938,0.139
14097,1 - 1 - 2022,19800.0,10.344080432788601,10.0,13.335216533675034,0.00602,0.00398107,0.00630957,0.204,0.2,0.25,0.341,0.3,0.4,48.7,2.32,24.4,1.0,True,0.01,0.95,10.0,39600.0,0.938,0.139
14098,1 - 1 - 2022,19800.0,10.246950765959598,10.0,13.335216533675034,0.00588,0.00398107,0.00630957,0.209,0.2,0.25,0.494,0.4,0.5,24.4,1.64,0.0,1.0,True,0.01,0.95,10.0,39600.0,0.938,0.139
14099,1 - 1 - 2022,19800.0,10.583005244258363,10.0,13.335216533675034,0.00628,0.00398107,0.00630957,0.222,0.2,0.25,0.534,0.5,0.6,24.4,1.64,0.0,1.0,True,0.01,0.95,10.0,39600.0,0.938,0.139
14100,1 - 1 - 2022,19800.0,10.295630140987,10.0,13.335216533675034,0.00628,0.00398107,0.00630957,0.235,0.2,0.25,0.655,0.6,0.7,24.4,1.64,0.0,1.0,True,0.01,0.95,10.0,39600.0,0.938,0.139
14101,1 - 1 - 2022,19800.0,10.344080432788601,10.0,13.335216533675034,0.00592,0.00398107,0.00630957,0.219,0.2,0.25,0.936,0.9,1.0,73.1,2.84,0.0,1.0,True,0.01,0.95,10.0,39600.0,0.938,0.139
14102,1 - 1 - 2022,19800.0,10.099504938362077,10.0,13.335216533675034,0.00583,0.00398107,0.00630957,0.224,0.2,0.25,1.06,1.0,1.5,14.6,0.568,0.0,1.0,True,0.01,0.95,10.0,39600.0,0.938,0.139
14103,1 - 1 - 2022,19800.0,10.246950765959598,10.0,13.335216533675034,0.00576,0.00398107,0.00630957,0.217,0.2,0.25,1.55,1.5,2.0,4.87,0.328,0.0,1.0,True,0.01,0.95,10.0,39600.0,0.938,0.139
14104,1 - 1 - 2022,19800.0,10.198039027185569,10.0,13.335216533675034,0.00573,0.00398107,0.00630957,0.287,0.25,0.3,0.262,0.2,0.3,24.4,1.64,0.0,1.0,True,0.01,0.95,10.0,39600.0,0.938,0.139
14105,1 - 1 - 2022,19800.0,10.04987562112089,10.0,13.335216533675034,0.00565,0.00398107,0.00630957,0.27,0.25,0.3,0.323,0.3,0.4,48.7,2.32,0.0,1.0,True,0.01,0.95,10.0,39600.0,0.938,0.139
14106,1 - 1 - 2022,19800.0,10.198039027185569,10.0,13.335216533675034,0.00597,0.00398107,0.00630957,0.251,0.25,0.3,0.54,0.5,0.6,24.4,1.64,0.0,1.0,True,0.01,0.95,10.0,39600.0,0.938,0.139
14107,1 - 1 - 2022,19800.0,10.246950765959598,10.0,13.335216533675034,0.00578,0.00398107,0.00630957,0.273,0.25,0.3,0.626,0.6,0.7,48.7,2.32,0.0,1.0,True,0.01,0.95,10.0,39600.0,0.938,0.139
14108,1 - 1 - 2022,19800.0,10.04987562112089,10.0,13.335216533675034,0.0063,0.00398107,0.00630957,0.261,0.25,0.3,0.79,0.7,0.8,24.4,1.64,0.0,1.0,True,0.01,0.95,10.0,39600.0,0.938,0.139
14109,1 - 1 - 2022,19800.0,10.295630140987,10.0,13.335216533675034,0.00594,0.00398107,0.00630957,0.286,0.25,0.3,1.18,1.0,1.5,24.4,0.733,4.87,1.0,True,0.01,0.95,10.0,39600.0,0.938,0.139
14110,1 - 1 - 2022,19800.0,10.099504938362077,10.0,13.335216533675034,0.0056,0.00398107,0.00630957,0.257,0.25,0.3,2.0,2.0,4.0,4.87,0.328,0.0,1.0,True,0.01,0.95,10.0,39600.0,0.938,0.139
14111,1 - 1 - 2022,19800.0,10.198039027185569,10.0,13.335216533675034,0.00606,0.00398107,0.00630957,0.339,0.3,0.4,0.425,0.4,0.5,24.4,1.16,12.2,1.0,True,0.01,0.95,10.0,39600.0,0.938,0.139
14112,1 - 1 - 2022,19800.0,11.090536506409418,10.0,13.335216533675034,0.00821,0.00630957,0.01,0.0168,0.0,0.05,0.154,0.1,0.2,4300.0,17.3,3630.0,1.0,True,0.01,0.95,10.0,39600.0,0.938,0.139
14113,1 - 1 - 2022,19800.0,11.090536506409418,10.0,13.335216533675034,0.00817,0.00630957,0.01,0.0135,0.0,0.05,0.255,0.2,0.3,5920.0,20.3,4260.0,1.0,True,0.01,0.95,10.0,39600.0,0.938,0.139
14114,1 - 1 - 2022,19800.0,11.090536506409418,10.0,13.335216533675034,0.0082,0.00630957,0.01,0.0141,0.0,0.05,0.349,0.3,0.4,6520.0,21.3,3830.0,1.0,True,0.01,0.95,10.0,39600.0,0.938,0.139
14115,1 - 1 - 2022,19800.0,11.135528725660043,10.0,13.335216533675034,0.00819,0.00630957,0.01,0.0137,0.0,0.05,0.448,0.4,0.5,5560.0,19.7,2380.0,1.0,True,0.01,0.95,10.0,39600.0,0.938,0.139
14116,1 - 1 - 2022,19800.0,11.090536506409418,10.0,13.335216533675034,0.00823,0.00630957,0.01,0.0143,0.0,0.05,0.549,0.5,0.6,4610.0,17.9,1780.0,1.0,True,0.01,0.95,10.0,39600.0,0.938,0.139
14117,1 - 1 - 2022,19800.0,11.180339887498949,10.0,13.335216533675034,0.0082,0.00630957,0.01,0.0167,0.0,0.05,0.645,0.6,0.7,3340.0,15.2,1060.0,1.0,True,0.01,0.95,10.0,39600.0,0.938,0.139
14118,1 - 1 - 2022,19800.0,11.0,10.0,13.335216533675034,0.00823,0.00630957,0.01,0.0187,0.0,0.05,0.753,0.7,0.8,2280.0,12.6,600.0,1.0,True,0.01,0.95,10.0,39600.0,0.938,0.139
14119,1 - 1 - 2022,19800.0,11.0,10.0,13.335216533675034,0.00812,0.00630957,0.01,0.018,0.0,0.05,0.851,0.8,0.9,1550.0,10.4,307.0,1.0,True,0.01,0.95,10.0,39600.0,0.938,0.139
14120,1 - 1 - 2022,19800.0,10.816653826391969,10.0,13.335216533675034,0.00816,0.00630957,0.01,0.0194,0.0,0.05,0.946,0.9,1.0,1090.0,8.72,154.0,1.0,True,0.01,0.95,10.0,39600.0,0.938,0.139
14121,1 - 1 - 2022,19800.0,11.135528725660043,10.0,13.335216533675034,0.00832,0.00630957,0.01,0.0257,0.0,0.05,1.18,1.0,1.5,338.0,2.17,15.4,1.0,True,0.01,0.95,10.0,39600.0,0.938,0.139
14122,1 - 1 - 2022,19800.0,11.489125293076057,10.0,13.335216533675034,0.0086,0.00630957,0.01,0.0328,0.0,0.05,1.7,1.5,2.0,76.9,1.03,0.0,1.0,True,0.01,0.95,10.0,39600.0,0.938,0.139
14123,1 - 1 - 2022,19800.0,11.313708498984761,10.0,13.335216533675034,0.00817,0.00630957,0.01,0.037,0.0,0.05,2.49,2.0,4.0,13.8,0.219,1.54,1.0,True,0.01,0.95,10.0,39600.0,0.938,0.139
14124,1 - 1 - 2022,19800.0,11.045361017187261,10.0,13.335216533675034,0.00845,0.00630957,0.01,0.0713,0.05,0.1,0.152,0.1,0.2,1030.0,8.47,815.0,1.0,True,0.01,0.95,10.0,39600.0,0.938,0.139
14125,1 - 1 - 2022,19800.0,11.180339887498949,10.0,13.335216533675034,0.0084,0.00630957,0.01,0.0723,0.05,0.1,0.254,0.2,0.3,1610.0,10.6,1410.0,1.0,True,0.01,0.95,10.0,39600.0,0.938,0.139
14126,1 - 1 - 2022,19800.0,11.090536506409418,10.0,13.335216533675034,0.00828,0.00630957,0.01,0.0734,0.05,0.1,0.351,0.3,0.4,1680.0,10.8,1410.0,1.0,True,0.01,0.95,10.0,39600.0,0.938,0.139
14127,1 - 1 - 2022,19800.0,11.135528725660043,10.0,13.335216533675034,0.0084,0.00630957,0.01,0.0713,0.05,0.1,0.448,0.4,0.5,1740.0,11.0,1140.0,1.0,True,0.01,0.95,10.0,39600.0,0.938,0.139
14128,1 - 1 - 2022,19800.0,10.954451150103322,10.0,13.335216533675034,0.00826,0.00630957,0.01,0.0718,0.05,0.1,0.553,0.5,0.6,1120.0,8.84,599.0,1.0,True,0.01,0.95,10.0,39600.0,0.938,0.139
14129,1 - 1 - 2022,19800.0,11.090536506409418,10.0,13.335216533675034,0.00828,0.00630957,0.01,0.0712,0.05,0.1,0.645,0.6,0.7,968.0,8.21,400.0,1.0,True,0.01,0.95,10.0,39600.0,0.938,0.139
14130,1 - 1 - 2022,19800.0,11.045361017187261,10.0,13.335216533675034,0.00826,0.00630957,0.01,0.0736,0.05,0.1,0.756,0.7,0.8,722.0,7.09,307.0,1.0,True,0.01,0.95,10.0,39600.0,0.938,0.139
14131,1 - 1 - 2022,19800.0,10.908712114635714,10.0,13.335216533675034,0.00831,0.00630957,0.01,0.0739,0.05,0.1,0.855,0.8,0.9,615.0,6.54,200.0,1.0,True,0.01,0.95,10.0,39600.0,0.938,0.139
14132,1 - 1 - 2022,19800.0,10.954451150103322,10.0,13.335216533675034,0.00812,0.00630957,0.01,0.0733,0.05,0.1,0.957,0.9,1.0,384.0,5.17,61.5,1.0,True,0.01,0.95,10.0,39600.0,0.938,0.139
14133,1 - 1 - 2022,19800.0,11.045361017187261,10.0,13.335216533675034,0.008,0.00630957,0.01,0.0735,0.05,0.1,1.2,1.0,1.5,221.0,1.76,21.5,1.0,True,0.01,0.95,10.0,39600.0,0.938,0.139
14134,1 - 1 - 2022,19800.0,11.40175425099138,10.0,13.335216533675034,0.00854,0.00630957,0.01,0.0725,0.05,0.1,1.66,1.5,2.0,86.1,1.09,0.0,1.0,True,0.01,0.95,10.0,39600.0,0.938,0.139
14135,1 - 1 - 2022,19800.0,11.0,10.0,13.335216533675034,0.00829,0.00630957,0.01,0.074,0.05,0.1,2.46,2.0,4.0,16.9,0.243,0.0,1.0,True,0.01,0.95,10.0,39600.0,0.938,0.139
14136,1 - 1 - 2022,19800.0,10.583005244258363,10.0,13.335216533675034,0.00825,0.00630957,0.01,0.12,0.1,0.15,0.0436,0.0,0.05,123.0,4.14,61.5,1.0,True,0.01,0.95,10.0,39600.0,0.938,0.139
14137,1 - 1 - 2022,19800.0,10.954451150103322,10.0,13.335216533675034,0.00811,0.00630957,0.01,0.13,0.1,0.15,0.0769,0.05,0.1,307.0,6.54,123.0,1.0,True,0.01,0.95,10.0,39600.0,0.938,0.139
14138,1 - 1 - 2022,19800.0,10.862780491200215,10.0,13.335216533675034,0.00828,0.00630957,0.01,0.122,0.1,0.15,0.156,0.1,0.2,523.0,6.03,215.0,1.0,True,0.01,0.95,10.0,39600.0,0.938,0.139
14139,1 - 1 - 2022,19800.0,11.045361017187261,10.0,13.335216533675034,0.0083,0.00630957,0.01,0.123,0.1,0.15,0.252,0.2,0.3,907.0,7.95,246.0,1.0,True,0.01,0.95,10.0,39600.0,0.938,0.139
14140,1 - 1 - 2022,19800.0,11.135528725660043,10.0,13.335216533675034,0.00816,0.00630957,0.01,0.123,0.1,0.15,0.347,0.3,0.4,661.0,6.78,215.0,1.0,True,0.01,0.95,10.0,39600.0,0.938,0.139
14141,1 - 1 - 2022,19800.0,11.090536506409418,10.0,13.335216533675034,0.00819,0.00630957,0.01,0.125,0.1,0.15,0.449,0.4,0.5,753.0,7.24,215.0,1.0,True,0.01,0.95,10.0,39600.0,0.938,0.139
14142,1 - 1 - 2022,19800.0,11.045361017187261,10.0,13.335216533675034,0.00817,0.00630957,0.01,0.124,0.1,0.15,0.545,0.5,0.6,646.0,6.7,154.0,1.0,True,0.01,0.95,10.0,39600.0,0.938,0.139
14143,1 - 1 - 2022,19800.0,10.816653826391969,10.0,13.335216533675034,0.00829,0.00630957,0.01,0.125,0.1,0.15,0.653,0.6,0.7,553.0,6.21,138.0,1.0,True,0.01,0.95,10.0,39600.0,0.938,0.139
14144,1 - 1 - 2022,19800.0,10.862780491200215,10.0,13.335216533675034,0.00803,0.00630957,0.01,0.123,0.1,0.15,0.751,0.7,0.8,400.0,5.28,30.7,1.0,True,0.01,0.95,10.0,39600.0,0.938,0.139
14145,1 - 1 - 2022,19800.0,11.045361017187261,10.0,13.335216533675034,0.00796,0.00630957,0.01,0.12,0.1,0.15,0.849,0.8,0.9,369.0,5.07,46.1,1.0,True,0.01,0.95,10.0,39600.0,0.938,0.139
14146,1 - 1 - 2022,19800.0,11.045361017187261,10.0,13.335216533675034,0.00816,0.00630957,0.01,0.119,0.1,0.15,0.954,0.9,1.0,277.0,4.39,76.9,1.0,True,0.01,0.95,10.0,39600.0,0.938,0.139
14147,1 - 1 - 2022,19800.0,11.224972160321824,10.0,13.335216533675034,0.00822,0.00630957,0.01,0.122,0.1,0.15,1.21,1.0,1.5,132.0,1.36,9.22,1.0,True,0.01,0.95,10.0,39600.0,0.938,0.139
14148,1 - 1 - 2022,19800.0,10.816653826391969,10.0,13.335216533675034,0.00797,0.00630957,0.01,0.12,0.1,0.15,1.75,1.5,2.0,52.3,0.853,0.0,1.0,True,0.01,0.95,10.0,39600.0,0.938,0.139
14149,1 - 1 - 2022,19800.0,10.723805294763608,10.0,13.335216533675034,0.00796,0.00630957,0.01,0.123,0.1,0.15,2.89,2.0,4.0,13.8,0.219,3.07,1.0,True,0.01,0.95,10.0,39600.0,0.938,0.139
14150,1 - 1 - 2022,19800.0,11.789826122551595,10.0,13.335216533675034,0.00942,0.00630957,0.01,0.164,0.15,0.2,0.0433,0.0,0.05,30.7,2.07,0.0,1.0,True,0.01,0.95,10.0,39600.0,0.938,0.139
14151,1 - 1 - 2022,19800.0,10.63014581273465,10.0,13.335216533675034,0.00758,0.00630957,0.01,0.177,0.15,0.2,0.0765,0.05,0.1,246.0,5.85,0.0,1.0,True,0.01,0.95,10.0,39600.0,0.938,0.139
14152,1 - 1 - 2022,19800.0,11.0,10.0,13.335216533675034,0.00778,0.00630957,0.01,0.177,0.15,0.2,0.136,0.1,0.2,307.0,4.63,0.0,1.0,True,0.01,0.95,10.0,39600.0,0.938,0.139
14153,1 - 1 - 2022,19800.0,10.816653826391969,10.0,13.335216533675034,0.00828,0.00630957,0.01,0.176,0.15,0.2,0.253,0.2,0.3,584.0,6.38,0.0,1.0,True,0.01,0.95,10.0,39600.0,0.938,0.139
14154,1 - 1 - 2022,19800.0,10.816653826391969,10.0,13.335216533675034,0.00842,0.00630957,0.01,0.178,0.15,0.2,0.346,0.3,0.4,738.0,7.17,0.0,1.0,True,0.01,0.95,10.0,39600.0,0.938,0.139
14155,1 - 1 - 2022,19800.0,10.770329614269007,10.0,13.335216533675034,0.0076,0.00630957,0.01,0.168,0.15,0.2,0.458,0.4,0.5,461.0,5.67,0.0,1.0,True,0.01,0.95,10.0,39600.0,0.938,0.139
14156,1 - 1 - 2022,19800.0,10.954451150103322,10.0,13.335216533675034,0.00846,0.00630957,0.01,0.17,0.15,0.2,0.553,0.5,0.6,400.0,5.28,15.4,1.0,True,0.01,0.95,10.0,39600.0,0.938,0.139
14157,1 - 1 - 2022,19800.0,11.0,10.0,13.335216533675034,0.00802,0.00630957,0.01,0.173,0.15,0.2,0.644,0.6,0.7,369.0,5.07,46.1,1.0,True,0.01,0.95,10.0,39600.0,0.938,0.139
14158,1 - 1 - 2022,19800.0,10.862780491200215,10.0,13.335216533675034,0.00785,0.00630957,0.01,0.172,0.15,0.2,0.757,0.7,0.8,338.0,4.85,0.0,1.0,True,0.01,0.95,10.0,39600.0,0.938,0.139
14159,1 - 1 - 2022,19800.0,11.090536506409418,10.0,13.335216533675034,0.0082,0.00630957,0.01,0.174,0.15,0.2,0.829,0.8,0.9,231.0,4.01,0.0,1.0,True,0.01,0.95,10.0,39600.0,0.938,0.139
14160,1 - 1 - 2022,19800.0,11.135528725660043,10.0,13.335216533675034,0.00849,0.00630957,0.01,0.178,0.15,0.2,0.969,0.9,1.0,108.0,2.74,0.0,1.0,True,0.01,0.95,10.0,39600.0,0.938,0.139
14161,1 - 1 - 2022,19800.0,11.445523142259598,10.0,13.335216533675034,0.00835,0.00630957,0.01,0.171,0.15,0.2,1.18,1.0,1.5,98.4,1.17,0.0,1.0,True,0.01,0.95,10.0,39600.0,0.938,0.139
14162,1 - 1 - 2022,19800.0,11.269427669584644,10.0,13.335216533675034,0.00825,0.00630957,0.01,0.166,0.15,0.2,1.72,1.5,2.0,40.0,0.746,0.0,1.0,True,0.01,0.95,10.0,39600.0,0.938,0.139
14163,1 - 1 - 2022,19800.0,11.445523142259598,10.0,13.335216533675034,0.00815,0.00630957,0.01,0.17,0.15,0.2,2.65,2.0,4.0,13.1,0.213,1.54,1.0,True,0.01,0.95,10.0,39600.0,0.938,0.139
14164,1 - 1 - 2022,19800.0,10.535653752852738,10.0,13.335216533675034,0.00746,0.00630957,0.01,0.218,0.2,0.25,0.0318,0.0,0.05,92.2,3.58,0.0,1.0,True,0.01,0.95,10.0,39600.0,0.938,0.139
14165,1 - 1 - 2022,19800.0,10.954451150103322,10.0,13.335216533675034,0.00788,0.00630957,0.01,0.224,0.2,0.25,0.0801,0.05,0.1,154.0,4.63,0.0,1.0,True,0.01,0.95,10.0,39600.0,0.938,0.139
14166,1 - 1 - 2022,19800.0,10.677078252031311,10.0,13.335216533675034,0.00783,0.00630957,0.01,0.228,0.2,0.25,0.157,0.1,0.2,200.0,3.73,0.0,1.0,True,0.01,0.95,10.0,39600.0,0.938,0.139
14167,1 - 1 - 2022,19800.0,11.357816691600547,10.0,13.335216533675034,0.00814,0.00630957,0.01,0.221,0.2,0.25,0.256,0.2,0.3,277.0,4.39,0.0,1.0,True,0.01,0.95,10.0,39600.0,0.938,0.139
14168,1 - 1 - 2022,19800.0,10.816653826391969,10.0,13.335216533675034,0.00846,0.00630957,0.01,0.219,0.2,0.25,0.352,0.3,0.4,323.0,4.74,0.0,1.0,True,0.01,0.95,10.0,39600.0,0.938,0.139
14169,1 - 1 - 2022,19800.0,11.224972160321824,10.0,13.335216533675034,0.00806,0.00630957,0.01,0.22,0.2,0.25,0.453,0.4,0.5,415.0,5.38,0.0,1.0,True,0.01,0.95,10.0,39600.0,0.938,0.139
14170,1 - 1 - 2022,19800.0,11.090536506409418,10.0,13.335216533675034,0.00837,0.00630957,0.01,0.22,0.2,0.25,0.544,0.5,0.6,123.0,2.93,0.0,1.0,True,0.01,0.95,10.0,39600.0,0.938,0.139
14171,1 - 1 - 2022,19800.0,11.180339887498949,10.0,13.335216533675034,0.00843,0.00630957,0.01,0.224,0.2,0.25,0.651,0.6,0.7,323.0,4.74,0.0,1.0,True,0.01,0.95,10.0,39600.0,0.938,0.139
14172,1 - 1 - 2022,19800.0,10.677078252031311,10.0,13.335216533675034,0.00822,0.00630957,0.01,0.219,0.2,0.25,0.736,0.7,0.8,184.0,3.58,0.0,1.0,True,0.01,0.95,10.0,39600.0,0.938,0.139
14173,1 - 1 - 2022,19800.0,11.090536506409418,10.0,13.335216533675034,0.00817,0.00630957,0.01,0.224,0.2,0.25,0.832,0.8,0.9,123.0,2.93,0.0,1.0,True,0.01,0.95,10.0,39600.0,0.938,0.139
14174,1 - 1 - 2022,19800.0,10.908712114635714,10.0,13.335216533675034,0.00798,0.00630957,0.01,0.224,0.2,0.25,0.951,0.9,1.0,215.0,3.87,0.0,1.0,True,0.01,0.95,10.0,39600.0,0.938,0.139
14175,1 - 1 - 2022,19800.0,11.269427669584644,10.0,13.335216533675034,0.00812,0.00630957,0.01,0.222,0.2,0.25,1.16,1.0,1.5,70.7,0.992,0.0,1.0,True,0.01,0.95,10.0,39600.0,0.938,0.139
14176,1 - 1 - 2022,19800.0,11.0,10.0,13.335216533675034,0.00861,0.00630957,0.01,0.219,0.2,0.25,1.65,1.5,2.0,36.9,0.717,0.0,1.0,True,0.01,0.95,10.0,39600.0,0.938,0.139
14177,1 - 1 - 2022,19800.0,11.224972160321824,10.0,13.335216533675034,0.00835,0.00630957,0.01,0.221,0.2,0.25,2.77,2.0,4.0,8.45,0.172,3.07,1.0,True,0.01,0.95,10.0,39600.0,0.938,0.139
14178,1 - 1 - 2022,19800.0,12.449899597988733,10.0,13.335216533675034,0.00919,0.00630957,0.01,0.293,0.25,0.3,0.0634,0.05,0.1,61.5,2.93,0.0,1.0,True,0.01,0.95,10.0,39600.0,0.938,0.139
14179,1 - 1 - 2022,19800.0,10.816653826391969,10.0,13.335216533675034,0.0083,0.00630957,0.01,0.287,0.25,0.3,0.159,0.1,0.2,76.8,2.31,0.0,1.0,True,0.01,0.95,10.0,39600.0,0.938,0.139
14180,1 - 1 - 2022,19800.0,10.488088481701515,10.0,13.335216533675034,0.0082,0.00630957,0.01,0.274,0.25,0.3,0.247,0.2,0.3,154.0,3.27,0.0,1.0,True,0.01,0.95,10.0,39600.0,0.938,0.139
14181,1 - 1 - 2022,19800.0,11.269427669584644,10.0,13.335216533675034,0.00833,0.00630957,0.01,0.278,0.25,0.3,0.344,0.3,0.4,215.0,3.87,0.0,1.0,True,0.01,0.95,10.0,39600.0,0.938,0.139
14182,1 - 1 - 2022,19800.0,10.954451150103322,10.0,13.335216533675034,0.00823,0.00630957,0.01,0.271,0.25,0.3,0.456,0.4,0.5,184.0,3.58,0.00616,1.0,True,0.01,0.95,10.0,39600.0,0.938,0.139
14183,1 - 1 - 2022,19800.0,11.090536506409418,10.0,13.335216533675034,0.00827,0.00630957,0.01,0.271,0.25,0.3,0.547,0.5,0.6,277.0,4.39,0.0,1.0,True,0.01,0.95,10.0,39600.0,0.938,0.139
14184,1 - 1 - 2022,19800.0,10.770329614269007,10.0,13.335216533675034,0.00778,0.00630957,0.01,0.271,0.25,0.3,0.653,0.6,0.7,231.0,4.01,0.0,1.0,True,0.01,0.95,10.0,39600.0,0.938,0.139
14185,1 - 1 - 2022,19800.0,11.180339887498949,10.0,13.335216533675034,0.00858,0.00630957,0.01,0.275,0.25,0.3,0.747,0.7,0.8,154.0,3.27,0.0,1.0,True,0.01,0.95,10.0,39600.0,0.938,0.139
14186,1 - 1 - 2022,19800.0,10.816653826391969,10.0,13.335216533675034,0.00768,0.00630957,0.01,0.274,0.25,0.3,0.842,0.8,0.9,200.0,3.73,0.0,1.0,True,0.01,0.95,10.0,39600.0,0.938,0.139
14187,1 - 1 - 2022,19800.0,10.954451150103322,10.0,13.335216533675034,0.00844,0.00630957,0.01,0.276,0.25,0.3,0.955,0.9,1.0,108.0,2.74,0.0,1.0,True,0.01,0.95,10.0,39600.0,0.938,0.139
14188,1 - 1 - 2022,19800.0,11.357816691600547,10.0,13.335216533675034,0.00864,0.00630957,0.01,0.274,0.25,0.3,1.19,1.0,1.5,76.9,1.03,0.0,1.0,True,0.01,0.95,10.0,39600.0,0.938,0.139
14189,1 - 1 - 2022,19800.0,10.770329614269007,10.0,13.335216533675034,0.00788,0.00630957,0.01,0.275,0.25,0.3,1.72,1.5,2.0,21.5,0.548,0.0,1.0,True,0.01,0.95,10.0,39600.0,0.938,0.139
14190,1 - 1 - 2022,19800.0,11.045361017187261,10.0,13.335216533675034,0.00784,0.00630957,0.01,0.274,0.25,0.3,2.75,2.0,4.0,6.92,0.155,0.769,1.0,True,0.01,0.95,10.0,39600.0,0.938,0.139
14191,1 - 1 - 2022,19800.0,11.0,10.0,13.335216533675034,0.00954,0.00630957,0.01,0.329,0.3,0.4,0.0228,0.0,0.05,15.4,1.03,0.0,1.0,True,0.01,0.95,10.0,39600.0,0.938,0.139
14192,1 - 1 - 2022,19800.0,10.63014581273465,10.0,13.335216533675034,0.00826,0.00630957,0.01,0.334,0.3,0.4,0.0899,0.05,0.1,46.1,1.79,0.0,1.0,True,0.01,0.95,10.0,39600.0,0.938,0.139
14193,1 - 1 - 2022,19800.0,10.770329614269007,10.0,13.335216533675034,0.00892,0.00630957,0.01,0.323,0.3,0.4,0.127,0.1,0.2,38.4,1.16,15.4,1.0,True,0.01,0.95,10.0,39600.0,0.938,0.139
14194,1 - 1 - 2022,19800.0,11.0,10.0,13.335216533675034,0.00792,0.00630957,0.01,0.348,0.3,0.4,0.247,0.2,0.3,69.2,1.55,46.1,1.0,True,0.01,0.95,10.0,39600.0,0.938,0.139
14195,1 - 1 - 2022,19800.0,11.180339887498949,10.0,13.335216533675034,0.00837,0.00630957,0.01,0.335,0.3,0.4,0.347,0.3,0.4,177.0,2.48,61.5,1.0,True,0.01,0.95,10.0,39600.0,0.938,0.139
14196,1 - 1 - 2022,19800.0,10.535653752852738,10.0,13.335216533675034,0.00859,0.00630957,0.01,0.352,0.3,0.4,0.46,0.4,0.5,53.8,1.37,15.4,1.0,True,0.01,0.95,10.0,39600.0,0.938,0.139
14197,1 - 1 - 2022,19800.0,10.954451150103322,10.0,13.335216533675034,0.0082,0.00630957,0.01,0.355,0.3,0.4,0.543,0.5,0.6,92.2,1.79,46.1,1.0,True,0.01,0.95,10.0,39600.0,0.938,0.139
14198,1 - 1 - 2022,19800.0,11.40175425099138,10.0,13.335216533675034,0.00834,0.00630957,0.01,0.34,0.3,0.4,0.647,0.6,0.7,99.9,1.87,46.1,1.0,True,0.01,0.95,10.0,39600.0,0.938,0.139
14199,1 - 1 - 2022,19800.0,11.045361017187261,10.0,13.335216533675034,0.00836,0.00630957,0.01,0.348,0.3,0.4,0.759,0.7,0.8,123.0,2.07,46.1,1.0,True,0.01,0.95,10.0,39600.0,0.938,0.139
14200,1 - 1 - 2022,19800.0,11.045361017187261,10.0,13.335216533675034,0.00858,0.00630957,0.01,0.353,0.3,0.4,0.858,0.8,0.9,61.5,1.46,30.7,1.0,True,0.01,0.95,10.0,39600.0,0.938,0.139
14201,1 - 1 - 2022,19800.0,11.224972160321824,10.0,13.335216533675034,0.00865,0.00630957,0.01,0.333,0.3,0.4,0.962,0.9,1.0,53.8,1.37,23.1,1.0,True,0.01,0.95,10.0,39600.0,0.938,0.139
14202,1 - 1 - 2022,19800.0,10.816653826391969,10.0,13.335216533675034,0.00832,0.00630957,0.01,0.339,0.3,0.4,1.22,1.0,1.5,23.1,0.401,10.8,1.0,True,0.01,0.95,10.0,39600.0,0.938,0.139
14203,1 - 1 - 2022,19800.0,11.269427669584644,10.0,13.335216533675034,0.00815,0.00630957,0.01,0.333,0.3,0.4,1.74,1.5,2.0,24.6,0.414,16.9,1.0,True,0.01,0.95,10.0,39600.0,0.938,0.139
14204,1 - 1 - 2022,19800.0,11.180339887498949,10.0,13.335216533675034,0.00748,0.00630957,0.01,0.341,0.3,0.4,2.73,2.0,4.0,5.0,0.0933,3.84,1.0,True,0.01,0.95,10.0,39600.0,0.938,0.139
14205,1 - 1 - 2022,19800.0,11.532562594670797,10.0,13.335216533675034,0.00832,0.00630957,0.01,0.443,0.4,0.5,0.66,0.6,0.7,61.5,1.46,53.8,1.0,True,0.01,0.95,10.0,39600.0,0.938,0.139
14206,1 - 1 - 2022,19800.0,10.816653826391969,10.0,13.335216533675034,0.00816,0.00630957,0.01,0.43,0.4,0.5,0.745,0.7,0.8,69.2,1.55,53.8,1.0,True,0.01,0.95,10.0,39600.0,0.938,0.139
14207,1 - 1 - 2022,19800.0,10.816653826391969,10.0,13.335216533675034,0.00881,0.00630957,0.01,0.453,0.4,0.5,1.57,1.5,2.0,7.68,0.231,4.61,1.0,True,0.01,0.95,10.0,39600.0,0.938,0.139
14208,1 - 1 - 2022,19800.0,11.40175425099138,10.0,13.335216533675034,0.0125,0.01,0.0158489,0.0222,0.0,0.05,0.0361,0.0,0.05,466.0,6.4,446.0,1.0,True,0.01,0.95,10.0,39600.0,0.938,0.139
14209,1 - 1 - 2022,19800.0,11.532562594670797,10.0,13.335216533675034,0.0126,0.01,0.0158489,0.0139,0.0,0.05,0.074,0.05,0.1,1420.0,11.2,1400.0,1.0,True,0.01,0.95,10.0,39600.0,0.938,0.139
14210,1 - 1 - 2022,19800.0,11.40175425099138,10.0,13.335216533675034,0.0127,0.01,0.0158489,0.0174,0.0,0.05,0.154,0.1,0.2,3300.0,12.0,2830.0,1.0,True,0.01,0.95,10.0,39600.0,0.938,0.139
14211,1 - 1 - 2022,19800.0,11.532562594670797,10.0,13.335216533675034,0.0126,0.01,0.0158489,0.0144,0.0,0.05,0.252,0.2,0.3,4840.0,14.6,3040.0,1.0,True,0.01,0.95,10.0,39600.0,0.938,0.139
14212,1 - 1 - 2022,19800.0,11.40175425099138,10.0,13.335216533675034,0.0127,0.01,0.0158489,0.0154,0.0,0.05,0.346,0.3,0.4,4840.0,14.6,2790.0,1.0,True,0.01,0.95,10.0,39600.0,0.938,0.139
14213,1 - 1 - 2022,19800.0,11.489125293076057,10.0,13.335216533675034,0.0127,0.01,0.0158489,0.0154,0.0,0.05,0.449,0.4,0.5,4170.0,13.5,2020.0,1.0,True,0.01,0.95,10.0,39600.0,0.938,0.139
14214,1 - 1 - 2022,19800.0,11.575836902790225,10.0,13.335216533675034,0.0127,0.01,0.0158489,0.0168,0.0,0.05,0.548,0.5,0.6,3670.0,12.7,1570.0,1.0,True,0.01,0.95,10.0,39600.0,0.938,0.139
14215,1 - 1 - 2022,19800.0,11.40175425099138,10.0,13.335216533675034,0.0126,0.01,0.0158489,0.0181,0.0,0.05,0.647,0.6,0.7,2610.0,10.7,844.0,1.0,True,0.01,0.95,10.0,39600.0,0.938,0.139
14216,1 - 1 - 2022,19800.0,11.489125293076057,10.0,13.335216533675034,0.0126,0.01,0.0158489,0.0165,0.0,0.05,0.746,0.7,0.8,1770.0,8.81,359.0,1.0,True,0.01,0.95,10.0,39600.0,0.938,0.139
14217,1 - 1 - 2022,19800.0,11.445523142259598,10.0,13.335216533675034,0.0126,0.01,0.0158489,0.0175,0.0,0.05,0.842,0.8,0.9,1090.0,6.91,155.0,1.0,True,0.01,0.95,10.0,39600.0,0.938,0.139
14218,1 - 1 - 2022,19800.0,11.445523142259598,10.0,13.335216533675034,0.0129,0.01,0.0158489,0.021,0.0,0.05,0.951,0.9,1.0,747.0,5.73,97.0,1.0,True,0.01,0.95,10.0,39600.0,0.938,0.139
14219,1 - 1 - 2022,19800.0,11.532562594670797,10.0,13.335216533675034,0.0125,0.01,0.0158489,0.023,0.0,0.05,1.16,1.0,1.5,299.0,1.62,19.4,1.0,True,0.01,0.95,10.0,39600.0,0.938,0.139
14220,1 - 1 - 2022,19800.0,11.916375287812984,10.0,13.335216533675034,0.0128,0.01,0.0158489,0.0293,0.0,0.05,1.73,1.5,2.0,77.6,0.826,0.0,1.0,True,0.01,0.95,10.0,39600.0,0.938,0.139
14221,1 - 1 - 2022,19800.0,11.916375287812984,10.0,13.335216533675034,0.0121,0.01,0.0158489,0.0304,0.0,0.05,2.46,2.0,4.0,3.88,0.0923,0.0,1.0,True,0.01,0.95,10.0,39600.0,0.938,0.139
14222,1 - 1 - 2022,19800.0,11.224972160321824,10.0,13.335216533675034,0.013,0.01,0.0158489,0.0725,0.05,0.1,0.0373,0.0,0.05,175.0,3.92,97.0,1.0,True,0.01,0.95,10.0,39600.0,0.938,0.139
14223,1 - 1 - 2022,19800.0,11.40175425099138,10.0,13.335216533675034,0.0129,0.01,0.0158489,0.0691,0.05,0.1,0.0761,0.05,0.1,407.0,5.98,175.0,1.0,True,0.01,0.95,10.0,39600.0,0.938,0.139
14224,1 - 1 - 2022,19800.0,11.313708498984761,10.0,13.335216533675034,0.0127,0.01,0.0158489,0.0712,0.05,0.1,0.156,0.1,0.2,902.0,6.3,369.0,1.0,True,0.01,0.95,10.0,39600.0,0.938,0.139
14225,1 - 1 - 2022,19800.0,11.445523142259598,10.0,13.335216533675034,0.0127,0.01,0.0158489,0.0723,0.05,0.1,0.253,0.2,0.3,1440.0,7.94,650.0,1.0,True,0.01,0.95,10.0,39600.0,0.938,0.139
14226,1 - 1 - 2022,19800.0,11.40175425099138,10.0,13.335216533675034,0.0127,0.01,0.0158489,0.0731,0.05,0.1,0.35,0.3,0.4,1240.0,7.39,475.0,1.0,True,0.01,0.95,10.0,39600.0,0.938,0.139
14227,1 - 1 - 2022,19800.0,11.357816691600547,10.0,13.335216533675034,0.0127,0.01,0.0158489,0.0721,0.05,0.1,0.456,0.4,0.5,1150.0,7.12,436.0,1.0,True,0.01,0.95,10.0,39600.0,0.938,0.139
14228,1 - 1 - 2022,19800.0,11.357816691600547,10.0,13.335216533675034,0.0129,0.01,0.0158489,0.0721,0.05,0.1,0.549,0.5,0.6,1030.0,6.72,398.0,1.0,True,0.01,0.95,10.0,39600.0,0.938,0.139
14229,1 - 1 - 2022,19800.0,11.445523142259598,10.0,13.335216533675034,0.0127,0.01,0.0158489,0.0733,0.05,0.1,0.653,0.6,0.7,824.0,6.02,213.0,1.0,True,0.01,0.95,10.0,39600.0,0.938,0.139
14230,1 - 1 - 2022,19800.0,11.357816691600547,10.0,13.335216533675034,0.0128,0.01,0.0158489,0.0727,0.05,0.1,0.752,0.7,0.8,592.0,5.1,145.0,1.0,True,0.01,0.95,10.0,39600.0,0.938,0.139
14231,1 - 1 - 2022,19800.0,11.40175425099138,10.0,13.335216533675034,0.0129,0.01,0.0158489,0.0726,0.05,0.1,0.849,0.8,0.9,504.0,4.71,116.0,1.0,True,0.01,0.95,10.0,39600.0,0.938,0.139
14232,1 - 1 - 2022,19800.0,11.532562594670797,10.0,13.335216533675034,0.0126,0.01,0.0158489,0.074,0.05,0.1,0.944,0.9,1.0,349.0,3.92,87.3,1.0,True,0.01,0.95,10.0,39600.0,0.938,0.139
14233,1 - 1 - 2022,19800.0,11.532562594670797,10.0,13.335216533675034,0.0128,0.01,0.0158489,0.0753,0.05,0.1,1.18,1.0,1.5,184.0,1.27,25.2,1.0,True,0.01,0.95,10.0,39600.0,0.938,0.139
14234,1 - 1 - 2022,19800.0,11.357816691600547,10.0,13.335216533675034,0.0126,0.01,0.0158489,0.0745,0.05,0.1,1.7,1.5,2.0,83.4,0.856,0.0,1.0,True,0.01,0.95,10.0,39600.0,0.938,0.139
14235,1 - 1 - 2022,19800.0,11.704699910719626,10.0,13.335216533675034,0.0128,0.01,0.0158489,0.0792,0.05,0.1,2.66,2.0,4.0,13.6,0.173,1.94,1.0,True,0.01,0.95,10.0,39600.0,0.938,0.139
14236,1 - 1 - 2022,19800.0,11.40175425099138,10.0,13.335216533675034,0.0132,0.01,0.0158489,0.13,0.1,0.15,0.0314,0.0,0.05,116.0,3.2,0.0,1.0,True,0.01,0.95,10.0,39600.0,0.938,0.139
14237,1 - 1 - 2022,19800.0,11.224972160321824,10.0,13.335216533675034,0.0122,0.01,0.0158489,0.127,0.1,0.15,0.0748,0.05,0.1,194.0,4.13,58.2,1.0,True,0.01,0.95,10.0,39600.0,0.938,0.139
14238,1 - 1 - 2022,19800.0,11.357816691600547,10.0,13.335216533675034,0.013,0.01,0.0158489,0.125,0.1,0.15,0.153,0.1,0.2,407.0,4.23,107.0,1.0,True,0.01,0.95,10.0,39600.0,0.938,0.139
14239,1 - 1 - 2022,19800.0,11.40175425099138,10.0,13.335216533675034,0.0127,0.01,0.0158489,0.122,0.1,0.15,0.247,0.2,0.3,669.0,5.42,126.0,1.0,True,0.01,0.95,10.0,39600.0,0.938,0.139
14240,1 - 1 - 2022,19800.0,11.357816691600547,10.0,13.335216533675034,0.0128,0.01,0.0158489,0.121,0.1,0.15,0.349,0.3,0.4,679.0,5.46,155.0,1.0,True,0.01,0.95,10.0,39600.0,0.938,0.139
14241,1 - 1 - 2022,19800.0,11.269427669584644,10.0,13.335216533675034,0.0125,0.01,0.0158489,0.126,0.1,0.15,0.447,0.4,0.5,776.0,5.84,223.0,1.0,True,0.01,0.95,10.0,39600.0,0.938,0.139
14242,1 - 1 - 2022,19800.0,11.445523142259598,10.0,13.335216533675034,0.0128,0.01,0.0158489,0.122,0.1,0.15,0.545,0.5,0.6,563.0,4.97,97.0,1.0,True,0.01,0.95,10.0,39600.0,0.938,0.139
14243,1 - 1 - 2022,19800.0,11.575836902790225,10.0,13.335216533675034,0.0126,0.01,0.0158489,0.119,0.1,0.15,0.645,0.6,0.7,504.0,4.71,155.0,1.0,True,0.01,0.95,10.0,39600.0,0.938,0.139
14244,1 - 1 - 2022,19800.0,11.575836902790225,10.0,13.335216533675034,0.0127,0.01,0.0158489,0.116,0.1,0.15,0.739,0.7,0.8,427.0,4.33,97.0,1.0,True,0.01,0.95,10.0,39600.0,0.938,0.139
14245,1 - 1 - 2022,19800.0,11.40175425099138,10.0,13.335216533675034,0.0119,0.01,0.0158489,0.121,0.1,0.15,0.85,0.8,0.9,252.0,3.33,58.2,1.0,True,0.01,0.95,10.0,39600.0,0.938,0.139
14246,1 - 1 - 2022,19800.0,11.445523142259598,10.0,13.335216533675034,0.0116,0.01,0.0158489,0.126,0.1,0.15,0.956,0.9,1.0,175.0,2.77,87.3,1.0,True,0.01,0.95,10.0,39600.0,0.938,0.139
14247,1 - 1 - 2022,19800.0,11.575836902790225,10.0,13.335216533675034,0.0123,0.01,0.0158489,0.122,0.1,0.15,1.2,1.0,1.5,107.0,0.968,17.5,1.0,True,0.01,0.95,10.0,39600.0,0.938,0.139
14248,1 - 1 - 2022,19800.0,11.313708498984761,10.0,13.335216533675034,0.0128,0.01,0.0158489,0.12,0.1,0.15,1.74,1.5,2.0,42.7,0.612,3.88,1.0,True,0.01,0.95,10.0,39600.0,0.938,0.139
14249,1 - 1 - 2022,19800.0,11.269427669584644,10.0,13.335216533675034,0.0126,0.01,0.0158489,0.122,0.1,0.15,2.77,2.0,4.0,9.7,0.146,2.42,1.0,True,0.01,0.95,10.0,39600.0,0.938,0.139
14250,1 - 1 - 2022,19800.0,11.313708498984761,10.0,13.335216533675034,0.0116,0.01,0.0158489,0.171,0.15,0.2,0.0313,0.0,0.05,116.0,3.2,0.0,1.0,True,0.01,0.95,10.0,39600.0,0.938,0.139
14251,1 - 1 - 2022,19800.0,11.532562594670797,10.0,13.335216533675034,0.012,0.01,0.0158489,0.169,0.15,0.2,0.0789,0.05,0.1,116.0,3.2,0.0,1.0,True,0.01,0.95,10.0,39600.0,0.938,0.139
14252,1 - 1 - 2022,19800.0,11.269427669584644,10.0,13.335216533675034,0.0127,0.01,0.0158489,0.173,0.15,0.2,0.157,0.1,0.2,262.0,3.39,9.7,1.0,True,0.01,0.95,10.0,39600.0,0.938,0.139
14253,1 - 1 - 2022,19800.0,11.445523142259598,10.0,13.335216533675034,0.0129,0.01,0.0158489,0.17,0.15,0.2,0.258,0.2,0.3,349.0,3.92,0.0,1.0,True,0.01,0.95,10.0,39600.0,0.938,0.139
14254,1 - 1 - 2022,19800.0,11.313708498984761,10.0,13.335216533675034,0.0129,0.01,0.0158489,0.175,0.15,0.2,0.353,0.3,0.4,485.0,4.62,9.7,1.0,True,0.01,0.95,10.0,39600.0,0.938,0.139
14255,1 - 1 - 2022,19800.0,11.313708498984761,10.0,13.335216533675034,0.0127,0.01,0.0158489,0.173,0.15,0.2,0.453,0.4,0.5,495.0,4.66,29.1,1.0,True,0.01,0.95,10.0,39600.0,0.938,0.139
14256,1 - 1 - 2022,19800.0,11.61895003862225,10.0,13.335216533675034,0.0125,0.01,0.0158489,0.175,0.15,0.2,0.555,0.5,0.6,369.0,4.02,9.7,1.0,True,0.01,0.95,10.0,39600.0,0.938,0.139
14257,1 - 1 - 2022,19800.0,11.40175425099138,10.0,13.335216533675034,0.0129,0.01,0.0158489,0.174,0.15,0.2,0.649,0.6,0.7,378.0,4.08,19.4,1.0,True,0.01,0.95,10.0,39600.0,0.938,0.139
14258,1 - 1 - 2022,19800.0,11.532562594670797,10.0,13.335216533675034,0.0127,0.01,0.0158489,0.172,0.15,0.2,0.745,0.7,0.8,310.0,3.69,58.2,1.0,True,0.01,0.95,10.0,39600.0,0.938,0.139
14259,1 - 1 - 2022,19800.0,11.445523142259598,10.0,13.335216533675034,0.0127,0.01,0.0158489,0.172,0.15,0.2,0.85,0.8,0.9,223.0,3.13,48.5,1.0,True,0.01,0.95,10.0,39600.0,0.938,0.139
14260,1 - 1 - 2022,19800.0,11.135528725660043,10.0,13.335216533675034,0.0126,0.01,0.0158489,0.171,0.15,0.2,0.936,0.9,1.0,175.0,2.77,29.1,1.0,True,0.01,0.95,10.0,39600.0,0.938,0.139
14261,1 - 1 - 2022,19800.0,11.789826122551595,10.0,13.335216533675034,0.0125,0.01,0.0158489,0.177,0.15,0.2,1.21,1.0,1.5,105.0,0.959,5.82,1.0,True,0.01,0.95,10.0,39600.0,0.938,0.139
14262,1 - 1 - 2022,19800.0,11.135528725660043,10.0,13.335216533675034,0.0126,0.01,0.0158489,0.175,0.15,0.2,1.68,1.5,2.0,31.0,0.522,5.82,1.0,True,0.01,0.95,10.0,39600.0,0.938,0.139
14263,1 - 1 - 2022,19800.0,11.832159566199232,10.0,13.335216533675034,0.0124,0.01,0.0158489,0.176,0.15,0.2,2.69,2.0,4.0,9.7,0.146,1.94,1.0,True,0.01,0.95,10.0,39600.0,0.938,0.139
14264,1 - 1 - 2022,19800.0,11.445523142259598,10.0,13.335216533675034,0.0124,0.01,0.0158489,0.228,0.2,0.25,0.0866,0.05,0.1,136.0,3.45,0.0,1.0,True,0.01,0.95,10.0,39600.0,0.938,0.139
14265,1 - 1 - 2022,19800.0,11.704699910719626,10.0,13.335216533675034,0.013,0.01,0.0158489,0.22,0.2,0.25,0.156,0.1,0.2,145.0,2.53,0.0,1.0,True,0.01,0.95,10.0,39600.0,0.938,0.139
14266,1 - 1 - 2022,19800.0,11.61895003862225,10.0,13.335216533675034,0.013,0.01,0.0158489,0.221,0.2,0.25,0.254,0.2,0.3,233.0,3.2,9.7,1.0,True,0.01,0.95,10.0,39600.0,0.938,0.139
14267,1 - 1 - 2022,19800.0,11.224972160321824,10.0,13.335216533675034,0.0125,0.01,0.0158489,0.221,0.2,0.25,0.351,0.3,0.4,281.0,3.52,0.0,1.0,True,0.01,0.95,10.0,39600.0,0.938,0.139
14268,1 - 1 - 2022,19800.0,11.090536506409418,10.0,13.335216533675034,0.013,0.01,0.0158489,0.224,0.2,0.25,0.454,0.4,0.5,301.0,3.63,0.0,1.0,True,0.01,0.95,10.0,39600.0,0.938,0.139
14269,1 - 1 - 2022,19800.0,11.224972160321824,10.0,13.335216533675034,0.0127,0.01,0.0158489,0.224,0.2,0.25,0.546,0.5,0.6,233.0,3.2,0.0,1.0,True,0.01,0.95,10.0,39600.0,0.938,0.139
14270,1 - 1 - 2022,19800.0,11.40175425099138,10.0,13.335216533675034,0.0134,0.01,0.0158489,0.218,0.2,0.25,0.641,0.6,0.7,223.0,3.13,0.0,1.0,True,0.01,0.95,10.0,39600.0,0.938,0.139
14271,1 - 1 - 2022,19800.0,11.313708498984761,10.0,13.335216533675034,0.0125,0.01,0.0158489,0.226,0.2,0.25,0.756,0.7,0.8,262.0,3.39,0.0,1.0,True,0.01,0.95,10.0,39600.0,0.938,0.139
14272,1 - 1 - 2022,19800.0,11.874342087037917,10.0,13.335216533675034,0.0126,0.01,0.0158489,0.214,0.2,0.25,0.855,0.8,0.9,87.3,1.96,0.0,1.0,True,0.01,0.95,10.0,39600.0,0.938,0.139
14273,1 - 1 - 2022,19800.0,11.61895003862225,10.0,13.335216533675034,0.0116,0.01,0.0158489,0.226,0.2,0.25,0.973,0.9,1.0,77.6,1.85,0.0,1.0,True,0.01,0.95,10.0,39600.0,0.938,0.139
14274,1 - 1 - 2022,19800.0,11.489125293076057,10.0,13.335216533675034,0.0129,0.01,0.0158489,0.225,0.2,0.25,1.22,1.0,1.5,50.4,0.666,1.94,1.0,True,0.01,0.95,10.0,39600.0,0.938,0.139
14275,1 - 1 - 2022,19800.0,11.224972160321824,10.0,13.335216533675034,0.0121,0.01,0.0158489,0.219,0.2,0.25,1.7,1.5,2.0,29.1,0.506,1.94,1.0,True,0.01,0.95,10.0,39600.0,0.938,0.139
14276,1 - 1 - 2022,19800.0,12.041594578792296,10.0,13.335216533675034,0.0126,0.01,0.0158489,0.224,0.2,0.25,2.48,2.0,4.0,7.27,0.126,0.97,1.0,True,0.01,0.95,10.0,39600.0,0.938,0.139
14277,1 - 1 - 2022,19800.0,11.489125293076057,10.0,13.335216533675034,0.0129,0.01,0.0158489,0.283,0.25,0.3,0.0305,0.0,0.05,58.2,2.26,0.0,1.0,True,0.01,0.95,10.0,39600.0,0.938,0.139
14278,1 - 1 - 2022,19800.0,13.341664064126334,13.335216533675034,17.78280067930808,0.0121,0.01,0.0158489,0.294,0.25,0.3,0.0545,0.05,0.1,19.4,1.31,0.0,1.0,True,0.01,0.95,10.0,39600.0,0.938,0.139
14279,1 - 1 - 2022,19800.0,11.489125293076057,10.0,13.335216533675034,0.0122,0.01,0.0158489,0.27,0.25,0.3,0.149,0.1,0.2,126.0,2.35,0.0,1.0,True,0.01,0.95,10.0,39600.0,0.938,0.139
14280,1 - 1 - 2022,19800.0,11.61895003862225,10.0,13.335216533675034,0.0126,0.01,0.0158489,0.277,0.25,0.3,0.269,0.2,0.3,145.0,2.53,9.7,1.0,True,0.01,0.95,10.0,39600.0,0.938,0.139
14281,1 - 1 - 2022,19800.0,10.954451150103322,10.0,13.335216533675034,0.0131,0.01,0.0158489,0.271,0.25,0.3,0.356,0.3,0.4,165.0,2.69,0.0,1.0,True,0.01,0.95,10.0,39600.0,0.938,0.139
14282,1 - 1 - 2022,19800.0,11.704699910719626,10.0,13.335216533675034,0.0128,0.01,0.0158489,0.271,0.25,0.3,0.449,0.4,0.5,155.0,2.61,9.7,1.0,True,0.01,0.95,10.0,39600.0,0.938,0.139
14283,1 - 1 - 2022,19800.0,11.489125293076057,10.0,13.335216533675034,0.0129,0.01,0.0158489,0.268,0.25,0.3,0.537,0.5,0.6,136.0,2.44,0.0,1.0,True,0.01,0.95,10.0,39600.0,0.938,0.139
14284,1 - 1 - 2022,19800.0,11.789826122551595,10.0,13.335216533675034,0.0121,0.01,0.0158489,0.273,0.25,0.3,0.653,0.6,0.7,126.0,2.35,0.0,1.0,True,0.01,0.95,10.0,39600.0,0.938,0.139
14285,1 - 1 - 2022,19800.0,10.862780491200215,10.0,13.335216533675034,0.0134,0.01,0.0158489,0.27,0.25,0.3,0.734,0.7,0.8,67.9,1.73,0.0,1.0,True,0.01,0.95,10.0,39600.0,0.938,0.139
14286,1 - 1 - 2022,19800.0,11.40175425099138,10.0,13.335216533675034,0.0131,0.01,0.0158489,0.273,0.25,0.3,0.857,0.8,0.9,107.0,2.17,0.0,1.0,True,0.01,0.95,10.0,39600.0,0.938,0.139
14287,1 - 1 - 2022,19800.0,11.916375287812984,10.0,13.335216533675034,0.0134,0.01,0.0158489,0.275,0.25,0.3,0.934,0.9,1.0,97.0,2.06,0.0,1.0,True,0.01,0.95,10.0,39600.0,0.938,0.139
14288,1 - 1 - 2022,19800.0,11.489125293076057,10.0,13.335216533675034,0.0124,0.01,0.0158489,0.273,0.25,0.3,1.2,1.0,1.5,44.6,0.626,0.0,1.0,True,0.01,0.95,10.0,39600.0,0.938,0.139
14289,1 - 1 - 2022,19800.0,11.489125293076057,10.0,13.335216533675034,0.0126,0.01,0.0158489,0.277,0.25,0.3,1.67,1.5,2.0,27.2,0.488,3.88,1.0,True,0.01,0.95,10.0,39600.0,0.938,0.139
14290,1 - 1 - 2022,19800.0,11.575836902790225,10.0,13.335216533675034,0.0123,0.01,0.0158489,0.275,0.25,0.3,2.99,2.0,4.0,7.27,0.126,4.36,1.0,True,0.01,0.95,10.0,39600.0,0.938,0.139
14291,1 - 1 - 2022,19800.0,11.0,10.0,13.335216533675034,0.0108,0.01,0.0158489,0.35,0.3,0.4,0.0467,0.0,0.05,9.7,0.653,0.0,1.0,True,0.01,0.95,10.0,39600.0,0.938,0.139
14292,1 - 1 - 2022,19800.0,10.535653752852738,10.0,13.335216533675034,0.0144,0.01,0.0158489,0.369,0.3,0.4,0.096,0.05,0.1,19.4,0.923,0.0,1.0,True,0.01,0.95,10.0,39600.0,0.938,0.139
14293,1 - 1 - 2022,19800.0,11.61895003862225,10.0,13.335216533675034,0.0121,0.01,0.0158489,0.343,0.3,0.4,0.141,0.1,0.2,72.7,1.26,4.85,1.0,True,0.01,0.95,10.0,39600.0,0.938,0.139
14294,1 - 1 - 2022,19800.0,11.532562594670797,10.0,13.335216533675034,0.0127,0.01,0.0158489,0.344,0.3,0.4,0.262,0.2,0.3,112.0,1.57,24.2,1.0,True,0.01,0.95,10.0,39600.0,0.938,0.139
14295,1 - 1 - 2022,19800.0,11.445523142259598,10.0,13.335216533675034,0.0128,0.01,0.0158489,0.346,0.3,0.4,0.354,0.3,0.4,102.0,1.5,29.1,1.0,True,0.01,0.95,10.0,39600.0,0.938,0.139
14296,1 - 1 - 2022,19800.0,11.135528725660043,10.0,13.335216533675034,0.013,0.01,0.0158489,0.333,0.3,0.4,0.449,0.4,0.5,102.0,1.5,9.7,1.0,True,0.01,0.95,10.0,39600.0,0.938,0.139
14297,1 - 1 - 2022,19800.0,11.313708498984761,10.0,13.335216533675034,0.0137,0.01,0.0158489,0.343,0.3,0.4,0.554,0.5,0.6,58.2,1.13,9.7,1.0,True,0.01,0.95,10.0,39600.0,0.938,0.139
14298,1 - 1 - 2022,19800.0,11.704699910719626,10.0,13.335216533675034,0.0127,0.01,0.0158489,0.35,0.3,0.4,0.649,0.6,0.7,97.0,1.46,34.0,1.0,True,0.01,0.95,10.0,39600.0,0.938,0.139
14299,1 - 1 - 2022,19800.0,11.445523142259598,10.0,13.335216533675034,0.0134,0.01,0.0158489,0.358,0.3,0.4,0.753,0.7,0.8,63.0,1.18,14.5,1.0,True,0.01,0.95,10.0,39600.0,0.938,0.139
14300,1 - 1 - 2022,19800.0,11.090536506409418,10.0,13.335216533675034,0.0133,0.01,0.0158489,0.344,0.3,0.4,0.831,0.8,0.9,53.3,1.08,4.85,1.0,True,0.01,0.95,10.0,39600.0,0.938,0.139
14301,1 - 1 - 2022,19800.0,11.313708498984761,10.0,13.335216533675034,0.0127,0.01,0.0158489,0.347,0.3,0.4,0.951,0.9,1.0,38.8,0.923,4.85,1.0,True,0.01,0.95,10.0,39600.0,0.938,0.139
14302,1 - 1 - 2022,19800.0,11.313708498984761,10.0,13.335216533675034,0.0128,0.01,0.0158489,0.347,0.3,0.4,1.27,1.0,1.5,24.2,0.326,7.76,1.0,True,0.01,0.95,10.0,39600.0,0.938,0.139
14303,1 - 1 - 2022,19800.0,11.313708498984761,10.0,13.335216533675034,0.0119,0.01,0.0158489,0.349,0.3,0.4,1.77,1.5,2.0,8.73,0.196,1.94,1.0,True,0.01,0.95,10.0,39600.0,0.938,0.139
14304,1 - 1 - 2022,19800.0,11.224972160321824,10.0,13.335216533675034,0.0132,0.01,0.0158489,0.35,0.3,0.4,2.57,2.0,4.0,2.18,0.049,1.21,1.0,True,0.01,0.95,10.0,39600.0,0.938,0.139
14305,1 - 1 - 2022,19800.0,10.954451150103322,10.0,13.335216533675034,0.0121,0.01,0.0158489,0.443,0.4,0.5,0.137,0.1,0.2,29.1,0.799,24.2,1.0,True,0.01,0.95,10.0,39600.0,0.938,0.139
14306,1 - 1 - 2022,19800.0,11.40175425099138,10.0,13.335216533675034,0.0126,0.01,0.0158489,0.444,0.4,0.5,0.348,0.3,0.4,24.2,0.73,14.5,1.0,True,0.01,0.95,10.0,39600.0,0.938,0.139
14307,1 - 1 - 2022,19800.0,11.532562594670797,10.0,13.335216533675034,0.0122,0.01,0.0158489,0.431,0.4,0.5,0.447,0.4,0.5,29.1,0.799,24.2,1.0,True,0.01,0.95,10.0,39600.0,0.938,0.139
14308,1 - 1 - 2022,19800.0,11.224972160321824,10.0,13.335216533675034,0.0124,0.01,0.0158489,0.449,0.4,0.5,0.539,0.5,0.6,38.8,0.923,29.1,1.0,True,0.01,0.95,10.0,39600.0,0.938,0.139
14309,1 - 1 - 2022,19800.0,11.135528725660043,10.0,13.335216533675034,0.0133,0.01,0.0158489,0.458,0.4,0.5,0.848,0.8,0.9,38.8,0.923,29.1,1.0,True,0.01,0.95,10.0,39600.0,0.938,0.139
14310,1 - 1 - 2022,19800.0,11.445523142259598,10.0,13.335216533675034,0.0126,0.01,0.0158489,0.452,0.4,0.5,0.968,0.9,1.0,19.4,0.653,14.5,1.0,True,0.01,0.95,10.0,39600.0,0.938,0.139
14311,1 - 1 - 2022,19800.0,11.532562594670797,10.0,13.335216533675034,0.0133,0.01,0.0158489,0.438,0.4,0.5,1.22,1.0,1.5,18.4,0.285,12.6,1.0,True,0.01,0.95,10.0,39600.0,0.938,0.139
14312,1 - 1 - 2022,19800.0,11.532562594670797,10.0,13.335216533675034,0.0138,0.01,0.0158489,0.446,0.4,0.5,1.77,1.5,2.0,2.91,0.113,1.94,1.0,True,0.01,0.95,10.0,39600.0,0.938,0.139
14313,1 - 1 - 2022,19800.0,11.832159566199232,10.0,13.335216533675034,0.0124,0.01,0.0158489,0.442,0.4,0.5,2.66,2.0,4.0,1.94,0.0462,1.45,1.0,True,0.01,0.95,10.0,39600.0,0.938,0.139
14314,1 - 1 - 2022,19800.0,11.40175425099138,10.0,13.335216533675034,0.0131,0.01,0.0158489,0.556,0.5,0.6,1.26,1.0,1.5,8.73,0.196,7.76,1.0,True,0.01,0.95,10.0,39600.0,0.938,0.139
14315,1 - 1 - 2022,19800.0,11.224972160321824,10.0,13.335216533675034,0.0123,0.01,0.0158489,0.531,0.5,0.6,2.58,2.0,4.0,0.97,0.0326,0.727,1.0,True,0.01,0.95,10.0,39600.0,0.938,0.139
14316,1 - 1 - 2022,19800.0,11.40175425099138,10.0,13.335216533675034,0.02,0.0158489,0.0251189,0.0181,0.0,0.05,0.0772,0.05,0.1,893.0,7.04,783.0,1.0,True,0.01,0.95,10.0,39600.0,0.938,0.139
14317,1 - 1 - 2022,19800.0,11.445523142259598,10.0,13.335216533675034,0.0201,0.0158489,0.0251189,0.0172,0.0,0.05,0.157,0.1,0.2,1920.0,7.29,1400.0,1.0,True,0.01,0.95,10.0,39600.0,0.938,0.139
14318,1 - 1 - 2022,19800.0,11.445523142259598,10.0,13.335216533675034,0.02,0.0158489,0.0251189,0.0153,0.0,0.05,0.25,0.2,0.3,2490.0,8.31,1540.0,1.0,True,0.01,0.95,10.0,39600.0,0.938,0.139
14319,1 - 1 - 2022,19800.0,11.445523142259598,10.0,13.335216533675034,0.0197,0.0158489,0.0251189,0.0174,0.0,0.05,0.35,0.3,0.4,2510.0,8.34,1460.0,1.0,True,0.01,0.95,10.0,39600.0,0.938,0.139
14320,1 - 1 - 2022,19800.0,11.575836902790225,10.0,13.335216533675034,0.0201,0.0158489,0.0251189,0.0171,0.0,0.05,0.449,0.4,0.5,2660.0,8.59,1250.0,1.0,True,0.01,0.95,10.0,39600.0,0.938,0.139
14321,1 - 1 - 2022,19800.0,11.445523142259598,10.0,13.335216533675034,0.0199,0.0158489,0.0251189,0.0165,0.0,0.05,0.547,0.5,0.6,1870.0,7.2,777.0,1.0,True,0.01,0.95,10.0,39600.0,0.938,0.139
14322,1 - 1 - 2022,19800.0,11.445523142259598,10.0,13.335216533675034,0.0201,0.0158489,0.0251189,0.0195,0.0,0.05,0.648,0.6,0.7,1410.0,6.25,477.0,1.0,True,0.01,0.95,10.0,39600.0,0.938,0.139
14323,1 - 1 - 2022,19800.0,11.40175425099138,10.0,13.335216533675034,0.0201,0.0158489,0.0251189,0.0185,0.0,0.05,0.75,0.7,0.8,1220.0,5.82,343.0,1.0,True,0.01,0.95,10.0,39600.0,0.938,0.139
14324,1 - 1 - 2022,19800.0,11.489125293076057,10.0,13.335216533675034,0.0202,0.0158489,0.0251189,0.0191,0.0,0.05,0.847,0.8,0.9,685.0,4.36,122.0,1.0,True,0.01,0.95,10.0,39600.0,0.938,0.139
14325,1 - 1 - 2022,19800.0,11.532562594670797,10.0,13.335216533675034,0.0207,0.0158489,0.0251189,0.0185,0.0,0.05,0.948,0.9,1.0,465.0,3.59,42.8,1.0,True,0.01,0.95,10.0,39600.0,0.938,0.139
14326,1 - 1 - 2022,19800.0,11.445523142259598,10.0,13.335216533675034,0.0199,0.0158489,0.0251189,0.0251,0.0,0.05,1.17,1.0,1.5,166.0,0.961,6.12,1.0,True,0.01,0.95,10.0,39600.0,0.938,0.139
14327,1 - 1 - 2022,19800.0,11.61895003862225,10.0,13.335216533675034,0.0196,0.0158489,0.0251189,0.0335,0.0,0.05,1.71,1.5,2.0,20.8,0.34,0.0,1.0,True,0.01,0.95,10.0,39600.0,0.938,0.139
14328,1 - 1 - 2022,19800.0,11.74734012447073,10.0,13.335216533675034,0.0199,0.0158489,0.0251189,0.0343,0.0,0.05,2.22,2.0,4.0,1.53,0.046,0.0,1.0,True,0.01,0.95,10.0,39600.0,0.938,0.139
14329,1 - 1 - 2022,19800.0,11.40175425099138,10.0,13.335216533675034,0.0189,0.0158489,0.0251189,0.0735,0.05,0.1,0.0374,0.0,0.05,122.0,2.6,24.5,1.0,True,0.01,0.95,10.0,39600.0,0.938,0.139
14330,1 - 1 - 2022,19800.0,11.357816691600547,10.0,13.335216533675034,0.0201,0.0158489,0.0251189,0.0749,0.05,0.1,0.0773,0.05,0.1,306.0,4.12,61.2,1.0,True,0.01,0.95,10.0,39600.0,0.938,0.139
14331,1 - 1 - 2022,19800.0,11.532562594670797,10.0,13.335216533675034,0.0198,0.0158489,0.0251189,0.0723,0.05,0.1,0.152,0.1,0.2,612.0,4.12,171.0,1.0,True,0.01,0.95,10.0,39600.0,0.938,0.139
14332,1 - 1 - 2022,19800.0,11.357816691600547,10.0,13.335216533675034,0.0202,0.0158489,0.0251189,0.0722,0.05,0.1,0.252,0.2,0.3,844.0,4.84,269.0,1.0,True,0.01,0.95,10.0,39600.0,0.938,0.139
14333,1 - 1 - 2022,19800.0,11.357816691600547,10.0,13.335216533675034,0.0197,0.0158489,0.0251189,0.0711,0.05,0.1,0.345,0.3,0.4,863.0,4.89,312.0,1.0,True,0.01,0.95,10.0,39600.0,0.938,0.139
14334,1 - 1 - 2022,19800.0,11.575836902790225,10.0,13.335216533675034,0.02,0.0158489,0.0251189,0.071,0.05,0.1,0.451,0.4,0.5,747.0,4.55,214.0,1.0,True,0.01,0.95,10.0,39600.0,0.938,0.139
14335,1 - 1 - 2022,19800.0,11.489125293076057,10.0,13.335216533675034,0.0199,0.0158489,0.0251189,0.074,0.05,0.1,0.546,0.5,0.6,569.0,3.97,171.0,1.0,True,0.01,0.95,10.0,39600.0,0.938,0.139
14336,1 - 1 - 2022,19800.0,11.40175425099138,10.0,13.335216533675034,0.0203,0.0158489,0.0251189,0.0731,0.05,0.1,0.649,0.6,0.7,398.0,3.32,67.3,1.0,True,0.01,0.95,10.0,39600.0,0.938,0.139
14337,1 - 1 - 2022,19800.0,11.489125293076057,10.0,13.335216533675034,0.0199,0.0158489,0.0251189,0.0718,0.05,0.1,0.742,0.7,0.8,398.0,3.32,97.9,1.0,True,0.01,0.95,10.0,39600.0,0.938,0.139
14338,1 - 1 - 2022,19800.0,11.532562594670797,10.0,13.335216533675034,0.0202,0.0158489,0.0251189,0.0728,0.05,0.1,0.85,0.8,0.9,269.0,2.73,36.7,1.0,True,0.01,0.95,10.0,39600.0,0.938,0.139
14339,1 - 1 - 2022,19800.0,11.489125293076057,10.0,13.335216533675034,0.0199,0.0158489,0.0251189,0.0707,0.05,0.1,0.95,0.9,1.0,220.0,2.47,18.4,1.0,True,0.01,0.95,10.0,39600.0,0.938,0.139
14340,1 - 1 - 2022,19800.0,11.357816691600547,10.0,13.335216533675034,0.0198,0.0158489,0.0251189,0.072,0.05,0.1,1.21,1.0,1.5,115.0,0.799,3.67,1.0,True,0.01,0.95,10.0,39600.0,0.938,0.139
14341,1 - 1 - 2022,19800.0,11.704699910719626,10.0,13.335216533675034,0.0206,0.0158489,0.0251189,0.0733,0.05,0.1,1.69,1.5,2.0,39.2,0.466,1.22,1.0,True,0.01,0.95,10.0,39600.0,0.938,0.139
14342,1 - 1 - 2022,19800.0,11.704699910719626,10.0,13.335216533675034,0.0205,0.0158489,0.0251189,0.0747,0.05,0.1,2.63,2.0,4.0,6.12,0.0921,0.0,1.0,True,0.01,0.95,10.0,39600.0,0.938,0.139
14343,1 - 1 - 2022,19800.0,11.74734012447073,10.0,13.335216533675034,0.0189,0.0158489,0.0251189,0.121,0.1,0.15,0.0339,0.0,0.05,49.0,1.65,0.0,1.0,True,0.01,0.95,10.0,39600.0,0.938,0.139
14344,1 - 1 - 2022,19800.0,10.954451150103322,10.0,13.335216533675034,0.0191,0.0158489,0.0251189,0.118,0.1,0.15,0.0768,0.05,0.1,171.0,3.08,0.0,1.0,True,0.01,0.95,10.0,39600.0,0.938,0.139
14345,1 - 1 - 2022,19800.0,11.224972160321824,10.0,13.335216533675034,0.0208,0.0158489,0.0251189,0.123,0.1,0.15,0.154,0.1,0.2,398.0,3.32,0.0,1.0,True,0.01,0.95,10.0,39600.0,0.938,0.139
14346,1 - 1 - 2022,19800.0,11.40175425099138,10.0,13.335216533675034,0.0198,0.0158489,0.0251189,0.125,0.1,0.15,0.25,0.2,0.3,422.0,3.42,18.4,1.0,True,0.01,0.95,10.0,39600.0,0.938,0.139
14347,1 - 1 - 2022,19800.0,11.269427669584644,10.0,13.335216533675034,0.0199,0.0158489,0.0251189,0.124,0.1,0.15,0.35,0.3,0.4,453.0,3.54,12.2,1.0,True,0.01,0.95,10.0,39600.0,0.938,0.139
14348,1 - 1 - 2022,19800.0,11.489125293076057,10.0,13.335216533675034,0.0201,0.0158489,0.0251189,0.121,0.1,0.15,0.442,0.4,0.5,447.0,3.52,30.6,1.0,True,0.01,0.95,10.0,39600.0,0.938,0.139
14349,1 - 1 - 2022,19800.0,11.313708498984761,10.0,13.335216533675034,0.0202,0.0158489,0.0251189,0.123,0.1,0.15,0.547,0.5,0.6,392.0,3.3,24.5,1.0,True,0.01,0.95,10.0,39600.0,0.938,0.139
14350,1 - 1 - 2022,19800.0,11.489125293076057,10.0,13.335216533675034,0.0197,0.0158489,0.0251189,0.127,0.1,0.15,0.652,0.6,0.7,275.0,2.76,24.5,1.0,True,0.01,0.95,10.0,39600.0,0.938,0.139
14351,1 - 1 - 2022,19800.0,11.445523142259598,10.0,13.335216533675034,0.0194,0.0158489,0.0251189,0.12,0.1,0.15,0.746,0.7,0.8,190.0,2.29,30.6,1.0,True,0.01,0.95,10.0,39600.0,0.938,0.139
14352,1 - 1 - 2022,19800.0,11.61895003862225,10.0,13.335216533675034,0.0211,0.0158489,0.0251189,0.121,0.1,0.15,0.846,0.8,0.9,226.0,2.51,30.6,1.0,True,0.01,0.95,10.0,39600.0,0.938,0.139
14353,1 - 1 - 2022,19800.0,11.269427669584644,10.0,13.335216533675034,0.0192,0.0158489,0.0251189,0.124,0.1,0.15,0.944,0.9,1.0,147.0,2.02,30.6,1.0,True,0.01,0.95,10.0,39600.0,0.938,0.139
14354,1 - 1 - 2022,19800.0,11.532562594670797,10.0,13.335216533675034,0.0195,0.0158489,0.0251189,0.124,0.1,0.15,1.2,1.0,1.5,60.0,0.577,8.57,1.0,True,0.01,0.95,10.0,39600.0,0.938,0.139
14355,1 - 1 - 2022,19800.0,11.704699910719626,10.0,13.335216533675034,0.0194,0.0158489,0.0251189,0.122,0.1,0.15,1.7,1.5,2.0,33.0,0.428,4.9,1.0,True,0.01,0.95,10.0,39600.0,0.938,0.139
14356,1 - 1 - 2022,19800.0,11.40175425099138,10.0,13.335216533675034,0.0208,0.0158489,0.0251189,0.117,0.1,0.15,2.42,2.0,4.0,6.12,0.0921,0.918,1.0,True,0.01,0.95,10.0,39600.0,0.938,0.139
14357,1 - 1 - 2022,19800.0,11.704699910719626,10.0,13.335216533675034,0.0232,0.0158489,0.0251189,0.166,0.15,0.2,0.0377,0.0,0.05,49.0,1.65,0.0,1.0,True,0.01,0.95,10.0,39600.0,0.938,0.139
14358,1 - 1 - 2022,19800.0,11.357816691600547,10.0,13.335216533675034,0.0205,0.0158489,0.0251189,0.177,0.15,0.2,0.0747,0.05,0.1,97.9,2.33,0.0,1.0,True,0.01,0.95,10.0,39600.0,0.938,0.139
14359,1 - 1 - 2022,19800.0,11.445523142259598,10.0,13.335216533675034,0.0187,0.0158489,0.0251189,0.17,0.15,0.2,0.155,0.1,0.2,184.0,2.26,0.0,1.0,True,0.01,0.95,10.0,39600.0,0.938,0.139
14360,1 - 1 - 2022,19800.0,11.357816691600547,10.0,13.335216533675034,0.0204,0.0158489,0.0251189,0.17,0.15,0.2,0.25,0.2,0.3,318.0,2.97,0.0,1.0,True,0.01,0.95,10.0,39600.0,0.938,0.139
14361,1 - 1 - 2022,19800.0,11.489125293076057,10.0,13.335216533675034,0.0195,0.0158489,0.0251189,0.172,0.15,0.2,0.351,0.3,0.4,233.0,2.54,0.0,1.0,True,0.01,0.95,10.0,39600.0,0.938,0.139
14362,1 - 1 - 2022,19800.0,11.357816691600547,10.0,13.335216533675034,0.0205,0.0158489,0.0251189,0.17,0.15,0.2,0.451,0.4,0.5,263.0,2.7,6.12,1.0,True,0.01,0.95,10.0,39600.0,0.938,0.139
14363,1 - 1 - 2022,19800.0,11.313708498984761,10.0,13.335216533675034,0.0196,0.0158489,0.0251189,0.172,0.15,0.2,0.556,0.5,0.6,202.0,2.37,0.0,1.0,True,0.01,0.95,10.0,39600.0,0.938,0.139
14364,1 - 1 - 2022,19800.0,11.532562594670797,10.0,13.335216533675034,0.02,0.0158489,0.0251189,0.179,0.15,0.2,0.651,0.6,0.7,220.0,2.47,0.0,1.0,True,0.01,0.95,10.0,39600.0,0.938,0.139
14365,1 - 1 - 2022,19800.0,11.575836902790225,10.0,13.335216533675034,0.021,0.0158489,0.0251189,0.175,0.15,0.2,0.753,0.7,0.8,135.0,1.93,0.0,1.0,True,0.01,0.95,10.0,39600.0,0.938,0.139
14366,1 - 1 - 2022,19800.0,11.40175425099138,10.0,13.335216533675034,0.0203,0.0158489,0.0251189,0.175,0.15,0.2,0.844,0.8,0.9,110.0,1.75,0.0,1.0,True,0.01,0.95,10.0,39600.0,0.938,0.139
14367,1 - 1 - 2022,19800.0,11.445523142259598,10.0,13.335216533675034,0.0193,0.0158489,0.0251189,0.172,0.15,0.2,0.949,0.9,1.0,104.0,1.7,6.12,1.0,True,0.01,0.95,10.0,39600.0,0.938,0.139
14368,1 - 1 - 2022,19800.0,11.575836902790225,10.0,13.335216533675034,0.0206,0.0158489,0.0251189,0.172,0.15,0.2,1.23,1.0,1.5,53.8,0.546,4.9,1.0,True,0.01,0.95,10.0,39600.0,0.938,0.139
14369,1 - 1 - 2022,19800.0,11.445523142259598,10.0,13.335216533675034,0.0186,0.0158489,0.0251189,0.178,0.15,0.2,1.79,1.5,2.0,17.1,0.308,2.45,1.0,True,0.01,0.95,10.0,39600.0,0.938,0.139
14370,1 - 1 - 2022,19800.0,11.40175425099138,10.0,13.335216533675034,0.0199,0.0158489,0.0251189,0.18,0.15,0.2,2.49,2.0,4.0,4.59,0.0798,1.53,1.0,True,0.01,0.95,10.0,39600.0,0.938,0.139
14371,1 - 1 - 2022,19800.0,10.954451150103322,10.0,13.335216533675034,0.0207,0.0158489,0.0251189,0.221,0.2,0.25,0.0388,0.0,0.05,61.2,1.84,0.0,1.0,True,0.01,0.95,10.0,39600.0,0.938,0.139
14372,1 - 1 - 2022,19800.0,11.180339887498949,10.0,13.335216533675034,0.0225,0.0158489,0.0251189,0.227,0.2,0.25,0.0749,0.05,0.1,97.9,2.33,0.0,1.0,True,0.01,0.95,10.0,39600.0,0.938,0.139
14373,1 - 1 - 2022,19800.0,11.269427669584644,10.0,13.335216533675034,0.021,0.0158489,0.0251189,0.228,0.2,0.25,0.149,0.1,0.2,91.8,1.6,0.0,1.0,True,0.01,0.95,10.0,39600.0,0.938,0.139
14374,1 - 1 - 2022,19800.0,11.180339887498949,10.0,13.335216533675034,0.0209,0.0158489,0.0251189,0.224,0.2,0.25,0.246,0.2,0.3,184.0,2.26,0.0,1.0,True,0.01,0.95,10.0,39600.0,0.938,0.139
14375,1 - 1 - 2022,19800.0,11.532562594670797,10.0,13.335216533675034,0.0203,0.0158489,0.0251189,0.224,0.2,0.25,0.347,0.3,0.4,177.0,2.22,0.0,1.0,True,0.01,0.95,10.0,39600.0,0.938,0.139
14376,1 - 1 - 2022,19800.0,11.224972160321824,10.0,13.335216533675034,0.0203,0.0158489,0.0251189,0.221,0.2,0.25,0.451,0.4,0.5,159.0,2.1,0.0,1.0,True,0.01,0.95,10.0,39600.0,0.938,0.139
14377,1 - 1 - 2022,19800.0,11.532562594670797,10.0,13.335216533675034,0.02,0.0158489,0.0251189,0.223,0.2,0.25,0.552,0.5,0.6,153.0,2.06,0.0,1.0,True,0.01,0.95,10.0,39600.0,0.938,0.139
14378,1 - 1 - 2022,19800.0,11.445523142259598,10.0,13.335216533675034,0.02,0.0158489,0.0251189,0.227,0.2,0.25,0.647,0.6,0.7,122.0,1.84,0.0,1.0,True,0.01,0.95,10.0,39600.0,0.938,0.139
14379,1 - 1 - 2022,19800.0,11.40175425099138,10.0,13.335216533675034,0.0208,0.0158489,0.0251189,0.223,0.2,0.25,0.745,0.7,0.8,110.0,1.75,0.0,1.0,True,0.01,0.95,10.0,39600.0,0.938,0.139
14380,1 - 1 - 2022,19800.0,11.916375287812984,10.0,13.335216533675034,0.0183,0.0158489,0.0251189,0.23,0.2,0.25,0.846,0.8,0.9,73.4,1.43,0.0,1.0,True,0.01,0.95,10.0,39600.0,0.938,0.139
14381,1 - 1 - 2022,19800.0,11.704699910719626,10.0,13.335216533675034,0.0208,0.0158489,0.0251189,0.235,0.2,0.25,0.946,0.9,1.0,30.6,0.921,0.0,1.0,True,0.01,0.95,10.0,39600.0,0.938,0.139
14382,1 - 1 - 2022,19800.0,11.40175425099138,10.0,13.335216533675034,0.0191,0.0158489,0.0251189,0.226,0.2,0.25,1.23,1.0,1.5,46.5,0.508,2.45,1.0,True,0.01,0.95,10.0,39600.0,0.938,0.139
14383,1 - 1 - 2022,19800.0,11.313708498984761,10.0,13.335216533675034,0.0202,0.0158489,0.0251189,0.223,0.2,0.25,1.78,1.5,2.0,13.5,0.273,4.9,1.0,True,0.01,0.95,10.0,39600.0,0.938,0.139
14384,1 - 1 - 2022,19800.0,11.575836902790225,10.0,13.335216533675034,0.0192,0.0158489,0.0251189,0.214,0.2,0.25,2.52,2.0,4.0,4.28,0.0771,3.06,1.0,True,0.01,0.95,10.0,39600.0,0.938,0.139
14385,1 - 1 - 2022,19800.0,10.14889156509222,10.0,13.335216533675034,0.0247,0.0158489,0.0251189,0.281,0.25,0.3,0.0296,0.0,0.05,12.2,0.824,0.0,1.0,True,0.01,0.95,10.0,39600.0,0.938,0.139
14386,1 - 1 - 2022,19800.0,10.862780491200215,10.0,13.335216533675034,0.0191,0.0158489,0.0251189,0.259,0.25,0.3,0.0757,0.05,0.1,36.7,1.43,0.0,1.0,True,0.01,0.95,10.0,39600.0,0.938,0.139
14387,1 - 1 - 2022,19800.0,11.661903789690601,10.0,13.335216533675034,0.021,0.0158489,0.0251189,0.276,0.25,0.3,0.15,0.1,0.2,73.4,1.43,0.0,1.0,True,0.01,0.95,10.0,39600.0,0.938,0.139
14388,1 - 1 - 2022,19800.0,11.61895003862225,10.0,13.335216533675034,0.0196,0.0158489,0.0251189,0.275,0.25,0.3,0.259,0.2,0.3,79.5,1.48,0.0,1.0,True,0.01,0.95,10.0,39600.0,0.938,0.139
14389,1 - 1 - 2022,19800.0,11.269427669584644,10.0,13.335216533675034,0.0203,0.0158489,0.0251189,0.272,0.25,0.3,0.359,0.3,0.4,110.0,1.75,0.0,1.0,True,0.01,0.95,10.0,39600.0,0.938,0.139
14390,1 - 1 - 2022,19800.0,11.704699910719626,10.0,13.335216533675034,0.0205,0.0158489,0.0251189,0.275,0.25,0.3,0.459,0.4,0.5,91.8,1.6,0.0,1.0,True,0.01,0.95,10.0,39600.0,0.938,0.139
14391,1 - 1 - 2022,19800.0,11.045361017187261,10.0,13.335216533675034,0.0198,0.0158489,0.0251189,0.277,0.25,0.3,0.559,0.5,0.6,79.5,1.48,0.0,1.0,True,0.01,0.95,10.0,39600.0,0.938,0.139
14392,1 - 1 - 2022,19800.0,11.704699910719626,10.0,13.335216533675034,0.0215,0.0158489,0.0251189,0.272,0.25,0.3,0.656,0.6,0.7,97.9,1.65,0.0,1.0,True,0.01,0.95,10.0,39600.0,0.938,0.139
14393,1 - 1 - 2022,19800.0,11.532562594670797,10.0,13.335216533675034,0.0206,0.0158489,0.0251189,0.272,0.25,0.3,0.76,0.7,0.8,61.2,1.3,0.0,1.0,True,0.01,0.95,10.0,39600.0,0.938,0.139
14394,1 - 1 - 2022,19800.0,11.832159566199232,10.0,13.335216533675034,0.0203,0.0158489,0.0251189,0.279,0.25,0.3,0.856,0.8,0.9,91.8,1.6,0.0,1.0,True,0.01,0.95,10.0,39600.0,0.938,0.139
14395,1 - 1 - 2022,19800.0,10.862780491200215,10.0,13.335216533675034,0.0189,0.0158489,0.0251189,0.275,0.25,0.3,0.956,0.9,1.0,55.1,1.24,0.0,1.0,True,0.01,0.95,10.0,39600.0,0.938,0.139
14396,1 - 1 - 2022,19800.0,11.489125293076057,10.0,13.335216533675034,0.0195,0.0158489,0.0251189,0.277,0.25,0.3,1.17,1.0,1.5,13.5,0.273,0.0,1.0,True,0.01,0.95,10.0,39600.0,0.938,0.139
14397,1 - 1 - 2022,19800.0,11.575836902790225,10.0,13.335216533675034,0.0205,0.0158489,0.0251189,0.272,0.25,0.3,1.75,1.5,2.0,7.34,0.202,1.22,1.0,True,0.01,0.95,10.0,39600.0,0.938,0.139
14398,1 - 1 - 2022,19800.0,11.61895003862225,10.0,13.335216533675034,0.0199,0.0158489,0.0251189,0.278,0.25,0.3,2.64,2.0,4.0,1.22,0.0412,0.612,1.0,True,0.01,0.95,10.0,39600.0,0.938,0.139
14399,1 - 1 - 2022,19800.0,11.40175425099138,10.0,13.335216533675034,0.0196,0.0158489,0.0251189,0.332,0.3,0.4,0.0369,0.0,0.05,12.2,0.582,0.0,1.0,True,0.01,0.95,10.0,39600.0,0.938,0.139
14400,1 - 1 - 2022,19800.0,11.224972160321824,10.0,13.335216533675034,0.0185,0.0158489,0.0251189,0.331,0.3,0.4,0.0817,0.05,0.1,12.2,0.582,0.0,1.0,True,0.01,0.95,10.0,39600.0,0.938,0.139
14401,1 - 1 - 2022,19800.0,11.74734012447073,10.0,13.335216533675034,0.0196,0.0158489,0.0251189,0.345,0.3,0.4,0.156,0.1,0.2,39.8,0.742,0.0,1.0,True,0.01,0.95,10.0,39600.0,0.938,0.139
14402,1 - 1 - 2022,19800.0,11.445523142259598,10.0,13.335216533675034,0.0198,0.0158489,0.0251189,0.348,0.3,0.4,0.253,0.2,0.3,36.7,0.713,0.0,1.0,True,0.01,0.95,10.0,39600.0,0.938,0.139
14403,1 - 1 - 2022,19800.0,11.704699910719626,10.0,13.335216533675034,0.0198,0.0158489,0.0251189,0.337,0.3,0.4,0.355,0.3,0.4,33.7,0.683,3.06,1.0,True,0.01,0.95,10.0,39600.0,0.938,0.139
14404,1 - 1 - 2022,19800.0,11.445523142259598,10.0,13.335216533675034,0.0202,0.0158489,0.0251189,0.331,0.3,0.4,0.446,0.4,0.5,64.2,0.944,3.06,1.0,True,0.01,0.95,10.0,39600.0,0.938,0.139
14405,1 - 1 - 2022,19800.0,11.704699910719626,10.0,13.335216533675034,0.0194,0.0158489,0.0251189,0.34,0.3,0.4,0.543,0.5,0.6,45.9,0.798,6.12,1.0,True,0.01,0.95,10.0,39600.0,0.938,0.139
14406,1 - 1 - 2022,19800.0,11.313708498984761,10.0,13.335216533675034,0.0211,0.0158489,0.0251189,0.348,0.3,0.4,0.648,0.6,0.7,58.1,0.898,6.12,1.0,True,0.01,0.95,10.0,39600.0,0.938,0.139
14407,1 - 1 - 2022,19800.0,11.445523142259598,10.0,13.335216533675034,0.0194,0.0158489,0.0251189,0.341,0.3,0.4,0.748,0.7,0.8,36.7,0.713,6.12,1.0,True,0.01,0.95,10.0,39600.0,0.938,0.139
14408,1 - 1 - 2022,19800.0,11.74734012447073,10.0,13.335216533675034,0.0203,0.0158489,0.0251189,0.347,0.3,0.4,0.844,0.8,0.9,49.0,0.824,12.2,1.0,True,0.01,0.95,10.0,39600.0,0.938,0.139
14409,1 - 1 - 2022,19800.0,11.532562594670797,10.0,13.335216533675034,0.0192,0.0158489,0.0251189,0.342,0.3,0.4,0.942,0.9,1.0,21.4,0.545,9.18,1.0,True,0.01,0.95,10.0,39600.0,0.938,0.139
14410,1 - 1 - 2022,19800.0,11.489125293076057,10.0,13.335216533675034,0.0212,0.0158489,0.0251189,0.335,0.3,0.4,1.17,1.0,1.5,11.0,0.175,2.45,1.0,True,0.01,0.95,10.0,39600.0,0.938,0.139
14411,1 - 1 - 2022,19800.0,11.575836902790225,10.0,13.335216533675034,0.0185,0.0158489,0.0251189,0.336,0.3,0.4,1.81,1.5,2.0,7.96,0.149,3.06,1.0,True,0.01,0.95,10.0,39600.0,0.938,0.139
14412,1 - 1 - 2022,19800.0,12.041594578792296,10.0,13.335216533675034,0.0206,0.0158489,0.0251189,0.353,0.3,0.4,2.53,2.0,4.0,2.29,0.0399,1.22,1.0,True,0.01,0.95,10.0,39600.0,0.938,0.139
14413,1 - 1 - 2022,19800.0,11.40175425099138,10.0,13.335216533675034,0.0204,0.0158489,0.0251189,0.449,0.4,0.5,0.244,0.2,0.3,27.5,0.618,24.5,1.0,True,0.01,0.95,10.0,39600.0,0.938,0.139
14414,1 - 1 - 2022,19800.0,11.832159566199232,10.0,13.335216533675034,0.0195,0.0158489,0.0251189,0.458,0.4,0.5,0.34,0.3,0.4,18.4,0.504,15.3,1.0,True,0.01,0.95,10.0,39600.0,0.938,0.139
14415,1 - 1 - 2022,19800.0,11.532562594670797,10.0,13.335216533675034,0.02,0.0158489,0.0251189,0.451,0.4,0.5,0.461,0.4,0.5,27.5,0.618,18.4,1.0,True,0.01,0.95,10.0,39600.0,0.938,0.139
14416,1 - 1 - 2022,19800.0,11.357816691600547,10.0,13.335216533675034,0.0184,0.0158489,0.0251189,0.453,0.4,0.5,0.641,0.6,0.7,24.5,0.583,18.4,1.0,True,0.01,0.95,10.0,39600.0,0.938,0.139
14417,1 - 1 - 2022,19800.0,11.313708498984761,10.0,13.335216533675034,0.0218,0.0158489,0.0251189,0.45,0.4,0.5,0.763,0.7,0.8,36.7,0.713,24.5,1.0,True,0.01,0.95,10.0,39600.0,0.938,0.139
14418,1 - 1 - 2022,19800.0,11.832159566199232,10.0,13.335216533675034,0.0199,0.0158489,0.0251189,0.423,0.4,0.5,0.823,0.8,0.9,12.2,0.412,9.18,1.0,True,0.01,0.95,10.0,39600.0,0.938,0.139
14419,1 - 1 - 2022,19800.0,11.958260743101398,10.0,13.335216533675034,0.0188,0.0158489,0.0251189,0.449,0.4,0.5,0.962,0.9,1.0,15.3,0.46,12.2,1.0,True,0.01,0.95,10.0,39600.0,0.938,0.139
14420,1 - 1 - 2022,19800.0,11.045361017187261,10.0,13.335216533675034,0.0211,0.0158489,0.0251189,0.44,0.4,0.5,1.18,1.0,1.5,7.34,0.143,5.51,1.0,True,0.01,0.95,10.0,39600.0,0.938,0.139
14421,1 - 1 - 2022,19800.0,11.269427669584644,10.0,13.335216533675034,0.0194,0.0158489,0.0251189,0.462,0.4,0.5,1.84,1.5,2.0,1.22,0.0582,0.0,1.0,True,0.01,0.95,10.0,39600.0,0.938,0.139
14422,1 - 1 - 2022,19800.0,11.832159566199232,10.0,13.335216533675034,0.0212,0.0158489,0.0251189,0.546,0.5,0.6,2.82,2.0,4.0,1.07,0.0272,0.765,1.0,True,0.01,0.95,10.0,39600.0,0.938,0.139
14423,1 - 1 - 2022,19800.0,11.789826122551595,10.0,13.335216533675034,0.0321,0.0251189,0.0398107,0.0196,0.0,0.05,0.0344,0.0,0.05,131.0,2.14,124.0,1.0,True,0.01,0.95,10.0,39600.0,0.938,0.139
14424,1 - 1 - 2022,19800.0,11.575836902790225,10.0,13.335216533675034,0.0322,0.0251189,0.0398107,0.0241,0.0,0.05,0.0783,0.05,0.1,502.0,4.19,417.0,1.0,True,0.01,0.95,10.0,39600.0,0.938,0.139
14425,1 - 1 - 2022,19800.0,11.445523142259598,10.0,13.335216533675034,0.0319,0.0251189,0.0398107,0.0199,0.0,0.05,0.154,0.1,0.2,846.0,3.85,652.0,1.0,True,0.01,0.95,10.0,39600.0,0.938,0.139
14426,1 - 1 - 2022,19800.0,11.575836902790225,10.0,13.335216533675034,0.0314,0.0251189,0.0398107,0.0183,0.0,0.05,0.252,0.2,0.3,1350.0,4.85,857.0,1.0,True,0.01,0.95,10.0,39600.0,0.938,0.139
14427,1 - 1 - 2022,19800.0,11.575836902790225,10.0,13.335216533675034,0.0314,0.0251189,0.0398107,0.0185,0.0,0.05,0.349,0.3,0.4,1520.0,5.15,795.0,1.0,True,0.01,0.95,10.0,39600.0,0.938,0.139
14428,1 - 1 - 2022,19800.0,11.445523142259598,10.0,13.335216533675034,0.0312,0.0251189,0.0398107,0.0184,0.0,0.05,0.447,0.4,0.5,1340.0,4.83,444.0,1.0,True,0.01,0.95,10.0,39600.0,0.938,0.139
14429,1 - 1 - 2022,19800.0,11.489125293076057,10.0,13.335216533675034,0.0319,0.0251189,0.0398107,0.0179,0.0,0.05,0.545,0.5,0.6,1070.0,4.32,317.0,1.0,True,0.01,0.95,10.0,39600.0,0.938,0.139
14430,1 - 1 - 2022,19800.0,11.532562594670797,10.0,13.335216533675034,0.0324,0.0251189,0.0398107,0.0179,0.0,0.05,0.644,0.6,0.7,691.0,3.48,181.0,1.0,True,0.01,0.95,10.0,39600.0,0.938,0.139
14431,1 - 1 - 2022,19800.0,11.489125293076057,10.0,13.335216533675034,0.0312,0.0251189,0.0398107,0.0192,0.0,0.05,0.744,0.7,0.8,498.0,2.95,147.0,1.0,True,0.01,0.95,10.0,39600.0,0.938,0.139
14432,1 - 1 - 2022,19800.0,11.61895003862225,10.0,13.335216533675034,0.0314,0.0251189,0.0398107,0.0209,0.0,0.05,0.845,0.8,0.9,324.0,2.38,38.6,1.0,True,0.01,0.95,10.0,39600.0,0.938,0.139
14433,1 - 1 - 2022,19800.0,11.445523142259598,10.0,13.335216533675034,0.0316,0.0251189,0.0398107,0.0232,0.0,0.05,0.949,0.9,1.0,232.0,2.01,69.5,1.0,True,0.01,0.95,10.0,39600.0,0.938,0.139
14434,1 - 1 - 2022,19800.0,11.313708498984761,10.0,13.335216533675034,0.0321,0.0251189,0.0398107,0.0235,0.0,0.05,1.16,1.0,1.5,89.6,0.56,6.95,1.0,True,0.01,0.95,10.0,39600.0,0.938,0.139
14435,1 - 1 - 2022,19800.0,11.789826122551595,10.0,13.335216533675034,0.0332,0.0251189,0.0398107,0.0355,0.0,0.05,1.67,1.5,2.0,8.49,0.172,0.0,1.0,True,0.01,0.95,10.0,39600.0,0.938,0.139
14436,1 - 1 - 2022,19800.0,12.489995996796797,10.0,13.335216533675034,0.0308,0.0251189,0.0398107,0.034,0.0,0.05,2.12,2.0,4.0,0.386,0.0184,0.0,1.0,True,0.01,0.95,10.0,39600.0,0.938,0.139
14437,1 - 1 - 2022,19800.0,11.874342087037917,10.0,13.335216533675034,0.0334,0.0251189,0.0398107,0.0782,0.05,0.1,0.0345,0.0,0.05,46.3,1.27,15.4,1.0,True,0.01,0.95,10.0,39600.0,0.938,0.139
14438,1 - 1 - 2022,19800.0,11.224972160321824,10.0,13.335216533675034,0.033,0.0251189,0.0398107,0.0716,0.05,0.1,0.0761,0.05,0.1,201.0,2.65,38.6,1.0,True,0.01,0.95,10.0,39600.0,0.938,0.139
14439,1 - 1 - 2022,19800.0,11.357816691600547,10.0,13.335216533675034,0.032,0.0251189,0.0398107,0.0741,0.05,0.1,0.154,0.1,0.2,340.0,2.44,84.9,1.0,True,0.01,0.95,10.0,39600.0,0.938,0.139
14440,1 - 1 - 2022,19800.0,11.445523142259598,10.0,13.335216533675034,0.0325,0.0251189,0.0398107,0.0725,0.05,0.1,0.25,0.2,0.3,506.0,2.97,166.0,1.0,True,0.01,0.95,10.0,39600.0,0.938,0.139
14441,1 - 1 - 2022,19800.0,11.489125293076057,10.0,13.335216533675034,0.032,0.0251189,0.0398107,0.071,0.05,0.1,0.348,0.3,0.4,494.0,2.94,154.0,1.0,True,0.01,0.95,10.0,39600.0,0.938,0.139
14442,1 - 1 - 2022,19800.0,11.532562594670797,10.0,13.335216533675034,0.0316,0.0251189,0.0398107,0.0767,0.05,0.1,0.447,0.4,0.5,429.0,2.74,104.0,1.0,True,0.01,0.95,10.0,39600.0,0.938,0.139
14443,1 - 1 - 2022,19800.0,11.532562594670797,10.0,13.335216533675034,0.0316,0.0251189,0.0398107,0.0733,0.05,0.1,0.552,0.5,0.6,355.0,2.49,81.1,1.0,True,0.01,0.95,10.0,39600.0,0.938,0.139
14444,1 - 1 - 2022,19800.0,11.661903789690601,10.0,13.335216533675034,0.0323,0.0251189,0.0398107,0.0719,0.05,0.1,0.65,0.6,0.7,259.0,2.13,65.6,1.0,True,0.01,0.95,10.0,39600.0,0.938,0.139
14445,1 - 1 - 2022,19800.0,11.135528725660043,10.0,13.335216533675034,0.0325,0.0251189,0.0398107,0.072,0.05,0.1,0.753,0.7,0.8,212.0,1.93,65.6,1.0,True,0.01,0.95,10.0,39600.0,0.938,0.139
14446,1 - 1 - 2022,19800.0,11.661903789690601,10.0,13.335216533675034,0.0321,0.0251189,0.0398107,0.074,0.05,0.1,0.849,0.8,0.9,131.0,1.52,27.0,1.0,True,0.01,0.95,10.0,39600.0,0.938,0.139
14447,1 - 1 - 2022,19800.0,11.313708498984761,10.0,13.335216533675034,0.0308,0.0251189,0.0398107,0.0696,0.05,0.1,0.95,0.9,1.0,139.0,1.56,19.3,1.0,True,0.01,0.95,10.0,39600.0,0.938,0.139
14448,1 - 1 - 2022,19800.0,11.40175425099138,10.0,13.335216533675034,0.0312,0.0251189,0.0398107,0.0734,0.05,0.1,1.2,1.0,1.5,59.5,0.456,6.95,1.0,True,0.01,0.95,10.0,39600.0,0.938,0.139
14449,1 - 1 - 2022,19800.0,11.61895003862225,10.0,13.335216533675034,0.0322,0.0251189,0.0398107,0.0726,0.05,0.1,1.72,1.5,2.0,20.8,0.27,0.0,1.0,True,0.01,0.95,10.0,39600.0,0.938,0.139
14450,1 - 1 - 2022,19800.0,11.61895003862225,10.0,13.335216533675034,0.0318,0.0251189,0.0398107,0.0756,0.05,0.1,2.4,2.0,4.0,3.67,0.0566,0.0,1.0,True,0.01,0.95,10.0,39600.0,0.938,0.139
14451,1 - 1 - 2022,19800.0,11.0,10.0,13.335216533675034,0.0329,0.0251189,0.0398107,0.115,0.1,0.15,0.0455,0.0,0.05,15.4,0.735,0.0,1.0,True,0.01,0.95,10.0,39600.0,0.938,0.139
14452,1 - 1 - 2022,19800.0,11.224972160321824,10.0,13.335216533675034,0.0322,0.0251189,0.0398107,0.117,0.1,0.15,0.0757,0.05,0.1,116.0,2.01,0.0,1.0,True,0.01,0.95,10.0,39600.0,0.938,0.139
14453,1 - 1 - 2022,19800.0,11.40175425099138,10.0,13.335216533675034,0.0324,0.0251189,0.0398107,0.121,0.1,0.15,0.156,0.1,0.2,201.0,1.87,0.0,1.0,True,0.01,0.95,10.0,39600.0,0.938,0.139
14454,1 - 1 - 2022,19800.0,11.445523142259598,10.0,13.335216533675034,0.032,0.0251189,0.0398107,0.127,0.1,0.15,0.244,0.2,0.3,197.0,1.86,0.0,1.0,True,0.01,0.95,10.0,39600.0,0.938,0.139
14455,1 - 1 - 2022,19800.0,11.357816691600547,10.0,13.335216533675034,0.032,0.0251189,0.0398107,0.123,0.1,0.15,0.348,0.3,0.4,243.0,2.06,7.72,1.0,True,0.01,0.95,10.0,39600.0,0.938,0.139
14456,1 - 1 - 2022,19800.0,11.489125293076057,10.0,13.335216533675034,0.0318,0.0251189,0.0398107,0.119,0.1,0.15,0.446,0.4,0.5,239.0,2.05,3.86,1.0,True,0.01,0.95,10.0,39600.0,0.938,0.139
14457,1 - 1 - 2022,19800.0,11.40175425099138,10.0,13.335216533675034,0.0311,0.0251189,0.0398107,0.125,0.1,0.15,0.55,0.5,0.6,189.0,1.82,7.72,1.0,True,0.01,0.95,10.0,39600.0,0.938,0.139
14458,1 - 1 - 2022,19800.0,11.575836902790225,10.0,13.335216533675034,0.0311,0.0251189,0.0398107,0.121,0.1,0.15,0.648,0.6,0.7,162.0,1.68,11.6,1.0,True,0.01,0.95,10.0,39600.0,0.938,0.139
14459,1 - 1 - 2022,19800.0,11.269427669584644,10.0,13.335216533675034,0.0317,0.0251189,0.0398107,0.125,0.1,0.15,0.745,0.7,0.8,135.0,1.54,11.6,1.0,True,0.01,0.95,10.0,39600.0,0.938,0.139
14460,1 - 1 - 2022,19800.0,11.357816691600547,10.0,13.335216533675034,0.0327,0.0251189,0.0398107,0.127,0.1,0.15,0.849,0.8,0.9,92.7,1.27,3.86,1.0,True,0.01,0.95,10.0,39600.0,0.938,0.139
14461,1 - 1 - 2022,19800.0,11.575836902790225,10.0,13.335216533675034,0.0313,0.0251189,0.0398107,0.122,0.1,0.15,0.951,0.9,1.0,81.1,1.19,7.72,1.0,True,0.01,0.95,10.0,39600.0,0.938,0.139
14462,1 - 1 - 2022,19800.0,11.269427669584644,10.0,13.335216533675034,0.0327,0.0251189,0.0398107,0.121,0.1,0.15,1.21,1.0,1.5,47.1,0.406,4.63,1.0,True,0.01,0.95,10.0,39600.0,0.938,0.139
14463,1 - 1 - 2022,19800.0,11.61895003862225,10.0,13.335216533675034,0.031,0.0251189,0.0398107,0.123,0.1,0.15,1.76,1.5,2.0,23.9,0.289,3.09,1.0,True,0.01,0.95,10.0,39600.0,0.938,0.139
14464,1 - 1 - 2022,19800.0,11.789826122551595,10.0,13.335216533675034,0.0327,0.0251189,0.0398107,0.126,0.1,0.15,2.32,2.0,4.0,3.28,0.0536,0.193,1.0,True,0.01,0.95,10.0,39600.0,0.938,0.139
14465,1 - 1 - 2022,19800.0,11.269427669584644,10.0,13.335216533675034,0.0343,0.0251189,0.0398107,0.177,0.15,0.2,0.0178,0.0,0.05,23.2,0.9,0.0,1.0,True,0.01,0.95,10.0,39600.0,0.938,0.139
14466,1 - 1 - 2022,19800.0,11.135528725660043,10.0,13.335216533675034,0.0318,0.0251189,0.0398107,0.162,0.15,0.2,0.0776,0.05,0.1,23.2,0.9,0.0,1.0,True,0.01,0.95,10.0,39600.0,0.938,0.139
14467,1 - 1 - 2022,19800.0,11.40175425099138,10.0,13.335216533675034,0.0322,0.0251189,0.0398107,0.17,0.15,0.2,0.157,0.1,0.2,81.1,1.19,0.0,1.0,True,0.01,0.95,10.0,39600.0,0.938,0.139
14468,1 - 1 - 2022,19800.0,11.180339887498949,10.0,13.335216533675034,0.0318,0.0251189,0.0398107,0.173,0.15,0.2,0.246,0.2,0.3,193.0,1.84,0.0,1.0,True,0.01,0.95,10.0,39600.0,0.938,0.139
14469,1 - 1 - 2022,19800.0,11.489125293076057,10.0,13.335216533675034,0.0324,0.0251189,0.0398107,0.173,0.15,0.2,0.351,0.3,0.4,166.0,1.7,0.0,1.0,True,0.01,0.95,10.0,39600.0,0.938,0.139
14470,1 - 1 - 2022,19800.0,11.090536506409418,10.0,13.335216533675034,0.0316,0.0251189,0.0398107,0.176,0.15,0.2,0.446,0.4,0.5,104.0,1.35,0.0,1.0,True,0.01,0.95,10.0,39600.0,0.938,0.139
14471,1 - 1 - 2022,19800.0,11.357816691600547,10.0,13.335216533675034,0.0325,0.0251189,0.0398107,0.177,0.15,0.2,0.546,0.5,0.6,127.0,1.49,0.0,1.0,True,0.01,0.95,10.0,39600.0,0.938,0.139
14472,1 - 1 - 2022,19800.0,11.313708498984761,10.0,13.335216533675034,0.0319,0.0251189,0.0398107,0.171,0.15,0.2,0.651,0.6,0.7,92.7,1.27,0.0,1.0,True,0.01,0.95,10.0,39600.0,0.938,0.139
14473,1 - 1 - 2022,19800.0,11.357816691600547,10.0,13.335216533675034,0.0329,0.0251189,0.0398107,0.179,0.15,0.2,0.752,0.7,0.8,73.4,1.13,0.0,1.0,True,0.01,0.95,10.0,39600.0,0.938,0.139
14474,1 - 1 - 2022,19800.0,11.958260743101398,10.0,13.335216533675034,0.034,0.0251189,0.0398107,0.173,0.15,0.2,0.86,0.8,0.9,34.7,0.78,0.0,1.0,True,0.01,0.95,10.0,39600.0,0.938,0.139
14475,1 - 1 - 2022,19800.0,11.532562594670797,10.0,13.335216533675034,0.0307,0.0251189,0.0398107,0.18,0.15,0.2,0.957,0.9,1.0,38.6,0.822,0.0,1.0,True,0.01,0.95,10.0,39600.0,0.938,0.139
14476,1 - 1 - 2022,19800.0,11.532562594670797,10.0,13.335216533675034,0.0306,0.0251189,0.0398107,0.173,0.15,0.2,1.17,1.0,1.5,30.1,0.325,2.32,1.0,True,0.01,0.95,10.0,39600.0,0.938,0.139
14477,1 - 1 - 2022,19800.0,11.74734012447073,10.0,13.335216533675034,0.0323,0.0251189,0.0398107,0.169,0.15,0.2,1.74,1.5,2.0,10.0,0.187,1.54,1.0,True,0.01,0.95,10.0,39600.0,0.938,0.139
14478,1 - 1 - 2022,19800.0,11.832159566199232,10.0,13.335216533675034,0.0294,0.0251189,0.0398107,0.176,0.15,0.2,2.73,2.0,4.0,1.74,0.039,0.386,1.0,True,0.01,0.95,10.0,39600.0,0.938,0.139
14479,1 - 1 - 2022,19800.0,11.135528725660043,10.0,13.335216533675034,0.0308,0.0251189,0.0398107,0.219,0.2,0.25,0.066,0.05,0.1,38.6,1.16,0.0,1.0,True,0.01,0.95,10.0,39600.0,0.938,0.139
14480,1 - 1 - 2022,19800.0,11.0,10.0,13.335216533675034,0.0333,0.0251189,0.0398107,0.228,0.2,0.25,0.161,0.1,0.2,30.9,0.735,0.0,1.0,True,0.01,0.95,10.0,39600.0,0.938,0.139
14481,1 - 1 - 2022,19800.0,11.704699910719626,10.0,13.335216533675034,0.0313,0.0251189,0.0398107,0.217,0.2,0.25,0.254,0.2,0.3,100.0,1.33,0.0,1.0,True,0.01,0.95,10.0,39600.0,0.938,0.139
14482,1 - 1 - 2022,19800.0,11.045361017187261,10.0,13.335216533675034,0.0326,0.0251189,0.0398107,0.224,0.2,0.25,0.344,0.3,0.4,65.6,1.07,0.0,1.0,True,0.01,0.95,10.0,39600.0,0.938,0.139
14483,1 - 1 - 2022,19800.0,11.180339887498949,10.0,13.335216533675034,0.0314,0.0251189,0.0398107,0.219,0.2,0.25,0.445,0.4,0.5,116.0,1.42,0.0,1.0,True,0.01,0.95,10.0,39600.0,0.938,0.139
14484,1 - 1 - 2022,19800.0,12.041594578792296,10.0,13.335216533675034,0.0308,0.0251189,0.0398107,0.227,0.2,0.25,0.551,0.5,0.6,108.0,1.38,0.0,1.0,True,0.01,0.95,10.0,39600.0,0.938,0.139
14485,1 - 1 - 2022,19800.0,11.74734012447073,10.0,13.335216533675034,0.031,0.0251189,0.0398107,0.228,0.2,0.25,0.658,0.6,0.7,96.5,1.3,0.0,1.0,True,0.01,0.95,10.0,39600.0,0.938,0.139
14486,1 - 1 - 2022,19800.0,10.908712114635714,10.0,13.335216533675034,0.0323,0.0251189,0.0398107,0.232,0.2,0.25,0.757,0.7,0.8,50.2,0.937,3.86,1.0,True,0.01,0.95,10.0,39600.0,0.938,0.139
14487,1 - 1 - 2022,19800.0,11.661903789690601,10.0,13.335216533675034,0.032,0.0251189,0.0398107,0.22,0.2,0.25,0.843,0.8,0.9,38.6,0.822,3.86,1.0,True,0.01,0.95,10.0,39600.0,0.938,0.139
14488,1 - 1 - 2022,19800.0,11.445523142259598,10.0,13.335216533675034,0.0325,0.0251189,0.0398107,0.223,0.2,0.25,0.936,0.9,1.0,23.2,0.636,3.86,1.0,True,0.01,0.95,10.0,39600.0,0.938,0.139
14489,1 - 1 - 2022,19800.0,11.61895003862225,10.0,13.335216533675034,0.0346,0.0251189,0.0398107,0.225,0.2,0.25,1.25,1.0,1.5,15.4,0.232,2.32,1.0,True,0.01,0.95,10.0,39600.0,0.938,0.139
14490,1 - 1 - 2022,19800.0,11.0,10.0,13.335216533675034,0.0323,0.0251189,0.0398107,0.227,0.2,0.25,1.73,1.5,2.0,6.95,0.156,2.32,1.0,True,0.01,0.95,10.0,39600.0,0.938,0.139
14491,1 - 1 - 2022,19800.0,11.313708498984761,10.0,13.335216533675034,0.0327,0.0251189,0.0398107,0.23,0.2,0.25,2.64,2.0,4.0,2.12,0.0431,1.16,1.0,True,0.01,0.95,10.0,39600.0,0.938,0.139
14492,1 - 1 - 2022,19800.0,12.12435565298214,10.0,13.335216533675034,0.0345,0.0251189,0.0398107,0.261,0.25,0.3,0.0713,0.05,0.1,46.3,1.27,0.0,1.0,True,0.01,0.95,10.0,39600.0,0.938,0.139
14493,1 - 1 - 2022,19800.0,11.445523142259598,10.0,13.335216533675034,0.0288,0.0251189,0.0398107,0.273,0.25,0.3,0.156,0.1,0.2,61.8,1.04,0.0,1.0,True,0.01,0.95,10.0,39600.0,0.938,0.139
14494,1 - 1 - 2022,19800.0,11.532562594670797,10.0,13.335216533675034,0.0292,0.0251189,0.0398107,0.273,0.25,0.3,0.246,0.2,0.3,42.5,0.862,0.0,1.0,True,0.01,0.95,10.0,39600.0,0.938,0.139
14495,1 - 1 - 2022,19800.0,11.180339887498949,10.0,13.335216533675034,0.0335,0.0251189,0.0398107,0.269,0.25,0.3,0.349,0.3,0.4,69.5,1.1,3.86,1.0,True,0.01,0.95,10.0,39600.0,0.938,0.139
14496,1 - 1 - 2022,19800.0,11.74734012447073,10.0,13.335216533675034,0.0309,0.0251189,0.0398107,0.279,0.25,0.3,0.449,0.4,0.5,69.5,1.1,0.0,1.0,True,0.01,0.95,10.0,39600.0,0.938,0.139
14497,1 - 1 - 2022,19800.0,11.61895003862225,10.0,13.335216533675034,0.0319,0.0251189,0.0398107,0.273,0.25,0.3,0.568,0.5,0.6,65.6,1.07,3.86,1.0,True,0.01,0.95,10.0,39600.0,0.938,0.139
14498,1 - 1 - 2022,19800.0,11.357816691600547,10.0,13.335216533675034,0.0312,0.0251189,0.0398107,0.278,0.25,0.3,0.653,0.6,0.7,69.5,1.1,7.72,1.0,True,0.01,0.95,10.0,39600.0,0.938,0.139
14499,1 - 1 - 2022,19800.0,11.269427669584644,10.0,13.335216533675034,0.0303,0.0251189,0.0398107,0.273,0.25,0.3,0.761,0.7,0.8,61.8,1.04,0.0,1.0,True,0.01,0.95,10.0,39600.0,0.938,0.139
14500,1 - 1 - 2022,19800.0,11.532562594670797,10.0,13.335216533675034,0.03,0.0251189,0.0398107,0.278,0.25,0.3,0.837,0.8,0.9,65.6,1.07,7.72,1.0,True,0.01,0.95,10.0,39600.0,0.938,0.139
14501,1 - 1 - 2022,19800.0,10.862780491200215,10.0,13.335216533675034,0.0292,0.0251189,0.0398107,0.264,0.25,0.3,0.941,0.9,1.0,19.3,0.581,7.72,1.0,True,0.01,0.95,10.0,39600.0,0.938,0.139
14502,1 - 1 - 2022,19800.0,11.269427669584644,10.0,13.335216533675034,0.0307,0.0251189,0.0398107,0.275,0.25,0.3,1.17,1.0,1.5,13.9,0.221,3.86,1.0,True,0.01,0.95,10.0,39600.0,0.938,0.139
14503,1 - 1 - 2022,19800.0,11.0,10.0,13.335216533675034,0.032,0.0251189,0.0398107,0.272,0.25,0.3,1.74,1.5,2.0,2.32,0.09,1.54,1.0,True,0.01,0.95,10.0,39600.0,0.938,0.139
14504,1 - 1 - 2022,19800.0,10.954451150103322,10.0,13.335216533675034,0.0327,0.0251189,0.0398107,0.278,0.25,0.3,2.68,2.0,4.0,1.93,0.0411,0.386,1.0,True,0.01,0.95,10.0,39600.0,0.938,0.139
14505,1 - 1 - 2022,19800.0,11.445523142259598,10.0,13.335216533675034,0.0302,0.0251189,0.0398107,0.364,0.3,0.4,0.0371,0.0,0.05,7.72,0.368,3.86,1.0,True,0.01,0.95,10.0,39600.0,0.938,0.139
14506,1 - 1 - 2022,19800.0,12.0,10.0,13.335216533675034,0.0311,0.0251189,0.0398107,0.363,0.3,0.4,0.153,0.1,0.2,15.4,0.368,7.72,1.0,True,0.01,0.95,10.0,39600.0,0.938,0.139
14507,1 - 1 - 2022,19800.0,11.357816691600547,10.0,13.335216533675034,0.032,0.0251189,0.0398107,0.346,0.3,0.4,0.248,0.2,0.3,34.7,0.551,7.72,1.0,True,0.01,0.95,10.0,39600.0,0.938,0.139
14508,1 - 1 - 2022,19800.0,11.090536506409418,10.0,13.335216533675034,0.0319,0.0251189,0.0398107,0.351,0.3,0.4,0.359,0.3,0.4,40.5,0.595,13.5,1.0,True,0.01,0.95,10.0,39600.0,0.938,0.139
14509,1 - 1 - 2022,19800.0,11.224972160321824,10.0,13.335216533675034,0.0321,0.0251189,0.0398107,0.348,0.3,0.4,0.454,0.4,0.5,27.0,0.486,11.6,1.0,True,0.01,0.95,10.0,39600.0,0.938,0.139
14510,1 - 1 - 2022,19800.0,11.532562594670797,10.0,13.335216533675034,0.0311,0.0251189,0.0398107,0.337,0.3,0.4,0.548,0.5,0.6,40.5,0.595,13.5,1.0,True,0.01,0.95,10.0,39600.0,0.938,0.139
14511,1 - 1 - 2022,19800.0,11.74734012447073,10.0,13.335216533675034,0.0305,0.0251189,0.0398107,0.344,0.3,0.4,0.67,0.6,0.7,23.2,0.45,3.86,1.0,True,0.01,0.95,10.0,39600.0,0.938,0.139
14512,1 - 1 - 2022,19800.0,11.269427669584644,10.0,13.335216533675034,0.0329,0.0251189,0.0398107,0.34,0.3,0.4,0.743,0.7,0.8,29.0,0.503,7.72,1.0,True,0.01,0.95,10.0,39600.0,0.938,0.139
14513,1 - 1 - 2022,19800.0,11.357816691600547,10.0,13.335216533675034,0.0315,0.0251189,0.0398107,0.344,0.3,0.4,0.847,0.8,0.9,27.0,0.486,11.6,1.0,True,0.01,0.95,10.0,39600.0,0.938,0.139
14514,1 - 1 - 2022,19800.0,11.40175425099138,10.0,13.335216533675034,0.0335,0.0251189,0.0398107,0.317,0.3,0.4,0.937,0.9,1.0,11.6,0.318,7.72,1.0,True,0.01,0.95,10.0,39600.0,0.938,0.139
14515,1 - 1 - 2022,19800.0,11.224972160321824,10.0,13.335216533675034,0.0322,0.0251189,0.0398107,0.347,0.3,0.4,1.21,1.0,1.5,10.4,0.135,8.49,1.0,True,0.01,0.95,10.0,39600.0,0.938,0.139
14516,1 - 1 - 2022,19800.0,11.704699910719626,10.0,13.335216533675034,0.0332,0.0251189,0.0398107,0.335,0.3,0.4,1.73,1.5,2.0,2.7,0.0688,1.16,1.0,True,0.01,0.95,10.0,39600.0,0.938,0.139
14517,1 - 1 - 2022,19800.0,12.489995996796797,10.0,13.335216533675034,0.0296,0.0251189,0.0398107,0.327,0.3,0.4,2.74,2.0,4.0,0.29,0.0113,0.0,1.0,True,0.01,0.95,10.0,39600.0,0.938,0.139
14518,1 - 1 - 2022,19800.0,11.0,10.0,13.335216533675034,0.0312,0.0251189,0.0398107,0.452,0.4,0.5,0.439,0.4,0.5,25.1,0.468,23.2,1.0,True,0.01,0.95,10.0,39600.0,0.938,0.139
14519,1 - 1 - 2022,19800.0,11.224972160321824,10.0,13.335216533675034,0.0306,0.0251189,0.0398107,0.44,0.4,0.5,0.552,0.5,0.6,15.4,0.368,13.5,1.0,True,0.01,0.95,10.0,39600.0,0.938,0.139
14520,1 - 1 - 2022,19800.0,11.575836902790225,10.0,13.335216533675034,0.0285,0.0251189,0.0398107,0.447,0.4,0.5,0.643,0.6,0.7,13.5,0.344,7.72,1.0,True,0.01,0.95,10.0,39600.0,0.938,0.139
14521,1 - 1 - 2022,19800.0,11.40175425099138,10.0,13.335216533675034,0.0318,0.0251189,0.0398107,0.442,0.4,0.5,0.738,0.7,0.8,17.4,0.39,13.5,1.0,True,0.01,0.95,10.0,39600.0,0.938,0.139
14522,1 - 1 - 2022,19800.0,11.357816691600547,10.0,13.335216533675034,0.0325,0.0251189,0.0398107,0.447,0.4,0.5,0.851,0.8,0.9,9.65,0.291,5.79,1.0,True,0.01,0.95,10.0,39600.0,0.938,0.139
14523,1 - 1 - 2022,19800.0,11.789826122551595,10.0,13.335216533675034,0.0296,0.0251189,0.0398107,0.445,0.4,0.5,0.958,0.9,1.0,9.65,0.291,1.93,1.0,True,0.01,0.95,10.0,39600.0,0.938,0.139
14524,1 - 1 - 2022,19800.0,11.045361017187261,10.0,13.335216533675034,0.0316,0.0251189,0.0398107,0.436,0.4,0.5,1.25,1.0,1.5,5.02,0.0937,3.86,1.0,True,0.01,0.95,10.0,39600.0,0.938,0.139
14525,1 - 1 - 2022,19800.0,11.532562594670797,10.0,13.335216533675034,0.0316,0.0251189,0.0398107,0.436,0.4,0.5,2.92,2.0,4.0,0.579,0.0159,0.0965,1.0,True,0.01,0.95,10.0,39600.0,0.938,0.139
14526,1 - 1 - 2022,19800.0,10.723805294763608,10.0,13.335216533675034,0.03,0.0251189,0.0398107,0.536,0.5,0.6,1.19,1.0,1.5,2.32,0.0637,1.54,1.0,True,0.01,0.95,10.0,39600.0,0.938,0.139
14527,1 - 1 - 2022,19800.0,11.575836902790225,10.0,13.335216533675034,0.031,0.0251189,0.0398107,0.538,0.5,0.6,2.34,2.0,4.0,0.386,0.013,0.29,1.0,True,0.01,0.95,10.0,39600.0,0.938,0.139
14528,1 - 1 - 2022,19800.0,11.489125293076057,10.0,13.335216533675034,0.048,0.0398107,0.0630957,0.0319,0.0,0.05,0.0361,0.0,0.05,53.6,1.09,48.7,1.0,True,0.01,0.95,10.0,39600.0,0.938,0.139
14529,1 - 1 - 2022,19800.0,11.661903789690601,10.0,13.335216533675034,0.0512,0.0398107,0.0630957,0.0231,0.0,0.05,0.0811,0.05,0.1,219.0,2.2,136.0,1.0,True,0.01,0.95,10.0,39600.0,0.938,0.139
14530,1 - 1 - 2022,19800.0,11.532562594670797,10.0,13.335216533675034,0.0502,0.0398107,0.0630957,0.0245,0.0,0.05,0.151,0.1,0.2,426.0,2.17,268.0,1.0,True,0.01,0.95,10.0,39600.0,0.938,0.139
14531,1 - 1 - 2022,19800.0,11.445523142259598,10.0,13.335216533675034,0.0495,0.0398107,0.0630957,0.0204,0.0,0.05,0.251,0.2,0.3,653.0,2.68,368.0,1.0,True,0.01,0.95,10.0,39600.0,0.938,0.139
14532,1 - 1 - 2022,19800.0,11.532562594670797,10.0,13.335216533675034,0.0501,0.0398107,0.0630957,0.0217,0.0,0.05,0.35,0.3,0.4,733.0,2.84,263.0,1.0,True,0.01,0.95,10.0,39600.0,0.938,0.139
14533,1 - 1 - 2022,19800.0,11.532562594670797,10.0,13.335216533675034,0.0504,0.0398107,0.0630957,0.0206,0.0,0.05,0.452,0.4,0.5,629.0,2.63,248.0,1.0,True,0.01,0.95,10.0,39600.0,0.938,0.139
14534,1 - 1 - 2022,19800.0,11.532562594670797,10.0,13.335216533675034,0.0496,0.0398107,0.0630957,0.0218,0.0,0.05,0.547,0.5,0.6,504.0,2.36,153.0,1.0,True,0.01,0.95,10.0,39600.0,0.938,0.139
14535,1 - 1 - 2022,19800.0,11.61895003862225,10.0,13.335216533675034,0.0496,0.0398107,0.0630957,0.0209,0.0,0.05,0.647,0.6,0.7,397.0,2.09,110.0,1.0,True,0.01,0.95,10.0,39600.0,0.938,0.139
14536,1 - 1 - 2022,19800.0,11.575836902790225,10.0,13.335216533675034,0.0501,0.0398107,0.0630957,0.0218,0.0,0.05,0.745,0.7,0.8,263.0,1.7,60.9,1.0,True,0.01,0.95,10.0,39600.0,0.938,0.139
14537,1 - 1 - 2022,19800.0,11.704699910719626,10.0,13.335216533675034,0.0504,0.0398107,0.0630957,0.0241,0.0,0.05,0.848,0.8,0.9,173.0,1.38,41.4,1.0,True,0.01,0.95,10.0,39600.0,0.938,0.139
14538,1 - 1 - 2022,19800.0,11.489125293076057,10.0,13.335216533675034,0.0501,0.0398107,0.0630957,0.0236,0.0,0.05,0.942,0.9,1.0,136.0,1.23,24.4,1.0,True,0.01,0.95,10.0,39600.0,0.938,0.139
14539,1 - 1 - 2022,19800.0,11.74734012447073,10.0,13.335216533675034,0.0492,0.0398107,0.0630957,0.0281,0.0,0.05,1.17,1.0,1.5,35.1,0.278,2.92,1.0,True,0.01,0.95,10.0,39600.0,0.938,0.139
14540,1 - 1 - 2022,19800.0,11.874342087037917,10.0,13.335216533675034,0.0483,0.0398107,0.0630957,0.0383,0.0,0.05,1.68,1.5,2.0,5.36,0.109,0.0,1.0,True,0.01,0.95,10.0,39600.0,0.938,0.139
14541,1 - 1 - 2022,19800.0,12.12435565298214,10.0,13.335216533675034,0.0462,0.0398107,0.0630957,0.0342,0.0,0.05,2.3,2.0,4.0,0.609,0.0183,0.0,1.0,True,0.01,0.95,10.0,39600.0,0.938,0.139
14542,1 - 1 - 2022,19800.0,11.0,10.0,13.335216533675034,0.0512,0.0398107,0.0630957,0.0661,0.05,0.1,0.0385,0.0,0.05,24.4,0.733,19.5,1.0,True,0.01,0.95,10.0,39600.0,0.938,0.139
14543,1 - 1 - 2022,19800.0,11.61895003862225,10.0,13.335216533675034,0.0493,0.0398107,0.0630957,0.0723,0.05,0.1,0.0766,0.05,0.1,166.0,1.91,102.0,1.0,True,0.01,0.95,10.0,39600.0,0.938,0.139
14544,1 - 1 - 2022,19800.0,11.313708498984761,10.0,13.335216533675034,0.0508,0.0398107,0.0630957,0.0697,0.05,0.1,0.148,0.1,0.2,202.0,1.49,99.9,1.0,True,0.01,0.95,10.0,39600.0,0.938,0.139
14545,1 - 1 - 2022,19800.0,11.445523142259598,10.0,13.335216533675034,0.0501,0.0398107,0.0630957,0.0718,0.05,0.1,0.253,0.2,0.3,263.0,1.7,107.0,1.0,True,0.01,0.95,10.0,39600.0,0.938,0.139
14546,1 - 1 - 2022,19800.0,11.313708498984761,10.0,13.335216533675034,0.0513,0.0398107,0.0630957,0.0724,0.05,0.1,0.354,0.3,0.4,261.0,1.7,102.0,1.0,True,0.01,0.95,10.0,39600.0,0.938,0.139
14547,1 - 1 - 2022,19800.0,11.445523142259598,10.0,13.335216533675034,0.05,0.0398107,0.0630957,0.071,0.05,0.1,0.447,0.4,0.5,239.0,1.62,70.6,1.0,True,0.01,0.95,10.0,39600.0,0.938,0.139
14548,1 - 1 - 2022,19800.0,11.661903789690601,10.0,13.335216533675034,0.0507,0.0398107,0.0630957,0.0738,0.05,0.1,0.55,0.5,0.6,229.0,1.59,60.9,1.0,True,0.01,0.95,10.0,39600.0,0.938,0.139
14549,1 - 1 - 2022,19800.0,11.489125293076057,10.0,13.335216533675034,0.049,0.0398107,0.0630957,0.0719,0.05,0.1,0.643,0.6,0.7,166.0,1.35,51.2,1.0,True,0.01,0.95,10.0,39600.0,0.938,0.139
14550,1 - 1 - 2022,19800.0,11.445523142259598,10.0,13.335216533675034,0.0488,0.0398107,0.0630957,0.0733,0.05,0.1,0.748,0.7,0.8,127.0,1.18,34.1,1.0,True,0.01,0.95,10.0,39600.0,0.938,0.139
14551,1 - 1 - 2022,19800.0,11.661903789690601,10.0,13.335216533675034,0.0495,0.0398107,0.0630957,0.0712,0.05,0.1,0.842,0.8,0.9,114.0,1.12,34.1,1.0,True,0.01,0.95,10.0,39600.0,0.938,0.139
14552,1 - 1 - 2022,19800.0,11.532562594670797,10.0,13.335216533675034,0.0496,0.0398107,0.0630957,0.074,0.05,0.1,0.944,0.9,1.0,63.3,0.836,2.44,1.0,True,0.01,0.95,10.0,39600.0,0.938,0.139
14553,1 - 1 - 2022,19800.0,11.445523142259598,10.0,13.335216533675034,0.0492,0.0398107,0.0630957,0.0767,0.05,0.1,1.19,1.0,1.5,40.9,0.301,6.33,1.0,True,0.01,0.95,10.0,39600.0,0.938,0.139
14554,1 - 1 - 2022,19800.0,11.313708498984761,10.0,13.335216533675034,0.0474,0.0398107,0.0630957,0.0801,0.05,0.1,1.74,1.5,2.0,5.85,0.114,0.0,1.0,True,0.01,0.95,10.0,39600.0,0.938,0.139
14555,1 - 1 - 2022,19800.0,11.489125293076057,10.0,13.335216533675034,0.0488,0.0398107,0.0630957,0.0854,0.05,0.1,2.49,2.0,4.0,2.19,0.0348,0.0,1.0,True,0.01,0.95,10.0,39600.0,0.938,0.139
14556,1 - 1 - 2022,19800.0,10.583005244258363,10.0,13.335216533675034,0.05,0.0398107,0.0630957,0.128,0.1,0.15,0.0371,0.0,0.05,19.5,0.656,0.0,1.0,True,0.01,0.95,10.0,39600.0,0.938,0.139
14557,1 - 1 - 2022,19800.0,11.61895003862225,10.0,13.335216533675034,0.0495,0.0398107,0.0630957,0.121,0.1,0.15,0.0799,0.05,0.1,82.8,1.35,4.87,1.0,True,0.01,0.95,10.0,39600.0,0.938,0.139
14558,1 - 1 - 2022,19800.0,11.532562594670797,10.0,13.335216533675034,0.0493,0.0398107,0.0630957,0.124,0.1,0.15,0.152,0.1,0.2,102.0,1.06,0.0,1.0,True,0.01,0.95,10.0,39600.0,0.938,0.139
14559,1 - 1 - 2022,19800.0,11.40175425099138,10.0,13.335216533675034,0.0493,0.0398107,0.0630957,0.122,0.1,0.15,0.251,0.2,0.3,163.0,1.34,0.0,1.0,True,0.01,0.95,10.0,39600.0,0.938,0.139
14560,1 - 1 - 2022,19800.0,11.575836902790225,10.0,13.335216533675034,0.0505,0.0398107,0.0630957,0.124,0.1,0.15,0.352,0.3,0.4,158.0,1.32,2.44,1.0,True,0.01,0.95,10.0,39600.0,0.938,0.139
14561,1 - 1 - 2022,19800.0,11.357816691600547,10.0,13.335216533675034,0.0475,0.0398107,0.0630957,0.123,0.1,0.15,0.448,0.4,0.5,117.0,1.14,0.0,1.0,True,0.01,0.95,10.0,39600.0,0.938,0.139
14562,1 - 1 - 2022,19800.0,11.357816691600547,10.0,13.335216533675034,0.0507,0.0398107,0.0630957,0.124,0.1,0.15,0.548,0.5,0.6,134.0,1.22,7.31,1.0,True,0.01,0.95,10.0,39600.0,0.938,0.139
14563,1 - 1 - 2022,19800.0,11.575836902790225,10.0,13.335216533675034,0.0502,0.0398107,0.0630957,0.122,0.1,0.15,0.649,0.6,0.7,117.0,1.14,7.31,1.0,True,0.01,0.95,10.0,39600.0,0.938,0.139
14564,1 - 1 - 2022,19800.0,11.489125293076057,10.0,13.335216533675034,0.0503,0.0398107,0.0630957,0.122,0.1,0.15,0.745,0.7,0.8,82.8,0.956,9.75,1.0,True,0.01,0.95,10.0,39600.0,0.938,0.139
14565,1 - 1 - 2022,19800.0,11.40175425099138,10.0,13.335216533675034,0.05,0.0398107,0.0630957,0.123,0.1,0.15,0.849,0.8,0.9,65.8,0.852,9.74,1.0,True,0.01,0.95,10.0,39600.0,0.938,0.139
14566,1 - 1 - 2022,19800.0,11.313708498984761,10.0,13.335216533675034,0.0509,0.0398107,0.0630957,0.126,0.1,0.15,0.946,0.9,1.0,51.2,0.751,7.31,1.0,True,0.01,0.95,10.0,39600.0,0.938,0.139
14567,1 - 1 - 2022,19800.0,11.61895003862225,10.0,13.335216533675034,0.0501,0.0398107,0.0630957,0.123,0.1,0.15,1.17,1.0,1.5,23.9,0.23,2.92,1.0,True,0.01,0.95,10.0,39600.0,0.938,0.139
14568,1 - 1 - 2022,19800.0,11.224972160321824,10.0,13.335216533675034,0.0528,0.0398107,0.0630957,0.128,0.1,0.15,1.67,1.5,2.0,6.33,0.118,1.46,1.0,True,0.01,0.95,10.0,39600.0,0.938,0.139
14569,1 - 1 - 2022,19800.0,11.61895003862225,10.0,13.335216533675034,0.0474,0.0398107,0.0630957,0.122,0.1,0.15,2.35,2.0,4.0,1.71,0.0307,0.0,1.0,True,0.01,0.95,10.0,39600.0,0.938,0.139
14570,1 - 1 - 2022,19800.0,11.575836902790225,10.0,13.335216533675034,0.0455,0.0398107,0.0630957,0.173,0.15,0.2,0.0234,0.0,0.05,29.2,0.803,0.0,1.0,True,0.01,0.95,10.0,39600.0,0.938,0.139
14571,1 - 1 - 2022,19800.0,11.61895003862225,10.0,13.335216533675034,0.0496,0.0398107,0.0630957,0.167,0.15,0.2,0.072,0.05,0.1,29.2,0.803,0.0,1.0,True,0.01,0.95,10.0,39600.0,0.938,0.139
14572,1 - 1 - 2022,19800.0,11.313708498984761,10.0,13.335216533675034,0.0503,0.0398107,0.0630957,0.17,0.15,0.2,0.15,0.1,0.2,75.5,0.913,0.0,1.0,True,0.01,0.95,10.0,39600.0,0.938,0.139
14573,1 - 1 - 2022,19800.0,11.61895003862225,10.0,13.335216533675034,0.0486,0.0398107,0.0630957,0.169,0.15,0.2,0.25,0.2,0.3,99.9,1.05,0.0,1.0,True,0.01,0.95,10.0,39600.0,0.938,0.139
14574,1 - 1 - 2022,19800.0,11.445523142259598,10.0,13.335216533675034,0.0507,0.0398107,0.0630957,0.172,0.15,0.2,0.346,0.3,0.4,134.0,1.22,0.0,1.0,True,0.01,0.95,10.0,39600.0,0.938,0.139
14575,1 - 1 - 2022,19800.0,11.532562594670797,10.0,13.335216533675034,0.0506,0.0398107,0.0630957,0.173,0.15,0.2,0.451,0.4,0.5,95.0,1.02,0.0,1.0,True,0.01,0.95,10.0,39600.0,0.938,0.139
14576,1 - 1 - 2022,19800.0,11.269427669584644,10.0,13.335216533675034,0.0482,0.0398107,0.0630957,0.176,0.15,0.2,0.558,0.5,0.6,70.7,0.883,0.0,1.0,True,0.01,0.95,10.0,39600.0,0.938,0.139
14577,1 - 1 - 2022,19800.0,11.489125293076057,10.0,13.335216533675034,0.0486,0.0398107,0.0630957,0.175,0.15,0.2,0.641,0.6,0.7,78.0,0.928,0.0,1.0,True,0.01,0.95,10.0,39600.0,0.938,0.139
14578,1 - 1 - 2022,19800.0,11.090536506409418,10.0,13.335216533675034,0.0493,0.0398107,0.0630957,0.179,0.15,0.2,0.74,0.7,0.8,53.6,0.769,0.0,1.0,True,0.01,0.95,10.0,39600.0,0.938,0.139
14579,1 - 1 - 2022,19800.0,11.532562594670797,10.0,13.335216533675034,0.0504,0.0398107,0.0630957,0.173,0.15,0.2,0.841,0.8,0.9,36.5,0.635,0.0,1.0,True,0.01,0.95,10.0,39600.0,0.938,0.139
14580,1 - 1 - 2022,19800.0,11.832159566199232,10.0,13.335216533675034,0.0512,0.0398107,0.0630957,0.174,0.15,0.2,0.948,0.9,1.0,31.7,0.591,2.44,1.0,True,0.01,0.95,10.0,39600.0,0.938,0.139
14581,1 - 1 - 2022,19800.0,11.532562594670797,10.0,13.335216533675034,0.0528,0.0398107,0.0630957,0.177,0.15,0.2,1.21,1.0,1.5,12.2,0.164,0.487,1.0,True,0.01,0.95,10.0,39600.0,0.938,0.139
14582,1 - 1 - 2022,19800.0,11.532562594670797,10.0,13.335216533675034,0.0518,0.0398107,0.0630957,0.17,0.15,0.2,1.64,1.5,2.0,7.31,0.127,0.487,1.0,True,0.01,0.95,10.0,39600.0,0.938,0.139
14583,1 - 1 - 2022,19800.0,11.61895003862225,10.0,13.335216533675034,0.048,0.0398107,0.0630957,0.175,0.15,0.2,2.45,2.0,4.0,1.58,0.0296,0.0,1.0,True,0.01,0.95,10.0,39600.0,0.938,0.139
14584,1 - 1 - 2022,19800.0,11.180339887498949,10.0,13.335216533675034,0.0525,0.0398107,0.0630957,0.214,0.2,0.25,0.089,0.05,0.1,14.6,0.568,0.0,1.0,True,0.01,0.95,10.0,39600.0,0.938,0.139
14585,1 - 1 - 2022,19800.0,11.313708498984761,10.0,13.335216533675034,0.0485,0.0398107,0.0630957,0.226,0.2,0.25,0.159,0.1,0.2,39.0,0.656,2.44,1.0,True,0.01,0.95,10.0,39600.0,0.938,0.139
14586,1 - 1 - 2022,19800.0,11.532562594670797,10.0,13.335216533675034,0.0512,0.0398107,0.0630957,0.22,0.2,0.25,0.247,0.2,0.3,68.2,0.868,4.87,1.0,True,0.01,0.95,10.0,39600.0,0.938,0.139
14587,1 - 1 - 2022,19800.0,11.135528725660043,10.0,13.335216533675034,0.0488,0.0398107,0.0630957,0.222,0.2,0.25,0.343,0.3,0.4,65.8,0.852,2.44,1.0,True,0.01,0.95,10.0,39600.0,0.938,0.139
14588,1 - 1 - 2022,19800.0,11.489125293076057,10.0,13.335216533675034,0.0518,0.0398107,0.0630957,0.225,0.2,0.25,0.447,0.4,0.5,53.6,0.769,4.87,1.0,True,0.01,0.95,10.0,39600.0,0.938,0.139
14589,1 - 1 - 2022,19800.0,11.575836902790225,10.0,13.335216533675034,0.0489,0.0398107,0.0630957,0.223,0.2,0.25,0.559,0.5,0.6,58.5,0.803,14.6,1.0,True,0.01,0.95,10.0,39600.0,0.938,0.139
14590,1 - 1 - 2022,19800.0,11.445523142259598,10.0,13.335216533675034,0.0484,0.0398107,0.0630957,0.222,0.2,0.25,0.646,0.6,0.7,34.1,0.614,9.75,1.0,True,0.01,0.95,10.0,39600.0,0.938,0.139
14591,1 - 1 - 2022,19800.0,11.74734012447073,10.0,13.335216533675034,0.0525,0.0398107,0.0630957,0.224,0.2,0.25,0.742,0.7,0.8,34.1,0.614,2.44,1.0,True,0.01,0.95,10.0,39600.0,0.938,0.139
14592,1 - 1 - 2022,19800.0,11.357816691600547,10.0,13.335216533675034,0.0512,0.0398107,0.0630957,0.233,0.2,0.25,0.85,0.8,0.9,9.74,0.328,0.0,1.0,True,0.01,0.95,10.0,39600.0,0.938,0.139
14593,1 - 1 - 2022,19800.0,11.224972160321824,10.0,13.335216533675034,0.051,0.0398107,0.0630957,0.228,0.2,0.25,0.951,0.9,1.0,19.5,0.464,0.0,1.0,True,0.01,0.95,10.0,39600.0,0.938,0.139
14594,1 - 1 - 2022,19800.0,11.661903789690601,10.0,13.335216533675034,0.0482,0.0398107,0.0630957,0.222,0.2,0.25,1.22,1.0,1.5,9.26,0.143,1.46,1.0,True,0.01,0.95,10.0,39600.0,0.938,0.139
14595,1 - 1 - 2022,19800.0,11.61895003862225,10.0,13.335216533675034,0.0474,0.0398107,0.0630957,0.223,0.2,0.25,1.73,1.5,2.0,3.41,0.0868,0.0,1.0,True,0.01,0.95,10.0,39600.0,0.938,0.139
14596,1 - 1 - 2022,19800.0,11.661903789690601,10.0,13.335216533675034,0.0495,0.0398107,0.0630957,0.219,0.2,0.25,3.0,2.0,4.0,0.731,0.0201,0.0,1.0,True,0.01,0.95,10.0,39600.0,0.938,0.139
14597,1 - 1 - 2022,19800.0,12.041594578792296,10.0,13.335216533675034,0.053,0.0398107,0.0630957,0.27,0.25,0.3,0.0823,0.05,0.1,19.5,0.656,14.6,1.0,True,0.01,0.95,10.0,39600.0,0.938,0.139
14598,1 - 1 - 2022,19800.0,11.445523142259598,10.0,13.335216533675034,0.0488,0.0398107,0.0630957,0.278,0.25,0.3,0.159,0.1,0.2,34.1,0.613,7.31,1.0,True,0.01,0.95,10.0,39600.0,0.938,0.139
14599,1 - 1 - 2022,19800.0,11.269427669584644,10.0,13.335216533675034,0.0534,0.0398107,0.0630957,0.269,0.25,0.3,0.244,0.2,0.3,24.4,0.518,4.87,1.0,True,0.01,0.95,10.0,39600.0,0.938,0.139
14600,1 - 1 - 2022,19800.0,11.357816691600547,10.0,13.335216533675034,0.0508,0.0398107,0.0630957,0.272,0.25,0.3,0.353,0.3,0.4,34.1,0.614,9.74,1.0,True,0.01,0.95,10.0,39600.0,0.938,0.139
14601,1 - 1 - 2022,19800.0,11.489125293076057,10.0,13.335216533675034,0.0486,0.0398107,0.0630957,0.276,0.25,0.3,0.447,0.4,0.5,41.4,0.676,12.2,1.0,True,0.01,0.95,10.0,39600.0,0.938,0.139
14602,1 - 1 - 2022,19800.0,11.61895003862225,10.0,13.335216533675034,0.0479,0.0398107,0.0630957,0.274,0.25,0.3,0.558,0.5,0.6,21.9,0.492,12.2,1.0,True,0.01,0.95,10.0,39600.0,0.938,0.139
14603,1 - 1 - 2022,19800.0,11.090536506409418,10.0,13.335216533675034,0.0517,0.0398107,0.0630957,0.275,0.25,0.3,0.645,0.6,0.7,19.5,0.464,7.31,1.0,True,0.01,0.95,10.0,39600.0,0.938,0.139
14604,1 - 1 - 2022,19800.0,11.661903789690601,10.0,13.335216533675034,0.051,0.0398107,0.0630957,0.272,0.25,0.3,0.744,0.7,0.8,24.4,0.518,7.31,1.0,True,0.01,0.95,10.0,39600.0,0.938,0.139
14605,1 - 1 - 2022,19800.0,11.357816691600547,10.0,13.335216533675034,0.049,0.0398107,0.0630957,0.274,0.25,0.3,0.859,0.8,0.9,21.9,0.492,2.44,1.0,True,0.01,0.95,10.0,39600.0,0.938,0.139
14606,1 - 1 - 2022,19800.0,10.677078252031311,10.0,13.335216533675034,0.0452,0.0398107,0.0630957,0.285,0.25,0.3,0.922,0.9,1.0,9.74,0.328,7.31,1.0,True,0.01,0.95,10.0,39600.0,0.938,0.139
14607,1 - 1 - 2022,19800.0,11.40175425099138,10.0,13.335216533675034,0.0507,0.0398107,0.0630957,0.272,0.25,0.3,1.17,1.0,1.5,8.77,0.139,1.95,1.0,True,0.01,0.95,10.0,39600.0,0.938,0.139
14608,1 - 1 - 2022,19800.0,12.609520212918492,10.0,13.335216533675034,0.0433,0.0398107,0.0630957,0.281,0.25,0.3,1.74,1.5,2.0,1.46,0.0568,0.487,1.0,True,0.01,0.95,10.0,39600.0,0.938,0.139
14609,1 - 1 - 2022,19800.0,11.916375287812984,10.0,13.335216533675034,0.0538,0.0398107,0.0630957,0.277,0.25,0.3,2.46,2.0,4.0,0.731,0.0201,0.0,1.0,True,0.01,0.95,10.0,39600.0,0.938,0.139
14610,1 - 1 - 2022,19800.0,11.269427669584644,10.0,13.335216533675034,0.0494,0.0398107,0.0630957,0.341,0.3,0.4,0.246,0.2,0.3,19.5,0.328,14.6,1.0,True,0.01,0.95,10.0,39600.0,0.938,0.139
14611,1 - 1 - 2022,19800.0,11.40175425099138,10.0,13.335216533675034,0.0531,0.0398107,0.0630957,0.349,0.3,0.4,0.354,0.3,0.4,20.7,0.338,14.6,1.0,True,0.01,0.95,10.0,39600.0,0.938,0.139
14612,1 - 1 - 2022,19800.0,11.180339887498949,10.0,13.335216533675034,0.0513,0.0398107,0.0630957,0.339,0.3,0.4,0.449,0.4,0.5,20.7,0.338,15.8,1.0,True,0.01,0.95,10.0,39600.0,0.938,0.139
14613,1 - 1 - 2022,19800.0,11.40175425099138,10.0,13.335216533675034,0.0481,0.0398107,0.0630957,0.336,0.3,0.4,0.542,0.5,0.6,12.2,0.259,7.31,1.0,True,0.01,0.95,10.0,39600.0,0.938,0.139
14614,1 - 1 - 2022,19800.0,11.313708498984761,10.0,13.335216533675034,0.05,0.0398107,0.0630957,0.336,0.3,0.4,0.647,0.6,0.7,15.8,0.296,9.74,1.0,True,0.01,0.95,10.0,39600.0,0.938,0.139
14615,1 - 1 - 2022,19800.0,12.0,10.0,13.335216533675034,0.048,0.0398107,0.0630957,0.34,0.3,0.4,0.755,0.7,0.8,8.53,0.217,3.65,1.0,True,0.01,0.95,10.0,39600.0,0.938,0.139
14616,1 - 1 - 2022,19800.0,11.357816691600547,10.0,13.335216533675034,0.0486,0.0398107,0.0630957,0.342,0.3,0.4,0.845,0.8,0.9,13.4,0.272,6.09,1.0,True,0.01,0.95,10.0,39600.0,0.938,0.139
14617,1 - 1 - 2022,19800.0,11.180339887498949,10.0,13.335216533675034,0.0553,0.0398107,0.0630957,0.352,0.3,0.4,0.947,0.9,1.0,3.65,0.142,1.22,1.0,True,0.01,0.95,10.0,39600.0,0.938,0.139
14618,1 - 1 - 2022,19800.0,11.40175425099138,10.0,13.335216533675034,0.0476,0.0398107,0.0630957,0.338,0.3,0.4,1.18,1.0,1.5,3.9,0.0656,1.71,1.0,True,0.01,0.95,10.0,39600.0,0.938,0.139
14619,1 - 1 - 2022,19800.0,11.532562594670797,10.0,13.335216533675034,0.0501,0.0398107,0.0630957,0.351,0.3,0.4,1.72,1.5,2.0,1.95,0.0464,0.487,1.0,True,0.01,0.95,10.0,39600.0,0.938,0.139
14620,1 - 1 - 2022,19800.0,11.916375287812984,10.0,13.335216533675034,0.0495,0.0398107,0.0630957,0.362,0.3,0.4,2.7,2.0,4.0,0.365,0.01,0.0609,1.0,True,0.01,0.95,10.0,39600.0,0.938,0.139
14621,1 - 1 - 2022,19800.0,11.357816691600547,10.0,13.335216533675034,0.0495,0.0398107,0.0630957,0.422,0.4,0.5,0.139,0.1,0.2,3.65,0.142,2.44,1.0,True,0.01,0.95,10.0,39600.0,0.938,0.139
14622,1 - 1 - 2022,19800.0,11.180339887498949,10.0,13.335216533675034,0.0489,0.0398107,0.0630957,0.434,0.4,0.5,0.253,0.2,0.3,11.0,0.246,9.75,1.0,True,0.01,0.95,10.0,39600.0,0.938,0.139
14623,1 - 1 - 2022,19800.0,11.135528725660043,10.0,13.335216533675034,0.052,0.0398107,0.0630957,0.449,0.4,0.5,0.349,0.3,0.4,14.6,0.284,12.2,1.0,True,0.01,0.95,10.0,39600.0,0.938,0.139
14624,1 - 1 - 2022,19800.0,11.0,10.0,13.335216533675034,0.0541,0.0398107,0.0630957,0.448,0.4,0.5,0.45,0.4,0.5,11.0,0.246,3.65,1.0,True,0.01,0.95,10.0,39600.0,0.938,0.139
14625,1 - 1 - 2022,19800.0,11.357816691600547,10.0,13.335216533675034,0.0516,0.0398107,0.0630957,0.456,0.4,0.5,0.558,0.5,0.6,14.6,0.284,13.4,1.0,True,0.01,0.95,10.0,39600.0,0.938,0.139
14626,1 - 1 - 2022,19800.0,11.224972160321824,10.0,13.335216533675034,0.0464,0.0398107,0.0630957,0.441,0.4,0.5,0.768,0.7,0.8,8.53,0.217,7.31,1.0,True,0.01,0.95,10.0,39600.0,0.938,0.139
14627,1 - 1 - 2022,19800.0,11.135528725660043,10.0,13.335216533675034,0.0527,0.0398107,0.0630957,0.453,0.4,0.5,0.856,0.8,0.9,4.87,0.164,3.65,1.0,True,0.01,0.95,10.0,39600.0,0.938,0.139
14628,1 - 1 - 2022,19800.0,11.045361017187261,10.0,13.335216533675034,0.0515,0.0398107,0.0630957,0.447,0.4,0.5,1.14,1.0,1.5,3.65,0.0635,2.44,1.0,True,0.01,0.95,10.0,39600.0,0.938,0.139
14629,1 - 1 - 2022,19800.0,11.532562594670797,10.0,13.335216533675034,0.0409,0.0398107,0.0630957,0.453,0.4,0.5,2.41,2.0,4.0,0.122,0.0058,0.0609,1.0,True,0.01,0.95,10.0,39600.0,0.938,0.139
14630,1 - 1 - 2022,19800.0,11.135528725660043,10.0,13.335216533675034,0.0518,0.0398107,0.0630957,0.55,0.5,0.6,0.252,0.2,0.3,7.31,0.201,6.09,1.0,True,0.01,0.95,10.0,39600.0,0.938,0.139
14631,1 - 1 - 2022,19800.0,11.874342087037917,10.0,13.335216533675034,0.0515,0.0398107,0.0630957,0.552,0.5,0.6,0.348,0.3,0.4,8.53,0.217,7.31,1.0,True,0.01,0.95,10.0,39600.0,0.938,0.139
14632,1 - 1 - 2022,19800.0,11.135528725660043,10.0,13.335216533675034,0.0595,0.0398107,0.0630957,0.549,0.5,0.6,0.441,0.4,0.5,3.65,0.142,1.22,1.0,True,0.01,0.95,10.0,39600.0,0.938,0.139
14633,1 - 1 - 2022,19800.0,11.045361017187261,10.0,13.335216533675034,0.05,0.0398107,0.0630957,0.543,0.5,0.6,0.571,0.5,0.6,6.09,0.183,4.87,1.0,True,0.01,0.95,10.0,39600.0,0.938,0.139
14634,1 - 1 - 2022,19800.0,10.488088481701515,10.0,13.335216533675034,0.0457,0.0398107,0.0630957,0.549,0.5,0.6,0.71,0.7,0.8,2.44,0.116,1.22,1.0,True,0.01,0.95,10.0,39600.0,0.938,0.139
14635,1 - 1 - 2022,19800.0,10.198039027185569,10.0,13.335216533675034,0.0519,0.0398107,0.0630957,0.526,0.5,0.6,2.27,2.0,4.0,0.122,0.0058,0.0609,1.0,True,0.01,0.95,10.0,39600.0,0.938,0.139
14636,1 - 1 - 2022,19800.0,10.583005244258363,10.0,13.335216533675034,0.0491,0.0398107,0.0630957,0.635,0.6,0.7,1.14,1.0,1.5,0.974,0.0328,0.731,1.0,True,0.01,0.95,10.0,39600.0,0.938,0.139
14637,1 - 1 - 2022,19800.0,10.954451150103322,10.0,13.335216533675034,0.0526,0.0398107,0.0630957,0.738,0.7,0.8,0.547,0.5,0.6,2.44,0.116,1.22,1.0,True,0.01,0.95,10.0,39600.0,0.938,0.139
14638,1 - 1 - 2022,19800.0,11.575836902790225,10.0,13.335216533675034,0.0772,0.0630957,0.1,0.0335,0.0,0.05,0.0249,0.0,0.05,21.5,0.548,9.22,1.0,True,0.01,0.95,10.0,39600.0,0.938,0.139
14639,1 - 1 - 2022,19800.0,11.575836902790225,10.0,13.335216533675034,0.0802,0.0630957,0.1,0.0304,0.0,0.05,0.072,0.05,0.1,111.0,1.24,36.9,1.0,True,0.01,0.95,10.0,39600.0,0.938,0.139
14640,1 - 1 - 2022,19800.0,11.61895003862225,10.0,13.335216533675034,0.0785,0.0630957,0.1,0.0264,0.0,0.05,0.151,0.1,0.2,206.0,1.2,72.2,1.0,True,0.01,0.95,10.0,39600.0,0.938,0.139
14641,1 - 1 - 2022,19800.0,11.489125293076057,10.0,13.335216533675034,0.0788,0.0630957,0.1,0.0257,0.0,0.05,0.254,0.2,0.3,320.0,1.49,112.0,1.0,True,0.01,0.95,10.0,39600.0,0.938,0.139
14642,1 - 1 - 2022,19800.0,11.532562594670797,10.0,13.335216533675034,0.0787,0.0630957,0.1,0.023,0.0,0.05,0.349,0.3,0.4,367.0,1.6,129.0,1.0,True,0.01,0.95,10.0,39600.0,0.938,0.139
14643,1 - 1 - 2022,19800.0,11.61895003862225,10.0,13.335216533675034,0.079,0.0630957,0.1,0.0226,0.0,0.05,0.446,0.4,0.5,343.0,1.54,92.2,1.0,True,0.01,0.95,10.0,39600.0,0.938,0.139
14644,1 - 1 - 2022,19800.0,11.489125293076057,10.0,13.335216533675034,0.0801,0.0630957,0.1,0.0234,0.0,0.05,0.547,0.5,0.6,284.0,1.41,70.7,1.0,True,0.01,0.95,10.0,39600.0,0.938,0.139
14645,1 - 1 - 2022,19800.0,11.575836902790225,10.0,13.335216533675034,0.0795,0.0630957,0.1,0.0237,0.0,0.05,0.647,0.6,0.7,168.0,1.08,35.4,1.0,True,0.01,0.95,10.0,39600.0,0.938,0.139
14646,1 - 1 - 2022,19800.0,11.661903789690601,10.0,13.335216533675034,0.0774,0.0630957,0.1,0.0255,0.0,0.05,0.745,0.7,0.8,161.0,1.06,29.2,1.0,True,0.01,0.95,10.0,39600.0,0.938,0.139
14647,1 - 1 - 2022,19800.0,11.445523142259598,10.0,13.335216533675034,0.0776,0.0630957,0.1,0.0272,0.0,0.05,0.847,0.8,0.9,83.0,0.76,10.8,1.0,True,0.01,0.95,10.0,39600.0,0.938,0.139
14648,1 - 1 - 2022,19800.0,11.532562594670797,10.0,13.335216533675034,0.0807,0.0630957,0.1,0.0255,0.0,0.05,0.95,0.9,1.0,43.0,0.547,12.3,1.0,True,0.01,0.95,10.0,39600.0,0.938,0.139
14649,1 - 1 - 2022,19800.0,11.532562594670797,10.0,13.335216533675034,0.078,0.0630957,0.1,0.0274,0.0,0.05,1.16,1.0,1.5,14.1,0.14,2.15,1.0,True,0.01,0.95,10.0,39600.0,0.938,0.139
14650,1 - 1 - 2022,19800.0,11.489125293076057,10.0,13.335216533675034,0.0752,0.0630957,0.1,0.0373,0.0,0.05,1.71,1.5,2.0,1.84,0.0507,0.0,1.0,True,0.01,0.95,10.0,39600.0,0.938,0.139
14651,1 - 1 - 2022,19800.0,11.789826122551595,10.0,13.335216533675034,0.0678,0.0630957,0.1,0.0365,0.0,0.05,2.38,2.0,4.0,0.231,0.00896,0.0,1.0,True,0.01,0.95,10.0,39600.0,0.938,0.139
14652,1 - 1 - 2022,19800.0,10.908712114635714,10.0,13.335216533675034,0.0802,0.0630957,0.1,0.0651,0.05,0.1,0.0362,0.0,0.05,15.4,0.463,0.0,1.0,True,0.01,0.95,10.0,39600.0,0.938,0.139
14653,1 - 1 - 2022,19800.0,11.313708498984761,10.0,13.335216533675034,0.0763,0.0630957,0.1,0.0754,0.05,0.1,0.0768,0.05,0.1,79.9,1.06,0.0,1.0,True,0.01,0.95,10.0,39600.0,0.938,0.139
14654,1 - 1 - 2022,19800.0,11.532562594670797,10.0,13.335216533675034,0.0795,0.0630957,0.1,0.0725,0.05,0.1,0.157,0.1,0.2,95.3,0.815,21.5,1.0,True,0.01,0.95,10.0,39600.0,0.938,0.139
14655,1 - 1 - 2022,19800.0,11.489125293076057,10.0,13.335216533675034,0.0786,0.0630957,0.1,0.0716,0.05,0.1,0.249,0.2,0.3,121.0,0.92,36.9,1.0,True,0.01,0.95,10.0,39600.0,0.938,0.139
14656,1 - 1 - 2022,19800.0,11.489125293076057,10.0,13.335216533675034,0.0768,0.0630957,0.1,0.0745,0.05,0.1,0.347,0.3,0.4,164.0,1.07,56.9,1.0,True,0.01,0.95,10.0,39600.0,0.938,0.139
14657,1 - 1 - 2022,19800.0,11.489125293076057,10.0,13.335216533675034,0.0788,0.0630957,0.1,0.0738,0.05,0.1,0.449,0.4,0.5,138.0,0.982,38.4,1.0,True,0.01,0.95,10.0,39600.0,0.938,0.139
14658,1 - 1 - 2022,19800.0,11.532562594670797,10.0,13.335216533675034,0.08,0.0630957,0.1,0.0707,0.05,0.1,0.55,0.5,0.6,121.0,0.92,32.3,1.0,True,0.01,0.95,10.0,39600.0,0.938,0.139
14659,1 - 1 - 2022,19800.0,11.40175425099138,10.0,13.335216533675034,0.0804,0.0630957,0.1,0.0732,0.05,0.1,0.646,0.6,0.7,86.1,0.774,26.1,1.0,True,0.01,0.95,10.0,39600.0,0.938,0.139
14660,1 - 1 - 2022,19800.0,11.269427669584644,10.0,13.335216533675034,0.0794,0.0630957,0.1,0.0729,0.05,0.1,0.75,0.7,0.8,86.1,0.774,12.3,1.0,True,0.01,0.95,10.0,39600.0,0.938,0.139
14661,1 - 1 - 2022,19800.0,11.575836902790225,10.0,13.335216533675034,0.0802,0.0630957,0.1,0.0754,0.05,0.1,0.849,0.8,0.9,50.7,0.594,9.22,1.0,True,0.01,0.95,10.0,39600.0,0.938,0.139
14662,1 - 1 - 2022,19800.0,11.789826122551595,10.0,13.335216533675034,0.081,0.0630957,0.1,0.0686,0.05,0.1,0.948,0.9,1.0,52.3,0.603,13.8,1.0,True,0.01,0.95,10.0,39600.0,0.938,0.139
14663,1 - 1 - 2022,19800.0,11.357816691600547,10.0,13.335216533675034,0.0791,0.0630957,0.1,0.0739,0.05,0.1,1.2,1.0,1.5,19.1,0.163,1.84,1.0,True,0.01,0.95,10.0,39600.0,0.938,0.139
14664,1 - 1 - 2022,19800.0,11.357816691600547,10.0,13.335216533675034,0.0782,0.0630957,0.1,0.0757,0.05,0.1,1.71,1.5,2.0,7.07,0.0992,0.307,1.0,True,0.01,0.95,10.0,39600.0,0.938,0.139
14665,1 - 1 - 2022,19800.0,12.0,10.0,13.335216533675034,0.0768,0.0630957,0.1,0.0732,0.05,0.1,2.17,2.0,4.0,0.692,0.0155,0.0,1.0,True,0.01,0.95,10.0,39600.0,0.938,0.139
14666,1 - 1 - 2022,19800.0,12.489995996796797,10.0,13.335216533675034,0.0762,0.0630957,0.1,0.123,0.1,0.15,0.029,0.0,0.05,9.22,0.358,0.0,1.0,True,0.01,0.95,10.0,39600.0,0.938,0.139
14667,1 - 1 - 2022,19800.0,11.135528725660043,10.0,13.335216533675034,0.0794,0.0630957,0.1,0.126,0.1,0.15,0.0779,0.05,0.1,46.1,0.801,0.0,1.0,True,0.01,0.95,10.0,39600.0,0.938,0.139
14668,1 - 1 - 2022,19800.0,11.40175425099138,10.0,13.335216533675034,0.081,0.0630957,0.1,0.119,0.1,0.15,0.156,0.1,0.2,73.8,0.717,0.0,1.0,True,0.01,0.95,10.0,39600.0,0.938,0.139
14669,1 - 1 - 2022,19800.0,11.313708498984761,10.0,13.335216533675034,0.0821,0.0630957,0.1,0.121,0.1,0.15,0.251,0.2,0.3,84.5,0.767,1.54,1.0,True,0.01,0.95,10.0,39600.0,0.938,0.139
14670,1 - 1 - 2022,19800.0,11.40175425099138,10.0,13.335216533675034,0.0786,0.0630957,0.1,0.122,0.1,0.15,0.349,0.3,0.4,92.2,0.801,1.54,1.0,True,0.01,0.95,10.0,39600.0,0.938,0.139
14671,1 - 1 - 2022,19800.0,11.489125293076057,10.0,13.335216533675034,0.081,0.0630957,0.1,0.124,0.1,0.15,0.457,0.4,0.5,78.4,0.739,7.69,1.0,True,0.01,0.95,10.0,39600.0,0.938,0.139
14672,1 - 1 - 2022,19800.0,11.661903789690601,10.0,13.335216533675034,0.0789,0.0630957,0.1,0.12,0.1,0.15,0.543,0.5,0.6,64.6,0.67,12.3,1.0,True,0.01,0.95,10.0,39600.0,0.938,0.139
14673,1 - 1 - 2022,19800.0,11.445523142259598,10.0,13.335216533675034,0.0834,0.0630957,0.1,0.122,0.1,0.15,0.649,0.6,0.7,66.1,0.678,12.3,1.0,True,0.01,0.95,10.0,39600.0,0.938,0.139
14674,1 - 1 - 2022,19800.0,11.445523142259598,10.0,13.335216533675034,0.078,0.0630957,0.1,0.122,0.1,0.15,0.749,0.7,0.8,38.4,0.517,6.15,1.0,True,0.01,0.95,10.0,39600.0,0.938,0.139
14675,1 - 1 - 2022,19800.0,11.135528725660043,10.0,13.335216533675034,0.0786,0.0630957,0.1,0.122,0.1,0.15,0.842,0.8,0.9,23.1,0.401,1.54,1.0,True,0.01,0.95,10.0,39600.0,0.938,0.139
14676,1 - 1 - 2022,19800.0,11.045361017187261,10.0,13.335216533675034,0.0853,0.0630957,0.1,0.123,0.1,0.15,0.952,0.9,1.0,13.8,0.31,0.0,1.0,True,0.01,0.95,10.0,39600.0,0.938,0.139
14677,1 - 1 - 2022,19800.0,11.40175425099138,10.0,13.335216533675034,0.08,0.0630957,0.1,0.127,0.1,0.15,1.19,1.0,1.5,11.7,0.128,0.615,1.0,True,0.01,0.95,10.0,39600.0,0.938,0.139
14678,1 - 1 - 2022,19800.0,11.224972160321824,10.0,13.335216533675034,0.0799,0.0630957,0.1,0.124,0.1,0.15,1.73,1.5,2.0,4.3,0.0774,0.0,1.0,True,0.01,0.95,10.0,39600.0,0.938,0.139
14679,1 - 1 - 2022,19800.0,12.041594578792296,10.0,13.335216533675034,0.0822,0.0630957,0.1,0.117,0.1,0.15,2.68,2.0,4.0,0.769,0.0164,0.0769,1.0,True,0.01,0.95,10.0,39600.0,0.938,0.139
14680,1 - 1 - 2022,19800.0,11.916375287812984,10.0,13.335216533675034,0.079,0.0630957,0.1,0.173,0.15,0.2,0.086,0.05,0.1,21.5,0.547,0.0,1.0,True,0.01,0.95,10.0,39600.0,0.938,0.139
14681,1 - 1 - 2022,19800.0,11.704699910719626,10.0,13.335216533675034,0.0823,0.0630957,0.1,0.173,0.15,0.2,0.153,0.1,0.2,26.1,0.427,0.0,1.0,True,0.01,0.95,10.0,39600.0,0.938,0.139
14682,1 - 1 - 2022,19800.0,11.532562594670797,10.0,13.335216533675034,0.0817,0.0630957,0.1,0.172,0.15,0.2,0.245,0.2,0.3,46.1,0.567,0.0,1.0,True,0.01,0.95,10.0,39600.0,0.938,0.139
14683,1 - 1 - 2022,19800.0,11.180339887498949,10.0,13.335216533675034,0.0812,0.0630957,0.1,0.174,0.15,0.2,0.348,0.3,0.4,44.6,0.557,0.0,1.0,True,0.01,0.95,10.0,39600.0,0.938,0.139
14684,1 - 1 - 2022,19800.0,11.135528725660043,10.0,13.335216533675034,0.0786,0.0630957,0.1,0.175,0.15,0.2,0.45,0.4,0.5,63.0,0.662,0.0,1.0,True,0.01,0.95,10.0,39600.0,0.938,0.139
14685,1 - 1 - 2022,19800.0,11.489125293076057,10.0,13.335216533675034,0.0809,0.0630957,0.1,0.174,0.15,0.2,0.555,0.5,0.6,29.2,0.451,0.0,1.0,True,0.01,0.95,10.0,39600.0,0.938,0.139
14686,1 - 1 - 2022,19800.0,11.135528725660043,10.0,13.335216533675034,0.0808,0.0630957,0.1,0.179,0.15,0.2,0.653,0.6,0.7,32.3,0.474,0.0,1.0,True,0.01,0.95,10.0,39600.0,0.938,0.139
14687,1 - 1 - 2022,19800.0,11.224972160321824,10.0,13.335216533675034,0.0782,0.0630957,0.1,0.176,0.15,0.2,0.745,0.7,0.8,33.8,0.485,0.0,1.0,True,0.01,0.95,10.0,39600.0,0.938,0.139
14688,1 - 1 - 2022,19800.0,11.357816691600547,10.0,13.335216533675034,0.0831,0.0630957,0.1,0.174,0.15,0.2,0.83,0.8,0.9,20.0,0.373,0.0,1.0,True,0.01,0.95,10.0,39600.0,0.938,0.139
14689,1 - 1 - 2022,19800.0,12.0,10.0,13.335216533675034,0.082,0.0630957,0.1,0.176,0.15,0.2,0.962,0.9,1.0,10.8,0.274,0.0,1.0,True,0.01,0.95,10.0,39600.0,0.938,0.139
14690,1 - 1 - 2022,19800.0,11.40175425099138,10.0,13.335216533675034,0.0811,0.0630957,0.1,0.18,0.15,0.2,1.25,1.0,1.5,4.0,0.0746,0.307,1.0,True,0.01,0.95,10.0,39600.0,0.938,0.139
14691,1 - 1 - 2022,19800.0,11.916375287812984,10.0,13.335216533675034,0.0736,0.0630957,0.1,0.161,0.15,0.2,1.69,1.5,2.0,2.15,0.0547,0.0,1.0,True,0.01,0.95,10.0,39600.0,0.938,0.139
14692,1 - 1 - 2022,19800.0,11.704699910719626,10.0,13.335216533675034,0.0748,0.0630957,0.1,0.174,0.15,0.2,2.54,2.0,4.0,0.538,0.0137,0.0,1.0,True,0.01,0.95,10.0,39600.0,0.938,0.139
14693,1 - 1 - 2022,19800.0,11.661903789690601,10.0,13.335216533675034,0.0812,0.0630957,0.1,0.221,0.2,0.25,0.176,0.1,0.2,18.4,0.358,0.0,1.0,True,0.01,0.95,10.0,39600.0,0.938,0.139
14694,1 - 1 - 2022,19800.0,11.357816691600547,10.0,13.335216533675034,0.0815,0.0630957,0.1,0.22,0.2,0.25,0.264,0.2,0.3,33.8,0.485,0.0,1.0,True,0.01,0.95,10.0,39600.0,0.938,0.139
14695,1 - 1 - 2022,19800.0,11.575836902790225,10.0,13.335216533675034,0.0753,0.0630957,0.1,0.225,0.2,0.25,0.351,0.3,0.4,43.0,0.547,0.0,1.0,True,0.01,0.95,10.0,39600.0,0.938,0.139
14696,1 - 1 - 2022,19800.0,11.445523142259598,10.0,13.335216533675034,0.0846,0.0630957,0.1,0.226,0.2,0.25,0.446,0.4,0.5,32.3,0.474,0.0,1.0,True,0.01,0.95,10.0,39600.0,0.938,0.139
14697,1 - 1 - 2022,19800.0,11.489125293076057,10.0,13.335216533675034,0.0779,0.0630957,0.1,0.219,0.2,0.25,0.548,0.5,0.6,36.9,0.507,0.0,1.0,True,0.01,0.95,10.0,39600.0,0.938,0.139
14698,1 - 1 - 2022,19800.0,11.575836902790225,10.0,13.335216533675034,0.0832,0.0630957,0.1,0.222,0.2,0.25,0.645,0.6,0.7,16.9,0.343,0.0,1.0,True,0.01,0.95,10.0,39600.0,0.938,0.139
14699,1 - 1 - 2022,19800.0,11.575836902790225,10.0,13.335216533675034,0.0782,0.0630957,0.1,0.223,0.2,0.25,0.743,0.7,0.8,27.7,0.439,0.0,1.0,True,0.01,0.95,10.0,39600.0,0.938,0.139
14700,1 - 1 - 2022,19800.0,11.0,10.0,13.335216533675034,0.0796,0.0630957,0.1,0.216,0.2,0.25,0.857,0.8,0.9,16.9,0.343,0.0,1.0,True,0.01,0.95,10.0,39600.0,0.938,0.139
14701,1 - 1 - 2022,19800.0,12.083045973594572,10.0,13.335216533675034,0.0754,0.0630957,0.1,0.214,0.2,0.25,0.961,0.9,1.0,12.3,0.293,0.0,1.0,True,0.01,0.95,10.0,39600.0,0.938,0.139
14702,1 - 1 - 2022,19800.0,11.313708498984761,10.0,13.335216533675034,0.0797,0.0630957,0.1,0.22,0.2,0.25,1.2,1.0,1.5,6.15,0.0925,0.0,1.0,True,0.01,0.95,10.0,39600.0,0.938,0.139
14703,1 - 1 - 2022,19800.0,12.12435565298214,10.0,13.335216533675034,0.0818,0.0630957,0.1,0.23,0.2,0.25,1.67,1.5,2.0,3.07,0.0654,0.0,1.0,True,0.01,0.95,10.0,39600.0,0.938,0.139
14704,1 - 1 - 2022,19800.0,11.74734012447073,10.0,13.335216533675034,0.0841,0.0630957,0.1,0.223,0.2,0.25,3.0,2.0,4.0,0.307,0.0103,0.0,1.0,True,0.01,0.95,10.0,39600.0,0.938,0.139
14705,1 - 1 - 2022,19800.0,10.14889156509222,10.0,13.335216533675034,0.0747,0.0630957,0.1,0.298,0.25,0.3,0.0325,0.0,0.05,3.08,0.207,0.0,1.0,True,0.01,0.95,10.0,39600.0,0.938,0.139
14706,1 - 1 - 2022,19800.0,12.0,10.0,13.335216533675034,0.0787,0.0630957,0.1,0.269,0.25,0.3,0.0608,0.05,0.1,3.07,0.207,0.0,1.0,True,0.01,0.95,10.0,39600.0,0.938,0.139
14707,1 - 1 - 2022,19800.0,11.661903789690601,10.0,13.335216533675034,0.0884,0.0630957,0.1,0.276,0.25,0.3,0.161,0.1,0.2,9.22,0.253,0.0,1.0,True,0.01,0.95,10.0,39600.0,0.938,0.139
14708,1 - 1 - 2022,19800.0,11.61895003862225,10.0,13.335216533675034,0.079,0.0630957,0.1,0.275,0.25,0.3,0.251,0.2,0.3,10.8,0.274,0.0,1.0,True,0.01,0.95,10.0,39600.0,0.938,0.139
14709,1 - 1 - 2022,19800.0,11.575836902790225,10.0,13.335216533675034,0.0805,0.0630957,0.1,0.271,0.25,0.3,0.338,0.3,0.4,16.9,0.343,0.0,1.0,True,0.01,0.95,10.0,39600.0,0.938,0.139
14710,1 - 1 - 2022,19800.0,11.40175425099138,10.0,13.335216533675034,0.0775,0.0630957,0.1,0.277,0.25,0.3,0.444,0.4,0.5,20.0,0.373,3.07,1.0,True,0.01,0.95,10.0,39600.0,0.938,0.139
14711,1 - 1 - 2022,19800.0,11.357816691600547,10.0,13.335216533675034,0.0806,0.0630957,0.1,0.277,0.25,0.3,0.555,0.5,0.6,18.4,0.358,0.0,1.0,True,0.01,0.95,10.0,39600.0,0.938,0.139
14712,1 - 1 - 2022,19800.0,11.045361017187261,10.0,13.335216533675034,0.0832,0.0630957,0.1,0.283,0.25,0.3,0.659,0.6,0.7,15.4,0.327,0.0,1.0,True,0.01,0.95,10.0,39600.0,0.938,0.139
14713,1 - 1 - 2022,19800.0,11.045361017187261,10.0,13.335216533675034,0.0807,0.0630957,0.1,0.27,0.25,0.3,0.754,0.7,0.8,13.8,0.31,0.0,1.0,True,0.01,0.95,10.0,39600.0,0.938,0.139
14714,1 - 1 - 2022,19800.0,11.135528725660043,10.0,13.335216533675034,0.0771,0.0630957,0.1,0.276,0.25,0.3,0.837,0.8,0.9,9.22,0.253,0.0,1.0,True,0.01,0.95,10.0,39600.0,0.938,0.139
14715,1 - 1 - 2022,19800.0,11.532562594670797,10.0,13.335216533675034,0.0765,0.0630957,0.1,0.273,0.25,0.3,0.945,0.9,1.0,3.07,0.146,0.0,1.0,True,0.01,0.95,10.0,39600.0,0.938,0.139
14716,1 - 1 - 2022,19800.0,11.180339887498949,10.0,13.335216533675034,0.0751,0.0630957,0.1,0.275,0.25,0.3,1.19,1.0,1.5,3.69,0.0717,0.0,1.0,True,0.01,0.95,10.0,39600.0,0.938,0.139
14717,1 - 1 - 2022,19800.0,11.135528725660043,10.0,13.335216533675034,0.0796,0.0630957,0.1,0.27,0.25,0.3,1.73,1.5,2.0,1.84,0.0507,0.0,1.0,True,0.01,0.95,10.0,39600.0,0.938,0.139
14718,1 - 1 - 2022,19800.0,12.288205727444508,10.0,13.335216533675034,0.0785,0.0630957,0.1,0.285,0.25,0.3,2.77,2.0,4.0,0.154,0.00732,0.0,1.0,True,0.01,0.95,10.0,39600.0,0.938,0.139
14719,1 - 1 - 2022,19800.0,10.63014581273465,10.0,13.335216533675034,0.0632,0.0630957,0.1,0.342,0.3,0.4,0.0411,0.0,0.05,1.54,0.103,0.0,1.0,True,0.01,0.95,10.0,39600.0,0.938,0.139
14720,1 - 1 - 2022,19800.0,11.180339887498949,10.0,13.335216533675034,0.0988,0.0630957,0.1,0.311,0.3,0.4,0.0807,0.05,0.1,1.54,0.103,0.0,1.0,True,0.01,0.95,10.0,39600.0,0.938,0.139
14721,1 - 1 - 2022,19800.0,11.135528725660043,10.0,13.335216533675034,0.0768,0.0630957,0.1,0.371,0.3,0.4,0.149,0.1,0.2,6.92,0.155,0.0,1.0,True,0.01,0.95,10.0,39600.0,0.938,0.139
14722,1 - 1 - 2022,19800.0,11.916375287812984,10.0,13.335216533675034,0.0784,0.0630957,0.1,0.34,0.3,0.4,0.256,0.2,0.3,12.3,0.207,0.0,1.0,True,0.01,0.95,10.0,39600.0,0.938,0.139
14723,1 - 1 - 2022,19800.0,11.704699910719626,10.0,13.335216533675034,0.0839,0.0630957,0.1,0.338,0.3,0.4,0.356,0.3,0.4,13.8,0.219,0.769,1.0,True,0.01,0.95,10.0,39600.0,0.938,0.139
14724,1 - 1 - 2022,19800.0,11.224972160321824,10.0,13.335216533675034,0.075,0.0630957,0.1,0.355,0.3,0.4,0.452,0.4,0.5,5.38,0.137,0.0,1.0,True,0.01,0.95,10.0,39600.0,0.938,0.139
14725,1 - 1 - 2022,19800.0,11.704699910719626,10.0,13.335216533675034,0.0791,0.0630957,0.1,0.341,0.3,0.4,0.534,0.5,0.6,6.15,0.146,0.769,1.0,True,0.01,0.95,10.0,39600.0,0.938,0.139
14726,1 - 1 - 2022,19800.0,11.269427669584644,10.0,13.335216533675034,0.0859,0.0630957,0.1,0.356,0.3,0.4,0.663,0.6,0.7,6.15,0.146,0.0,1.0,True,0.01,0.95,10.0,39600.0,0.938,0.139
14727,1 - 1 - 2022,19800.0,11.180339887498949,10.0,13.335216533675034,0.0816,0.0630957,0.1,0.339,0.3,0.4,0.744,0.7,0.8,6.92,0.155,0.0,1.0,True,0.01,0.95,10.0,39600.0,0.938,0.139
14728,1 - 1 - 2022,19800.0,11.789826122551595,10.0,13.335216533675034,0.0767,0.0630957,0.1,0.359,0.3,0.4,0.855,0.8,0.9,2.31,0.0896,0.0,1.0,True,0.01,0.95,10.0,39600.0,0.938,0.139
14729,1 - 1 - 2022,19800.0,10.862780491200215,10.0,13.335216533675034,0.0763,0.0630957,0.1,0.361,0.3,0.4,0.953,0.9,1.0,2.31,0.0896,0.0,1.0,True,0.01,0.95,10.0,39600.0,0.938,0.139
14730,1 - 1 - 2022,19800.0,11.40175425099138,10.0,13.335216533675034,0.0789,0.0630957,0.1,0.345,0.3,0.4,1.16,1.0,1.5,2.46,0.0414,0.154,1.0,True,0.01,0.95,10.0,39600.0,0.938,0.139
14731,1 - 1 - 2022,19800.0,10.677078252031311,10.0,13.335216533675034,0.08,0.0630957,0.1,0.342,0.3,0.4,1.87,1.5,2.0,0.461,0.0179,0.0,1.0,True,0.01,0.95,10.0,39600.0,0.938,0.139
14732,1 - 1 - 2022,19800.0,11.789826122551595,10.0,13.335216533675034,0.0741,0.0630957,0.1,0.343,0.3,0.4,2.78,2.0,4.0,0.192,0.00578,0.0,1.0,True,0.01,0.95,10.0,39600.0,0.938,0.139
14733,1 - 1 - 2022,19800.0,12.083045973594572,10.0,13.335216533675034,0.0782,0.0630957,0.1,0.446,0.4,0.5,0.151,0.1,0.2,3.84,0.116,0.0,1.0,True,0.01,0.95,10.0,39600.0,0.938,0.139
14734,1 - 1 - 2022,19800.0,10.770329614269007,10.0,13.335216533675034,0.0747,0.0630957,0.1,0.438,0.4,0.5,0.251,0.2,0.3,5.38,0.137,0.0,1.0,True,0.01,0.95,10.0,39600.0,0.938,0.139
14735,1 - 1 - 2022,19800.0,12.165525060596439,10.0,13.335216533675034,0.0765,0.0630957,0.1,0.433,0.4,0.5,0.358,0.3,0.4,5.38,0.137,0.0,1.0,True,0.01,0.95,10.0,39600.0,0.938,0.139
14736,1 - 1 - 2022,19800.0,11.313708498984761,10.0,13.335216533675034,0.0866,0.0630957,0.1,0.445,0.4,0.5,0.441,0.4,0.5,3.84,0.116,0.0,1.0,True,0.01,0.95,10.0,39600.0,0.938,0.139
14737,1 - 1 - 2022,19800.0,11.135528725660043,10.0,13.335216533675034,0.0783,0.0630957,0.1,0.449,0.4,0.5,0.546,0.5,0.6,7.69,0.164,0.0,1.0,True,0.01,0.95,10.0,39600.0,0.938,0.139
14738,1 - 1 - 2022,19800.0,10.770329614269007,10.0,13.335216533675034,0.0769,0.0630957,0.1,0.44,0.4,0.5,0.65,0.6,0.7,3.84,0.116,0.0,1.0,True,0.01,0.95,10.0,39600.0,0.938,0.139
14739,1 - 1 - 2022,19800.0,10.392304845413264,10.0,13.335216533675034,0.0694,0.0630957,0.1,0.464,0.4,0.5,0.747,0.7,0.8,2.31,0.0896,0.0,1.0,True,0.01,0.95,10.0,39600.0,0.938,0.139
14740,1 - 1 - 2022,19800.0,11.135528725660043,10.0,13.335216533675034,0.0752,0.0630957,0.1,0.443,0.4,0.5,0.871,0.8,0.9,3.07,0.103,0.769,1.0,True,0.01,0.95,10.0,39600.0,0.938,0.139
14741,1 - 1 - 2022,19800.0,11.489125293076057,10.0,13.335216533675034,0.0695,0.0630957,0.1,0.436,0.4,0.5,0.971,0.9,1.0,3.84,0.116,0.0,1.0,True,0.01,0.95,10.0,39600.0,0.938,0.139
14742,1 - 1 - 2022,19800.0,10.583005244258363,10.0,13.335216533675034,0.087,0.0630957,0.1,0.418,0.4,0.5,1.28,1.0,1.5,0.307,0.0146,0.0,1.0,True,0.01,0.95,10.0,39600.0,0.938,0.139
14743,1 - 1 - 2022,19800.0,10.583005244258363,10.0,13.335216533675034,0.0826,0.0630957,0.1,0.441,0.4,0.5,1.61,1.5,2.0,0.307,0.0146,0.0,1.0,True,0.01,0.95,10.0,39600.0,0.938,0.139
14744,1 - 1 - 2022,19800.0,12.083045973594572,10.0,13.335216533675034,0.0906,0.0630957,0.1,0.436,0.4,0.5,3.44,2.0,4.0,0.0384,0.00259,0.0,1.0,True,0.01,0.95,10.0,39600.0,0.938,0.139
14745,1 - 1 - 2022,19800.0,12.041594578792296,10.0,13.335216533675034,0.0928,0.0630957,0.1,0.569,0.5,0.6,0.266,0.2,0.3,1.54,0.0732,0.0,1.0,True,0.01,0.95,10.0,39600.0,0.938,0.139
14746,1 - 1 - 2022,19800.0,11.874342087037917,10.0,13.335216533675034,0.0782,0.0630957,0.1,0.544,0.5,0.6,0.342,0.3,0.4,3.84,0.116,0.0,1.0,True,0.01,0.95,10.0,39600.0,0.938,0.139
14747,1 - 1 - 2022,19800.0,11.489125293076057,10.0,13.335216533675034,0.0797,0.0630957,0.1,0.554,0.5,0.6,0.421,0.4,0.5,3.84,0.116,0.0,1.0,True,0.01,0.95,10.0,39600.0,0.938,0.139
14748,1 - 1 - 2022,19800.0,11.74734012447073,10.0,13.335216533675034,0.0647,0.0630957,0.1,0.55,0.5,0.6,0.549,0.5,0.6,2.31,0.0896,0.0,1.0,True,0.01,0.95,10.0,39600.0,0.938,0.139
14749,1 - 1 - 2022,19800.0,11.489125293076057,10.0,13.335216533675034,0.0782,0.0630957,0.1,0.544,0.5,0.6,0.86,0.8,0.9,3.07,0.103,0.0,1.0,True,0.01,0.95,10.0,39600.0,0.938,0.139
14750,1 - 1 - 2022,19800.0,12.165525060596439,10.0,13.335216533675034,0.0726,0.0630957,0.1,0.538,0.5,0.6,0.917,0.9,1.0,1.54,0.0732,0.0,1.0,True,0.01,0.95,10.0,39600.0,0.938,0.139
14751,1 - 1 - 2022,19800.0,11.832159566199232,10.0,13.335216533675034,0.0839,0.0630957,0.1,0.53,0.5,0.6,1.33,1.0,1.5,0.307,0.0146,0.0,1.0,True,0.01,0.95,10.0,39600.0,0.938,0.139
14752,1 - 1 - 2022,19800.0,12.922847983320086,10.0,13.335216533675034,0.0675,0.0630957,0.1,0.593,0.5,0.6,2.44,2.0,4.0,0.0384,0.00259,0.0,1.0,True,0.01,0.95,10.0,39600.0,0.938,0.139
14753,1 - 1 - 2022,19800.0,11.832159566199232,10.0,13.335216533675034,0.0809,0.0630957,0.1,0.652,0.6,0.7,0.244,0.2,0.3,1.54,0.0732,0.0,1.0,True,0.01,0.95,10.0,39600.0,0.938,0.139
14754,1 - 1 - 2022,19800.0,10.862780491200215,10.0,13.335216533675034,0.0843,0.0630957,0.1,0.659,0.6,0.7,0.428,0.4,0.5,3.84,0.116,0.0,1.0,True,0.01,0.95,10.0,39600.0,0.938,0.139
14755,1 - 1 - 2022,19800.0,12.449899597988733,10.0,13.335216533675034,0.0817,0.0630957,0.1,0.651,0.6,0.7,0.527,0.5,0.6,0.769,0.0517,0.0,1.0,True,0.01,0.95,10.0,39600.0,0.938,0.139
14756,1 - 1 - 2022,19800.0,10.723805294763608,10.0,13.335216533675034,0.075,0.0630957,0.1,0.617,0.6,0.7,0.613,0.6,0.7,0.769,0.0517,0.0,1.0,True,0.01,0.95,10.0,39600.0,0.938,0.139
14757,1 - 1 - 2022,19800.0,11.575836902790225,10.0,13.335216533675034,0.0911,0.0630957,0.1,0.659,0.6,0.7,0.907,0.9,1.0,0.768,0.0517,0.0,1.0,True,0.01,0.95,10.0,39600.0,0.938,0.139
14758,1 - 1 - 2022,19800.0,10.816653826391969,10.0,13.335216533675034,0.0997,0.0630957,0.1,0.608,0.6,0.7,1.4,1.0,1.5,0.154,0.0103,0.0,1.0,True,0.01,0.95,10.0,39600.0,0.938,0.139
14759,1 - 1 - 2022,19800.0,10.295630140987,10.0,13.335216533675034,0.0795,0.0630957,0.1,0.72,0.7,0.8,0.264,0.2,0.3,0.768,0.0517,0.0,1.0,True,0.01,0.95,10.0,39600.0,0.938,0.139
14760,1 - 1 - 2022,19800.0,11.958260743101398,10.0,13.335216533675034,0.0707,0.0630957,0.1,0.713,0.7,0.8,0.375,0.3,0.4,1.54,0.0732,0.0,1.0,True,0.01,0.95,10.0,39600.0,0.938,0.139
14761,1 - 1 - 2022,19800.0,10.535653752852738,10.0,13.335216533675034,0.0747,0.0630957,0.1,0.719,0.7,0.8,0.55,0.5,0.6,0.768,0.0517,0.0,1.0,True,0.01,0.95,10.0,39600.0,0.938,0.139
14762,1 - 1 - 2022,19800.0,10.44030650891055,10.0,13.335216533675034,0.0763,0.0630957,0.1,0.738,0.7,0.8,0.852,0.8,0.9,1.54,0.0732,0.0,1.0,True,0.01,0.95,10.0,39600.0,0.938,0.139
14763,1 - 1 - 2022,19800.0,10.770329614269007,10.0,13.335216533675034,0.082,0.0630957,0.1,0.748,0.7,0.8,0.902,0.9,1.0,0.768,0.0517,0.0,1.0,True,0.01,0.95,10.0,39600.0,0.938,0.139
14764,1 - 1 - 2022,19800.0,11.532562594670797,10.0,13.335216533675034,0.0663,0.0630957,0.1,0.804,0.8,0.9,0.697,0.6,0.7,0.768,0.0517,0.0,1.0,True,0.01,0.95,10.0,39600.0,0.938,0.139
14765,1 - 1 - 2022,19800.0,11.575836902790225,10.0,13.335216533675034,0.121,0.1,0.158489,0.0252,0.0,0.05,0.0373,0.0,0.05,13.6,0.345,5.82,1.0,True,0.01,0.95,10.0,39600.0,0.938,0.139
14766,1 - 1 - 2022,19800.0,11.575836902790225,10.0,13.335216533675034,0.121,0.1,0.158489,0.03,0.0,0.05,0.0765,0.05,0.1,67.9,0.772,15.5,1.0,True,0.01,0.95,10.0,39600.0,0.938,0.139
14767,1 - 1 - 2022,19800.0,11.74734012447073,10.0,13.335216533675034,0.125,0.1,0.158489,0.0304,0.0,0.05,0.156,0.1,0.2,102.0,0.669,30.1,1.0,True,0.01,0.95,10.0,39600.0,0.938,0.139
14768,1 - 1 - 2022,19800.0,11.789826122551595,10.0,13.335216533675034,0.127,0.1,0.158489,0.0271,0.0,0.05,0.257,0.2,0.3,122.0,0.733,37.8,1.0,True,0.01,0.95,10.0,39600.0,0.938,0.139
14769,1 - 1 - 2022,19800.0,11.532562594670797,10.0,13.335216533675034,0.124,0.1,0.158489,0.0259,0.0,0.05,0.351,0.3,0.4,160.0,0.839,66.0,1.0,True,0.01,0.95,10.0,39600.0,0.938,0.139
14770,1 - 1 - 2022,19800.0,11.61895003862225,10.0,13.335216533675034,0.126,0.1,0.158489,0.0262,0.0,0.05,0.449,0.4,0.5,158.0,0.833,37.8,1.0,True,0.01,0.95,10.0,39600.0,0.938,0.139
14771,1 - 1 - 2022,19800.0,11.575836902790225,10.0,13.335216533675034,0.124,0.1,0.158489,0.0267,0.0,0.05,0.551,0.5,0.6,125.0,0.741,38.8,1.0,True,0.01,0.95,10.0,39600.0,0.938,0.139
14772,1 - 1 - 2022,19800.0,11.575836902790225,10.0,13.335216533675034,0.125,0.1,0.158489,0.0248,0.0,0.05,0.644,0.6,0.7,96.0,0.649,35.9,1.0,True,0.01,0.95,10.0,39600.0,0.938,0.139
14773,1 - 1 - 2022,19800.0,11.789826122551595,10.0,13.335216533675034,0.124,0.1,0.158489,0.0232,0.0,0.05,0.751,0.7,0.8,61.1,0.518,23.3,1.0,True,0.01,0.95,10.0,39600.0,0.938,0.139
14774,1 - 1 - 2022,19800.0,11.704699910719626,10.0,13.335216533675034,0.127,0.1,0.158489,0.0289,0.0,0.05,0.846,0.8,0.9,39.8,0.418,10.7,1.0,True,0.01,0.95,10.0,39600.0,0.938,0.139
14775,1 - 1 - 2022,19800.0,11.874342087037917,10.0,13.335216533675034,0.122,0.1,0.158489,0.0269,0.0,0.05,0.946,0.9,1.0,27.2,0.345,6.79,1.0,True,0.01,0.95,10.0,39600.0,0.938,0.139
14776,1 - 1 - 2022,19800.0,11.832159566199232,10.0,13.335216533675034,0.118,0.1,0.158489,0.0332,0.0,0.05,1.16,1.0,1.5,5.62,0.0703,0.194,1.0,True,0.01,0.95,10.0,39600.0,0.938,0.139
14777,1 - 1 - 2022,19800.0,11.445523142259598,10.0,13.335216533675034,0.11,0.1,0.158489,0.039,0.0,0.05,1.66,1.5,2.0,1.36,0.0345,0.194,1.0,True,0.01,0.95,10.0,39600.0,0.938,0.139
14778,1 - 1 - 2022,19800.0,11.357816691600547,10.0,13.335216533675034,0.135,0.1,0.158489,0.0703,0.05,0.1,0.0354,0.0,0.05,9.7,0.292,0.0,1.0,True,0.01,0.95,10.0,39600.0,0.938,0.139
14779,1 - 1 - 2022,19800.0,11.135528725660043,10.0,13.335216533675034,0.132,0.1,0.158489,0.0756,0.05,0.1,0.0666,0.05,0.1,25.2,0.471,0.0,1.0,True,0.01,0.95,10.0,39600.0,0.938,0.139
14780,1 - 1 - 2022,19800.0,11.575836902790225,10.0,13.335216533675034,0.124,0.1,0.158489,0.0742,0.05,0.1,0.155,0.1,0.2,69.8,0.554,0.0,1.0,True,0.01,0.95,10.0,39600.0,0.938,0.139
14781,1 - 1 - 2022,19800.0,11.489125293076057,10.0,13.335216533675034,0.125,0.1,0.158489,0.0707,0.05,0.1,0.244,0.2,0.3,85.3,0.612,0.97,1.0,True,0.01,0.95,10.0,39600.0,0.938,0.139
14782,1 - 1 - 2022,19800.0,11.40175425099138,10.0,13.335216533675034,0.126,0.1,0.158489,0.0722,0.05,0.1,0.35,0.3,0.4,85.3,0.612,4.85,1.0,True,0.01,0.95,10.0,39600.0,0.938,0.139
14783,1 - 1 - 2022,19800.0,11.532562594670797,10.0,13.335216533675034,0.126,0.1,0.158489,0.0726,0.05,0.1,0.447,0.4,0.5,78.6,0.587,6.79,1.0,True,0.01,0.95,10.0,39600.0,0.938,0.139
14784,1 - 1 - 2022,19800.0,11.61895003862225,10.0,13.335216533675034,0.126,0.1,0.158489,0.0727,0.05,0.1,0.551,0.5,0.6,55.3,0.493,3.88,1.0,True,0.01,0.95,10.0,39600.0,0.938,0.139
14785,1 - 1 - 2022,19800.0,11.532562594670797,10.0,13.335216533675034,0.127,0.1,0.158489,0.074,0.05,0.1,0.651,0.6,0.7,63.0,0.526,10.7,1.0,True,0.01,0.95,10.0,39600.0,0.938,0.139
14786,1 - 1 - 2022,19800.0,11.313708498984761,10.0,13.335216533675034,0.122,0.1,0.158489,0.0768,0.05,0.1,0.743,0.7,0.8,19.4,0.292,3.88,1.0,True,0.01,0.95,10.0,39600.0,0.938,0.139
14787,1 - 1 - 2022,19800.0,11.313708498984761,10.0,13.335216533675034,0.129,0.1,0.158489,0.0754,0.05,0.1,0.837,0.8,0.9,30.1,0.363,6.79,1.0,True,0.01,0.95,10.0,39600.0,0.938,0.139
14788,1 - 1 - 2022,19800.0,11.445523142259598,10.0,13.335216533675034,0.128,0.1,0.158489,0.0734,0.05,0.1,0.953,0.9,1.0,19.4,0.292,1.94,1.0,True,0.01,0.95,10.0,39600.0,0.938,0.139
14789,1 - 1 - 2022,19800.0,11.575836902790225,10.0,13.335216533675034,0.129,0.1,0.158489,0.0717,0.05,0.1,1.22,1.0,1.5,6.59,0.0761,0.582,1.0,True,0.01,0.95,10.0,39600.0,0.938,0.139
14790,1 - 1 - 2022,19800.0,11.874342087037917,10.0,13.335216533675034,0.134,0.1,0.158489,0.0845,0.05,0.1,1.66,1.5,2.0,2.13,0.0433,0.0,1.0,True,0.01,0.95,10.0,39600.0,0.938,0.139
14791,1 - 1 - 2022,19800.0,11.40175425099138,10.0,13.335216533675034,0.132,0.1,0.158489,0.0639,0.05,0.1,2.3,2.0,4.0,0.339,0.00864,0.0485,1.0,True,0.01,0.95,10.0,39600.0,0.938,0.139
14792,1 - 1 - 2022,19800.0,10.908712114635714,10.0,13.335216533675034,0.13,0.1,0.158489,0.13,0.1,0.15,0.0336,0.0,0.05,5.82,0.226,0.0,1.0,True,0.01,0.95,10.0,39600.0,0.938,0.139
14793,1 - 1 - 2022,19800.0,11.0,10.0,13.335216533675034,0.132,0.1,0.158489,0.126,0.1,0.15,0.0722,0.05,0.1,19.4,0.413,0.0,1.0,True,0.01,0.95,10.0,39600.0,0.938,0.139
14794,1 - 1 - 2022,19800.0,11.313708498984761,10.0,13.335216533675034,0.134,0.1,0.158489,0.122,0.1,0.15,0.166,0.1,0.2,26.2,0.339,0.0,1.0,True,0.01,0.95,10.0,39600.0,0.938,0.139
14795,1 - 1 - 2022,19800.0,11.313708498984761,10.0,13.335216533675034,0.128,0.1,0.158489,0.124,0.1,0.15,0.257,0.2,0.3,38.8,0.413,0.0,1.0,True,0.01,0.95,10.0,39600.0,0.938,0.139
14796,1 - 1 - 2022,19800.0,11.224972160321824,10.0,13.335216533675034,0.128,0.1,0.158489,0.123,0.1,0.15,0.343,0.3,0.4,49.5,0.466,0.0,1.0,True,0.01,0.95,10.0,39600.0,0.938,0.139
14797,1 - 1 - 2022,19800.0,11.704699910719626,10.0,13.335216533675034,0.124,0.1,0.158489,0.124,0.1,0.15,0.448,0.4,0.5,40.7,0.423,0.0,1.0,True,0.01,0.95,10.0,39600.0,0.938,0.139
14798,1 - 1 - 2022,19800.0,11.357816691600547,10.0,13.335216533675034,0.122,0.1,0.158489,0.124,0.1,0.15,0.551,0.5,0.6,33.0,0.381,0.97,1.0,True,0.01,0.95,10.0,39600.0,0.938,0.139
14799,1 - 1 - 2022,19800.0,11.789826122551595,10.0,13.335216533675034,0.125,0.1,0.158489,0.121,0.1,0.15,0.646,0.6,0.7,28.1,0.352,1.94,1.0,True,0.01,0.95,10.0,39600.0,0.938,0.139
14800,1 - 1 - 2022,19800.0,11.357816691600547,10.0,13.335216533675034,0.134,0.1,0.158489,0.117,0.1,0.15,0.742,0.7,0.8,20.4,0.299,0.97,1.0,True,0.01,0.95,10.0,39600.0,0.938,0.139
14801,1 - 1 - 2022,19800.0,11.357816691600547,10.0,13.335216533675034,0.118,0.1,0.158489,0.127,0.1,0.15,0.842,0.8,0.9,14.5,0.253,3.88,1.0,True,0.01,0.95,10.0,39600.0,0.938,0.139
14802,1 - 1 - 2022,19800.0,11.224972160321824,10.0,13.335216533675034,0.122,0.1,0.158489,0.119,0.1,0.15,0.96,0.9,1.0,9.7,0.206,1.94,1.0,True,0.01,0.95,10.0,39600.0,0.938,0.139
14803,1 - 1 - 2022,19800.0,11.532562594670797,10.0,13.335216533675034,0.127,0.1,0.158489,0.121,0.1,0.15,1.2,1.0,1.5,5.04,0.0666,0.97,1.0,True,0.01,0.95,10.0,39600.0,0.938,0.139
14804,1 - 1 - 2022,19800.0,11.832159566199232,10.0,13.335216533675034,0.124,0.1,0.158489,0.124,0.1,0.15,1.75,1.5,2.0,2.13,0.0433,0.388,1.0,True,0.01,0.95,10.0,39600.0,0.938,0.139
14805,1 - 1 - 2022,19800.0,12.041594578792296,10.0,13.335216533675034,0.136,0.1,0.158489,0.124,0.1,0.15,2.75,2.0,4.0,0.291,0.00799,0.0,1.0,True,0.01,0.95,10.0,39600.0,0.938,0.139
14806,1 - 1 - 2022,19800.0,10.488088481701515,10.0,13.335216533675034,0.129,0.1,0.158489,0.174,0.15,0.2,0.0339,0.0,0.05,3.88,0.185,0.0,1.0,True,0.01,0.95,10.0,39600.0,0.938,0.139
14807,1 - 1 - 2022,19800.0,11.489125293076057,10.0,13.335216533675034,0.123,0.1,0.158489,0.172,0.15,0.2,0.0742,0.05,0.1,21.3,0.433,0.0,1.0,True,0.01,0.95,10.0,39600.0,0.938,0.139
14808,1 - 1 - 2022,19800.0,11.135528725660043,10.0,13.335216533675034,0.121,0.1,0.158489,0.172,0.15,0.2,0.151,0.1,0.2,16.5,0.269,0.0,1.0,True,0.01,0.95,10.0,39600.0,0.938,0.139
14809,1 - 1 - 2022,19800.0,11.489125293076057,10.0,13.335216533675034,0.124,0.1,0.158489,0.173,0.15,0.2,0.245,0.2,0.3,15.5,0.261,0.0,1.0,True,0.01,0.95,10.0,39600.0,0.938,0.139
14810,1 - 1 - 2022,19800.0,11.489125293076057,10.0,13.335216533675034,0.126,0.1,0.158489,0.172,0.15,0.2,0.356,0.3,0.4,27.2,0.345,0.0,1.0,True,0.01,0.95,10.0,39600.0,0.938,0.139
14811,1 - 1 - 2022,19800.0,11.40175425099138,10.0,13.335216533675034,0.118,0.1,0.158489,0.177,0.15,0.2,0.442,0.4,0.5,19.4,0.292,0.0,1.0,True,0.01,0.95,10.0,39600.0,0.938,0.139
14812,1 - 1 - 2022,19800.0,11.789826122551595,10.0,13.335216533675034,0.129,0.1,0.158489,0.173,0.15,0.2,0.534,0.5,0.6,20.4,0.299,0.0,1.0,True,0.01,0.95,10.0,39600.0,0.938,0.139
14813,1 - 1 - 2022,19800.0,11.045361017187261,10.0,13.335216533675034,0.128,0.1,0.158489,0.172,0.15,0.2,0.65,0.6,0.7,19.4,0.292,0.0,1.0,True,0.01,0.95,10.0,39600.0,0.938,0.139
14814,1 - 1 - 2022,19800.0,11.575836902790225,10.0,13.335216533675034,0.126,0.1,0.158489,0.176,0.15,0.2,0.756,0.7,0.8,17.5,0.277,0.0,1.0,True,0.01,0.95,10.0,39600.0,0.938,0.139
14815,1 - 1 - 2022,19800.0,11.090536506409418,10.0,13.335216533675034,0.131,0.1,0.158489,0.17,0.15,0.2,0.859,0.8,0.9,9.7,0.206,0.0,1.0,True,0.01,0.95,10.0,39600.0,0.938,0.139
14816,1 - 1 - 2022,19800.0,12.041594578792296,10.0,13.335216533675034,0.129,0.1,0.158489,0.167,0.15,0.2,0.953,0.9,1.0,11.6,0.226,0.0,1.0,True,0.01,0.95,10.0,39600.0,0.938,0.139
14817,1 - 1 - 2022,19800.0,11.916375287812984,10.0,13.335216533675034,0.123,0.1,0.158489,0.181,0.15,0.2,1.17,1.0,1.5,2.72,0.0489,0.194,1.0,True,0.01,0.95,10.0,39600.0,0.938,0.139
14818,1 - 1 - 2022,19800.0,11.958260743101398,10.0,13.335216533675034,0.15,0.1,0.158489,0.169,0.15,0.2,1.78,1.5,2.0,0.582,0.0226,0.0,1.0,True,0.01,0.95,10.0,39600.0,0.938,0.139
14819,1 - 1 - 2022,19800.0,11.661903789690601,10.0,13.335216533675034,0.124,0.1,0.158489,0.172,0.15,0.2,2.19,2.0,4.0,0.242,0.0073,0.0485,1.0,True,0.01,0.95,10.0,39600.0,0.938,0.139
14820,1 - 1 - 2022,19800.0,10.723805294763608,10.0,13.335216533675034,0.129,0.1,0.158489,0.244,0.2,0.25,0.0461,0.0,0.05,1.94,0.131,0.0,1.0,True,0.01,0.95,10.0,39600.0,0.938,0.139
14821,1 - 1 - 2022,19800.0,10.816653826391969,10.0,13.335216533675034,0.13,0.1,0.158489,0.212,0.2,0.25,0.0602,0.05,0.1,1.94,0.131,0.0,1.0,True,0.01,0.95,10.0,39600.0,0.938,0.139
14822,1 - 1 - 2022,19800.0,11.045361017187261,10.0,13.335216533675034,0.135,0.1,0.158489,0.213,0.2,0.25,0.159,0.1,0.2,7.76,0.185,0.0,1.0,True,0.01,0.95,10.0,39600.0,0.938,0.139
14823,1 - 1 - 2022,19800.0,11.357816691600547,10.0,13.335216533675034,0.126,0.1,0.158489,0.222,0.2,0.25,0.254,0.2,0.3,13.6,0.244,0.0,1.0,True,0.01,0.95,10.0,39600.0,0.938,0.139
14824,1 - 1 - 2022,19800.0,12.083045973594572,10.0,13.335216533675034,0.123,0.1,0.158489,0.225,0.2,0.25,0.342,0.3,0.4,19.4,0.292,0.0,1.0,True,0.01,0.95,10.0,39600.0,0.938,0.139
14825,1 - 1 - 2022,19800.0,11.445523142259598,10.0,13.335216533675034,0.127,0.1,0.158489,0.221,0.2,0.25,0.442,0.4,0.5,13.6,0.244,0.0,1.0,True,0.01,0.95,10.0,39600.0,0.938,0.139
14826,1 - 1 - 2022,19800.0,11.269427669584644,10.0,13.335216533675034,0.123,0.1,0.158489,0.223,0.2,0.25,0.536,0.5,0.6,5.82,0.16,0.0,1.0,True,0.01,0.95,10.0,39600.0,0.938,0.139
14827,1 - 1 - 2022,19800.0,11.269427669584644,10.0,13.335216533675034,0.13,0.1,0.158489,0.221,0.2,0.25,0.659,0.6,0.7,14.5,0.253,0.97,1.0,True,0.01,0.95,10.0,39600.0,0.938,0.139
14828,1 - 1 - 2022,19800.0,11.489125293076057,10.0,13.335216533675034,0.121,0.1,0.158489,0.228,0.2,0.25,0.759,0.7,0.8,9.7,0.206,0.0,1.0,True,0.01,0.95,10.0,39600.0,0.938,0.139
14829,1 - 1 - 2022,19800.0,11.445523142259598,10.0,13.335216533675034,0.123,0.1,0.158489,0.221,0.2,0.25,0.853,0.8,0.9,10.7,0.216,0.0,1.0,True,0.01,0.95,10.0,39600.0,0.938,0.139
14830,1 - 1 - 2022,19800.0,11.832159566199232,10.0,13.335216533675034,0.138,0.1,0.158489,0.221,0.2,0.25,0.957,0.9,1.0,5.82,0.16,0.0,1.0,True,0.01,0.95,10.0,39600.0,0.938,0.139
14831,1 - 1 - 2022,19800.0,11.357816691600547,10.0,13.335216533675034,0.12,0.1,0.158489,0.227,0.2,0.25,1.18,1.0,1.5,3.88,0.0584,0.0,1.0,True,0.01,0.95,10.0,39600.0,0.938,0.139
14832,1 - 1 - 2022,19800.0,11.789826122551595,10.0,13.335216533675034,0.104,0.1,0.158489,0.241,0.2,0.25,1.7,1.5,2.0,0.388,0.0185,0.0,1.0,True,0.01,0.95,10.0,39600.0,0.938,0.139
14833,1 - 1 - 2022,19800.0,11.61895003862225,10.0,13.335216533675034,0.109,0.1,0.158489,0.215,0.2,0.25,2.73,2.0,4.0,0.194,0.00653,0.0,1.0,True,0.01,0.95,10.0,39600.0,0.938,0.139
14834,1 - 1 - 2022,19800.0,13.0,10.0,13.335216533675034,0.126,0.1,0.158489,0.279,0.25,0.3,0.0423,0.0,0.05,1.94,0.131,0.0,1.0,True,0.01,0.95,10.0,39600.0,0.938,0.139
14835,1 - 1 - 2022,19800.0,10.246950765959598,10.0,13.335216533675034,0.1,0.1,0.158489,0.286,0.25,0.3,0.0739,0.05,0.1,1.94,0.131,0.0,1.0,True,0.01,0.95,10.0,39600.0,0.938,0.139
14836,1 - 1 - 2022,19800.0,11.090536506409418,10.0,13.335216533675034,0.127,0.1,0.158489,0.272,0.25,0.3,0.155,0.1,0.2,5.82,0.16,0.0,1.0,True,0.01,0.95,10.0,39600.0,0.938,0.139
14837,1 - 1 - 2022,19800.0,11.357816691600547,10.0,13.335216533675034,0.135,0.1,0.158489,0.268,0.25,0.3,0.252,0.2,0.3,7.76,0.185,0.0,1.0,True,0.01,0.95,10.0,39600.0,0.938,0.139
14838,1 - 1 - 2022,19800.0,11.916375287812984,10.0,13.335216533675034,0.113,0.1,0.158489,0.27,0.25,0.3,0.343,0.3,0.4,9.7,0.206,0.0,1.0,True,0.01,0.95,10.0,39600.0,0.938,0.139
14839,1 - 1 - 2022,19800.0,11.61895003862225,10.0,13.335216533675034,0.132,0.1,0.158489,0.258,0.25,0.3,0.451,0.4,0.5,6.79,0.173,0.0,1.0,True,0.01,0.95,10.0,39600.0,0.938,0.139
14840,1 - 1 - 2022,19800.0,11.045361017187261,10.0,13.335216533675034,0.122,0.1,0.158489,0.277,0.25,0.3,0.545,0.5,0.6,14.5,0.253,0.0,1.0,True,0.01,0.95,10.0,39600.0,0.938,0.139
14841,1 - 1 - 2022,19800.0,11.357816691600547,10.0,13.335216533675034,0.132,0.1,0.158489,0.274,0.25,0.3,0.663,0.6,0.7,10.7,0.217,0.0,1.0,True,0.01,0.95,10.0,39600.0,0.938,0.139
14842,1 - 1 - 2022,19800.0,11.445523142259598,10.0,13.335216533675034,0.139,0.1,0.158489,0.27,0.25,0.3,0.75,0.7,0.8,7.76,0.185,0.0,1.0,True,0.01,0.95,10.0,39600.0,0.938,0.139
14843,1 - 1 - 2022,19800.0,11.40175425099138,10.0,13.335216533675034,0.14,0.1,0.158489,0.272,0.25,0.3,0.872,0.8,0.9,3.88,0.131,0.0,1.0,True,0.01,0.95,10.0,39600.0,0.938,0.139
14844,1 - 1 - 2022,19800.0,11.789826122551595,10.0,13.335216533675034,0.114,0.1,0.158489,0.264,0.25,0.3,0.954,0.9,1.0,5.82,0.16,0.0,1.0,True,0.01,0.95,10.0,39600.0,0.938,0.139
14845,1 - 1 - 2022,19800.0,11.704699910719626,10.0,13.335216533675034,0.126,0.1,0.158489,0.27,0.25,0.3,1.11,1.0,1.5,1.55,0.0369,0.0,1.0,True,0.01,0.95,10.0,39600.0,0.938,0.139
14846,1 - 1 - 2022,19800.0,11.357816691600547,10.0,13.335216533675034,0.109,0.1,0.158489,0.264,0.25,0.3,2.58,2.0,4.0,0.194,0.00653,0.0,1.0,True,0.01,0.95,10.0,39600.0,0.938,0.139
14847,1 - 1 - 2022,19800.0,10.954451150103322,10.0,13.335216533675034,0.118,0.1,0.158489,0.329,0.3,0.4,0.143,0.1,0.2,2.91,0.0799,0.0,1.0,True,0.01,0.95,10.0,39600.0,0.938,0.139
14848,1 - 1 - 2022,19800.0,11.045361017187261,10.0,13.335216533675034,0.13,0.1,0.158489,0.35,0.3,0.4,0.249,0.2,0.3,3.39,0.0863,0.0,1.0,True,0.01,0.95,10.0,39600.0,0.938,0.139
14849,1 - 1 - 2022,19800.0,11.357816691600547,10.0,13.335216533675034,0.117,0.1,0.158489,0.343,0.3,0.4,0.349,0.3,0.4,6.79,0.122,0.0,1.0,True,0.01,0.95,10.0,39600.0,0.938,0.139
14850,1 - 1 - 2022,19800.0,11.61895003862225,10.0,13.335216533675034,0.124,0.1,0.158489,0.343,0.3,0.4,0.461,0.4,0.5,5.82,0.113,0.0,1.0,True,0.01,0.95,10.0,39600.0,0.938,0.139
14851,1 - 1 - 2022,19800.0,11.575836902790225,10.0,13.335216533675034,0.122,0.1,0.158489,0.336,0.3,0.4,0.554,0.5,0.6,7.27,0.126,0.0,1.0,True,0.01,0.95,10.0,39600.0,0.938,0.139
14852,1 - 1 - 2022,19800.0,11.445523142259598,10.0,13.335216533675034,0.124,0.1,0.158489,0.35,0.3,0.4,0.644,0.6,0.7,6.3,0.118,0.0,1.0,True,0.01,0.95,10.0,39600.0,0.938,0.139
14853,1 - 1 - 2022,19800.0,11.704699910719626,10.0,13.335216533675034,0.134,0.1,0.158489,0.347,0.3,0.4,0.755,0.7,0.8,5.33,0.108,0.0,1.0,True,0.01,0.95,10.0,39600.0,0.938,0.139
14854,1 - 1 - 2022,19800.0,11.575836902790225,10.0,13.335216533675034,0.13,0.1,0.158489,0.325,0.3,0.4,0.948,0.9,1.0,2.91,0.0799,0.0,1.0,True,0.01,0.95,10.0,39600.0,0.938,0.139
14855,1 - 1 - 2022,19800.0,10.816653826391969,10.0,13.335216533675034,0.126,0.1,0.158489,0.334,0.3,0.4,1.2,1.0,1.5,0.776,0.0185,0.0,1.0,True,0.01,0.95,10.0,39600.0,0.938,0.139
14856,1 - 1 - 2022,19800.0,12.36931687685298,10.0,13.335216533675034,0.118,0.1,0.158489,0.354,0.3,0.4,1.73,1.5,2.0,0.194,0.00923,0.0,1.0,True,0.01,0.95,10.0,39600.0,0.938,0.139
14857,1 - 1 - 2022,19800.0,11.489125293076057,10.0,13.335216533675034,0.135,0.1,0.158489,0.456,0.4,0.5,0.136,0.1,0.2,1.94,0.0653,0.0,1.0,True,0.01,0.95,10.0,39600.0,0.938,0.139
14858,1 - 1 - 2022,19800.0,11.40175425099138,10.0,13.335216533675034,0.126,0.1,0.158489,0.435,0.4,0.5,0.273,0.2,0.3,2.42,0.073,0.0,1.0,True,0.01,0.95,10.0,39600.0,0.938,0.139
14859,1 - 1 - 2022,19800.0,10.816653826391969,10.0,13.335216533675034,0.123,0.1,0.158489,0.432,0.4,0.5,0.363,0.3,0.4,3.39,0.0864,0.0,1.0,True,0.01,0.95,10.0,39600.0,0.938,0.139
14860,1 - 1 - 2022,19800.0,11.532562594670797,10.0,13.335216533675034,0.14,0.1,0.158489,0.442,0.4,0.5,0.455,0.4,0.5,2.91,0.0799,0.0,1.0,True,0.01,0.95,10.0,39600.0,0.938,0.139
14861,1 - 1 - 2022,19800.0,10.770329614269007,10.0,13.335216533675034,0.113,0.1,0.158489,0.45,0.4,0.5,0.558,0.5,0.6,0.97,0.0462,0.0,1.0,True,0.01,0.95,10.0,39600.0,0.938,0.139
14862,1 - 1 - 2022,19800.0,11.269427669584644,10.0,13.335216533675034,0.121,0.1,0.158489,0.443,0.4,0.5,0.662,0.6,0.7,1.94,0.0653,0.0,1.0,True,0.01,0.95,10.0,39600.0,0.938,0.139
14863,1 - 1 - 2022,19800.0,11.489125293076057,10.0,13.335216533675034,0.14,0.1,0.158489,0.471,0.4,0.5,0.724,0.7,0.8,1.45,0.0565,0.0,1.0,True,0.01,0.95,10.0,39600.0,0.938,0.139
14864,1 - 1 - 2022,19800.0,11.874342087037917,10.0,13.335216533675034,0.128,0.1,0.158489,0.437,0.4,0.5,0.864,0.8,0.9,1.45,0.0565,0.0,1.0,True,0.01,0.95,10.0,39600.0,0.938,0.139
14865,1 - 1 - 2022,19800.0,12.922847983320086,10.0,13.335216533675034,0.13,0.1,0.158489,0.441,0.4,0.5,0.943,0.9,1.0,1.45,0.0565,0.0,1.0,True,0.01,0.95,10.0,39600.0,0.938,0.139
14866,1 - 1 - 2022,19800.0,10.583005244258363,10.0,13.335216533675034,0.124,0.1,0.158489,0.432,0.4,0.5,1.17,1.0,1.5,0.485,0.0146,0.0,1.0,True,0.01,0.95,10.0,39600.0,0.938,0.139
14867,1 - 1 - 2022,19800.0,12.328828005937952,10.0,13.335216533675034,0.145,0.1,0.158489,0.44,0.4,0.5,1.5,1.5,2.0,0.0969,0.00652,0.0,1.0,True,0.01,0.95,10.0,39600.0,0.938,0.139
14868,1 - 1 - 2022,19800.0,12.12435565298214,10.0,13.335216533675034,0.137,0.1,0.158489,0.446,0.4,0.5,3.97,2.0,4.0,0.0242,0.00163,0.0,1.0,True,0.01,0.95,10.0,39600.0,0.938,0.139
14869,1 - 1 - 2022,19800.0,11.045361017187261,10.0,13.335216533675034,0.122,0.1,0.158489,0.53,0.5,0.6,0.26,0.2,0.3,2.91,0.0799,0.0,1.0,True,0.01,0.95,10.0,39600.0,0.938,0.139
14870,1 - 1 - 2022,19800.0,11.180339887498949,10.0,13.335216533675034,0.14,0.1,0.158489,0.547,0.5,0.6,0.345,0.3,0.4,1.46,0.0565,0.0,1.0,True,0.01,0.95,10.0,39600.0,0.938,0.139
14871,1 - 1 - 2022,19800.0,11.958260743101398,10.0,13.335216533675034,0.158,0.1,0.158489,0.53,0.5,0.6,0.474,0.4,0.5,0.485,0.0326,0.0,1.0,True,0.01,0.95,10.0,39600.0,0.938,0.139
14872,1 - 1 - 2022,19800.0,11.916375287812984,10.0,13.335216533675034,0.106,0.1,0.158489,0.544,0.5,0.6,0.52,0.5,0.6,0.969,0.0461,0.0,1.0,True,0.01,0.95,10.0,39600.0,0.938,0.139
14873,1 - 1 - 2022,19800.0,11.357816691600547,10.0,13.335216533675034,0.125,0.1,0.158489,0.556,0.5,0.6,0.619,0.6,0.7,1.94,0.0653,0.0,1.0,True,0.01,0.95,10.0,39600.0,0.938,0.139
14874,1 - 1 - 2022,19800.0,10.770329614269007,10.0,13.335216533675034,0.119,0.1,0.158489,0.592,0.5,0.6,0.709,0.7,0.8,0.485,0.0326,0.0,1.0,True,0.01,0.95,10.0,39600.0,0.938,0.139
14875,1 - 1 - 2022,19800.0,10.04987562112089,10.0,13.335216533675034,0.118,0.1,0.158489,0.583,0.5,0.6,0.932,0.9,1.0,0.485,0.0326,0.0,1.0,True,0.01,0.95,10.0,39600.0,0.938,0.139
14876,1 - 1 - 2022,19800.0,11.61895003862225,10.0,13.335216533675034,0.124,0.1,0.158489,0.544,0.5,0.6,1.19,1.0,1.5,0.388,0.0131,0.0,1.0,True,0.01,0.95,10.0,39600.0,0.938,0.139
14877,1 - 1 - 2022,19800.0,11.40175425099138,10.0,13.335216533675034,0.113,0.1,0.158489,0.511,0.5,0.6,1.73,1.5,2.0,0.097,0.00653,0.0,1.0,True,0.01,0.95,10.0,39600.0,0.938,0.139
14878,1 - 1 - 2022,19800.0,11.832159566199232,10.0,13.335216533675034,0.134,0.1,0.158489,0.566,0.5,0.6,2.86,2.0,4.0,0.0242,0.00163,0.0,1.0,True,0.01,0.95,10.0,39600.0,0.938,0.139
14879,1 - 1 - 2022,19800.0,11.916375287812984,10.0,13.335216533675034,0.13,0.1,0.158489,0.627,0.6,0.7,0.262,0.2,0.3,0.97,0.0462,0.0,1.0,True,0.01,0.95,10.0,39600.0,0.938,0.139
14880,1 - 1 - 2022,19800.0,10.488088481701515,10.0,13.335216533675034,0.124,0.1,0.158489,0.697,0.6,0.7,0.364,0.3,0.4,0.485,0.0326,0.0,1.0,True,0.01,0.95,10.0,39600.0,0.938,0.139
14881,1 - 1 - 2022,19800.0,12.0,10.0,13.335216533675034,0.113,0.1,0.158489,0.669,0.6,0.7,0.464,0.4,0.5,0.485,0.0326,0.0,1.0,True,0.01,0.95,10.0,39600.0,0.938,0.139
14882,1 - 1 - 2022,19800.0,11.269427669584644,10.0,13.335216533675034,0.156,0.1,0.158489,0.605,0.6,0.7,0.533,0.5,0.6,0.485,0.0326,0.0,1.0,True,0.01,0.95,10.0,39600.0,0.938,0.139
14883,1 - 1 - 2022,19800.0,10.954451150103322,10.0,13.335216533675034,0.109,0.1,0.158489,0.659,0.6,0.7,0.634,0.6,0.7,0.485,0.0326,0.0,1.0,True,0.01,0.95,10.0,39600.0,0.938,0.139
14884,1 - 1 - 2022,19800.0,11.135528725660043,10.0,13.335216533675034,0.138,0.1,0.158489,0.629,0.6,0.7,0.732,0.7,0.8,1.94,0.0653,0.0,1.0,True,0.01,0.95,10.0,39600.0,0.938,0.139
14885,1 - 1 - 2022,19800.0,11.135528725660043,10.0,13.335216533675034,0.112,0.1,0.158489,0.623,0.6,0.7,0.958,0.9,1.0,0.485,0.0326,0.0,1.0,True,0.01,0.95,10.0,39600.0,0.938,0.139
14886,1 - 1 - 2022,19800.0,12.529964086141668,10.0,13.335216533675034,0.109,0.1,0.158489,0.616,0.6,0.7,1.35,1.0,1.5,0.097,0.00653,0.0,1.0,True,0.01,0.95,10.0,39600.0,0.938,0.139
14887,1 - 1 - 2022,19800.0,11.0,10.0,13.335216533675034,0.126,0.1,0.158489,0.757,0.7,0.8,0.255,0.2,0.3,0.97,0.0462,0.0,1.0,True,0.01,0.95,10.0,39600.0,0.938,0.139
14888,1 - 1 - 2022,19800.0,10.723805294763608,10.0,13.335216533675034,0.149,0.1,0.158489,0.8,0.8,0.9,0.364,0.3,0.4,0.485,0.0326,0.0,1.0,True,0.01,0.95,10.0,39600.0,0.938,0.139
14889,1 - 1 - 2022,19800.0,10.344080432788601,10.0,13.335216533675034,0.131,0.1,0.158489,0.724,0.7,0.8,0.474,0.4,0.5,0.485,0.0326,0.0,1.0,True,0.01,0.95,10.0,39600.0,0.938,0.139
14890,1 - 1 - 2022,19800.0,10.488088481701515,10.0,13.335216533675034,0.117,0.1,0.158489,0.75,0.7,0.8,0.539,0.5,0.6,1.45,0.0565,0.0,1.0,True,0.01,0.95,10.0,39600.0,0.938,0.139
14891,1 - 1 - 2022,19800.0,11.958260743101398,10.0,13.335216533675034,0.134,0.1,0.158489,0.715,0.7,0.8,1.0,1.0,1.5,0.097,0.00653,0.0,1.0,True,0.01,0.95,10.0,39600.0,0.938,0.139
14892,1 - 1 - 2022,19800.0,11.224972160321824,10.0,13.335216533675034,0.193,0.158489,0.251189,0.0309,0.0,0.05,0.0415,0.0,0.05,3.67,0.143,1.22,1.0,True,0.01,0.95,10.0,39600.0,0.938,0.139
14893,1 - 1 - 2022,19800.0,11.832159566199232,10.0,13.335216533675034,0.205,0.158489,0.251189,0.0334,0.0,0.05,0.0728,0.05,0.1,30.6,0.412,9.79,1.0,True,0.01,0.95,10.0,39600.0,0.938,0.139
14894,1 - 1 - 2022,19800.0,11.61895003862225,10.0,13.335216533675034,0.193,0.158489,0.251189,0.0342,0.0,0.05,0.145,0.1,0.2,31.2,0.294,11.6,1.0,True,0.01,0.95,10.0,39600.0,0.938,0.139
14895,1 - 1 - 2022,19800.0,11.489125293076057,10.0,13.335216533675034,0.201,0.158489,0.251189,0.0309,0.0,0.05,0.246,0.2,0.3,53.8,0.386,26.9,1.0,True,0.01,0.95,10.0,39600.0,0.938,0.139
14896,1 - 1 - 2022,19800.0,11.74734012447073,10.0,13.335216533675034,0.196,0.158489,0.251189,0.0294,0.0,0.05,0.351,0.3,0.4,53.9,0.386,22.6,1.0,True,0.01,0.95,10.0,39600.0,0.938,0.139
14897,1 - 1 - 2022,19800.0,11.489125293076057,10.0,13.335216533675034,0.198,0.158489,0.251189,0.0283,0.0,0.05,0.452,0.4,0.5,49.6,0.371,24.5,1.0,True,0.01,0.95,10.0,39600.0,0.938,0.139
14898,1 - 1 - 2022,19800.0,11.661903789690601,10.0,13.335216533675034,0.199,0.158489,0.251189,0.0295,0.0,0.05,0.544,0.5,0.6,44.1,0.349,25.1,1.0,True,0.01,0.95,10.0,39600.0,0.938,0.139
14899,1 - 1 - 2022,19800.0,11.489125293076057,10.0,13.335216533675034,0.197,0.158489,0.251189,0.0313,0.0,0.05,0.637,0.6,0.7,29.4,0.285,11.6,1.0,True,0.01,0.95,10.0,39600.0,0.938,0.139
14900,1 - 1 - 2022,19800.0,11.874342087037917,10.0,13.335216533675034,0.195,0.158489,0.251189,0.0326,0.0,0.05,0.747,0.7,0.8,16.5,0.214,5.51,1.0,True,0.01,0.95,10.0,39600.0,0.938,0.139
14901,1 - 1 - 2022,19800.0,11.532562594670797,10.0,13.335216533675034,0.195,0.158489,0.251189,0.0354,0.0,0.05,0.848,0.8,0.9,19.0,0.229,6.12,1.0,True,0.01,0.95,10.0,39600.0,0.938,0.139
14902,1 - 1 - 2022,19800.0,11.74734012447073,10.0,13.335216533675034,0.186,0.158489,0.251189,0.0318,0.0,0.05,0.949,0.9,1.0,9.18,0.16,3.67,1.0,True,0.01,0.95,10.0,39600.0,0.938,0.139
14903,1 - 1 - 2022,19800.0,11.489125293076057,10.0,13.335216533675034,0.194,0.158489,0.251189,0.0328,0.0,0.05,1.18,1.0,1.5,1.71,0.0308,1.35,1.0,True,0.01,0.95,10.0,39600.0,0.938,0.139
14904,1 - 1 - 2022,19800.0,11.357816691600547,10.0,13.335216533675034,0.203,0.158489,0.251189,0.0729,0.05,0.1,0.0323,0.0,0.05,6.12,0.184,0.0,1.0,True,0.01,0.95,10.0,39600.0,0.938,0.139
14905,1 - 1 - 2022,19800.0,11.532562594670797,10.0,13.335216533675034,0.203,0.158489,0.251189,0.0679,0.05,0.1,0.0768,0.05,0.1,19.6,0.329,0.0,1.0,True,0.01,0.95,10.0,39600.0,0.938,0.139
14906,1 - 1 - 2022,19800.0,11.445523142259598,10.0,13.335216533675034,0.204,0.158489,0.251189,0.0709,0.05,0.1,0.153,0.1,0.2,31.2,0.294,0.0,1.0,True,0.01,0.95,10.0,39600.0,0.938,0.139
14907,1 - 1 - 2022,19800.0,11.74734012447073,10.0,13.335216533675034,0.192,0.158489,0.251189,0.0719,0.05,0.1,0.256,0.2,0.3,42.8,0.345,0.612,1.0,True,0.01,0.95,10.0,39600.0,0.938,0.139
14908,1 - 1 - 2022,19800.0,11.489125293076057,10.0,13.335216533675034,0.195,0.158489,0.251189,0.0734,0.05,0.1,0.352,0.3,0.4,34.9,0.311,0.612,1.0,True,0.01,0.95,10.0,39600.0,0.938,0.139
14909,1 - 1 - 2022,19800.0,11.532562594670797,10.0,13.335216533675034,0.203,0.158489,0.251189,0.075,0.05,0.1,0.45,0.4,0.5,35.5,0.314,0.0,1.0,True,0.01,0.95,10.0,39600.0,0.938,0.139
14910,1 - 1 - 2022,19800.0,11.61895003862225,10.0,13.335216533675034,0.199,0.158489,0.251189,0.0722,0.05,0.1,0.541,0.5,0.6,28.1,0.279,0.0,1.0,True,0.01,0.95,10.0,39600.0,0.938,0.139
14911,1 - 1 - 2022,19800.0,11.40175425099138,10.0,13.335216533675034,0.191,0.158489,0.251189,0.0701,0.05,0.1,0.647,0.6,0.7,17.7,0.222,1.22,1.0,True,0.01,0.95,10.0,39600.0,0.938,0.139
14912,1 - 1 - 2022,19800.0,11.532562594670797,10.0,13.335216533675034,0.197,0.158489,0.251189,0.0763,0.05,0.1,0.757,0.7,0.8,17.1,0.218,0.0,1.0,True,0.01,0.95,10.0,39600.0,0.938,0.139
14913,1 - 1 - 2022,19800.0,11.661903789690601,10.0,13.335216533675034,0.194,0.158489,0.251189,0.0759,0.05,0.1,0.846,0.8,0.9,12.2,0.184,0.612,1.0,True,0.01,0.95,10.0,39600.0,0.938,0.139
14914,1 - 1 - 2022,19800.0,11.224972160321824,10.0,13.335216533675034,0.197,0.158489,0.251189,0.0727,0.05,0.1,0.974,0.9,1.0,5.51,0.124,1.22,1.0,True,0.01,0.95,10.0,39600.0,0.938,0.139
14915,1 - 1 - 2022,19800.0,11.61895003862225,10.0,13.335216533675034,0.199,0.158489,0.251189,0.0739,0.05,0.1,1.2,1.0,1.5,4.41,0.0494,0.122,1.0,True,0.01,0.95,10.0,39600.0,0.938,0.139
14916,1 - 1 - 2022,19800.0,10.770329614269007,10.0,13.335216533675034,0.193,0.158489,0.251189,0.0736,0.05,0.1,1.73,1.5,2.0,0.612,0.0184,0.0,1.0,True,0.01,0.95,10.0,39600.0,0.938,0.139
14917,1 - 1 - 2022,19800.0,11.180339887498949,10.0,13.335216533675034,0.204,0.158489,0.251189,0.0821,0.05,0.1,2.27,2.0,4.0,0.0306,0.00206,0.0,1.0,True,0.01,0.95,10.0,39600.0,0.938,0.139
14918,1 - 1 - 2022,19800.0,11.090536506409418,10.0,13.335216533675034,0.217,0.158489,0.251189,0.128,0.1,0.15,0.0418,0.0,0.05,3.67,0.143,0.0,1.0,True,0.01,0.95,10.0,39600.0,0.938,0.139
14919,1 - 1 - 2022,19800.0,12.041594578792296,10.0,13.335216533675034,0.204,0.158489,0.251189,0.119,0.1,0.15,0.0838,0.05,0.1,11.0,0.247,0.0,1.0,True,0.01,0.95,10.0,39600.0,0.938,0.139
14920,1 - 1 - 2022,19800.0,11.269427669584644,10.0,13.335216533675034,0.183,0.158489,0.251189,0.114,0.1,0.15,0.156,0.1,0.2,12.9,0.189,0.0,1.0,True,0.01,0.95,10.0,39600.0,0.938,0.139
14921,1 - 1 - 2022,19800.0,11.489125293076057,10.0,13.335216533675034,0.201,0.158489,0.251189,0.122,0.1,0.15,0.253,0.2,0.3,26.9,0.273,0.0,1.0,True,0.01,0.95,10.0,39600.0,0.938,0.139
14922,1 - 1 - 2022,19800.0,11.489125293076057,10.0,13.335216533675034,0.198,0.158489,0.251189,0.127,0.1,0.15,0.354,0.3,0.4,25.1,0.264,0.0,1.0,True,0.01,0.95,10.0,39600.0,0.938,0.139
14923,1 - 1 - 2022,19800.0,11.74734012447073,10.0,13.335216533675034,0.194,0.158489,0.251189,0.122,0.1,0.15,0.456,0.4,0.5,17.1,0.218,0.0,1.0,True,0.01,0.95,10.0,39600.0,0.938,0.139
14924,1 - 1 - 2022,19800.0,11.489125293076057,10.0,13.335216533675034,0.2,0.158489,0.251189,0.126,0.1,0.15,0.555,0.5,0.6,17.7,0.222,0.0,1.0,True,0.01,0.95,10.0,39600.0,0.938,0.139
14925,1 - 1 - 2022,19800.0,10.908712114635714,10.0,13.335216533675034,0.2,0.158489,0.251189,0.119,0.1,0.15,0.643,0.6,0.7,15.9,0.21,0.0,1.0,True,0.01,0.95,10.0,39600.0,0.938,0.139
14926,1 - 1 - 2022,19800.0,11.180339887498949,10.0,13.335216533675034,0.195,0.158489,0.251189,0.12,0.1,0.15,0.742,0.7,0.8,6.73,0.137,0.0,1.0,True,0.01,0.95,10.0,39600.0,0.938,0.139
14927,1 - 1 - 2022,19800.0,11.0,10.0,13.335216533675034,0.208,0.158489,0.251189,0.118,0.1,0.15,0.862,0.8,0.9,8.57,0.154,0.612,1.0,True,0.01,0.95,10.0,39600.0,0.938,0.139
14928,1 - 1 - 2022,19800.0,11.489125293076057,10.0,13.335216533675034,0.2,0.158489,0.251189,0.122,0.1,0.15,0.938,0.9,1.0,7.34,0.143,0.0,1.0,True,0.01,0.95,10.0,39600.0,0.938,0.139
14929,1 - 1 - 2022,19800.0,11.661903789690601,10.0,13.335216533675034,0.196,0.158489,0.251189,0.124,0.1,0.15,1.21,1.0,1.5,1.71,0.0308,0.367,1.0,True,0.01,0.95,10.0,39600.0,0.938,0.139
14930,1 - 1 - 2022,19800.0,11.832159566199232,10.0,13.335216533675034,0.184,0.158489,0.251189,0.118,0.1,0.15,1.67,1.5,2.0,0.734,0.0202,0.122,1.0,True,0.01,0.95,10.0,39600.0,0.938,0.139
14931,1 - 1 - 2022,19800.0,12.12435565298214,10.0,13.335216533675034,0.199,0.158489,0.251189,0.136,0.1,0.15,2.44,2.0,4.0,0.122,0.00412,0.0,1.0,True,0.01,0.95,10.0,39600.0,0.938,0.139
14932,1 - 1 - 2022,19800.0,12.041594578792296,10.0,13.335216533675034,0.221,0.158489,0.251189,0.173,0.15,0.2,0.0733,0.05,0.1,3.67,0.143,0.0,1.0,True,0.01,0.95,10.0,39600.0,0.938,0.139
14933,1 - 1 - 2022,19800.0,11.445523142259598,10.0,13.335216533675034,0.205,0.158489,0.251189,0.17,0.15,0.2,0.149,0.1,0.2,9.79,0.165,0.0,1.0,True,0.01,0.95,10.0,39600.0,0.938,0.139
14934,1 - 1 - 2022,19800.0,11.489125293076057,10.0,13.335216533675034,0.193,0.158489,0.251189,0.171,0.15,0.2,0.261,0.2,0.3,11.0,0.175,0.0,1.0,True,0.01,0.95,10.0,39600.0,0.938,0.139
14935,1 - 1 - 2022,19800.0,11.789826122551595,10.0,13.335216533675034,0.203,0.158489,0.251189,0.17,0.15,0.2,0.356,0.3,0.4,11.0,0.175,0.0,1.0,True,0.01,0.95,10.0,39600.0,0.938,0.139
14936,1 - 1 - 2022,19800.0,11.532562594670797,10.0,13.335216533675034,0.189,0.158489,0.251189,0.173,0.15,0.2,0.441,0.4,0.5,15.3,0.206,0.0,1.0,True,0.01,0.95,10.0,39600.0,0.938,0.139
14937,1 - 1 - 2022,19800.0,11.445523142259598,10.0,13.335216533675034,0.191,0.158489,0.251189,0.175,0.15,0.2,0.54,0.5,0.6,12.2,0.184,0.0,1.0,True,0.01,0.95,10.0,39600.0,0.938,0.139
14938,1 - 1 - 2022,19800.0,11.313708498984761,10.0,13.335216533675034,0.207,0.158489,0.251189,0.178,0.15,0.2,0.643,0.6,0.7,6.12,0.13,0.0,1.0,True,0.01,0.95,10.0,39600.0,0.938,0.139
14939,1 - 1 - 2022,19800.0,11.445523142259598,10.0,13.335216533675034,0.19,0.158489,0.251189,0.174,0.15,0.2,0.746,0.7,0.8,7.34,0.143,0.0,1.0,True,0.01,0.95,10.0,39600.0,0.938,0.139
14940,1 - 1 - 2022,19800.0,11.661903789690601,10.0,13.335216533675034,0.202,0.158489,0.251189,0.176,0.15,0.2,0.865,0.8,0.9,7.96,0.149,0.0,1.0,True,0.01,0.95,10.0,39600.0,0.938,0.139
14941,1 - 1 - 2022,19800.0,11.789826122551595,10.0,13.335216533675034,0.186,0.158489,0.251189,0.178,0.15,0.2,0.967,0.9,1.0,6.73,0.137,0.0,1.0,True,0.01,0.95,10.0,39600.0,0.938,0.139
14942,1 - 1 - 2022,19800.0,11.445523142259598,10.0,13.335216533675034,0.201,0.158489,0.251189,0.168,0.15,0.2,1.21,1.0,1.5,1.47,0.0285,0.122,1.0,True,0.01,0.95,10.0,39600.0,0.938,0.139
14943,1 - 1 - 2022,19800.0,11.357816691600547,10.0,13.335216533675034,0.187,0.158489,0.251189,0.173,0.15,0.2,1.69,1.5,2.0,0.612,0.0184,0.122,1.0,True,0.01,0.95,10.0,39600.0,0.938,0.139
14944,1 - 1 - 2022,19800.0,11.090536506409418,10.0,13.335216533675034,0.169,0.158489,0.251189,0.151,0.15,0.2,2.02,2.0,4.0,0.0306,0.00206,0.0,1.0,True,0.01,0.95,10.0,39600.0,0.938,0.139
14945,1 - 1 - 2022,19800.0,12.649110640673518,10.0,13.335216533675034,0.191,0.158489,0.251189,0.222,0.2,0.25,0.0532,0.05,0.1,1.22,0.0824,0.0,1.0,True,0.01,0.95,10.0,39600.0,0.938,0.139
14946,1 - 1 - 2022,19800.0,11.661903789690601,10.0,13.335216533675034,0.209,0.158489,0.251189,0.226,0.2,0.25,0.149,0.1,0.2,3.67,0.101,0.0,1.0,True,0.01,0.95,10.0,39600.0,0.938,0.139
14947,1 - 1 - 2022,19800.0,11.532562594670797,10.0,13.335216533675034,0.187,0.158489,0.251189,0.218,0.2,0.25,0.263,0.2,0.3,3.67,0.101,0.0,1.0,True,0.01,0.95,10.0,39600.0,0.938,0.139
14948,1 - 1 - 2022,19800.0,11.489125293076057,10.0,13.335216533675034,0.197,0.158489,0.251189,0.213,0.2,0.25,0.351,0.3,0.4,7.95,0.148,0.612,1.0,True,0.01,0.95,10.0,39600.0,0.938,0.139
14949,1 - 1 - 2022,19800.0,11.090536506409418,10.0,13.335216533675034,0.196,0.158489,0.251189,0.221,0.2,0.25,0.448,0.4,0.5,6.12,0.13,0.0,1.0,True,0.01,0.95,10.0,39600.0,0.938,0.139
14950,1 - 1 - 2022,19800.0,11.916375287812984,10.0,13.335216533675034,0.199,0.158489,0.251189,0.234,0.2,0.25,0.555,0.5,0.6,4.28,0.109,0.0,1.0,True,0.01,0.95,10.0,39600.0,0.938,0.139
14951,1 - 1 - 2022,19800.0,11.269427669584644,10.0,13.335216533675034,0.195,0.158489,0.251189,0.222,0.2,0.25,0.651,0.6,0.7,5.51,0.124,0.612,1.0,True,0.01,0.95,10.0,39600.0,0.938,0.139
14952,1 - 1 - 2022,19800.0,11.269427669584644,10.0,13.335216533675034,0.204,0.158489,0.251189,0.223,0.2,0.25,0.751,0.7,0.8,4.9,0.116,0.0,1.0,True,0.01,0.95,10.0,39600.0,0.938,0.139
14953,1 - 1 - 2022,19800.0,11.0,10.0,13.335216533675034,0.207,0.158489,0.251189,0.226,0.2,0.25,0.837,0.8,0.9,2.45,0.0824,0.0,1.0,True,0.01,0.95,10.0,39600.0,0.938,0.139
14954,1 - 1 - 2022,19800.0,11.180339887498949,10.0,13.335216533675034,0.179,0.158489,0.251189,0.217,0.2,0.25,0.919,0.9,1.0,2.45,0.0824,0.0,1.0,True,0.01,0.95,10.0,39600.0,0.938,0.139
14955,1 - 1 - 2022,19800.0,11.269427669584644,10.0,13.335216533675034,0.197,0.158489,0.251189,0.225,0.2,0.25,1.17,1.0,1.5,1.84,0.0319,0.0,1.0,True,0.01,0.95,10.0,39600.0,0.938,0.139
14956,1 - 1 - 2022,19800.0,11.575836902790225,10.0,13.335216533675034,0.223,0.158489,0.251189,0.224,0.2,0.25,1.72,1.5,2.0,0.367,0.0143,0.0,1.0,True,0.01,0.95,10.0,39600.0,0.938,0.139
14957,1 - 1 - 2022,19800.0,12.0,10.0,13.335216533675034,0.217,0.158489,0.251189,0.225,0.2,0.25,2.84,2.0,4.0,0.0612,0.00291,0.0,1.0,True,0.01,0.95,10.0,39600.0,0.938,0.139
14958,1 - 1 - 2022,19800.0,10.535653752852738,10.0,13.335216533675034,0.172,0.158489,0.251189,0.283,0.25,0.3,0.0927,0.05,0.1,2.45,0.116,0.0,1.0,True,0.01,0.95,10.0,39600.0,0.938,0.139
14959,1 - 1 - 2022,19800.0,11.489125293076057,10.0,13.335216533675034,0.181,0.158489,0.251189,0.268,0.25,0.3,0.15,0.1,0.2,3.06,0.0921,0.0,1.0,True,0.01,0.95,10.0,39600.0,0.938,0.139
14960,1 - 1 - 2022,19800.0,10.862780491200215,10.0,13.335216533675034,0.178,0.158489,0.251189,0.273,0.25,0.3,0.256,0.2,0.3,2.45,0.0824,0.0,1.0,True,0.01,0.95,10.0,39600.0,0.938,0.139
14961,1 - 1 - 2022,19800.0,12.0,10.0,13.335216533675034,0.213,0.158489,0.251189,0.282,0.25,0.3,0.34,0.3,0.4,5.51,0.124,0.0,1.0,True,0.01,0.95,10.0,39600.0,0.938,0.139
14962,1 - 1 - 2022,19800.0,11.704699910719626,10.0,13.335216533675034,0.2,0.158489,0.251189,0.279,0.25,0.3,0.451,0.4,0.5,5.51,0.124,0.0,1.0,True,0.01,0.95,10.0,39600.0,0.938,0.139
14963,1 - 1 - 2022,19800.0,11.445523142259598,10.0,13.335216533675034,0.209,0.158489,0.251189,0.269,0.25,0.3,0.546,0.5,0.6,6.73,0.137,0.0,1.0,True,0.01,0.95,10.0,39600.0,0.938,0.139
14964,1 - 1 - 2022,19800.0,11.832159566199232,10.0,13.335216533675034,0.217,0.158489,0.251189,0.271,0.25,0.3,0.649,0.6,0.7,3.06,0.0921,0.0,1.0,True,0.01,0.95,10.0,39600.0,0.938,0.139
14965,1 - 1 - 2022,19800.0,11.445523142259598,10.0,13.335216533675034,0.193,0.158489,0.251189,0.272,0.25,0.3,0.733,0.7,0.8,5.51,0.124,0.0,1.0,True,0.01,0.95,10.0,39600.0,0.938,0.139
14966,1 - 1 - 2022,19800.0,11.789826122551595,10.0,13.335216533675034,0.207,0.158489,0.251189,0.261,0.25,0.3,0.817,0.8,0.9,2.45,0.0824,0.0,1.0,True,0.01,0.95,10.0,39600.0,0.938,0.139
14967,1 - 1 - 2022,19800.0,12.0,10.0,13.335216533675034,0.192,0.158489,0.251189,0.27,0.25,0.3,0.92,0.9,1.0,1.84,0.0713,0.0,1.0,True,0.01,0.95,10.0,39600.0,0.938,0.139
14968,1 - 1 - 2022,19800.0,11.661903789690601,10.0,13.335216533675034,0.193,0.158489,0.251189,0.284,0.25,0.3,1.14,1.0,1.5,0.979,0.0233,0.0,1.0,True,0.01,0.95,10.0,39600.0,0.938,0.139
14969,1 - 1 - 2022,19800.0,12.206555615733702,10.0,13.335216533675034,0.192,0.158489,0.251189,0.263,0.25,0.3,1.72,1.5,2.0,0.122,0.00824,0.0,1.0,True,0.01,0.95,10.0,39600.0,0.938,0.139
14970,1 - 1 - 2022,19800.0,11.090536506409418,10.0,13.335216533675034,0.191,0.158489,0.251189,0.288,0.25,0.3,2.01,2.0,4.0,0.0306,0.00206,0.0,1.0,True,0.01,0.95,10.0,39600.0,0.938,0.139
14971,1 - 1 - 2022,19800.0,10.295630140987,10.0,13.335216533675034,0.224,0.158489,0.251189,0.339,0.3,0.4,0.133,0.1,0.2,0.306,0.0206,0.0,1.0,True,0.01,0.95,10.0,39600.0,0.938,0.139
14972,1 - 1 - 2022,19800.0,11.661903789690601,10.0,13.335216533675034,0.202,0.158489,0.251189,0.342,0.3,0.4,0.264,0.2,0.3,2.45,0.0582,0.0,1.0,True,0.01,0.95,10.0,39600.0,0.938,0.139
14973,1 - 1 - 2022,19800.0,11.224972160321824,10.0,13.335216533675034,0.199,0.158489,0.251189,0.356,0.3,0.4,0.335,0.3,0.4,3.06,0.0651,0.306,1.0,True,0.01,0.95,10.0,39600.0,0.938,0.139
14974,1 - 1 - 2022,19800.0,11.445523142259598,10.0,13.335216533675034,0.193,0.158489,0.251189,0.329,0.3,0.4,0.447,0.4,0.5,2.14,0.0545,0.0,1.0,True,0.01,0.95,10.0,39600.0,0.938,0.139
14975,1 - 1 - 2022,19800.0,11.313708498984761,10.0,13.335216533675034,0.191,0.158489,0.251189,0.343,0.3,0.4,0.553,0.5,0.6,3.06,0.0651,0.0,1.0,True,0.01,0.95,10.0,39600.0,0.938,0.139
14976,1 - 1 - 2022,19800.0,11.445523142259598,10.0,13.335216533675034,0.202,0.158489,0.251189,0.345,0.3,0.4,0.64,0.6,0.7,2.14,0.0545,0.0,1.0,True,0.01,0.95,10.0,39600.0,0.938,0.139
14977,1 - 1 - 2022,19800.0,11.916375287812984,10.0,13.335216533675034,0.201,0.158489,0.251189,0.362,0.3,0.4,0.733,0.7,0.8,2.14,0.0545,0.0,1.0,True,0.01,0.95,10.0,39600.0,0.938,0.139
14978,1 - 1 - 2022,19800.0,11.269427669584644,10.0,13.335216533675034,0.209,0.158489,0.251189,0.345,0.3,0.4,0.854,0.8,0.9,1.84,0.0504,0.0,1.0,True,0.01,0.95,10.0,39600.0,0.938,0.139
14979,1 - 1 - 2022,19800.0,12.24744871391589,10.0,13.335216533675034,0.239,0.158489,0.251189,0.367,0.3,0.4,0.932,0.9,1.0,0.306,0.0206,0.0,1.0,True,0.01,0.95,10.0,39600.0,0.938,0.139
14980,1 - 1 - 2022,19800.0,11.40175425099138,10.0,13.335216533675034,0.203,0.158489,0.251189,0.342,0.3,0.4,1.29,1.0,1.5,0.734,0.0143,0.0,1.0,True,0.01,0.95,10.0,39600.0,0.938,0.139
14981,1 - 1 - 2022,19800.0,12.165525060596439,10.0,13.335216533675034,0.221,0.158489,0.251189,0.324,0.3,0.4,1.82,1.5,2.0,0.122,0.00583,0.0,1.0,True,0.01,0.95,10.0,39600.0,0.938,0.139
14982,1 - 1 - 2022,19800.0,10.770329614269007,10.0,13.335216533675034,0.203,0.158489,0.251189,0.334,0.3,0.4,2.53,2.0,4.0,0.0153,0.00103,0.0,1.0,True,0.01,0.95,10.0,39600.0,0.938,0.139
14983,1 - 1 - 2022,19800.0,10.723805294763608,10.0,13.335216533675034,0.18,0.158489,0.251189,0.443,0.4,0.5,0.0702,0.05,0.1,1.84,0.0713,0.0,1.0,True,0.01,0.95,10.0,39600.0,0.938,0.139
14984,1 - 1 - 2022,19800.0,10.770329614269007,10.0,13.335216533675034,0.197,0.158489,0.251189,0.444,0.4,0.5,0.163,0.1,0.2,0.918,0.0357,0.0,1.0,True,0.01,0.95,10.0,39600.0,0.938,0.139
14985,1 - 1 - 2022,19800.0,10.862780491200215,10.0,13.335216533675034,0.209,0.158489,0.251189,0.464,0.4,0.5,0.254,0.2,0.3,0.918,0.0357,0.0,1.0,True,0.01,0.95,10.0,39600.0,0.938,0.139
14986,1 - 1 - 2022,19800.0,10.63014581273465,10.0,13.335216533675034,0.214,0.158489,0.251189,0.456,0.4,0.5,0.376,0.3,0.4,0.918,0.0357,0.0,1.0,True,0.01,0.95,10.0,39600.0,0.938,0.139
14987,1 - 1 - 2022,19800.0,11.704699910719626,10.0,13.335216533675034,0.213,0.158489,0.251189,0.411,0.4,0.5,0.48,0.4,0.5,0.612,0.0291,0.0,1.0,True,0.01,0.95,10.0,39600.0,0.938,0.139
14988,1 - 1 - 2022,19800.0,11.090536506409418,10.0,13.335216533675034,0.198,0.158489,0.251189,0.453,0.4,0.5,0.57,0.5,0.6,1.22,0.0412,0.0,1.0,True,0.01,0.95,10.0,39600.0,0.938,0.139
14989,1 - 1 - 2022,19800.0,11.445523142259598,10.0,13.335216533675034,0.187,0.158489,0.251189,0.446,0.4,0.5,0.653,0.6,0.7,0.612,0.0291,0.0,1.0,True,0.01,0.95,10.0,39600.0,0.938,0.139
14990,1 - 1 - 2022,19800.0,10.198039027185569,10.0,13.335216533675034,0.164,0.158489,0.251189,0.418,0.4,0.5,0.927,0.9,1.0,0.306,0.0206,0.0,1.0,True,0.01,0.95,10.0,39600.0,0.938,0.139
14991,1 - 1 - 2022,19800.0,11.180339887498949,10.0,13.335216533675034,0.193,0.158489,0.251189,0.456,0.4,0.5,1.32,1.0,1.5,0.245,0.00824,0.0,1.0,True,0.01,0.95,10.0,39600.0,0.938,0.139
14992,1 - 1 - 2022,19800.0,11.445523142259598,10.0,13.335216533675034,0.194,0.158489,0.251189,0.433,0.4,0.5,1.71,1.5,2.0,0.184,0.00713,0.0,1.0,True,0.01,0.95,10.0,39600.0,0.938,0.139
14993,1 - 1 - 2022,19800.0,10.44030650891055,10.0,13.335216533675034,0.173,0.158489,0.251189,0.567,0.5,0.6,0.114,0.1,0.2,0.306,0.0206,0.0,1.0,True,0.01,0.95,10.0,39600.0,0.938,0.139
14994,1 - 1 - 2022,19800.0,12.206555615733702,10.0,13.335216533675034,0.199,0.158489,0.251189,0.58,0.5,0.6,0.298,0.2,0.3,0.306,0.0206,0.0,1.0,True,0.01,0.95,10.0,39600.0,0.938,0.139
14995,1 - 1 - 2022,19800.0,11.224972160321824,10.0,13.335216533675034,0.172,0.158489,0.251189,0.561,0.5,0.6,0.342,0.3,0.4,0.918,0.0357,0.0,1.0,True,0.01,0.95,10.0,39600.0,0.938,0.139
14996,1 - 1 - 2022,19800.0,11.661903789690601,10.0,13.335216533675034,0.171,0.158489,0.251189,0.56,0.5,0.6,0.438,0.4,0.5,0.612,0.0291,0.0,1.0,True,0.01,0.95,10.0,39600.0,0.938,0.139
14997,1 - 1 - 2022,19800.0,10.392304845413264,10.0,13.335216533675034,0.192,0.158489,0.251189,0.521,0.5,0.6,0.562,0.5,0.6,0.612,0.0291,0.0,1.0,True,0.01,0.95,10.0,39600.0,0.938,0.139
14998,1 - 1 - 2022,19800.0,10.583005244258363,10.0,13.335216533675034,0.163,0.158489,0.251189,0.513,0.5,0.6,0.675,0.6,0.7,0.306,0.0206,0.0,1.0,True,0.01,0.95,10.0,39600.0,0.938,0.139
14999,1 - 1 - 2022,19800.0,13.0,10.0,13.335216533675034,0.175,0.158489,0.251189,0.528,0.5,0.6,0.832,0.8,0.9,0.306,0.0206,0.0,1.0,True,0.01,0.95,10.0,39600.0,0.938,0.139
15000,1 - 1 - 2022,19800.0,10.677078252031311,10.0,13.335216533675034,0.18,0.158489,0.251189,0.576,0.5,0.6,1.22,1.0,1.5,0.122,0.00582,0.0,1.0,True,0.01,0.95,10.0,39600.0,0.938,0.139
15001,1 - 1 - 2022,19800.0,10.392304845413264,10.0,13.335216533675034,0.192,0.158489,0.251189,0.641,0.6,0.7,0.0938,0.05,0.1,0.612,0.0412,0.0,1.0,True,0.01,0.95,10.0,39600.0,0.938,0.139
15002,1 - 1 - 2022,19800.0,10.0,10.0,13.335216533675034,0.161,0.158489,0.251189,0.688,0.6,0.7,0.119,0.1,0.2,0.306,0.0206,0.0,1.0,True,0.01,0.95,10.0,39600.0,0.938,0.139
15003,1 - 1 - 2022,19800.0,11.135528725660043,10.0,13.335216533675034,0.242,0.158489,0.251189,0.616,0.6,0.7,0.276,0.2,0.3,0.306,0.0206,0.0,1.0,True,0.01,0.95,10.0,39600.0,0.938,0.139
15004,1 - 1 - 2022,19800.0,10.0,10.0,13.335216533675034,0.184,0.158489,0.251189,0.669,0.6,0.7,0.527,0.5,0.6,0.306,0.0206,0.0,1.0,True,0.01,0.95,10.0,39600.0,0.938,0.139
15005,1 - 1 - 2022,19800.0,12.68857754044952,10.0,13.335216533675034,0.22,0.158489,0.251189,0.656,0.6,0.7,0.655,0.6,0.7,0.306,0.0206,0.0,1.0,True,0.01,0.95,10.0,39600.0,0.938,0.139
15006,1 - 1 - 2022,19800.0,13.228756555322953,10.0,13.335216533675034,0.231,0.158489,0.251189,0.679,0.6,0.7,2.83,2.0,4.0,0.0153,0.00103,0.0,1.0,True,0.01,0.95,10.0,39600.0,0.938,0.139
15007,1 - 1 - 2022,19800.0,10.14889156509222,10.0,13.335216533675034,0.171,0.158489,0.251189,0.727,0.7,0.8,0.32,0.3,0.4,0.306,0.0206,0.0,1.0,True,0.01,0.95,10.0,39600.0,0.938,0.139
15008,1 - 1 - 2022,19800.0,11.135528725660043,10.0,13.335216533675034,0.189,0.158489,0.251189,0.795,0.7,0.8,0.482,0.4,0.5,0.306,0.0206,0.0,1.0,True,0.01,0.95,10.0,39600.0,0.938,0.139
15009,1 - 1 - 2022,19800.0,11.135528725660043,10.0,13.335216533675034,0.202,0.158489,0.251189,0.804,0.8,0.9,0.315,0.3,0.4,0.306,0.0206,0.0,1.0,True,0.01,0.95,10.0,39600.0,0.938,0.139
15010,1 - 1 - 2022,19800.0,10.04987562112089,10.0,13.335216533675034,0.201,0.158489,0.251189,0.867,0.8,0.9,0.491,0.4,0.5,0.306,0.0206,0.0,1.0,True,0.01,0.95,10.0,39600.0,0.938,0.139
15011,1 - 1 - 2022,19800.0,10.488088481701515,10.0,13.335216533675034,0.167,0.158489,0.251189,0.803,0.8,0.9,0.507,0.5,0.6,0.306,0.0206,0.0,1.0,True,0.01,0.95,10.0,39600.0,0.938,0.139
15012,1 - 1 - 2022,19800.0,12.328828005937952,10.0,13.335216533675034,0.295,0.251189,0.398107,0.0375,0.0,0.05,0.0329,0.0,0.05,5.41,0.138,2.32,1.0,True,0.01,0.95,10.0,39600.0,0.938,0.139
15013,1 - 1 - 2022,19800.0,12.206555615733702,10.0,13.335216533675034,0.279,0.251189,0.398107,0.0406,0.0,0.05,0.0679,0.05,0.1,3.09,0.104,0.772,1.0,True,0.01,0.95,10.0,39600.0,0.938,0.139
15014,1 - 1 - 2022,19800.0,11.789826122551595,10.0,13.335216533675034,0.304,0.251189,0.398107,0.0366,0.0,0.05,0.161,0.1,0.2,12.4,0.147,7.34,1.0,True,0.01,0.95,10.0,39600.0,0.938,0.139
15015,1 - 1 - 2022,19800.0,11.61895003862225,10.0,13.335216533675034,0.314,0.251189,0.398107,0.0365,0.0,0.05,0.251,0.2,0.3,19.7,0.186,14.7,1.0,True,0.01,0.95,10.0,39600.0,0.938,0.139
15016,1 - 1 - 2022,19800.0,11.74734012447073,10.0,13.335216533675034,0.289,0.251189,0.398107,0.0372,0.0,0.05,0.354,0.3,0.4,13.5,0.154,6.95,1.0,True,0.01,0.95,10.0,39600.0,0.938,0.139
15017,1 - 1 - 2022,19800.0,11.61895003862225,10.0,13.335216533675034,0.307,0.251189,0.398107,0.0381,0.0,0.05,0.449,0.4,0.5,12.7,0.149,8.49,1.0,True,0.01,0.95,10.0,39600.0,0.938,0.139
15018,1 - 1 - 2022,19800.0,11.357816691600547,10.0,13.335216533675034,0.29,0.251189,0.398107,0.0366,0.0,0.05,0.551,0.5,0.6,10.4,0.135,8.88,1.0,True,0.01,0.95,10.0,39600.0,0.938,0.139
15019,1 - 1 - 2022,19800.0,11.704699910719626,10.0,13.335216533675034,0.292,0.251189,0.398107,0.0362,0.0,0.05,0.653,0.6,0.7,7.34,0.113,5.41,1.0,True,0.01,0.95,10.0,39600.0,0.938,0.139
15020,1 - 1 - 2022,19800.0,11.532562594670797,10.0,13.335216533675034,0.296,0.251189,0.398107,0.0375,0.0,0.05,0.754,0.7,0.8,5.02,0.0937,3.09,1.0,True,0.01,0.95,10.0,39600.0,0.938,0.139
15021,1 - 1 - 2022,19800.0,11.789826122551595,10.0,13.335216533675034,0.307,0.251189,0.398107,0.0347,0.0,0.05,0.847,0.8,0.9,4.25,0.0862,3.09,1.0,True,0.01,0.95,10.0,39600.0,0.938,0.139
15022,1 - 1 - 2022,19800.0,11.489125293076057,10.0,13.335216533675034,0.308,0.251189,0.398107,0.0419,0.0,0.05,0.968,0.9,1.0,1.54,0.052,0.772,1.0,True,0.01,0.95,10.0,39600.0,0.938,0.139
15023,1 - 1 - 2022,19800.0,11.704699910719626,10.0,13.335216533675034,0.301,0.251189,0.398107,0.0395,0.0,0.05,1.16,1.0,1.5,0.463,0.0127,0.386,1.0,True,0.01,0.95,10.0,39600.0,0.938,0.139
15024,1 - 1 - 2022,19800.0,11.789826122551595,10.0,13.335216533675034,0.314,0.251189,0.398107,0.0604,0.05,0.1,0.0291,0.0,0.05,1.54,0.0735,0.0,1.0,True,0.01,0.95,10.0,39600.0,0.938,0.139
15025,1 - 1 - 2022,19800.0,11.313708498984761,10.0,13.335216533675034,0.326,0.251189,0.398107,0.0696,0.05,0.1,0.0761,0.05,0.1,10.0,0.187,0.772,1.0,True,0.01,0.95,10.0,39600.0,0.938,0.139
15026,1 - 1 - 2022,19800.0,11.532562594670797,10.0,13.335216533675034,0.316,0.251189,0.398107,0.0722,0.05,0.1,0.153,0.1,0.2,13.5,0.154,0.772,1.0,True,0.01,0.95,10.0,39600.0,0.938,0.139
15027,1 - 1 - 2022,19800.0,11.489125293076057,10.0,13.335216533675034,0.314,0.251189,0.398107,0.0746,0.05,0.1,0.256,0.2,0.3,17.8,0.176,0.386,1.0,True,0.01,0.95,10.0,39600.0,0.938,0.139
15028,1 - 1 - 2022,19800.0,11.532562594670797,10.0,13.335216533675034,0.305,0.251189,0.398107,0.0684,0.05,0.1,0.351,0.3,0.4,17.4,0.174,1.54,1.0,True,0.01,0.95,10.0,39600.0,0.938,0.139
15029,1 - 1 - 2022,19800.0,11.445523142259598,10.0,13.335216533675034,0.314,0.251189,0.398107,0.0684,0.05,0.1,0.45,0.4,0.5,17.8,0.176,3.47,1.0,True,0.01,0.95,10.0,39600.0,0.938,0.139
15030,1 - 1 - 2022,19800.0,11.445523142259598,10.0,13.335216533675034,0.32,0.251189,0.398107,0.072,0.05,0.1,0.542,0.5,0.6,13.1,0.152,1.16,1.0,True,0.01,0.95,10.0,39600.0,0.938,0.139
15031,1 - 1 - 2022,19800.0,11.224972160321824,10.0,13.335216533675034,0.332,0.251189,0.398107,0.0748,0.05,0.1,0.643,0.6,0.7,8.88,0.125,2.32,1.0,True,0.01,0.95,10.0,39600.0,0.938,0.139
15032,1 - 1 - 2022,19800.0,11.789826122551595,10.0,13.335216533675034,0.3,0.251189,0.398107,0.0709,0.05,0.1,0.736,0.7,0.8,8.11,0.119,1.16,1.0,True,0.01,0.95,10.0,39600.0,0.938,0.139
15033,1 - 1 - 2022,19800.0,11.489125293076057,10.0,13.335216533675034,0.295,0.251189,0.398107,0.0708,0.05,0.1,0.841,0.8,0.9,5.79,0.101,0.386,1.0,True,0.01,0.95,10.0,39600.0,0.938,0.139
15034,1 - 1 - 2022,19800.0,11.489125293076057,10.0,13.335216533675034,0.291,0.251189,0.398107,0.0788,0.05,0.1,0.953,0.9,1.0,3.48,0.078,0.772,1.0,True,0.01,0.95,10.0,39600.0,0.938,0.139
15035,1 - 1 - 2022,19800.0,11.704699910719626,10.0,13.335216533675034,0.287,0.251189,0.398107,0.0787,0.05,0.1,1.19,1.0,1.5,1.24,0.0208,0.309,1.0,True,0.01,0.95,10.0,39600.0,0.938,0.139
15036,1 - 1 - 2022,19800.0,13.152946437965905,10.0,13.335216533675034,0.306,0.251189,0.398107,0.0936,0.05,0.1,1.62,1.5,2.0,0.0772,0.0052,0.0,1.0,True,0.01,0.95,10.0,39600.0,0.938,0.139
15037,1 - 1 - 2022,19800.0,12.409673645990857,10.0,13.335216533675034,0.345,0.251189,0.398107,0.111,0.1,0.15,0.0194,0.0,0.05,0.772,0.052,0.0,1.0,True,0.01,0.95,10.0,39600.0,0.938,0.139
15038,1 - 1 - 2022,19800.0,10.908712114635714,10.0,13.335216533675034,0.301,0.251189,0.398107,0.116,0.1,0.15,0.0766,0.05,0.1,2.32,0.09,0.0,1.0,True,0.01,0.95,10.0,39600.0,0.938,0.139
15039,1 - 1 - 2022,19800.0,11.661903789690601,10.0,13.335216533675034,0.318,0.251189,0.398107,0.117,0.1,0.15,0.164,0.1,0.2,8.88,0.125,0.0,1.0,True,0.01,0.95,10.0,39600.0,0.938,0.139
15040,1 - 1 - 2022,19800.0,11.61895003862225,10.0,13.335216533675034,0.31,0.251189,0.398107,0.124,0.1,0.15,0.254,0.2,0.3,6.95,0.11,0.0,1.0,True,0.01,0.95,10.0,39600.0,0.938,0.139
15041,1 - 1 - 2022,19800.0,11.224972160321824,10.0,13.335216533675034,0.313,0.251189,0.398107,0.124,0.1,0.15,0.351,0.3,0.4,12.0,0.145,0.0,1.0,True,0.01,0.95,10.0,39600.0,0.938,0.139
15042,1 - 1 - 2022,19800.0,11.489125293076057,10.0,13.335216533675034,0.32,0.251189,0.398107,0.122,0.1,0.15,0.453,0.4,0.5,9.65,0.13,0.0,1.0,True,0.01,0.95,10.0,39600.0,0.938,0.139
15043,1 - 1 - 2022,19800.0,11.61895003862225,10.0,13.335216533675034,0.304,0.251189,0.398107,0.124,0.1,0.15,0.548,0.5,0.6,10.8,0.138,0.0,1.0,True,0.01,0.95,10.0,39600.0,0.938,0.139
15044,1 - 1 - 2022,19800.0,11.445523142259598,10.0,13.335216533675034,0.315,0.251189,0.398107,0.114,0.1,0.15,0.643,0.6,0.7,6.18,0.104,0.386,1.0,True,0.01,0.95,10.0,39600.0,0.938,0.139
15045,1 - 1 - 2022,19800.0,11.180339887498949,10.0,13.335216533675034,0.305,0.251189,0.398107,0.116,0.1,0.15,0.75,0.7,0.8,5.79,0.101,0.0,1.0,True,0.01,0.95,10.0,39600.0,0.938,0.139
15046,1 - 1 - 2022,19800.0,11.575836902790225,10.0,13.335216533675034,0.303,0.251189,0.398107,0.118,0.1,0.15,0.846,0.8,0.9,4.63,0.09,0.0,1.0,True,0.01,0.95,10.0,39600.0,0.938,0.139
15047,1 - 1 - 2022,19800.0,10.63014581273465,10.0,13.335216533675034,0.272,0.251189,0.398107,0.125,0.1,0.15,0.954,0.9,1.0,2.32,0.0637,0.0,1.0,True,0.01,0.95,10.0,39600.0,0.938,0.139
15048,1 - 1 - 2022,19800.0,11.916375287812984,10.0,13.335216533675034,0.293,0.251189,0.398107,0.117,0.1,0.15,1.11,1.0,1.5,0.541,0.0138,0.154,1.0,True,0.01,0.95,10.0,39600.0,0.938,0.139
15049,1 - 1 - 2022,19800.0,11.269427669584644,10.0,13.335216533675034,0.28,0.251189,0.398107,0.131,0.1,0.15,1.61,1.5,2.0,0.386,0.0116,0.0,1.0,True,0.01,0.95,10.0,39600.0,0.938,0.139
15050,1 - 1 - 2022,19800.0,10.246950765959598,10.0,13.335216533675034,0.27,0.251189,0.398107,0.125,0.1,0.15,2.71,2.0,4.0,0.0193,0.0013,0.0,1.0,True,0.01,0.95,10.0,39600.0,0.938,0.139
15051,1 - 1 - 2022,19800.0,11.532562594670797,10.0,13.335216533675034,0.285,0.251189,0.398107,0.175,0.15,0.2,0.0499,0.0,0.05,0.772,0.052,0.0,1.0,True,0.01,0.95,10.0,39600.0,0.938,0.139
15052,1 - 1 - 2022,19800.0,12.68857754044952,10.0,13.335216533675034,0.298,0.251189,0.398107,0.155,0.15,0.2,0.0606,0.05,0.1,0.772,0.052,0.0,1.0,True,0.01,0.95,10.0,39600.0,0.938,0.139
15053,1 - 1 - 2022,19800.0,11.575836902790225,10.0,13.335216533675034,0.297,0.251189,0.398107,0.167,0.15,0.2,0.171,0.1,0.2,3.47,0.078,0.0,1.0,True,0.01,0.95,10.0,39600.0,0.938,0.139
15054,1 - 1 - 2022,19800.0,11.575836902790225,10.0,13.335216533675034,0.303,0.251189,0.398107,0.174,0.15,0.2,0.253,0.2,0.3,8.11,0.119,0.0,1.0,True,0.01,0.95,10.0,39600.0,0.938,0.139
15055,1 - 1 - 2022,19800.0,11.357816691600547,10.0,13.335216533675034,0.301,0.251189,0.398107,0.17,0.15,0.2,0.341,0.3,0.4,7.34,0.113,0.0,1.0,True,0.01,0.95,10.0,39600.0,0.938,0.139
15056,1 - 1 - 2022,19800.0,11.313708498984761,10.0,13.335216533675034,0.313,0.251189,0.398107,0.173,0.15,0.2,0.449,0.4,0.5,6.95,0.11,0.0,1.0,True,0.01,0.95,10.0,39600.0,0.938,0.139
15057,1 - 1 - 2022,19800.0,11.61895003862225,10.0,13.335216533675034,0.309,0.251189,0.398107,0.168,0.15,0.2,0.536,0.5,0.6,3.86,0.0822,0.0,1.0,True,0.01,0.95,10.0,39600.0,0.938,0.139
15058,1 - 1 - 2022,19800.0,11.575836902790225,10.0,13.335216533675034,0.292,0.251189,0.398107,0.174,0.15,0.2,0.66,0.6,0.7,4.63,0.09,0.0,1.0,True,0.01,0.95,10.0,39600.0,0.938,0.139
15059,1 - 1 - 2022,19800.0,11.090536506409418,10.0,13.335216533675034,0.323,0.251189,0.398107,0.175,0.15,0.2,0.714,0.7,0.8,3.09,0.0735,0.0,1.0,True,0.01,0.95,10.0,39600.0,0.938,0.139
15060,1 - 1 - 2022,19800.0,11.61895003862225,10.0,13.335216533675034,0.293,0.251189,0.398107,0.17,0.15,0.2,0.862,0.8,0.9,3.09,0.0735,0.0,1.0,True,0.01,0.95,10.0,39600.0,0.938,0.139
15061,1 - 1 - 2022,19800.0,10.862780491200215,10.0,13.335216533675034,0.326,0.251189,0.398107,0.179,0.15,0.2,0.962,0.9,1.0,1.93,0.0581,0.0,1.0,True,0.01,0.95,10.0,39600.0,0.938,0.139
15062,1 - 1 - 2022,19800.0,11.135528725660043,10.0,13.335216533675034,0.298,0.251189,0.398107,0.168,0.15,0.2,1.2,1.0,1.5,0.772,0.0164,0.0,1.0,True,0.01,0.95,10.0,39600.0,0.938,0.139
15063,1 - 1 - 2022,19800.0,11.532562594670797,10.0,13.335216533675034,0.277,0.251189,0.398107,0.164,0.15,0.2,2.12,2.0,4.0,0.0193,0.0013,0.0,1.0,True,0.01,0.95,10.0,39600.0,0.938,0.139
15064,1 - 1 - 2022,19800.0,10.862780491200215,10.0,13.335216533675034,0.313,0.251189,0.398107,0.228,0.2,0.25,0.155,0.1,0.2,2.7,0.0688,0.0,1.0,True,0.01,0.95,10.0,39600.0,0.938,0.139
15065,1 - 1 - 2022,19800.0,11.445523142259598,10.0,13.335216533675034,0.309,0.251189,0.398107,0.223,0.2,0.25,0.251,0.2,0.3,3.47,0.078,0.0,1.0,True,0.01,0.95,10.0,39600.0,0.938,0.139
15066,1 - 1 - 2022,19800.0,11.958260743101398,10.0,13.335216533675034,0.31,0.251189,0.398107,0.229,0.2,0.25,0.327,0.3,0.4,1.16,0.045,0.386,1.0,True,0.01,0.95,10.0,39600.0,0.938,0.139
15067,1 - 1 - 2022,19800.0,11.180339887498949,10.0,13.335216533675034,0.302,0.251189,0.398107,0.227,0.2,0.25,0.45,0.4,0.5,5.02,0.0937,0.0,1.0,True,0.01,0.95,10.0,39600.0,0.938,0.139
15068,1 - 1 - 2022,19800.0,12.083045973594572,10.0,13.335216533675034,0.302,0.251189,0.398107,0.231,0.2,0.25,0.545,0.5,0.6,1.54,0.052,0.0,1.0,True,0.01,0.95,10.0,39600.0,0.938,0.139
15069,1 - 1 - 2022,19800.0,11.224972160321824,10.0,13.335216533675034,0.297,0.251189,0.398107,0.224,0.2,0.25,0.661,0.6,0.7,2.7,0.0688,0.0,1.0,True,0.01,0.95,10.0,39600.0,0.938,0.139
15070,1 - 1 - 2022,19800.0,10.488088481701515,10.0,13.335216533675034,0.291,0.251189,0.398107,0.226,0.2,0.25,0.753,0.7,0.8,1.16,0.045,0.0,1.0,True,0.01,0.95,10.0,39600.0,0.938,0.139
15071,1 - 1 - 2022,19800.0,11.445523142259598,10.0,13.335216533675034,0.287,0.251189,0.398107,0.229,0.2,0.25,0.86,0.8,0.9,1.16,0.045,0.0,1.0,True,0.01,0.95,10.0,39600.0,0.938,0.139
15072,1 - 1 - 2022,19800.0,11.916375287812984,10.0,13.335216533675034,0.304,0.251189,0.398107,0.214,0.2,0.25,0.938,0.9,1.0,1.16,0.045,0.0,1.0,True,0.01,0.95,10.0,39600.0,0.938,0.139
15073,1 - 1 - 2022,19800.0,11.045361017187261,10.0,13.335216533675034,0.309,0.251189,0.398107,0.224,0.2,0.25,1.23,1.0,1.5,0.618,0.0147,0.0,1.0,True,0.01,0.95,10.0,39600.0,0.938,0.139
15074,1 - 1 - 2022,19800.0,12.609520212918492,10.0,13.335216533675034,0.304,0.251189,0.398107,0.214,0.2,0.25,1.5,1.5,2.0,0.0772,0.0052,0.0,1.0,True,0.01,0.95,10.0,39600.0,0.938,0.139
15075,1 - 1 - 2022,19800.0,11.135528725660043,10.0,13.335216533675034,0.276,0.251189,0.398107,0.213,0.2,0.25,3.39,2.0,4.0,0.0193,0.0013,0.0,1.0,True,0.01,0.95,10.0,39600.0,0.938,0.139
15076,1 - 1 - 2022,19800.0,12.041594578792296,10.0,13.335216533675034,0.344,0.251189,0.398107,0.269,0.25,0.3,0.0717,0.05,0.1,1.54,0.0735,0.0,1.0,True,0.01,0.95,10.0,39600.0,0.938,0.139
15077,1 - 1 - 2022,19800.0,12.36931687685298,10.0,13.335216533675034,0.284,0.251189,0.398107,0.28,0.25,0.3,0.157,0.1,0.2,1.54,0.052,0.0,1.0,True,0.01,0.95,10.0,39600.0,0.938,0.139
15078,1 - 1 - 2022,19800.0,10.862780491200215,10.0,13.335216533675034,0.31,0.251189,0.398107,0.258,0.25,0.3,0.269,0.2,0.3,0.386,0.026,0.0,1.0,True,0.01,0.95,10.0,39600.0,0.938,0.139
15079,1 - 1 - 2022,19800.0,11.135528725660043,10.0,13.335216533675034,0.282,0.251189,0.398107,0.277,0.25,0.3,0.374,0.3,0.4,3.09,0.0735,0.0,1.0,True,0.01,0.95,10.0,39600.0,0.938,0.139
15080,1 - 1 - 2022,19800.0,11.489125293076057,10.0,13.335216533675034,0.253,0.251189,0.398107,0.281,0.25,0.3,0.436,0.4,0.5,0.386,0.026,0.0,1.0,True,0.01,0.95,10.0,39600.0,0.938,0.139
15081,1 - 1 - 2022,19800.0,11.916375287812984,10.0,13.335216533675034,0.32,0.251189,0.398107,0.266,0.25,0.3,0.557,0.5,0.6,1.93,0.0581,0.0,1.0,True,0.01,0.95,10.0,39600.0,0.938,0.139
15082,1 - 1 - 2022,19800.0,12.083045973594572,10.0,13.335216533675034,0.287,0.251189,0.398107,0.274,0.25,0.3,0.664,0.6,0.7,1.54,0.052,0.0,1.0,True,0.01,0.95,10.0,39600.0,0.938,0.139
15083,1 - 1 - 2022,19800.0,11.916375287812984,10.0,13.335216533675034,0.323,0.251189,0.398107,0.267,0.25,0.3,0.749,0.7,0.8,1.16,0.045,0.0,1.0,True,0.01,0.95,10.0,39600.0,0.938,0.139
15084,1 - 1 - 2022,19800.0,11.489125293076057,10.0,13.335216533675034,0.307,0.251189,0.398107,0.27,0.25,0.3,0.843,0.8,0.9,1.54,0.052,0.0,1.0,True,0.01,0.95,10.0,39600.0,0.938,0.139
15085,1 - 1 - 2022,19800.0,11.575836902790225,10.0,13.335216533675034,0.348,0.251189,0.398107,0.274,0.25,0.3,0.99,0.9,1.0,0.386,0.026,0.0,1.0,True,0.01,0.95,10.0,39600.0,0.938,0.139
15086,1 - 1 - 2022,19800.0,12.449899597988733,10.0,13.335216533675034,0.293,0.251189,0.398107,0.255,0.25,0.3,1.27,1.0,1.5,0.154,0.00735,0.0,1.0,True,0.01,0.95,10.0,39600.0,0.938,0.139
15087,1 - 1 - 2022,19800.0,11.532562594670797,10.0,13.335216533675034,0.274,0.251189,0.398107,0.348,0.3,0.4,0.0832,0.05,0.1,0.772,0.0368,0.0,1.0,True,0.01,0.95,10.0,39600.0,0.938,0.139
15088,1 - 1 - 2022,19800.0,11.874342087037917,10.0,13.335216533675034,0.287,0.251189,0.398107,0.339,0.3,0.4,0.17,0.1,0.2,0.772,0.026,0.0,1.0,True,0.01,0.95,10.0,39600.0,0.938,0.139
15089,1 - 1 - 2022,19800.0,11.269427669584644,10.0,13.335216533675034,0.338,0.251189,0.398107,0.337,0.3,0.4,0.253,0.2,0.3,1.16,0.0318,0.0,1.0,True,0.01,0.95,10.0,39600.0,0.938,0.139
15090,1 - 1 - 2022,19800.0,10.488088481701515,10.0,13.335216533675034,0.325,0.251189,0.398107,0.331,0.3,0.4,0.324,0.3,0.4,0.965,0.0291,0.193,1.0,True,0.01,0.95,10.0,39600.0,0.938,0.139
15091,1 - 1 - 2022,19800.0,11.61895003862225,10.0,13.335216533675034,0.303,0.251189,0.398107,0.331,0.3,0.4,0.441,0.4,0.5,1.54,0.0368,0.0,1.0,True,0.01,0.95,10.0,39600.0,0.938,0.139
15092,1 - 1 - 2022,19800.0,11.269427669584644,10.0,13.335216533675034,0.308,0.251189,0.398107,0.349,0.3,0.4,0.548,0.5,0.6,1.16,0.0318,0.0,1.0,True,0.01,0.95,10.0,39600.0,0.938,0.139
15093,1 - 1 - 2022,19800.0,12.68857754044952,10.0,13.335216533675034,0.289,0.251189,0.398107,0.31,0.3,0.4,0.66,0.6,0.7,0.386,0.0184,0.0,1.0,True,0.01,0.95,10.0,39600.0,0.938,0.139
15094,1 - 1 - 2022,19800.0,11.575836902790225,10.0,13.335216533675034,0.336,0.251189,0.398107,0.362,0.3,0.4,0.758,0.7,0.8,0.965,0.029,0.0,1.0,True,0.01,0.95,10.0,39600.0,0.938,0.139
15095,1 - 1 - 2022,19800.0,11.61895003862225,10.0,13.335216533675034,0.311,0.251189,0.398107,0.353,0.3,0.4,0.959,0.9,1.0,0.579,0.0225,0.0,1.0,True,0.01,0.95,10.0,39600.0,0.938,0.139
15096,1 - 1 - 2022,19800.0,11.532562594670797,10.0,13.335216533675034,0.306,0.251189,0.398107,0.349,0.3,0.4,1.16,1.0,1.5,0.347,0.0078,0.0,1.0,True,0.01,0.95,10.0,39600.0,0.938,0.139
15097,1 - 1 - 2022,19800.0,11.916375287812984,10.0,13.335216533675034,0.294,0.251189,0.398107,0.367,0.3,0.4,1.56,1.5,2.0,0.116,0.0045,0.0,1.0,True,0.01,0.95,10.0,39600.0,0.938,0.139
15098,1 - 1 - 2022,19800.0,10.44030650891055,10.0,13.335216533675034,0.294,0.251189,0.398107,0.492,0.4,0.5,0.113,0.1,0.2,0.386,0.0184,0.0,1.0,True,0.01,0.95,10.0,39600.0,0.938,0.139
15099,1 - 1 - 2022,19800.0,10.44030650891055,10.0,13.335216533675034,0.267,0.251189,0.398107,0.419,0.4,0.5,0.23,0.2,0.3,0.193,0.013,0.0,1.0,True,0.01,0.95,10.0,39600.0,0.938,0.139
15100,1 - 1 - 2022,19800.0,11.357816691600547,10.0,13.335216533675034,0.31,0.251189,0.398107,0.467,0.4,0.5,0.317,0.3,0.4,0.386,0.0184,0.0,1.0,True,0.01,0.95,10.0,39600.0,0.938,0.139
15101,1 - 1 - 2022,19800.0,10.583005244258363,10.0,13.335216533675034,0.277,0.251189,0.398107,0.419,0.4,0.5,0.42,0.4,0.5,0.193,0.013,0.0,1.0,True,0.01,0.95,10.0,39600.0,0.938,0.139
15102,1 - 1 - 2022,19800.0,11.224972160321824,10.0,13.335216533675034,0.297,0.251189,0.398107,0.454,0.4,0.5,0.555,0.5,0.6,0.772,0.026,0.0,1.0,True,0.01,0.95,10.0,39600.0,0.938,0.139
15103,1 - 1 - 2022,19800.0,11.090536506409418,10.0,13.335216533675034,0.307,0.251189,0.398107,0.422,0.4,0.5,0.61,0.6,0.7,0.193,0.013,0.0,1.0,True,0.01,0.95,10.0,39600.0,0.938,0.139
15104,1 - 1 - 2022,19800.0,11.135528725660043,10.0,13.335216533675034,0.325,0.251189,0.398107,0.445,0.4,0.5,0.76,0.7,0.8,0.579,0.0225,0.0,1.0,True,0.01,0.95,10.0,39600.0,0.938,0.139
15105,1 - 1 - 2022,19800.0,10.14889156509222,10.0,13.335216533675034,0.291,0.251189,0.398107,0.466,0.4,0.5,0.821,0.8,0.9,0.386,0.0184,0.0,1.0,True,0.01,0.95,10.0,39600.0,0.938,0.139
15106,1 - 1 - 2022,19800.0,11.357816691600547,10.0,13.335216533675034,0.259,0.251189,0.398107,0.415,0.4,0.5,0.972,0.9,1.0,0.386,0.0184,0.0,1.0,True,0.01,0.95,10.0,39600.0,0.938,0.139
15107,1 - 1 - 2022,19800.0,11.61895003862225,10.0,13.335216533675034,0.318,0.251189,0.398107,0.461,0.4,0.5,1.33,1.0,1.5,0.116,0.0045,0.0,1.0,True,0.01,0.95,10.0,39600.0,0.938,0.139
15108,1 - 1 - 2022,19800.0,11.313708498984761,10.0,13.335216533675034,0.277,0.251189,0.398107,0.545,0.5,0.6,0.0858,0.05,0.1,0.386,0.026,0.0,1.0,True,0.01,0.95,10.0,39600.0,0.938,0.139
15109,1 - 1 - 2022,19800.0,12.0,10.0,13.335216533675034,0.308,0.251189,0.398107,0.549,0.5,0.6,0.163,0.1,0.2,0.386,0.0184,0.0,1.0,True,0.01,0.95,10.0,39600.0,0.938,0.139
15110,1 - 1 - 2022,19800.0,10.816653826391969,10.0,13.335216533675034,0.277,0.251189,0.398107,0.534,0.5,0.6,0.444,0.4,0.5,0.386,0.0184,0.0,1.0,True,0.01,0.95,10.0,39600.0,0.938,0.139
15111,1 - 1 - 2022,19800.0,11.61895003862225,10.0,13.335216533675034,0.313,0.251189,0.398107,0.506,0.5,0.6,0.63,0.6,0.7,0.386,0.0184,0.0,1.0,True,0.01,0.95,10.0,39600.0,0.938,0.139
15112,1 - 1 - 2022,19800.0,11.61895003862225,10.0,13.335216533675034,0.294,0.251189,0.398107,0.52,0.5,0.6,0.748,0.7,0.8,0.579,0.0225,0.0,1.0,True,0.01,0.95,10.0,39600.0,0.938,0.139
15113,1 - 1 - 2022,19800.0,11.445523142259598,10.0,13.335216533675034,0.331,0.251189,0.398107,0.539,0.5,0.6,0.84,0.8,0.9,0.386,0.0184,0.0,1.0,True,0.01,0.95,10.0,39600.0,0.938,0.139
15114,1 - 1 - 2022,19800.0,11.575836902790225,10.0,13.335216533675034,0.298,0.251189,0.398107,0.524,0.5,0.6,1.22,1.0,1.5,0.0772,0.00368,0.0,1.0,True,0.01,0.95,10.0,39600.0,0.938,0.139
15115,1 - 1 - 2022,19800.0,10.14889156509222,10.0,13.335216533675034,0.303,0.251189,0.398107,0.591,0.5,0.6,2.51,2.0,4.0,0.00966,0.00065,0.0,1.0,True,0.01,0.95,10.0,39600.0,0.938,0.139
15116,1 - 1 - 2022,19800.0,10.583005244258363,10.0,13.335216533675034,0.327,0.251189,0.398107,0.637,0.6,0.7,0.121,0.1,0.2,0.193,0.013,0.0,1.0,True,0.01,0.95,10.0,39600.0,0.938,0.139
15117,1 - 1 - 2022,19800.0,10.954451150103322,10.0,13.335216533675034,0.281,0.251189,0.398107,0.66,0.6,0.7,0.464,0.4,0.5,0.193,0.013,0.0,1.0,True,0.01,0.95,10.0,39600.0,0.938,0.139
15118,1 - 1 - 2022,19800.0,12.806248474865697,10.0,13.335216533675034,0.265,0.251189,0.398107,0.6,0.6,0.7,0.913,0.9,1.0,0.193,0.013,0.0,1.0,True,0.01,0.95,10.0,39600.0,0.938,0.139
15119,1 - 1 - 2022,19800.0,10.488088481701515,10.0,13.335216533675034,0.297,0.251189,0.398107,0.608,0.6,0.7,1.47,1.0,1.5,0.0386,0.0026,0.0,1.0,True,0.01,0.95,10.0,39600.0,0.938,0.139
15120,1 - 1 - 2022,19800.0,10.954451150103322,10.0,13.335216533675034,0.352,0.251189,0.398107,0.795,0.7,0.8,0.297,0.2,0.3,0.193,0.013,0.0,1.0,True,0.01,0.95,10.0,39600.0,0.938,0.139
15121,1 - 1 - 2022,19800.0,11.832159566199232,10.0,13.335216533675034,0.452,0.398107,0.630957,0.0441,0.0,0.05,0.248,0.2,0.3,1.71,0.0434,1.22,1.0,True,0.01,0.95,10.0,39600.0,0.938,0.139
15122,1 - 1 - 2022,19800.0,12.409673645990857,10.0,13.335216533675034,0.444,0.398107,0.630957,0.0421,0.0,0.05,0.658,0.6,0.7,0.487,0.0232,0.244,1.0,True,0.01,0.95,10.0,39600.0,0.938,0.139
15123,1 - 1 - 2022,19800.0,12.767145334803704,10.0,13.335216533675034,0.468,0.398107,0.630957,0.0476,0.0,0.05,0.798,0.7,0.8,0.244,0.0164,0.0,1.0,True,0.01,0.95,10.0,39600.0,0.938,0.139
15124,1 - 1 - 2022,19800.0,11.090536506409418,10.0,13.335216533675034,0.416,0.398107,0.630957,0.0647,0.05,0.1,0.0325,0.0,0.05,0.974,0.0464,0.0,1.0,True,0.01,0.95,10.0,39600.0,0.938,0.139
15125,1 - 1 - 2022,19800.0,10.862780491200215,10.0,13.335216533675034,0.487,0.398107,0.630957,0.0925,0.05,0.1,0.0786,0.05,0.1,1.46,0.0568,0.487,1.0,True,0.01,0.95,10.0,39600.0,0.938,0.139
15126,1 - 1 - 2022,19800.0,11.532562594670797,10.0,13.335216533675034,0.472,0.398107,0.630957,0.0732,0.05,0.1,0.154,0.1,0.2,3.17,0.0591,0.975,1.0,True,0.01,0.95,10.0,39600.0,0.938,0.139
15127,1 - 1 - 2022,19800.0,11.313708498984761,10.0,13.335216533675034,0.458,0.398107,0.630957,0.0687,0.05,0.1,0.264,0.2,0.3,2.92,0.0568,1.22,1.0,True,0.01,0.95,10.0,39600.0,0.938,0.139
15128,1 - 1 - 2022,19800.0,11.40175425099138,10.0,13.335216533675034,0.468,0.398107,0.630957,0.073,0.05,0.1,0.347,0.3,0.4,4.14,0.0676,1.71,1.0,True,0.01,0.95,10.0,39600.0,0.938,0.139
15129,1 - 1 - 2022,19800.0,11.489125293076057,10.0,13.335216533675034,0.482,0.398107,0.630957,0.072,0.05,0.1,0.449,0.4,0.5,3.65,0.0635,2.19,1.0,True,0.01,0.95,10.0,39600.0,0.938,0.139
15130,1 - 1 - 2022,19800.0,11.489125293076057,10.0,13.335216533675034,0.476,0.398107,0.630957,0.0738,0.05,0.1,0.55,0.5,0.6,2.19,0.0492,1.46,1.0,True,0.01,0.95,10.0,39600.0,0.938,0.139
15131,1 - 1 - 2022,19800.0,12.165525060596439,10.0,13.335216533675034,0.434,0.398107,0.630957,0.0759,0.05,0.1,0.667,0.6,0.7,1.71,0.0434,0.731,1.0,True,0.01,0.95,10.0,39600.0,0.938,0.139
15132,1 - 1 - 2022,19800.0,11.357816691600547,10.0,13.335216533675034,0.476,0.398107,0.630957,0.0715,0.05,0.1,0.759,0.7,0.8,1.71,0.0434,1.46,1.0,True,0.01,0.95,10.0,39600.0,0.938,0.139
15133,1 - 1 - 2022,19800.0,11.224972160321824,10.0,13.335216533675034,0.499,0.398107,0.630957,0.0704,0.05,0.1,0.841,0.8,0.9,1.22,0.0367,0.974,1.0,True,0.01,0.95,10.0,39600.0,0.938,0.139
15134,1 - 1 - 2022,19800.0,10.488088481701515,10.0,13.335216533675034,0.438,0.398107,0.630957,0.065,0.05,0.1,1.09,1.0,1.5,0.146,0.00568,0.0975,1.0,True,0.01,0.95,10.0,39600.0,0.938,0.139
15135,1 - 1 - 2022,19800.0,10.677078252031311,10.0,13.335216533675034,0.414,0.398107,0.630957,0.145,0.1,0.15,0.0789,0.05,0.1,0.487,0.0328,0.0,1.0,True,0.01,0.95,10.0,39600.0,0.938,0.139
15136,1 - 1 - 2022,19800.0,11.40175425099138,10.0,13.335216533675034,0.439,0.398107,0.630957,0.116,0.1,0.15,0.156,0.1,0.2,1.46,0.0402,0.0,1.0,True,0.01,0.95,10.0,39600.0,0.938,0.139
15137,1 - 1 - 2022,19800.0,11.832159566199232,10.0,13.335216533675034,0.498,0.398107,0.630957,0.121,0.1,0.15,0.258,0.2,0.3,2.68,0.0544,0.244,1.0,True,0.01,0.95,10.0,39600.0,0.938,0.139
15138,1 - 1 - 2022,19800.0,11.704699910719626,10.0,13.335216533675034,0.488,0.398107,0.630957,0.126,0.1,0.15,0.352,0.3,0.4,2.92,0.0568,0.731,1.0,True,0.01,0.95,10.0,39600.0,0.938,0.139
15139,1 - 1 - 2022,19800.0,11.789826122551595,10.0,13.335216533675034,0.459,0.398107,0.630957,0.119,0.1,0.15,0.453,0.4,0.5,2.19,0.0492,0.244,1.0,True,0.01,0.95,10.0,39600.0,0.938,0.139
15140,1 - 1 - 2022,19800.0,11.40175425099138,10.0,13.335216533675034,0.512,0.398107,0.630957,0.131,0.1,0.15,0.549,0.5,0.6,1.46,0.0402,0.487,1.0,True,0.01,0.95,10.0,39600.0,0.938,0.139
15141,1 - 1 - 2022,19800.0,12.0,10.0,13.335216533675034,0.47,0.398107,0.630957,0.13,0.1,0.15,0.64,0.6,0.7,0.487,0.0232,0.0,1.0,True,0.01,0.95,10.0,39600.0,0.938,0.139
15142,1 - 1 - 2022,19800.0,12.884098726725126,10.0,13.335216533675034,0.451,0.398107,0.630957,0.13,0.1,0.15,0.743,0.7,0.8,0.731,0.0284,0.0,1.0,True,0.01,0.95,10.0,39600.0,0.938,0.139
15143,1 - 1 - 2022,19800.0,11.269427669584644,10.0,13.335216533675034,0.49,0.398107,0.630957,0.119,0.1,0.15,0.838,0.8,0.9,0.975,0.0328,0.0,1.0,True,0.01,0.95,10.0,39600.0,0.938,0.139
15144,1 - 1 - 2022,19800.0,12.083045973594572,10.0,13.335216533675034,0.459,0.398107,0.630957,0.129,0.1,0.15,0.926,0.9,1.0,1.22,0.0367,0.244,1.0,True,0.01,0.95,10.0,39600.0,0.938,0.139
15145,1 - 1 - 2022,19800.0,12.409673645990857,10.0,13.335216533675034,0.426,0.398107,0.630957,0.132,0.1,0.15,1.13,1.0,1.5,0.0487,0.00328,0.0,1.0,True,0.01,0.95,10.0,39600.0,0.938,0.139
15146,1 - 1 - 2022,19800.0,11.224972160321824,10.0,13.335216533675034,0.445,0.398107,0.630957,0.183,0.15,0.2,0.0831,0.05,0.1,1.46,0.0568,0.0,1.0,True,0.01,0.95,10.0,39600.0,0.938,0.139
15147,1 - 1 - 2022,19800.0,10.908712114635714,10.0,13.335216533675034,0.51,0.398107,0.630957,0.177,0.15,0.2,0.166,0.1,0.2,0.731,0.0284,0.0,1.0,True,0.01,0.95,10.0,39600.0,0.938,0.139
15148,1 - 1 - 2022,19800.0,12.165525060596439,10.0,13.335216533675034,0.483,0.398107,0.630957,0.167,0.15,0.2,0.285,0.2,0.3,0.974,0.0328,0.244,1.0,True,0.01,0.95,10.0,39600.0,0.938,0.139
15149,1 - 1 - 2022,19800.0,13.228756555322953,10.0,13.335216533675034,0.419,0.398107,0.630957,0.164,0.15,0.2,0.316,0.3,0.4,0.244,0.0164,0.0,1.0,True,0.01,0.95,10.0,39600.0,0.938,0.139
15150,1 - 1 - 2022,19800.0,12.84523257866513,10.0,13.335216533675034,0.534,0.398107,0.630957,0.17,0.15,0.2,0.424,0.4,0.5,0.244,0.0164,0.0,1.0,True,0.01,0.95,10.0,39600.0,0.938,0.139
15151,1 - 1 - 2022,19800.0,11.916375287812984,10.0,13.335216533675034,0.435,0.398107,0.630957,0.17,0.15,0.2,0.538,0.5,0.6,0.487,0.0232,0.0,1.0,True,0.01,0.95,10.0,39600.0,0.938,0.139
15152,1 - 1 - 2022,19800.0,11.269427669584644,10.0,13.335216533675034,0.466,0.398107,0.630957,0.169,0.15,0.2,0.64,0.6,0.7,1.71,0.0434,0.0,1.0,True,0.01,0.95,10.0,39600.0,0.938,0.139
15153,1 - 1 - 2022,19800.0,12.041594578792296,10.0,13.335216533675034,0.456,0.398107,0.630957,0.177,0.15,0.2,0.72,0.7,0.8,1.22,0.0367,0.244,1.0,True,0.01,0.95,10.0,39600.0,0.938,0.139
15154,1 - 1 - 2022,19800.0,11.575836902790225,10.0,13.335216533675034,0.421,0.398107,0.630957,0.177,0.15,0.2,0.957,0.9,1.0,0.487,0.0232,0.0,1.0,True,0.01,0.95,10.0,39600.0,0.938,0.139
15155,1 - 1 - 2022,19800.0,11.916375287812984,10.0,13.335216533675034,0.51,0.398107,0.630957,0.184,0.15,0.2,1.19,1.0,1.5,0.146,0.00568,0.0487,1.0,True,0.01,0.95,10.0,39600.0,0.938,0.139
15156,1 - 1 - 2022,19800.0,11.789826122551595,10.0,13.335216533675034,0.529,0.398107,0.630957,0.218,0.2,0.25,0.0565,0.05,0.1,0.975,0.0464,0.0,1.0,True,0.01,0.95,10.0,39600.0,0.938,0.139
15157,1 - 1 - 2022,19800.0,11.313708498984761,10.0,13.335216533675034,0.465,0.398107,0.630957,0.201,0.2,0.25,0.147,0.1,0.2,0.244,0.0164,0.0,1.0,True,0.01,0.95,10.0,39600.0,0.938,0.139
15158,1 - 1 - 2022,19800.0,11.74734012447073,10.0,13.335216533675034,0.459,0.398107,0.630957,0.227,0.2,0.25,0.244,0.2,0.3,0.974,0.0328,0.0,1.0,True,0.01,0.95,10.0,39600.0,0.938,0.139
15159,1 - 1 - 2022,19800.0,12.449899597988733,10.0,13.335216533675034,0.49,0.398107,0.630957,0.214,0.2,0.25,0.364,0.3,0.4,0.975,0.0328,0.244,1.0,True,0.01,0.95,10.0,39600.0,0.938,0.139
15160,1 - 1 - 2022,19800.0,12.328828005937952,10.0,13.335216533675034,0.475,0.398107,0.630957,0.225,0.2,0.25,0.472,0.4,0.5,0.731,0.0284,0.0,1.0,True,0.01,0.95,10.0,39600.0,0.938,0.139
15161,1 - 1 - 2022,19800.0,10.908712114635714,10.0,13.335216533675034,0.412,0.398107,0.630957,0.243,0.2,0.25,0.523,0.5,0.6,0.244,0.0164,0.0,1.0,True,0.01,0.95,10.0,39600.0,0.938,0.139
15162,1 - 1 - 2022,19800.0,10.63014581273465,10.0,13.335216533675034,0.475,0.398107,0.630957,0.217,0.2,0.25,0.634,0.6,0.7,0.487,0.0232,0.0,1.0,True,0.01,0.95,10.0,39600.0,0.938,0.139
15163,1 - 1 - 2022,19800.0,11.61895003862225,10.0,13.335216533675034,0.503,0.398107,0.630957,0.221,0.2,0.25,0.742,0.7,0.8,1.22,0.0367,0.0,1.0,True,0.01,0.95,10.0,39600.0,0.938,0.139
15164,1 - 1 - 2022,19800.0,12.12435565298214,10.0,13.335216533675034,0.607,0.398107,0.630957,0.253,0.25,0.3,0.173,0.1,0.2,0.244,0.0164,0.0,1.0,True,0.01,0.95,10.0,39600.0,0.938,0.139
15165,1 - 1 - 2022,19800.0,11.832159566199232,10.0,13.335216533675034,0.437,0.398107,0.630957,0.276,0.25,0.3,0.261,0.2,0.3,0.731,0.0284,0.0,1.0,True,0.01,0.95,10.0,39600.0,0.938,0.139
15166,1 - 1 - 2022,19800.0,11.090536506409418,10.0,13.335216533675034,0.419,0.398107,0.630957,0.265,0.25,0.3,0.325,0.3,0.4,0.487,0.0232,0.0,1.0,True,0.01,0.95,10.0,39600.0,0.938,0.139
15167,1 - 1 - 2022,19800.0,10.862780491200215,10.0,13.335216533675034,0.416,0.398107,0.630957,0.258,0.25,0.3,0.423,0.4,0.5,0.487,0.0232,0.0,1.0,True,0.01,0.95,10.0,39600.0,0.938,0.139
15168,1 - 1 - 2022,19800.0,10.677078252031311,10.0,13.335216533675034,0.415,0.398107,0.630957,0.252,0.25,0.3,0.589,0.5,0.6,0.244,0.0164,0.0,1.0,True,0.01,0.95,10.0,39600.0,0.938,0.139
15169,1 - 1 - 2022,19800.0,10.099504938362077,10.0,13.335216533675034,0.413,0.398107,0.630957,0.297,0.25,0.3,0.633,0.6,0.7,0.244,0.0164,0.0,1.0,True,0.01,0.95,10.0,39600.0,0.938,0.139
15170,1 - 1 - 2022,19800.0,11.313708498984761,10.0,13.335216533675034,0.438,0.398107,0.630957,0.268,0.25,0.3,0.751,0.7,0.8,0.731,0.0284,0.0,1.0,True,0.01,0.95,10.0,39600.0,0.938,0.139
15171,1 - 1 - 2022,19800.0,13.19090595827292,10.0,13.335216533675034,0.473,0.398107,0.630957,0.265,0.25,0.3,0.989,0.9,1.0,0.244,0.0164,0.0,1.0,True,0.01,0.95,10.0,39600.0,0.938,0.139
15172,1 - 1 - 2022,19800.0,12.36931687685298,10.0,13.335216533675034,0.484,0.398107,0.630957,0.284,0.25,0.3,1.22,1.0,1.5,0.0974,0.00464,0.0487,1.0,True,0.01,0.95,10.0,39600.0,0.938,0.139
15173,1 - 1 - 2022,19800.0,11.135528725660043,10.0,13.335216533675034,0.489,0.398107,0.630957,0.306,0.3,0.4,0.249,0.2,0.3,0.244,0.0116,0.0,1.0,True,0.01,0.95,10.0,39600.0,0.938,0.139
15174,1 - 1 - 2022,19800.0,11.704699910719626,10.0,13.335216533675034,0.609,0.398107,0.630957,0.396,0.3,0.4,0.316,0.3,0.4,0.122,0.0082,0.0,1.0,True,0.01,0.95,10.0,39600.0,0.938,0.139
15175,1 - 1 - 2022,19800.0,12.0,10.0,13.335216533675034,0.55,0.398107,0.630957,0.347,0.3,0.4,0.455,0.4,0.5,0.244,0.0116,0.0,1.0,True,0.01,0.95,10.0,39600.0,0.938,0.139
15176,1 - 1 - 2022,19800.0,10.816653826391969,10.0,13.335216533675034,0.442,0.398107,0.630957,0.356,0.3,0.4,0.567,0.5,0.6,0.365,0.0142,0.0,1.0,True,0.01,0.95,10.0,39600.0,0.938,0.139
15177,1 - 1 - 2022,19800.0,12.36931687685298,10.0,13.335216533675034,0.471,0.398107,0.630957,0.338,0.3,0.4,0.64,0.6,0.7,0.244,0.0116,0.0,1.0,True,0.01,0.95,10.0,39600.0,0.938,0.139
15178,1 - 1 - 2022,19800.0,13.114877048604,10.0,13.335216533675034,0.446,0.398107,0.630957,0.383,0.3,0.4,0.711,0.7,0.8,0.122,0.0082,0.0,1.0,True,0.01,0.95,10.0,39600.0,0.938,0.139
15179,1 - 1 - 2022,19800.0,12.12435565298214,10.0,13.335216533675034,0.449,0.398107,0.630957,0.398,0.3,0.4,0.814,0.8,0.9,0.122,0.0082,0.0,1.0,True,0.01,0.95,10.0,39600.0,0.938,0.139
15180,1 - 1 - 2022,19800.0,13.228756555322953,10.0,13.335216533675034,0.465,0.398107,0.630957,0.31,0.3,0.4,0.934,0.9,1.0,0.122,0.0082,0.0,1.0,True,0.01,0.95,10.0,39600.0,0.938,0.139
15181,1 - 1 - 2022,19800.0,10.04987562112089,10.0,13.335216533675034,0.443,0.398107,0.630957,0.325,0.3,0.4,1.51,1.5,2.0,0.0244,0.00164,0.0,1.0,True,0.01,0.95,10.0,39600.0,0.938,0.139
15182,1 - 1 - 2022,19800.0,10.677078252031311,10.0,13.335216533675034,0.44,0.398107,0.630957,0.458,0.4,0.5,0.226,0.2,0.3,0.244,0.0116,0.0,1.0,True,0.01,0.95,10.0,39600.0,0.938,0.139
15183,1 - 1 - 2022,19800.0,10.770329614269007,10.0,13.335216533675034,0.45,0.398107,0.630957,0.401,0.4,0.5,0.542,0.5,0.6,0.122,0.0082,0.0,1.0,True,0.01,0.95,10.0,39600.0,0.938,0.139
15184,1 - 1 - 2022,19800.0,12.041594578792296,10.0,13.335216533675034,0.578,0.398107,0.630957,0.442,0.4,0.5,0.826,0.8,0.9,0.122,0.0082,0.0,1.0,True,0.01,0.95,10.0,39600.0,0.938,0.139
15185,1 - 1 - 2022,19800.0,11.313708498984761,10.0,13.335216533675034,0.407,0.398107,0.630957,0.563,0.5,0.6,0.0921,0.05,0.1,0.244,0.0164,0.0,1.0,True,0.01,0.95,10.0,39600.0,0.938,0.139
15186,1 - 1 - 2022,19800.0,11.0,10.0,13.335216533675034,0.468,0.398107,0.630957,0.56,0.5,0.6,0.71,0.7,0.8,0.122,0.0082,0.0,1.0,True,0.01,0.95,10.0,39600.0,0.938,0.139
15187,1 - 1 - 2022,19800.0,12.569805089976535,10.0,13.335216533675034,0.7,0.630957,1.0,0.0785,0.05,0.1,0.232,0.2,0.3,0.615,0.0207,0.461,1.0,True,0.01,0.95,10.0,39600.0,0.938,0.139
15188,1 - 1 - 2022,19800.0,13.2664991614216,10.0,13.335216533675034,0.681,0.630957,1.0,0.193,0.15,0.2,0.44,0.4,0.5,0.154,0.0103,0.0,1.0,True,0.01,0.95,10.0,39600.0,0.938,0.139
15189,1 - 1 - 2022,19800.0,13.379088160259652,13.335216533675034,17.78280067930808,0.00987,0.00630957,0.01,0.00176,0.0,0.05,0.528,0.5,0.6,17.3,0.823,0.0,1.0,True,0.01,0.95,10.0,39600.0,0.938,0.139
15190,1 - 1 - 2022,19800.0,13.45362404707371,13.335216533675034,17.78280067930808,0.00981,0.00630957,0.01,0.0267,0.0,0.05,1.03,1.0,1.5,3.46,0.165,0.0,1.0,True,0.01,0.95,10.0,39600.0,0.938,0.139
15191,1 - 1 - 2022,19800.0,13.601470508735444,13.335216533675034,17.78280067930808,0.00989,0.00630957,0.01,0.145,0.1,0.15,0.634,0.6,0.7,8.65,0.582,0.0,1.0,True,0.01,0.95,10.0,39600.0,0.938,0.139
15192,1 - 1 - 2022,19800.0,14.66287829861518,13.335216533675034,17.78280067930808,0.0135,0.01,0.0158489,0.0208,0.0,0.05,0.035,0.0,0.05,109.0,2.32,98.2,1.0,True,0.01,0.95,10.0,39600.0,0.938,0.139
15193,1 - 1 - 2022,19800.0,14.628738838327793,13.335216533675034,17.78280067930808,0.0133,0.01,0.0158489,0.0172,0.0,0.05,0.0796,0.05,0.1,305.0,3.89,284.0,1.0,True,0.01,0.95,10.0,39600.0,0.938,0.139
15194,1 - 1 - 2022,19800.0,14.594519519326424,13.335216533675034,17.78280067930808,0.0134,0.01,0.0158489,0.0139,0.0,0.05,0.157,0.1,0.2,627.0,3.94,518.0,1.0,True,0.01,0.95,10.0,39600.0,0.938,0.139
15195,1 - 1 - 2022,19800.0,14.422205101855956,13.335216533675034,17.78280067930808,0.0131,0.01,0.0158489,0.0146,0.0,0.05,0.249,0.2,0.3,796.0,4.44,562.0,1.0,True,0.01,0.95,10.0,39600.0,0.938,0.139
15196,1 - 1 - 2022,19800.0,14.422205101855956,13.335216533675034,17.78280067930808,0.0135,0.01,0.0158489,0.0138,0.0,0.05,0.352,0.3,0.4,938.0,4.81,529.0,1.0,True,0.01,0.95,10.0,39600.0,0.938,0.139
15197,1 - 1 - 2022,19800.0,14.422205101855956,13.335216533675034,17.78280067930808,0.0132,0.01,0.0158489,0.0122,0.0,0.05,0.445,0.4,0.5,709.0,4.19,311.0,1.0,True,0.01,0.95,10.0,39600.0,0.938,0.139
15198,1 - 1 - 2022,19800.0,14.628738838327793,13.335216533675034,17.78280067930808,0.0136,0.01,0.0158489,0.0147,0.0,0.05,0.546,0.5,0.6,589.0,3.81,224.0,1.0,True,0.01,0.95,10.0,39600.0,0.938,0.139
15199,1 - 1 - 2022,19800.0,14.422205101855956,13.335216533675034,17.78280067930808,0.0135,0.01,0.0158489,0.0142,0.0,0.05,0.651,0.6,0.7,480.0,3.44,196.0,1.0,True,0.01,0.95,10.0,39600.0,0.938,0.139
15200,1 - 1 - 2022,19800.0,14.491376746189438,13.335216533675034,17.78280067930808,0.0136,0.01,0.0158489,0.0152,0.0,0.05,0.747,0.7,0.8,289.0,2.67,70.9,1.0,True,0.01,0.95,10.0,39600.0,0.938,0.139
15201,1 - 1 - 2022,19800.0,14.594519519326424,13.335216533675034,17.78280067930808,0.0134,0.01,0.0158489,0.0186,0.0,0.05,0.852,0.8,0.9,262.0,2.54,49.1,1.0,True,0.01,0.95,10.0,39600.0,0.938,0.139
15202,1 - 1 - 2022,19800.0,14.560219778561036,13.335216533675034,17.78280067930808,0.0136,0.01,0.0158489,0.0214,0.0,0.05,0.947,0.9,1.0,153.0,1.94,21.8,1.0,True,0.01,0.95,10.0,39600.0,0.938,0.139
15203,1 - 1 - 2022,19800.0,14.45683229480096,13.335216533675034,17.78280067930808,0.0135,0.01,0.0158489,0.0248,0.0,0.05,1.16,1.0,1.5,56.7,0.529,4.36,1.0,True,0.01,0.95,10.0,39600.0,0.938,0.139
15204,1 - 1 - 2022,19800.0,14.730919862656235,13.335216533675034,17.78280067930808,0.0138,0.01,0.0158489,0.0273,0.0,0.05,1.68,1.5,2.0,15.3,0.275,0.0,1.0,True,0.01,0.95,10.0,39600.0,0.938,0.139
15205,1 - 1 - 2022,19800.0,15.132745950421556,13.335216533675034,17.78280067930808,0.0142,0.01,0.0158489,0.0245,0.0,0.05,2.86,2.0,4.0,1.09,0.0367,0.0,1.0,True,0.01,0.95,10.0,39600.0,0.938,0.139
15206,1 - 1 - 2022,19800.0,14.491376746189438,13.335216533675034,17.78280067930808,0.013,0.01,0.0158489,0.0713,0.05,0.1,0.161,0.1,0.2,175.0,2.08,153.0,1.0,True,0.01,0.95,10.0,39600.0,0.938,0.139
15207,1 - 1 - 2022,19800.0,14.422205101855956,13.335216533675034,17.78280067930808,0.0131,0.01,0.0158489,0.0762,0.05,0.1,0.255,0.2,0.3,191.0,2.17,169.0,1.0,True,0.01,0.95,10.0,39600.0,0.938,0.139
15208,1 - 1 - 2022,19800.0,14.247806848775006,13.335216533675034,17.78280067930808,0.0131,0.01,0.0158489,0.0728,0.05,0.1,0.346,0.3,0.4,196.0,2.2,136.0,1.0,True,0.01,0.95,10.0,39600.0,0.938,0.139
15209,1 - 1 - 2022,19800.0,14.2828568570857,13.335216533675034,17.78280067930808,0.013,0.01,0.0158489,0.0707,0.05,0.1,0.45,0.4,0.5,240.0,2.43,164.0,1.0,True,0.01,0.95,10.0,39600.0,0.938,0.139
15210,1 - 1 - 2022,19800.0,14.352700094407323,13.335216533675034,17.78280067930808,0.0133,0.01,0.0158489,0.0711,0.05,0.1,0.555,0.5,0.6,202.0,2.23,115.0,1.0,True,0.01,0.95,10.0,39600.0,0.938,0.139
15211,1 - 1 - 2022,19800.0,14.696938456699069,13.335216533675034,17.78280067930808,0.0137,0.01,0.0158489,0.0699,0.05,0.1,0.656,0.6,0.7,109.0,1.64,43.6,1.0,True,0.01,0.95,10.0,39600.0,0.938,0.139
15212,1 - 1 - 2022,19800.0,14.52583904633395,13.335216533675034,17.78280067930808,0.0133,0.01,0.0158489,0.0759,0.05,0.1,0.739,0.7,0.8,98.2,1.56,32.7,1.0,True,0.01,0.95,10.0,39600.0,0.938,0.139
15213,1 - 1 - 2022,19800.0,14.352700094407323,13.335216533675034,17.78280067930808,0.0133,0.01,0.0158489,0.0744,0.05,0.1,0.849,0.8,0.9,65.5,1.27,32.7,1.0,True,0.01,0.95,10.0,39600.0,0.938,0.139
15214,1 - 1 - 2022,19800.0,14.142135623730951,13.335216533675034,17.78280067930808,0.0142,0.01,0.0158489,0.073,0.05,0.1,0.961,0.9,1.0,60.0,1.22,21.8,1.0,True,0.01,0.95,10.0,39600.0,0.938,0.139
15215,1 - 1 - 2022,19800.0,14.45683229480096,13.335216533675034,17.78280067930808,0.0132,0.01,0.0158489,0.0711,0.05,0.1,1.18,1.0,1.5,32.7,0.402,4.36,1.0,True,0.01,0.95,10.0,39600.0,0.938,0.139
15216,1 - 1 - 2022,19800.0,15.0,13.335216533675034,17.78280067930808,0.0135,0.01,0.0158489,0.0726,0.05,0.1,1.7,1.5,2.0,13.1,0.254,0.0,1.0,True,0.01,0.95,10.0,39600.0,0.938,0.139
15217,1 - 1 - 2022,19800.0,14.89966442575134,13.335216533675034,17.78280067930808,0.0131,0.01,0.0158489,0.0804,0.05,0.1,2.57,2.0,4.0,4.09,0.0711,0.273,1.0,True,0.01,0.95,10.0,39600.0,0.938,0.139
15218,1 - 1 - 2022,19800.0,14.866068747318506,13.335216533675034,17.78280067930808,0.0125,0.01,0.0158489,0.103,0.1,0.15,0.0308,0.0,0.05,10.9,0.734,0.0,1.0,True,0.01,0.95,10.0,39600.0,0.938,0.139
15219,1 - 1 - 2022,19800.0,13.711309200802088,13.335216533675034,17.78280067930808,0.011,0.01,0.0158489,0.103,0.1,0.15,0.0589,0.05,0.1,10.9,0.734,0.0,1.0,True,0.01,0.95,10.0,39600.0,0.938,0.139
15220,1 - 1 - 2022,19800.0,14.594519519326424,13.335216533675034,17.78280067930808,0.013,0.01,0.0158489,0.125,0.1,0.15,0.156,0.1,0.2,54.5,1.16,10.9,1.0,True,0.01,0.95,10.0,39600.0,0.938,0.139
15221,1 - 1 - 2022,19800.0,14.45683229480096,13.335216533675034,17.78280067930808,0.0136,0.01,0.0158489,0.13,0.1,0.15,0.262,0.2,0.3,115.0,1.68,21.8,1.0,True,0.01,0.95,10.0,39600.0,0.938,0.139
15222,1 - 1 - 2022,19800.0,14.560219778561036,13.335216533675034,17.78280067930808,0.0131,0.01,0.0158489,0.123,0.1,0.15,0.354,0.3,0.4,115.0,1.68,21.8,1.0,True,0.01,0.95,10.0,39600.0,0.938,0.139
15223,1 - 1 - 2022,19800.0,13.92838827718412,13.335216533675034,17.78280067930808,0.013,0.01,0.0158489,0.119,0.1,0.15,0.438,0.4,0.5,65.5,1.27,16.4,1.0,True,0.01,0.95,10.0,39600.0,0.938,0.139
15224,1 - 1 - 2022,19800.0,14.071247279470288,13.335216533675034,17.78280067930808,0.0129,0.01,0.0158489,0.124,0.1,0.15,0.556,0.5,0.6,70.9,1.32,5.45,1.0,True,0.01,0.95,10.0,39600.0,0.938,0.139
15225,1 - 1 - 2022,19800.0,14.352700094407323,13.335216533675034,17.78280067930808,0.0133,0.01,0.0158489,0.134,0.1,0.15,0.635,0.6,0.7,65.4,1.27,5.45,1.0,True,0.01,0.95,10.0,39600.0,0.938,0.139
15226,1 - 1 - 2022,19800.0,14.035668847618199,13.335216533675034,17.78280067930808,0.0134,0.01,0.0158489,0.126,0.1,0.15,0.749,0.7,0.8,49.1,1.1,5.46,1.0,True,0.01,0.95,10.0,39600.0,0.938,0.139
15227,1 - 1 - 2022,19800.0,14.45683229480096,13.335216533675034,17.78280067930808,0.0133,0.01,0.0158489,0.124,0.1,0.15,0.842,0.8,0.9,60.0,1.22,5.45,1.0,True,0.01,0.95,10.0,39600.0,0.938,0.139
15228,1 - 1 - 2022,19800.0,14.52583904633395,13.335216533675034,17.78280067930808,0.0142,0.01,0.0158489,0.128,0.1,0.15,0.947,0.9,1.0,27.3,0.821,5.46,1.0,True,0.01,0.95,10.0,39600.0,0.938,0.139
15229,1 - 1 - 2022,19800.0,14.177446878757825,13.335216533675034,17.78280067930808,0.0129,0.01,0.0158489,0.124,0.1,0.15,1.19,1.0,1.5,15.3,0.275,3.27,1.0,True,0.01,0.95,10.0,39600.0,0.938,0.139
15230,1 - 1 - 2022,19800.0,14.247806848775006,13.335216533675034,17.78280067930808,0.0129,0.01,0.0158489,0.13,0.1,0.15,1.68,1.5,2.0,9.82,0.22,0.0,1.0,True,0.01,0.95,10.0,39600.0,0.938,0.139
15231,1 - 1 - 2022,19800.0,14.730919862656235,13.335216533675034,17.78280067930808,0.0136,0.01,0.0158489,0.132,0.1,0.15,2.28,2.0,4.0,1.91,0.0486,0.0,1.0,True,0.01,0.95,10.0,39600.0,0.938,0.139
15232,1 - 1 - 2022,19800.0,14.38749456993816,13.335216533675034,17.78280067930808,0.0133,0.01,0.0158489,0.172,0.15,0.2,0.0714,0.05,0.1,21.8,1.04,0.0,1.0,True,0.01,0.95,10.0,39600.0,0.938,0.139
15233,1 - 1 - 2022,19800.0,14.798648586948742,13.335216533675034,17.78280067930808,0.0134,0.01,0.0158489,0.175,0.15,0.2,0.156,0.1,0.2,43.6,1.04,0.0,1.0,True,0.01,0.95,10.0,39600.0,0.938,0.139
15234,1 - 1 - 2022,19800.0,14.45683229480096,13.335216533675034,17.78280067930808,0.0138,0.01,0.0158489,0.172,0.15,0.2,0.242,0.2,0.3,49.1,1.1,0.0,1.0,True,0.01,0.95,10.0,39600.0,0.938,0.139
15235,1 - 1 - 2022,19800.0,14.866068747318506,13.335216533675034,17.78280067930808,0.0137,0.01,0.0158489,0.178,0.15,0.2,0.351,0.3,0.4,54.5,1.16,0.0,1.0,True,0.01,0.95,10.0,39600.0,0.938,0.139
15236,1 - 1 - 2022,19800.0,14.0,13.335216533675034,17.78280067930808,0.0115,0.01,0.0158489,0.184,0.15,0.2,0.465,0.4,0.5,49.1,1.1,5.46,1.0,True,0.01,0.95,10.0,39600.0,0.938,0.139
15237,1 - 1 - 2022,19800.0,14.38749456993816,13.335216533675034,17.78280067930808,0.0128,0.01,0.0158489,0.178,0.15,0.2,0.567,0.5,0.6,70.9,1.32,0.0,1.0,True,0.01,0.95,10.0,39600.0,0.938,0.139
15238,1 - 1 - 2022,19800.0,14.071247279470288,13.335216533675034,17.78280067930808,0.0131,0.01,0.0158489,0.176,0.15,0.2,0.658,0.6,0.7,60.0,1.22,0.0,1.0,True,0.01,0.95,10.0,39600.0,0.938,0.139
15239,1 - 1 - 2022,19800.0,14.594519519326424,13.335216533675034,17.78280067930808,0.0131,0.01,0.0158489,0.177,0.15,0.2,0.74,0.7,0.8,38.2,0.971,0.0,1.0,True,0.01,0.95,10.0,39600.0,0.938,0.139
15240,1 - 1 - 2022,19800.0,14.0,13.335216533675034,17.78280067930808,0.0131,0.01,0.0158489,0.17,0.15,0.2,0.848,0.8,0.9,16.4,0.636,0.0,1.0,True,0.01,0.95,10.0,39600.0,0.938,0.139
15241,1 - 1 - 2022,19800.0,14.247806848775006,13.335216533675034,17.78280067930808,0.0124,0.01,0.0158489,0.17,0.15,0.2,0.977,0.9,1.0,16.4,0.636,0.0,1.0,True,0.01,0.95,10.0,39600.0,0.938,0.139
15242,1 - 1 - 2022,19800.0,14.491376746189438,13.335216533675034,17.78280067930808,0.0136,0.01,0.0158489,0.172,0.15,0.2,1.25,1.0,1.5,6.55,0.18,0.0,1.0,True,0.01,0.95,10.0,39600.0,0.938,0.139
15243,1 - 1 - 2022,19800.0,14.89966442575134,13.335216533675034,17.78280067930808,0.0133,0.01,0.0158489,0.164,0.15,0.2,1.76,1.5,2.0,5.45,0.164,0.0,1.0,True,0.01,0.95,10.0,39600.0,0.938,0.139
15244,1 - 1 - 2022,19800.0,15.165750888103101,13.335216533675034,17.78280067930808,0.0131,0.01,0.0158489,0.185,0.15,0.2,2.82,2.0,4.0,2.18,0.0519,1.09,1.0,True,0.01,0.95,10.0,39600.0,0.938,0.139
15245,1 - 1 - 2022,19800.0,15.033296378372908,13.335216533675034,17.78280067930808,0.0137,0.01,0.0158489,0.218,0.2,0.25,0.0612,0.05,0.1,21.8,1.04,0.0,1.0,True,0.01,0.95,10.0,39600.0,0.938,0.139
15246,1 - 1 - 2022,19800.0,14.594519519326424,13.335216533675034,17.78280067930808,0.0133,0.01,0.0158489,0.221,0.2,0.25,0.136,0.1,0.2,27.3,0.821,0.0,1.0,True,0.01,0.95,10.0,39600.0,0.938,0.139
15247,1 - 1 - 2022,19800.0,14.832396974191326,13.335216533675034,17.78280067930808,0.0142,0.01,0.0158489,0.213,0.2,0.25,0.247,0.2,0.3,27.3,0.821,0.0,1.0,True,0.01,0.95,10.0,39600.0,0.938,0.139
15248,1 - 1 - 2022,19800.0,13.820274961085254,13.335216533675034,17.78280067930808,0.0125,0.01,0.0158489,0.213,0.2,0.25,0.36,0.3,0.4,16.4,0.636,0.0,1.0,True,0.01,0.95,10.0,39600.0,0.938,0.139
15249,1 - 1 - 2022,19800.0,15.264337522473747,13.335216533675034,17.78280067930808,0.0139,0.01,0.0158489,0.225,0.2,0.25,0.448,0.4,0.5,49.1,1.1,0.0,1.0,True,0.01,0.95,10.0,39600.0,0.938,0.139
15250,1 - 1 - 2022,19800.0,14.317821063276353,13.335216533675034,17.78280067930808,0.0126,0.01,0.0158489,0.221,0.2,0.25,0.542,0.5,0.6,32.7,0.899,0.0,1.0,True,0.01,0.95,10.0,39600.0,0.938,0.139
15251,1 - 1 - 2022,19800.0,14.035668847618199,13.335216533675034,17.78280067930808,0.0128,0.01,0.0158489,0.215,0.2,0.25,0.649,0.6,0.7,32.7,0.899,0.0,1.0,True,0.01,0.95,10.0,39600.0,0.938,0.139
15252,1 - 1 - 2022,19800.0,14.560219778561036,13.335216533675034,17.78280067930808,0.0137,0.01,0.0158489,0.232,0.2,0.25,0.742,0.7,0.8,27.3,0.821,0.0,1.0,True,0.01,0.95,10.0,39600.0,0.938,0.139
15253,1 - 1 - 2022,19800.0,13.711309200802088,13.335216533675034,17.78280067930808,0.013,0.01,0.0158489,0.226,0.2,0.25,0.852,0.8,0.9,21.8,0.734,0.0,1.0,True,0.01,0.95,10.0,39600.0,0.938,0.139
15254,1 - 1 - 2022,19800.0,14.422205101855956,13.335216533675034,17.78280067930808,0.0125,0.01,0.0158489,0.207,0.2,0.25,0.973,0.9,1.0,10.9,0.519,0.0,1.0,True,0.01,0.95,10.0,39600.0,0.938,0.139
15255,1 - 1 - 2022,19800.0,14.832396974191326,13.335216533675034,17.78280067930808,0.0139,0.01,0.0158489,0.213,0.2,0.25,1.16,1.0,1.5,10.9,0.232,0.0,1.0,True,0.01,0.95,10.0,39600.0,0.938,0.139
15256,1 - 1 - 2022,19800.0,15.0,13.335216533675034,17.78280067930808,0.0137,0.01,0.0158489,0.216,0.2,0.25,2.56,2.0,4.0,1.64,0.045,0.546,1.0,True,0.01,0.95,10.0,39600.0,0.938,0.139
15257,1 - 1 - 2022,19800.0,14.2828568570857,13.335216533675034,17.78280067930808,0.0149,0.01,0.0158489,0.275,0.25,0.3,0.164,0.1,0.2,21.8,0.734,0.0,1.0,True,0.01,0.95,10.0,39600.0,0.938,0.139
15258,1 - 1 - 2022,19800.0,14.45683229480096,13.335216533675034,17.78280067930808,0.0137,0.01,0.0158489,0.267,0.25,0.3,0.231,0.2,0.3,32.7,0.899,5.46,1.0,True,0.01,0.95,10.0,39600.0,0.938,0.139
15259,1 - 1 - 2022,19800.0,13.74772708486752,13.335216533675034,17.78280067930808,0.012,0.01,0.0158489,0.268,0.25,0.3,0.348,0.3,0.4,21.8,0.734,0.0,1.0,True,0.01,0.95,10.0,39600.0,0.938,0.139
15260,1 - 1 - 2022,19800.0,15.459624833740307,13.335216533675034,17.78280067930808,0.0151,0.01,0.0158489,0.281,0.25,0.3,0.55,0.5,0.6,21.8,0.734,0.0,1.0,True,0.01,0.95,10.0,39600.0,0.938,0.139
15261,1 - 1 - 2022,19800.0,14.0,13.335216533675034,17.78280067930808,0.0132,0.01,0.0158489,0.274,0.25,0.3,0.679,0.6,0.7,21.8,0.734,0.0,1.0,True,0.01,0.95,10.0,39600.0,0.938,0.139
15262,1 - 1 - 2022,19800.0,13.601470508735444,13.335216533675034,17.78280067930808,0.014,0.01,0.0158489,0.27,0.25,0.3,0.761,0.7,0.8,10.9,0.519,0.0,1.0,True,0.01,0.95,10.0,39600.0,0.938,0.139
15263,1 - 1 - 2022,19800.0,14.45683229480096,13.335216533675034,17.78280067930808,0.0132,0.01,0.0158489,0.274,0.25,0.3,0.855,0.8,0.9,27.3,0.821,0.0,1.0,True,0.01,0.95,10.0,39600.0,0.938,0.139
15264,1 - 1 - 2022,19800.0,13.711309200802088,13.335216533675034,17.78280067930808,0.0122,0.01,0.0158489,0.27,0.25,0.3,0.933,0.9,1.0,10.9,0.519,0.0,1.0,True,0.01,0.95,10.0,39600.0,0.938,0.139
15265,1 - 1 - 2022,19800.0,14.212670403551895,13.335216533675034,17.78280067930808,0.0128,0.01,0.0158489,0.288,0.25,0.3,1.22,1.0,1.5,3.27,0.127,1.09,1.0,True,0.01,0.95,10.0,39600.0,0.938,0.139
15266,1 - 1 - 2022,19800.0,14.933184523068078,13.335216533675034,17.78280067930808,0.0142,0.01,0.0158489,0.27,0.25,0.3,2.58,2.0,4.0,1.36,0.041,0.545,1.0,True,0.01,0.95,10.0,39600.0,0.938,0.139
15267,1 - 1 - 2022,19800.0,14.560219778561036,13.335216533675034,17.78280067930808,0.0137,0.01,0.0158489,0.336,0.3,0.4,0.251,0.2,0.3,13.6,0.41,2.73,1.0,True,0.01,0.95,10.0,39600.0,0.938,0.139
15268,1 - 1 - 2022,19800.0,14.352700094407323,13.335216533675034,17.78280067930808,0.0129,0.01,0.0158489,0.351,0.3,0.4,0.347,0.3,0.4,16.4,0.45,10.9,1.0,True,0.01,0.95,10.0,39600.0,0.938,0.139
15269,1 - 1 - 2022,19800.0,14.798648586948742,13.335216533675034,17.78280067930808,0.0136,0.01,0.0158489,0.365,0.3,0.4,0.463,0.4,0.5,16.4,0.45,13.6,1.0,True,0.01,0.95,10.0,39600.0,0.938,0.139
15270,1 - 1 - 2022,19800.0,15.0,13.335216533675034,17.78280067930808,0.0143,0.01,0.0158489,0.358,0.3,0.4,0.562,0.5,0.6,21.8,0.519,16.4,1.0,True,0.01,0.95,10.0,39600.0,0.938,0.139
15271,1 - 1 - 2022,19800.0,14.66287829861518,13.335216533675034,17.78280067930808,0.0137,0.01,0.0158489,0.342,0.3,0.4,0.63,0.6,0.7,19.1,0.486,10.9,1.0,True,0.01,0.95,10.0,39600.0,0.938,0.139
15272,1 - 1 - 2022,19800.0,14.071247279470288,13.335216533675034,17.78280067930808,0.013,0.01,0.0158489,0.318,0.3,0.4,0.766,0.7,0.8,5.45,0.26,2.73,1.0,True,0.01,0.95,10.0,39600.0,0.938,0.139
15273,1 - 1 - 2022,19800.0,13.92838827718412,13.335216533675034,17.78280067930808,0.0122,0.01,0.0158489,0.333,0.3,0.4,0.957,0.9,1.0,13.6,0.411,8.18,1.0,True,0.01,0.95,10.0,39600.0,0.938,0.139
15274,1 - 1 - 2022,19800.0,14.106735979665885,13.335216533675034,17.78280067930808,0.0134,0.01,0.0158489,0.329,0.3,0.4,1.22,1.0,1.5,5.45,0.116,3.27,1.0,True,0.01,0.95,10.0,39600.0,0.938,0.139
15275,1 - 1 - 2022,19800.0,15.427248620541512,13.335216533675034,17.78280067930808,0.019,0.0158489,0.0251189,0.0191,0.0,0.05,0.0739,0.05,0.1,275.0,2.93,262.0,1.0,True,0.01,0.95,10.0,39600.0,0.938,0.139
15276,1 - 1 - 2022,19800.0,15.362291495737216,13.335216533675034,17.78280067930808,0.0199,0.0158489,0.0251189,0.0149,0.0,0.05,0.156,0.1,0.2,557.0,2.95,434.0,1.0,True,0.01,0.95,10.0,39600.0,0.938,0.139
15277,1 - 1 - 2022,19800.0,15.362291495737216,13.335216533675034,17.78280067930808,0.02,0.0158489,0.0251189,0.0154,0.0,0.05,0.252,0.2,0.3,743.0,3.4,489.0,1.0,True,0.01,0.95,10.0,39600.0,0.938,0.139
15278,1 - 1 - 2022,19800.0,15.198684153570664,13.335216533675034,17.78280067930808,0.0202,0.0158489,0.0251189,0.0157,0.0,0.05,0.348,0.3,0.4,871.0,3.68,540.0,1.0,True,0.01,0.95,10.0,39600.0,0.938,0.139
15279,1 - 1 - 2022,19800.0,15.264337522473747,13.335216533675034,17.78280067930808,0.0199,0.0158489,0.0251189,0.0155,0.0,0.05,0.449,0.4,0.5,798.0,3.53,396.0,1.0,True,0.01,0.95,10.0,39600.0,0.938,0.139
15280,1 - 1 - 2022,19800.0,15.329709716755891,13.335216533675034,17.78280067930808,0.0203,0.0158489,0.0251189,0.0141,0.0,0.05,0.546,0.5,0.6,554.0,2.94,203.0,1.0,True,0.01,0.95,10.0,39600.0,0.938,0.139
15281,1 - 1 - 2022,19800.0,15.362291495737216,13.335216533675034,17.78280067930808,0.0204,0.0158489,0.0251189,0.0149,0.0,0.05,0.643,0.6,0.7,489.0,2.76,138.0,1.0,True,0.01,0.95,10.0,39600.0,0.938,0.139
15282,1 - 1 - 2022,19800.0,15.198684153570664,13.335216533675034,17.78280067930808,0.0198,0.0158489,0.0251189,0.0157,0.0,0.05,0.741,0.7,0.8,265.0,2.03,55.1,1.0,True,0.01,0.95,10.0,39600.0,0.938,0.139
15283,1 - 1 - 2022,19800.0,15.132745950421556,13.335216533675034,17.78280067930808,0.0207,0.0158489,0.0251189,0.0188,0.0,0.05,0.844,0.8,0.9,244.0,1.95,37.9,1.0,True,0.01,0.95,10.0,39600.0,0.938,0.139
15284,1 - 1 - 2022,19800.0,15.231546211727817,13.335216533675034,17.78280067930808,0.0199,0.0158489,0.0251189,0.0171,0.0,0.05,0.942,0.9,1.0,141.0,1.48,20.6,1.0,True,0.01,0.95,10.0,39600.0,0.938,0.139
15285,1 - 1 - 2022,19800.0,15.427248620541512,13.335216533675034,17.78280067930808,0.0204,0.0158489,0.0251189,0.0227,0.0,0.05,1.17,1.0,1.5,66.8,0.456,4.82,1.0,True,0.01,0.95,10.0,39600.0,0.938,0.139
15286,1 - 1 - 2022,19800.0,15.427248620541512,13.335216533675034,17.78280067930808,0.0202,0.0158489,0.0251189,0.0309,0.0,0.05,1.76,1.5,2.0,15.8,0.222,0.0,1.0,True,0.01,0.95,10.0,39600.0,0.938,0.139
15287,1 - 1 - 2022,19800.0,15.716233645501712,13.335216533675034,17.78280067930808,0.0198,0.0158489,0.0251189,0.0318,0.0,0.05,2.68,2.0,4.0,1.72,0.0366,0.0,1.0,True,0.01,0.95,10.0,39600.0,0.938,0.139
15288,1 - 1 - 2022,19800.0,17.175564037317667,13.335216533675034,17.78280067930808,0.0214,0.0158489,0.0251189,0.0887,0.05,0.1,0.0393,0.0,0.05,13.8,0.655,6.88,1.0,True,0.01,0.95,10.0,39600.0,0.938,0.139
15289,1 - 1 - 2022,19800.0,14.52583904633395,13.335216533675034,17.78280067930808,0.0189,0.0158489,0.0251189,0.0766,0.05,0.1,0.0781,0.05,0.1,110.0,1.85,41.3,1.0,True,0.01,0.95,10.0,39600.0,0.938,0.139
15290,1 - 1 - 2022,19800.0,15.165750888103101,13.335216533675034,17.78280067930808,0.02,0.0158489,0.0251189,0.0684,0.05,0.1,0.153,0.1,0.2,158.0,1.57,61.9,1.0,True,0.01,0.95,10.0,39600.0,0.938,0.139
15291,1 - 1 - 2022,19800.0,15.0,13.335216533675034,17.78280067930808,0.02,0.0158489,0.0251189,0.0682,0.05,0.1,0.255,0.2,0.3,182.0,1.69,75.7,1.0,True,0.01,0.95,10.0,39600.0,0.938,0.139
15292,1 - 1 - 2022,19800.0,15.066519173319364,13.335216533675034,17.78280067930808,0.0206,0.0158489,0.0251189,0.0736,0.05,0.1,0.355,0.3,0.4,206.0,1.79,86.0,1.0,True,0.01,0.95,10.0,39600.0,0.938,0.139
15293,1 - 1 - 2022,19800.0,15.459624833740307,13.335216533675034,17.78280067930808,0.0203,0.0158489,0.0251189,0.0707,0.05,0.1,0.444,0.4,0.5,203.0,1.78,75.7,1.0,True,0.01,0.95,10.0,39600.0,0.938,0.139
15294,1 - 1 - 2022,19800.0,15.066519173319364,13.335216533675034,17.78280067930808,0.0204,0.0158489,0.0251189,0.0685,0.05,0.1,0.547,0.5,0.6,172.0,1.64,51.6,1.0,True,0.01,0.95,10.0,39600.0,0.938,0.139
15295,1 - 1 - 2022,19800.0,15.0,13.335216533675034,17.78280067930808,0.0205,0.0158489,0.0251189,0.0753,0.05,0.1,0.647,0.6,0.7,103.0,1.27,31.0,1.0,True,0.01,0.95,10.0,39600.0,0.938,0.139
15296,1 - 1 - 2022,19800.0,15.165750888103101,13.335216533675034,17.78280067930808,0.0197,0.0158489,0.0251189,0.0733,0.05,0.1,0.757,0.7,0.8,96.4,1.23,34.4,1.0,True,0.01,0.95,10.0,39600.0,0.938,0.139
15297,1 - 1 - 2022,19800.0,14.89966442575134,13.335216533675034,17.78280067930808,0.0198,0.0158489,0.0251189,0.0753,0.05,0.1,0.849,0.8,0.9,75.7,1.09,24.1,1.0,True,0.01,0.95,10.0,39600.0,0.938,0.139
15298,1 - 1 - 2022,19800.0,15.329709716755891,13.335216533675034,17.78280067930808,0.0195,0.0158489,0.0251189,0.0723,0.05,0.1,0.951,0.9,1.0,99.8,1.25,20.6,1.0,True,0.01,0.95,10.0,39600.0,0.938,0.139
15299,1 - 1 - 2022,19800.0,15.716233645501712,13.335216533675034,17.78280067930808,0.0201,0.0158489,0.0251189,0.0727,0.05,0.1,1.22,1.0,1.5,46.8,0.382,4.13,1.0,True,0.01,0.95,10.0,39600.0,0.938,0.139
15300,1 - 1 - 2022,19800.0,14.89966442575134,13.335216533675034,17.78280067930808,0.0203,0.0158489,0.0251189,0.0702,0.05,0.1,1.72,1.5,2.0,16.5,0.227,0.0,1.0,True,0.01,0.95,10.0,39600.0,0.938,0.139
15301,1 - 1 - 2022,19800.0,15.231546211727817,13.335216533675034,17.78280067930808,0.0201,0.0158489,0.0251189,0.0784,0.05,0.1,2.47,2.0,4.0,3.44,0.0518,0.344,1.0,True,0.01,0.95,10.0,39600.0,0.938,0.139
15302,1 - 1 - 2022,19800.0,14.628738838327793,13.335216533675034,17.78280067930808,0.0226,0.0158489,0.0251189,0.122,0.1,0.15,0.037,0.0,0.05,34.4,1.04,0.0,1.0,True,0.01,0.95,10.0,39600.0,0.938,0.139
15303,1 - 1 - 2022,19800.0,15.588457268119896,13.335216533675034,17.78280067930808,0.0183,0.0158489,0.0251189,0.124,0.1,0.15,0.0762,0.05,0.1,61.9,1.39,13.8,1.0,True,0.01,0.95,10.0,39600.0,0.938,0.139
15304,1 - 1 - 2022,19800.0,15.0996688705415,13.335216533675034,17.78280067930808,0.0199,0.0158489,0.0251189,0.119,0.1,0.15,0.153,0.1,0.2,82.6,1.13,6.88,1.0,True,0.01,0.95,10.0,39600.0,0.938,0.139
15305,1 - 1 - 2022,19800.0,15.198684153570664,13.335216533675034,17.78280067930808,0.0195,0.0158489,0.0251189,0.121,0.1,0.15,0.251,0.2,0.3,86.0,1.16,6.88,1.0,True,0.01,0.95,10.0,39600.0,0.938,0.139
15306,1 - 1 - 2022,19800.0,14.696938456699069,13.335216533675034,17.78280067930808,0.0198,0.0158489,0.0251189,0.121,0.1,0.15,0.349,0.3,0.4,107.0,1.29,6.88,1.0,True,0.01,0.95,10.0,39600.0,0.938,0.139
15307,1 - 1 - 2022,19800.0,14.966629547095765,13.335216533675034,17.78280067930808,0.0208,0.0158489,0.0251189,0.123,0.1,0.15,0.448,0.4,0.5,127.0,1.41,13.8,1.0,True,0.01,0.95,10.0,39600.0,0.938,0.139
15308,1 - 1 - 2022,19800.0,15.297058540778355,13.335216533675034,17.78280067930808,0.0211,0.0158489,0.0251189,0.121,0.1,0.15,0.559,0.5,0.6,107.0,1.29,10.3,1.0,True,0.01,0.95,10.0,39600.0,0.938,0.139
15309,1 - 1 - 2022,19800.0,15.231546211727817,13.335216533675034,17.78280067930808,0.0196,0.0158489,0.0251189,0.126,0.1,0.15,0.651,0.6,0.7,72.3,1.06,6.88,1.0,True,0.01,0.95,10.0,39600.0,0.938,0.139
15310,1 - 1 - 2022,19800.0,15.588457268119896,13.335216533675034,17.78280067930808,0.0206,0.0158489,0.0251189,0.124,0.1,0.15,0.756,0.7,0.8,68.8,1.04,3.44,1.0,True,0.01,0.95,10.0,39600.0,0.938,0.139
15311,1 - 1 - 2022,19800.0,14.933184523068078,13.335216533675034,17.78280067930808,0.0205,0.0158489,0.0251189,0.123,0.1,0.15,0.84,0.8,0.9,51.6,0.897,3.44,1.0,True,0.01,0.95,10.0,39600.0,0.938,0.139
15312,1 - 1 - 2022,19800.0,15.198684153570664,13.335216533675034,17.78280067930808,0.0194,0.0158489,0.0251189,0.132,0.1,0.15,0.941,0.9,1.0,51.6,0.897,0.0,1.0,True,0.01,0.95,10.0,39600.0,0.938,0.139
15313,1 - 1 - 2022,19800.0,15.132745950421556,13.335216533675034,17.78280067930808,0.0196,0.0158489,0.0251189,0.123,0.1,0.15,1.27,1.0,1.5,22.0,0.262,4.13,1.0,True,0.01,0.95,10.0,39600.0,0.938,0.139
15314,1 - 1 - 2022,19800.0,15.198684153570664,13.335216533675034,17.78280067930808,0.0207,0.0158489,0.0251189,0.122,0.1,0.15,1.74,1.5,2.0,11.0,0.185,1.38,1.0,True,0.01,0.95,10.0,39600.0,0.938,0.139
15315,1 - 1 - 2022,19800.0,15.84297951775486,13.335216533675034,17.78280067930808,0.0198,0.0158489,0.0251189,0.122,0.1,0.15,2.6,2.0,4.0,3.27,0.0505,0.0,1.0,True,0.01,0.95,10.0,39600.0,0.938,0.139
15316,1 - 1 - 2022,19800.0,14.832396974191326,13.335216533675034,17.78280067930808,0.0189,0.0158489,0.0251189,0.163,0.15,0.2,0.0866,0.05,0.1,13.8,0.655,0.0,1.0,True,0.01,0.95,10.0,39600.0,0.938,0.139
15317,1 - 1 - 2022,19800.0,15.0,13.335216533675034,17.78280067930808,0.019,0.0158489,0.0251189,0.173,0.15,0.2,0.148,0.1,0.2,51.6,0.897,0.0,1.0,True,0.01,0.95,10.0,39600.0,0.938,0.139
15318,1 - 1 - 2022,19800.0,16.06237840420901,13.335216533675034,17.78280067930808,0.0202,0.0158489,0.0251189,0.173,0.15,0.2,0.248,0.2,0.3,48.2,0.867,0.0,1.0,True,0.01,0.95,10.0,39600.0,0.938,0.139
15319,1 - 1 - 2022,19800.0,14.933184523068078,13.335216533675034,17.78280067930808,0.0188,0.0158489,0.0251189,0.171,0.15,0.2,0.353,0.3,0.4,86.0,1.16,0.0,1.0,True,0.01,0.95,10.0,39600.0,0.938,0.139
15320,1 - 1 - 2022,19800.0,15.524174696260024,13.335216533675034,17.78280067930808,0.0204,0.0158489,0.0251189,0.176,0.15,0.2,0.446,0.4,0.5,58.5,0.955,0.0,1.0,True,0.01,0.95,10.0,39600.0,0.938,0.139
15321,1 - 1 - 2022,19800.0,15.524174696260024,13.335216533675034,17.78280067930808,0.0204,0.0158489,0.0251189,0.173,0.15,0.2,0.548,0.5,0.6,68.8,1.04,0.0,1.0,True,0.01,0.95,10.0,39600.0,0.938,0.139
15322,1 - 1 - 2022,19800.0,15.231546211727817,13.335216533675034,17.78280067930808,0.0192,0.0158489,0.0251189,0.17,0.15,0.2,0.64,0.6,0.7,41.3,0.802,3.44,1.0,True,0.01,0.95,10.0,39600.0,0.938,0.139
15323,1 - 1 - 2022,19800.0,15.556349186104045,13.335216533675034,17.78280067930808,0.0223,0.0158489,0.0251189,0.173,0.15,0.2,0.762,0.7,0.8,13.8,0.463,0.0,1.0,True,0.01,0.95,10.0,39600.0,0.938,0.139
15324,1 - 1 - 2022,19800.0,14.966629547095765,13.335216533675034,17.78280067930808,0.0201,0.0158489,0.0251189,0.174,0.15,0.2,0.847,0.8,0.9,27.5,0.655,0.0,1.0,True,0.01,0.95,10.0,39600.0,0.938,0.139
15325,1 - 1 - 2022,19800.0,15.524174696260024,13.335216533675034,17.78280067930808,0.0198,0.0158489,0.0251189,0.169,0.15,0.2,0.952,0.9,1.0,37.9,0.768,0.0,1.0,True,0.01,0.95,10.0,39600.0,0.938,0.139
15326,1 - 1 - 2022,19800.0,15.066519173319364,13.335216533675034,17.78280067930808,0.0203,0.0158489,0.0251189,0.173,0.15,0.2,1.22,1.0,1.5,15.8,0.222,1.38,1.0,True,0.01,0.95,10.0,39600.0,0.938,0.139
15327,1 - 1 - 2022,19800.0,15.132745950421556,13.335216533675034,17.78280067930808,0.0195,0.0158489,0.0251189,0.173,0.15,0.2,1.79,1.5,2.0,8.95,0.167,0.0,1.0,True,0.01,0.95,10.0,39600.0,0.938,0.139
15328,1 - 1 - 2022,19800.0,16.30950643030009,13.335216533675034,17.78280067930808,0.0197,0.0158489,0.0251189,0.171,0.15,0.2,2.52,2.0,4.0,2.24,0.0418,0.516,1.0,True,0.01,0.95,10.0,39600.0,0.938,0.139
15329,1 - 1 - 2022,19800.0,16.217274740226856,13.335216533675034,17.78280067930808,0.0219,0.0158489,0.0251189,0.223,0.2,0.25,0.0648,0.05,0.1,27.5,0.926,0.0,1.0,True,0.01,0.95,10.0,39600.0,0.938,0.139
15330,1 - 1 - 2022,19800.0,15.033296378372908,13.335216533675034,17.78280067930808,0.0204,0.0158489,0.0251189,0.228,0.2,0.25,0.16,0.1,0.2,24.1,0.613,0.0,1.0,True,0.01,0.95,10.0,39600.0,0.938,0.139
15331,1 - 1 - 2022,19800.0,14.966629547095765,13.335216533675034,17.78280067930808,0.0207,0.0158489,0.0251189,0.225,0.2,0.25,0.251,0.2,0.3,37.9,0.768,0.0,1.0,True,0.01,0.95,10.0,39600.0,0.938,0.139
15332,1 - 1 - 2022,19800.0,15.165750888103101,13.335216533675034,17.78280067930808,0.0194,0.0158489,0.0251189,0.227,0.2,0.25,0.355,0.3,0.4,55.1,0.926,0.0,1.0,True,0.01,0.95,10.0,39600.0,0.938,0.139
15333,1 - 1 - 2022,19800.0,16.3707055437449,13.335216533675034,17.78280067930808,0.0198,0.0158489,0.0251189,0.222,0.2,0.25,0.46,0.4,0.5,27.5,0.655,0.0,1.0,True,0.01,0.95,10.0,39600.0,0.938,0.139
15334,1 - 1 - 2022,19800.0,14.89966442575134,13.335216533675034,17.78280067930808,0.0196,0.0158489,0.0251189,0.234,0.2,0.25,0.521,0.5,0.6,20.6,0.567,0.0,1.0,True,0.01,0.95,10.0,39600.0,0.938,0.139
15335,1 - 1 - 2022,19800.0,14.352700094407323,13.335216533675034,17.78280067930808,0.0202,0.0158489,0.0251189,0.221,0.2,0.25,0.642,0.6,0.7,24.1,0.613,0.0,1.0,True,0.01,0.95,10.0,39600.0,0.938,0.139
15336,1 - 1 - 2022,19800.0,15.716233645501712,13.335216533675034,17.78280067930808,0.0195,0.0158489,0.0251189,0.219,0.2,0.25,0.747,0.7,0.8,13.8,0.463,0.0,1.0,True,0.01,0.95,10.0,39600.0,0.938,0.139
15337,1 - 1 - 2022,19800.0,15.748015748023622,13.335216533675034,17.78280067930808,0.021,0.0158489,0.0251189,0.216,0.2,0.25,0.841,0.8,0.9,17.2,0.518,0.0,1.0,True,0.01,0.95,10.0,39600.0,0.938,0.139
15338,1 - 1 - 2022,19800.0,15.491933384829668,13.335216533675034,17.78280067930808,0.0205,0.0158489,0.0251189,0.224,0.2,0.25,0.946,0.9,1.0,31.0,0.695,0.0,1.0,True,0.01,0.95,10.0,39600.0,0.938,0.139
15339,1 - 1 - 2022,19800.0,15.329709716755891,13.335216533675034,17.78280067930808,0.0199,0.0158489,0.0251189,0.221,0.2,0.25,1.26,1.0,1.5,7.57,0.154,0.0,1.0,True,0.01,0.95,10.0,39600.0,0.938,0.139
15340,1 - 1 - 2022,19800.0,15.0,13.335216533675034,17.78280067930808,0.0184,0.0158489,0.0251189,0.227,0.2,0.25,1.81,1.5,2.0,3.44,0.104,0.688,1.0,True,0.01,0.95,10.0,39600.0,0.938,0.139
15341,1 - 1 - 2022,19800.0,15.362291495737216,13.335216533675034,17.78280067930808,0.0215,0.0158489,0.0251189,0.214,0.2,0.25,2.67,2.0,4.0,1.03,0.0284,0.0,1.0,True,0.01,0.95,10.0,39600.0,0.938,0.139
15342,1 - 1 - 2022,19800.0,14.142135623730951,13.335216533675034,17.78280067930808,0.0185,0.0158489,0.0251189,0.296,0.25,0.3,0.0884,0.05,0.1,13.8,0.655,0.0,1.0,True,0.01,0.95,10.0,39600.0,0.938,0.139
15343,1 - 1 - 2022,19800.0,15.0,13.335216533675034,17.78280067930808,0.0215,0.0158489,0.0251189,0.268,0.25,0.3,0.256,0.2,0.3,20.6,0.567,0.0,1.0,True,0.01,0.95,10.0,39600.0,0.938,0.139
15344,1 - 1 - 2022,19800.0,15.588457268119896,13.335216533675034,17.78280067930808,0.0202,0.0158489,0.0251189,0.275,0.25,0.3,0.351,0.3,0.4,34.4,0.732,3.44,1.0,True,0.01,0.95,10.0,39600.0,0.938,0.139
15345,1 - 1 - 2022,19800.0,14.696938456699069,13.335216533675034,17.78280067930808,0.0207,0.0158489,0.0251189,0.274,0.25,0.3,0.465,0.4,0.5,20.6,0.567,0.0,1.0,True,0.01,0.95,10.0,39600.0,0.938,0.139
15346,1 - 1 - 2022,19800.0,15.329709716755891,13.335216533675034,17.78280067930808,0.0212,0.0158489,0.0251189,0.27,0.25,0.3,0.529,0.5,0.6,13.8,0.463,0.0,1.0,True,0.01,0.95,10.0,39600.0,0.938,0.139
15347,1 - 1 - 2022,19800.0,15.165750888103101,13.335216533675034,17.78280067930808,0.0187,0.0158489,0.0251189,0.27,0.25,0.3,0.761,0.7,0.8,13.8,0.463,0.0,1.0,True,0.01,0.95,10.0,39600.0,0.938,0.139
15348,1 - 1 - 2022,19800.0,14.317821063276353,13.335216533675034,17.78280067930808,0.0211,0.0158489,0.0251189,0.271,0.25,0.3,0.872,0.8,0.9,10.3,0.401,0.0,1.0,True,0.01,0.95,10.0,39600.0,0.938,0.139
15349,1 - 1 - 2022,19800.0,15.264337522473747,13.335216533675034,17.78280067930808,0.0188,0.0158489,0.0251189,0.27,0.25,0.3,0.933,0.9,1.0,13.8,0.463,3.44,1.0,True,0.01,0.95,10.0,39600.0,0.938,0.139
15350,1 - 1 - 2022,19800.0,14.106735979665885,13.335216533675034,17.78280067930808,0.0217,0.0158489,0.0251189,0.27,0.25,0.3,1.18,1.0,1.5,5.51,0.131,0.688,1.0,True,0.01,0.95,10.0,39600.0,0.938,0.139
15351,1 - 1 - 2022,19800.0,16.431676725154983,13.335216533675034,17.78280067930808,0.0188,0.0158489,0.0251189,0.276,0.25,0.3,1.62,1.5,2.0,4.13,0.113,2.75,1.0,True,0.01,0.95,10.0,39600.0,0.938,0.139
15352,1 - 1 - 2022,19800.0,14.933184523068078,13.335216533675034,17.78280067930808,0.0208,0.0158489,0.0251189,0.279,0.25,0.3,2.65,2.0,4.0,1.03,0.0284,0.688,1.0,True,0.01,0.95,10.0,39600.0,0.938,0.139
15353,1 - 1 - 2022,19800.0,15.0,13.335216533675034,17.78280067930808,0.0193,0.0158489,0.0251189,0.351,0.3,0.4,0.152,0.1,0.2,10.3,0.284,5.16,1.0,True,0.01,0.95,10.0,39600.0,0.938,0.139
15354,1 - 1 - 2022,19800.0,15.198684153570664,13.335216533675034,17.78280067930808,0.0204,0.0158489,0.0251189,0.355,0.3,0.4,0.249,0.2,0.3,12.0,0.306,8.6,1.0,True,0.01,0.95,10.0,39600.0,0.938,0.139
15355,1 - 1 - 2022,19800.0,15.0996688705415,13.335216533675034,17.78280067930808,0.0181,0.0158489,0.0251189,0.325,0.3,0.4,0.342,0.3,0.4,10.3,0.284,3.44,1.0,True,0.01,0.95,10.0,39600.0,0.938,0.139
15356,1 - 1 - 2022,19800.0,15.905973720586866,13.335216533675034,17.78280067930808,0.0194,0.0158489,0.0251189,0.334,0.3,0.4,0.455,0.4,0.5,17.2,0.366,15.5,1.0,True,0.01,0.95,10.0,39600.0,0.938,0.139
15357,1 - 1 - 2022,19800.0,15.231546211727817,13.335216533675034,17.78280067930808,0.0211,0.0158489,0.0251189,0.328,0.3,0.4,0.554,0.5,0.6,8.6,0.259,3.44,1.0,True,0.01,0.95,10.0,39600.0,0.938,0.139
15358,1 - 1 - 2022,19800.0,14.832396974191326,13.335216533675034,17.78280067930808,0.0214,0.0158489,0.0251189,0.344,0.3,0.4,0.629,0.6,0.7,13.8,0.328,8.61,1.0,True,0.01,0.95,10.0,39600.0,0.938,0.139
15359,1 - 1 - 2022,19800.0,14.798648586948742,13.335216533675034,17.78280067930808,0.0213,0.0158489,0.0251189,0.354,0.3,0.4,0.763,0.7,0.8,13.8,0.328,8.6,1.0,True,0.01,0.95,10.0,39600.0,0.938,0.139
15360,1 - 1 - 2022,19800.0,15.968719422671311,13.335216533675034,17.78280067930808,0.02,0.0158489,0.0251189,0.37,0.3,0.4,0.848,0.8,0.9,12.0,0.306,8.6,1.0,True,0.01,0.95,10.0,39600.0,0.938,0.139
15361,1 - 1 - 2022,19800.0,14.7648230602334,13.335216533675034,17.78280067930808,0.0207,0.0158489,0.0251189,0.327,0.3,0.4,0.95,0.9,1.0,10.3,0.284,5.16,1.0,True,0.01,0.95,10.0,39600.0,0.938,0.139
15362,1 - 1 - 2022,19800.0,15.0,13.335216533675034,17.78280067930808,0.0187,0.0158489,0.0251189,0.367,0.3,0.4,1.22,1.0,1.5,3.1,0.0695,1.03,1.0,True,0.01,0.95,10.0,39600.0,0.938,0.139
15363,1 - 1 - 2022,19800.0,15.84297951775486,13.335216533675034,17.78280067930808,0.0195,0.0158489,0.0251189,0.362,0.3,0.4,1.7,1.5,2.0,1.38,0.0463,1.03,1.0,True,0.01,0.95,10.0,39600.0,0.938,0.139
15364,1 - 1 - 2022,19800.0,15.427248620541512,13.335216533675034,17.78280067930808,0.0183,0.0158489,0.0251189,0.329,0.3,0.4,2.6,2.0,4.0,0.602,0.0153,0.43,1.0,True,0.01,0.95,10.0,39600.0,0.938,0.139
15365,1 - 1 - 2022,19800.0,15.0996688705415,13.335216533675034,17.78280067930808,0.0338,0.0251189,0.0398107,0.0386,0.0,0.05,0.032,0.0,0.05,34.7,0.827,26.1,1.0,True,0.01,0.95,10.0,39600.0,0.938,0.139
15366,1 - 1 - 2022,19800.0,15.427248620541512,13.335216533675034,17.78280067930808,0.0313,0.0251189,0.0398107,0.0212,0.0,0.05,0.0788,0.05,0.1,152.0,1.73,99.9,1.0,True,0.01,0.95,10.0,39600.0,0.938,0.139
15367,1 - 1 - 2022,19800.0,15.198684153570664,13.335216533675034,17.78280067930808,0.0316,0.0251189,0.0398107,0.0172,0.0,0.05,0.155,0.1,0.2,391.0,1.96,269.0,1.0,True,0.01,0.95,10.0,39600.0,0.938,0.139
15368,1 - 1 - 2022,19800.0,15.264337522473747,13.335216533675034,17.78280067930808,0.0319,0.0251189,0.0398107,0.0165,0.0,0.05,0.253,0.2,0.3,545.0,2.32,356.0,1.0,True,0.01,0.95,10.0,39600.0,0.938,0.139
15369,1 - 1 - 2022,19800.0,15.132745950421556,13.335216533675034,17.78280067930808,0.0321,0.0251189,0.0398107,0.0159,0.0,0.05,0.351,0.3,0.4,430.0,2.06,245.0,1.0,True,0.01,0.95,10.0,39600.0,0.938,0.139
15370,1 - 1 - 2022,19800.0,15.362291495737216,13.335216533675034,17.78280067930808,0.0316,0.0251189,0.0398107,0.0171,0.0,0.05,0.445,0.4,0.5,434.0,2.07,204.0,1.0,True,0.01,0.95,10.0,39600.0,0.938,0.139
15371,1 - 1 - 2022,19800.0,15.329709716755891,13.335216533675034,17.78280067930808,0.0321,0.0251189,0.0398107,0.0172,0.0,0.05,0.548,0.5,0.6,337.0,1.82,126.0,1.0,True,0.01,0.95,10.0,39600.0,0.938,0.139
15372,1 - 1 - 2022,19800.0,15.297058540778355,13.335216533675034,17.78280067930808,0.0309,0.0251189,0.0398107,0.0176,0.0,0.05,0.645,0.6,0.7,237.0,1.53,63.0,1.0,True,0.01,0.95,10.0,39600.0,0.938,0.139
15373,1 - 1 - 2022,19800.0,15.198684153570664,13.335216533675034,17.78280067930808,0.0314,0.0251189,0.0398107,0.0194,0.0,0.05,0.749,0.7,0.8,163.0,1.27,32.6,1.0,True,0.01,0.95,10.0,39600.0,0.938,0.139
15374,1 - 1 - 2022,19800.0,15.231546211727817,13.335216533675034,17.78280067930808,0.031,0.0251189,0.0398107,0.0177,0.0,0.05,0.849,0.8,0.9,122.0,1.09,23.9,1.0,True,0.01,0.95,10.0,39600.0,0.938,0.139
15375,1 - 1 - 2022,19800.0,15.362291495737216,13.335216533675034,17.78280067930808,0.0322,0.0251189,0.0398107,0.0254,0.0,0.05,0.952,0.9,1.0,95.5,0.969,19.5,1.0,True,0.01,0.95,10.0,39600.0,0.938,0.139
15376,1 - 1 - 2022,19800.0,15.165750888103101,13.335216533675034,17.78280067930808,0.0311,0.0251189,0.0398107,0.0233,0.0,0.05,1.2,1.0,1.5,32.1,0.251,2.17,1.0,True,0.01,0.95,10.0,39600.0,0.938,0.139
15377,1 - 1 - 2022,19800.0,15.748015748023622,13.335216533675034,17.78280067930808,0.0299,0.0251189,0.0398107,0.0341,0.0,0.05,1.74,1.5,2.0,9.99,0.14,0.0,1.0,True,0.01,0.95,10.0,39600.0,0.938,0.139
15378,1 - 1 - 2022,19800.0,15.556349186104045,13.335216533675034,17.78280067930808,0.0316,0.0251189,0.0398107,0.0386,0.0,0.05,2.39,2.0,4.0,0.652,0.0179,0.0,1.0,True,0.01,0.95,10.0,39600.0,0.938,0.139
15379,1 - 1 - 2022,19800.0,15.165750888103101,13.335216533675034,17.78280067930808,0.0301,0.0251189,0.0398107,0.0732,0.05,0.1,0.0386,0.0,0.05,26.1,0.716,8.69,1.0,True,0.01,0.95,10.0,39600.0,0.938,0.139
15380,1 - 1 - 2022,19800.0,15.297058540778355,13.335216533675034,17.78280067930808,0.0321,0.0251189,0.0398107,0.0733,0.05,0.1,0.0773,0.05,0.1,73.8,1.21,13.0,1.0,True,0.01,0.95,10.0,39600.0,0.938,0.139
15381,1 - 1 - 2022,19800.0,14.832396974191326,13.335216533675034,17.78280067930808,0.0313,0.0251189,0.0398107,0.0717,0.05,0.1,0.154,0.1,0.2,95.5,0.969,10.9,1.0,True,0.01,0.95,10.0,39600.0,0.938,0.139
15382,1 - 1 - 2022,19800.0,15.132745950421556,13.335216533675034,17.78280067930808,0.031,0.0251189,0.0398107,0.0724,0.05,0.1,0.249,0.2,0.3,117.0,1.07,23.9,1.0,True,0.01,0.95,10.0,39600.0,0.938,0.139
15383,1 - 1 - 2022,19800.0,15.198684153570664,13.335216533675034,17.78280067930808,0.0319,0.0251189,0.0398107,0.0752,0.05,0.1,0.347,0.3,0.4,145.0,1.2,26.1,1.0,True,0.01,0.95,10.0,39600.0,0.938,0.139
15384,1 - 1 - 2022,19800.0,15.033296378372908,13.335216533675034,17.78280067930808,0.031,0.0251189,0.0398107,0.0741,0.05,0.1,0.445,0.4,0.5,132.0,1.14,32.6,1.0,True,0.01,0.95,10.0,39600.0,0.938,0.139
15385,1 - 1 - 2022,19800.0,15.556349186104045,13.335216533675034,17.78280067930808,0.0313,0.0251189,0.0398107,0.0735,0.05,0.1,0.546,0.5,0.6,109.0,1.03,26.1,1.0,True,0.01,0.95,10.0,39600.0,0.938,0.139
15386,1 - 1 - 2022,19800.0,15.132745950421556,13.335216533675034,17.78280067930808,0.0316,0.0251189,0.0398107,0.0734,0.05,0.1,0.646,0.6,0.7,73.8,0.852,17.4,1.0,True,0.01,0.95,10.0,39600.0,0.938,0.139
15387,1 - 1 - 2022,19800.0,15.0996688705415,13.335216533675034,17.78280067930808,0.0316,0.0251189,0.0398107,0.0705,0.05,0.1,0.748,0.7,0.8,91.2,0.947,13.0,1.0,True,0.01,0.95,10.0,39600.0,0.938,0.139
15388,1 - 1 - 2022,19800.0,14.966629547095765,13.335216533675034,17.78280067930808,0.0315,0.0251189,0.0398107,0.0741,0.05,0.1,0.853,0.8,0.9,54.3,0.731,10.9,1.0,True,0.01,0.95,10.0,39600.0,0.938,0.139
15389,1 - 1 - 2022,19800.0,15.329709716755891,13.335216533675034,17.78280067930808,0.0321,0.0251189,0.0398107,0.0793,0.05,0.1,0.946,0.9,1.0,47.8,0.686,8.69,1.0,True,0.01,0.95,10.0,39600.0,0.938,0.139
15390,1 - 1 - 2022,19800.0,15.620499351813308,13.335216533675034,17.78280067930808,0.0317,0.0251189,0.0398107,0.0757,0.05,0.1,1.24,1.0,1.5,27.4,0.232,3.91,1.0,True,0.01,0.95,10.0,39600.0,0.938,0.139
15391,1 - 1 - 2022,19800.0,15.524174696260024,13.335216533675034,17.78280067930808,0.0304,0.0251189,0.0398107,0.0709,0.05,0.1,1.7,1.5,2.0,7.38,0.12,0.434,1.0,True,0.01,0.95,10.0,39600.0,0.938,0.139
15392,1 - 1 - 2022,19800.0,15.491933384829668,13.335216533675034,17.78280067930808,0.0312,0.0251189,0.0398107,0.0827,0.05,0.1,2.62,2.0,4.0,1.85,0.0301,0.217,1.0,True,0.01,0.95,10.0,39600.0,0.938,0.139
15393,1 - 1 - 2022,19800.0,14.2828568570857,13.335216533675034,17.78280067930808,0.0294,0.0251189,0.0398107,0.108,0.1,0.15,0.0155,0.0,0.05,8.69,0.413,0.0,1.0,True,0.01,0.95,10.0,39600.0,0.938,0.139
15394,1 - 1 - 2022,19800.0,14.66287829861518,13.335216533675034,17.78280067930808,0.0307,0.0251189,0.0398107,0.12,0.1,0.15,0.08,0.05,0.1,30.4,0.773,0.0,1.0,True,0.01,0.95,10.0,39600.0,0.938,0.139
15395,1 - 1 - 2022,19800.0,15.427248620541512,13.335216533675034,17.78280067930808,0.0326,0.0251189,0.0398107,0.125,0.1,0.15,0.151,0.1,0.2,54.3,0.731,0.0,1.0,True,0.01,0.95,10.0,39600.0,0.938,0.139
15396,1 - 1 - 2022,19800.0,15.459624833740307,13.335216533675034,17.78280067930808,0.0336,0.0251189,0.0398107,0.118,0.1,0.15,0.244,0.2,0.3,60.8,0.773,0.0,1.0,True,0.01,0.95,10.0,39600.0,0.938,0.139
15397,1 - 1 - 2022,19800.0,14.966629547095765,13.335216533675034,17.78280067930808,0.0314,0.0251189,0.0398107,0.127,0.1,0.15,0.349,0.3,0.4,80.3,0.889,0.0,1.0,True,0.01,0.95,10.0,39600.0,0.938,0.139
15398,1 - 1 - 2022,19800.0,15.033296378372908,13.335216533675034,17.78280067930808,0.0313,0.0251189,0.0398107,0.122,0.1,0.15,0.45,0.4,0.5,91.2,0.947,2.17,1.0,True,0.01,0.95,10.0,39600.0,0.938,0.139
15399,1 - 1 - 2022,19800.0,15.165750888103101,13.335216533675034,17.78280067930808,0.0304,0.0251189,0.0398107,0.12,0.1,0.15,0.553,0.5,0.6,54.3,0.731,2.17,1.0,True,0.01,0.95,10.0,39600.0,0.938,0.139
15400,1 - 1 - 2022,19800.0,14.866068747318506,13.335216533675034,17.78280067930808,0.0317,0.0251189,0.0398107,0.125,0.1,0.15,0.656,0.6,0.7,52.1,0.716,0.0,1.0,True,0.01,0.95,10.0,39600.0,0.938,0.139
15401,1 - 1 - 2022,19800.0,15.165750888103101,13.335216533675034,17.78280067930808,0.0324,0.0251189,0.0398107,0.123,0.1,0.15,0.757,0.7,0.8,41.3,0.637,0.0,1.0,True,0.01,0.95,10.0,39600.0,0.938,0.139
15402,1 - 1 - 2022,19800.0,16.30950643030009,13.335216533675034,17.78280067930808,0.0328,0.0251189,0.0398107,0.124,0.1,0.15,0.861,0.8,0.9,26.1,0.506,2.17,1.0,True,0.01,0.95,10.0,39600.0,0.938,0.139
15403,1 - 1 - 2022,19800.0,15.748015748023622,13.335216533675034,17.78280067930808,0.0314,0.0251189,0.0398107,0.116,0.1,0.15,0.952,0.9,1.0,41.3,0.637,4.34,1.0,True,0.01,0.95,10.0,39600.0,0.938,0.139
15404,1 - 1 - 2022,19800.0,15.394804318340652,13.335216533675034,17.78280067930808,0.0315,0.0251189,0.0398107,0.127,0.1,0.15,1.2,1.0,1.5,10.4,0.143,1.3,1.0,True,0.01,0.95,10.0,39600.0,0.938,0.139
15405,1 - 1 - 2022,19800.0,15.459624833740307,13.335216533675034,17.78280067930808,0.0324,0.0251189,0.0398107,0.128,0.1,0.15,1.77,1.5,2.0,4.34,0.0924,1.74,1.0,True,0.01,0.95,10.0,39600.0,0.938,0.139
15406,1 - 1 - 2022,19800.0,15.231546211727817,13.335216533675034,17.78280067930808,0.0338,0.0251189,0.0398107,0.125,0.1,0.15,2.79,2.0,4.0,1.85,0.0301,0.543,1.0,True,0.01,0.95,10.0,39600.0,0.938,0.139
15407,1 - 1 - 2022,19800.0,17.320508075688775,13.335216533675034,17.78280067930808,0.0363,0.0251189,0.0398107,0.187,0.15,0.2,0.0176,0.0,0.05,8.68,0.413,0.0,1.0,True,0.01,0.95,10.0,39600.0,0.938,0.139
15408,1 - 1 - 2022,19800.0,14.247806848775006,13.335216533675034,17.78280067930808,0.028,0.0251189,0.0398107,0.168,0.15,0.2,0.083,0.05,0.1,13.0,0.506,0.0,1.0,True,0.01,0.95,10.0,39600.0,0.938,0.139
15409,1 - 1 - 2022,19800.0,15.491933384829668,13.335216533675034,17.78280067930808,0.0337,0.0251189,0.0398107,0.173,0.15,0.2,0.146,0.1,0.2,28.2,0.527,0.0,1.0,True,0.01,0.95,10.0,39600.0,0.938,0.139
15410,1 - 1 - 2022,19800.0,14.89966442575134,13.335216533675034,17.78280067930808,0.0321,0.0251189,0.0398107,0.169,0.15,0.2,0.255,0.2,0.3,58.6,0.759,0.0,1.0,True,0.01,0.95,10.0,39600.0,0.938,0.139
15411,1 - 1 - 2022,19800.0,15.427248620541512,13.335216533675034,17.78280067930808,0.0314,0.0251189,0.0398107,0.174,0.15,0.2,0.359,0.3,0.4,45.6,0.67,0.0,1.0,True,0.01,0.95,10.0,39600.0,0.938,0.139
15412,1 - 1 - 2022,19800.0,15.588457268119896,13.335216533675034,17.78280067930808,0.033,0.0251189,0.0398107,0.175,0.15,0.2,0.44,0.4,0.5,54.3,0.731,0.0,1.0,True,0.01,0.95,10.0,39600.0,0.938,0.139
15413,1 - 1 - 2022,19800.0,15.264337522473747,13.335216533675034,17.78280067930808,0.0332,0.0251189,0.0398107,0.169,0.15,0.2,0.545,0.5,0.6,28.2,0.527,0.0,1.0,True,0.01,0.95,10.0,39600.0,0.938,0.139
15414,1 - 1 - 2022,19800.0,15.264337522473747,13.335216533675034,17.78280067930808,0.0333,0.0251189,0.0398107,0.171,0.15,0.2,0.65,0.6,0.7,32.6,0.566,0.0,1.0,True,0.01,0.95,10.0,39600.0,0.938,0.139
15415,1 - 1 - 2022,19800.0,14.730919862656235,13.335216533675034,17.78280067930808,0.0322,0.0251189,0.0398107,0.175,0.15,0.2,0.735,0.7,0.8,26.1,0.506,0.0,1.0,True,0.01,0.95,10.0,39600.0,0.938,0.139
15416,1 - 1 - 2022,19800.0,15.394804318340652,13.335216533675034,17.78280067930808,0.0313,0.0251189,0.0398107,0.162,0.15,0.2,0.851,0.8,0.9,17.4,0.413,0.0,1.0,True,0.01,0.95,10.0,39600.0,0.938,0.139
15417,1 - 1 - 2022,19800.0,15.132745950421556,13.335216533675034,17.78280067930808,0.0314,0.0251189,0.0398107,0.177,0.15,0.2,0.953,0.9,1.0,19.5,0.438,0.0,1.0,True,0.01,0.95,10.0,39600.0,0.938,0.139
15418,1 - 1 - 2022,19800.0,15.066519173319364,13.335216533675034,17.78280067930808,0.0327,0.0251189,0.0398107,0.171,0.15,0.2,1.24,1.0,1.5,12.6,0.157,0.869,1.0,True,0.01,0.95,10.0,39600.0,0.938,0.139
15419,1 - 1 - 2022,19800.0,14.7648230602334,13.335216533675034,17.78280067930808,0.0286,0.0251189,0.0398107,0.164,0.15,0.2,1.67,1.5,2.0,3.91,0.0877,0.434,1.0,True,0.01,0.95,10.0,39600.0,0.938,0.139
15420,1 - 1 - 2022,19800.0,15.329709716755891,13.335216533675034,17.78280067930808,0.031,0.0251189,0.0398107,0.175,0.15,0.2,2.68,2.0,4.0,1.52,0.0273,0.651,1.0,True,0.01,0.95,10.0,39600.0,0.938,0.139
15421,1 - 1 - 2022,19800.0,17.72004514666935,13.335216533675034,17.78280067930808,0.038,0.0251189,0.0398107,0.208,0.2,0.25,0.0397,0.0,0.05,4.34,0.292,0.0,1.0,True,0.01,0.95,10.0,39600.0,0.938,0.139
15422,1 - 1 - 2022,19800.0,14.38749456993816,13.335216533675034,17.78280067930808,0.0352,0.0251189,0.0398107,0.213,0.2,0.25,0.0725,0.05,0.1,13.0,0.506,0.0,1.0,True,0.01,0.95,10.0,39600.0,0.938,0.139
15423,1 - 1 - 2022,19800.0,14.730919862656235,13.335216533675034,17.78280067930808,0.0322,0.0251189,0.0398107,0.231,0.2,0.25,0.162,0.1,0.2,23.9,0.485,0.0,1.0,True,0.01,0.95,10.0,39600.0,0.938,0.139
15424,1 - 1 - 2022,19800.0,15.165750888103101,13.335216533675034,17.78280067930808,0.0331,0.0251189,0.0398107,0.225,0.2,0.25,0.264,0.2,0.3,26.1,0.506,0.0,1.0,True,0.01,0.95,10.0,39600.0,0.938,0.139
15425,1 - 1 - 2022,19800.0,15.394804318340652,13.335216533675034,17.78280067930808,0.0319,0.0251189,0.0398107,0.222,0.2,0.25,0.353,0.3,0.4,23.9,0.485,0.0,1.0,True,0.01,0.95,10.0,39600.0,0.938,0.139
15426,1 - 1 - 2022,19800.0,15.198684153570664,13.335216533675034,17.78280067930808,0.0304,0.0251189,0.0398107,0.221,0.2,0.25,0.469,0.4,0.5,17.4,0.413,0.0,1.0,True,0.01,0.95,10.0,39600.0,0.938,0.139
15427,1 - 1 - 2022,19800.0,15.459624833740307,13.335216533675034,17.78280067930808,0.031,0.0251189,0.0398107,0.228,0.2,0.25,0.531,0.5,0.6,26.0,0.506,0.0,1.0,True,0.01,0.95,10.0,39600.0,0.938,0.139
15428,1 - 1 - 2022,19800.0,15.394804318340652,13.335216533675034,17.78280067930808,0.032,0.0251189,0.0398107,0.221,0.2,0.25,0.643,0.6,0.7,15.2,0.387,0.0,1.0,True,0.01,0.95,10.0,39600.0,0.938,0.139
15429,1 - 1 - 2022,19800.0,15.297058540778355,13.335216533675034,17.78280067930808,0.031,0.0251189,0.0398107,0.227,0.2,0.25,0.728,0.7,0.8,34.7,0.585,2.17,1.0,True,0.01,0.95,10.0,39600.0,0.938,0.139
15430,1 - 1 - 2022,19800.0,14.66287829861518,13.335216533675034,17.78280067930808,0.0346,0.0251189,0.0398107,0.235,0.2,0.25,0.847,0.8,0.9,4.34,0.207,0.0,1.0,True,0.01,0.95,10.0,39600.0,0.938,0.139
15431,1 - 1 - 2022,19800.0,14.422205101855956,13.335216533675034,17.78280067930808,0.0272,0.0251189,0.0398107,0.221,0.2,0.25,0.958,0.9,1.0,4.34,0.207,0.0,1.0,True,0.01,0.95,10.0,39600.0,0.938,0.139
15432,1 - 1 - 2022,19800.0,15.362291495737216,13.335216533675034,17.78280067930808,0.0306,0.0251189,0.0398107,0.223,0.2,0.25,1.28,1.0,1.5,3.91,0.0877,0.0,1.0,True,0.01,0.95,10.0,39600.0,0.938,0.139
15433,1 - 1 - 2022,19800.0,14.142135623730951,13.335216533675034,17.78280067930808,0.033,0.0251189,0.0398107,0.218,0.2,0.25,1.85,1.5,2.0,1.3,0.0506,0.868,1.0,True,0.01,0.95,10.0,39600.0,0.938,0.139
15434,1 - 1 - 2022,19800.0,15.684387141358123,13.335216533675034,17.78280067930808,0.0308,0.0251189,0.0398107,0.219,0.2,0.25,2.38,2.0,4.0,0.977,0.0219,0.543,1.0,True,0.01,0.95,10.0,39600.0,0.938,0.139
15435,1 - 1 - 2022,19800.0,13.527749258468683,13.335216533675034,17.78280067930808,0.0378,0.0251189,0.0398107,0.264,0.25,0.3,0.0849,0.05,0.1,8.69,0.413,0.0,1.0,True,0.01,0.95,10.0,39600.0,0.938,0.139
15436,1 - 1 - 2022,19800.0,14.38749456993816,13.335216533675034,17.78280067930808,0.0326,0.0251189,0.0398107,0.286,0.25,0.3,0.161,0.1,0.2,4.34,0.207,0.0,1.0,True,0.01,0.95,10.0,39600.0,0.938,0.139
15437,1 - 1 - 2022,19800.0,15.491933384829668,13.335216533675034,17.78280067930808,0.0269,0.0251189,0.0398107,0.258,0.25,0.3,0.267,0.2,0.3,6.51,0.253,0.0,1.0,True,0.01,0.95,10.0,39600.0,0.938,0.139
15438,1 - 1 - 2022,19800.0,15.264337522473747,13.335216533675034,17.78280067930808,0.0319,0.0251189,0.0398107,0.269,0.25,0.3,0.34,0.3,0.4,17.4,0.413,0.0,1.0,True,0.01,0.95,10.0,39600.0,0.938,0.139
15439,1 - 1 - 2022,19800.0,15.0996688705415,13.335216533675034,17.78280067930808,0.0327,0.0251189,0.0398107,0.259,0.25,0.3,0.442,0.4,0.5,6.51,0.253,0.0,1.0,True,0.01,0.95,10.0,39600.0,0.938,0.139
15440,1 - 1 - 2022,19800.0,15.066519173319364,13.335216533675034,17.78280067930808,0.0282,0.0251189,0.0398107,0.275,0.25,0.3,0.554,0.5,0.6,13.0,0.358,0.0,1.0,True,0.01,0.95,10.0,39600.0,0.938,0.139
15441,1 - 1 - 2022,19800.0,14.933184523068078,13.335216533675034,17.78280067930808,0.0342,0.0251189,0.0398107,0.272,0.25,0.3,0.628,0.6,0.7,10.9,0.327,0.0,1.0,True,0.01,0.95,10.0,39600.0,0.938,0.139
15442,1 - 1 - 2022,19800.0,15.7797338380595,13.335216533675034,17.78280067930808,0.0321,0.0251189,0.0398107,0.282,0.25,0.3,0.741,0.7,0.8,13.0,0.358,4.34,1.0,True,0.01,0.95,10.0,39600.0,0.938,0.139
15443,1 - 1 - 2022,19800.0,15.716233645501712,13.335216533675034,17.78280067930808,0.0349,0.0251189,0.0398107,0.254,0.25,0.3,0.852,0.8,0.9,13.0,0.358,0.0,1.0,True,0.01,0.95,10.0,39600.0,0.938,0.139
15444,1 - 1 - 2022,19800.0,14.628738838327793,13.335216533675034,17.78280067930808,0.0332,0.0251189,0.0398107,0.26,0.25,0.3,0.936,0.9,1.0,4.34,0.207,0.0,1.0,True,0.01,0.95,10.0,39600.0,0.938,0.139
15445,1 - 1 - 2022,19800.0,16.34013463836819,13.335216533675034,17.78280067930808,0.0309,0.0251189,0.0398107,0.273,0.25,0.3,1.17,1.0,1.5,4.78,0.0969,0.869,1.0,True,0.01,0.95,10.0,39600.0,0.938,0.139
15446,1 - 1 - 2022,19800.0,15.0,13.335216533675034,17.78280067930808,0.033,0.0251189,0.0398107,0.28,0.25,0.3,1.57,1.5,2.0,1.74,0.0584,0.868,1.0,True,0.01,0.95,10.0,39600.0,0.938,0.139
15447,1 - 1 - 2022,19800.0,14.491376746189438,13.335216533675034,17.78280067930808,0.0316,0.0251189,0.0398107,0.28,0.25,0.3,2.66,2.0,4.0,0.651,0.0179,0.434,1.0,True,0.01,0.95,10.0,39600.0,0.938,0.139
15448,1 - 1 - 2022,19800.0,15.033296378372908,13.335216533675034,17.78280067930808,0.0313,0.0251189,0.0398107,0.317,0.3,0.4,0.26,0.2,0.3,7.6,0.193,2.17,1.0,True,0.01,0.95,10.0,39600.0,0.938,0.139
15449,1 - 1 - 2022,19800.0,15.165750888103101,13.335216533675034,17.78280067930808,0.032,0.0251189,0.0398107,0.353,0.3,0.4,0.332,0.3,0.4,9.77,0.219,6.51,1.0,True,0.01,0.95,10.0,39600.0,0.938,0.139
15450,1 - 1 - 2022,19800.0,15.588457268119896,13.335216533675034,17.78280067930808,0.0311,0.0251189,0.0398107,0.349,0.3,0.4,0.452,0.4,0.5,7.6,0.193,4.34,1.0,True,0.01,0.95,10.0,39600.0,0.938,0.139
15451,1 - 1 - 2022,19800.0,15.198684153570664,13.335216533675034,17.78280067930808,0.0305,0.0251189,0.0398107,0.328,0.3,0.4,0.561,0.5,0.6,6.51,0.179,2.17,1.0,True,0.01,0.95,10.0,39600.0,0.938,0.139
15452,1 - 1 - 2022,19800.0,15.748015748023622,13.335216533675034,17.78280067930808,0.0309,0.0251189,0.0398107,0.326,0.3,0.4,0.738,0.7,0.8,4.34,0.146,3.26,1.0,True,0.01,0.95,10.0,39600.0,0.938,0.139
15453,1 - 1 - 2022,19800.0,14.89966442575134,13.335216533675034,17.78280067930808,0.0334,0.0251189,0.0398107,0.342,0.3,0.4,1.16,1.0,1.5,2.61,0.0506,1.09,1.0,True,0.01,0.95,10.0,39600.0,0.938,0.139
15454,1 - 1 - 2022,19800.0,14.7648230602334,13.335216533675034,17.78280067930808,0.033,0.0251189,0.0398107,0.321,0.3,0.4,1.65,1.5,2.0,0.651,0.0253,0.217,1.0,True,0.01,0.95,10.0,39600.0,0.938,0.139
15455,1 - 1 - 2022,19800.0,16.55294535724685,13.335216533675034,17.78280067930808,0.0472,0.0398107,0.0630957,0.0259,0.0,0.05,0.0384,0.0,0.05,13.7,0.412,8.22,1.0,True,0.01,0.95,10.0,39600.0,0.938,0.139
15456,1 - 1 - 2022,19800.0,15.459624833740307,13.335216533675034,17.78280067930808,0.0513,0.0398107,0.0630957,0.0236,0.0,0.05,0.0764,0.05,0.1,115.0,1.2,90.4,1.0,True,0.01,0.95,10.0,39600.0,0.938,0.139
15457,1 - 1 - 2022,19800.0,15.524174696260024,13.335216533675034,17.78280067930808,0.0501,0.0398107,0.0630957,0.0208,0.0,0.05,0.155,0.1,0.2,164.0,1.01,122.0,1.0,True,0.01,0.95,10.0,39600.0,0.938,0.139
15458,1 - 1 - 2022,19800.0,15.329709716755891,13.335216533675034,17.78280067930808,0.0502,0.0398107,0.0630957,0.0181,0.0,0.05,0.252,0.2,0.3,221.0,1.17,132.0,1.0,True,0.01,0.95,10.0,39600.0,0.938,0.139
15459,1 - 1 - 2022,19800.0,15.459624833740307,13.335216533675034,17.78280067930808,0.0501,0.0398107,0.0630957,0.0205,0.0,0.05,0.348,0.3,0.4,252.0,1.25,119.0,1.0,True,0.01,0.95,10.0,39600.0,0.938,0.139
15460,1 - 1 - 2022,19800.0,15.684387141358123,13.335216533675034,17.78280067930808,0.05,0.0398107,0.0630957,0.0158,0.0,0.05,0.448,0.4,0.5,229.0,1.19,87.7,1.0,True,0.01,0.95,10.0,39600.0,0.938,0.139
15461,1 - 1 - 2022,19800.0,15.394804318340652,13.335216533675034,17.78280067930808,0.0505,0.0398107,0.0630957,0.0177,0.0,0.05,0.546,0.5,0.6,177.0,1.05,72.6,1.0,True,0.01,0.95,10.0,39600.0,0.938,0.139
15462,1 - 1 - 2022,19800.0,15.556349186104045,13.335216533675034,17.78280067930808,0.0503,0.0398107,0.0630957,0.0176,0.0,0.05,0.649,0.6,0.7,125.0,0.88,46.6,1.0,True,0.01,0.95,10.0,39600.0,0.938,0.139
15463,1 - 1 - 2022,19800.0,15.491933384829668,13.335216533675034,17.78280067930808,0.0493,0.0398107,0.0630957,0.0215,0.0,0.05,0.747,0.7,0.8,90.4,0.749,23.3,1.0,True,0.01,0.95,10.0,39600.0,0.938,0.139
15464,1 - 1 - 2022,19800.0,14.933184523068078,13.335216533675034,17.78280067930808,0.0505,0.0398107,0.0630957,0.0198,0.0,0.05,0.839,0.8,0.9,67.1,0.645,16.4,1.0,True,0.01,0.95,10.0,39600.0,0.938,0.139
15465,1 - 1 - 2022,19800.0,15.0996688705415,13.335216533675034,17.78280067930808,0.0508,0.0398107,0.0630957,0.0174,0.0,0.05,0.96,0.9,1.0,39.7,0.497,13.7,1.0,True,0.01,0.95,10.0,39600.0,0.938,0.139
15466,1 - 1 - 2022,19800.0,15.427248620541512,13.335216533675034,17.78280067930808,0.0502,0.0398107,0.0630957,0.0257,0.0,0.05,1.19,1.0,1.5,22.5,0.167,3.01,1.0,True,0.01,0.95,10.0,39600.0,0.938,0.139
15467,1 - 1 - 2022,19800.0,14.7648230602334,13.335216533675034,17.78280067930808,0.0523,0.0398107,0.0630957,0.0335,0.0,0.05,1.72,1.5,2.0,3.29,0.0639,0.0,1.0,True,0.01,0.95,10.0,39600.0,0.938,0.139
15468,1 - 1 - 2022,19800.0,15.0,13.335216533675034,17.78280067930808,0.0498,0.0398107,0.0630957,0.0463,0.0,0.05,2.33,2.0,4.0,0.137,0.00652,0.0,1.0,True,0.01,0.95,10.0,39600.0,0.938,0.139
15469,1 - 1 - 2022,19800.0,15.427248620541512,13.335216533675034,17.78280067930808,0.0511,0.0398107,0.0630957,0.0696,0.05,0.1,0.0346,0.0,0.05,11.0,0.369,0.0,1.0,True,0.01,0.95,10.0,39600.0,0.938,0.139
15470,1 - 1 - 2022,19800.0,15.588457268119896,13.335216533675034,17.78280067930808,0.051,0.0398107,0.0630957,0.0777,0.05,0.1,0.0737,0.05,0.1,30.1,0.612,2.74,1.0,True,0.01,0.95,10.0,39600.0,0.938,0.139
15471,1 - 1 - 2022,19800.0,15.0,13.335216533675034,17.78280067930808,0.0496,0.0398107,0.0630957,0.0702,0.05,0.1,0.145,0.1,0.2,58.9,0.605,5.48,1.0,True,0.01,0.95,10.0,39600.0,0.938,0.139
15472,1 - 1 - 2022,19800.0,15.165750888103101,13.335216533675034,17.78280067930808,0.0506,0.0398107,0.0630957,0.0742,0.05,0.1,0.26,0.2,0.3,68.5,0.652,2.74,1.0,True,0.01,0.95,10.0,39600.0,0.938,0.139
15473,1 - 1 - 2022,19800.0,15.0,13.335216533675034,17.78280067930808,0.0495,0.0398107,0.0630957,0.07,0.05,0.1,0.346,0.3,0.4,91.8,0.755,15.1,1.0,True,0.01,0.95,10.0,39600.0,0.938,0.139
15474,1 - 1 - 2022,19800.0,15.0996688705415,13.335216533675034,17.78280067930808,0.0507,0.0398107,0.0630957,0.0728,0.05,0.1,0.451,0.4,0.5,94.5,0.766,16.4,1.0,True,0.01,0.95,10.0,39600.0,0.938,0.139
15475,1 - 1 - 2022,19800.0,15.362291495737216,13.335216533675034,17.78280067930808,0.0502,0.0398107,0.0630957,0.0717,0.05,0.1,0.548,0.5,0.6,76.7,0.69,19.2,1.0,True,0.01,0.95,10.0,39600.0,0.938,0.139
15476,1 - 1 - 2022,19800.0,15.588457268119896,13.335216533675034,17.78280067930808,0.0488,0.0398107,0.0630957,0.0753,0.05,0.1,0.643,0.6,0.7,42.5,0.513,8.22,1.0,True,0.01,0.95,10.0,39600.0,0.938,0.139
15477,1 - 1 - 2022,19800.0,15.264337522473747,13.335216533675034,17.78280067930808,0.0499,0.0398107,0.0630957,0.0724,0.05,0.1,0.745,0.7,0.8,45.2,0.53,6.85,1.0,True,0.01,0.95,10.0,39600.0,0.938,0.139
15478,1 - 1 - 2022,19800.0,15.362291495737216,13.335216533675034,17.78280067930808,0.0511,0.0398107,0.0630957,0.0711,0.05,0.1,0.856,0.8,0.9,31.5,0.442,6.85,1.0,True,0.01,0.95,10.0,39600.0,0.938,0.139
15479,1 - 1 - 2022,19800.0,15.556349186104045,13.335216533675034,17.78280067930808,0.0496,0.0398107,0.0630957,0.0644,0.05,0.1,0.955,0.9,1.0,17.8,0.332,1.37,1.0,True,0.01,0.95,10.0,39600.0,0.938,0.139
15480,1 - 1 - 2022,19800.0,15.066519173319364,13.335216533675034,17.78280067930808,0.0511,0.0398107,0.0630957,0.0707,0.05,0.1,1.19,1.0,1.5,11.0,0.117,1.64,1.0,True,0.01,0.95,10.0,39600.0,0.938,0.139
15481,1 - 1 - 2022,19800.0,15.198684153570664,13.335216533675034,17.78280067930808,0.0484,0.0398107,0.0630957,0.0781,0.05,0.1,1.73,1.5,2.0,4.66,0.076,0.274,1.0,True,0.01,0.95,10.0,39600.0,0.938,0.139
15482,1 - 1 - 2022,19800.0,16.1245154965971,13.335216533675034,17.78280067930808,0.0503,0.0398107,0.0630957,0.0742,0.05,0.1,2.52,2.0,4.0,1.23,0.0196,0.0,1.0,True,0.01,0.95,10.0,39600.0,0.938,0.139
15483,1 - 1 - 2022,19800.0,15.620499351813308,13.335216533675034,17.78280067930808,0.0581,0.0398107,0.0630957,0.11,0.1,0.15,0.025,0.0,0.05,8.22,0.319,0.0,1.0,True,0.01,0.95,10.0,39600.0,0.938,0.139
15484,1 - 1 - 2022,19800.0,13.527749258468683,13.335216533675034,17.78280067930808,0.0587,0.0398107,0.0630957,0.123,0.1,0.15,0.0949,0.05,0.1,5.48,0.261,0.0,1.0,True,0.01,0.95,10.0,39600.0,0.938,0.139
15485,1 - 1 - 2022,19800.0,15.362291495737216,13.335216533675034,17.78280067930808,0.0523,0.0398107,0.0630957,0.126,0.1,0.15,0.154,0.1,0.2,27.4,0.412,0.0,1.0,True,0.01,0.95,10.0,39600.0,0.938,0.139
15486,1 - 1 - 2022,19800.0,14.933184523068078,13.335216533675034,17.78280067930808,0.0514,0.0398107,0.0630957,0.124,0.1,0.15,0.249,0.2,0.3,38.4,0.488,0.0,1.0,True,0.01,0.95,10.0,39600.0,0.938,0.139
15487,1 - 1 - 2022,19800.0,15.524174696260024,13.335216533675034,17.78280067930808,0.0505,0.0398107,0.0630957,0.125,0.1,0.15,0.347,0.3,0.4,46.6,0.538,0.0,1.0,True,0.01,0.95,10.0,39600.0,0.938,0.139
15488,1 - 1 - 2022,19800.0,15.652475842498529,13.335216533675034,17.78280067930808,0.0511,0.0398107,0.0630957,0.121,0.1,0.15,0.451,0.4,0.5,32.9,0.452,0.0,1.0,True,0.01,0.95,10.0,39600.0,0.938,0.139
15489,1 - 1 - 2022,19800.0,15.132745950421556,13.335216533675034,17.78280067930808,0.0514,0.0398107,0.0630957,0.121,0.1,0.15,0.546,0.5,0.6,35.6,0.47,2.74,1.0,True,0.01,0.95,10.0,39600.0,0.938,0.139
15490,1 - 1 - 2022,19800.0,15.394804318340652,13.335216533675034,17.78280067930808,0.05,0.0398107,0.0630957,0.122,0.1,0.15,0.652,0.6,0.7,30.1,0.432,0.0,1.0,True,0.01,0.95,10.0,39600.0,0.938,0.139
15491,1 - 1 - 2022,19800.0,15.329709716755891,13.335216533675034,17.78280067930808,0.0479,0.0398107,0.0630957,0.122,0.1,0.15,0.741,0.7,0.8,21.9,0.369,0.0,1.0,True,0.01,0.95,10.0,39600.0,0.938,0.139
15492,1 - 1 - 2022,19800.0,15.652475842498529,13.335216533675034,17.78280067930808,0.0523,0.0398107,0.0630957,0.126,0.1,0.15,0.869,0.8,0.9,16.4,0.319,1.37,1.0,True,0.01,0.95,10.0,39600.0,0.938,0.139
15493,1 - 1 - 2022,19800.0,15.329709716755891,13.335216533675034,17.78280067930808,0.0488,0.0398107,0.0630957,0.116,0.1,0.15,0.953,0.9,1.0,15.1,0.306,0.0,1.0,True,0.01,0.95,10.0,39600.0,0.938,0.139
15494,1 - 1 - 2022,19800.0,15.491933384829668,13.335216533675034,17.78280067930808,0.0482,0.0398107,0.0630957,0.126,0.1,0.15,1.21,1.0,1.5,5.75,0.0845,0.274,1.0,True,0.01,0.95,10.0,39600.0,0.938,0.139
15495,1 - 1 - 2022,19800.0,15.0,13.335216533675034,17.78280067930808,0.0495,0.0398107,0.0630957,0.125,0.1,0.15,1.74,1.5,2.0,3.29,0.0639,0.822,1.0,True,0.01,0.95,10.0,39600.0,0.938,0.139
15496,1 - 1 - 2022,19800.0,16.73320053068151,13.335216533675034,17.78280067930808,0.0494,0.0398107,0.0630957,0.11,0.1,0.15,2.68,2.0,4.0,0.411,0.0113,0.0685,1.0,True,0.01,0.95,10.0,39600.0,0.938,0.139
15497,1 - 1 - 2022,19800.0,14.352700094407323,13.335216533675034,17.78280067930808,0.0565,0.0398107,0.0630957,0.171,0.15,0.2,0.0416,0.0,0.05,5.48,0.261,0.0,1.0,True,0.01,0.95,10.0,39600.0,0.938,0.139
15498,1 - 1 - 2022,19800.0,15.652475842498529,13.335216533675034,17.78280067930808,0.0486,0.0398107,0.0630957,0.181,0.15,0.2,0.0808,0.05,0.1,11.0,0.369,0.0,1.0,True,0.01,0.95,10.0,39600.0,0.938,0.139
15499,1 - 1 - 2022,19800.0,15.297058540778355,13.335216533675034,17.78280067930808,0.049,0.0398107,0.0630957,0.17,0.15,0.2,0.13,0.1,0.2,15.1,0.306,0.0,1.0,True,0.01,0.95,10.0,39600.0,0.938,0.139
15500,1 - 1 - 2022,19800.0,14.966629547095765,13.335216533675034,17.78280067930808,0.0491,0.0398107,0.0630957,0.176,0.15,0.2,0.239,0.2,0.3,15.1,0.306,0.0,1.0,True,0.01,0.95,10.0,39600.0,0.938,0.139
15501,1 - 1 - 2022,19800.0,15.297058540778355,13.335216533675034,17.78280067930808,0.0504,0.0398107,0.0630957,0.178,0.15,0.2,0.344,0.3,0.4,13.7,0.292,0.0,1.0,True,0.01,0.95,10.0,39600.0,0.938,0.139
15502,1 - 1 - 2022,19800.0,15.362291495737216,13.335216533675034,17.78280067930808,0.0503,0.0398107,0.0630957,0.166,0.15,0.2,0.428,0.4,0.5,15.1,0.306,0.0,1.0,True,0.01,0.95,10.0,39600.0,0.938,0.139
15503,1 - 1 - 2022,19800.0,15.066519173319364,13.335216533675034,17.78280067930808,0.0512,0.0398107,0.0630957,0.17,0.15,0.2,0.553,0.5,0.6,21.9,0.369,0.0,1.0,True,0.01,0.95,10.0,39600.0,0.938,0.139
15504,1 - 1 - 2022,19800.0,15.620499351813308,13.335216533675034,17.78280067930808,0.0496,0.0398107,0.0630957,0.17,0.15,0.2,0.646,0.6,0.7,16.4,0.319,1.37,1.0,True,0.01,0.95,10.0,39600.0,0.938,0.139
15505,1 - 1 - 2022,19800.0,14.798648586948742,13.335216533675034,17.78280067930808,0.05,0.0398107,0.0630957,0.174,0.15,0.2,0.741,0.7,0.8,12.3,0.277,0.0,1.0,True,0.01,0.95,10.0,39600.0,0.938,0.139
15506,1 - 1 - 2022,19800.0,15.362291495737216,13.335216533675034,17.78280067930808,0.0505,0.0398107,0.0630957,0.174,0.15,0.2,0.839,0.8,0.9,8.22,0.226,0.0,1.0,True,0.01,0.95,10.0,39600.0,0.938,0.139
15507,1 - 1 - 2022,19800.0,14.832396974191326,13.335216533675034,17.78280067930808,0.047,0.0398107,0.0630957,0.175,0.15,0.2,0.943,0.9,1.0,4.11,0.16,0.0,1.0,True,0.01,0.95,10.0,39600.0,0.938,0.139
15508,1 - 1 - 2022,19800.0,14.66287829861518,13.335216533675034,17.78280067930808,0.0502,0.0398107,0.0630957,0.175,0.15,0.2,1.25,1.0,1.5,5.48,0.0825,0.822,1.0,True,0.01,0.95,10.0,39600.0,0.938,0.139
15509,1 - 1 - 2022,19800.0,16.792855623746664,13.335216533675034,17.78280067930808,0.0446,0.0398107,0.0630957,0.191,0.15,0.2,1.62,1.5,2.0,0.274,0.0184,0.0,1.0,True,0.01,0.95,10.0,39600.0,0.938,0.139
15510,1 - 1 - 2022,19800.0,15.0996688705415,13.335216533675034,17.78280067930808,0.0481,0.0398107,0.0630957,0.172,0.15,0.2,2.76,2.0,4.0,0.753,0.0153,0.137,1.0,True,0.01,0.95,10.0,39600.0,0.938,0.139
15511,1 - 1 - 2022,19800.0,14.352700094407323,13.335216533675034,17.78280067930808,0.046,0.0398107,0.0630957,0.244,0.2,0.25,0.089,0.05,0.1,2.74,0.184,0.0,1.0,True,0.01,0.95,10.0,39600.0,0.938,0.139
15512,1 - 1 - 2022,19800.0,15.231546211727817,13.335216533675034,17.78280067930808,0.0539,0.0398107,0.0630957,0.216,0.2,0.25,0.159,0.1,0.2,12.3,0.277,0.0,1.0,True,0.01,0.95,10.0,39600.0,0.938,0.139
15513,1 - 1 - 2022,19800.0,15.524174696260024,13.335216533675034,17.78280067930808,0.0528,0.0398107,0.0630957,0.227,0.2,0.25,0.259,0.2,0.3,9.59,0.244,1.37,1.0,True,0.01,0.95,10.0,39600.0,0.938,0.139
15514,1 - 1 - 2022,19800.0,15.033296378372908,13.335216533675034,17.78280067930808,0.0453,0.0398107,0.0630957,0.223,0.2,0.25,0.36,0.3,0.4,15.1,0.306,0.0,1.0,True,0.01,0.95,10.0,39600.0,0.938,0.139
15515,1 - 1 - 2022,19800.0,14.798648586948742,13.335216533675034,17.78280067930808,0.0486,0.0398107,0.0630957,0.216,0.2,0.25,0.443,0.4,0.5,12.3,0.277,0.0,1.0,True,0.01,0.95,10.0,39600.0,0.938,0.139
15516,1 - 1 - 2022,19800.0,14.832396974191326,13.335216533675034,17.78280067930808,0.0487,0.0398107,0.0630957,0.226,0.2,0.25,0.548,0.5,0.6,11.0,0.261,1.37,1.0,True,0.01,0.95,10.0,39600.0,0.938,0.139
15517,1 - 1 - 2022,19800.0,15.264337522473747,13.335216533675034,17.78280067930808,0.0513,0.0398107,0.0630957,0.229,0.2,0.25,0.65,0.6,0.7,19.2,0.345,5.48,1.0,True,0.01,0.95,10.0,39600.0,0.938,0.139
15518,1 - 1 - 2022,19800.0,14.798648586948742,13.335216533675034,17.78280067930808,0.0555,0.0398107,0.0630957,0.231,0.2,0.25,0.768,0.7,0.8,2.74,0.13,1.37,1.0,True,0.01,0.95,10.0,39600.0,0.938,0.139
15519,1 - 1 - 2022,19800.0,14.66287829861518,13.335216533675034,17.78280067930808,0.0461,0.0398107,0.0630957,0.234,0.2,0.25,0.846,0.8,0.9,4.11,0.16,2.74,1.0,True,0.01,0.95,10.0,39600.0,0.938,0.139
15520,1 - 1 - 2022,19800.0,15.84297951775486,13.335216533675034,17.78280067930808,0.0468,0.0398107,0.0630957,0.217,0.2,0.25,1.24,1.0,1.5,2.74,0.0583,1.64,1.0,True,0.01,0.95,10.0,39600.0,0.938,0.139
15521,1 - 1 - 2022,19800.0,16.64331697709324,13.335216533675034,17.78280067930808,0.0554,0.0398107,0.0630957,0.211,0.2,0.25,1.72,1.5,2.0,1.1,0.0369,0.548,1.0,True,0.01,0.95,10.0,39600.0,0.938,0.139
15522,1 - 1 - 2022,19800.0,16.431676725154983,13.335216533675034,17.78280067930808,0.0459,0.0398107,0.0630957,0.219,0.2,0.25,2.36,2.0,4.0,0.274,0.00922,0.0685,1.0,True,0.01,0.95,10.0,39600.0,0.938,0.139
15523,1 - 1 - 2022,19800.0,13.45362404707371,13.335216533675034,17.78280067930808,0.0459,0.0398107,0.0630957,0.282,0.25,0.3,0.0741,0.05,0.1,8.22,0.319,2.74,1.0,True,0.01,0.95,10.0,39600.0,0.938,0.139
15524,1 - 1 - 2022,19800.0,14.422205101855956,13.335216533675034,17.78280067930808,0.0463,0.0398107,0.0630957,0.276,0.25,0.3,0.254,0.2,0.3,6.85,0.206,1.37,1.0,True,0.01,0.95,10.0,39600.0,0.938,0.139
15525,1 - 1 - 2022,19800.0,15.033296378372908,13.335216533675034,17.78280067930808,0.0496,0.0398107,0.0630957,0.283,0.25,0.3,0.341,0.3,0.4,11.0,0.261,5.48,1.0,True,0.01,0.95,10.0,39600.0,0.938,0.139
15526,1 - 1 - 2022,19800.0,15.297058540778355,13.335216533675034,17.78280067930808,0.0458,0.0398107,0.0630957,0.261,0.25,0.3,0.47,0.4,0.5,5.48,0.184,1.37,1.0,True,0.01,0.95,10.0,39600.0,0.938,0.139
15527,1 - 1 - 2022,19800.0,15.684387141358123,13.335216533675034,17.78280067930808,0.0522,0.0398107,0.0630957,0.272,0.25,0.3,0.545,0.5,0.6,8.22,0.226,4.11,1.0,True,0.01,0.95,10.0,39600.0,0.938,0.139
15528,1 - 1 - 2022,19800.0,15.811388300841896,13.335216533675034,17.78280067930808,0.0539,0.0398107,0.0630957,0.272,0.25,0.3,0.834,0.8,0.9,5.48,0.184,1.37,1.0,True,0.01,0.95,10.0,39600.0,0.938,0.139
15529,1 - 1 - 2022,19800.0,15.0996688705415,13.335216533675034,17.78280067930808,0.046,0.0398107,0.0630957,0.274,0.25,0.3,0.946,0.9,1.0,4.11,0.16,1.37,1.0,True,0.01,0.95,10.0,39600.0,0.938,0.139
15530,1 - 1 - 2022,19800.0,14.933184523068078,13.335216533675034,17.78280067930808,0.0472,0.0398107,0.0630957,0.272,0.25,0.3,1.15,1.0,1.5,1.64,0.0452,0.0,1.0,True,0.01,0.95,10.0,39600.0,0.938,0.139
15531,1 - 1 - 2022,19800.0,14.7648230602334,13.335216533675034,17.78280067930808,0.0472,0.0398107,0.0630957,0.275,0.25,0.3,1.83,1.5,2.0,1.37,0.0412,0.822,1.0,True,0.01,0.95,10.0,39600.0,0.938,0.139
15532,1 - 1 - 2022,19800.0,15.524174696260024,13.335216533675034,17.78280067930808,0.0482,0.0398107,0.0630957,0.275,0.25,0.3,2.58,2.0,4.0,0.685,0.0146,0.274,1.0,True,0.01,0.95,10.0,39600.0,0.938,0.139
15533,1 - 1 - 2022,19800.0,15.066519173319364,13.335216533675034,17.78280067930808,0.0461,0.0398107,0.0630957,0.328,0.3,0.4,0.36,0.3,0.4,5.48,0.13,4.79,1.0,True,0.01,0.95,10.0,39600.0,0.938,0.139
15534,1 - 1 - 2022,19800.0,15.459624833740307,13.335216533675034,17.78280067930808,0.0543,0.0398107,0.0630957,0.344,0.3,0.4,0.639,0.6,0.7,6.85,0.146,6.17,1.0,True,0.01,0.95,10.0,39600.0,0.938,0.139
15535,1 - 1 - 2022,19800.0,14.832396974191326,13.335216533675034,17.78280067930808,0.0503,0.0398107,0.0630957,0.365,0.3,0.4,0.744,0.7,0.8,4.79,0.122,4.11,1.0,True,0.01,0.95,10.0,39600.0,0.938,0.139
15536,1 - 1 - 2022,19800.0,15.491933384829668,13.335216533675034,17.78280067930808,0.0442,0.0398107,0.0630957,0.335,0.3,0.4,0.829,0.8,0.9,2.06,0.0799,1.37,1.0,True,0.01,0.95,10.0,39600.0,0.938,0.139
15537,1 - 1 - 2022,19800.0,15.066519173319364,13.335216533675034,17.78280067930808,0.0465,0.0398107,0.0630957,0.346,0.3,0.4,0.94,0.9,1.0,4.11,0.113,2.74,1.0,True,0.01,0.95,10.0,39600.0,0.938,0.139
15538,1 - 1 - 2022,19800.0,14.866068747318506,13.335216533675034,17.78280067930808,0.0505,0.0398107,0.0630957,0.368,0.3,0.4,1.22,1.0,1.5,0.959,0.0244,0.822,1.0,True,0.01,0.95,10.0,39600.0,0.938,0.139
15539,1 - 1 - 2022,19800.0,15.198684153570664,13.335216533675034,17.78280067930808,0.0494,0.0398107,0.0630957,0.337,0.3,0.4,1.76,1.5,2.0,0.685,0.0206,0.411,1.0,True,0.01,0.95,10.0,39600.0,0.938,0.139
15540,1 - 1 - 2022,19800.0,15.427248620541512,13.335216533675034,17.78280067930808,0.0534,0.0398107,0.0630957,0.331,0.3,0.4,2.83,2.0,4.0,0.24,0.0061,0.0685,1.0,True,0.01,0.95,10.0,39600.0,0.938,0.139
15541,1 - 1 - 2022,19800.0,15.491933384829668,13.335216533675034,17.78280067930808,0.0504,0.0398107,0.0630957,0.45,0.4,0.5,3.04,2.0,4.0,0.137,0.00461,0.103,1.0,True,0.01,0.95,10.0,39600.0,0.938,0.139
15542,1 - 1 - 2022,19800.0,15.165750888103101,13.335216533675034,17.78280067930808,0.072,0.0630957,0.1,0.022,0.0,0.05,0.0314,0.0,0.05,15.6,0.349,12.1,1.0,True,0.01,0.95,10.0,39600.0,0.938,0.139
15543,1 - 1 - 2022,19800.0,15.0,13.335216533675034,17.78280067930808,0.0818,0.0630957,0.1,0.0197,0.0,0.05,0.0796,0.05,0.1,34.6,0.52,13.8,1.0,True,0.01,0.95,10.0,39600.0,0.938,0.139
15544,1 - 1 - 2022,19800.0,15.264337522473747,13.335216533675034,17.78280067930808,0.0777,0.0630957,0.1,0.022,0.0,0.05,0.153,0.1,0.2,89.0,0.59,51.9,1.0,True,0.01,0.95,10.0,39600.0,0.938,0.139
15545,1 - 1 - 2022,19800.0,15.297058540778355,13.335216533675034,17.78280067930808,0.0784,0.0630957,0.1,0.0206,0.0,0.05,0.252,0.2,0.3,110.0,0.656,49.3,1.0,True,0.01,0.95,10.0,39600.0,0.938,0.139
15546,1 - 1 - 2022,19800.0,15.198684153570664,13.335216533675034,17.78280067930808,0.079,0.0630957,0.1,0.0197,0.0,0.05,0.353,0.3,0.4,122.0,0.691,54.5,1.0,True,0.01,0.95,10.0,39600.0,0.938,0.139
15547,1 - 1 - 2022,19800.0,15.297058540778355,13.335216533675034,17.78280067930808,0.0803,0.0630957,0.1,0.0189,0.0,0.05,0.452,0.4,0.5,146.0,0.756,45.8,1.0,True,0.01,0.95,10.0,39600.0,0.938,0.139
15548,1 - 1 - 2022,19800.0,15.198684153570664,13.335216533675034,17.78280067930808,0.0782,0.0630957,0.1,0.0176,0.0,0.05,0.55,0.5,0.6,99.4,0.624,31.1,1.0,True,0.01,0.95,10.0,39600.0,0.938,0.139
15549,1 - 1 - 2022,19800.0,15.297058540778355,13.335216533675034,17.78280067930808,0.0789,0.0630957,0.1,0.0182,0.0,0.05,0.646,0.6,0.7,76.1,0.546,20.7,1.0,True,0.01,0.95,10.0,39600.0,0.938,0.139
15550,1 - 1 - 2022,19800.0,15.264337522473747,13.335216533675034,17.78280067930808,0.0809,0.0630957,0.1,0.0226,0.0,0.05,0.751,0.7,0.8,50.1,0.443,11.2,1.0,True,0.01,0.95,10.0,39600.0,0.938,0.139
15551,1 - 1 - 2022,19800.0,15.066519173319364,13.335216533675034,17.78280067930808,0.0793,0.0630957,0.1,0.0243,0.0,0.05,0.837,0.8,0.9,32.0,0.354,6.05,1.0,True,0.01,0.95,10.0,39600.0,0.938,0.139
15552,1 - 1 - 2022,19800.0,15.748015748023622,13.335216533675034,17.78280067930808,0.0756,0.0630957,0.1,0.024,0.0,0.05,0.946,0.9,1.0,23.3,0.302,3.46,1.0,True,0.01,0.95,10.0,39600.0,0.938,0.139
15553,1 - 1 - 2022,19800.0,15.329709716755891,13.335216533675034,17.78280067930808,0.0779,0.0630957,0.1,0.025,0.0,0.05,1.19,1.0,1.5,10.9,0.0924,1.21,1.0,True,0.01,0.95,10.0,39600.0,0.938,0.139
15554,1 - 1 - 2022,19800.0,15.968719422671311,13.335216533675034,17.78280067930808,0.0835,0.0630957,0.1,0.027,0.0,0.05,1.75,1.5,2.0,1.21,0.0308,0.0,1.0,True,0.01,0.95,10.0,39600.0,0.938,0.139
15555,1 - 1 - 2022,19800.0,16.09347693943108,13.335216533675034,17.78280067930808,0.0908,0.0630957,0.1,0.0434,0.0,0.05,2.95,2.0,4.0,0.0865,0.00412,0.0,1.0,True,0.01,0.95,10.0,39600.0,0.938,0.139
15556,1 - 1 - 2022,19800.0,16.703293088490067,13.335216533675034,17.78280067930808,0.0819,0.0630957,0.1,0.0687,0.05,0.1,0.0233,0.0,0.05,5.19,0.202,0.0,1.0,True,0.01,0.95,10.0,39600.0,0.938,0.139
15557,1 - 1 - 2022,19800.0,14.866068747318506,13.335216533675034,17.78280067930808,0.0745,0.0630957,0.1,0.0747,0.05,0.1,0.0737,0.05,0.1,8.64,0.26,3.46,1.0,True,0.01,0.95,10.0,39600.0,0.938,0.139
15558,1 - 1 - 2022,19800.0,15.231546211727817,13.335216533675034,17.78280067930808,0.0791,0.0630957,0.1,0.0718,0.05,0.1,0.162,0.1,0.2,30.3,0.344,10.4,1.0,True,0.01,0.95,10.0,39600.0,0.938,0.139
15559,1 - 1 - 2022,19800.0,15.132745950421556,13.335216533675034,17.78280067930808,0.0824,0.0630957,0.1,0.0683,0.05,0.1,0.247,0.2,0.3,33.7,0.363,8.64,1.0,True,0.01,0.95,10.0,39600.0,0.938,0.139
15560,1 - 1 - 2022,19800.0,15.297058540778355,13.335216533675034,17.78280067930808,0.0796,0.0630957,0.1,0.0713,0.05,0.1,0.346,0.3,0.4,41.5,0.403,9.51,1.0,True,0.01,0.95,10.0,39600.0,0.938,0.139
15561,1 - 1 - 2022,19800.0,15.033296378372908,13.335216533675034,17.78280067930808,0.08,0.0630957,0.1,0.0732,0.05,0.1,0.446,0.4,0.5,43.2,0.411,11.2,1.0,True,0.01,0.95,10.0,39600.0,0.938,0.139
15562,1 - 1 - 2022,19800.0,15.652475842498529,13.335216533675034,17.78280067930808,0.0791,0.0630957,0.1,0.0722,0.05,0.1,0.549,0.5,0.6,38.0,0.386,7.78,1.0,True,0.01,0.95,10.0,39600.0,0.938,0.139
15563,1 - 1 - 2022,19800.0,15.165750888103101,13.335216533675034,17.78280067930808,0.0768,0.0630957,0.1,0.0723,0.05,0.1,0.648,0.6,0.7,19.9,0.279,2.59,1.0,True,0.01,0.95,10.0,39600.0,0.938,0.139
15564,1 - 1 - 2022,19800.0,15.0,13.335216533675034,17.78280067930808,0.0793,0.0630957,0.1,0.0737,0.05,0.1,0.749,0.7,0.8,16.4,0.254,3.46,1.0,True,0.01,0.95,10.0,39600.0,0.938,0.139
15565,1 - 1 - 2022,19800.0,15.132745950421556,13.335216533675034,17.78280067930808,0.0806,0.0630957,0.1,0.0769,0.05,0.1,0.851,0.8,0.9,18.2,0.267,0.865,1.0,True,0.01,0.95,10.0,39600.0,0.938,0.139
15566,1 - 1 - 2022,19800.0,15.968719422671311,13.335216533675034,17.78280067930808,0.0802,0.0630957,0.1,0.0754,0.05,0.1,0.941,0.9,1.0,15.6,0.247,1.73,1.0,True,0.01,0.95,10.0,39600.0,0.938,0.139
15567,1 - 1 - 2022,19800.0,15.748015748023622,13.335216533675034,17.78280067930808,0.0776,0.0630957,0.1,0.0763,0.05,0.1,1.23,1.0,1.5,5.7,0.0668,0.518,1.0,True,0.01,0.95,10.0,39600.0,0.938,0.139
15568,1 - 1 - 2022,19800.0,15.556349186104045,13.335216533675034,17.78280067930808,0.0804,0.0630957,0.1,0.0753,0.05,0.1,1.71,1.5,2.0,2.77,0.0465,0.0,1.0,True,0.01,0.95,10.0,39600.0,0.938,0.139
15569,1 - 1 - 2022,19800.0,14.832396974191326,13.335216533675034,17.78280067930808,0.076,0.0630957,0.1,0.07,0.05,0.1,2.35,2.0,4.0,0.216,0.0065,0.0,1.0,True,0.01,0.95,10.0,39600.0,0.938,0.139
15570,1 - 1 - 2022,19800.0,16.278820596099706,13.335216533675034,17.78280067930808,0.0857,0.0630957,0.1,0.13,0.1,0.15,0.0294,0.0,0.05,3.46,0.165,0.0,1.0,True,0.01,0.95,10.0,39600.0,0.938,0.139
15571,1 - 1 - 2022,19800.0,14.2828568570857,13.335216533675034,17.78280067930808,0.0695,0.0630957,0.1,0.122,0.1,0.15,0.0638,0.05,0.1,5.19,0.202,0.0,1.0,True,0.01,0.95,10.0,39600.0,0.938,0.139
15572,1 - 1 - 2022,19800.0,15.329709716755891,13.335216533675034,17.78280067930808,0.0773,0.0630957,0.1,0.123,0.1,0.15,0.164,0.1,0.2,12.1,0.218,0.0,1.0,True,0.01,0.95,10.0,39600.0,0.938,0.139
15573,1 - 1 - 2022,19800.0,15.297058540778355,13.335216533675034,17.78280067930808,0.0777,0.0630957,0.1,0.121,0.1,0.15,0.258,0.2,0.3,30.3,0.344,0.0,1.0,True,0.01,0.95,10.0,39600.0,0.938,0.139
15574,1 - 1 - 2022,19800.0,15.491933384829668,13.335216533675034,17.78280067930808,0.0801,0.0630957,0.1,0.123,0.1,0.15,0.332,0.3,0.4,22.5,0.297,0.0,1.0,True,0.01,0.95,10.0,39600.0,0.938,0.139
15575,1 - 1 - 2022,19800.0,15.362291495737216,13.335216533675034,17.78280067930808,0.0797,0.0630957,0.1,0.126,0.1,0.15,0.453,0.4,0.5,18.2,0.267,0.0,1.0,True,0.01,0.95,10.0,39600.0,0.938,0.139
15576,1 - 1 - 2022,19800.0,15.231546211727817,13.335216533675034,17.78280067930808,0.0794,0.0630957,0.1,0.123,0.1,0.15,0.549,0.5,0.6,17.3,0.26,0.0,1.0,True,0.01,0.95,10.0,39600.0,0.938,0.139
15577,1 - 1 - 2022,19800.0,15.033296378372908,13.335216533675034,17.78280067930808,0.0735,0.0630957,0.1,0.122,0.1,0.15,0.652,0.6,0.7,19.9,0.279,0.0,1.0,True,0.01,0.95,10.0,39600.0,0.938,0.139
15578,1 - 1 - 2022,19800.0,15.84297951775486,13.335216533675034,17.78280067930808,0.0786,0.0630957,0.1,0.123,0.1,0.15,0.752,0.7,0.8,8.64,0.184,1.73,1.0,True,0.01,0.95,10.0,39600.0,0.938,0.139
15579,1 - 1 - 2022,19800.0,15.7797338380595,13.335216533675034,17.78280067930808,0.0768,0.0630957,0.1,0.12,0.1,0.15,0.858,0.8,0.9,8.64,0.184,0.0,1.0,True,0.01,0.95,10.0,39600.0,0.938,0.139
15580,1 - 1 - 2022,19800.0,15.198684153570664,13.335216533675034,17.78280067930808,0.0777,0.0630957,0.1,0.112,0.1,0.15,0.957,0.9,1.0,9.51,0.193,0.864,1.0,True,0.01,0.95,10.0,39600.0,0.938,0.139
15581,1 - 1 - 2022,19800.0,15.297058540778355,13.335216533675034,17.78280067930808,0.0792,0.0630957,0.1,0.121,0.1,0.15,1.22,1.0,1.5,3.63,0.0533,0.346,1.0,True,0.01,0.95,10.0,39600.0,0.938,0.139
15582,1 - 1 - 2022,19800.0,15.394804318340652,13.335216533675034,17.78280067930808,0.0801,0.0630957,0.1,0.123,0.1,0.15,1.79,1.5,2.0,2.25,0.042,0.173,1.0,True,0.01,0.95,10.0,39600.0,0.938,0.139
15583,1 - 1 - 2022,19800.0,15.329709716755891,13.335216533675034,17.78280067930808,0.0739,0.0630957,0.1,0.125,0.1,0.15,2.65,2.0,4.0,0.432,0.0092,0.0,1.0,True,0.01,0.95,10.0,39600.0,0.938,0.139
15584,1 - 1 - 2022,19800.0,13.379088160259652,13.335216533675034,17.78280067930808,0.0757,0.0630957,0.1,0.151,0.15,0.2,0.0377,0.0,0.05,1.73,0.116,0.0,1.0,True,0.01,0.95,10.0,39600.0,0.938,0.139
15585,1 - 1 - 2022,19800.0,14.628738838327793,13.335216533675034,17.78280067930808,0.0795,0.0630957,0.1,0.171,0.15,0.2,0.089,0.05,0.1,1.73,0.116,0.0,1.0,True,0.01,0.95,10.0,39600.0,0.938,0.139
15586,1 - 1 - 2022,19800.0,15.198684153570664,13.335216533675034,17.78280067930808,0.0797,0.0630957,0.1,0.169,0.15,0.2,0.151,0.1,0.2,12.1,0.218,0.0,1.0,True,0.01,0.95,10.0,39600.0,0.938,0.139
15587,1 - 1 - 2022,19800.0,15.165750888103101,13.335216533675034,17.78280067930808,0.0804,0.0630957,0.1,0.176,0.15,0.2,0.255,0.2,0.3,11.2,0.21,1.73,1.0,True,0.01,0.95,10.0,39600.0,0.938,0.139
15588,1 - 1 - 2022,19800.0,15.524174696260024,13.335216533675034,17.78280067930808,0.0782,0.0630957,0.1,0.168,0.15,0.2,0.36,0.3,0.4,15.6,0.247,0.865,1.0,True,0.01,0.95,10.0,39600.0,0.938,0.139
15589,1 - 1 - 2022,19800.0,15.491933384829668,13.335216533675034,17.78280067930808,0.0774,0.0630957,0.1,0.174,0.15,0.2,0.446,0.4,0.5,14.7,0.24,0.864,1.0,True,0.01,0.95,10.0,39600.0,0.938,0.139
15590,1 - 1 - 2022,19800.0,15.362291495737216,13.335216533675034,17.78280067930808,0.0789,0.0630957,0.1,0.168,0.15,0.2,0.554,0.5,0.6,9.51,0.193,0.0,1.0,True,0.01,0.95,10.0,39600.0,0.938,0.139
15591,1 - 1 - 2022,19800.0,16.0312195418814,13.335216533675034,17.78280067930808,0.0846,0.0630957,0.1,0.168,0.15,0.2,0.654,0.6,0.7,8.64,0.184,0.865,1.0,True,0.01,0.95,10.0,39600.0,0.938,0.139
15592,1 - 1 - 2022,19800.0,15.362291495737216,13.335216533675034,17.78280067930808,0.0792,0.0630957,0.1,0.174,0.15,0.2,0.748,0.7,0.8,7.78,0.175,0.0,1.0,True,0.01,0.95,10.0,39600.0,0.938,0.139
15593,1 - 1 - 2022,19800.0,16.34013463836819,13.335216533675034,17.78280067930808,0.0838,0.0630957,0.1,0.179,0.15,0.2,0.849,0.8,0.9,6.05,0.154,0.0,1.0,True,0.01,0.95,10.0,39600.0,0.938,0.139
15594,1 - 1 - 2022,19800.0,15.362291495737216,13.335216533675034,17.78280067930808,0.0813,0.0630957,0.1,0.175,0.15,0.2,0.936,0.9,1.0,2.59,0.101,0.0,1.0,True,0.01,0.95,10.0,39600.0,0.938,0.139
15595,1 - 1 - 2022,19800.0,15.297058540778355,13.335216533675034,17.78280067930808,0.0814,0.0630957,0.1,0.18,0.15,0.2,1.09,1.0,1.5,1.38,0.0329,0.0,1.0,True,0.01,0.95,10.0,39600.0,0.938,0.139
15596,1 - 1 - 2022,19800.0,15.620499351813308,13.335216533675034,17.78280067930808,0.0767,0.0630957,0.1,0.171,0.15,0.2,1.76,1.5,2.0,0.519,0.0202,0.0,1.0,True,0.01,0.95,10.0,39600.0,0.938,0.139
15597,1 - 1 - 2022,19800.0,15.620499351813308,13.335216533675034,17.78280067930808,0.0893,0.0630957,0.1,0.177,0.15,0.2,2.78,2.0,4.0,0.389,0.00873,0.0,1.0,True,0.01,0.95,10.0,39600.0,0.938,0.139
15598,1 - 1 - 2022,19800.0,15.811388300841896,13.335216533675034,17.78280067930808,0.0873,0.0630957,0.1,0.211,0.2,0.25,0.0666,0.05,0.1,3.46,0.165,1.73,1.0,True,0.01,0.95,10.0,39600.0,0.938,0.139
15599,1 - 1 - 2022,19800.0,15.132745950421556,13.335216533675034,17.78280067930808,0.0806,0.0630957,0.1,0.21,0.2,0.25,0.155,0.1,0.2,5.19,0.143,1.73,1.0,True,0.01,0.95,10.0,39600.0,0.938,0.139
15600,1 - 1 - 2022,19800.0,15.0996688705415,13.335216533675034,17.78280067930808,0.0787,0.0630957,0.1,0.219,0.2,0.25,0.257,0.2,0.3,7.78,0.175,0.864,1.0,True,0.01,0.95,10.0,39600.0,0.938,0.139
15601,1 - 1 - 2022,19800.0,15.297058540778355,13.335216533675034,17.78280067930808,0.0776,0.0630957,0.1,0.218,0.2,0.25,0.345,0.3,0.4,7.78,0.175,2.59,1.0,True,0.01,0.95,10.0,39600.0,0.938,0.139
15602,1 - 1 - 2022,19800.0,15.556349186104045,13.335216533675034,17.78280067930808,0.0778,0.0630957,0.1,0.23,0.2,0.25,0.45,0.4,0.5,10.4,0.202,5.19,1.0,True,0.01,0.95,10.0,39600.0,0.938,0.139
15603,1 - 1 - 2022,19800.0,15.459624833740307,13.335216533675034,17.78280067930808,0.0752,0.0630957,0.1,0.212,0.2,0.25,0.548,0.5,0.6,5.19,0.143,0.865,1.0,True,0.01,0.95,10.0,39600.0,0.938,0.139
15604,1 - 1 - 2022,19800.0,15.033296378372908,13.335216533675034,17.78280067930808,0.0832,0.0630957,0.1,0.215,0.2,0.25,0.669,0.6,0.7,6.05,0.154,0.865,1.0,True,0.01,0.95,10.0,39600.0,0.938,0.139
15605,1 - 1 - 2022,19800.0,15.231546211727817,13.335216533675034,17.78280067930808,0.0834,0.0630957,0.1,0.22,0.2,0.25,0.76,0.7,0.8,6.91,0.165,0.0,1.0,True,0.01,0.95,10.0,39600.0,0.938,0.139
15606,1 - 1 - 2022,19800.0,15.684387141358123,13.335216533675034,17.78280067930808,0.077,0.0630957,0.1,0.217,0.2,0.25,0.851,0.8,0.9,4.32,0.13,0.865,1.0,True,0.01,0.95,10.0,39600.0,0.938,0.139
15607,1 - 1 - 2022,19800.0,13.674794331177344,13.335216533675034,17.78280067930808,0.089,0.0630957,0.1,0.213,0.2,0.25,0.999,0.9,1.0,0.864,0.0582,0.0,1.0,True,0.01,0.95,10.0,39600.0,0.938,0.139
15608,1 - 1 - 2022,19800.0,15.459624833740307,13.335216533675034,17.78280067930808,0.0809,0.0630957,0.1,0.229,0.2,0.25,1.19,1.0,1.5,1.21,0.0308,0.0,1.0,True,0.01,0.95,10.0,39600.0,0.938,0.139
15609,1 - 1 - 2022,19800.0,15.231546211727817,13.335216533675034,17.78280067930808,0.077,0.0630957,0.1,0.222,0.2,0.25,1.74,1.5,2.0,1.21,0.0308,0.346,1.0,True,0.01,0.95,10.0,39600.0,0.938,0.139
15610,1 - 1 - 2022,19800.0,15.362291495737216,13.335216533675034,17.78280067930808,0.0799,0.0630957,0.1,0.224,0.2,0.25,2.5,2.0,4.0,0.259,0.00713,0.0,1.0,True,0.01,0.95,10.0,39600.0,0.938,0.139
15611,1 - 1 - 2022,19800.0,13.379088160259652,13.335216533675034,17.78280067930808,0.0926,0.0630957,0.1,0.271,0.25,0.3,0.0892,0.05,0.1,3.46,0.165,0.0,1.0,True,0.01,0.95,10.0,39600.0,0.938,0.139
15612,1 - 1 - 2022,19800.0,15.033296378372908,13.335216533675034,17.78280067930808,0.0798,0.0630957,0.1,0.277,0.25,0.3,0.147,0.1,0.2,6.92,0.165,3.46,1.0,True,0.01,0.95,10.0,39600.0,0.938,0.139
15613,1 - 1 - 2022,19800.0,14.491376746189438,13.335216533675034,17.78280067930808,0.0772,0.0630957,0.1,0.281,0.25,0.3,0.383,0.3,0.4,1.73,0.0823,0.0,1.0,True,0.01,0.95,10.0,39600.0,0.938,0.139
15614,1 - 1 - 2022,19800.0,15.0,13.335216533675034,17.78280067930808,0.0765,0.0630957,0.1,0.277,0.25,0.3,0.447,0.4,0.5,10.4,0.202,5.19,1.0,True,0.01,0.95,10.0,39600.0,0.938,0.139
15615,1 - 1 - 2022,19800.0,15.427248620541512,13.335216533675034,17.78280067930808,0.081,0.0630957,0.1,0.268,0.25,0.3,0.649,0.6,0.7,6.05,0.154,1.73,1.0,True,0.01,0.95,10.0,39600.0,0.938,0.139
15616,1 - 1 - 2022,19800.0,15.033296378372908,13.335216533675034,17.78280067930808,0.0827,0.0630957,0.1,0.287,0.25,0.3,0.758,0.7,0.8,1.73,0.0823,0.865,1.0,True,0.01,0.95,10.0,39600.0,0.938,0.139
15617,1 - 1 - 2022,19800.0,14.422205101855956,13.335216533675034,17.78280067930808,0.0739,0.0630957,0.1,0.266,0.25,0.3,0.81,0.8,0.9,1.73,0.0823,0.0,1.0,True,0.01,0.95,10.0,39600.0,0.938,0.139
15618,1 - 1 - 2022,19800.0,14.142135623730951,13.335216533675034,17.78280067930808,0.081,0.0630957,0.1,0.274,0.25,0.3,1.09,1.0,1.5,0.691,0.0233,0.173,1.0,True,0.01,0.95,10.0,39600.0,0.938,0.139
15619,1 - 1 - 2022,19800.0,15.0996688705415,13.335216533675034,17.78280067930808,0.0738,0.0630957,0.1,0.27,0.25,0.3,1.8,1.5,2.0,0.519,0.0202,0.0,1.0,True,0.01,0.95,10.0,39600.0,0.938,0.139
15620,1 - 1 - 2022,19800.0,15.7797338380595,13.335216533675034,17.78280067930808,0.0685,0.0630957,0.1,0.279,0.25,0.3,3.58,2.0,4.0,0.0432,0.00291,0.0,1.0,True,0.01,0.95,10.0,39600.0,0.938,0.139
15621,1 - 1 - 2022,19800.0,15.329709716755891,13.335216533675034,17.78280067930808,0.0799,0.0630957,0.1,0.34,0.3,0.4,0.245,0.2,0.3,3.89,0.0873,2.16,1.0,True,0.01,0.95,10.0,39600.0,0.938,0.139
15622,1 - 1 - 2022,19800.0,16.401219466856727,13.335216533675034,17.78280067930808,0.0817,0.0630957,0.1,0.335,0.3,0.4,0.349,0.3,0.4,3.89,0.0873,2.59,1.0,True,0.01,0.95,10.0,39600.0,0.938,0.139
15623,1 - 1 - 2022,19800.0,14.66287829861518,13.335216533675034,17.78280067930808,0.0806,0.0630957,0.1,0.344,0.3,0.4,0.44,0.4,0.5,3.03,0.077,0.432,1.0,True,0.01,0.95,10.0,39600.0,0.938,0.139
15624,1 - 1 - 2022,19800.0,15.0,13.335216533675034,17.78280067930808,0.0808,0.0630957,0.1,0.331,0.3,0.4,0.554,0.5,0.6,1.3,0.0504,0.864,1.0,True,0.01,0.95,10.0,39600.0,0.938,0.139
15625,1 - 1 - 2022,19800.0,15.394804318340652,13.335216533675034,17.78280067930808,0.0774,0.0630957,0.1,0.33,0.3,0.4,0.652,0.6,0.7,6.05,0.109,3.46,1.0,True,0.01,0.95,10.0,39600.0,0.938,0.139
15626,1 - 1 - 2022,19800.0,15.0996688705415,13.335216533675034,17.78280067930808,0.0827,0.0630957,0.1,0.353,0.3,0.4,0.728,0.7,0.8,1.73,0.0582,1.3,1.0,True,0.01,0.95,10.0,39600.0,0.938,0.139
15627,1 - 1 - 2022,19800.0,15.716233645501712,13.335216533675034,17.78280067930808,0.0778,0.0630957,0.1,0.345,0.3,0.4,0.847,0.8,0.9,2.59,0.0713,1.73,1.0,True,0.01,0.95,10.0,39600.0,0.938,0.139
15628,1 - 1 - 2022,19800.0,15.811388300841896,13.335216533675034,17.78280067930808,0.0749,0.0630957,0.1,0.358,0.3,0.4,0.956,0.9,1.0,2.16,0.065,1.3,1.0,True,0.01,0.95,10.0,39600.0,0.938,0.139
15629,1 - 1 - 2022,19800.0,14.628738838327793,13.335216533675034,17.78280067930808,0.0819,0.0630957,0.1,0.331,0.3,0.4,1.21,1.0,1.5,0.519,0.0143,0.346,1.0,True,0.01,0.95,10.0,39600.0,0.938,0.139
15630,1 - 1 - 2022,19800.0,14.212670403551895,13.335216533675034,17.78280067930808,0.0914,0.0630957,0.1,0.342,0.3,0.4,2.52,2.0,4.0,0.0648,0.00252,0.0,1.0,True,0.01,0.95,10.0,39600.0,0.938,0.139
15631,1 - 1 - 2022,19800.0,15.0,13.335216533675034,17.78280067930808,0.0749,0.0630957,0.1,0.44,0.4,0.5,0.34,0.3,0.4,2.16,0.065,0.864,1.0,True,0.01,0.95,10.0,39600.0,0.938,0.139
15632,1 - 1 - 2022,19800.0,14.7648230602334,13.335216533675034,17.78280067930808,0.0791,0.0630957,0.1,0.437,0.4,0.5,0.528,0.5,0.6,1.3,0.0504,0.865,1.0,True,0.01,0.95,10.0,39600.0,0.938,0.139
15633,1 - 1 - 2022,19800.0,14.832396974191326,13.335216533675034,17.78280067930808,0.0849,0.0630957,0.1,0.435,0.4,0.5,0.747,0.7,0.8,1.3,0.0504,0.432,1.0,True,0.01,0.95,10.0,39600.0,0.938,0.139
15634,1 - 1 - 2022,19800.0,14.38749456993816,13.335216533675034,17.78280067930808,0.0858,0.0630957,0.1,0.457,0.4,0.5,1.14,1.0,1.5,0.259,0.0101,0.0,1.0,True,0.01,0.95,10.0,39600.0,0.938,0.139
15635,1 - 1 - 2022,19800.0,15.620499351813308,13.335216533675034,17.78280067930808,0.0892,0.0630957,0.1,0.539,0.5,0.6,0.228,0.2,0.3,1.3,0.0504,0.432,1.0,True,0.01,0.95,10.0,39600.0,0.938,0.139
15636,1 - 1 - 2022,19800.0,15.652475842498529,13.335216533675034,17.78280067930808,0.0813,0.0630957,0.1,0.547,0.5,0.6,0.306,0.3,0.4,0.864,0.0411,0.432,1.0,True,0.01,0.95,10.0,39600.0,0.938,0.139
15637,1 - 1 - 2022,19800.0,15.620499351813308,13.335216533675034,17.78280067930808,0.0806,0.0630957,0.1,0.546,0.5,0.6,0.455,0.4,0.5,1.73,0.0582,0.864,1.0,True,0.01,0.95,10.0,39600.0,0.938,0.139
15638,1 - 1 - 2022,19800.0,13.379088160259652,13.335216533675034,17.78280067930808,0.0975,0.0630957,0.1,0.542,0.5,0.6,0.578,0.5,0.6,0.432,0.0291,0.0,1.0,True,0.01,0.95,10.0,39600.0,0.938,0.139
15639,1 - 1 - 2022,19800.0,16.492422502470642,13.335216533675034,17.78280067930808,0.0909,0.0630957,0.1,0.57,0.5,0.6,0.653,0.6,0.7,0.865,0.0411,0.432,1.0,True,0.01,0.95,10.0,39600.0,0.938,0.139
15640,1 - 1 - 2022,19800.0,13.379088160259652,13.335216533675034,17.78280067930808,0.0973,0.0630957,0.1,0.55,0.5,0.6,0.768,0.7,0.8,0.432,0.0291,0.0,1.0,True,0.01,0.95,10.0,39600.0,0.938,0.139
15641,1 - 1 - 2022,19800.0,15.811388300841896,13.335216533675034,17.78280067930808,0.0985,0.0630957,0.1,0.533,0.5,0.6,0.863,0.8,0.9,0.432,0.0291,0.0,1.0,True,0.01,0.95,10.0,39600.0,0.938,0.139
15642,1 - 1 - 2022,19800.0,14.177446878757825,13.335216533675034,17.78280067930808,0.0843,0.0630957,0.1,0.551,0.5,0.6,1.22,1.0,1.5,0.173,0.00823,0.0864,1.0,True,0.01,0.95,10.0,39600.0,0.938,0.139
15643,1 - 1 - 2022,19800.0,13.674794331177344,13.335216533675034,17.78280067930808,0.0916,0.0630957,0.1,0.676,0.6,0.7,0.34,0.3,0.4,0.432,0.0291,0.0,1.0,True,0.01,0.95,10.0,39600.0,0.938,0.139
15644,1 - 1 - 2022,19800.0,15.905973720586866,13.335216533675034,17.78280067930808,0.0787,0.0630957,0.1,0.665,0.6,0.7,0.469,0.4,0.5,0.865,0.0411,0.432,1.0,True,0.01,0.95,10.0,39600.0,0.938,0.139
15645,1 - 1 - 2022,19800.0,15.491933384829668,13.335216533675034,17.78280067930808,0.128,0.1,0.158489,0.0249,0.0,0.05,0.0346,0.0,0.05,13.1,0.254,2.18,1.0,True,0.01,0.95,10.0,39600.0,0.938,0.139
15646,1 - 1 - 2022,19800.0,15.620499351813308,13.335216533675034,17.78280067930808,0.125,0.1,0.158489,0.0268,0.0,0.05,0.0793,0.05,0.1,20.7,0.32,2.18,1.0,True,0.01,0.95,10.0,39600.0,0.938,0.139
15647,1 - 1 - 2022,19800.0,15.329709716755891,13.335216533675034,17.78280067930808,0.128,0.1,0.158489,0.0232,0.0,0.05,0.156,0.1,0.2,40.4,0.316,13.1,1.0,True,0.01,0.95,10.0,39600.0,0.938,0.139
15648,1 - 1 - 2022,19800.0,15.362291495737216,13.335216533675034,17.78280067930808,0.125,0.1,0.158489,0.0231,0.0,0.05,0.253,0.2,0.3,48.5,0.346,13.1,1.0,True,0.01,0.95,10.0,39600.0,0.938,0.139
15649,1 - 1 - 2022,19800.0,15.459624833740307,13.335216533675034,17.78280067930808,0.126,0.1,0.158489,0.0227,0.0,0.05,0.347,0.3,0.4,60.0,0.385,13.1,1.0,True,0.01,0.95,10.0,39600.0,0.938,0.139
15650,1 - 1 - 2022,19800.0,15.588457268119896,13.335216533675034,17.78280067930808,0.126,0.1,0.158489,0.0222,0.0,0.05,0.454,0.4,0.5,48.5,0.346,11.5,1.0,True,0.01,0.95,10.0,39600.0,0.938,0.139
15651,1 - 1 - 2022,19800.0,15.329709716755891,13.335216533675034,17.78280067930808,0.121,0.1,0.158489,0.0217,0.0,0.05,0.544,0.5,0.6,43.1,0.326,12.0,1.0,True,0.01,0.95,10.0,39600.0,0.938,0.139
15652,1 - 1 - 2022,19800.0,15.394804318340652,13.335216533675034,17.78280067930808,0.123,0.1,0.158489,0.0218,0.0,0.05,0.648,0.6,0.7,30.5,0.275,8.73,1.0,True,0.01,0.95,10.0,39600.0,0.938,0.139
15653,1 - 1 - 2022,19800.0,15.684387141358123,13.335216533675034,17.78280067930808,0.124,0.1,0.158489,0.0218,0.0,0.05,0.744,0.7,0.8,25.6,0.252,4.36,1.0,True,0.01,0.95,10.0,39600.0,0.938,0.139
15654,1 - 1 - 2022,19800.0,15.968719422671311,13.335216533675034,17.78280067930808,0.126,0.1,0.158489,0.0235,0.0,0.05,0.848,0.8,0.9,18.0,0.211,4.36,1.0,True,0.01,0.95,10.0,39600.0,0.938,0.139
15655,1 - 1 - 2022,19800.0,15.066519173319364,13.335216533675034,17.78280067930808,0.126,0.1,0.158489,0.0287,0.0,0.05,0.942,0.9,1.0,9.27,0.151,2.18,1.0,True,0.01,0.95,10.0,39600.0,0.938,0.139
15656,1 - 1 - 2022,19800.0,15.491933384829668,13.335216533675034,17.78280067930808,0.124,0.1,0.158489,0.0265,0.0,0.05,1.16,1.0,1.5,4.04,0.0447,0.654,1.0,True,0.01,0.95,10.0,39600.0,0.938,0.139
15657,1 - 1 - 2022,19800.0,15.066519173319364,13.335216533675034,17.78280067930808,0.124,0.1,0.158489,0.0318,0.0,0.05,1.66,1.5,2.0,0.654,0.018,0.0,1.0,True,0.01,0.95,10.0,39600.0,0.938,0.139
15658,1 - 1 - 2022,19800.0,16.911534525287763,13.335216533675034,17.78280067930808,0.134,0.1,0.158489,0.0258,0.0,0.05,2.17,2.0,4.0,0.0818,0.00318,0.0,1.0,True,0.01,0.95,10.0,39600.0,0.938,0.139
15659,1 - 1 - 2022,19800.0,14.966629547095765,13.335216533675034,17.78280067930808,0.126,0.1,0.158489,0.0618,0.05,0.1,0.0365,0.0,0.05,3.27,0.127,0.0,1.0,True,0.01,0.95,10.0,39600.0,0.938,0.139
15660,1 - 1 - 2022,19800.0,15.937377450509228,13.335216533675034,17.78280067930808,0.127,0.1,0.158489,0.0719,0.05,0.1,0.08,0.05,0.1,16.4,0.284,0.0,1.0,True,0.01,0.95,10.0,39600.0,0.938,0.139
15661,1 - 1 - 2022,19800.0,14.933184523068078,13.335216533675034,17.78280067930808,0.124,0.1,0.158489,0.0712,0.05,0.1,0.154,0.1,0.2,18.5,0.214,0.0,1.0,True,0.01,0.95,10.0,39600.0,0.938,0.139
15662,1 - 1 - 2022,19800.0,15.394804318340652,13.335216533675034,17.78280067930808,0.122,0.1,0.158489,0.0712,0.05,0.1,0.251,0.2,0.3,19.1,0.217,0.545,1.0,True,0.01,0.95,10.0,39600.0,0.938,0.139
15663,1 - 1 - 2022,19800.0,15.297058540778355,13.335216533675034,17.78280067930808,0.124,0.1,0.158489,0.0687,0.05,0.1,0.351,0.3,0.4,27.8,0.262,3.82,1.0,True,0.01,0.95,10.0,39600.0,0.938,0.139
15664,1 - 1 - 2022,19800.0,15.588457268119896,13.335216533675034,17.78280067930808,0.133,0.1,0.158489,0.0726,0.05,0.1,0.453,0.4,0.5,16.9,0.204,2.73,1.0,True,0.01,0.95,10.0,39600.0,0.938,0.139
15665,1 - 1 - 2022,19800.0,14.866068747318506,13.335216533675034,17.78280067930808,0.125,0.1,0.158489,0.0764,0.05,0.1,0.546,0.5,0.6,18.0,0.211,2.18,1.0,True,0.01,0.95,10.0,39600.0,0.938,0.139
15666,1 - 1 - 2022,19800.0,15.556349186104045,13.335216533675034,17.78280067930808,0.128,0.1,0.158489,0.0771,0.05,0.1,0.648,0.6,0.7,13.1,0.18,3.82,1.0,True,0.01,0.95,10.0,39600.0,0.938,0.139
15667,1 - 1 - 2022,19800.0,15.0,13.335216533675034,17.78280067930808,0.132,0.1,0.158489,0.074,0.05,0.1,0.746,0.7,0.8,14.2,0.187,1.64,1.0,True,0.01,0.95,10.0,39600.0,0.938,0.139
15668,1 - 1 - 2022,19800.0,15.132745950421556,13.335216533675034,17.78280067930808,0.129,0.1,0.158489,0.0725,0.05,0.1,0.854,0.8,0.9,9.27,0.151,2.73,1.0,True,0.01,0.95,10.0,39600.0,0.938,0.139
15669,1 - 1 - 2022,19800.0,14.966629547095765,13.335216533675034,17.78280067930808,0.134,0.1,0.158489,0.0725,0.05,0.1,0.939,0.9,1.0,10.4,0.16,2.18,1.0,True,0.01,0.95,10.0,39600.0,0.938,0.139
15670,1 - 1 - 2022,19800.0,15.556349186104045,13.335216533675034,17.78280067930808,0.126,0.1,0.158489,0.0722,0.05,0.1,1.23,1.0,1.5,2.51,0.0352,0.327,1.0,True,0.01,0.95,10.0,39600.0,0.938,0.139
15671,1 - 1 - 2022,19800.0,15.905973720586866,13.335216533675034,17.78280067930808,0.119,0.1,0.158489,0.0704,0.05,0.1,1.74,1.5,2.0,1.09,0.0232,0.109,1.0,True,0.01,0.95,10.0,39600.0,0.938,0.139
15672,1 - 1 - 2022,19800.0,15.7797338380595,13.335216533675034,17.78280067930808,0.12,0.1,0.158489,0.0741,0.05,0.1,2.31,2.0,4.0,0.245,0.00551,0.0,1.0,True,0.01,0.95,10.0,39600.0,0.938,0.139
15673,1 - 1 - 2022,19800.0,15.198684153570664,13.335216533675034,17.78280067930808,0.116,0.1,0.158489,0.134,0.1,0.15,0.0884,0.05,0.1,5.45,0.164,0.0,1.0,True,0.01,0.95,10.0,39600.0,0.938,0.139
15674,1 - 1 - 2022,19800.0,14.832396974191326,13.335216533675034,17.78280067930808,0.131,0.1,0.158489,0.128,0.1,0.15,0.158,0.1,0.2,7.09,0.132,0.0,1.0,True,0.01,0.95,10.0,39600.0,0.938,0.139
15675,1 - 1 - 2022,19800.0,14.966629547095765,13.335216533675034,17.78280067930808,0.122,0.1,0.158489,0.122,0.1,0.15,0.256,0.2,0.3,11.5,0.168,0.0,1.0,True,0.01,0.95,10.0,39600.0,0.938,0.139
15676,1 - 1 - 2022,19800.0,15.132745950421556,13.335216533675034,17.78280067930808,0.127,0.1,0.158489,0.127,0.1,0.15,0.347,0.3,0.4,17.5,0.208,0.0,1.0,True,0.01,0.95,10.0,39600.0,0.938,0.139
15677,1 - 1 - 2022,19800.0,15.264337522473747,13.335216533675034,17.78280067930808,0.122,0.1,0.158489,0.12,0.1,0.15,0.441,0.4,0.5,11.5,0.168,0.0,1.0,True,0.01,0.95,10.0,39600.0,0.938,0.139
15678,1 - 1 - 2022,19800.0,15.0,13.335216533675034,17.78280067930808,0.127,0.1,0.158489,0.13,0.1,0.15,0.536,0.5,0.6,13.1,0.18,0.0,1.0,True,0.01,0.95,10.0,39600.0,0.938,0.139
15679,1 - 1 - 2022,19800.0,16.0312195418814,13.335216533675034,17.78280067930808,0.137,0.1,0.158489,0.122,0.1,0.15,0.633,0.6,0.7,6.54,0.127,0.0,1.0,True,0.01,0.95,10.0,39600.0,0.938,0.139
15680,1 - 1 - 2022,19800.0,15.033296378372908,13.335216533675034,17.78280067930808,0.128,0.1,0.158489,0.127,0.1,0.15,0.748,0.7,0.8,5.45,0.116,0.545,1.0,True,0.01,0.95,10.0,39600.0,0.938,0.139
15681,1 - 1 - 2022,19800.0,16.15549442140351,13.335216533675034,17.78280067930808,0.126,0.1,0.158489,0.129,0.1,0.15,0.847,0.8,0.9,4.91,0.11,0.0,1.0,True,0.01,0.95,10.0,39600.0,0.938,0.139
15682,1 - 1 - 2022,19800.0,15.394804318340652,13.335216533675034,17.78280067930808,0.129,0.1,0.158489,0.125,0.1,0.15,0.948,0.9,1.0,3.82,0.0971,0.546,1.0,True,0.01,0.95,10.0,39600.0,0.938,0.139
15683,1 - 1 - 2022,19800.0,15.132745950421556,13.335216533675034,17.78280067930808,0.121,0.1,0.158489,0.126,0.1,0.15,1.16,1.0,1.5,1.85,0.0303,0.218,1.0,True,0.01,0.95,10.0,39600.0,0.938,0.139
15684,1 - 1 - 2022,19800.0,15.905973720586866,13.335216533675034,17.78280067930808,0.124,0.1,0.158489,0.12,0.1,0.15,1.68,1.5,2.0,0.982,0.022,0.0,1.0,True,0.01,0.95,10.0,39600.0,0.938,0.139
15685,1 - 1 - 2022,19800.0,15.937377450509228,13.335216533675034,17.78280067930808,0.107,0.1,0.158489,0.12,0.1,0.15,2.62,2.0,4.0,0.0818,0.00318,0.0,1.0,True,0.01,0.95,10.0,39600.0,0.938,0.139
15686,1 - 1 - 2022,19800.0,14.035668847618199,13.335216533675034,17.78280067930808,0.112,0.1,0.158489,0.155,0.15,0.2,0.0678,0.05,0.1,3.27,0.127,0.0,1.0,True,0.01,0.95,10.0,39600.0,0.938,0.139
15687,1 - 1 - 2022,19800.0,15.968719422671311,13.335216533675034,17.78280067930808,0.124,0.1,0.158489,0.174,0.15,0.2,0.162,0.1,0.2,4.91,0.11,0.0,1.0,True,0.01,0.95,10.0,39600.0,0.938,0.139
15688,1 - 1 - 2022,19800.0,14.66287829861518,13.335216533675034,17.78280067930808,0.121,0.1,0.158489,0.182,0.15,0.2,0.251,0.2,0.3,7.09,0.132,0.0,1.0,True,0.01,0.95,10.0,39600.0,0.938,0.139
15689,1 - 1 - 2022,19800.0,14.594519519326424,13.335216533675034,17.78280067930808,0.126,0.1,0.158489,0.174,0.15,0.2,0.34,0.3,0.4,8.73,0.147,0.0,1.0,True,0.01,0.95,10.0,39600.0,0.938,0.139
15690,1 - 1 - 2022,19800.0,15.033296378372908,13.335216533675034,17.78280067930808,0.12,0.1,0.158489,0.179,0.15,0.2,0.457,0.4,0.5,4.91,0.11,0.0,1.0,True,0.01,0.95,10.0,39600.0,0.938,0.139
15691,1 - 1 - 2022,19800.0,15.427248620541512,13.335216533675034,17.78280067930808,0.126,0.1,0.158489,0.171,0.15,0.2,0.549,0.5,0.6,12.0,0.172,0.0,1.0,True,0.01,0.95,10.0,39600.0,0.938,0.139
15692,1 - 1 - 2022,19800.0,15.231546211727817,13.335216533675034,17.78280067930808,0.127,0.1,0.158489,0.177,0.15,0.2,0.648,0.6,0.7,6.0,0.122,0.0,1.0,True,0.01,0.95,10.0,39600.0,0.938,0.139
15693,1 - 1 - 2022,19800.0,15.588457268119896,13.335216533675034,17.78280067930808,0.125,0.1,0.158489,0.172,0.15,0.2,0.769,0.7,0.8,6.54,0.127,0.0,1.0,True,0.01,0.95,10.0,39600.0,0.938,0.139
15694,1 - 1 - 2022,19800.0,15.231546211727817,13.335216533675034,17.78280067930808,0.122,0.1,0.158489,0.177,0.15,0.2,0.838,0.8,0.9,1.64,0.0636,0.0,1.0,True,0.01,0.95,10.0,39600.0,0.938,0.139
15695,1 - 1 - 2022,19800.0,16.24807680927192,13.335216533675034,17.78280067930808,0.12,0.1,0.158489,0.173,0.15,0.2,0.967,0.9,1.0,3.82,0.0971,0.0,1.0,True,0.01,0.95,10.0,39600.0,0.938,0.139
15696,1 - 1 - 2022,19800.0,15.394804318340652,13.335216533675034,17.78280067930808,0.127,0.1,0.158489,0.174,0.15,0.2,1.17,1.0,1.5,1.09,0.0232,0.0,1.0,True,0.01,0.95,10.0,39600.0,0.938,0.139
15697,1 - 1 - 2022,19800.0,14.628738838327793,13.335216533675034,17.78280067930808,0.12,0.1,0.158489,0.179,0.15,0.2,1.69,1.5,2.0,0.545,0.0164,0.0,1.0,True,0.01,0.95,10.0,39600.0,0.938,0.139
15698,1 - 1 - 2022,19800.0,14.89966442575134,13.335216533675034,17.78280067930808,0.123,0.1,0.158489,0.168,0.15,0.2,3.02,2.0,4.0,0.109,0.00367,0.0,1.0,True,0.01,0.95,10.0,39600.0,0.938,0.139
15699,1 - 1 - 2022,19800.0,14.66287829861518,13.335216533675034,17.78280067930808,0.129,0.1,0.158489,0.246,0.2,0.25,0.0344,0.0,0.05,1.09,0.0734,0.0,1.0,True,0.01,0.95,10.0,39600.0,0.938,0.139
15700,1 - 1 - 2022,19800.0,14.730919862656235,13.335216533675034,17.78280067930808,0.125,0.1,0.158489,0.224,0.2,0.25,0.14,0.1,0.2,3.27,0.0899,0.0,1.0,True,0.01,0.95,10.0,39600.0,0.938,0.139
15701,1 - 1 - 2022,19800.0,14.966629547095765,13.335216533675034,17.78280067930808,0.128,0.1,0.158489,0.228,0.2,0.25,0.242,0.2,0.3,3.82,0.0971,0.0,1.0,True,0.01,0.95,10.0,39600.0,0.938,0.139
15702,1 - 1 - 2022,19800.0,14.594519519326424,13.335216533675034,17.78280067930808,0.123,0.1,0.158489,0.221,0.2,0.25,0.338,0.3,0.4,3.82,0.0971,0.0,1.0,True,0.01,0.95,10.0,39600.0,0.938,0.139
15703,1 - 1 - 2022,19800.0,16.34013463836819,13.335216533675034,17.78280067930808,0.129,0.1,0.158489,0.221,0.2,0.25,0.462,0.4,0.5,6.54,0.127,0.0,1.0,True,0.01,0.95,10.0,39600.0,0.938,0.139
15704,1 - 1 - 2022,19800.0,15.588457268119896,13.335216533675034,17.78280067930808,0.123,0.1,0.158489,0.231,0.2,0.25,0.561,0.5,0.6,4.36,0.104,0.0,1.0,True,0.01,0.95,10.0,39600.0,0.938,0.139
15705,1 - 1 - 2022,19800.0,14.45683229480096,13.335216533675034,17.78280067930808,0.136,0.1,0.158489,0.211,0.2,0.25,0.663,0.6,0.7,2.73,0.0821,0.0,1.0,True,0.01,0.95,10.0,39600.0,0.938,0.139
15706,1 - 1 - 2022,19800.0,15.297058540778355,13.335216533675034,17.78280067930808,0.118,0.1,0.158489,0.221,0.2,0.25,0.754,0.7,0.8,3.82,0.0971,0.0,1.0,True,0.01,0.95,10.0,39600.0,0.938,0.139
15707,1 - 1 - 2022,19800.0,15.264337522473747,13.335216533675034,17.78280067930808,0.125,0.1,0.158489,0.217,0.2,0.25,0.85,0.8,0.9,4.36,0.104,0.0,1.0,True,0.01,0.95,10.0,39600.0,0.938,0.139
15708,1 - 1 - 2022,19800.0,14.866068747318506,13.335216533675034,17.78280067930808,0.131,0.1,0.158489,0.211,0.2,0.25,0.931,0.9,1.0,1.64,0.0636,0.0,1.0,True,0.01,0.95,10.0,39600.0,0.938,0.139
15709,1 - 1 - 2022,19800.0,15.066519173319364,13.335216533675034,17.78280067930808,0.11,0.1,0.158489,0.219,0.2,0.25,1.25,1.0,1.5,0.327,0.0127,0.0,1.0,True,0.01,0.95,10.0,39600.0,0.938,0.139
15710,1 - 1 - 2022,19800.0,15.198684153570664,13.335216533675034,17.78280067930808,0.134,0.1,0.158489,0.231,0.2,0.25,1.71,1.5,2.0,0.327,0.0127,0.0,1.0,True,0.01,0.95,10.0,39600.0,0.938,0.139
15711,1 - 1 - 2022,19800.0,15.033296378372908,13.335216533675034,17.78280067930808,0.119,0.1,0.158489,0.238,0.2,0.25,2.32,2.0,4.0,0.0545,0.0026,0.0,1.0,True,0.01,0.95,10.0,39600.0,0.938,0.139
15712,1 - 1 - 2022,19800.0,14.66287829861518,13.335216533675034,17.78280067930808,0.11,0.1,0.158489,0.276,0.25,0.3,0.148,0.1,0.2,1.64,0.0636,0.0,1.0,True,0.01,0.95,10.0,39600.0,0.938,0.139
15713,1 - 1 - 2022,19800.0,13.892443989449804,13.335216533675034,17.78280067930808,0.117,0.1,0.158489,0.264,0.25,0.3,0.235,0.2,0.3,2.73,0.0821,0.0,1.0,True,0.01,0.95,10.0,39600.0,0.938,0.139
15714,1 - 1 - 2022,19800.0,15.588457268119896,13.335216533675034,17.78280067930808,0.124,0.1,0.158489,0.252,0.25,0.3,0.346,0.3,0.4,1.09,0.0519,0.0,1.0,True,0.01,0.95,10.0,39600.0,0.938,0.139
15715,1 - 1 - 2022,19800.0,15.264337522473747,13.335216533675034,17.78280067930808,0.127,0.1,0.158489,0.279,0.25,0.3,0.438,0.4,0.5,1.64,0.0636,0.0,1.0,True,0.01,0.95,10.0,39600.0,0.938,0.139
15716,1 - 1 - 2022,19800.0,14.422205101855956,13.335216533675034,17.78280067930808,0.125,0.1,0.158489,0.267,0.25,0.3,0.54,0.5,0.6,3.27,0.0899,0.0,1.0,True,0.01,0.95,10.0,39600.0,0.938,0.139
15717,1 - 1 - 2022,19800.0,15.556349186104045,13.335216533675034,17.78280067930808,0.115,0.1,0.158489,0.272,0.25,0.3,0.653,0.6,0.7,2.18,0.0734,0.0,1.0,True,0.01,0.95,10.0,39600.0,0.938,0.139
15718,1 - 1 - 2022,19800.0,16.24807680927192,13.335216533675034,17.78280067930808,0.128,0.1,0.158489,0.267,0.25,0.3,0.743,0.7,0.8,4.36,0.104,0.0,1.0,True,0.01,0.95,10.0,39600.0,0.938,0.139
15719,1 - 1 - 2022,19800.0,15.394804318340652,13.335216533675034,17.78280067930808,0.123,0.1,0.158489,0.274,0.25,0.3,0.848,0.8,0.9,2.73,0.0821,0.0,1.0,True,0.01,0.95,10.0,39600.0,0.938,0.139
15720,1 - 1 - 2022,19800.0,17.146428199482248,13.335216533675034,17.78280067930808,0.139,0.1,0.158489,0.267,0.25,0.3,0.946,0.9,1.0,0.545,0.0367,0.0,1.0,True,0.01,0.95,10.0,39600.0,0.938,0.139
15721,1 - 1 - 2022,19800.0,15.905973720586866,13.335216533675034,17.78280067930808,0.133,0.1,0.158489,0.279,0.25,0.3,1.3,1.0,1.5,0.764,0.0194,0.0,1.0,True,0.01,0.95,10.0,39600.0,0.938,0.139
15722,1 - 1 - 2022,19800.0,14.317821063276353,13.335216533675034,17.78280067930808,0.126,0.1,0.158489,0.284,0.25,0.3,1.62,1.5,2.0,0.327,0.0127,0.0,1.0,True,0.01,0.95,10.0,39600.0,0.938,0.139
15723,1 - 1 - 2022,19800.0,16.852299546352718,13.335216533675034,17.78280067930808,0.148,0.1,0.158489,0.356,0.3,0.4,0.081,0.05,0.1,1.09,0.0519,0.0,1.0,True,0.01,0.95,10.0,39600.0,0.938,0.139
15724,1 - 1 - 2022,19800.0,15.033296378372908,13.335216533675034,17.78280067930808,0.125,0.1,0.158489,0.355,0.3,0.4,0.155,0.1,0.2,0.545,0.026,0.0,1.0,True,0.01,0.95,10.0,39600.0,0.938,0.139
15725,1 - 1 - 2022,19800.0,14.798648586948742,13.335216533675034,17.78280067930808,0.128,0.1,0.158489,0.353,0.3,0.4,0.267,0.2,0.3,1.36,0.041,0.0,1.0,True,0.01,0.95,10.0,39600.0,0.938,0.139
15726,1 - 1 - 2022,19800.0,15.652475842498529,13.335216533675034,17.78280067930808,0.114,0.1,0.158489,0.333,0.3,0.4,0.342,0.3,0.4,2.18,0.0519,0.0,1.0,True,0.01,0.95,10.0,39600.0,0.938,0.139
15727,1 - 1 - 2022,19800.0,14.38749456993816,13.335216533675034,17.78280067930808,0.122,0.1,0.158489,0.355,0.3,0.4,0.416,0.4,0.5,0.546,0.026,0.0,1.0,True,0.01,0.95,10.0,39600.0,0.938,0.139
15728,1 - 1 - 2022,19800.0,13.96424004376894,13.335216533675034,17.78280067930808,0.125,0.1,0.158489,0.331,0.3,0.4,0.535,0.5,0.6,1.09,0.0367,0.0,1.0,True,0.01,0.95,10.0,39600.0,0.938,0.139
15729,1 - 1 - 2022,19800.0,15.066519173319364,13.335216533675034,17.78280067930808,0.131,0.1,0.158489,0.372,0.3,0.4,0.652,0.6,0.7,1.09,0.0367,0.0,1.0,True,0.01,0.95,10.0,39600.0,0.938,0.139
15730,1 - 1 - 2022,19800.0,15.0996688705415,13.335216533675034,17.78280067930808,0.122,0.1,0.158489,0.315,0.3,0.4,0.746,0.7,0.8,1.09,0.0367,0.0,1.0,True,0.01,0.95,10.0,39600.0,0.938,0.139
15731,1 - 1 - 2022,19800.0,13.416407864998739,13.335216533675034,17.78280067930808,0.1,0.1,0.158489,0.312,0.3,0.4,0.85,0.8,0.9,0.273,0.0184,0.0,1.0,True,0.01,0.95,10.0,39600.0,0.938,0.139
15732,1 - 1 - 2022,19800.0,15.937377450509228,13.335216533675034,17.78280067930808,0.149,0.1,0.158489,0.355,0.3,0.4,0.934,0.9,1.0,0.545,0.026,0.0,1.0,True,0.01,0.95,10.0,39600.0,0.938,0.139
15733,1 - 1 - 2022,19800.0,14.730919862656235,13.335216533675034,17.78280067930808,0.118,0.1,0.158489,0.329,0.3,0.4,1.16,1.0,1.5,0.436,0.0104,0.0,1.0,True,0.01,0.95,10.0,39600.0,0.938,0.139
15734,1 - 1 - 2022,19800.0,15.684387141358123,13.335216533675034,17.78280067930808,0.127,0.1,0.158489,0.346,0.3,0.4,1.8,1.5,2.0,0.327,0.00899,0.0,1.0,True,0.01,0.95,10.0,39600.0,0.938,0.139
15735,1 - 1 - 2022,19800.0,16.217274740226856,13.335216533675034,17.78280067930808,0.11,0.1,0.158489,0.307,0.3,0.4,3.52,2.0,4.0,0.0136,0.000918,0.0,1.0,True,0.01,0.95,10.0,39600.0,0.938,0.139
15736,1 - 1 - 2022,19800.0,14.212670403551895,13.335216533675034,17.78280067930808,0.124,0.1,0.158489,0.425,0.4,0.5,0.0807,0.05,0.1,0.545,0.0367,0.0,1.0,True,0.01,0.95,10.0,39600.0,0.938,0.139
15737,1 - 1 - 2022,19800.0,16.431676725154983,13.335216533675034,17.78280067930808,0.128,0.1,0.158489,0.428,0.4,0.5,0.157,0.1,0.2,0.545,0.026,0.0,1.0,True,0.01,0.95,10.0,39600.0,0.938,0.139
15738,1 - 1 - 2022,19800.0,15.524174696260024,13.335216533675034,17.78280067930808,0.119,0.1,0.158489,0.45,0.4,0.5,0.24,0.2,0.3,0.818,0.0318,0.0,1.0,True,0.01,0.95,10.0,39600.0,0.938,0.139
15739,1 - 1 - 2022,19800.0,16.76305461424021,13.335216533675034,17.78280067930808,0.109,0.1,0.158489,0.409,0.4,0.5,0.31,0.3,0.4,0.273,0.0184,0.0,1.0,True,0.01,0.95,10.0,39600.0,0.938,0.139
15740,1 - 1 - 2022,19800.0,16.278820596099706,13.335216533675034,17.78280067930808,0.113,0.1,0.158489,0.478,0.4,0.5,0.49,0.4,0.5,0.273,0.0183,0.0,1.0,True,0.01,0.95,10.0,39600.0,0.938,0.139
15741,1 - 1 - 2022,19800.0,15.905973720586866,13.335216533675034,17.78280067930808,0.116,0.1,0.158489,0.426,0.4,0.5,0.534,0.5,0.6,0.545,0.026,0.0,1.0,True,0.01,0.95,10.0,39600.0,0.938,0.139
15742,1 - 1 - 2022,19800.0,15.874507866387544,13.335216533675034,17.78280067930808,0.113,0.1,0.158489,0.47,0.4,0.5,0.849,0.8,0.9,0.818,0.0318,0.0,1.0,True,0.01,0.95,10.0,39600.0,0.938,0.139
15743,1 - 1 - 2022,19800.0,14.966629547095765,13.335216533675034,17.78280067930808,0.124,0.1,0.158489,0.462,0.4,0.5,1.1,1.0,1.5,0.218,0.00734,0.0,1.0,True,0.01,0.95,10.0,39600.0,0.938,0.139
15744,1 - 1 - 2022,19800.0,16.401219466856727,13.335216533675034,17.78280067930808,0.127,0.1,0.158489,0.459,0.4,0.5,1.63,1.5,2.0,0.0545,0.00367,0.0,1.0,True,0.01,0.95,10.0,39600.0,0.938,0.139
15745,1 - 1 - 2022,19800.0,15.556349186104045,13.335216533675034,17.78280067930808,0.102,0.1,0.158489,0.52,0.5,0.6,0.153,0.1,0.2,0.273,0.0184,0.0,1.0,True,0.01,0.95,10.0,39600.0,0.938,0.139
15746,1 - 1 - 2022,19800.0,14.832396974191326,13.335216533675034,17.78280067930808,0.138,0.1,0.158489,0.572,0.5,0.6,0.473,0.4,0.5,0.273,0.0184,0.0,1.0,True,0.01,0.95,10.0,39600.0,0.938,0.139
15747,1 - 1 - 2022,19800.0,16.911534525287763,13.335216533675034,17.78280067930808,0.102,0.1,0.158489,0.607,0.6,0.7,0.251,0.2,0.3,0.273,0.0183,0.0,1.0,True,0.01,0.95,10.0,39600.0,0.938,0.139
15748,1 - 1 - 2022,19800.0,13.379088160259652,13.335216533675034,17.78280067930808,0.108,0.1,0.158489,0.669,0.6,0.7,0.434,0.4,0.5,0.273,0.0183,0.0,1.0,True,0.01,0.95,10.0,39600.0,0.938,0.139
15749,1 - 1 - 2022,19800.0,16.46207763315433,13.335216533675034,17.78280067930808,0.214,0.158489,0.251189,0.0276,0.0,0.05,0.0396,0.0,0.05,1.38,0.0655,0.688,1.0,True,0.01,0.95,10.0,39600.0,0.938,0.139
15750,1 - 1 - 2022,19800.0,15.748015748023622,13.335216533675034,17.78280067930808,0.204,0.158489,0.251189,0.0225,0.0,0.05,0.0731,0.05,0.1,6.88,0.146,2.06,1.0,True,0.01,0.95,10.0,39600.0,0.938,0.139
15751,1 - 1 - 2022,19800.0,15.588457268119896,13.335216533675034,17.78280067930808,0.198,0.158489,0.251189,0.0285,0.0,0.05,0.155,0.1,0.2,20.0,0.176,3.44,1.0,True,0.01,0.95,10.0,39600.0,0.938,0.139
15752,1 - 1 - 2022,19800.0,15.329709716755891,13.335216533675034,17.78280067930808,0.196,0.158489,0.251189,0.0279,0.0,0.05,0.254,0.2,0.3,23.4,0.191,5.51,1.0,True,0.01,0.95,10.0,39600.0,0.938,0.139
15753,1 - 1 - 2022,19800.0,15.556349186104045,13.335216533675034,17.78280067930808,0.197,0.158489,0.251189,0.0266,0.0,0.05,0.353,0.3,0.4,29.9,0.216,7.23,1.0,True,0.01,0.95,10.0,39600.0,0.938,0.139
15754,1 - 1 - 2022,19800.0,15.491933384829668,13.335216533675034,17.78280067930808,0.203,0.158489,0.251189,0.0234,0.0,0.05,0.446,0.4,0.5,23.4,0.191,9.29,1.0,True,0.01,0.95,10.0,39600.0,0.938,0.139
15755,1 - 1 - 2022,19800.0,15.620499351813308,13.335216533675034,17.78280067930808,0.199,0.158489,0.251189,0.0251,0.0,0.05,0.555,0.5,0.6,20.0,0.176,6.54,1.0,True,0.01,0.95,10.0,39600.0,0.938,0.139
15756,1 - 1 - 2022,19800.0,15.491933384829668,13.335216533675034,17.78280067930808,0.191,0.158489,0.251189,0.0232,0.0,0.05,0.644,0.6,0.7,15.5,0.155,4.82,1.0,True,0.01,0.95,10.0,39600.0,0.938,0.139
15757,1 - 1 - 2022,19800.0,15.0996688705415,13.335216533675034,17.78280067930808,0.197,0.158489,0.251189,0.0252,0.0,0.05,0.742,0.7,0.8,9.29,0.12,2.75,1.0,True,0.01,0.95,10.0,39600.0,0.938,0.139
15758,1 - 1 - 2022,19800.0,15.652475842498529,13.335216533675034,17.78280067930808,0.195,0.158489,0.251189,0.0286,0.0,0.05,0.833,0.8,0.9,5.85,0.0955,0.688,1.0,True,0.01,0.95,10.0,39600.0,0.938,0.139
15759,1 - 1 - 2022,19800.0,15.968719422671311,13.335216533675034,17.78280067930808,0.207,0.158489,0.251189,0.0243,0.0,0.05,0.938,0.9,1.0,4.13,0.0802,1.03,1.0,True,0.01,0.95,10.0,39600.0,0.938,0.139
15760,1 - 1 - 2022,19800.0,15.491933384829668,13.335216533675034,17.78280067930808,0.201,0.158489,0.251189,0.0343,0.0,0.05,1.15,1.0,1.5,1.58,0.0222,0.206,1.0,True,0.01,0.95,10.0,39600.0,0.938,0.139
15761,1 - 1 - 2022,19800.0,15.905973720586866,13.335216533675034,17.78280067930808,0.206,0.158489,0.251189,0.0373,0.0,0.05,1.54,1.5,2.0,0.275,0.00926,0.0,1.0,True,0.01,0.95,10.0,39600.0,0.938,0.139
15762,1 - 1 - 2022,19800.0,17.08800749063506,13.335216533675034,17.78280067930808,0.231,0.158489,0.251189,0.0741,0.05,0.1,0.0325,0.0,0.05,2.06,0.0802,0.0,1.0,True,0.01,0.95,10.0,39600.0,0.938,0.139
15763,1 - 1 - 2022,19800.0,15.297058540778355,13.335216533675034,17.78280067930808,0.212,0.158489,0.251189,0.0705,0.05,0.1,0.0724,0.05,0.1,6.19,0.139,0.0,1.0,True,0.01,0.95,10.0,39600.0,0.938,0.139
15764,1 - 1 - 2022,19800.0,15.620499351813308,13.335216533675034,17.78280067930808,0.195,0.158489,0.251189,0.0688,0.05,0.1,0.155,0.1,0.2,6.54,0.101,0.0,1.0,True,0.01,0.95,10.0,39600.0,0.938,0.139
15765,1 - 1 - 2022,19800.0,15.7797338380595,13.335216533675034,17.78280067930808,0.2,0.158489,0.251189,0.0686,0.05,0.1,0.252,0.2,0.3,14.1,0.148,0.0,1.0,True,0.01,0.95,10.0,39600.0,0.938,0.139
15766,1 - 1 - 2022,19800.0,15.264337522473747,13.335216533675034,17.78280067930808,0.2,0.158489,0.251189,0.0726,0.05,0.1,0.353,0.3,0.4,11.7,0.135,0.344,1.0,True,0.01,0.95,10.0,39600.0,0.938,0.139
15767,1 - 1 - 2022,19800.0,15.231546211727817,13.335216533675034,17.78280067930808,0.201,0.158489,0.251189,0.0715,0.05,0.1,0.448,0.4,0.5,12.0,0.137,0.0,1.0,True,0.01,0.95,10.0,39600.0,0.938,0.139
15768,1 - 1 - 2022,19800.0,15.620499351813308,13.335216533675034,17.78280067930808,0.195,0.158489,0.251189,0.0774,0.05,0.1,0.555,0.5,0.6,9.29,0.12,0.0,1.0,True,0.01,0.95,10.0,39600.0,0.938,0.139
15769,1 - 1 - 2022,19800.0,15.0996688705415,13.335216533675034,17.78280067930808,0.202,0.158489,0.251189,0.0737,0.05,0.1,0.644,0.6,0.7,8.6,0.116,0.688,1.0,True,0.01,0.95,10.0,39600.0,0.938,0.139
15770,1 - 1 - 2022,19800.0,15.684387141358123,13.335216533675034,17.78280067930808,0.191,0.158489,0.251189,0.0718,0.05,0.1,0.744,0.7,0.8,8.95,0.118,0.688,1.0,True,0.01,0.95,10.0,39600.0,0.938,0.139
15771,1 - 1 - 2022,19800.0,15.0,13.335216533675034,17.78280067930808,0.215,0.158489,0.251189,0.0744,0.05,0.1,0.849,0.8,0.9,5.51,0.0926,0.344,1.0,True,0.01,0.95,10.0,39600.0,0.938,0.139
15772,1 - 1 - 2022,19800.0,15.652475842498529,13.335216533675034,17.78280067930808,0.197,0.158489,0.251189,0.0738,0.05,0.1,0.945,0.9,1.0,2.41,0.0613,0.688,1.0,True,0.01,0.95,10.0,39600.0,0.938,0.139
15773,1 - 1 - 2022,19800.0,15.491933384829668,13.335216533675034,17.78280067930808,0.207,0.158489,0.251189,0.0762,0.05,0.1,1.19,1.0,1.5,1.31,0.0202,0.206,1.0,True,0.01,0.95,10.0,39600.0,0.938,0.139
15774,1 - 1 - 2022,19800.0,15.394804318340652,13.335216533675034,17.78280067930808,0.209,0.158489,0.251189,0.066,0.05,0.1,1.71,1.5,2.0,0.551,0.0131,0.0,1.0,True,0.01,0.95,10.0,39600.0,0.938,0.139
15775,1 - 1 - 2022,19800.0,16.0312195418814,13.335216533675034,17.78280067930808,0.187,0.158489,0.251189,0.083,0.05,0.1,2.76,2.0,4.0,0.0344,0.00164,0.0,1.0,True,0.01,0.95,10.0,39600.0,0.938,0.139
15776,1 - 1 - 2022,19800.0,16.401219466856727,13.335216533675034,17.78280067930808,0.203,0.158489,0.251189,0.137,0.1,0.15,0.0724,0.05,0.1,2.75,0.0927,0.0,1.0,True,0.01,0.95,10.0,39600.0,0.938,0.139
15777,1 - 1 - 2022,19800.0,14.89966442575134,13.335216533675034,17.78280067930808,0.201,0.158489,0.251189,0.116,0.1,0.15,0.156,0.1,0.2,3.79,0.0768,0.0,1.0,True,0.01,0.95,10.0,39600.0,0.938,0.139
15778,1 - 1 - 2022,19800.0,15.329709716755891,13.335216533675034,17.78280067930808,0.208,0.158489,0.251189,0.118,0.1,0.15,0.249,0.2,0.3,5.16,0.0897,0.0,1.0,True,0.01,0.95,10.0,39600.0,0.938,0.139
15779,1 - 1 - 2022,19800.0,15.588457268119896,13.335216533675034,17.78280067930808,0.2,0.158489,0.251189,0.125,0.1,0.15,0.347,0.3,0.4,7.57,0.109,0.0,1.0,True,0.01,0.95,10.0,39600.0,0.938,0.139
15780,1 - 1 - 2022,19800.0,15.264337522473747,13.335216533675034,17.78280067930808,0.203,0.158489,0.251189,0.118,0.1,0.15,0.436,0.4,0.5,4.82,0.0867,0.0,1.0,True,0.01,0.95,10.0,39600.0,0.938,0.139
15781,1 - 1 - 2022,19800.0,15.394804318340652,13.335216533675034,17.78280067930808,0.185,0.158489,0.251189,0.118,0.1,0.15,0.552,0.5,0.6,6.88,0.104,0.0,1.0,True,0.01,0.95,10.0,39600.0,0.938,0.139
15782,1 - 1 - 2022,19800.0,14.560219778561036,13.335216533675034,17.78280067930808,0.198,0.158489,0.251189,0.128,0.1,0.15,0.63,0.6,0.7,5.16,0.0897,0.0,1.0,True,0.01,0.95,10.0,39600.0,0.938,0.139
15783,1 - 1 - 2022,19800.0,15.165750888103101,13.335216533675034,17.78280067930808,0.207,0.158489,0.251189,0.122,0.1,0.15,0.743,0.7,0.8,6.88,0.104,0.0,1.0,True,0.01,0.95,10.0,39600.0,0.938,0.139
15784,1 - 1 - 2022,19800.0,14.966629547095765,13.335216533675034,17.78280067930808,0.21,0.158489,0.251189,0.127,0.1,0.15,0.832,0.8,0.9,2.75,0.0655,0.0,1.0,True,0.01,0.95,10.0,39600.0,0.938,0.139
15785,1 - 1 - 2022,19800.0,15.427248620541512,13.335216533675034,17.78280067930808,0.201,0.158489,0.251189,0.127,0.1,0.15,0.955,0.9,1.0,2.75,0.0655,0.344,1.0,True,0.01,0.95,10.0,39600.0,0.938,0.139
15786,1 - 1 - 2022,19800.0,15.684387141358123,13.335216533675034,17.78280067930808,0.208,0.158489,0.251189,0.123,0.1,0.15,1.13,1.0,1.5,0.688,0.0146,0.0,1.0,True,0.01,0.95,10.0,39600.0,0.938,0.139
15787,1 - 1 - 2022,19800.0,14.798648586948742,13.335216533675034,17.78280067930808,0.216,0.158489,0.251189,0.129,0.1,0.15,1.76,1.5,2.0,0.207,0.00802,0.0,1.0,True,0.01,0.95,10.0,39600.0,0.938,0.139
15788,1 - 1 - 2022,19800.0,16.822603841260722,13.335216533675034,17.78280067930808,0.186,0.158489,0.251189,0.104,0.1,0.15,2.39,2.0,4.0,0.0344,0.00164,0.0,1.0,True,0.01,0.95,10.0,39600.0,0.938,0.139
15789,1 - 1 - 2022,19800.0,14.832396974191326,13.335216533675034,17.78280067930808,0.195,0.158489,0.251189,0.167,0.15,0.2,0.0801,0.05,0.1,1.38,0.0655,0.0,1.0,True,0.01,0.95,10.0,39600.0,0.938,0.139
15790,1 - 1 - 2022,19800.0,15.968719422671311,13.335216533675034,17.78280067930808,0.206,0.158489,0.251189,0.182,0.15,0.2,0.157,0.1,0.2,1.72,0.0518,0.0,1.0,True,0.01,0.95,10.0,39600.0,0.938,0.139
15791,1 - 1 - 2022,19800.0,16.09347693943108,13.335216533675034,17.78280067930808,0.209,0.158489,0.251189,0.166,0.15,0.2,0.241,0.2,0.3,1.72,0.0518,0.0,1.0,True,0.01,0.95,10.0,39600.0,0.938,0.139
15792,1 - 1 - 2022,19800.0,15.066519173319364,13.335216533675034,17.78280067930808,0.202,0.158489,0.251189,0.175,0.15,0.2,0.365,0.3,0.4,3.79,0.0768,0.0,1.0,True,0.01,0.95,10.0,39600.0,0.938,0.139
15793,1 - 1 - 2022,19800.0,15.297058540778355,13.335216533675034,17.78280067930808,0.2,0.158489,0.251189,0.176,0.15,0.2,0.442,0.4,0.5,2.41,0.0613,0.0,1.0,True,0.01,0.95,10.0,39600.0,0.938,0.139
15794,1 - 1 - 2022,19800.0,15.652475842498529,13.335216533675034,17.78280067930808,0.198,0.158489,0.251189,0.175,0.15,0.2,0.558,0.5,0.6,3.1,0.0695,0.0,1.0,True,0.01,0.95,10.0,39600.0,0.938,0.139
15795,1 - 1 - 2022,19800.0,15.556349186104045,13.335216533675034,17.78280067930808,0.199,0.158489,0.251189,0.167,0.15,0.2,0.654,0.6,0.7,1.72,0.0518,0.0,1.0,True,0.01,0.95,10.0,39600.0,0.938,0.139
15796,1 - 1 - 2022,19800.0,15.427248620541512,13.335216533675034,17.78280067930808,0.195,0.158489,0.251189,0.168,0.15,0.2,0.768,0.7,0.8,2.75,0.0655,0.0,1.0,True,0.01,0.95,10.0,39600.0,0.938,0.139
15797,1 - 1 - 2022,19800.0,14.352700094407323,13.335216533675034,17.78280067930808,0.223,0.158489,0.251189,0.169,0.15,0.2,0.842,0.8,0.9,1.38,0.0463,0.0,1.0,True,0.01,0.95,10.0,39600.0,0.938,0.139
15798,1 - 1 - 2022,19800.0,13.74772708486752,13.335216533675034,17.78280067930808,0.196,0.158489,0.251189,0.176,0.15,0.2,0.943,0.9,1.0,0.688,0.0328,0.0,1.0,True,0.01,0.95,10.0,39600.0,0.938,0.139
15799,1 - 1 - 2022,19800.0,15.588457268119896,13.335216533675034,17.78280067930808,0.207,0.158489,0.251189,0.182,0.15,0.2,1.13,1.0,1.5,0.482,0.0123,0.0,1.0,True,0.01,0.95,10.0,39600.0,0.938,0.139
15800,1 - 1 - 2022,19800.0,16.64331697709324,13.335216533675034,17.78280067930808,0.181,0.158489,0.251189,0.177,0.15,0.2,1.66,1.5,2.0,0.0688,0.00463,0.0,1.0,True,0.01,0.95,10.0,39600.0,0.938,0.139
15801,1 - 1 - 2022,19800.0,15.459624833740307,13.335216533675034,17.78280067930808,0.17,0.158489,0.251189,0.221,0.2,0.25,0.0168,0.0,0.05,1.38,0.0655,0.0,1.0,True,0.01,0.95,10.0,39600.0,0.938,0.139
15802,1 - 1 - 2022,19800.0,16.15549442140351,13.335216533675034,17.78280067930808,0.196,0.158489,0.251189,0.214,0.2,0.25,0.0939,0.05,0.1,1.38,0.0655,0.0,1.0,True,0.01,0.95,10.0,39600.0,0.938,0.139
15803,1 - 1 - 2022,19800.0,14.317821063276353,13.335216533675034,17.78280067930808,0.197,0.158489,0.251189,0.226,0.2,0.25,0.133,0.1,0.2,1.03,0.0401,0.0,1.0,True,0.01,0.95,10.0,39600.0,0.938,0.139
15804,1 - 1 - 2022,19800.0,15.066519173319364,13.335216533675034,17.78280067930808,0.198,0.158489,0.251189,0.226,0.2,0.25,0.249,0.2,0.3,2.06,0.0567,0.0,1.0,True,0.01,0.95,10.0,39600.0,0.938,0.139
15805,1 - 1 - 2022,19800.0,14.594519519326424,13.335216533675034,17.78280067930808,0.216,0.158489,0.251189,0.225,0.2,0.25,0.375,0.3,0.4,1.72,0.0518,0.0,1.0,True,0.01,0.95,10.0,39600.0,0.938,0.139
15806,1 - 1 - 2022,19800.0,15.329709716755891,13.335216533675034,17.78280067930808,0.226,0.158489,0.251189,0.23,0.2,0.25,0.455,0.4,0.5,3.1,0.0695,0.0,1.0,True,0.01,0.95,10.0,39600.0,0.938,0.139
15807,1 - 1 - 2022,19800.0,14.933184523068078,13.335216533675034,17.78280067930808,0.19,0.158489,0.251189,0.227,0.2,0.25,0.585,0.5,0.6,1.03,0.0401,0.0,1.0,True,0.01,0.95,10.0,39600.0,0.938,0.139
15808,1 - 1 - 2022,19800.0,14.491376746189438,13.335216533675034,17.78280067930808,0.186,0.158489,0.251189,0.216,0.2,0.25,0.65,0.6,0.7,1.72,0.0518,0.0,1.0,True,0.01,0.95,10.0,39600.0,0.938,0.139
15809,1 - 1 - 2022,19800.0,14.594519519326424,13.335216533675034,17.78280067930808,0.209,0.158489,0.251189,0.215,0.2,0.25,0.763,0.7,0.8,1.38,0.0463,0.0,1.0,True,0.01,0.95,10.0,39600.0,0.938,0.139
15810,1 - 1 - 2022,19800.0,14.560219778561036,13.335216533675034,17.78280067930808,0.204,0.158489,0.251189,0.234,0.2,0.25,0.835,0.8,0.9,0.688,0.0328,0.0,1.0,True,0.01,0.95,10.0,39600.0,0.938,0.139
15811,1 - 1 - 2022,19800.0,13.638181696985855,13.335216533675034,17.78280067930808,0.178,0.158489,0.251189,0.233,0.2,0.25,0.916,0.9,1.0,0.688,0.0327,0.0,1.0,True,0.01,0.95,10.0,39600.0,0.938,0.139
15812,1 - 1 - 2022,19800.0,15.394804318340652,13.335216533675034,17.78280067930808,0.201,0.158489,0.251189,0.222,0.2,0.25,1.2,1.0,1.5,0.619,0.0139,0.0,1.0,True,0.01,0.95,10.0,39600.0,0.938,0.139
15813,1 - 1 - 2022,19800.0,14.560219778561036,13.335216533675034,17.78280067930808,0.185,0.158489,0.251189,0.208,0.2,0.25,1.72,1.5,2.0,0.344,0.0104,0.0,1.0,True,0.01,0.95,10.0,39600.0,0.938,0.139
15814,1 - 1 - 2022,19800.0,16.278820596099706,13.335216533675034,17.78280067930808,0.171,0.158489,0.251189,0.269,0.25,0.3,0.155,0.1,0.2,0.688,0.0328,0.0,1.0,True,0.01,0.95,10.0,39600.0,0.938,0.139
15815,1 - 1 - 2022,19800.0,17.0,13.335216533675034,17.78280067930808,0.198,0.158489,0.251189,0.28,0.25,0.3,0.219,0.2,0.3,1.03,0.0401,0.0,1.0,True,0.01,0.95,10.0,39600.0,0.938,0.139
15816,1 - 1 - 2022,19800.0,15.066519173319364,13.335216533675034,17.78280067930808,0.185,0.158489,0.251189,0.288,0.25,0.3,0.329,0.3,0.4,1.03,0.0401,0.0,1.0,True,0.01,0.95,10.0,39600.0,0.938,0.139
15817,1 - 1 - 2022,19800.0,14.933184523068078,13.335216533675034,17.78280067930808,0.196,0.158489,0.251189,0.275,0.25,0.3,0.445,0.4,0.5,1.72,0.0518,0.0,1.0,True,0.01,0.95,10.0,39600.0,0.938,0.139
15818,1 - 1 - 2022,19800.0,15.033296378372908,13.335216533675034,17.78280067930808,0.197,0.158489,0.251189,0.276,0.25,0.3,0.529,0.5,0.6,1.38,0.0463,0.0,1.0,True,0.01,0.95,10.0,39600.0,0.938,0.139
15819,1 - 1 - 2022,19800.0,14.696938456699069,13.335216533675034,17.78280067930808,0.195,0.158489,0.251189,0.272,0.25,0.3,0.66,0.6,0.7,1.38,0.0463,0.0,1.0,True,0.01,0.95,10.0,39600.0,0.938,0.139
15820,1 - 1 - 2022,19800.0,13.96424004376894,13.335216533675034,17.78280067930808,0.207,0.158489,0.251189,0.272,0.25,0.3,0.774,0.7,0.8,1.38,0.0463,0.0,1.0,True,0.01,0.95,10.0,39600.0,0.938,0.139
15821,1 - 1 - 2022,19800.0,14.832396974191326,13.335216533675034,17.78280067930808,0.188,0.158489,0.251189,0.277,0.25,0.3,0.84,0.8,0.9,2.41,0.0613,0.0,1.0,True,0.01,0.95,10.0,39600.0,0.938,0.139
15822,1 - 1 - 2022,19800.0,15.0996688705415,13.335216533675034,17.78280067930808,0.163,0.158489,0.251189,0.291,0.25,0.3,0.905,0.9,1.0,0.344,0.0232,0.0,1.0,True,0.01,0.95,10.0,39600.0,0.938,0.139
15823,1 - 1 - 2022,19800.0,15.874507866387544,13.335216533675034,17.78280067930808,0.192,0.158489,0.251189,0.277,0.25,0.3,1.18,1.0,1.5,0.482,0.0123,0.0,1.0,True,0.01,0.95,10.0,39600.0,0.938,0.139
15824,1 - 1 - 2022,19800.0,14.933184523068078,13.335216533675034,17.78280067930808,0.196,0.158489,0.251189,0.27,0.25,0.3,1.63,1.5,2.0,0.206,0.00802,0.0,1.0,True,0.01,0.95,10.0,39600.0,0.938,0.139
15825,1 - 1 - 2022,19800.0,14.89966442575134,13.335216533675034,17.78280067930808,0.203,0.158489,0.251189,0.257,0.25,0.3,2.37,2.0,4.0,0.0344,0.00164,0.0,1.0,True,0.01,0.95,10.0,39600.0,0.938,0.139
15826,1 - 1 - 2022,19800.0,14.491376746189438,13.335216533675034,17.78280067930808,0.186,0.158489,0.251189,0.334,0.3,0.4,0.0769,0.05,0.1,0.688,0.0328,0.0,1.0,True,0.01,0.95,10.0,39600.0,0.938,0.139
15827,1 - 1 - 2022,19800.0,15.968719422671311,13.335216533675034,17.78280067930808,0.184,0.158489,0.251189,0.337,0.3,0.4,0.171,0.1,0.2,0.516,0.0201,0.0,1.0,True,0.01,0.95,10.0,39600.0,0.938,0.139
15828,1 - 1 - 2022,19800.0,14.035668847618199,13.335216533675034,17.78280067930808,0.198,0.158489,0.251189,0.363,0.3,0.4,0.264,0.2,0.3,0.344,0.0164,0.0,1.0,True,0.01,0.95,10.0,39600.0,0.938,0.139
15829,1 - 1 - 2022,19800.0,15.874507866387544,13.335216533675034,17.78280067930808,0.213,0.158489,0.251189,0.336,0.3,0.4,0.345,0.3,0.4,0.516,0.0201,0.0,1.0,True,0.01,0.95,10.0,39600.0,0.938,0.139
15830,1 - 1 - 2022,19800.0,15.0996688705415,13.335216533675034,17.78280067930808,0.213,0.158489,0.251189,0.345,0.3,0.4,0.429,0.4,0.5,0.344,0.0164,0.0,1.0,True,0.01,0.95,10.0,39600.0,0.938,0.139
15831,1 - 1 - 2022,19800.0,16.822603841260722,13.335216533675034,17.78280067930808,0.209,0.158489,0.251189,0.354,0.3,0.4,0.528,0.5,0.6,0.688,0.0232,0.0,1.0,True,0.01,0.95,10.0,39600.0,0.938,0.139
15832,1 - 1 - 2022,19800.0,15.748015748023622,13.335216533675034,17.78280067930808,0.19,0.158489,0.251189,0.349,0.3,0.4,0.629,0.6,0.7,0.344,0.0164,0.0,1.0,True,0.01,0.95,10.0,39600.0,0.938,0.139
15833,1 - 1 - 2022,19800.0,16.46207763315433,13.335216533675034,17.78280067930808,0.201,0.158489,0.251189,0.354,0.3,0.4,0.768,0.7,0.8,0.344,0.0164,0.0,1.0,True,0.01,0.95,10.0,39600.0,0.938,0.139
15834,1 - 1 - 2022,19800.0,15.231546211727817,13.335216533675034,17.78280067930808,0.199,0.158489,0.251189,0.345,0.3,0.4,0.828,0.8,0.9,0.516,0.0201,0.0,1.0,True,0.01,0.95,10.0,39600.0,0.938,0.139
15835,1 - 1 - 2022,19800.0,14.66287829861518,13.335216533675034,17.78280067930808,0.212,0.158489,0.251189,0.329,0.3,0.4,1.12,1.0,1.5,0.206,0.00567,0.0,1.0,True,0.01,0.95,10.0,39600.0,0.938,0.139
15836,1 - 1 - 2022,19800.0,13.820274961085254,13.335216533675034,17.78280067930808,0.224,0.158489,0.251189,0.371,0.3,0.4,1.66,1.5,2.0,0.0344,0.00232,0.0,1.0,True,0.01,0.95,10.0,39600.0,0.938,0.139
15837,1 - 1 - 2022,19800.0,16.0312195418814,13.335216533675034,17.78280067930808,0.229,0.158489,0.251189,0.372,0.3,0.4,2.38,2.0,4.0,0.0172,0.000819,0.0,1.0,True,0.01,0.95,10.0,39600.0,0.938,0.139
15838,1 - 1 - 2022,19800.0,15.491933384829668,13.335216533675034,17.78280067930808,0.218,0.158489,0.251189,0.406,0.4,0.5,0.126,0.1,0.2,0.172,0.0116,0.0,1.0,True,0.01,0.95,10.0,39600.0,0.938,0.139
15839,1 - 1 - 2022,19800.0,15.394804318340652,13.335216533675034,17.78280067930808,0.204,0.158489,0.251189,0.431,0.4,0.5,0.253,0.2,0.3,0.516,0.0201,0.0,1.0,True,0.01,0.95,10.0,39600.0,0.938,0.139
15840,1 - 1 - 2022,19800.0,15.588457268119896,13.335216533675034,17.78280067930808,0.224,0.158489,0.251189,0.44,0.4,0.5,0.35,0.3,0.4,0.172,0.0116,0.0,1.0,True,0.01,0.95,10.0,39600.0,0.938,0.139
15841,1 - 1 - 2022,19800.0,14.594519519326424,13.335216533675034,17.78280067930808,0.179,0.158489,0.251189,0.464,0.4,0.5,0.463,0.4,0.5,0.516,0.0201,0.0,1.0,True,0.01,0.95,10.0,39600.0,0.938,0.139
15842,1 - 1 - 2022,19800.0,15.0,13.335216533675034,17.78280067930808,0.2,0.158489,0.251189,0.44,0.4,0.5,0.541,0.5,0.6,0.344,0.0164,0.0,1.0,True,0.01,0.95,10.0,39600.0,0.938,0.139
15843,1 - 1 - 2022,19800.0,14.798648586948742,13.335216533675034,17.78280067930808,0.216,0.158489,0.251189,0.435,0.4,0.5,0.764,0.7,0.8,0.344,0.0164,0.0,1.0,True,0.01,0.95,10.0,39600.0,0.938,0.139
15844,1 - 1 - 2022,19800.0,16.1245154965971,13.335216533675034,17.78280067930808,0.163,0.158489,0.251189,0.474,0.4,0.5,1.59,1.5,2.0,0.0344,0.00232,0.0,1.0,True,0.01,0.95,10.0,39600.0,0.938,0.139
15845,1 - 1 - 2022,19800.0,14.89966442575134,13.335216533675034,17.78280067930808,0.19,0.158489,0.251189,0.571,0.5,0.6,0.125,0.1,0.2,0.344,0.0164,0.0,1.0,True,0.01,0.95,10.0,39600.0,0.938,0.139
15846,1 - 1 - 2022,19800.0,14.866068747318506,13.335216533675034,17.78280067930808,0.206,0.158489,0.251189,0.574,0.5,0.6,0.297,0.2,0.3,0.172,0.0116,0.0,1.0,True,0.01,0.95,10.0,39600.0,0.938,0.139
15847,1 - 1 - 2022,19800.0,15.198684153570664,13.335216533675034,17.78280067930808,0.22,0.158489,0.251189,0.6,0.6,0.7,0.344,0.3,0.4,0.172,0.0116,0.0,1.0,True,0.01,0.95,10.0,39600.0,0.938,0.139
15848,1 - 1 - 2022,19800.0,16.881943016134134,13.335216533675034,17.78280067930808,0.171,0.158489,0.251189,0.529,0.5,0.6,0.475,0.4,0.5,0.172,0.0116,0.0,1.0,True,0.01,0.95,10.0,39600.0,0.938,0.139
15849,1 - 1 - 2022,19800.0,13.564659966250536,13.335216533675034,17.78280067930808,0.166,0.158489,0.251189,0.531,0.5,0.6,0.531,0.5,0.6,0.172,0.0116,0.0,1.0,True,0.01,0.95,10.0,39600.0,0.938,0.139
15850,1 - 1 - 2022,19800.0,15.905973720586866,13.335216533675034,17.78280067930808,0.216,0.158489,0.251189,0.551,0.5,0.6,0.635,0.6,0.7,0.172,0.0116,0.0,1.0,True,0.01,0.95,10.0,39600.0,0.938,0.139
15851,1 - 1 - 2022,19800.0,15.033296378372908,13.335216533675034,17.78280067930808,0.179,0.158489,0.251189,0.516,0.5,0.6,0.758,0.7,0.8,0.516,0.0201,0.0,1.0,True,0.01,0.95,10.0,39600.0,0.938,0.139
15852,1 - 1 - 2022,19800.0,15.748015748023622,13.335216533675034,17.78280067930808,0.19,0.158489,0.251189,0.625,0.6,0.7,0.156,0.1,0.2,0.344,0.0164,0.0,1.0,True,0.01,0.95,10.0,39600.0,0.938,0.139
15853,1 - 1 - 2022,19800.0,14.142135623730951,13.335216533675034,17.78280067930808,0.219,0.158489,0.251189,0.634,0.6,0.7,0.451,0.4,0.5,0.172,0.0116,0.0,1.0,True,0.01,0.95,10.0,39600.0,0.938,0.139
15854,1 - 1 - 2022,19800.0,15.748015748023622,13.335216533675034,17.78280067930808,0.228,0.158489,0.251189,0.613,0.6,0.7,0.706,0.7,0.8,0.172,0.0116,0.0,1.0,True,0.01,0.95,10.0,39600.0,0.938,0.139
15855,1 - 1 - 2022,19800.0,15.748015748023622,13.335216533675034,17.78280067930808,0.197,0.158489,0.251189,0.66,0.6,0.7,1.9,1.5,2.0,0.0344,0.00232,0.0,1.0,True,0.01,0.95,10.0,39600.0,0.938,0.139
15856,1 - 1 - 2022,19800.0,15.968719422671311,13.335216533675034,17.78280067930808,0.287,0.251189,0.398107,0.0282,0.0,0.05,0.0291,0.0,0.05,1.3,0.0506,0.869,1.0,True,0.01,0.95,10.0,39600.0,0.938,0.139
15857,1 - 1 - 2022,19800.0,15.0,13.335216533675034,17.78280067930808,0.317,0.251189,0.398107,0.0334,0.0,0.05,0.0868,0.05,0.1,4.34,0.0924,0.868,1.0,True,0.01,0.95,10.0,39600.0,0.938,0.139
15858,1 - 1 - 2022,19800.0,15.264337522473747,13.335216533675034,17.78280067930808,0.31,0.251189,0.398107,0.0318,0.0,0.05,0.161,0.1,0.2,6.95,0.0827,1.74,1.0,True,0.01,0.95,10.0,39600.0,0.938,0.139
15859,1 - 1 - 2022,19800.0,15.362291495737216,13.335216533675034,17.78280067930808,0.294,0.251189,0.398107,0.0319,0.0,0.05,0.25,0.2,0.3,8.47,0.0913,1.52,1.0,True,0.01,0.95,10.0,39600.0,0.938,0.139
15860,1 - 1 - 2022,19800.0,15.394804318340652,13.335216533675034,17.78280067930808,0.308,0.251189,0.398107,0.0324,0.0,0.05,0.355,0.3,0.4,6.73,0.0814,2.17,1.0,True,0.01,0.95,10.0,39600.0,0.938,0.139
15861,1 - 1 - 2022,19800.0,15.394804318340652,13.335216533675034,17.78280067930808,0.309,0.251189,0.398107,0.0311,0.0,0.05,0.446,0.4,0.5,6.95,0.0827,1.95,1.0,True,0.01,0.95,10.0,39600.0,0.938,0.139
15862,1 - 1 - 2022,19800.0,15.459624833740307,13.335216533675034,17.78280067930808,0.315,0.251189,0.398107,0.0314,0.0,0.05,0.544,0.5,0.6,5.43,0.0731,1.52,1.0,True,0.01,0.95,10.0,39600.0,0.938,0.139
15863,1 - 1 - 2022,19800.0,15.427248620541512,13.335216533675034,17.78280067930808,0.294,0.251189,0.398107,0.0302,0.0,0.05,0.642,0.6,0.7,5.86,0.0759,2.17,1.0,True,0.01,0.95,10.0,39600.0,0.938,0.139
15864,1 - 1 - 2022,19800.0,15.362291495737216,13.335216533675034,17.78280067930808,0.31,0.251189,0.398107,0.0329,0.0,0.05,0.754,0.7,0.8,2.82,0.0527,0.869,1.0,True,0.01,0.95,10.0,39600.0,0.938,0.139
15865,1 - 1 - 2022,19800.0,15.652475842498529,13.335216533675034,17.78280067930808,0.322,0.251189,0.398107,0.0349,0.0,0.05,0.856,0.8,0.9,2.82,0.0527,1.09,1.0,True,0.01,0.95,10.0,39600.0,0.938,0.139
15866,1 - 1 - 2022,19800.0,16.1245154965971,13.335216533675034,17.78280067930808,0.298,0.251189,0.398107,0.0297,0.0,0.05,0.929,0.9,1.0,1.95,0.0438,0.869,1.0,True,0.01,0.95,10.0,39600.0,0.938,0.139
15867,1 - 1 - 2022,19800.0,15.968719422671311,13.335216533675034,17.78280067930808,0.301,0.251189,0.398107,0.0387,0.0,0.05,1.21,1.0,1.5,0.261,0.00716,0.0869,1.0,True,0.01,0.95,10.0,39600.0,0.938,0.139
15868,1 - 1 - 2022,19800.0,16.703293088490067,13.335216533675034,17.78280067930808,0.379,0.251189,0.398107,0.0505,0.05,0.1,0.0476,0.0,0.05,0.434,0.0292,0.0,1.0,True,0.01,0.95,10.0,39600.0,0.938,0.139
15869,1 - 1 - 2022,19800.0,15.7797338380595,13.335216533675034,17.78280067930808,0.317,0.251189,0.398107,0.0721,0.05,0.1,0.0729,0.05,0.1,1.74,0.0585,0.0,1.0,True,0.01,0.95,10.0,39600.0,0.938,0.139
15870,1 - 1 - 2022,19800.0,15.459624833740307,13.335216533675034,17.78280067930808,0.308,0.251189,0.398107,0.0636,0.05,0.1,0.148,0.1,0.2,3.04,0.0547,0.0,1.0,True,0.01,0.95,10.0,39600.0,0.938,0.139
15871,1 - 1 - 2022,19800.0,15.066519173319364,13.335216533675034,17.78280067930808,0.306,0.251189,0.398107,0.0708,0.05,0.1,0.253,0.2,0.3,5.65,0.0745,0.0,1.0,True,0.01,0.95,10.0,39600.0,0.938,0.139
15872,1 - 1 - 2022,19800.0,15.165750888103101,13.335216533675034,17.78280067930808,0.314,0.251189,0.398107,0.0669,0.05,0.1,0.354,0.3,0.4,4.99,0.0701,0.0,1.0,True,0.01,0.95,10.0,39600.0,0.938,0.139
15873,1 - 1 - 2022,19800.0,15.556349186104045,13.335216533675034,17.78280067930808,0.328,0.251189,0.398107,0.077,0.05,0.1,0.447,0.4,0.5,5.21,0.0716,0.0,1.0,True,0.01,0.95,10.0,39600.0,0.938,0.139
15874,1 - 1 - 2022,19800.0,15.362291495737216,13.335216533675034,17.78280067930808,0.299,0.251189,0.398107,0.0806,0.05,0.1,0.54,0.5,0.6,4.34,0.0654,0.0,1.0,True,0.01,0.95,10.0,39600.0,0.938,0.139
15875,1 - 1 - 2022,19800.0,14.89966442575134,13.335216533675034,17.78280067930808,0.328,0.251189,0.398107,0.0748,0.05,0.1,0.648,0.6,0.7,3.26,0.0566,0.0,1.0,True,0.01,0.95,10.0,39600.0,0.938,0.139
15876,1 - 1 - 2022,19800.0,15.652475842498529,13.335216533675034,17.78280067930808,0.308,0.251189,0.398107,0.0702,0.05,0.1,0.749,0.7,0.8,2.61,0.0506,0.0,1.0,True,0.01,0.95,10.0,39600.0,0.938,0.139
15877,1 - 1 - 2022,19800.0,15.620499351813308,13.335216533675034,17.78280067930808,0.302,0.251189,0.398107,0.0803,0.05,0.1,0.856,0.8,0.9,1.95,0.0438,0.0,1.0,True,0.01,0.95,10.0,39600.0,0.938,0.139
15878,1 - 1 - 2022,19800.0,17.549928774784245,13.335216533675034,17.78280067930808,0.39,0.251189,0.398107,0.0532,0.05,0.1,0.937,0.9,1.0,0.217,0.0146,0.0,1.0,True,0.01,0.95,10.0,39600.0,0.938,0.139
15879,1 - 1 - 2022,19800.0,15.362291495737216,13.335216533675034,17.78280067930808,0.325,0.251189,0.398107,0.0748,0.05,0.1,1.16,1.0,1.5,0.347,0.00827,0.0,1.0,True,0.01,0.95,10.0,39600.0,0.938,0.139
15880,1 - 1 - 2022,19800.0,16.1245154965971,13.335216533675034,17.78280067930808,0.316,0.251189,0.398107,0.0827,0.05,0.1,1.75,1.5,2.0,0.304,0.00773,0.0,1.0,True,0.01,0.95,10.0,39600.0,0.938,0.139
15881,1 - 1 - 2022,19800.0,15.066519173319364,13.335216533675034,17.78280067930808,0.284,0.251189,0.398107,0.0841,0.05,0.1,2.42,2.0,4.0,0.0326,0.00127,0.0,1.0,True,0.01,0.95,10.0,39600.0,0.938,0.139
15882,1 - 1 - 2022,19800.0,14.628738838327793,13.335216533675034,17.78280067930808,0.332,0.251189,0.398107,0.111,0.1,0.15,0.05,0.05,0.1,0.434,0.0292,0.0,1.0,True,0.01,0.95,10.0,39600.0,0.938,0.139
15883,1 - 1 - 2022,19800.0,15.0996688705415,13.335216533675034,17.78280067930808,0.306,0.251189,0.398107,0.124,0.1,0.15,0.161,0.1,0.2,2.39,0.0485,0.0,1.0,True,0.01,0.95,10.0,39600.0,0.938,0.139
15884,1 - 1 - 2022,19800.0,15.362291495737216,13.335216533675034,17.78280067930808,0.323,0.251189,0.398107,0.118,0.1,0.15,0.251,0.2,0.3,3.69,0.0603,0.0,1.0,True,0.01,0.95,10.0,39600.0,0.938,0.139
15885,1 - 1 - 2022,19800.0,15.033296378372908,13.335216533675034,17.78280067930808,0.293,0.251189,0.398107,0.123,0.1,0.15,0.37,0.3,0.4,2.39,0.0485,0.0,1.0,True,0.01,0.95,10.0,39600.0,0.938,0.139
15886,1 - 1 - 2022,19800.0,14.966629547095765,13.335216533675034,17.78280067930808,0.334,0.251189,0.398107,0.125,0.1,0.15,0.427,0.4,0.5,2.39,0.0485,0.0,1.0,True,0.01,0.95,10.0,39600.0,0.938,0.139
15887,1 - 1 - 2022,19800.0,15.556349186104045,13.335216533675034,17.78280067930808,0.292,0.251189,0.398107,0.125,0.1,0.15,0.542,0.5,0.6,2.17,0.0462,0.0,1.0,True,0.01,0.95,10.0,39600.0,0.938,0.139
15888,1 - 1 - 2022,19800.0,15.556349186104045,13.335216533675034,17.78280067930808,0.32,0.251189,0.398107,0.126,0.1,0.15,0.642,0.6,0.7,1.95,0.0438,0.0,1.0,True,0.01,0.95,10.0,39600.0,0.938,0.139
15889,1 - 1 - 2022,19800.0,15.427248620541512,13.335216533675034,17.78280067930808,0.304,0.251189,0.398107,0.12,0.1,0.15,0.736,0.7,0.8,1.3,0.0358,0.0,1.0,True,0.01,0.95,10.0,39600.0,0.938,0.139
15890,1 - 1 - 2022,19800.0,14.45683229480096,13.335216533675034,17.78280067930808,0.29,0.251189,0.398107,0.131,0.1,0.15,0.855,0.8,0.9,1.52,0.0387,0.0,1.0,True,0.01,0.95,10.0,39600.0,0.938,0.139
15891,1 - 1 - 2022,19800.0,15.524174696260024,13.335216533675034,17.78280067930808,0.319,0.251189,0.398107,0.125,0.1,0.15,0.929,0.9,1.0,1.09,0.0327,0.0,1.0,True,0.01,0.95,10.0,39600.0,0.938,0.139
15892,1 - 1 - 2022,19800.0,15.874507866387544,13.335216533675034,17.78280067930808,0.3,0.251189,0.398107,0.118,0.1,0.15,1.2,1.0,1.5,0.217,0.00654,0.0434,1.0,True,0.01,0.95,10.0,39600.0,0.938,0.139
15893,1 - 1 - 2022,19800.0,14.52583904633395,13.335216533675034,17.78280067930808,0.313,0.251189,0.398107,0.127,0.1,0.15,1.75,1.5,2.0,0.174,0.00585,0.0434,1.0,True,0.01,0.95,10.0,39600.0,0.938,0.139
15894,1 - 1 - 2022,19800.0,16.46207763315433,13.335216533675034,17.78280067930808,0.26,0.251189,0.398107,0.177,0.15,0.2,0.0799,0.05,0.1,0.434,0.0292,0.0,1.0,True,0.01,0.95,10.0,39600.0,0.938,0.139
15895,1 - 1 - 2022,19800.0,15.459624833740307,13.335216533675034,17.78280067930808,0.269,0.251189,0.398107,0.17,0.15,0.2,0.136,0.1,0.2,1.52,0.0387,0.0,1.0,True,0.01,0.95,10.0,39600.0,0.938,0.139
15896,1 - 1 - 2022,19800.0,14.2828568570857,13.335216533675034,17.78280067930808,0.304,0.251189,0.398107,0.173,0.15,0.2,0.237,0.2,0.3,2.61,0.0506,0.0,1.0,True,0.01,0.95,10.0,39600.0,0.938,0.139
15897,1 - 1 - 2022,19800.0,14.832396974191326,13.335216533675034,17.78280067930808,0.316,0.251189,0.398107,0.175,0.15,0.2,0.358,0.3,0.4,1.52,0.0387,0.0,1.0,True,0.01,0.95,10.0,39600.0,0.938,0.139
15898,1 - 1 - 2022,19800.0,16.0,13.335216533675034,17.78280067930808,0.343,0.251189,0.398107,0.165,0.15,0.2,0.442,0.4,0.5,0.651,0.0253,0.0,1.0,True,0.01,0.95,10.0,39600.0,0.938,0.139
15899,1 - 1 - 2022,19800.0,15.264337522473747,13.335216533675034,17.78280067930808,0.312,0.251189,0.398107,0.176,0.15,0.2,0.55,0.5,0.6,1.52,0.0387,0.0,1.0,True,0.01,0.95,10.0,39600.0,0.938,0.139
15900,1 - 1 - 2022,19800.0,15.652475842498529,13.335216533675034,17.78280067930808,0.285,0.251189,0.398107,0.162,0.15,0.2,0.634,0.6,0.7,1.3,0.0358,0.0,1.0,True,0.01,0.95,10.0,39600.0,0.938,0.139
15901,1 - 1 - 2022,19800.0,14.628738838327793,13.335216533675034,17.78280067930808,0.312,0.251189,0.398107,0.169,0.15,0.2,0.751,0.7,0.8,1.3,0.0358,0.0,1.0,True,0.01,0.95,10.0,39600.0,0.938,0.139
15902,1 - 1 - 2022,19800.0,15.652475842498529,13.335216533675034,17.78280067930808,0.268,0.251189,0.398107,0.186,0.15,0.2,0.822,0.8,0.9,0.434,0.0207,0.0,1.0,True,0.01,0.95,10.0,39600.0,0.938,0.139
15903,1 - 1 - 2022,19800.0,15.748015748023622,13.335216533675034,17.78280067930808,0.339,0.251189,0.398107,0.159,0.15,0.2,0.944,0.9,1.0,1.09,0.0327,0.0,1.0,True,0.01,0.95,10.0,39600.0,0.938,0.139
15904,1 - 1 - 2022,19800.0,14.798648586948742,13.335216533675034,17.78280067930808,0.305,0.251189,0.398107,0.175,0.15,0.2,1.16,1.0,1.5,0.347,0.00827,0.0,1.0,True,0.01,0.95,10.0,39600.0,0.938,0.139
15905,1 - 1 - 2022,19800.0,14.730919862656235,13.335216533675034,17.78280067930808,0.292,0.251189,0.398107,0.188,0.15,0.2,1.7,1.5,2.0,0.13,0.00506,0.0,1.0,True,0.01,0.95,10.0,39600.0,0.938,0.139
15906,1 - 1 - 2022,19800.0,16.217274740226856,13.335216533675034,17.78280067930808,0.263,0.251189,0.398107,0.169,0.15,0.2,2.23,2.0,4.0,0.0109,0.000731,0.0,1.0,True,0.01,0.95,10.0,39600.0,0.938,0.139
15907,1 - 1 - 2022,19800.0,14.38749456993816,13.335216533675034,17.78280067930808,0.326,0.251189,0.398107,0.234,0.2,0.25,0.0561,0.05,0.1,0.434,0.0292,0.0,1.0,True,0.01,0.95,10.0,39600.0,0.938,0.139
15908,1 - 1 - 2022,19800.0,16.06237840420901,13.335216533675034,17.78280067930808,0.314,0.251189,0.398107,0.217,0.2,0.25,0.152,0.1,0.2,0.868,0.0292,0.0,1.0,True,0.01,0.95,10.0,39600.0,0.938,0.139
15909,1 - 1 - 2022,19800.0,14.832396974191326,13.335216533675034,17.78280067930808,0.304,0.251189,0.398107,0.226,0.2,0.25,0.245,0.2,0.3,1.09,0.0327,0.0,1.0,True,0.01,0.95,10.0,39600.0,0.938,0.139
15910,1 - 1 - 2022,19800.0,14.832396974191326,13.335216533675034,17.78280067930808,0.343,0.251189,0.398107,0.216,0.2,0.25,0.356,0.3,0.4,1.52,0.0387,0.0,1.0,True,0.01,0.95,10.0,39600.0,0.938,0.139
15911,1 - 1 - 2022,19800.0,14.66287829861518,13.335216533675034,17.78280067930808,0.303,0.251189,0.398107,0.21,0.2,0.25,0.449,0.4,0.5,1.52,0.0387,0.0,1.0,True,0.01,0.95,10.0,39600.0,0.938,0.139
15912,1 - 1 - 2022,19800.0,15.066519173319364,13.335216533675034,17.78280067930808,0.283,0.251189,0.398107,0.213,0.2,0.25,0.537,0.5,0.6,0.868,0.0292,0.0,1.0,True,0.01,0.95,10.0,39600.0,0.938,0.139
15913,1 - 1 - 2022,19800.0,15.394804318340652,13.335216533675034,17.78280067930808,0.314,0.251189,0.398107,0.231,0.2,0.25,0.652,0.6,0.7,0.869,0.0292,0.0,1.0,True,0.01,0.95,10.0,39600.0,0.938,0.139
15914,1 - 1 - 2022,19800.0,16.09347693943108,13.335216533675034,17.78280067930808,0.299,0.251189,0.398107,0.227,0.2,0.25,0.766,0.7,0.8,0.217,0.0146,0.0,1.0,True,0.01,0.95,10.0,39600.0,0.938,0.139
15915,1 - 1 - 2022,19800.0,16.1245154965971,13.335216533675034,17.78280067930808,0.295,0.251189,0.398107,0.223,0.2,0.25,0.843,0.8,0.9,0.651,0.0253,0.0,1.0,True,0.01,0.95,10.0,39600.0,0.938,0.139
15916,1 - 1 - 2022,19800.0,14.2828568570857,13.335216533675034,17.78280067930808,0.289,0.251189,0.398107,0.23,0.2,0.25,0.941,0.9,1.0,1.3,0.0358,0.0,1.0,True,0.01,0.95,10.0,39600.0,0.938,0.139
15917,1 - 1 - 2022,19800.0,15.652475842498529,13.335216533675034,17.78280067930808,0.308,0.251189,0.398107,0.221,0.2,0.25,1.2,1.0,1.5,0.0868,0.00413,0.0,1.0,True,0.01,0.95,10.0,39600.0,0.938,0.139
15918,1 - 1 - 2022,19800.0,14.933184523068078,13.335216533675034,17.78280067930808,0.311,0.251189,0.398107,0.272,0.25,0.3,0.0852,0.05,0.1,0.868,0.0413,0.0,1.0,True,0.01,0.95,10.0,39600.0,0.938,0.139
15919,1 - 1 - 2022,19800.0,15.684387141358123,13.335216533675034,17.78280067930808,0.346,0.251189,0.398107,0.294,0.25,0.3,0.105,0.1,0.2,0.217,0.0146,0.0,1.0,True,0.01,0.95,10.0,39600.0,0.938,0.139
15920,1 - 1 - 2022,19800.0,17.74823934929885,13.335216533675034,17.78280067930808,0.259,0.251189,0.398107,0.257,0.25,0.3,0.352,0.3,0.4,0.217,0.0146,0.0,1.0,True,0.01,0.95,10.0,39600.0,0.938,0.139
15921,1 - 1 - 2022,19800.0,13.601470508735444,13.335216533675034,17.78280067930808,0.351,0.251189,0.398107,0.283,0.25,0.3,0.478,0.4,0.5,0.217,0.0146,0.0,1.0,True,0.01,0.95,10.0,39600.0,0.938,0.139
15922,1 - 1 - 2022,19800.0,15.198684153570664,13.335216533675034,17.78280067930808,0.28,0.251189,0.398107,0.261,0.25,0.3,0.557,0.5,0.6,0.651,0.0253,0.0,1.0,True,0.01,0.95,10.0,39600.0,0.938,0.139
15923,1 - 1 - 2022,19800.0,15.459624833740307,13.335216533675034,17.78280067930808,0.37,0.251189,0.398107,0.259,0.25,0.3,0.612,0.6,0.7,0.434,0.0207,0.0,1.0,True,0.01,0.95,10.0,39600.0,0.938,0.139
15924,1 - 1 - 2022,19800.0,15.491933384829668,13.335216533675034,17.78280067930808,0.31,0.251189,0.398107,0.287,0.25,0.3,0.739,0.7,0.8,0.434,0.0207,0.0,1.0,True,0.01,0.95,10.0,39600.0,0.938,0.139
15925,1 - 1 - 2022,19800.0,15.684387141358123,13.335216533675034,17.78280067930808,0.346,0.251189,0.398107,0.259,0.25,0.3,0.87,0.8,0.9,0.217,0.0146,0.0,1.0,True,0.01,0.95,10.0,39600.0,0.938,0.139
15926,1 - 1 - 2022,19800.0,14.933184523068078,13.335216533675034,17.78280067930808,0.28,0.251189,0.398107,0.279,0.25,0.3,0.989,0.9,1.0,0.434,0.0207,0.0,1.0,True,0.01,0.95,10.0,39600.0,0.938,0.139
15927,1 - 1 - 2022,19800.0,14.560219778561036,13.335216533675034,17.78280067930808,0.283,0.251189,0.398107,0.278,0.25,0.3,1.19,1.0,1.5,0.13,0.00506,0.0,1.0,True,0.01,0.95,10.0,39600.0,0.938,0.139
15928,1 - 1 - 2022,19800.0,14.422205101855956,13.335216533675034,17.78280067930808,0.328,0.251189,0.398107,0.282,0.25,0.3,1.7,1.5,2.0,0.174,0.00584,0.0,1.0,True,0.01,0.95,10.0,39600.0,0.938,0.139
15929,1 - 1 - 2022,19800.0,14.317821063276353,13.335216533675034,17.78280067930808,0.373,0.251189,0.398107,0.262,0.25,0.3,2.25,2.0,4.0,0.0109,0.000731,0.0,1.0,True,0.01,0.95,10.0,39600.0,0.938,0.139
15930,1 - 1 - 2022,19800.0,15.588457268119896,13.335216533675034,17.78280067930808,0.297,0.251189,0.398107,0.34,0.3,0.4,0.163,0.1,0.2,0.217,0.0103,0.0,1.0,True,0.01,0.95,10.0,39600.0,0.938,0.139
15931,1 - 1 - 2022,19800.0,14.696938456699069,13.335216533675034,17.78280067930808,0.292,0.251189,0.398107,0.333,0.3,0.4,0.273,0.2,0.3,0.326,0.0127,0.0,1.0,True,0.01,0.95,10.0,39600.0,0.938,0.139
15932,1 - 1 - 2022,19800.0,15.874507866387544,13.335216533675034,17.78280067930808,0.346,0.251189,0.398107,0.37,0.3,0.4,0.347,0.3,0.4,0.76,0.0193,0.0,1.0,True,0.01,0.95,10.0,39600.0,0.938,0.139
15933,1 - 1 - 2022,19800.0,14.247806848775006,13.335216533675034,17.78280067930808,0.259,0.251189,0.398107,0.346,0.3,0.4,0.47,0.4,0.5,0.326,0.0127,0.0,1.0,True,0.01,0.95,10.0,39600.0,0.938,0.139
15934,1 - 1 - 2022,19800.0,15.748015748023622,13.335216533675034,17.78280067930808,0.297,0.251189,0.398107,0.348,0.3,0.4,0.535,0.5,0.6,0.543,0.0163,0.0,1.0,True,0.01,0.95,10.0,39600.0,0.938,0.139
15935,1 - 1 - 2022,19800.0,16.792855623746664,13.335216533675034,17.78280067930808,0.368,0.251189,0.398107,0.349,0.3,0.4,0.653,0.6,0.7,0.109,0.00731,0.0,1.0,True,0.01,0.95,10.0,39600.0,0.938,0.139
15936,1 - 1 - 2022,19800.0,15.459624833740307,13.335216533675034,17.78280067930808,0.388,0.251189,0.398107,0.33,0.3,0.4,0.775,0.7,0.8,0.109,0.00731,0.0,1.0,True,0.01,0.95,10.0,39600.0,0.938,0.139
15937,1 - 1 - 2022,19800.0,14.798648586948742,13.335216533675034,17.78280067930808,0.321,0.251189,0.398107,0.347,0.3,0.4,0.87,0.8,0.9,0.326,0.0127,0.0,1.0,True,0.01,0.95,10.0,39600.0,0.938,0.139
15938,1 - 1 - 2022,19800.0,14.933184523068078,13.335216533675034,17.78280067930808,0.375,0.251189,0.398107,0.301,0.3,0.4,0.983,0.9,1.0,0.109,0.00731,0.0,1.0,True,0.01,0.95,10.0,39600.0,0.938,0.139
15939,1 - 1 - 2022,19800.0,13.45362404707371,13.335216533675034,17.78280067930808,0.324,0.251189,0.398107,0.332,0.3,0.4,1.29,1.0,1.5,0.0217,0.00146,0.0,1.0,True,0.01,0.95,10.0,39600.0,0.938,0.139
15940,1 - 1 - 2022,19800.0,14.52583904633395,13.335216533675034,17.78280067930808,0.295,0.251189,0.398107,0.365,0.3,0.4,2.18,2.0,4.0,0.0109,0.000517,0.0,1.0,True,0.01,0.95,10.0,39600.0,0.938,0.139
15941,1 - 1 - 2022,19800.0,16.76305461424021,13.335216533675034,17.78280067930808,0.258,0.251189,0.398107,0.407,0.4,0.5,0.232,0.2,0.3,0.109,0.00731,0.0,1.0,True,0.01,0.95,10.0,39600.0,0.938,0.139
15942,1 - 1 - 2022,19800.0,14.696938456699069,13.335216533675034,17.78280067930808,0.318,0.251189,0.398107,0.439,0.4,0.5,0.332,0.3,0.4,0.217,0.0103,0.0,1.0,True,0.01,0.95,10.0,39600.0,0.938,0.139
15943,1 - 1 - 2022,19800.0,15.874507866387544,13.335216533675034,17.78280067930808,0.385,0.251189,0.398107,0.43,0.4,0.5,0.492,0.4,0.5,0.109,0.00731,0.0,1.0,True,0.01,0.95,10.0,39600.0,0.938,0.139
15944,1 - 1 - 2022,19800.0,15.556349186104045,13.335216533675034,17.78280067930808,0.301,0.251189,0.398107,0.486,0.4,0.5,0.672,0.6,0.7,0.109,0.00731,0.0,1.0,True,0.01,0.95,10.0,39600.0,0.938,0.139
15945,1 - 1 - 2022,19800.0,14.0,13.335216533675034,17.78280067930808,0.306,0.251189,0.398107,0.43,0.4,0.5,0.956,0.9,1.0,0.217,0.0103,0.0,1.0,True,0.01,0.95,10.0,39600.0,0.938,0.139
15946,1 - 1 - 2022,19800.0,14.071247279470288,13.335216533675034,17.78280067930808,0.3,0.251189,0.398107,0.49,0.4,0.5,1.13,1.0,1.5,0.0217,0.00146,0.0,1.0,True,0.01,0.95,10.0,39600.0,0.938,0.139
15947,1 - 1 - 2022,19800.0,14.035668847618199,13.335216533675034,17.78280067930808,0.259,0.251189,0.398107,0.415,0.4,0.5,2.1,2.0,4.0,0.00543,0.000365,0.0,1.0,True,0.01,0.95,10.0,39600.0,0.938,0.139
15948,1 - 1 - 2022,19800.0,15.329709716755891,13.335216533675034,17.78280067930808,0.263,0.251189,0.398107,0.507,0.5,0.6,0.284,0.2,0.3,0.109,0.0073,0.0,1.0,True,0.01,0.95,10.0,39600.0,0.938,0.139
15949,1 - 1 - 2022,19800.0,14.832396974191326,13.335216533675034,17.78280067930808,0.267,0.251189,0.398107,0.531,0.5,0.6,0.303,0.3,0.4,0.109,0.00731,0.0,1.0,True,0.01,0.95,10.0,39600.0,0.938,0.139
15950,1 - 1 - 2022,19800.0,15.652475842498529,13.335216533675034,17.78280067930808,0.361,0.251189,0.398107,0.536,0.5,0.6,0.417,0.4,0.5,0.109,0.00731,0.0,1.0,True,0.01,0.95,10.0,39600.0,0.938,0.139
15951,1 - 1 - 2022,19800.0,15.394804318340652,13.335216533675034,17.78280067930808,0.33,0.251189,0.398107,0.52,0.5,0.6,0.577,0.5,0.6,0.109,0.00731,0.0,1.0,True,0.01,0.95,10.0,39600.0,0.938,0.139
15952,1 - 1 - 2022,19800.0,16.76305461424021,13.335216533675034,17.78280067930808,0.256,0.251189,0.398107,0.593,0.5,0.6,1.15,1.0,1.5,0.0217,0.00146,0.0,1.0,True,0.01,0.95,10.0,39600.0,0.938,0.139
15953,1 - 1 - 2022,19800.0,16.06237840420901,13.335216533675034,17.78280067930808,0.32,0.251189,0.398107,0.659,0.6,0.7,0.446,0.4,0.5,0.109,0.00731,0.0,1.0,True,0.01,0.95,10.0,39600.0,0.938,0.139
15954,1 - 1 - 2022,19800.0,13.74772708486752,13.335216533675034,17.78280067930808,0.36,0.251189,0.398107,0.714,0.7,0.8,0.714,0.7,0.8,0.109,0.00731,0.0,1.0,True,0.01,0.95,10.0,39600.0,0.938,0.139
15955,1 - 1 - 2022,19800.0,15.684387141358123,13.335216533675034,17.78280067930808,0.511,0.398107,0.630957,0.0378,0.0,0.05,0.0497,0.0,0.05,0.548,0.0261,0.274,1.0,True,0.01,0.95,10.0,39600.0,0.938,0.139
15956,1 - 1 - 2022,19800.0,14.798648586948742,13.335216533675034,17.78280067930808,0.488,0.398107,0.630957,0.0411,0.0,0.05,0.07,0.05,0.1,1.64,0.0452,0.548,1.0,True,0.01,0.95,10.0,39600.0,0.938,0.139
15957,1 - 1 - 2022,19800.0,16.34013463836819,13.335216533675034,17.78280067930808,0.472,0.398107,0.630957,0.0368,0.0,0.05,0.153,0.1,0.2,0.685,0.0206,0.137,1.0,True,0.01,0.95,10.0,39600.0,0.938,0.139
15958,1 - 1 - 2022,19800.0,15.394804318340652,13.335216533675034,17.78280067930808,0.474,0.398107,0.630957,0.0346,0.0,0.05,0.261,0.2,0.3,1.64,0.0319,0.959,1.0,True,0.01,0.95,10.0,39600.0,0.938,0.139
15959,1 - 1 - 2022,19800.0,15.524174696260024,13.335216533675034,17.78280067930808,0.461,0.398107,0.630957,0.0339,0.0,0.05,0.341,0.3,0.4,1.64,0.0319,0.959,1.0,True,0.01,0.95,10.0,39600.0,0.938,0.139
15960,1 - 1 - 2022,19800.0,15.811388300841896,13.335216533675034,17.78280067930808,0.451,0.398107,0.630957,0.0362,0.0,0.05,0.457,0.4,0.5,1.37,0.0292,0.685,1.0,True,0.01,0.95,10.0,39600.0,0.938,0.139
15961,1 - 1 - 2022,19800.0,15.427248620541512,13.335216533675034,17.78280067930808,0.469,0.398107,0.630957,0.0351,0.0,0.05,0.646,0.6,0.7,0.685,0.0206,0.548,1.0,True,0.01,0.95,10.0,39600.0,0.938,0.139
15962,1 - 1 - 2022,19800.0,15.459624833740307,13.335216533675034,17.78280067930808,0.44,0.398107,0.630957,0.0436,0.0,0.05,0.763,0.7,0.8,0.411,0.016,0.137,1.0,True,0.01,0.95,10.0,39600.0,0.938,0.139
15963,1 - 1 - 2022,19800.0,15.684387141358123,13.335216533675034,17.78280067930808,0.455,0.398107,0.630957,0.0385,0.0,0.05,0.849,0.8,0.9,0.274,0.013,0.137,1.0,True,0.01,0.95,10.0,39600.0,0.938,0.139
15964,1 - 1 - 2022,19800.0,14.38749456993816,13.335216533675034,17.78280067930808,0.461,0.398107,0.630957,0.0829,0.05,0.1,0.092,0.05,0.1,0.548,0.0261,0.0,1.0,True,0.01,0.95,10.0,39600.0,0.938,0.139
15965,1 - 1 - 2022,19800.0,15.620499351813308,13.335216533675034,17.78280067930808,0.456,0.398107,0.630957,0.0639,0.05,0.1,0.152,0.1,0.2,0.548,0.0184,0.0,1.0,True,0.01,0.95,10.0,39600.0,0.938,0.139
15966,1 - 1 - 2022,19800.0,15.874507866387544,13.335216533675034,17.78280067930808,0.489,0.398107,0.630957,0.0704,0.05,0.1,0.234,0.2,0.3,0.822,0.0226,0.0,1.0,True,0.01,0.95,10.0,39600.0,0.938,0.139
15967,1 - 1 - 2022,19800.0,15.362291495737216,13.335216533675034,17.78280067930808,0.476,0.398107,0.630957,0.0714,0.05,0.1,0.339,0.3,0.4,1.64,0.0319,0.0,1.0,True,0.01,0.95,10.0,39600.0,0.938,0.139
15968,1 - 1 - 2022,19800.0,15.066519173319364,13.335216533675034,17.78280067930808,0.466,0.398107,0.630957,0.0676,0.05,0.1,0.443,0.4,0.5,1.23,0.0277,0.137,1.0,True,0.01,0.95,10.0,39600.0,0.938,0.139
15969,1 - 1 - 2022,19800.0,15.394804318340652,13.335216533675034,17.78280067930808,0.451,0.398107,0.630957,0.0702,0.05,0.1,0.545,0.5,0.6,0.959,0.0244,0.0,1.0,True,0.01,0.95,10.0,39600.0,0.938,0.139
15970,1 - 1 - 2022,19800.0,16.0,13.335216533675034,17.78280067930808,0.464,0.398107,0.630957,0.0708,0.05,0.1,0.633,0.6,0.7,1.1,0.0261,0.0,1.0,True,0.01,0.95,10.0,39600.0,0.938,0.139
15971,1 - 1 - 2022,19800.0,15.7797338380595,13.335216533675034,17.78280067930808,0.469,0.398107,0.630957,0.0744,0.05,0.1,0.766,0.7,0.8,0.548,0.0184,0.0,1.0,True,0.01,0.95,10.0,39600.0,0.938,0.139
15972,1 - 1 - 2022,19800.0,15.652475842498529,13.335216533675034,17.78280067930808,0.445,0.398107,0.630957,0.0683,0.05,0.1,0.868,0.8,0.9,0.274,0.013,0.0,1.0,True,0.01,0.95,10.0,39600.0,0.938,0.139
15973,1 - 1 - 2022,19800.0,14.2828568570857,13.335216533675034,17.78280067930808,0.479,0.398107,0.630957,0.0676,0.05,0.1,0.916,0.9,1.0,0.274,0.013,0.137,1.0,True,0.01,0.95,10.0,39600.0,0.938,0.139
15974,1 - 1 - 2022,19800.0,16.186414056238647,13.335216533675034,17.78280067930808,0.454,0.398107,0.630957,0.0699,0.05,0.1,1.07,1.0,1.5,0.0548,0.00261,0.0,1.0,True,0.01,0.95,10.0,39600.0,0.938,0.139
15975,1 - 1 - 2022,19800.0,15.716233645501712,13.335216533675034,17.78280067930808,0.444,0.398107,0.630957,0.112,0.1,0.15,0.0699,0.05,0.1,0.822,0.0319,0.0,1.0,True,0.01,0.95,10.0,39600.0,0.938,0.139
15976,1 - 1 - 2022,19800.0,14.7648230602334,13.335216533675034,17.78280067930808,0.5,0.398107,0.630957,0.119,0.1,0.15,0.157,0.1,0.2,0.548,0.0184,0.0,1.0,True,0.01,0.95,10.0,39600.0,0.938,0.139
15977,1 - 1 - 2022,19800.0,14.7648230602334,13.335216533675034,17.78280067930808,0.474,0.398107,0.630957,0.12,0.1,0.15,0.268,0.2,0.3,0.822,0.0226,0.0,1.0,True,0.01,0.95,10.0,39600.0,0.938,0.139
15978,1 - 1 - 2022,19800.0,15.0,13.335216533675034,17.78280067930808,0.474,0.398107,0.630957,0.114,0.1,0.15,0.325,0.3,0.4,0.411,0.016,0.0,1.0,True,0.01,0.95,10.0,39600.0,0.938,0.139
15979,1 - 1 - 2022,19800.0,15.297058540778355,13.335216533675034,17.78280067930808,0.466,0.398107,0.630957,0.116,0.1,0.15,0.455,0.4,0.5,0.548,0.0184,0.0,1.0,True,0.01,0.95,10.0,39600.0,0.938,0.139
15980,1 - 1 - 2022,19800.0,15.066519173319364,13.335216533675034,17.78280067930808,0.512,0.398107,0.630957,0.125,0.1,0.15,0.577,0.5,0.6,0.411,0.016,0.0,1.0,True,0.01,0.95,10.0,39600.0,0.938,0.139
15981,1 - 1 - 2022,19800.0,14.0,13.335216533675034,17.78280067930808,0.485,0.398107,0.630957,0.122,0.1,0.15,0.755,0.7,0.8,0.274,0.013,0.0,1.0,True,0.01,0.95,10.0,39600.0,0.938,0.139
15982,1 - 1 - 2022,19800.0,15.905973720586866,13.335216533675034,17.78280067930808,0.449,0.398107,0.630957,0.132,0.1,0.15,0.86,0.8,0.9,0.274,0.013,0.0,1.0,True,0.01,0.95,10.0,39600.0,0.938,0.139
15983,1 - 1 - 2022,19800.0,14.317821063276353,13.335216533675034,17.78280067930808,0.475,0.398107,0.630957,0.125,0.1,0.15,0.918,0.9,1.0,0.411,0.016,0.0,1.0,True,0.01,0.95,10.0,39600.0,0.938,0.139
15984,1 - 1 - 2022,19800.0,15.811388300841896,13.335216533675034,17.78280067930808,0.546,0.398107,0.630957,0.163,0.15,0.2,0.157,0.1,0.2,0.274,0.013,0.0,1.0,True,0.01,0.95,10.0,39600.0,0.938,0.139
15985,1 - 1 - 2022,19800.0,13.92838827718412,13.335216533675034,17.78280067930808,0.555,0.398107,0.630957,0.162,0.15,0.2,0.231,0.2,0.3,0.274,0.013,0.0,1.0,True,0.01,0.95,10.0,39600.0,0.938,0.139
15986,1 - 1 - 2022,19800.0,14.071247279470288,13.335216533675034,17.78280067930808,0.507,0.398107,0.630957,0.158,0.15,0.2,0.347,0.3,0.4,0.548,0.0184,0.0,1.0,True,0.01,0.95,10.0,39600.0,0.938,0.139
15987,1 - 1 - 2022,19800.0,16.401219466856727,13.335216533675034,17.78280067930808,0.43,0.398107,0.630957,0.172,0.15,0.2,0.478,0.4,0.5,0.137,0.00922,0.0,1.0,True,0.01,0.95,10.0,39600.0,0.938,0.139
15988,1 - 1 - 2022,19800.0,15.0996688705415,13.335216533675034,17.78280067930808,0.489,0.398107,0.630957,0.174,0.15,0.2,0.542,0.5,0.6,0.274,0.013,0.0,1.0,True,0.01,0.95,10.0,39600.0,0.938,0.139
15989,1 - 1 - 2022,19800.0,13.784048752090222,13.335216533675034,17.78280067930808,0.427,0.398107,0.630957,0.176,0.15,0.2,0.633,0.6,0.7,0.274,0.013,0.0,1.0,True,0.01,0.95,10.0,39600.0,0.938,0.139
15990,1 - 1 - 2022,19800.0,17.74823934929885,13.335216533675034,17.78280067930808,0.406,0.398107,0.630957,0.192,0.15,0.2,0.739,0.7,0.8,0.137,0.00922,0.0,1.0,True,0.01,0.95,10.0,39600.0,0.938,0.139
15991,1 - 1 - 2022,19800.0,13.92838827718412,13.335216533675034,17.78280067930808,0.495,0.398107,0.630957,0.191,0.15,0.2,0.84,0.8,0.9,0.137,0.00922,0.0,1.0,True,0.01,0.95,10.0,39600.0,0.938,0.139
15992,1 - 1 - 2022,19800.0,14.798648586948742,13.335216533675034,17.78280067930808,0.505,0.398107,0.630957,0.165,0.15,0.2,0.904,0.9,1.0,0.137,0.00922,0.0,1.0,True,0.01,0.95,10.0,39600.0,0.938,0.139
15993,1 - 1 - 2022,19800.0,13.892443989449804,13.335216533675034,17.78280067930808,0.486,0.398107,0.630957,0.179,0.15,0.2,1.33,1.0,1.5,0.0548,0.00261,0.0,1.0,True,0.01,0.95,10.0,39600.0,0.938,0.139
15994,1 - 1 - 2022,19800.0,16.97056274847714,13.335216533675034,17.78280067930808,0.426,0.398107,0.630957,0.25,0.25,0.3,0.0791,0.05,0.1,0.274,0.0184,0.0,1.0,True,0.01,0.95,10.0,39600.0,0.938,0.139
15995,1 - 1 - 2022,19800.0,15.905973720586866,13.335216533675034,17.78280067930808,0.42,0.398107,0.630957,0.249,0.2,0.25,0.143,0.1,0.2,0.137,0.00922,0.0,1.0,True,0.01,0.95,10.0,39600.0,0.938,0.139
15996,1 - 1 - 2022,19800.0,14.798648586948742,13.335216533675034,17.78280067930808,0.447,0.398107,0.630957,0.216,0.2,0.25,0.229,0.2,0.3,0.411,0.016,0.0,1.0,True,0.01,0.95,10.0,39600.0,0.938,0.139
15997,1 - 1 - 2022,19800.0,15.968719422671311,13.335216533675034,17.78280067930808,0.567,0.398107,0.630957,0.213,0.2,0.25,0.373,0.3,0.4,0.274,0.013,0.0,1.0,True,0.01,0.95,10.0,39600.0,0.938,0.139
15998,1 - 1 - 2022,19800.0,14.52583904633395,13.335216533675034,17.78280067930808,0.471,0.398107,0.630957,0.227,0.2,0.25,0.462,0.4,0.5,0.548,0.0184,0.0,1.0,True,0.01,0.95,10.0,39600.0,0.938,0.139
15999,1 - 1 - 2022,19800.0,13.45362404707371,13.335216533675034,17.78280067930808,0.431,0.398107,0.630957,0.239,0.2,0.25,0.565,0.5,0.6,0.137,0.00922,0.0,1.0,True,0.01,0.95,10.0,39600.0,0.938,0.139
16000,1 - 1 - 2022,19800.0,14.0,13.335216533675034,17.78280067930808,0.471,0.398107,0.630957,0.233,0.2,0.25,0.649,0.6,0.7,0.137,0.00922,0.0,1.0,True,0.01,0.95,10.0,39600.0,0.938,0.139
16001,1 - 1 - 2022,19800.0,16.852299546352718,13.335216533675034,17.78280067930808,0.465,0.398107,0.630957,0.223,0.2,0.25,0.835,0.8,0.9,0.274,0.013,0.0,1.0,True,0.01,0.95,10.0,39600.0,0.938,0.139
16002,1 - 1 - 2022,19800.0,16.186414056238647,13.335216533675034,17.78280067930808,0.61,0.398107,0.630957,0.217,0.2,0.25,0.935,0.9,1.0,0.137,0.00922,0.0,1.0,True,0.01,0.95,10.0,39600.0,0.938,0.139
16003,1 - 1 - 2022,19800.0,16.64331697709324,13.335216533675034,17.78280067930808,0.467,0.398107,0.630957,0.23,0.2,0.25,1.14,1.0,1.5,0.0548,0.00261,0.0,1.0,True,0.01,0.95,10.0,39600.0,0.938,0.139
16004,1 - 1 - 2022,19800.0,14.933184523068078,13.335216533675034,17.78280067930808,0.442,0.398107,0.630957,0.291,0.25,0.3,0.328,0.3,0.4,0.137,0.00922,0.0,1.0,True,0.01,0.95,10.0,39600.0,0.938,0.139
16005,1 - 1 - 2022,19800.0,16.24807680927192,13.335216533675034,17.78280067930808,0.458,0.398107,0.630957,0.295,0.25,0.3,0.412,0.4,0.5,0.137,0.00922,0.0,1.0,True,0.01,0.95,10.0,39600.0,0.938,0.139
16006,1 - 1 - 2022,19800.0,16.822603841260722,13.335216533675034,17.78280067930808,0.532,0.398107,0.630957,0.292,0.25,0.3,0.671,0.6,0.7,0.137,0.00922,0.0,1.0,True,0.01,0.95,10.0,39600.0,0.938,0.139
16007,1 - 1 - 2022,19800.0,17.233687939614086,13.335216533675034,17.78280067930808,0.41,0.398107,0.630957,0.296,0.25,0.3,0.736,0.7,0.8,0.137,0.00922,0.0,1.0,True,0.01,0.95,10.0,39600.0,0.938,0.139
16008,1 - 1 - 2022,19800.0,13.45362404707371,13.335216533675034,17.78280067930808,0.434,0.398107,0.630957,0.376,0.3,0.4,0.466,0.4,0.5,0.0685,0.00461,0.0,1.0,True,0.01,0.95,10.0,39600.0,0.938,0.139
16009,1 - 1 - 2022,19800.0,13.820274961085254,13.335216533675034,17.78280067930808,0.488,0.398107,0.630957,0.334,0.3,0.4,0.588,0.5,0.6,0.137,0.00652,0.0,1.0,True,0.01,0.95,10.0,39600.0,0.938,0.139
16010,1 - 1 - 2022,19800.0,14.035668847618199,13.335216533675034,17.78280067930808,0.405,0.398107,0.630957,0.383,0.3,0.4,0.823,0.8,0.9,0.0685,0.00461,0.0,1.0,True,0.01,0.95,10.0,39600.0,0.938,0.139
16011,1 - 1 - 2022,19800.0,15.874507866387544,13.335216533675034,17.78280067930808,0.481,0.398107,0.630957,0.32,0.3,0.4,1.33,1.0,1.5,0.0548,0.00184,0.0,1.0,True,0.01,0.95,10.0,39600.0,0.938,0.139
16012,1 - 1 - 2022,19800.0,17.175564037317667,13.335216533675034,17.78280067930808,0.412,0.398107,0.630957,0.439,0.4,0.5,0.135,0.1,0.2,0.0685,0.00461,0.0,1.0,True,0.01,0.95,10.0,39600.0,0.938,0.139
16013,1 - 1 - 2022,19800.0,15.033296378372908,13.335216533675034,17.78280067930808,0.446,0.398107,0.630957,0.408,0.4,0.5,0.289,0.2,0.3,0.0685,0.00461,0.0,1.0,True,0.01,0.95,10.0,39600.0,0.938,0.139
16014,1 - 1 - 2022,19800.0,15.329709716755891,13.335216533675034,17.78280067930808,0.421,0.398107,0.630957,0.427,0.4,0.5,0.743,0.7,0.8,0.205,0.00798,0.0,1.0,True,0.01,0.95,10.0,39600.0,0.938,0.139
16015,1 - 1 - 2022,19800.0,17.349351572897472,13.335216533675034,17.78280067930808,0.468,0.398107,0.630957,0.486,0.4,0.5,1.2,1.0,1.5,0.0137,0.000922,0.0,1.0,True,0.01,0.95,10.0,39600.0,0.938,0.139
16016,1 - 1 - 2022,19800.0,16.3707055437449,13.335216533675034,17.78280067930808,0.42,0.398107,0.630957,0.531,0.5,0.6,0.265,0.2,0.3,0.0685,0.00461,0.0,1.0,True,0.01,0.95,10.0,39600.0,0.938,0.139
16017,1 - 1 - 2022,19800.0,16.64331697709324,13.335216533675034,17.78280067930808,0.454,0.398107,0.630957,0.535,0.5,0.6,0.471,0.4,0.5,0.0685,0.00461,0.0,1.0,True,0.01,0.95,10.0,39600.0,0.938,0.139
16018,1 - 1 - 2022,19800.0,14.45683229480096,13.335216533675034,17.78280067930808,0.455,0.398107,0.630957,0.574,0.5,0.6,0.705,0.7,0.8,0.0685,0.00461,0.0,1.0,True,0.01,0.95,10.0,39600.0,0.938,0.139
16019,1 - 1 - 2022,19800.0,15.588457268119896,13.335216533675034,17.78280067930808,0.413,0.398107,0.630957,0.648,0.6,0.7,0.425,0.4,0.5,0.0685,0.00461,0.0,1.0,True,0.01,0.95,10.0,39600.0,0.938,0.139
16020,1 - 1 - 2022,19800.0,17.578395831246947,13.335216533675034,17.78280067930808,0.649,0.630957,1.0,0.0778,0.05,0.1,0.282,0.2,0.3,0.0864,0.00582,0.0,1.0,True,0.01,0.95,10.0,39600.0,0.938,0.139
16021,1 - 1 - 2022,19800.0,14.38749456993816,13.335216533675034,17.78280067930808,0.642,0.630957,1.0,0.0612,0.05,0.1,0.412,0.4,0.5,0.0864,0.00582,0.0,1.0,True,0.01,0.95,10.0,39600.0,0.938,0.139
16022,1 - 1 - 2022,19800.0,13.527749258468683,13.335216533675034,17.78280067930808,0.681,0.630957,1.0,0.0882,0.05,0.1,0.667,0.6,0.7,0.0865,0.00582,0.0,1.0,True,0.01,0.95,10.0,39600.0,0.938,0.139
16023,1 - 1 - 2022,19800.0,15.0996688705415,13.335216533675034,17.78280067930808,0.64,0.630957,1.0,0.13,0.1,0.15,0.127,0.1,0.2,0.0865,0.00582,0.0,1.0,True,0.01,0.95,10.0,39600.0,0.938,0.139
16024,1 - 1 - 2022,19800.0,15.905973720586866,13.335216533675034,17.78280067930808,0.684,0.630957,1.0,0.118,0.1,0.15,0.225,0.2,0.3,0.0865,0.00582,0.0,1.0,True,0.01,0.95,10.0,39600.0,0.938,0.139
16025,1 - 1 - 2022,19800.0,14.2828568570857,13.335216533675034,17.78280067930808,0.665,0.630957,1.0,0.131,0.1,0.15,0.475,0.4,0.5,0.173,0.00823,0.0,1.0,True,0.01,0.95,10.0,39600.0,0.938,0.139
16026,1 - 1 - 2022,19800.0,17.378147196982766,13.335216533675034,17.78280067930808,0.726,0.630957,1.0,0.107,0.1,0.15,0.514,0.5,0.6,0.0864,0.00582,0.0,1.0,True,0.01,0.95,10.0,39600.0,0.938,0.139
16027,1 - 1 - 2022,19800.0,18.947295321496416,17.78280067930808,23.713730200033904,0.0218,0.0158489,0.0251189,0.0122,0.0,0.05,0.153,0.1,0.2,69.7,0.781,56.1,1.0,True,0.01,0.95,10.0,39600.0,0.938,0.139
16028,1 - 1 - 2022,19800.0,19.1049731745428,17.78280067930808,23.713730200033904,0.0223,0.0158489,0.0251189,0.0142,0.0,0.05,0.253,0.2,0.3,104.0,0.957,69.7,1.0,True,0.01,0.95,10.0,39600.0,0.938,0.139
16029,1 - 1 - 2022,19800.0,18.894443627691185,17.78280067930808,23.713730200033904,0.0222,0.0158489,0.0251189,0.0146,0.0,0.05,0.352,0.3,0.4,96.8,0.921,58.1,1.0,True,0.01,0.95,10.0,39600.0,0.938,0.139
16030,1 - 1 - 2022,19800.0,18.973665961010276,17.78280067930808,23.713730200033904,0.0222,0.0158489,0.0251189,0.0154,0.0,0.05,0.45,0.4,0.5,92.9,0.902,48.4,1.0,True,0.01,0.95,10.0,39600.0,0.938,0.139
16031,1 - 1 - 2022,19800.0,18.681541692269406,17.78280067930808,23.713730200033904,0.0218,0.0158489,0.0251189,0.018,0.0,0.05,0.544,0.5,0.6,83.2,0.854,40.6,1.0,True,0.01,0.95,10.0,39600.0,0.938,0.139
16032,1 - 1 - 2022,19800.0,19.078784028338912,17.78280067930808,23.713730200033904,0.0221,0.0158489,0.0251189,0.0162,0.0,0.05,0.644,0.6,0.7,44.5,0.625,23.2,1.0,True,0.01,0.95,10.0,39600.0,0.938,0.139
16033,1 - 1 - 2022,19800.0,19.209372712298546,17.78280067930808,23.713730200033904,0.0222,0.0158489,0.0251189,0.0158,0.0,0.05,0.751,0.7,0.8,44.5,0.625,15.5,1.0,True,0.01,0.95,10.0,39600.0,0.938,0.139
16034,1 - 1 - 2022,19800.0,18.973665961010276,17.78280067930808,23.713730200033904,0.0219,0.0158489,0.0251189,0.0102,0.0,0.05,0.868,0.8,0.9,17.4,0.391,3.87,1.0,True,0.01,0.95,10.0,39600.0,0.938,0.139
16035,1 - 1 - 2022,19800.0,19.026297590440446,17.78280067930808,23.713730200033904,0.0205,0.0158489,0.0251189,0.0178,0.0,0.05,0.966,0.9,1.0,5.81,0.226,0.0,1.0,True,0.01,0.95,10.0,39600.0,0.938,0.139
16036,1 - 1 - 2022,19800.0,19.313207915827967,17.78280067930808,23.713730200033904,0.0232,0.0158489,0.0251189,0.026,0.0,0.05,1.18,1.0,1.5,6.19,0.104,0.0,1.0,True,0.01,0.95,10.0,39600.0,0.938,0.139
16037,1 - 1 - 2022,19800.0,19.0,17.78280067930808,23.713730200033904,0.0209,0.0158489,0.0251189,0.0212,0.0,0.05,1.61,1.5,2.0,1.55,0.0521,0.0,1.0,True,0.01,0.95,10.0,39600.0,0.938,0.139
16038,1 - 1 - 2022,19800.0,18.734993995195193,17.78280067930808,23.713730200033904,0.0226,0.0158489,0.0251189,0.0325,0.0,0.05,2.57,2.0,4.0,0.387,0.013,0.0,1.0,True,0.01,0.95,10.0,39600.0,0.938,0.139
16039,1 - 1 - 2022,19800.0,18.439088914585774,17.78280067930808,23.713730200033904,0.0238,0.0158489,0.0251189,0.0752,0.05,0.1,0.0741,0.05,0.1,3.87,0.261,0.0,1.0,True,0.01,0.95,10.0,39600.0,0.938,0.139
16040,1 - 1 - 2022,19800.0,19.183326093250876,17.78280067930808,23.713730200033904,0.0215,0.0158489,0.0251189,0.0766,0.05,0.1,0.148,0.1,0.2,17.4,0.391,15.5,1.0,True,0.01,0.95,10.0,39600.0,0.938,0.139
16041,1 - 1 - 2022,19800.0,18.466185312619388,17.78280067930808,23.713730200033904,0.0211,0.0158489,0.0251189,0.0695,0.05,0.1,0.282,0.2,0.3,15.5,0.368,9.68,1.0,True,0.01,0.95,10.0,39600.0,0.938,0.139
16042,1 - 1 - 2022,19800.0,19.519221295943137,17.78280067930808,23.713730200033904,0.0226,0.0158489,0.0251189,0.0637,0.05,0.1,0.36,0.3,0.4,15.5,0.368,9.68,1.0,True,0.01,0.95,10.0,39600.0,0.938,0.139
16043,1 - 1 - 2022,19800.0,19.183326093250876,17.78280067930808,23.713730200033904,0.0224,0.0158489,0.0251189,0.0716,0.05,0.1,0.445,0.4,0.5,25.2,0.47,13.5,1.0,True,0.01,0.95,10.0,39600.0,0.938,0.139
16044,1 - 1 - 2022,19800.0,18.708286933869708,17.78280067930808,23.713730200033904,0.0223,0.0158489,0.0251189,0.0678,0.05,0.1,0.54,0.5,0.6,21.3,0.432,7.74,1.0,True,0.01,0.95,10.0,39600.0,0.938,0.139
16045,1 - 1 - 2022,19800.0,18.681541692269406,17.78280067930808,23.713730200033904,0.0217,0.0158489,0.0251189,0.0677,0.05,0.1,0.638,0.6,0.7,15.5,0.368,7.74,1.0,True,0.01,0.95,10.0,39600.0,0.938,0.139
16046,1 - 1 - 2022,19800.0,18.303005217723125,17.78280067930808,23.713730200033904,0.0215,0.0158489,0.0251189,0.0601,0.05,0.1,0.826,0.8,0.9,7.74,0.261,3.87,1.0,True,0.01,0.95,10.0,39600.0,0.938,0.139
16047,1 - 1 - 2022,19800.0,18.33030277982336,17.78280067930808,23.713730200033904,0.0211,0.0158489,0.0251189,0.0732,0.05,0.1,1.19,1.0,1.5,3.1,0.0737,0.0,1.0,True,0.01,0.95,10.0,39600.0,0.938,0.139
16048,1 - 1 - 2022,19800.0,18.627936010197157,17.78280067930808,23.713730200033904,0.0213,0.0158489,0.0251189,0.056,0.05,0.1,1.62,1.5,2.0,0.774,0.0368,0.0,1.0,True,0.01,0.95,10.0,39600.0,0.938,0.139
16049,1 - 1 - 2022,19800.0,18.867962264113206,17.78280067930808,23.713730200033904,0.0214,0.0158489,0.0251189,0.0749,0.05,0.1,2.7,2.0,4.0,0.194,0.00921,0.0,1.0,True,0.01,0.95,10.0,39600.0,0.938,0.139
16050,1 - 1 - 2022,19800.0,19.697715603592208,17.78280067930808,23.713730200033904,0.0226,0.0158489,0.0251189,0.134,0.1,0.15,0.0812,0.05,0.1,3.87,0.261,0.0,1.0,True,0.01,0.95,10.0,39600.0,0.938,0.139
16051,1 - 1 - 2022,19800.0,17.86057109949175,17.78280067930808,23.713730200033904,0.0177,0.0158489,0.0251189,0.11,0.1,0.15,0.123,0.1,0.2,1.93,0.13,0.0,1.0,True,0.01,0.95,10.0,39600.0,0.938,0.139
16052,1 - 1 - 2022,19800.0,18.138357147217054,17.78280067930808,23.713730200033904,0.0223,0.0158489,0.0251189,0.141,0.1,0.15,0.252,0.2,0.3,1.93,0.13,0.0,1.0,True,0.01,0.95,10.0,39600.0,0.938,0.139
16053,1 - 1 - 2022,19800.0,19.390719429665317,17.78280067930808,23.713730200033904,0.0225,0.0158489,0.0251189,0.126,0.1,0.15,0.353,0.3,0.4,7.74,0.26,0.0,1.0,True,0.01,0.95,10.0,39600.0,0.938,0.139
16054,1 - 1 - 2022,19800.0,18.841443681416774,17.78280067930808,23.713730200033904,0.0222,0.0158489,0.0251189,0.124,0.1,0.15,0.45,0.4,0.5,5.8,0.226,0.0,1.0,True,0.01,0.95,10.0,39600.0,0.938,0.139
16055,1 - 1 - 2022,19800.0,18.681541692269406,17.78280067930808,23.713730200033904,0.0216,0.0158489,0.0251189,0.122,0.1,0.15,0.547,0.5,0.6,15.5,0.368,3.87,1.0,True,0.01,0.95,10.0,39600.0,0.938,0.139
16056,1 - 1 - 2022,19800.0,19.77371993328519,17.78280067930808,23.713730200033904,0.0212,0.0158489,0.0251189,0.113,0.1,0.15,0.667,0.6,0.7,5.8,0.226,0.0,1.0,True,0.01,0.95,10.0,39600.0,0.938,0.139
16057,1 - 1 - 2022,19800.0,19.0,17.78280067930808,23.713730200033904,0.0219,0.0158489,0.0251189,0.11,0.1,0.15,0.741,0.7,0.8,7.74,0.261,1.94,1.0,True,0.01,0.95,10.0,39600.0,0.938,0.139
16058,1 - 1 - 2022,19800.0,18.57417562100671,17.78280067930808,23.713730200033904,0.0214,0.0158489,0.0251189,0.124,0.1,0.15,0.87,0.8,0.9,5.81,0.226,0.0,1.0,True,0.01,0.95,10.0,39600.0,0.938,0.139
16059,1 - 1 - 2022,19800.0,17.804493814764857,17.78280067930808,23.713730200033904,0.0214,0.0158489,0.0251189,0.124,0.1,0.15,0.96,0.9,1.0,1.94,0.13,0.0,1.0,True,0.01,0.95,10.0,39600.0,0.938,0.139
16060,1 - 1 - 2022,19800.0,18.708286933869708,17.78280067930808,23.713730200033904,0.0223,0.0158489,0.0251189,0.121,0.1,0.15,1.23,1.0,1.5,2.71,0.0689,0.0,1.0,True,0.01,0.95,10.0,39600.0,0.938,0.139
16061,1 - 1 - 2022,19800.0,20.92844953645635,17.78280067930808,23.713730200033904,0.024,0.0158489,0.0251189,0.116,0.1,0.15,1.98,1.5,2.0,0.387,0.026,0.0,1.0,True,0.01,0.95,10.0,39600.0,0.938,0.139
16062,1 - 1 - 2022,19800.0,18.788294228055936,17.78280067930808,23.713730200033904,0.0228,0.0158489,0.0251189,0.119,0.1,0.15,3.06,2.0,4.0,0.387,0.013,0.0967,1.0,True,0.01,0.95,10.0,39600.0,0.938,0.139
16063,1 - 1 - 2022,19800.0,18.110770276274835,17.78280067930808,23.713730200033904,0.022,0.0158489,0.0251189,0.198,0.15,0.2,0.053,0.05,0.1,3.87,0.26,0.0,1.0,True,0.01,0.95,10.0,39600.0,0.938,0.139
16064,1 - 1 - 2022,19800.0,18.894443627691185,17.78280067930808,23.713730200033904,0.0217,0.0158489,0.0251189,0.177,0.15,0.2,0.137,0.1,0.2,5.8,0.226,0.0,1.0,True,0.01,0.95,10.0,39600.0,0.938,0.139
16065,1 - 1 - 2022,19800.0,20.493901531919196,17.78280067930808,23.713730200033904,0.024,0.0158489,0.0251189,0.19,0.15,0.2,0.205,0.2,0.3,1.93,0.13,0.0,1.0,True,0.01,0.95,10.0,39600.0,0.938,0.139
16066,1 - 1 - 2022,19800.0,18.520259177452136,17.78280067930808,23.713730200033904,0.0223,0.0158489,0.0251189,0.162,0.15,0.2,0.373,0.3,0.4,5.81,0.226,0.0,1.0,True,0.01,0.95,10.0,39600.0,0.938,0.139
16067,1 - 1 - 2022,19800.0,19.621416870348583,17.78280067930808,23.713730200033904,0.0224,0.0158489,0.0251189,0.189,0.15,0.2,0.43,0.4,0.5,1.93,0.13,0.0,1.0,True,0.01,0.95,10.0,39600.0,0.938,0.139
16068,1 - 1 - 2022,19800.0,18.788294228055936,17.78280067930808,23.713730200033904,0.0215,0.0158489,0.0251189,0.175,0.15,0.2,0.541,0.5,0.6,9.67,0.291,0.0,1.0,True,0.01,0.95,10.0,39600.0,0.938,0.139
16069,1 - 1 - 2022,19800.0,18.841443681416774,17.78280067930808,23.713730200033904,0.0225,0.0158489,0.0251189,0.172,0.15,0.2,0.643,0.6,0.7,3.87,0.184,0.0,1.0,True,0.01,0.95,10.0,39600.0,0.938,0.139
16070,1 - 1 - 2022,19800.0,18.138357147217054,17.78280067930808,23.713730200033904,0.0196,0.0158489,0.0251189,0.158,0.15,0.2,0.725,0.7,0.8,1.94,0.13,0.0,1.0,True,0.01,0.95,10.0,39600.0,0.938,0.139
16071,1 - 1 - 2022,19800.0,19.0,17.78280067930808,23.713730200033904,0.0226,0.0158489,0.0251189,0.17,0.15,0.2,0.848,0.8,0.9,5.8,0.226,0.0,1.0,True,0.01,0.95,10.0,39600.0,0.938,0.139
16072,1 - 1 - 2022,19800.0,18.841443681416774,17.78280067930808,23.713730200033904,0.0209,0.0158489,0.0251189,0.168,0.15,0.2,1.17,1.0,1.5,1.94,0.0583,0.0,1.0,True,0.01,0.95,10.0,39600.0,0.938,0.139
16073,1 - 1 - 2022,19800.0,17.944358444926362,17.78280067930808,23.713730200033904,0.0212,0.0158489,0.0251189,0.166,0.15,0.2,1.66,1.5,2.0,0.387,0.026,0.0,1.0,True,0.01,0.95,10.0,39600.0,0.938,0.139
16074,1 - 1 - 2022,19800.0,19.05255888325765,17.78280067930808,23.713730200033904,0.0228,0.0158489,0.0251189,0.179,0.15,0.2,2.86,2.0,4.0,0.581,0.016,0.387,1.0,True,0.01,0.95,10.0,39600.0,0.938,0.139
16075,1 - 1 - 2022,19800.0,18.76166303929372,17.78280067930808,23.713730200033904,0.0223,0.0158489,0.0251189,0.229,0.2,0.25,0.267,0.2,0.3,7.74,0.26,0.0,1.0,True,0.01,0.95,10.0,39600.0,0.938,0.139
16076,1 - 1 - 2022,19800.0,18.788294228055936,17.78280067930808,23.713730200033904,0.0197,0.0158489,0.0251189,0.225,0.2,0.25,0.367,0.3,0.4,5.81,0.226,0.0,1.0,True,0.01,0.95,10.0,39600.0,0.938,0.139
16077,1 - 1 - 2022,19800.0,18.35755975068582,17.78280067930808,23.713730200033904,0.0194,0.0158489,0.0251189,0.215,0.2,0.25,0.427,0.4,0.5,1.94,0.13,0.0,1.0,True,0.01,0.95,10.0,39600.0,0.938,0.139
16078,1 - 1 - 2022,19800.0,18.275666882497067,17.78280067930808,23.713730200033904,0.0227,0.0158489,0.0251189,0.216,0.2,0.25,0.549,0.5,0.6,3.87,0.184,0.0,1.0,True,0.01,0.95,10.0,39600.0,0.938,0.139
16079,1 - 1 - 2022,19800.0,18.49324200890693,17.78280067930808,23.713730200033904,0.0183,0.0158489,0.0251189,0.24,0.2,0.25,0.67,0.6,0.7,1.94,0.13,0.0,1.0,True,0.01,0.95,10.0,39600.0,0.938,0.139
16080,1 - 1 - 2022,19800.0,19.339079605813716,17.78280067930808,23.713730200033904,0.0205,0.0158489,0.0251189,0.203,0.2,0.25,0.769,0.7,0.8,1.94,0.13,0.0,1.0,True,0.01,0.95,10.0,39600.0,0.938,0.139
16081,1 - 1 - 2022,19800.0,19.235384061671343,17.78280067930808,23.713730200033904,0.0212,0.0158489,0.0251189,0.222,0.2,0.25,0.891,0.8,0.9,1.94,0.13,0.0,1.0,True,0.01,0.95,10.0,39600.0,0.938,0.139
16082,1 - 1 - 2022,19800.0,18.76166303929372,17.78280067930808,23.713730200033904,0.0203,0.0158489,0.0251189,0.217,0.2,0.25,0.938,0.9,1.0,5.81,0.226,0.0,1.0,True,0.01,0.95,10.0,39600.0,0.938,0.139
16083,1 - 1 - 2022,19800.0,19.621416870348583,17.78280067930808,23.713730200033904,0.0227,0.0158489,0.0251189,0.228,0.2,0.25,3.04,2.0,4.0,0.387,0.013,0.29,1.0,True,0.01,0.95,10.0,39600.0,0.938,0.139
16084,1 - 1 - 2022,19800.0,20.688160865577203,17.78280067930808,23.713730200033904,0.0249,0.0158489,0.0251189,0.257,0.25,0.3,0.181,0.1,0.2,1.93,0.13,0.0,1.0,True,0.01,0.95,10.0,39600.0,0.938,0.139
16085,1 - 1 - 2022,19800.0,20.396078054371138,17.78280067930808,23.713730200033904,0.0228,0.0158489,0.0251189,0.256,0.25,0.3,0.45,0.4,0.5,1.94,0.13,0.0,1.0,True,0.01,0.95,10.0,39600.0,0.938,0.139
16086,1 - 1 - 2022,19800.0,18.681541692269406,17.78280067930808,23.713730200033904,0.0237,0.0158489,0.0251189,0.274,0.25,0.3,0.896,0.8,0.9,1.94,0.13,0.0,1.0,True,0.01,0.95,10.0,39600.0,0.938,0.139
16087,1 - 1 - 2022,19800.0,19.339079605813716,17.78280067930808,23.713730200033904,0.0229,0.0158489,0.0251189,0.283,0.25,0.3,1.08,1.0,1.5,0.387,0.026,0.0,1.0,True,0.01,0.95,10.0,39600.0,0.938,0.139
16088,1 - 1 - 2022,19800.0,20.42057785666214,17.78280067930808,23.713730200033904,0.0225,0.0158489,0.0251189,0.277,0.25,0.3,1.53,1.5,2.0,0.387,0.026,0.0,1.0,True,0.01,0.95,10.0,39600.0,0.938,0.139
16089,1 - 1 - 2022,19800.0,19.209372712298546,17.78280067930808,23.713730200033904,0.0199,0.0158489,0.0251189,0.269,0.25,0.3,2.61,2.0,4.0,0.29,0.0113,0.0968,1.0,True,0.01,0.95,10.0,39600.0,0.938,0.139
16090,1 - 1 - 2022,19800.0,18.027756377319946,17.78280067930808,23.713730200033904,0.0243,0.0158489,0.0251189,0.354,0.3,0.4,3.04,2.0,4.0,0.0484,0.00325,0.0,1.0,True,0.01,0.95,10.0,39600.0,0.938,0.139
16091,1 - 1 - 2022,19800.0,19.79898987322333,17.78280067930808,23.713730200033904,0.0309,0.0251189,0.0398107,0.0229,0.0,0.05,0.0743,0.05,0.1,46.4,0.716,41.5,1.0,True,0.01,0.95,10.0,39600.0,0.938,0.139
16092,1 - 1 - 2022,19800.0,20.174241001832016,17.78280067930808,23.713730200033904,0.0336,0.0251189,0.0398107,0.0141,0.0,0.05,0.151,0.1,0.2,103.0,0.753,80.6,1.0,True,0.01,0.95,10.0,39600.0,0.938,0.139
16093,1 - 1 - 2022,19800.0,20.223748416156685,17.78280067930808,23.713730200033904,0.0323,0.0251189,0.0398107,0.0146,0.0,0.05,0.25,0.2,0.3,123.0,0.826,79.4,1.0,True,0.01,0.95,10.0,39600.0,0.938,0.139
16094,1 - 1 - 2022,19800.0,20.322401432901575,17.78280067930808,23.713730200033904,0.0315,0.0251189,0.0398107,0.0142,0.0,0.05,0.345,0.3,0.4,142.0,0.885,84.2,1.0,True,0.01,0.95,10.0,39600.0,0.938,0.139
16095,1 - 1 - 2022,19800.0,20.273134932713294,17.78280067930808,23.713730200033904,0.0325,0.0251189,0.0398107,0.0131,0.0,0.05,0.446,0.4,0.5,126.0,0.834,57.4,1.0,True,0.01,0.95,10.0,39600.0,0.938,0.139
16096,1 - 1 - 2022,19800.0,20.248456731316587,17.78280067930808,23.713730200033904,0.0329,0.0251189,0.0398107,0.0111,0.0,0.05,0.552,0.5,0.6,84.2,0.683,26.9,1.0,True,0.01,0.95,10.0,39600.0,0.938,0.139
16097,1 - 1 - 2022,19800.0,20.518284528683193,17.78280067930808,23.713730200033904,0.0319,0.0251189,0.0398107,0.017,0.0,0.05,0.646,0.6,0.7,74.5,0.642,23.2,1.0,True,0.01,0.95,10.0,39600.0,0.938,0.139
16098,1 - 1 - 2022,19800.0,20.223748416156685,17.78280067930808,23.713730200033904,0.0322,0.0251189,0.0398107,0.0145,0.0,0.05,0.743,0.7,0.8,53.7,0.545,13.4,1.0,True,0.01,0.95,10.0,39600.0,0.938,0.139
16099,1 - 1 - 2022,19800.0,20.37154878746336,17.78280067930808,23.713730200033904,0.0311,0.0251189,0.0398107,0.0143,0.0,0.05,0.844,0.8,0.9,45.2,0.5,6.11,1.0,True,0.01,0.95,10.0,39600.0,0.938,0.139
16100,1 - 1 - 2022,19800.0,20.346989949375804,17.78280067930808,23.713730200033904,0.0324,0.0251189,0.0398107,0.0201,0.0,0.05,0.942,0.9,1.0,24.4,0.368,6.1,1.0,True,0.01,0.95,10.0,39600.0,0.938,0.139
16101,1 - 1 - 2022,19800.0,20.346989949375804,17.78280067930808,23.713730200033904,0.0319,0.0251189,0.0398107,0.0212,0.0,0.05,1.2,1.0,1.5,14.7,0.127,0.0,1.0,True,0.01,0.95,10.0,39600.0,0.938,0.139
16102,1 - 1 - 2022,19800.0,20.09975124224178,17.78280067930808,23.713730200033904,0.0321,0.0251189,0.0398107,0.0313,0.0,0.05,1.73,1.5,2.0,4.15,0.0678,0.0,1.0,True,0.01,0.95,10.0,39600.0,0.938,0.139
16103,1 - 1 - 2022,19800.0,20.149441679609886,17.78280067930808,23.713730200033904,0.0318,0.0251189,0.0398107,0.033,0.0,0.05,2.8,2.0,4.0,0.549,0.0123,0.061,1.0,True,0.01,0.95,10.0,39600.0,0.938,0.139
16104,1 - 1 - 2022,19800.0,20.615528128088304,17.78280067930808,23.713730200033904,0.0331,0.0251189,0.0398107,0.0566,0.05,0.1,0.037,0.0,0.05,7.33,0.285,4.88,1.0,True,0.01,0.95,10.0,39600.0,0.938,0.139
16105,1 - 1 - 2022,19800.0,19.519221295943137,17.78280067930808,23.713730200033904,0.0324,0.0251189,0.0398107,0.0724,0.05,0.1,0.0733,0.05,0.1,14.7,0.403,4.88,1.0,True,0.01,0.95,10.0,39600.0,0.938,0.139
16106,1 - 1 - 2022,19800.0,20.174241001832016,17.78280067930808,23.713730200033904,0.0341,0.0251189,0.0398107,0.075,0.05,0.1,0.149,0.1,0.2,22.0,0.349,4.88,1.0,True,0.01,0.95,10.0,39600.0,0.938,0.139
16107,1 - 1 - 2022,19800.0,20.615528128088304,17.78280067930808,23.713730200033904,0.0332,0.0251189,0.0398107,0.0758,0.05,0.1,0.247,0.2,0.3,23.2,0.358,6.11,1.0,True,0.01,0.95,10.0,39600.0,0.938,0.139
16108,1 - 1 - 2022,19800.0,20.42057785666214,17.78280067930808,23.713730200033904,0.0309,0.0251189,0.0398107,0.0694,0.05,0.1,0.342,0.3,0.4,33.0,0.427,7.32,1.0,True,0.01,0.95,10.0,39600.0,0.938,0.139
16109,1 - 1 - 2022,19800.0,19.849433241279208,17.78280067930808,23.713730200033904,0.0327,0.0251189,0.0398107,0.0758,0.05,0.1,0.447,0.4,0.5,31.7,0.419,8.55,1.0,True,0.01,0.95,10.0,39600.0,0.938,0.139
16110,1 - 1 - 2022,19800.0,20.223748416156685,17.78280067930808,23.713730200033904,0.0324,0.0251189,0.0398107,0.0745,0.05,0.1,0.553,0.5,0.6,33.0,0.427,9.77,1.0,True,0.01,0.95,10.0,39600.0,0.938,0.139
16111,1 - 1 - 2022,19800.0,20.566963801203133,17.78280067930808,23.713730200033904,0.0334,0.0251189,0.0398107,0.0721,0.05,0.1,0.642,0.6,0.7,13.4,0.273,6.11,1.0,True,0.01,0.95,10.0,39600.0,0.938,0.139
16112,1 - 1 - 2022,19800.0,20.248456731316587,17.78280067930808,23.713730200033904,0.0327,0.0251189,0.0398107,0.0739,0.05,0.1,0.752,0.7,0.8,19.5,0.329,3.66,1.0,True,0.01,0.95,10.0,39600.0,0.938,0.139
16113,1 - 1 - 2022,19800.0,19.131126469708992,17.78280067930808,23.713730200033904,0.0326,0.0251189,0.0398107,0.0768,0.05,0.1,0.846,0.8,0.9,11.0,0.247,2.44,1.0,True,0.01,0.95,10.0,39600.0,0.938,0.139
16114,1 - 1 - 2022,19800.0,19.364916731037084,17.78280067930808,23.713730200033904,0.0315,0.0251189,0.0398107,0.0693,0.05,0.1,0.942,0.9,1.0,9.77,0.232,0.0,1.0,True,0.01,0.95,10.0,39600.0,0.938,0.139
16115,1 - 1 - 2022,19800.0,20.493901531919196,17.78280067930808,23.713730200033904,0.0322,0.0251189,0.0398107,0.0674,0.05,0.1,1.21,1.0,1.5,5.62,0.0788,1.22,1.0,True,0.01,0.95,10.0,39600.0,0.938,0.139
16116,1 - 1 - 2022,19800.0,20.09975124224178,17.78280067930808,23.713730200033904,0.0316,0.0251189,0.0398107,0.0767,0.05,0.1,1.74,1.5,2.0,3.17,0.0593,0.0,1.0,True,0.01,0.95,10.0,39600.0,0.938,0.139
16117,1 - 1 - 2022,19800.0,20.445048300260872,17.78280067930808,23.713730200033904,0.0315,0.0251189,0.0398107,0.0686,0.05,0.1,2.78,2.0,4.0,0.794,0.0148,0.061,1.0,True,0.01,0.95,10.0,39600.0,0.938,0.139
16118,1 - 1 - 2022,19800.0,21.656407827707714,17.78280067930808,23.713730200033904,0.0333,0.0251189,0.0398107,0.115,0.1,0.15,0.0683,0.05,0.1,4.88,0.232,0.0,1.0,True,0.01,0.95,10.0,39600.0,0.938,0.139
16119,1 - 1 - 2022,19800.0,20.273134932713294,17.78280067930808,23.713730200033904,0.0318,0.0251189,0.0398107,0.126,0.1,0.15,0.162,0.1,0.2,19.5,0.329,0.0,1.0,True,0.01,0.95,10.0,39600.0,0.938,0.139
16120,1 - 1 - 2022,19800.0,20.566963801203133,17.78280067930808,23.713730200033904,0.0319,0.0251189,0.0398107,0.12,0.1,0.15,0.254,0.2,0.3,15.9,0.296,0.0,1.0,True,0.01,0.95,10.0,39600.0,0.938,0.139
16121,1 - 1 - 2022,19800.0,20.248456731316587,17.78280067930808,23.713730200033904,0.0322,0.0251189,0.0398107,0.116,0.1,0.15,0.352,0.3,0.4,17.1,0.308,1.22,1.0,True,0.01,0.95,10.0,39600.0,0.938,0.139
16122,1 - 1 - 2022,19800.0,19.77371993328519,17.78280067930808,23.713730200033904,0.0346,0.0251189,0.0398107,0.13,0.1,0.15,0.434,0.4,0.5,4.88,0.164,0.0,1.0,True,0.01,0.95,10.0,39600.0,0.938,0.139
16123,1 - 1 - 2022,19800.0,20.024984394500787,17.78280067930808,23.713730200033904,0.032,0.0251189,0.0398107,0.124,0.1,0.15,0.553,0.5,0.6,18.3,0.318,0.0,1.0,True,0.01,0.95,10.0,39600.0,0.938,0.139
16124,1 - 1 - 2022,19800.0,18.973665961010276,17.78280067930808,23.713730200033904,0.0266,0.0251189,0.0398107,0.14,0.1,0.15,0.627,0.6,0.7,3.66,0.142,0.0,1.0,True,0.01,0.95,10.0,39600.0,0.938,0.139
16125,1 - 1 - 2022,19800.0,20.396078054371138,17.78280067930808,23.713730200033904,0.0353,0.0251189,0.0398107,0.112,0.1,0.15,0.766,0.7,0.8,4.89,0.164,0.0,1.0,True,0.01,0.95,10.0,39600.0,0.938,0.139
16126,1 - 1 - 2022,19800.0,20.445048300260872,17.78280067930808,23.713730200033904,0.0358,0.0251189,0.0398107,0.123,0.1,0.15,0.856,0.8,0.9,2.44,0.116,0.0,1.0,True,0.01,0.95,10.0,39600.0,0.938,0.139
16127,1 - 1 - 2022,19800.0,20.024984394500787,17.78280067930808,23.713730200033904,0.0319,0.0251189,0.0398107,0.137,0.1,0.15,0.963,0.9,1.0,4.88,0.164,0.0,1.0,True,0.01,0.95,10.0,39600.0,0.938,0.139
16128,1 - 1 - 2022,19800.0,20.663978319771825,17.78280067930808,23.713730200033904,0.0331,0.0251189,0.0398107,0.12,0.1,0.15,1.22,1.0,1.5,5.86,0.0805,0.977,1.0,True,0.01,0.95,10.0,39600.0,0.938,0.139
16129,1 - 1 - 2022,19800.0,20.73644135332772,17.78280067930808,23.713730200033904,0.0306,0.0251189,0.0398107,0.13,0.1,0.15,1.72,1.5,2.0,1.22,0.0368,0.0,1.0,True,0.01,0.95,10.0,39600.0,0.938,0.139
16130,1 - 1 - 2022,19800.0,20.42057785666214,17.78280067930808,23.713730200033904,0.0341,0.0251189,0.0398107,0.116,0.1,0.15,2.79,2.0,4.0,0.672,0.0136,0.183,1.0,True,0.01,0.95,10.0,39600.0,0.938,0.139
16131,1 - 1 - 2022,19800.0,21.166010488516726,17.78280067930808,23.713730200033904,0.0398,0.0251189,0.0398107,0.162,0.15,0.2,0.0963,0.05,0.1,2.44,0.164,0.0,1.0,True,0.01,0.95,10.0,39600.0,0.938,0.139
16132,1 - 1 - 2022,19800.0,20.8806130178211,17.78280067930808,23.713730200033904,0.0348,0.0251189,0.0398107,0.17,0.15,0.2,0.156,0.1,0.2,4.88,0.164,0.0,1.0,True,0.01,0.95,10.0,39600.0,0.938,0.139
16133,1 - 1 - 2022,19800.0,20.396078054371138,17.78280067930808,23.713730200033904,0.0321,0.0251189,0.0398107,0.172,0.15,0.2,0.255,0.2,0.3,9.77,0.232,0.0,1.0,True,0.01,0.95,10.0,39600.0,0.938,0.139
16134,1 - 1 - 2022,19800.0,20.688160865577203,17.78280067930808,23.713730200033904,0.0311,0.0251189,0.0398107,0.17,0.15,0.2,0.337,0.3,0.4,7.33,0.201,0.0,1.0,True,0.01,0.95,10.0,39600.0,0.938,0.139
16135,1 - 1 - 2022,19800.0,19.82422760159901,17.78280067930808,23.713730200033904,0.0331,0.0251189,0.0398107,0.175,0.15,0.2,0.442,0.4,0.5,12.2,0.26,0.0,1.0,True,0.01,0.95,10.0,39600.0,0.938,0.139
16136,1 - 1 - 2022,19800.0,20.223748416156685,17.78280067930808,23.713730200033904,0.0331,0.0251189,0.0398107,0.17,0.15,0.2,0.563,0.5,0.6,8.55,0.217,0.0,1.0,True,0.01,0.95,10.0,39600.0,0.938,0.139
16137,1 - 1 - 2022,19800.0,21.633307652783937,17.78280067930808,23.713730200033904,0.0334,0.0251189,0.0398107,0.164,0.15,0.2,0.648,0.6,0.7,6.1,0.184,0.0,1.0,True,0.01,0.95,10.0,39600.0,0.938,0.139
16138,1 - 1 - 2022,19800.0,20.615528128088304,17.78280067930808,23.713730200033904,0.0298,0.0251189,0.0398107,0.185,0.15,0.2,0.742,0.7,0.8,7.32,0.201,0.0,1.0,True,0.01,0.95,10.0,39600.0,0.938,0.139
16139,1 - 1 - 2022,19800.0,20.074859899884732,17.78280067930808,23.713730200033904,0.0317,0.0251189,0.0398107,0.177,0.15,0.2,0.838,0.8,0.9,4.88,0.164,0.0,1.0,True,0.01,0.95,10.0,39600.0,0.938,0.139
16140,1 - 1 - 2022,19800.0,20.396078054371138,17.78280067930808,23.713730200033904,0.0298,0.0251189,0.0398107,0.174,0.15,0.2,0.951,0.9,1.0,4.88,0.164,0.0,1.0,True,0.01,0.95,10.0,39600.0,0.938,0.139
16141,1 - 1 - 2022,19800.0,20.73644135332772,17.78280067930808,23.713730200033904,0.0322,0.0251189,0.0398107,0.171,0.15,0.2,1.23,1.0,1.5,3.17,0.0593,0.0,1.0,True,0.01,0.95,10.0,39600.0,0.938,0.139
16142,1 - 1 - 2022,19800.0,18.547236990991408,17.78280067930808,23.713730200033904,0.0278,0.0251189,0.0398107,0.173,0.15,0.2,1.78,1.5,2.0,0.488,0.0232,0.0,1.0,True,0.01,0.95,10.0,39600.0,0.938,0.139
16143,1 - 1 - 2022,19800.0,20.566963801203133,17.78280067930808,23.713730200033904,0.0308,0.0251189,0.0398107,0.18,0.15,0.2,2.71,2.0,4.0,0.366,0.0101,0.0611,1.0,True,0.01,0.95,10.0,39600.0,0.938,0.139
16144,1 - 1 - 2022,19800.0,20.223748416156685,17.78280067930808,23.713730200033904,0.0317,0.0251189,0.0398107,0.23,0.2,0.25,0.167,0.1,0.2,4.88,0.164,0.0,1.0,True,0.01,0.95,10.0,39600.0,0.938,0.139
16145,1 - 1 - 2022,19800.0,19.87460691435179,17.78280067930808,23.713730200033904,0.0304,0.0251189,0.0398107,0.218,0.2,0.25,0.232,0.2,0.3,7.33,0.201,0.0,1.0,True,0.01,0.95,10.0,39600.0,0.938,0.139
16146,1 - 1 - 2022,19800.0,20.663978319771825,17.78280067930808,23.713730200033904,0.0301,0.0251189,0.0398107,0.224,0.2,0.25,0.343,0.3,0.4,4.88,0.164,0.0,1.0,True,0.01,0.95,10.0,39600.0,0.938,0.139
16147,1 - 1 - 2022,19800.0,20.663978319771825,17.78280067930808,23.713730200033904,0.0355,0.0251189,0.0398107,0.217,0.2,0.25,0.444,0.4,0.5,7.32,0.201,0.0,1.0,True,0.01,0.95,10.0,39600.0,0.938,0.139
16148,1 - 1 - 2022,19800.0,20.73644135332772,17.78280067930808,23.713730200033904,0.0304,0.0251189,0.0398107,0.208,0.2,0.25,0.546,0.5,0.6,4.88,0.164,0.0,1.0,True,0.01,0.95,10.0,39600.0,0.938,0.139
16149,1 - 1 - 2022,19800.0,21.61018278497431,17.78280067930808,23.713730200033904,0.0335,0.0251189,0.0398107,0.222,0.2,0.25,0.627,0.6,0.7,7.33,0.201,0.0,1.0,True,0.01,0.95,10.0,39600.0,0.938,0.139
16150,1 - 1 - 2022,19800.0,19.183326093250876,17.78280067930808,23.713730200033904,0.0303,0.0251189,0.0398107,0.224,0.2,0.25,0.761,0.7,0.8,6.11,0.184,0.0,1.0,True,0.01,0.95,10.0,39600.0,0.938,0.139
16151,1 - 1 - 2022,19800.0,21.02379604162864,17.78280067930808,23.713730200033904,0.0332,0.0251189,0.0398107,0.217,0.2,0.25,0.837,0.8,0.9,3.66,0.142,0.0,1.0,True,0.01,0.95,10.0,39600.0,0.938,0.139
16152,1 - 1 - 2022,19800.0,20.493901531919196,17.78280067930808,23.713730200033904,0.0361,0.0251189,0.0398107,0.2,0.2,0.25,0.904,0.9,1.0,1.22,0.0822,0.0,1.0,True,0.01,0.95,10.0,39600.0,0.938,0.139
16153,1 - 1 - 2022,19800.0,19.6468827043885,17.78280067930808,23.713730200033904,0.0341,0.0251189,0.0398107,0.219,0.2,0.25,1.24,1.0,1.5,1.71,0.0435,0.733,1.0,True,0.01,0.95,10.0,39600.0,0.938,0.139
16154,1 - 1 - 2022,19800.0,19.364916731037084,17.78280067930808,23.713730200033904,0.0276,0.0251189,0.0398107,0.235,0.2,0.25,1.77,1.5,2.0,0.733,0.0285,0.244,1.0,True,0.01,0.95,10.0,39600.0,0.938,0.139
16155,1 - 1 - 2022,19800.0,20.46948949045872,17.78280067930808,23.713730200033904,0.0319,0.0251189,0.0398107,0.236,0.2,0.25,2.89,2.0,4.0,0.427,0.0109,0.122,1.0,True,0.01,0.95,10.0,39600.0,0.938,0.139
16156,1 - 1 - 2022,19800.0,18.57417562100671,17.78280067930808,23.713730200033904,0.031,0.0251189,0.0398107,0.279,0.25,0.3,0.156,0.1,0.2,3.66,0.142,2.44,1.0,True,0.01,0.95,10.0,39600.0,0.938,0.139
16157,1 - 1 - 2022,19800.0,20.049937655763422,17.78280067930808,23.713730200033904,0.0289,0.0251189,0.0398107,0.271,0.25,0.3,0.243,0.2,0.3,6.11,0.184,3.66,1.0,True,0.01,0.95,10.0,39600.0,0.938,0.139
16158,1 - 1 - 2022,19800.0,20.639767440550294,17.78280067930808,23.713730200033904,0.0324,0.0251189,0.0398107,0.283,0.25,0.3,0.47,0.4,0.5,3.66,0.142,1.22,1.0,True,0.01,0.95,10.0,39600.0,0.938,0.139
16159,1 - 1 - 2022,19800.0,20.074859899884732,17.78280067930808,23.713730200033904,0.0336,0.0251189,0.0398107,0.269,0.25,0.3,0.522,0.5,0.6,1.22,0.0822,0.0,1.0,True,0.01,0.95,10.0,39600.0,0.938,0.139
16160,1 - 1 - 2022,19800.0,20.566963801203133,17.78280067930808,23.713730200033904,0.0329,0.0251189,0.0398107,0.278,0.25,0.3,0.741,0.7,0.8,2.44,0.116,1.22,1.0,True,0.01,0.95,10.0,39600.0,0.938,0.139
16161,1 - 1 - 2022,19800.0,20.8806130178211,17.78280067930808,23.713730200033904,0.0326,0.0251189,0.0398107,0.266,0.25,0.3,0.97,0.9,1.0,2.44,0.116,1.22,1.0,True,0.01,0.95,10.0,39600.0,0.938,0.139
16162,1 - 1 - 2022,19800.0,19.313207915827967,17.78280067930808,23.713730200033904,0.0355,0.0251189,0.0398107,0.264,0.25,0.3,1.24,1.0,1.5,0.733,0.0285,0.488,1.0,True,0.01,0.95,10.0,39600.0,0.938,0.139
16163,1 - 1 - 2022,19800.0,19.390719429665317,17.78280067930808,23.713730200033904,0.0322,0.0251189,0.0398107,0.282,0.25,0.3,2.81,2.0,4.0,0.183,0.00712,0.122,1.0,True,0.01,0.95,10.0,39600.0,0.938,0.139
16164,1 - 1 - 2022,19800.0,20.591260281974,17.78280067930808,23.713730200033904,0.0317,0.0251189,0.0398107,0.333,0.3,0.4,0.381,0.3,0.4,2.44,0.0822,1.83,1.0,True,0.01,0.95,10.0,39600.0,0.938,0.139
16165,1 - 1 - 2022,19800.0,19.77371993328519,17.78280067930808,23.713730200033904,0.0311,0.0251189,0.0398107,0.368,0.3,0.4,1.74,1.5,2.0,0.366,0.0142,0.244,1.0,True,0.01,0.95,10.0,39600.0,0.938,0.139
16166,1 - 1 - 2022,19800.0,20.663978319771825,17.78280067930808,23.713730200033904,0.0512,0.0398107,0.0630957,0.0233,0.0,0.05,0.0334,0.0,0.05,4.62,0.18,1.54,1.0,True,0.01,0.95,10.0,39600.0,0.938,0.139
16167,1 - 1 - 2022,19800.0,19.519221295943137,17.78280067930808,23.713730200033904,0.0529,0.0398107,0.0630957,0.023,0.0,0.05,0.0832,0.05,0.1,18.5,0.359,10.8,1.0,True,0.01,0.95,10.0,39600.0,0.938,0.139
16168,1 - 1 - 2022,19800.0,20.46948949045872,17.78280067930808,23.713730200033904,0.0498,0.0398107,0.0630957,0.0165,0.0,0.05,0.156,0.1,0.2,55.5,0.44,40.8,1.0,True,0.01,0.95,10.0,39600.0,0.938,0.139
16169,1 - 1 - 2022,19800.0,20.37154878746336,17.78280067930808,23.713730200033904,0.0516,0.0398107,0.0630957,0.0154,0.0,0.05,0.252,0.2,0.3,71.6,0.5,37.0,1.0,True,0.01,0.95,10.0,39600.0,0.938,0.139
16170,1 - 1 - 2022,19800.0,20.615528128088304,17.78280067930808,23.713730200033904,0.0501,0.0398107,0.0630957,0.0153,0.0,0.05,0.348,0.3,0.4,76.3,0.516,41.6,1.0,True,0.01,0.95,10.0,39600.0,0.938,0.139
16171,1 - 1 - 2022,19800.0,20.54263858417414,17.78280067930808,23.713730200033904,0.0504,0.0398107,0.0630957,0.0173,0.0,0.05,0.446,0.4,0.5,65.5,0.478,30.0,1.0,True,0.01,0.95,10.0,39600.0,0.938,0.139
16172,1 - 1 - 2022,19800.0,20.566963801203133,17.78280067930808,23.713730200033904,0.0505,0.0398107,0.0630957,0.0172,0.0,0.05,0.544,0.5,0.6,53.9,0.434,17.7,1.0,True,0.01,0.95,10.0,39600.0,0.938,0.139
16173,1 - 1 - 2022,19800.0,20.37154878746336,17.78280067930808,23.713730200033904,0.0491,0.0398107,0.0630957,0.0193,0.0,0.05,0.642,0.6,0.7,43.1,0.388,11.6,1.0,True,0.01,0.95,10.0,39600.0,0.938,0.139
16174,1 - 1 - 2022,19800.0,20.37154878746336,17.78280067930808,23.713730200033904,0.0504,0.0398107,0.0630957,0.0196,0.0,0.05,0.756,0.7,0.8,37.0,0.359,13.1,1.0,True,0.01,0.95,10.0,39600.0,0.938,0.139
16175,1 - 1 - 2022,19800.0,20.346989949375804,17.78280067930808,23.713730200033904,0.0501,0.0398107,0.0630957,0.02,0.0,0.05,0.853,0.8,0.9,23.1,0.284,6.93,1.0,True,0.01,0.95,10.0,39600.0,0.938,0.139
16176,1 - 1 - 2022,19800.0,20.049937655763422,17.78280067930808,23.713730200033904,0.052,0.0398107,0.0630957,0.0177,0.0,0.05,0.94,0.9,1.0,11.6,0.201,0.77,1.0,True,0.01,0.95,10.0,39600.0,0.938,0.139
16177,1 - 1 - 2022,19800.0,20.663978319771825,17.78280067930808,23.713730200033904,0.0504,0.0398107,0.0630957,0.0261,0.0,0.05,1.23,1.0,1.5,8.17,0.0755,0.462,1.0,True,0.01,0.95,10.0,39600.0,0.938,0.139
16178,1 - 1 - 2022,19800.0,20.248456731316587,17.78280067930808,23.713730200033904,0.0488,0.0398107,0.0630957,0.0272,0.0,0.05,1.76,1.5,2.0,1.85,0.0359,0.0,1.0,True,0.01,0.95,10.0,39600.0,0.938,0.139
16179,1 - 1 - 2022,19800.0,20.904544960366874,17.78280067930808,23.713730200033904,0.0511,0.0398107,0.0630957,0.0389,0.0,0.05,2.6,2.0,4.0,0.154,0.00519,0.0,1.0,True,0.01,0.95,10.0,39600.0,0.938,0.139
16180,1 - 1 - 2022,19800.0,21.42428528562855,17.78280067930808,23.713730200033904,0.0589,0.0398107,0.0630957,0.0784,0.05,0.1,0.0105,0.0,0.05,1.54,0.104,0.0,1.0,True,0.01,0.95,10.0,39600.0,0.938,0.139
16181,1 - 1 - 2022,19800.0,19.672315572906,17.78280067930808,23.713730200033904,0.0525,0.0398107,0.0630957,0.0755,0.05,0.1,0.0748,0.05,0.1,9.24,0.254,0.0,1.0,True,0.01,0.95,10.0,39600.0,0.938,0.139
16182,1 - 1 - 2022,19800.0,20.29778313018444,17.78280067930808,23.713730200033904,0.051,0.0398107,0.0630957,0.0685,0.05,0.1,0.149,0.1,0.2,16.2,0.238,1.54,1.0,True,0.01,0.95,10.0,39600.0,0.938,0.139
16183,1 - 1 - 2022,19800.0,20.784609690826528,17.78280067930808,23.713730200033904,0.0518,0.0398107,0.0630957,0.0737,0.05,0.1,0.254,0.2,0.3,23.9,0.289,1.54,1.0,True,0.01,0.95,10.0,39600.0,0.938,0.139
16184,1 - 1 - 2022,19800.0,20.346989949375804,17.78280067930808,23.713730200033904,0.0505,0.0398107,0.0630957,0.0701,0.05,0.1,0.357,0.3,0.4,19.3,0.259,2.31,1.0,True,0.01,0.95,10.0,39600.0,0.938,0.139
16185,1 - 1 - 2022,19800.0,20.46948949045872,17.78280067930808,23.713730200033904,0.0513,0.0398107,0.0630957,0.0758,0.05,0.1,0.443,0.4,0.5,20.0,0.264,0.0,1.0,True,0.01,0.95,10.0,39600.0,0.938,0.139
16186,1 - 1 - 2022,19800.0,19.748417658131498,17.78280067930808,23.713730200033904,0.0533,0.0398107,0.0630957,0.0783,0.05,0.1,0.556,0.5,0.6,17.7,0.249,0.771,1.0,True,0.01,0.95,10.0,39600.0,0.938,0.139
16187,1 - 1 - 2022,19800.0,21.213203435596427,17.78280067930808,23.713730200033904,0.0502,0.0398107,0.0630957,0.0722,0.05,0.1,0.647,0.6,0.7,10.8,0.194,0.771,1.0,True,0.01,0.95,10.0,39600.0,0.938,0.139
16188,1 - 1 - 2022,19800.0,20.322401432901575,17.78280067930808,23.713730200033904,0.0516,0.0398107,0.0630957,0.0742,0.05,0.1,0.743,0.7,0.8,10.0,0.187,1.54,1.0,True,0.01,0.95,10.0,39600.0,0.938,0.139
16189,1 - 1 - 2022,19800.0,20.149441679609886,17.78280067930808,23.713730200033904,0.0503,0.0398107,0.0630957,0.0697,0.05,0.1,0.851,0.8,0.9,6.93,0.156,0.771,1.0,True,0.01,0.95,10.0,39600.0,0.938,0.139
16190,1 - 1 - 2022,19800.0,20.29778313018444,17.78280067930808,23.713730200033904,0.053,0.0398107,0.0630957,0.0715,0.05,0.1,0.928,0.9,1.0,6.16,0.147,1.54,1.0,True,0.01,0.95,10.0,39600.0,0.938,0.139
16191,1 - 1 - 2022,19800.0,20.149441679609886,17.78280067930808,23.713730200033904,0.051,0.0398107,0.0630957,0.0717,0.05,0.1,1.2,1.0,1.5,4.62,0.0568,0.308,1.0,True,0.01,0.95,10.0,39600.0,0.938,0.139
16192,1 - 1 - 2022,19800.0,19.924858845171276,17.78280067930808,23.713730200033904,0.0502,0.0398107,0.0630957,0.0613,0.05,0.1,1.77,1.5,2.0,0.924,0.0254,0.0,1.0,True,0.01,0.95,10.0,39600.0,0.938,0.139
16193,1 - 1 - 2022,19800.0,20.808652046684813,17.78280067930808,23.713730200033904,0.0512,0.0398107,0.0630957,0.0731,0.05,0.1,2.52,2.0,4.0,0.578,0.01,0.0771,1.0,True,0.01,0.95,10.0,39600.0,0.938,0.139
16194,1 - 1 - 2022,19800.0,20.663978319771825,17.78280067930808,23.713730200033904,0.046,0.0398107,0.0630957,0.125,0.1,0.15,0.0837,0.05,0.1,7.7,0.232,0.0,1.0,True,0.01,0.95,10.0,39600.0,0.938,0.139
16195,1 - 1 - 2022,19800.0,20.396078054371138,17.78280067930808,23.713730200033904,0.0474,0.0398107,0.0630957,0.128,0.1,0.15,0.164,0.1,0.2,5.39,0.137,0.0,1.0,True,0.01,0.95,10.0,39600.0,0.938,0.139
16196,1 - 1 - 2022,19800.0,20.174241001832016,17.78280067930808,23.713730200033904,0.0487,0.0398107,0.0630957,0.122,0.1,0.15,0.251,0.2,0.3,8.47,0.172,0.0,1.0,True,0.01,0.95,10.0,39600.0,0.938,0.139
16197,1 - 1 - 2022,19800.0,20.663978319771825,17.78280067930808,23.713730200033904,0.0551,0.0398107,0.0630957,0.119,0.1,0.15,0.363,0.3,0.4,6.16,0.147,0.0,1.0,True,0.01,0.95,10.0,39600.0,0.938,0.139
16198,1 - 1 - 2022,19800.0,20.566963801203133,17.78280067930808,23.713730200033904,0.055,0.0398107,0.0630957,0.12,0.1,0.15,0.446,0.4,0.5,13.9,0.22,0.0,1.0,True,0.01,0.95,10.0,39600.0,0.938,0.139
16199,1 - 1 - 2022,19800.0,20.591260281974,17.78280067930808,23.713730200033904,0.0493,0.0398107,0.0630957,0.125,0.1,0.15,0.552,0.5,0.6,11.6,0.201,0.0,1.0,True,0.01,0.95,10.0,39600.0,0.938,0.139
16200,1 - 1 - 2022,19800.0,19.078784028338912,17.78280067930808,23.713730200033904,0.0513,0.0398107,0.0630957,0.113,0.1,0.15,0.625,0.6,0.7,3.08,0.104,0.0,1.0,True,0.01,0.95,10.0,39600.0,0.938,0.139
16201,1 - 1 - 2022,19800.0,19.79898987322333,17.78280067930808,23.713730200033904,0.0504,0.0398107,0.0630957,0.125,0.1,0.15,0.758,0.7,0.8,4.62,0.127,0.0,1.0,True,0.01,0.95,10.0,39600.0,0.938,0.139
16202,1 - 1 - 2022,19800.0,17.832554500127006,17.78280067930808,23.713730200033904,0.051,0.0398107,0.0630957,0.108,0.1,0.15,0.801,0.8,0.9,0.77,0.0518,0.0,1.0,True,0.01,0.95,10.0,39600.0,0.938,0.139
16203,1 - 1 - 2022,19800.0,19.390719429665317,17.78280067930808,23.713730200033904,0.0567,0.0398107,0.0630957,0.122,0.1,0.15,0.962,0.9,1.0,4.62,0.127,0.0,1.0,True,0.01,0.95,10.0,39600.0,0.938,0.139
16204,1 - 1 - 2022,19800.0,20.273134932713294,17.78280067930808,23.713730200033904,0.0501,0.0398107,0.0630957,0.123,0.1,0.15,1.17,1.0,1.5,3.08,0.0464,0.462,1.0,True,0.01,0.95,10.0,39600.0,0.938,0.139
16205,1 - 1 - 2022,19800.0,20.73644135332772,17.78280067930808,23.713730200033904,0.0511,0.0398107,0.0630957,0.119,0.1,0.15,1.73,1.5,2.0,0.308,0.0147,0.154,1.0,True,0.01,0.95,10.0,39600.0,0.938,0.139
16206,1 - 1 - 2022,19800.0,19.4164878389476,17.78280067930808,23.713730200033904,0.0512,0.0398107,0.0630957,0.125,0.1,0.15,2.3,2.0,4.0,0.116,0.00449,0.0,1.0,True,0.01,0.95,10.0,39600.0,0.938,0.139
16207,1 - 1 - 2022,19800.0,18.76166303929372,17.78280067930808,23.713730200033904,0.0407,0.0398107,0.0630957,0.185,0.15,0.2,0.0424,0.0,0.05,1.54,0.104,0.0,1.0,True,0.01,0.95,10.0,39600.0,0.938,0.139
16208,1 - 1 - 2022,19800.0,20.174241001832016,17.78280067930808,23.713730200033904,0.0501,0.0398107,0.0630957,0.179,0.15,0.2,0.0728,0.05,0.1,3.08,0.147,0.0,1.0,True,0.01,0.95,10.0,39600.0,0.938,0.139
16209,1 - 1 - 2022,19800.0,20.445048300260872,17.78280067930808,23.713730200033904,0.0499,0.0398107,0.0630957,0.175,0.15,0.2,0.152,0.1,0.2,10.0,0.187,0.0,1.0,True,0.01,0.95,10.0,39600.0,0.938,0.139
16210,1 - 1 - 2022,19800.0,20.760539492026695,17.78280067930808,23.713730200033904,0.0506,0.0398107,0.0630957,0.169,0.15,0.2,0.257,0.2,0.3,11.6,0.201,0.0,1.0,True,0.01,0.95,10.0,39600.0,0.938,0.139
16211,1 - 1 - 2022,19800.0,22.737634001804146,17.78280067930808,23.713730200033904,0.0564,0.0398107,0.0630957,0.177,0.15,0.2,0.354,0.3,0.4,2.31,0.0898,0.0,1.0,True,0.01,0.95,10.0,39600.0,0.938,0.139
16212,1 - 1 - 2022,19800.0,20.09975124224178,17.78280067930808,23.713730200033904,0.0495,0.0398107,0.0630957,0.168,0.15,0.2,0.447,0.4,0.5,8.47,0.172,0.0,1.0,True,0.01,0.95,10.0,39600.0,0.938,0.139
16213,1 - 1 - 2022,19800.0,20.149441679609886,17.78280067930808,23.713730200033904,0.0492,0.0398107,0.0630957,0.174,0.15,0.2,0.535,0.5,0.6,9.24,0.18,0.0,1.0,True,0.01,0.95,10.0,39600.0,0.938,0.139
16214,1 - 1 - 2022,19800.0,20.09975124224178,17.78280067930808,23.713730200033904,0.0516,0.0398107,0.0630957,0.179,0.15,0.2,0.655,0.6,0.7,2.31,0.0898,0.0,1.0,True,0.01,0.95,10.0,39600.0,0.938,0.139
16215,1 - 1 - 2022,19800.0,20.808652046684813,17.78280067930808,23.713730200033904,0.0518,0.0398107,0.0630957,0.164,0.15,0.2,0.743,0.7,0.8,5.39,0.137,0.0,1.0,True,0.01,0.95,10.0,39600.0,0.938,0.139
16216,1 - 1 - 2022,19800.0,20.591260281974,17.78280067930808,23.713730200033904,0.0525,0.0398107,0.0630957,0.187,0.15,0.2,0.857,0.8,0.9,5.39,0.137,1.54,1.0,True,0.01,0.95,10.0,39600.0,0.938,0.139
16217,1 - 1 - 2022,19800.0,20.42057785666214,17.78280067930808,23.713730200033904,0.0491,0.0398107,0.0630957,0.177,0.15,0.2,0.941,0.9,1.0,5.39,0.137,0.0,1.0,True,0.01,0.95,10.0,39600.0,0.938,0.139
16218,1 - 1 - 2022,19800.0,20.518284528683193,17.78280067930808,23.713730200033904,0.0517,0.0398107,0.0630957,0.173,0.15,0.2,1.24,1.0,1.5,1.39,0.0311,0.308,1.0,True,0.01,0.95,10.0,39600.0,0.938,0.139
16219,1 - 1 - 2022,19800.0,21.702534414210707,17.78280067930808,23.713730200033904,0.0479,0.0398107,0.0630957,0.17,0.15,0.2,1.78,1.5,2.0,1.08,0.0274,0.308,1.0,True,0.01,0.95,10.0,39600.0,0.938,0.139
16220,1 - 1 - 2022,19800.0,21.563858652847824,17.78280067930808,23.713730200033904,0.0562,0.0398107,0.0630957,0.184,0.15,0.2,3.42,2.0,4.0,0.116,0.00449,0.0771,1.0,True,0.01,0.95,10.0,39600.0,0.938,0.139
16221,1 - 1 - 2022,19800.0,18.2208671582886,17.78280067930808,23.713730200033904,0.0562,0.0398107,0.0630957,0.214,0.2,0.25,0.0882,0.05,0.1,1.54,0.104,0.0,1.0,True,0.01,0.95,10.0,39600.0,0.938,0.139
16222,1 - 1 - 2022,19800.0,19.6468827043885,17.78280067930808,23.713730200033904,0.0517,0.0398107,0.0630957,0.218,0.2,0.25,0.184,0.1,0.2,1.54,0.0733,0.0,1.0,True,0.01,0.95,10.0,39600.0,0.938,0.139
16223,1 - 1 - 2022,19800.0,20.42057785666214,17.78280067930808,23.713730200033904,0.0483,0.0398107,0.0630957,0.224,0.2,0.25,0.267,0.2,0.3,3.85,0.116,0.0,1.0,True,0.01,0.95,10.0,39600.0,0.938,0.139
16224,1 - 1 - 2022,19800.0,21.748563170931547,17.78280067930808,23.713730200033904,0.0469,0.0398107,0.0630957,0.216,0.2,0.25,0.35,0.3,0.4,3.85,0.116,0.0,1.0,True,0.01,0.95,10.0,39600.0,0.938,0.139
16225,1 - 1 - 2022,19800.0,20.566963801203133,17.78280067930808,23.713730200033904,0.053,0.0398107,0.0630957,0.221,0.2,0.25,0.452,0.4,0.5,4.62,0.127,0.771,1.0,True,0.01,0.95,10.0,39600.0,0.938,0.139
16226,1 - 1 - 2022,19800.0,19.4164878389476,17.78280067930808,23.713730200033904,0.0559,0.0398107,0.0630957,0.219,0.2,0.25,0.558,0.5,0.6,5.39,0.137,1.54,1.0,True,0.01,0.95,10.0,39600.0,0.938,0.139
16227,1 - 1 - 2022,19800.0,20.0,17.78280067930808,23.713730200033904,0.0463,0.0398107,0.0630957,0.24,0.2,0.25,0.64,0.6,0.7,2.31,0.0898,0.77,1.0,True,0.01,0.95,10.0,39600.0,0.938,0.139
16228,1 - 1 - 2022,19800.0,17.86057109949175,17.78280067930808,23.713730200033904,0.0441,0.0398107,0.0630957,0.244,0.2,0.25,0.735,0.7,0.8,0.771,0.0519,0.0,1.0,True,0.01,0.95,10.0,39600.0,0.938,0.139
16229,1 - 1 - 2022,19800.0,21.18962010041709,17.78280067930808,23.713730200033904,0.0452,0.0398107,0.0630957,0.223,0.2,0.25,0.871,0.8,0.9,1.54,0.0733,0.0,1.0,True,0.01,0.95,10.0,39600.0,0.938,0.139
16230,1 - 1 - 2022,19800.0,22.956480566497994,17.78280067930808,23.713730200033904,0.0435,0.0398107,0.0630957,0.218,0.2,0.25,0.967,0.9,1.0,2.31,0.0898,0.771,1.0,True,0.01,0.95,10.0,39600.0,0.938,0.139
16231,1 - 1 - 2022,19800.0,20.29778313018444,17.78280067930808,23.713730200033904,0.0542,0.0398107,0.0630957,0.222,0.2,0.25,1.3,1.0,1.5,1.39,0.0311,0.616,1.0,True,0.01,0.95,10.0,39600.0,0.938,0.139
16232,1 - 1 - 2022,19800.0,20.273134932713294,17.78280067930808,23.713730200033904,0.0457,0.0398107,0.0630957,0.222,0.2,0.25,2.62,2.0,4.0,0.154,0.00518,0.0771,1.0,True,0.01,0.95,10.0,39600.0,0.938,0.139
16233,1 - 1 - 2022,19800.0,21.540659228538015,17.78280067930808,23.713730200033904,0.0468,0.0398107,0.0630957,0.281,0.25,0.3,0.562,0.5,0.6,3.08,0.104,2.31,1.0,True,0.01,0.95,10.0,39600.0,0.938,0.139
16234,1 - 1 - 2022,19800.0,21.213203435596427,17.78280067930808,23.713730200033904,0.0607,0.0398107,0.0630957,0.268,0.25,0.3,0.808,0.8,0.9,0.77,0.0518,0.0,1.0,True,0.01,0.95,10.0,39600.0,0.938,0.139
16235,1 - 1 - 2022,19800.0,19.748417658131498,17.78280067930808,23.713730200033904,0.0482,0.0398107,0.0630957,0.261,0.25,0.3,1.17,1.0,1.5,1.08,0.0274,0.924,1.0,True,0.01,0.95,10.0,39600.0,0.938,0.139
16236,1 - 1 - 2022,19800.0,18.867962264113206,17.78280067930808,23.713730200033904,0.0455,0.0398107,0.0630957,0.33,0.3,0.4,2.7,2.0,4.0,0.0385,0.00183,0.0,1.0,True,0.01,0.95,10.0,39600.0,0.938,0.139
16237,1 - 1 - 2022,19800.0,20.248456731316587,17.78280067930808,23.713730200033904,0.0913,0.0630957,0.1,0.0265,0.0,0.05,0.0336,0.0,0.05,5.83,0.16,3.89,1.0,True,0.01,0.95,10.0,39600.0,0.938,0.139
16238,1 - 1 - 2022,19800.0,20.445048300260872,17.78280067930808,23.713730200033904,0.079,0.0630957,0.1,0.0162,0.0,0.05,0.0766,0.05,0.1,18.5,0.285,14.6,1.0,True,0.01,0.95,10.0,39600.0,0.938,0.139
16239,1 - 1 - 2022,19800.0,20.42057785666214,17.78280067930808,23.713730200033904,0.0812,0.0630957,0.1,0.0204,0.0,0.05,0.149,0.1,0.2,30.6,0.26,18.0,1.0,True,0.01,0.95,10.0,39600.0,0.938,0.139
16240,1 - 1 - 2022,19800.0,20.322401432901575,17.78280067930808,23.713730200033904,0.0809,0.0630957,0.1,0.0176,0.0,0.05,0.251,0.2,0.3,46.7,0.321,27.2,1.0,True,0.01,0.95,10.0,39600.0,0.938,0.139
16241,1 - 1 - 2022,19800.0,20.493901531919196,17.78280067930808,23.713730200033904,0.0795,0.0630957,0.1,0.0163,0.0,0.05,0.352,0.3,0.4,41.8,0.303,21.9,1.0,True,0.01,0.95,10.0,39600.0,0.938,0.139
16242,1 - 1 - 2022,19800.0,20.29778313018444,17.78280067930808,23.713730200033904,0.0816,0.0630957,0.1,0.0164,0.0,0.05,0.455,0.4,0.5,47.6,0.324,15.1,1.0,True,0.01,0.95,10.0,39600.0,0.938,0.139
16243,1 - 1 - 2022,19800.0,20.445048300260872,17.78280067930808,23.713730200033904,0.0797,0.0630957,0.1,0.0159,0.0,0.05,0.553,0.5,0.6,32.1,0.266,9.72,1.0,True,0.01,0.95,10.0,39600.0,0.938,0.139
16244,1 - 1 - 2022,19800.0,20.54263858417414,17.78280067930808,23.713730200033904,0.0802,0.0630957,0.1,0.0178,0.0,0.05,0.648,0.6,0.7,26.2,0.24,6.32,1.0,True,0.01,0.95,10.0,39600.0,0.938,0.139
16245,1 - 1 - 2022,19800.0,20.493901531919196,17.78280067930808,23.713730200033904,0.0811,0.0630957,0.1,0.0216,0.0,0.05,0.755,0.7,0.8,26.2,0.24,6.81,1.0,True,0.01,0.95,10.0,39600.0,0.938,0.139
16246,1 - 1 - 2022,19800.0,20.566963801203133,17.78280067930808,23.713730200033904,0.0792,0.0630957,0.1,0.0212,0.0,0.05,0.847,0.8,0.9,17.0,0.194,1.94,1.0,True,0.01,0.95,10.0,39600.0,0.938,0.139
16247,1 - 1 - 2022,19800.0,21.18962010041709,17.78280067930808,23.713730200033904,0.0781,0.0630957,0.1,0.0178,0.0,0.05,0.946,0.9,1.0,7.29,0.127,1.94,1.0,True,0.01,0.95,10.0,39600.0,0.938,0.139
16248,1 - 1 - 2022,19800.0,20.639767440550294,17.78280067930808,23.713730200033904,0.079,0.0630957,0.1,0.0262,0.0,0.05,1.2,1.0,1.5,3.5,0.0393,0.194,1.0,True,0.01,0.95,10.0,39600.0,0.938,0.139
16249,1 - 1 - 2022,19800.0,21.047565179849187,17.78280067930808,23.713730200033904,0.0786,0.0630957,0.1,0.0309,0.0,0.05,1.72,1.5,2.0,1.07,0.0217,0.0,1.0,True,0.01,0.95,10.0,39600.0,0.938,0.139
16250,1 - 1 - 2022,19800.0,20.784609690826528,17.78280067930808,23.713730200033904,0.0752,0.0630957,0.1,0.0418,0.0,0.05,2.43,2.0,4.0,0.122,0.00366,0.0,1.0,True,0.01,0.95,10.0,39600.0,0.938,0.139
16251,1 - 1 - 2022,19800.0,21.0,17.78280067930808,23.713730200033904,0.0697,0.0630957,0.1,0.0838,0.05,0.1,0.0236,0.0,0.05,0.972,0.0654,0.0,1.0,True,0.01,0.95,10.0,39600.0,0.938,0.139
16252,1 - 1 - 2022,19800.0,20.445048300260872,17.78280067930808,23.713730200033904,0.0784,0.0630957,0.1,0.0719,0.05,0.1,0.0635,0.05,0.1,3.89,0.131,0.0,1.0,True,0.01,0.95,10.0,39600.0,0.938,0.139
16253,1 - 1 - 2022,19800.0,20.688160865577203,17.78280067930808,23.713730200033904,0.0845,0.0630957,0.1,0.0741,0.05,0.1,0.148,0.1,0.2,11.7,0.16,0.0,1.0,True,0.01,0.95,10.0,39600.0,0.938,0.139
16254,1 - 1 - 2022,19800.0,20.445048300260872,17.78280067930808,23.713730200033904,0.0814,0.0630957,0.1,0.0714,0.05,0.1,0.254,0.2,0.3,15.1,0.182,0.486,1.0,True,0.01,0.95,10.0,39600.0,0.938,0.139
16255,1 - 1 - 2022,19800.0,20.074859899884732,17.78280067930808,23.713730200033904,0.0801,0.0630957,0.1,0.0741,0.05,0.1,0.354,0.3,0.4,13.6,0.173,0.0,1.0,True,0.01,0.95,10.0,39600.0,0.938,0.139
16256,1 - 1 - 2022,19800.0,20.29778313018444,17.78280067930808,23.713730200033904,0.0809,0.0630957,0.1,0.0696,0.05,0.1,0.447,0.4,0.5,10.2,0.15,0.0,1.0,True,0.01,0.95,10.0,39600.0,0.938,0.139
16257,1 - 1 - 2022,19800.0,20.445048300260872,17.78280067930808,23.713730200033904,0.0823,0.0630957,0.1,0.0756,0.05,0.1,0.546,0.5,0.6,12.2,0.164,0.486,1.0,True,0.01,0.95,10.0,39600.0,0.938,0.139
16258,1 - 1 - 2022,19800.0,20.760539492026695,17.78280067930808,23.713730200033904,0.0776,0.0630957,0.1,0.0718,0.05,0.1,0.652,0.6,0.7,10.2,0.15,0.0,1.0,True,0.01,0.95,10.0,39600.0,0.938,0.139
16259,1 - 1 - 2022,19800.0,20.688160865577203,17.78280067930808,23.713730200033904,0.0814,0.0630957,0.1,0.0794,0.05,0.1,0.749,0.7,0.8,5.83,0.113,0.0,1.0,True,0.01,0.95,10.0,39600.0,0.938,0.139
16260,1 - 1 - 2022,19800.0,20.8806130178211,17.78280067930808,23.713730200033904,0.0803,0.0630957,0.1,0.0762,0.05,0.1,0.855,0.8,0.9,8.26,0.135,1.94,1.0,True,0.01,0.95,10.0,39600.0,0.938,0.139
16261,1 - 1 - 2022,19800.0,20.074859899884732,17.78280067930808,23.713730200033904,0.0828,0.0630957,0.1,0.0748,0.05,0.1,0.947,0.9,1.0,4.37,0.0982,0.972,1.0,True,0.01,0.95,10.0,39600.0,0.938,0.139
16262,1 - 1 - 2022,19800.0,20.688160865577203,17.78280067930808,23.713730200033904,0.0795,0.0630957,0.1,0.0715,0.05,0.1,1.18,1.0,1.5,2.24,0.0314,0.389,1.0,True,0.01,0.95,10.0,39600.0,0.938,0.139
16263,1 - 1 - 2022,19800.0,21.95449840010015,17.78280067930808,23.713730200033904,0.0796,0.0630957,0.1,0.0705,0.05,0.1,1.65,1.5,2.0,0.681,0.0173,0.0,1.0,True,0.01,0.95,10.0,39600.0,0.938,0.139
16264,1 - 1 - 2022,19800.0,20.904544960366874,17.78280067930808,23.713730200033904,0.0754,0.0630957,0.1,0.0723,0.05,0.1,3.03,2.0,4.0,0.17,0.00433,0.0,1.0,True,0.01,0.95,10.0,39600.0,0.938,0.139
16265,1 - 1 - 2022,19800.0,18.734993995195193,17.78280067930808,23.713730200033904,0.0824,0.0630957,0.1,0.11,0.1,0.15,0.0715,0.05,0.1,1.94,0.0925,0.0,1.0,True,0.01,0.95,10.0,39600.0,0.938,0.139
16266,1 - 1 - 2022,19800.0,20.149441679609886,17.78280067930808,23.713730200033904,0.0775,0.0630957,0.1,0.12,0.1,0.15,0.148,0.1,0.2,5.35,0.109,0.0,1.0,True,0.01,0.95,10.0,39600.0,0.938,0.139
16267,1 - 1 - 2022,19800.0,19.28730152198591,17.78280067930808,23.713730200033904,0.0798,0.0630957,0.1,0.116,0.1,0.15,0.264,0.2,0.3,4.86,0.103,0.0,1.0,True,0.01,0.95,10.0,39600.0,0.938,0.139
16268,1 - 1 - 2022,19800.0,20.688160865577203,17.78280067930808,23.713730200033904,0.0791,0.0630957,0.1,0.119,0.1,0.15,0.348,0.3,0.4,3.4,0.0866,0.0,1.0,True,0.01,0.95,10.0,39600.0,0.938,0.139
16269,1 - 1 - 2022,19800.0,20.445048300260872,17.78280067930808,23.713730200033904,0.0789,0.0630957,0.1,0.126,0.1,0.15,0.461,0.4,0.5,5.83,0.113,0.486,1.0,True,0.01,0.95,10.0,39600.0,0.938,0.139
16270,1 - 1 - 2022,19800.0,20.54263858417414,17.78280067930808,23.713730200033904,0.0805,0.0630957,0.1,0.122,0.1,0.15,0.55,0.5,0.6,8.75,0.139,0.0,1.0,True,0.01,0.95,10.0,39600.0,0.938,0.139
16271,1 - 1 - 2022,19800.0,18.947295321496416,17.78280067930808,23.713730200033904,0.0729,0.0630957,0.1,0.109,0.1,0.15,0.637,0.6,0.7,3.89,0.0925,0.0,1.0,True,0.01,0.95,10.0,39600.0,0.938,0.139
16272,1 - 1 - 2022,19800.0,20.199009876724155,17.78280067930808,23.713730200033904,0.0812,0.0630957,0.1,0.122,0.1,0.15,0.743,0.7,0.8,5.83,0.113,0.486,1.0,True,0.01,0.95,10.0,39600.0,0.938,0.139
16273,1 - 1 - 2022,19800.0,18.439088914585774,17.78280067930808,23.713730200033904,0.087,0.0630957,0.1,0.122,0.1,0.15,0.831,0.8,0.9,1.94,0.0654,0.0,1.0,True,0.01,0.95,10.0,39600.0,0.938,0.139
16274,1 - 1 - 2022,19800.0,20.97617696340303,17.78280067930808,23.713730200033904,0.0902,0.0630957,0.1,0.111,0.1,0.15,0.97,0.9,1.0,0.972,0.0463,0.0,1.0,True,0.01,0.95,10.0,39600.0,0.938,0.139
16275,1 - 1 - 2022,19800.0,19.235384061671343,17.78280067930808,23.713730200033904,0.0824,0.0630957,0.1,0.129,0.1,0.15,1.27,1.0,1.5,0.778,0.0185,0.0,1.0,True,0.01,0.95,10.0,39600.0,0.938,0.139
16276,1 - 1 - 2022,19800.0,19.313207915827967,17.78280067930808,23.713730200033904,0.079,0.0630957,0.1,0.116,0.1,0.15,1.74,1.5,2.0,0.583,0.016,0.0972,1.0,True,0.01,0.95,10.0,39600.0,0.938,0.139
16277,1 - 1 - 2022,19800.0,20.46948949045872,17.78280067930808,23.713730200033904,0.0833,0.0630957,0.1,0.128,0.1,0.15,2.52,2.0,4.0,0.17,0.00433,0.0243,1.0,True,0.01,0.95,10.0,39600.0,0.938,0.139
16278,1 - 1 - 2022,19800.0,20.248456731316587,17.78280067930808,23.713730200033904,0.0861,0.0630957,0.1,0.168,0.15,0.2,0.129,0.1,0.2,2.92,0.0801,0.486,1.0,True,0.01,0.95,10.0,39600.0,0.938,0.139
16279,1 - 1 - 2022,19800.0,20.346989949375804,17.78280067930808,23.713730200033904,0.0842,0.0630957,0.1,0.166,0.15,0.2,0.242,0.2,0.3,6.8,0.122,0.972,1.0,True,0.01,0.95,10.0,39600.0,0.938,0.139
16280,1 - 1 - 2022,19800.0,20.049937655763422,17.78280067930808,23.713730200033904,0.0769,0.0630957,0.1,0.172,0.15,0.2,0.35,0.3,0.4,3.4,0.0866,0.486,1.0,True,0.01,0.95,10.0,39600.0,0.938,0.139
16281,1 - 1 - 2022,19800.0,20.223748416156685,17.78280067930808,23.713730200033904,0.0847,0.0630957,0.1,0.167,0.15,0.2,0.469,0.4,0.5,0.972,0.0463,0.0,1.0,True,0.01,0.95,10.0,39600.0,0.938,0.139
16282,1 - 1 - 2022,19800.0,19.44222209522358,17.78280067930808,23.713730200033904,0.0869,0.0630957,0.1,0.164,0.15,0.2,0.553,0.5,0.6,3.4,0.0866,0.972,1.0,True,0.01,0.95,10.0,39600.0,0.938,0.139
16283,1 - 1 - 2022,19800.0,20.049937655763422,17.78280067930808,23.713730200033904,0.0853,0.0630957,0.1,0.174,0.15,0.2,0.668,0.6,0.7,1.94,0.0654,1.46,1.0,True,0.01,0.95,10.0,39600.0,0.938,0.139
16284,1 - 1 - 2022,19800.0,21.656407827707714,17.78280067930808,23.713730200033904,0.0735,0.0630957,0.1,0.167,0.15,0.2,0.739,0.7,0.8,2.43,0.0732,0.486,1.0,True,0.01,0.95,10.0,39600.0,0.938,0.139
16285,1 - 1 - 2022,19800.0,20.0,17.78280067930808,23.713730200033904,0.0655,0.0630957,0.1,0.17,0.15,0.2,0.861,0.8,0.9,1.46,0.0567,0.972,1.0,True,0.01,0.95,10.0,39600.0,0.938,0.139
16286,1 - 1 - 2022,19800.0,20.0,17.78280067930808,23.713730200033904,0.082,0.0630957,0.1,0.175,0.15,0.2,1.19,1.0,1.5,0.68,0.0173,0.0972,1.0,True,0.01,0.95,10.0,39600.0,0.938,0.139
16287,1 - 1 - 2022,19800.0,21.236760581595302,17.78280067930808,23.713730200033904,0.0866,0.0630957,0.1,0.173,0.15,0.2,1.56,1.5,2.0,0.194,0.00925,0.0,1.0,True,0.01,0.95,10.0,39600.0,0.938,0.139
16288,1 - 1 - 2022,19800.0,19.0,17.78280067930808,23.713730200033904,0.0732,0.0630957,0.1,0.185,0.15,0.2,2.07,2.0,4.0,0.0486,0.00231,0.0,1.0,True,0.01,0.95,10.0,39600.0,0.938,0.139
16289,1 - 1 - 2022,19800.0,19.77371993328519,17.78280067930808,23.713730200033904,0.0834,0.0630957,0.1,0.217,0.2,0.25,0.249,0.2,0.3,2.43,0.0731,1.94,1.0,True,0.01,0.95,10.0,39600.0,0.938,0.139
16290,1 - 1 - 2022,19800.0,19.6468827043885,17.78280067930808,23.713730200033904,0.085,0.0630957,0.1,0.229,0.2,0.25,0.364,0.3,0.4,1.94,0.0654,0.972,1.0,True,0.01,0.95,10.0,39600.0,0.938,0.139
16291,1 - 1 - 2022,19800.0,21.633307652783937,17.78280067930808,23.713730200033904,0.0705,0.0630957,0.1,0.223,0.2,0.25,0.451,0.4,0.5,1.94,0.0654,1.46,1.0,True,0.01,0.95,10.0,39600.0,0.938,0.139
16292,1 - 1 - 2022,19800.0,20.049937655763422,17.78280067930808,23.713730200033904,0.0727,0.0630957,0.1,0.212,0.2,0.25,0.559,0.5,0.6,1.46,0.0567,0.972,1.0,True,0.01,0.95,10.0,39600.0,0.938,0.139
16293,1 - 1 - 2022,19800.0,20.760539492026695,17.78280067930808,23.713730200033904,0.0677,0.0630957,0.1,0.217,0.2,0.25,0.777,0.7,0.8,1.46,0.0567,0.486,1.0,True,0.01,0.95,10.0,39600.0,0.938,0.139
16294,1 - 1 - 2022,19800.0,20.784609690826528,17.78280067930808,23.713730200033904,0.0742,0.0630957,0.1,0.203,0.2,0.25,0.82,0.8,0.9,0.972,0.0463,0.486,1.0,True,0.01,0.95,10.0,39600.0,0.938,0.139
16295,1 - 1 - 2022,19800.0,18.275666882497067,17.78280067930808,23.713730200033904,0.0776,0.0630957,0.1,0.216,0.2,0.25,1.15,1.0,1.5,0.292,0.0113,0.194,1.0,True,0.01,0.95,10.0,39600.0,0.938,0.139
16296,1 - 1 - 2022,19800.0,20.09975124224178,17.78280067930808,23.713730200033904,0.0751,0.0630957,0.1,0.232,0.2,0.25,2.17,2.0,4.0,0.0486,0.00231,0.0243,1.0,True,0.01,0.95,10.0,39600.0,0.938,0.139
16297,1 - 1 - 2022,19800.0,22.825424421026653,17.78280067930808,23.713730200033904,0.0706,0.0630957,0.1,0.255,0.25,0.3,0.768,0.7,0.8,0.972,0.0463,0.486,1.0,True,0.01,0.95,10.0,39600.0,0.938,0.139
16298,1 - 1 - 2022,19800.0,21.118712081942874,17.78280067930808,23.713730200033904,0.0772,0.0630957,0.1,0.271,0.25,0.3,1.19,1.0,1.5,0.68,0.0173,0.583,1.0,True,0.01,0.95,10.0,39600.0,0.938,0.139
16299,1 - 1 - 2022,19800.0,19.748417658131498,17.78280067930808,23.713730200033904,0.087,0.0630957,0.1,0.27,0.25,0.3,3.11,2.0,4.0,0.0486,0.00231,0.0243,1.0,True,0.01,0.95,10.0,39600.0,0.938,0.139
16300,1 - 1 - 2022,19800.0,20.199009876724155,17.78280067930808,23.713730200033904,0.0736,0.0630957,0.1,0.345,0.3,0.4,2.81,2.0,4.0,0.0486,0.00164,0.0243,1.0,True,0.01,0.95,10.0,39600.0,0.938,0.139
16301,1 - 1 - 2022,19800.0,20.591260281974,17.78280067930808,23.713730200033904,0.134,0.1,0.158489,0.0245,0.0,0.05,0.0341,0.0,0.05,1.84,0.0715,0.0,1.0,True,0.01,0.95,10.0,39600.0,0.938,0.139
16302,1 - 1 - 2022,19800.0,19.924858845171276,17.78280067930808,23.713730200033904,0.126,0.1,0.158489,0.0175,0.0,0.05,0.0739,0.05,0.1,5.52,0.124,1.23,1.0,True,0.01,0.95,10.0,39600.0,0.938,0.139
16303,1 - 1 - 2022,19800.0,20.493901531919196,17.78280067930808,23.713730200033904,0.125,0.1,0.158489,0.0193,0.0,0.05,0.15,0.1,0.2,15.6,0.147,7.67,1.0,True,0.01,0.95,10.0,39600.0,0.938,0.139
16304,1 - 1 - 2022,19800.0,20.73644135332772,17.78280067930808,23.713730200033904,0.125,0.1,0.158489,0.0182,0.0,0.05,0.245,0.2,0.3,20.5,0.169,8.89,1.0,True,0.01,0.95,10.0,39600.0,0.938,0.139
16305,1 - 1 - 2022,19800.0,20.322401432901575,17.78280067930808,23.713730200033904,0.126,0.1,0.158489,0.0182,0.0,0.05,0.348,0.3,0.4,24.8,0.186,9.2,1.0,True,0.01,0.95,10.0,39600.0,0.938,0.139
16306,1 - 1 - 2022,19800.0,20.97617696340303,17.78280067930808,23.713730200033904,0.126,0.1,0.158489,0.0181,0.0,0.05,0.451,0.4,0.5,18.7,0.161,6.13,1.0,True,0.01,0.95,10.0,39600.0,0.938,0.139
16307,1 - 1 - 2022,19800.0,20.518284528683193,17.78280067930808,23.713730200033904,0.124,0.1,0.158489,0.0206,0.0,0.05,0.546,0.5,0.6,17.5,0.156,5.21,1.0,True,0.01,0.95,10.0,39600.0,0.938,0.139
16308,1 - 1 - 2022,19800.0,20.760539492026695,17.78280067930808,23.713730200033904,0.125,0.1,0.158489,0.0218,0.0,0.05,0.645,0.6,0.7,12.9,0.134,3.99,1.0,True,0.01,0.95,10.0,39600.0,0.938,0.139
16309,1 - 1 - 2022,19800.0,20.71231517720798,17.78280067930808,23.713730200033904,0.127,0.1,0.158489,0.0195,0.0,0.05,0.741,0.7,0.8,14.1,0.14,2.76,1.0,True,0.01,0.95,10.0,39600.0,0.938,0.139
16310,1 - 1 - 2022,19800.0,21.095023109728988,17.78280067930808,23.713730200033904,0.125,0.1,0.158489,0.0187,0.0,0.05,0.854,0.8,0.9,5.52,0.0876,0.92,1.0,True,0.01,0.95,10.0,39600.0,0.938,0.139
16311,1 - 1 - 2022,19800.0,20.46948949045872,17.78280067930808,23.713730200033904,0.122,0.1,0.158489,0.0247,0.0,0.05,0.947,0.9,1.0,5.83,0.09,0.613,1.0,True,0.01,0.95,10.0,39600.0,0.938,0.139
16312,1 - 1 - 2022,19800.0,20.615528128088304,17.78280067930808,23.713730200033904,0.126,0.1,0.158489,0.0293,0.0,0.05,1.23,1.0,1.5,2.21,0.0248,0.368,1.0,True,0.01,0.95,10.0,39600.0,0.938,0.139
16313,1 - 1 - 2022,19800.0,20.71231517720798,17.78280067930808,23.713730200033904,0.125,0.1,0.158489,0.0379,0.0,0.05,1.62,1.5,2.0,0.491,0.0117,0.0,1.0,True,0.01,0.95,10.0,39600.0,0.938,0.139
16314,1 - 1 - 2022,19800.0,22.293496809607955,17.78280067930808,23.713730200033904,0.124,0.1,0.158489,0.0431,0.0,0.05,2.51,2.0,4.0,0.046,0.00179,0.0,1.0,True,0.01,0.95,10.0,39600.0,0.938,0.139
16315,1 - 1 - 2022,19800.0,20.024984394500787,17.78280067930808,23.713730200033904,0.142,0.1,0.158489,0.0714,0.05,0.1,0.0352,0.0,0.05,2.45,0.0826,0.0,1.0,True,0.01,0.95,10.0,39600.0,0.938,0.139
16316,1 - 1 - 2022,19800.0,20.518284528683193,17.78280067930808,23.713730200033904,0.137,0.1,0.158489,0.0562,0.05,0.1,0.0673,0.05,0.1,1.23,0.0584,0.0,1.0,True,0.01,0.95,10.0,39600.0,0.938,0.139
16317,1 - 1 - 2022,19800.0,19.131126469708992,17.78280067930808,23.713730200033904,0.119,0.1,0.158489,0.0689,0.05,0.1,0.156,0.1,0.2,3.37,0.0685,0.307,1.0,True,0.01,0.95,10.0,39600.0,0.938,0.139
16318,1 - 1 - 2022,19800.0,20.223748416156685,17.78280067930808,23.713730200033904,0.13,0.1,0.158489,0.0707,0.05,0.1,0.256,0.2,0.3,5.21,0.0851,0.0,1.0,True,0.01,0.95,10.0,39600.0,0.938,0.139
16319,1 - 1 - 2022,19800.0,20.248456731316587,17.78280067930808,23.713730200033904,0.129,0.1,0.158489,0.0694,0.05,0.1,0.351,0.3,0.4,6.44,0.0946,0.307,1.0,True,0.01,0.95,10.0,39600.0,0.938,0.139
16320,1 - 1 - 2022,19800.0,20.29778313018444,17.78280067930808,23.713730200033904,0.132,0.1,0.158489,0.0709,0.05,0.1,0.457,0.4,0.5,7.36,0.101,0.92,1.0,True,0.01,0.95,10.0,39600.0,0.938,0.139
16321,1 - 1 - 2022,19800.0,20.566963801203133,17.78280067930808,23.713730200033904,0.125,0.1,0.158489,0.0741,0.05,0.1,0.554,0.5,0.6,4.91,0.0826,0.307,1.0,True,0.01,0.95,10.0,39600.0,0.938,0.139
16322,1 - 1 - 2022,19800.0,19.79898987322333,17.78280067930808,23.713730200033904,0.12,0.1,0.158489,0.0742,0.05,0.1,0.639,0.6,0.7,4.29,0.0772,0.613,1.0,True,0.01,0.95,10.0,39600.0,0.938,0.139
16323,1 - 1 - 2022,19800.0,19.8997487421324,17.78280067930808,23.713730200033904,0.125,0.1,0.158489,0.0785,0.05,0.1,0.741,0.7,0.8,4.29,0.0772,0.614,1.0,True,0.01,0.95,10.0,39600.0,0.938,0.139
16324,1 - 1 - 2022,19800.0,20.591260281974,17.78280067930808,23.713730200033904,0.124,0.1,0.158489,0.079,0.05,0.1,0.846,0.8,0.9,2.45,0.0584,0.307,1.0,True,0.01,0.95,10.0,39600.0,0.938,0.139
16325,1 - 1 - 2022,19800.0,20.199009876724155,17.78280067930808,23.713730200033904,0.139,0.1,0.158489,0.0699,0.05,0.1,0.962,0.9,1.0,3.07,0.0653,0.307,1.0,True,0.01,0.95,10.0,39600.0,0.938,0.139
16326,1 - 1 - 2022,19800.0,20.199009876724155,17.78280067930808,23.713730200033904,0.125,0.1,0.158489,0.0732,0.05,0.1,1.22,1.0,1.5,1.78,0.0222,0.307,1.0,True,0.01,0.95,10.0,39600.0,0.938,0.139
16327,1 - 1 - 2022,19800.0,21.095023109728988,17.78280067930808,23.713730200033904,0.136,0.1,0.158489,0.072,0.05,0.1,1.71,1.5,2.0,0.613,0.0131,0.0,1.0,True,0.01,0.95,10.0,39600.0,0.938,0.139
16328,1 - 1 - 2022,19800.0,20.049937655763422,17.78280067930808,23.713730200033904,0.109,0.1,0.158489,0.0802,0.05,0.1,2.33,2.0,4.0,0.0767,0.00231,0.0153,1.0,True,0.01,0.95,10.0,39600.0,0.938,0.139
16329,1 - 1 - 2022,19800.0,19.467922333931785,17.78280067930808,23.713730200033904,0.124,0.1,0.158489,0.108,0.1,0.15,0.0779,0.05,0.1,0.613,0.0413,0.0,1.0,True,0.01,0.95,10.0,39600.0,0.938,0.139
16330,1 - 1 - 2022,19800.0,21.400934559032695,17.78280067930808,23.713730200033904,0.122,0.1,0.158489,0.122,0.1,0.15,0.157,0.1,0.2,2.15,0.0546,0.0,1.0,True,0.01,0.95,10.0,39600.0,0.938,0.139
16331,1 - 1 - 2022,19800.0,20.024984394500787,17.78280067930808,23.713730200033904,0.127,0.1,0.158489,0.122,0.1,0.15,0.262,0.2,0.3,3.37,0.0685,0.0,1.0,True,0.01,0.95,10.0,39600.0,0.938,0.139
16332,1 - 1 - 2022,19800.0,19.390719429665317,17.78280067930808,23.713730200033904,0.115,0.1,0.158489,0.128,0.1,0.15,0.345,0.3,0.4,3.68,0.0715,0.0,1.0,True,0.01,0.95,10.0,39600.0,0.938,0.139
16333,1 - 1 - 2022,19800.0,21.79449471770337,17.78280067930808,23.713730200033904,0.128,0.1,0.158489,0.12,0.1,0.15,0.46,0.4,0.5,1.23,0.0413,0.0,1.0,True,0.01,0.95,10.0,39600.0,0.938,0.139
16334,1 - 1 - 2022,19800.0,20.322401432901575,17.78280067930808,23.713730200033904,0.119,0.1,0.158489,0.121,0.1,0.15,0.567,0.5,0.6,3.07,0.0653,0.307,1.0,True,0.01,0.95,10.0,39600.0,0.938,0.139
16335,1 - 1 - 2022,19800.0,20.199009876724155,17.78280067930808,23.713730200033904,0.125,0.1,0.158489,0.123,0.1,0.15,0.654,0.6,0.7,3.07,0.0653,0.0,1.0,True,0.01,0.95,10.0,39600.0,0.938,0.139
16336,1 - 1 - 2022,19800.0,20.97617696340303,17.78280067930808,23.713730200033904,0.129,0.1,0.158489,0.112,0.1,0.15,0.753,0.7,0.8,2.45,0.0584,0.0,1.0,True,0.01,0.95,10.0,39600.0,0.938,0.139
16337,1 - 1 - 2022,19800.0,20.074859899884732,17.78280067930808,23.713730200033904,0.124,0.1,0.158489,0.118,0.1,0.15,0.865,0.8,0.9,3.07,0.0653,0.0,1.0,True,0.01,0.95,10.0,39600.0,0.938,0.139
16338,1 - 1 - 2022,19800.0,19.570385790780925,17.78280067930808,23.713730200033904,0.117,0.1,0.158489,0.117,0.1,0.15,0.969,0.9,1.0,1.23,0.0413,0.0,1.0,True,0.01,0.95,10.0,39600.0,0.938,0.139
16339,1 - 1 - 2022,19800.0,19.570385790780925,17.78280067930808,23.713730200033904,0.14,0.1,0.158489,0.121,0.1,0.15,1.14,1.0,1.5,0.552,0.0124,0.0,1.0,True,0.01,0.95,10.0,39600.0,0.938,0.139
16340,1 - 1 - 2022,19800.0,21.6794833886788,17.78280067930808,23.713730200033904,0.121,0.1,0.158489,0.11,0.1,0.15,1.77,1.5,2.0,0.184,0.00715,0.0,1.0,True,0.01,0.95,10.0,39600.0,0.938,0.139
16341,1 - 1 - 2022,19800.0,20.83266665599966,17.78280067930808,23.713730200033904,0.114,0.1,0.158489,0.13,0.1,0.15,2.27,2.0,4.0,0.046,0.00179,0.0,1.0,True,0.01,0.95,10.0,39600.0,0.938,0.139
16342,1 - 1 - 2022,19800.0,18.734993995195193,17.78280067930808,23.713730200033904,0.137,0.1,0.158489,0.196,0.15,0.2,0.174,0.1,0.2,0.613,0.0292,0.0,1.0,True,0.01,0.95,10.0,39600.0,0.938,0.139
16343,1 - 1 - 2022,19800.0,21.118712081942874,17.78280067930808,23.713730200033904,0.107,0.1,0.158489,0.181,0.15,0.2,0.244,0.2,0.3,0.613,0.0292,0.307,1.0,True,0.01,0.95,10.0,39600.0,0.938,0.139
16344,1 - 1 - 2022,19800.0,21.2602916254693,17.78280067930808,23.713730200033904,0.138,0.1,0.158489,0.165,0.15,0.2,0.356,0.3,0.4,1.53,0.0462,0.307,1.0,True,0.01,0.95,10.0,39600.0,0.938,0.139
16345,1 - 1 - 2022,19800.0,19.79898987322333,17.78280067930808,23.713730200033904,0.13,0.1,0.158489,0.171,0.15,0.2,0.541,0.5,0.6,1.53,0.0462,0.0,1.0,True,0.01,0.95,10.0,39600.0,0.938,0.139
16346,1 - 1 - 2022,19800.0,23.53720459187964,17.78280067930808,23.713730200033904,0.116,0.1,0.158489,0.18,0.15,0.2,0.682,0.6,0.7,0.307,0.0207,0.0,1.0,True,0.01,0.95,10.0,39600.0,0.938,0.139
16347,1 - 1 - 2022,19800.0,20.8806130178211,17.78280067930808,23.713730200033904,0.128,0.1,0.158489,0.168,0.15,0.2,0.768,0.7,0.8,0.613,0.0292,0.307,1.0,True,0.01,0.95,10.0,39600.0,0.938,0.139
16348,1 - 1 - 2022,19800.0,21.540659228538015,17.78280067930808,23.713730200033904,0.134,0.1,0.158489,0.178,0.15,0.2,0.833,0.8,0.9,0.92,0.0357,0.0,1.0,True,0.01,0.95,10.0,39600.0,0.938,0.139
16349,1 - 1 - 2022,19800.0,20.29778313018444,17.78280067930808,23.713730200033904,0.135,0.1,0.158489,0.182,0.15,0.2,0.937,0.9,1.0,1.23,0.0413,0.307,1.0,True,0.01,0.95,10.0,39600.0,0.938,0.139
16350,1 - 1 - 2022,19800.0,20.049937655763422,17.78280067930808,23.713730200033904,0.119,0.1,0.158489,0.171,0.15,0.2,1.29,1.0,1.5,0.552,0.0124,0.0,1.0,True,0.01,0.95,10.0,39600.0,0.938,0.139
16351,1 - 1 - 2022,19800.0,20.346989949375804,17.78280067930808,23.713730200033904,0.132,0.1,0.158489,0.17,0.15,0.2,1.74,1.5,2.0,0.307,0.00923,0.0613,1.0,True,0.01,0.95,10.0,39600.0,0.938,0.139
16352,1 - 1 - 2022,19800.0,20.0,17.78280067930808,23.713730200033904,0.126,0.1,0.158489,0.166,0.15,0.2,2.61,2.0,4.0,0.0767,0.00231,0.0,1.0,True,0.01,0.95,10.0,39600.0,0.938,0.139
16353,1 - 1 - 2022,19800.0,19.467922333931785,17.78280067930808,23.713730200033904,0.118,0.1,0.158489,0.211,0.2,0.25,0.0962,0.05,0.1,1.84,0.0715,0.613,1.0,True,0.01,0.95,10.0,39600.0,0.938,0.139
16354,1 - 1 - 2022,19800.0,19.72308292331602,17.78280067930808,23.713730200033904,0.13,0.1,0.158489,0.225,0.2,0.25,0.169,0.1,0.2,0.613,0.0292,0.0,1.0,True,0.01,0.95,10.0,39600.0,0.938,0.139
16355,1 - 1 - 2022,19800.0,21.142374511865974,17.78280067930808,23.713730200033904,0.119,0.1,0.158489,0.234,0.2,0.25,0.264,0.2,0.3,1.23,0.0413,0.92,1.0,True,0.01,0.95,10.0,39600.0,0.938,0.139
16356,1 - 1 - 2022,19800.0,21.0,17.78280067930808,23.713730200033904,0.116,0.1,0.158489,0.219,0.2,0.25,0.357,0.3,0.4,1.23,0.0413,0.613,1.0,True,0.01,0.95,10.0,39600.0,0.938,0.139
16357,1 - 1 - 2022,19800.0,19.519221295943137,17.78280067930808,23.713730200033904,0.131,0.1,0.158489,0.226,0.2,0.25,0.454,0.4,0.5,1.84,0.0506,0.0,1.0,True,0.01,0.95,10.0,39600.0,0.938,0.139
16358,1 - 1 - 2022,19800.0,19.77371993328519,17.78280067930808,23.713730200033904,0.114,0.1,0.158489,0.227,0.2,0.25,0.563,0.5,0.6,0.92,0.0358,0.307,1.0,True,0.01,0.95,10.0,39600.0,0.938,0.139
16359,1 - 1 - 2022,19800.0,20.615528128088304,17.78280067930808,23.713730200033904,0.134,0.1,0.158489,0.221,0.2,0.25,0.654,0.6,0.7,1.23,0.0413,0.307,1.0,True,0.01,0.95,10.0,39600.0,0.938,0.139
16360,1 - 1 - 2022,19800.0,18.35755975068582,17.78280067930808,23.713730200033904,0.106,0.1,0.158489,0.227,0.2,0.25,0.748,0.7,0.8,0.92,0.0358,0.613,1.0,True,0.01,0.95,10.0,39600.0,0.938,0.139
16361,1 - 1 - 2022,19800.0,20.46948949045872,17.78280067930808,23.713730200033904,0.122,0.1,0.158489,0.222,0.2,0.25,0.824,0.8,0.9,0.613,0.0292,0.0,1.0,True,0.01,0.95,10.0,39600.0,0.938,0.139
16362,1 - 1 - 2022,19800.0,19.131126469708992,17.78280067930808,23.713730200033904,0.131,0.1,0.158489,0.223,0.2,0.25,0.942,0.9,1.0,0.92,0.0358,0.0,1.0,True,0.01,0.95,10.0,39600.0,0.938,0.139
16363,1 - 1 - 2022,19800.0,20.445048300260872,17.78280067930808,23.713730200033904,0.116,0.1,0.158489,0.227,0.2,0.25,1.05,1.0,1.5,0.123,0.00584,0.0614,1.0,True,0.01,0.95,10.0,39600.0,0.938,0.139
16364,1 - 1 - 2022,19800.0,21.540659228538015,17.78280067930808,23.713730200033904,0.124,0.1,0.158489,0.242,0.2,0.25,1.77,1.5,2.0,0.0613,0.00413,0.0,1.0,True,0.01,0.95,10.0,39600.0,0.938,0.139
16365,1 - 1 - 2022,19800.0,20.0,17.78280067930808,23.713730200033904,0.156,0.1,0.158489,0.255,0.25,0.3,0.155,0.1,0.2,0.307,0.0206,0.0,1.0,True,0.01,0.95,10.0,39600.0,0.938,0.139
16366,1 - 1 - 2022,19800.0,18.547236990991408,17.78280067930808,23.713730200033904,0.108,0.1,0.158489,0.262,0.25,0.3,0.213,0.2,0.3,0.613,0.0292,0.0,1.0,True,0.01,0.95,10.0,39600.0,0.938,0.139
16367,1 - 1 - 2022,19800.0,20.566963801203133,17.78280067930808,23.713730200033904,0.132,0.1,0.158489,0.28,0.25,0.3,0.361,0.3,0.4,1.53,0.0462,0.307,1.0,True,0.01,0.95,10.0,39600.0,0.938,0.139
16368,1 - 1 - 2022,19800.0,17.832554500127006,17.78280067930808,23.713730200033904,0.122,0.1,0.158489,0.27,0.25,0.3,0.488,0.4,0.5,0.307,0.0206,0.0,1.0,True,0.01,0.95,10.0,39600.0,0.938,0.139
16369,1 - 1 - 2022,19800.0,18.35755975068582,17.78280067930808,23.713730200033904,0.127,0.1,0.158489,0.269,0.25,0.3,0.529,0.5,0.6,1.23,0.0413,0.0,1.0,True,0.01,0.95,10.0,39600.0,0.938,0.139
16370,1 - 1 - 2022,19800.0,21.283796653792763,17.78280067930808,23.713730200033904,0.131,0.1,0.158489,0.27,0.25,0.3,0.749,0.7,0.8,0.92,0.0357,0.307,1.0,True,0.01,0.95,10.0,39600.0,0.938,0.139
16371,1 - 1 - 2022,19800.0,20.71231517720798,17.78280067930808,23.713730200033904,0.125,0.1,0.158489,0.28,0.25,0.3,0.863,0.8,0.9,1.23,0.0413,0.307,1.0,True,0.01,0.95,10.0,39600.0,0.938,0.139
16372,1 - 1 - 2022,19800.0,18.65475810617763,17.78280067930808,23.713730200033904,0.125,0.1,0.158489,0.261,0.25,0.3,0.985,0.9,1.0,0.92,0.0358,0.0,1.0,True,0.01,0.95,10.0,39600.0,0.938,0.139
16373,1 - 1 - 2022,19800.0,20.97617696340303,17.78280067930808,23.713730200033904,0.138,0.1,0.158489,0.269,0.25,0.3,1.2,1.0,1.5,0.123,0.00584,0.0,1.0,True,0.01,0.95,10.0,39600.0,0.938,0.139
16374,1 - 1 - 2022,19800.0,18.439088914585774,17.78280067930808,23.713730200033904,0.138,0.1,0.158489,0.295,0.25,0.3,1.84,1.5,2.0,0.0613,0.00413,0.0,1.0,True,0.01,0.95,10.0,39600.0,0.938,0.139
16375,1 - 1 - 2022,19800.0,20.0,17.78280067930808,23.713730200033904,0.133,0.1,0.158489,0.308,0.3,0.4,0.171,0.1,0.2,0.307,0.0146,0.0,1.0,True,0.01,0.95,10.0,39600.0,0.938,0.139
16376,1 - 1 - 2022,19800.0,20.199009876724155,17.78280067930808,23.713730200033904,0.14,0.1,0.158489,0.336,0.3,0.4,0.259,0.2,0.3,0.613,0.0206,0.0,1.0,True,0.01,0.95,10.0,39600.0,0.938,0.139
16377,1 - 1 - 2022,19800.0,18.627936010197157,17.78280067930808,23.713730200033904,0.13,0.1,0.158489,0.349,0.3,0.4,0.35,0.3,0.4,0.767,0.0231,0.0,1.0,True,0.01,0.95,10.0,39600.0,0.938,0.139
16378,1 - 1 - 2022,19800.0,19.72308292331602,17.78280067930808,23.713730200033904,0.131,0.1,0.158489,0.348,0.3,0.4,0.454,0.4,0.5,0.46,0.0179,0.0,1.0,True,0.01,0.95,10.0,39600.0,0.938,0.139
16379,1 - 1 - 2022,19800.0,20.12461179749811,17.78280067930808,23.713730200033904,0.131,0.1,0.158489,0.335,0.3,0.4,0.55,0.5,0.6,0.613,0.0206,0.0,1.0,True,0.01,0.95,10.0,39600.0,0.938,0.139
16380,1 - 1 - 2022,19800.0,20.566963801203133,17.78280067930808,23.713730200033904,0.147,0.1,0.158489,0.349,0.3,0.4,0.664,0.6,0.7,0.46,0.0179,0.0,1.0,True,0.01,0.95,10.0,39600.0,0.938,0.139
16381,1 - 1 - 2022,19800.0,20.952326839756964,17.78280067930808,23.713730200033904,0.143,0.1,0.158489,0.34,0.3,0.4,0.714,0.7,0.8,0.46,0.0179,0.0,1.0,True,0.01,0.95,10.0,39600.0,0.938,0.139
16382,1 - 1 - 2022,19800.0,19.05255888325765,17.78280067930808,23.713730200033904,0.125,0.1,0.158489,0.331,0.3,0.4,0.864,0.8,0.9,0.153,0.0103,0.0,1.0,True,0.01,0.95,10.0,39600.0,0.938,0.139
16383,1 - 1 - 2022,19800.0,21.400934559032695,17.78280067930808,23.713730200033904,0.15,0.1,0.158489,0.337,0.3,0.4,1.19,1.0,1.5,0.092,0.00358,0.0,1.0,True,0.01,0.95,10.0,39600.0,0.938,0.139
16384,1 - 1 - 2022,19800.0,20.92844953645635,17.78280067930808,23.713730200033904,0.113,0.1,0.158489,0.33,0.3,0.4,2.88,2.0,4.0,0.023,0.000894,0.0,1.0,True,0.01,0.95,10.0,39600.0,0.938,0.139
16385,1 - 1 - 2022,19800.0,21.817424229271428,17.78280067930808,23.713730200033904,0.13,0.1,0.158489,0.471,0.4,0.5,0.484,0.4,0.5,0.153,0.0103,0.0,1.0,True,0.01,0.95,10.0,39600.0,0.938,0.139
16386,1 - 1 - 2022,19800.0,21.587033144922902,17.78280067930808,23.713730200033904,0.109,0.1,0.158489,0.424,0.4,0.5,0.534,0.5,0.6,0.307,0.0146,0.153,1.0,True,0.01,0.95,10.0,39600.0,0.938,0.139
16387,1 - 1 - 2022,19800.0,20.904544960366874,17.78280067930808,23.713730200033904,0.145,0.1,0.158489,0.454,0.4,0.5,0.834,0.8,0.9,0.46,0.0179,0.0,1.0,True,0.01,0.95,10.0,39600.0,0.938,0.139
16388,1 - 1 - 2022,19800.0,18.027756377319946,17.78280067930808,23.713730200033904,0.113,0.1,0.158489,0.559,0.5,0.6,0.499,0.4,0.5,0.153,0.0103,0.0,1.0,True,0.01,0.95,10.0,39600.0,0.938,0.139
16389,1 - 1 - 2022,19800.0,18.16590212458495,17.78280067930808,23.713730200033904,0.122,0.1,0.158489,0.506,0.5,0.6,0.563,0.5,0.6,0.153,0.0103,0.0,1.0,True,0.01,0.95,10.0,39600.0,0.938,0.139
16390,1 - 1 - 2022,19800.0,19.390719429665317,17.78280067930808,23.713730200033904,0.124,0.1,0.158489,0.547,0.5,0.6,0.666,0.6,0.7,0.46,0.0179,0.153,1.0,True,0.01,0.95,10.0,39600.0,0.938,0.139
16391,1 - 1 - 2022,19800.0,20.024984394500787,17.78280067930808,23.713730200033904,0.204,0.158489,0.251189,0.0182,0.0,0.05,0.0304,0.0,0.05,0.774,0.0368,0.0,1.0,True,0.01,0.95,10.0,39600.0,0.938,0.139
16392,1 - 1 - 2022,19800.0,21.494185260204677,17.78280067930808,23.713730200033904,0.203,0.158489,0.251189,0.0196,0.0,0.05,0.079,0.05,0.1,3.48,0.0781,0.387,1.0,True,0.01,0.95,10.0,39600.0,0.938,0.139
16393,1 - 1 - 2022,19800.0,20.199009876724155,17.78280067930808,23.713730200033904,0.204,0.158489,0.251189,0.0241,0.0,0.05,0.142,0.1,0.2,5.61,0.0701,1.16,1.0,True,0.01,0.95,10.0,39600.0,0.938,0.139
16394,1 - 1 - 2022,19800.0,20.346989949375804,17.78280067930808,23.713730200033904,0.203,0.158489,0.251189,0.0218,0.0,0.05,0.251,0.2,0.3,10.8,0.0975,2.71,1.0,True,0.01,0.95,10.0,39600.0,0.938,0.139
16395,1 - 1 - 2022,19800.0,20.149441679609886,17.78280067930808,23.713730200033904,0.194,0.158489,0.251189,0.0221,0.0,0.05,0.351,0.3,0.4,11.6,0.101,2.9,1.0,True,0.01,0.95,10.0,39600.0,0.938,0.139
16396,1 - 1 - 2022,19800.0,20.0,17.78280067930808,23.713730200033904,0.197,0.158489,0.251189,0.022,0.0,0.05,0.451,0.4,0.5,7.74,0.0824,2.13,1.0,True,0.01,0.95,10.0,39600.0,0.938,0.139
16397,1 - 1 - 2022,19800.0,20.149441679609886,17.78280067930808,23.713730200033904,0.195,0.158489,0.251189,0.0196,0.0,0.05,0.547,0.5,0.6,8.32,0.0854,3.1,1.0,True,0.01,0.95,10.0,39600.0,0.938,0.139
16398,1 - 1 - 2022,19800.0,19.924858845171276,17.78280067930808,23.713730200033904,0.203,0.158489,0.251189,0.0223,0.0,0.05,0.649,0.6,0.7,7.55,0.0813,0.774,1.0,True,0.01,0.95,10.0,39600.0,0.938,0.139
16399,1 - 1 - 2022,19800.0,20.42057785666214,17.78280067930808,23.713730200033904,0.198,0.158489,0.251189,0.0269,0.0,0.05,0.751,0.7,0.8,3.68,0.0568,1.16,1.0,True,0.01,0.95,10.0,39600.0,0.938,0.139
16400,1 - 1 - 2022,19800.0,20.396078054371138,17.78280067930808,23.713730200033904,0.197,0.158489,0.251189,0.0228,0.0,0.05,0.839,0.8,0.9,2.71,0.0487,0.581,1.0,True,0.01,0.95,10.0,39600.0,0.938,0.139
16401,1 - 1 - 2022,19800.0,19.697715603592208,17.78280067930808,23.713730200033904,0.189,0.158489,0.251189,0.0126,0.0,0.05,0.944,0.9,1.0,1.16,0.0319,0.774,1.0,True,0.01,0.95,10.0,39600.0,0.938,0.139
16402,1 - 1 - 2022,19800.0,20.42057785666214,17.78280067930808,23.713730200033904,0.198,0.158489,0.251189,0.0254,0.0,0.05,1.18,1.0,1.5,0.813,0.0119,0.116,1.0,True,0.01,0.95,10.0,39600.0,0.938,0.139
16403,1 - 1 - 2022,19800.0,19.209372712298546,17.78280067930808,23.713730200033904,0.198,0.158489,0.251189,0.0422,0.0,0.05,1.74,1.5,2.0,0.0774,0.00368,0.0,1.0,True,0.01,0.95,10.0,39600.0,0.938,0.139
16404,1 - 1 - 2022,19800.0,20.97617696340303,17.78280067930808,23.713730200033904,0.18,0.158489,0.251189,0.0351,0.0,0.05,2.52,2.0,4.0,0.029,0.00113,0.0,1.0,True,0.01,0.95,10.0,39600.0,0.938,0.139
16405,1 - 1 - 2022,19800.0,20.223748416156685,17.78280067930808,23.713730200033904,0.178,0.158489,0.251189,0.0752,0.05,0.1,0.0198,0.0,0.05,1.16,0.0451,0.0,1.0,True,0.01,0.95,10.0,39600.0,0.938,0.139
16406,1 - 1 - 2022,19800.0,19.949937343260004,17.78280067930808,23.713730200033904,0.209,0.158489,0.251189,0.0729,0.05,0.1,0.081,0.05,0.1,1.94,0.0582,0.0,1.0,True,0.01,0.95,10.0,39600.0,0.938,0.139
16407,1 - 1 - 2022,19800.0,19.924858845171276,17.78280067930808,23.713730200033904,0.201,0.158489,0.251189,0.069,0.05,0.1,0.143,0.1,0.2,1.55,0.0368,0.0,1.0,True,0.01,0.95,10.0,39600.0,0.938,0.139
16408,1 - 1 - 2022,19800.0,19.82422760159901,17.78280067930808,23.713730200033904,0.192,0.158489,0.251189,0.0711,0.05,0.1,0.252,0.2,0.3,4.45,0.0625,0.0,1.0,True,0.01,0.95,10.0,39600.0,0.938,0.139
16409,1 - 1 - 2022,19800.0,20.223748416156685,17.78280067930808,23.713730200033904,0.206,0.158489,0.251189,0.0664,0.05,0.1,0.345,0.3,0.4,4.45,0.0625,0.193,1.0,True,0.01,0.95,10.0,39600.0,0.938,0.139
16410,1 - 1 - 2022,19800.0,20.346989949375804,17.78280067930808,23.713730200033904,0.21,0.158489,0.251189,0.0697,0.05,0.1,0.448,0.4,0.5,3.1,0.0521,0.194,1.0,True,0.01,0.95,10.0,39600.0,0.938,0.139
16411,1 - 1 - 2022,19800.0,20.346989949375804,17.78280067930808,23.713730200033904,0.198,0.158489,0.251189,0.0741,0.05,0.1,0.561,0.5,0.6,2.52,0.047,0.0,1.0,True,0.01,0.95,10.0,39600.0,0.938,0.139
16412,1 - 1 - 2022,19800.0,19.261360284258224,17.78280067930808,23.713730200033904,0.209,0.158489,0.251189,0.0707,0.05,0.1,0.649,0.6,0.7,2.71,0.0487,0.387,1.0,True,0.01,0.95,10.0,39600.0,0.938,0.139
16413,1 - 1 - 2022,19800.0,21.0,17.78280067930808,23.713730200033904,0.207,0.158489,0.251189,0.0678,0.05,0.1,0.747,0.7,0.8,2.13,0.0432,0.193,1.0,True,0.01,0.95,10.0,39600.0,0.938,0.139
16414,1 - 1 - 2022,19800.0,19.849433241279208,17.78280067930808,23.713730200033904,0.179,0.158489,0.251189,0.0681,0.05,0.1,0.839,0.8,0.9,1.16,0.0319,0.193,1.0,True,0.01,0.95,10.0,39600.0,0.938,0.139
16415,1 - 1 - 2022,19800.0,21.307275752662516,17.78280067930808,23.713730200033904,0.194,0.158489,0.251189,0.0759,0.05,0.1,0.935,0.9,1.0,0.774,0.026,0.193,1.0,True,0.01,0.95,10.0,39600.0,0.938,0.139
16416,1 - 1 - 2022,19800.0,21.047565179849187,17.78280067930808,23.713730200033904,0.197,0.158489,0.251189,0.0718,0.05,0.1,1.17,1.0,1.5,0.697,0.0111,0.116,1.0,True,0.01,0.95,10.0,39600.0,0.938,0.139
16417,1 - 1 - 2022,19800.0,19.79898987322333,17.78280067930808,23.713730200033904,0.2,0.158489,0.251189,0.0718,0.05,0.1,1.64,1.5,2.0,0.193,0.00582,0.0,1.0,True,0.01,0.95,10.0,39600.0,0.938,0.139
16418,1 - 1 - 2022,19800.0,20.8806130178211,17.78280067930808,23.713730200033904,0.214,0.158489,0.251189,0.0647,0.05,0.1,2.19,2.0,4.0,0.029,0.00113,0.0,1.0,True,0.01,0.95,10.0,39600.0,0.938,0.139
16419,1 - 1 - 2022,19800.0,20.663978319771825,17.78280067930808,23.713730200033904,0.167,0.158489,0.251189,0.12,0.1,0.15,0.0713,0.05,0.1,0.387,0.026,0.0,1.0,True,0.01,0.95,10.0,39600.0,0.938,0.139
16420,1 - 1 - 2022,19800.0,20.396078054371138,17.78280067930808,23.713730200033904,0.224,0.158489,0.251189,0.128,0.1,0.15,0.153,0.1,0.2,0.774,0.0261,0.0,1.0,True,0.01,0.95,10.0,39600.0,0.938,0.139
16421,1 - 1 - 2022,19800.0,19.339079605813716,17.78280067930808,23.713730200033904,0.188,0.158489,0.251189,0.129,0.1,0.15,0.253,0.2,0.3,2.32,0.0451,0.0,1.0,True,0.01,0.95,10.0,39600.0,0.938,0.139
16422,1 - 1 - 2022,19800.0,20.396078054371138,17.78280067930808,23.713730200033904,0.193,0.158489,0.251189,0.124,0.1,0.15,0.345,0.3,0.4,1.55,0.0368,0.0,1.0,True,0.01,0.95,10.0,39600.0,0.938,0.139
16423,1 - 1 - 2022,19800.0,19.72308292331602,17.78280067930808,23.713730200033904,0.215,0.158489,0.251189,0.123,0.1,0.15,0.439,0.4,0.5,2.71,0.0487,0.0,1.0,True,0.01,0.95,10.0,39600.0,0.938,0.139
16424,1 - 1 - 2022,19800.0,20.46948949045872,17.78280067930808,23.713730200033904,0.2,0.158489,0.251189,0.12,0.1,0.15,0.552,0.5,0.6,3.29,0.0537,0.0,1.0,True,0.01,0.95,10.0,39600.0,0.938,0.139
16425,1 - 1 - 2022,19800.0,19.974984355438178,17.78280067930808,23.713730200033904,0.217,0.158489,0.251189,0.124,0.1,0.15,0.631,0.6,0.7,1.35,0.0345,0.0,1.0,True,0.01,0.95,10.0,39600.0,0.938,0.139
16426,1 - 1 - 2022,19800.0,20.396078054371138,17.78280067930808,23.713730200033904,0.201,0.158489,0.251189,0.125,0.1,0.15,0.748,0.7,0.8,1.35,0.0345,0.0,1.0,True,0.01,0.95,10.0,39600.0,0.938,0.139
16427,1 - 1 - 2022,19800.0,20.46948949045872,17.78280067930808,23.713730200033904,0.19,0.158489,0.251189,0.116,0.1,0.15,0.846,0.8,0.9,0.968,0.0291,0.0,1.0,True,0.01,0.95,10.0,39600.0,0.938,0.139
16428,1 - 1 - 2022,19800.0,21.213203435596427,17.78280067930808,23.713730200033904,0.196,0.158489,0.251189,0.119,0.1,0.15,0.948,0.9,1.0,0.774,0.026,0.0,1.0,True,0.01,0.95,10.0,39600.0,0.938,0.139
16429,1 - 1 - 2022,19800.0,20.904544960366874,17.78280067930808,23.713730200033904,0.196,0.158489,0.251189,0.126,0.1,0.15,1.18,1.0,1.5,0.387,0.00824,0.0,1.0,True,0.01,0.95,10.0,39600.0,0.938,0.139
16430,1 - 1 - 2022,19800.0,19.44222209522358,17.78280067930808,23.713730200033904,0.18,0.158489,0.251189,0.124,0.1,0.15,1.57,1.5,2.0,0.155,0.00521,0.0,1.0,True,0.01,0.95,10.0,39600.0,0.938,0.139
16431,1 - 1 - 2022,19800.0,19.544820285692065,17.78280067930808,23.713730200033904,0.184,0.158489,0.251189,0.113,0.1,0.15,2.55,2.0,4.0,0.058,0.00159,0.0,1.0,True,0.01,0.95,10.0,39600.0,0.938,0.139
16432,1 - 1 - 2022,19800.0,19.313207915827967,17.78280067930808,23.713730200033904,0.207,0.158489,0.251189,0.17,0.15,0.2,0.146,0.1,0.2,0.968,0.0291,0.0,1.0,True,0.01,0.95,10.0,39600.0,0.938,0.139
16433,1 - 1 - 2022,19800.0,18.35755975068582,17.78280067930808,23.713730200033904,0.199,0.158489,0.251189,0.177,0.15,0.2,0.253,0.2,0.3,0.581,0.0226,0.0,1.0,True,0.01,0.95,10.0,39600.0,0.938,0.139
16434,1 - 1 - 2022,19800.0,20.952326839756964,17.78280067930808,23.713730200033904,0.182,0.158489,0.251189,0.178,0.15,0.2,0.332,0.3,0.4,0.774,0.026,0.0,1.0,True,0.01,0.95,10.0,39600.0,0.938,0.139
16435,1 - 1 - 2022,19800.0,20.37154878746336,17.78280067930808,23.713730200033904,0.208,0.158489,0.251189,0.18,0.15,0.2,0.44,0.4,0.5,0.774,0.026,0.0,1.0,True,0.01,0.95,10.0,39600.0,0.938,0.139
16436,1 - 1 - 2022,19800.0,19.6468827043885,17.78280067930808,23.713730200033904,0.192,0.158489,0.251189,0.172,0.15,0.2,0.53,0.5,0.6,0.387,0.0184,0.0,1.0,True,0.01,0.95,10.0,39600.0,0.938,0.139
16437,1 - 1 - 2022,19800.0,20.83266665599966,17.78280067930808,23.713730200033904,0.199,0.158489,0.251189,0.167,0.15,0.2,0.644,0.6,0.7,1.16,0.0319,0.0,1.0,True,0.01,0.95,10.0,39600.0,0.938,0.139
16438,1 - 1 - 2022,19800.0,19.44222209522358,17.78280067930808,23.713730200033904,0.183,0.158489,0.251189,0.18,0.15,0.2,0.774,0.7,0.8,0.387,0.0184,0.0,1.0,True,0.01,0.95,10.0,39600.0,0.938,0.139
16439,1 - 1 - 2022,19800.0,21.93171219946131,17.78280067930808,23.713730200033904,0.213,0.158489,0.251189,0.159,0.15,0.2,0.872,0.8,0.9,0.581,0.0226,0.0,1.0,True,0.01,0.95,10.0,39600.0,0.938,0.139
16440,1 - 1 - 2022,19800.0,20.8806130178211,17.78280067930808,23.713730200033904,0.16,0.158489,0.251189,0.151,0.15,0.2,0.918,0.9,1.0,0.193,0.013,0.0,1.0,True,0.01,0.95,10.0,39600.0,0.938,0.139
16441,1 - 1 - 2022,19800.0,19.77371993328519,17.78280067930808,23.713730200033904,0.212,0.158489,0.251189,0.183,0.15,0.2,1.23,1.0,1.5,0.31,0.00737,0.0,1.0,True,0.01,0.95,10.0,39600.0,0.938,0.139
16442,1 - 1 - 2022,19800.0,18.110770276274835,17.78280067930808,23.713730200033904,0.216,0.158489,0.251189,0.195,0.15,0.2,1.86,1.5,2.0,0.0774,0.00368,0.0,1.0,True,0.01,0.95,10.0,39600.0,0.938,0.139
16443,1 - 1 - 2022,19800.0,21.748563170931547,17.78280067930808,23.713730200033904,0.247,0.158489,0.251189,0.157,0.15,0.2,2.7,2.0,4.0,0.00968,0.000651,0.0,1.0,True,0.01,0.95,10.0,39600.0,0.938,0.139
16444,1 - 1 - 2022,19800.0,19.79898987322333,17.78280067930808,23.713730200033904,0.208,0.158489,0.251189,0.229,0.2,0.25,0.158,0.1,0.2,0.581,0.0226,0.0,1.0,True,0.01,0.95,10.0,39600.0,0.938,0.139
16445,1 - 1 - 2022,19800.0,19.77371993328519,17.78280067930808,23.713730200033904,0.213,0.158489,0.251189,0.227,0.2,0.25,0.259,0.2,0.3,0.968,0.0291,0.0,1.0,True,0.01,0.95,10.0,39600.0,0.938,0.139
16446,1 - 1 - 2022,19800.0,19.77371993328519,17.78280067930808,23.713730200033904,0.228,0.158489,0.251189,0.22,0.2,0.25,0.303,0.3,0.4,0.387,0.0184,0.0,1.0,True,0.01,0.95,10.0,39600.0,0.938,0.139
16447,1 - 1 - 2022,19800.0,19.697715603592208,17.78280067930808,23.713730200033904,0.213,0.158489,0.251189,0.238,0.2,0.25,0.432,0.4,0.5,0.387,0.0184,0.0,1.0,True,0.01,0.95,10.0,39600.0,0.938,0.139
16448,1 - 1 - 2022,19800.0,18.947295321496416,17.78280067930808,23.713730200033904,0.175,0.158489,0.251189,0.25,0.25,0.3,0.504,0.5,0.6,0.194,0.013,0.0,1.0,True,0.01,0.95,10.0,39600.0,0.938,0.139
16449,1 - 1 - 2022,19800.0,19.949937343260004,17.78280067930808,23.713730200033904,0.173,0.158489,0.251189,0.235,0.2,0.25,0.62,0.6,0.7,0.387,0.0184,0.0,1.0,True,0.01,0.95,10.0,39600.0,0.938,0.139
16450,1 - 1 - 2022,19800.0,19.672315572906,17.78280067930808,23.713730200033904,0.207,0.158489,0.251189,0.24,0.2,0.25,0.85,0.8,0.9,0.774,0.0261,0.0,1.0,True,0.01,0.95,10.0,39600.0,0.938,0.139
16451,1 - 1 - 2022,19800.0,19.467922333931785,17.78280067930808,23.713730200033904,0.189,0.158489,0.251189,0.23,0.2,0.25,0.943,0.9,1.0,0.58,0.0226,0.0,1.0,True,0.01,0.95,10.0,39600.0,0.938,0.139
16452,1 - 1 - 2022,19800.0,19.131126469708992,17.78280067930808,23.713730200033904,0.171,0.158489,0.251189,0.222,0.2,0.25,2.68,2.0,4.0,0.0194,0.000921,0.0,1.0,True,0.01,0.95,10.0,39600.0,0.938,0.139
16453,1 - 1 - 2022,19800.0,19.519221295943137,17.78280067930808,23.713730200033904,0.213,0.158489,0.251189,0.256,0.25,0.3,0.123,0.1,0.2,0.194,0.013,0.0,1.0,True,0.01,0.95,10.0,39600.0,0.938,0.139
16454,1 - 1 - 2022,19800.0,21.18962010041709,17.78280067930808,23.713730200033904,0.213,0.158489,0.251189,0.259,0.25,0.3,0.245,0.2,0.3,0.581,0.0226,0.0,1.0,True,0.01,0.95,10.0,39600.0,0.938,0.139
16455,1 - 1 - 2022,19800.0,19.390719429665317,17.78280067930808,23.713730200033904,0.18,0.158489,0.251189,0.263,0.25,0.3,0.361,0.3,0.4,0.387,0.0184,0.0,1.0,True,0.01,0.95,10.0,39600.0,0.938,0.139
16456,1 - 1 - 2022,19800.0,20.199009876724155,17.78280067930808,23.713730200033904,0.199,0.158489,0.251189,0.271,0.25,0.3,0.469,0.4,0.5,0.581,0.0226,0.0,1.0,True,0.01,0.95,10.0,39600.0,0.938,0.139
16457,1 - 1 - 2022,19800.0,17.916472867168917,17.78280067930808,23.713730200033904,0.167,0.158489,0.251189,0.281,0.25,0.3,0.507,0.5,0.6,0.193,0.013,0.0,1.0,True,0.01,0.95,10.0,39600.0,0.938,0.139
16458,1 - 1 - 2022,19800.0,20.952326839756964,17.78280067930808,23.713730200033904,0.18,0.158489,0.251189,0.291,0.25,0.3,0.699,0.6,0.7,0.194,0.013,0.0,1.0,True,0.01,0.95,10.0,39600.0,0.938,0.139
16459,1 - 1 - 2022,19800.0,18.16590212458495,17.78280067930808,23.713730200033904,0.2,0.158489,0.251189,0.275,0.25,0.3,0.754,0.7,0.8,0.58,0.0226,0.0,1.0,True,0.01,0.95,10.0,39600.0,0.938,0.139
16460,1 - 1 - 2022,19800.0,19.157244060668017,17.78280067930808,23.713730200033904,0.22,0.158489,0.251189,0.25,0.25,0.3,0.941,0.9,1.0,0.194,0.013,0.0,1.0,True,0.01,0.95,10.0,39600.0,0.938,0.139
16461,1 - 1 - 2022,19800.0,19.82422760159901,17.78280067930808,23.713730200033904,0.206,0.158489,0.251189,0.272,0.25,0.3,1.22,1.0,1.5,0.194,0.00583,0.0,1.0,True,0.01,0.95,10.0,39600.0,0.938,0.139
16462,1 - 1 - 2022,19800.0,20.518284528683193,17.78280067930808,23.713730200033904,0.202,0.158489,0.251189,0.309,0.3,0.4,0.0641,0.05,0.1,0.194,0.013,0.0,1.0,True,0.01,0.95,10.0,39600.0,0.938,0.139
16463,1 - 1 - 2022,19800.0,19.313207915827967,17.78280067930808,23.713730200033904,0.201,0.158489,0.251189,0.348,0.3,0.4,0.129,0.1,0.2,0.387,0.013,0.0,1.0,True,0.01,0.95,10.0,39600.0,0.938,0.139
16464,1 - 1 - 2022,19800.0,19.235384061671343,17.78280067930808,23.713730200033904,0.203,0.158489,0.251189,0.335,0.3,0.4,0.252,0.2,0.3,0.29,0.0113,0.0,1.0,True,0.01,0.95,10.0,39600.0,0.938,0.139
16465,1 - 1 - 2022,19800.0,18.841443681416774,17.78280067930808,23.713730200033904,0.195,0.158489,0.251189,0.344,0.3,0.4,0.442,0.4,0.5,0.194,0.00921,0.0,1.0,True,0.01,0.95,10.0,39600.0,0.938,0.139
16466,1 - 1 - 2022,19800.0,19.82422760159901,17.78280067930808,23.713730200033904,0.189,0.158489,0.251189,0.356,0.3,0.4,0.556,0.5,0.6,0.29,0.0113,0.0,1.0,True,0.01,0.95,10.0,39600.0,0.938,0.139
16467,1 - 1 - 2022,19800.0,19.4164878389476,17.78280067930808,23.713730200033904,0.198,0.158489,0.251189,0.365,0.3,0.4,0.631,0.6,0.7,0.194,0.00921,0.0,1.0,True,0.01,0.95,10.0,39600.0,0.938,0.139
16468,1 - 1 - 2022,19800.0,21.071307505705477,17.78280067930808,23.713730200033904,0.215,0.158489,0.251189,0.348,0.3,0.4,0.744,0.7,0.8,0.194,0.00921,0.0,1.0,True,0.01,0.95,10.0,39600.0,0.938,0.139
16469,1 - 1 - 2022,19800.0,18.24828759089466,17.78280067930808,23.713730200033904,0.188,0.158489,0.251189,0.3,0.3,0.4,0.88,0.8,0.9,0.0968,0.00651,0.0,1.0,True,0.01,0.95,10.0,39600.0,0.938,0.139
16470,1 - 1 - 2022,19800.0,21.72556098240043,17.78280067930808,23.713730200033904,0.199,0.158489,0.251189,0.314,0.3,0.4,0.966,0.9,1.0,0.0968,0.00651,0.0,1.0,True,0.01,0.95,10.0,39600.0,0.938,0.139
16471,1 - 1 - 2022,19800.0,21.2602916254693,17.78280067930808,23.713730200033904,0.195,0.158489,0.251189,0.346,0.3,0.4,1.37,1.0,1.5,0.058,0.00226,0.0,1.0,True,0.01,0.95,10.0,39600.0,0.938,0.139
16472,1 - 1 - 2022,19800.0,19.849433241279208,17.78280067930808,23.713730200033904,0.173,0.158489,0.251189,0.353,0.3,0.4,1.81,1.5,2.0,0.0387,0.00184,0.0,1.0,True,0.01,0.95,10.0,39600.0,0.938,0.139
16473,1 - 1 - 2022,19800.0,20.760539492026695,17.78280067930808,23.713730200033904,0.163,0.158489,0.251189,0.318,0.3,0.4,2.75,2.0,4.0,0.00968,0.00046,0.0,1.0,True,0.01,0.95,10.0,39600.0,0.938,0.139
16474,1 - 1 - 2022,19800.0,19.131126469708992,17.78280067930808,23.713730200033904,0.223,0.158489,0.251189,0.425,0.4,0.5,0.181,0.1,0.2,0.0967,0.00651,0.0,1.0,True,0.01,0.95,10.0,39600.0,0.938,0.139
16475,1 - 1 - 2022,19800.0,23.173260452512935,17.78280067930808,23.713730200033904,0.202,0.158489,0.251189,0.41,0.4,0.5,0.312,0.3,0.4,0.194,0.00921,0.0,1.0,True,0.01,0.95,10.0,39600.0,0.938,0.139
16476,1 - 1 - 2022,19800.0,21.42428528562855,17.78280067930808,23.713730200033904,0.184,0.158489,0.251189,0.438,0.4,0.5,0.548,0.5,0.6,0.0968,0.00651,0.0,1.0,True,0.01,0.95,10.0,39600.0,0.938,0.139
16477,1 - 1 - 2022,19800.0,21.095023109728988,17.78280067930808,23.713730200033904,0.224,0.158489,0.251189,0.449,0.4,0.5,0.965,0.9,1.0,0.194,0.00921,0.0,1.0,True,0.01,0.95,10.0,39600.0,0.938,0.139
16478,1 - 1 - 2022,19800.0,21.840329667841555,17.78280067930808,23.713730200033904,0.233,0.158489,0.251189,0.431,0.4,0.5,1.05,1.0,1.5,0.0193,0.0013,0.0,1.0,True,0.01,0.95,10.0,39600.0,0.938,0.139
16479,1 - 1 - 2022,19800.0,23.302360395462088,17.78280067930808,23.713730200033904,0.182,0.158489,0.251189,0.451,0.4,0.5,1.81,1.5,2.0,0.0194,0.0013,0.0,1.0,True,0.01,0.95,10.0,39600.0,0.938,0.139
16480,1 - 1 - 2022,19800.0,19.493588689617926,17.78280067930808,23.713730200033904,0.206,0.158489,0.251189,0.528,0.5,0.6,0.627,0.6,0.7,0.0967,0.00651,0.0,1.0,True,0.01,0.95,10.0,39600.0,0.938,0.139
16481,1 - 1 - 2022,19800.0,18.384776310850235,17.78280067930808,23.713730200033904,0.244,0.158489,0.251189,0.589,0.5,0.6,0.994,0.9,1.0,0.0968,0.00651,0.0,1.0,True,0.01,0.95,10.0,39600.0,0.938,0.139
16482,1 - 1 - 2022,19800.0,23.065125189341593,17.78280067930808,23.713730200033904,0.162,0.158489,0.251189,0.671,0.6,0.7,0.691,0.6,0.7,0.0968,0.00651,0.0,1.0,True,0.01,0.95,10.0,39600.0,0.938,0.139
16483,1 - 1 - 2022,19800.0,18.708286933869708,17.78280067930808,23.713730200033904,0.197,0.158489,0.251189,0.738,0.7,0.8,0.391,0.3,0.4,0.0968,0.00651,0.0,1.0,True,0.01,0.95,10.0,39600.0,0.938,0.139
16484,1 - 1 - 2022,19800.0,22.06807649071391,17.78280067930808,23.713730200033904,0.313,0.251189,0.398107,0.0216,0.0,0.05,0.0278,0.0,0.05,0.977,0.0329,0.244,1.0,True,0.01,0.95,10.0,39600.0,0.938,0.139
16485,1 - 1 - 2022,19800.0,21.283796653792763,17.78280067930808,23.713730200033904,0.306,0.251189,0.398107,0.0243,0.0,0.05,0.0785,0.05,0.1,0.977,0.0329,0.0,1.0,True,0.01,0.95,10.0,39600.0,0.938,0.139
16486,1 - 1 - 2022,19800.0,20.904544960366874,17.78280067930808,23.713730200033904,0.298,0.251189,0.398107,0.0223,0.0,0.05,0.136,0.1,0.2,3.05,0.0411,0.611,1.0,True,0.01,0.95,10.0,39600.0,0.938,0.139
16487,1 - 1 - 2022,19800.0,20.54263858417414,17.78280067930808,23.713730200033904,0.303,0.251189,0.398107,0.0263,0.0,0.05,0.263,0.2,0.3,2.08,0.0339,0.366,1.0,True,0.01,0.95,10.0,39600.0,0.938,0.139
16488,1 - 1 - 2022,19800.0,20.322401432901575,17.78280067930808,23.713730200033904,0.313,0.251189,0.398107,0.0218,0.0,0.05,0.337,0.3,0.4,4.27,0.0486,1.22,1.0,True,0.01,0.95,10.0,39600.0,0.938,0.139
16489,1 - 1 - 2022,19800.0,20.518284528683193,17.78280067930808,23.713730200033904,0.31,0.251189,0.398107,0.023,0.0,0.05,0.452,0.4,0.5,2.93,0.0403,1.1,1.0,True,0.01,0.95,10.0,39600.0,0.938,0.139
16490,1 - 1 - 2022,19800.0,21.118712081942874,17.78280067930808,23.713730200033904,0.293,0.251189,0.398107,0.023,0.0,0.05,0.546,0.5,0.6,2.56,0.0377,0.61,1.0,True,0.01,0.95,10.0,39600.0,0.938,0.139
16491,1 - 1 - 2022,19800.0,20.808652046684813,17.78280067930808,23.713730200033904,0.319,0.251189,0.398107,0.0239,0.0,0.05,0.645,0.6,0.7,1.71,0.0308,0.244,1.0,True,0.01,0.95,10.0,39600.0,0.938,0.139
16492,1 - 1 - 2022,19800.0,20.639767440550294,17.78280067930808,23.713730200033904,0.299,0.251189,0.398107,0.0312,0.0,0.05,0.742,0.7,0.8,1.59,0.0296,0.0,1.0,True,0.01,0.95,10.0,39600.0,0.938,0.139
16493,1 - 1 - 2022,19800.0,21.047565179849187,17.78280067930808,23.713730200033904,0.299,0.251189,0.398107,0.0246,0.0,0.05,0.845,0.8,0.9,0.733,0.0201,0.122,1.0,True,0.01,0.95,10.0,39600.0,0.938,0.139
16494,1 - 1 - 2022,19800.0,20.784609690826528,17.78280067930808,23.713730200033904,0.311,0.251189,0.398107,0.0243,0.0,0.05,0.957,0.9,1.0,0.611,0.0184,0.122,1.0,True,0.01,0.95,10.0,39600.0,0.938,0.139
16495,1 - 1 - 2022,19800.0,22.20360331117452,17.78280067930808,23.713730200033904,0.301,0.251189,0.398107,0.025,0.0,0.05,1.2,1.0,1.5,0.147,0.00403,0.0,1.0,True,0.01,0.95,10.0,39600.0,0.938,0.139
16496,1 - 1 - 2022,19800.0,19.235384061671343,17.78280067930808,23.713730200033904,0.356,0.251189,0.398107,0.0296,0.0,0.05,1.62,1.5,2.0,0.0489,0.00233,0.0244,1.0,True,0.01,0.95,10.0,39600.0,0.938,0.139
16497,1 - 1 - 2022,19800.0,21.095023109728988,17.78280067930808,23.713730200033904,0.296,0.251189,0.398107,0.0315,0.0,0.05,2.01,2.0,4.0,0.00611,0.000411,0.0,1.0,True,0.01,0.95,10.0,39600.0,0.938,0.139
16498,1 - 1 - 2022,19800.0,19.026297590440446,17.78280067930808,23.713730200033904,0.378,0.251189,0.398107,0.053,0.05,0.1,0.0477,0.0,0.05,0.244,0.0164,0.0,1.0,True,0.01,0.95,10.0,39600.0,0.938,0.139
16499,1 - 1 - 2022,19800.0,19.28730152198591,17.78280067930808,23.713730200033904,0.284,0.251189,0.398107,0.0615,0.05,0.1,0.0714,0.05,0.1,1.22,0.0368,0.0,1.0,True,0.01,0.95,10.0,39600.0,0.938,0.139
16500,1 - 1 - 2022,19800.0,20.174241001832016,17.78280067930808,23.713730200033904,0.315,0.251189,0.398107,0.0751,0.05,0.1,0.155,0.1,0.2,1.1,0.0247,0.0,1.0,True,0.01,0.95,10.0,39600.0,0.938,0.139
16501,1 - 1 - 2022,19800.0,19.924858845171276,17.78280067930808,23.713730200033904,0.308,0.251189,0.398107,0.0734,0.05,0.1,0.254,0.2,0.3,1.34,0.0273,0.0,1.0,True,0.01,0.95,10.0,39600.0,0.938,0.139
16502,1 - 1 - 2022,19800.0,20.199009876724155,17.78280067930808,23.713730200033904,0.328,0.251189,0.398107,0.0717,0.05,0.1,0.342,0.3,0.4,1.71,0.0307,0.0,1.0,True,0.01,0.95,10.0,39600.0,0.938,0.139
16503,1 - 1 - 2022,19800.0,19.339079605813716,17.78280067930808,23.713730200033904,0.3,0.251189,0.398107,0.0673,0.05,0.1,0.445,0.4,0.5,2.44,0.0368,0.0,1.0,True,0.01,0.95,10.0,39600.0,0.938,0.139
16504,1 - 1 - 2022,19800.0,19.0,17.78280067930808,23.713730200033904,0.308,0.251189,0.398107,0.0722,0.05,0.1,0.551,0.5,0.6,1.22,0.026,0.0,1.0,True,0.01,0.95,10.0,39600.0,0.938,0.139
16505,1 - 1 - 2022,19800.0,22.045407685048602,17.78280067930808,23.713730200033904,0.299,0.251189,0.398107,0.0776,0.05,0.1,0.671,0.6,0.7,0.611,0.0184,0.0,1.0,True,0.01,0.95,10.0,39600.0,0.938,0.139
16506,1 - 1 - 2022,19800.0,19.87460691435179,17.78280067930808,23.713730200033904,0.311,0.251189,0.398107,0.0797,0.05,0.1,0.771,0.7,0.8,0.611,0.0184,0.0,1.0,True,0.01,0.95,10.0,39600.0,0.938,0.139
16507,1 - 1 - 2022,19800.0,21.540659228538015,17.78280067930808,23.713730200033904,0.301,0.251189,0.398107,0.06,0.05,0.1,0.853,0.8,0.9,0.244,0.0116,0.0,1.0,True,0.01,0.95,10.0,39600.0,0.938,0.139
16508,1 - 1 - 2022,19800.0,21.283796653792763,17.78280067930808,23.713730200033904,0.3,0.251189,0.398107,0.0683,0.05,0.1,0.923,0.9,1.0,0.366,0.0142,0.0,1.0,True,0.01,0.95,10.0,39600.0,0.938,0.139
16509,1 - 1 - 2022,19800.0,19.6468827043885,17.78280067930808,23.713730200033904,0.304,0.251189,0.398107,0.0766,0.05,0.1,1.17,1.0,1.5,0.171,0.00435,0.0244,1.0,True,0.01,0.95,10.0,39600.0,0.938,0.139
16510,1 - 1 - 2022,19800.0,19.748417658131498,17.78280067930808,23.713730200033904,0.292,0.251189,0.398107,0.08,0.05,0.1,1.63,1.5,2.0,0.0488,0.00232,0.0,1.0,True,0.01,0.95,10.0,39600.0,0.938,0.139
16511,1 - 1 - 2022,19800.0,23.57965224510319,17.78280067930808,23.713730200033904,0.254,0.251189,0.398107,0.0866,0.05,0.1,2.81,2.0,4.0,0.00611,0.000411,0.0,1.0,True,0.01,0.95,10.0,39600.0,0.938,0.139
16512,1 - 1 - 2022,19800.0,20.12461179749811,17.78280067930808,23.713730200033904,0.28,0.251189,0.398107,0.13,0.1,0.15,0.0289,0.0,0.05,0.489,0.0233,0.0,1.0,True,0.01,0.95,10.0,39600.0,0.938,0.139
16513,1 - 1 - 2022,19800.0,23.430749027719962,17.78280067930808,23.713730200033904,0.303,0.251189,0.398107,0.109,0.1,0.15,0.0913,0.05,0.1,0.244,0.0164,0.0,1.0,True,0.01,0.95,10.0,39600.0,0.938,0.139
16514,1 - 1 - 2022,19800.0,19.05255888325765,17.78280067930808,23.713730200033904,0.304,0.251189,0.398107,0.12,0.1,0.15,0.151,0.1,0.2,0.61,0.0184,0.0,1.0,True,0.01,0.95,10.0,39600.0,0.938,0.139
16515,1 - 1 - 2022,19800.0,19.183326093250876,17.78280067930808,23.713730200033904,0.313,0.251189,0.398107,0.128,0.1,0.15,0.232,0.2,0.3,0.244,0.0116,0.0,1.0,True,0.01,0.95,10.0,39600.0,0.938,0.139
16516,1 - 1 - 2022,19800.0,19.570385790780925,17.78280067930808,23.713730200033904,0.306,0.251189,0.398107,0.126,0.1,0.15,0.365,0.3,0.4,1.22,0.026,0.0,1.0,True,0.01,0.95,10.0,39600.0,0.938,0.139
16517,1 - 1 - 2022,19800.0,20.591260281974,17.78280067930808,23.713730200033904,0.309,0.251189,0.398107,0.121,0.1,0.15,0.451,0.4,0.5,0.977,0.0232,0.0,1.0,True,0.01,0.95,10.0,39600.0,0.938,0.139
16518,1 - 1 - 2022,19800.0,20.8806130178211,17.78280067930808,23.713730200033904,0.378,0.251189,0.398107,0.1,0.1,0.15,0.501,0.5,0.6,0.122,0.00822,0.0,1.0,True,0.01,0.95,10.0,39600.0,0.938,0.139
16519,1 - 1 - 2022,19800.0,18.466185312619388,17.78280067930808,23.713730200033904,0.338,0.251189,0.398107,0.131,0.1,0.15,0.649,0.6,0.7,0.244,0.0116,0.0,1.0,True,0.01,0.95,10.0,39600.0,0.938,0.139
16520,1 - 1 - 2022,19800.0,21.283796653792763,17.78280067930808,23.713730200033904,0.301,0.251189,0.398107,0.127,0.1,0.15,0.752,0.7,0.8,0.611,0.0184,0.0,1.0,True,0.01,0.95,10.0,39600.0,0.938,0.139
16521,1 - 1 - 2022,19800.0,19.467922333931785,17.78280067930808,23.713730200033904,0.356,0.251189,0.398107,0.124,0.1,0.15,0.832,0.8,0.9,0.366,0.0142,0.0,1.0,True,0.01,0.95,10.0,39600.0,0.938,0.139
16522,1 - 1 - 2022,19800.0,22.02271554554524,17.78280067930808,23.713730200033904,0.324,0.251189,0.398107,0.144,0.1,0.15,0.965,0.9,1.0,0.122,0.00822,0.0,1.0,True,0.01,0.95,10.0,39600.0,0.938,0.139
16523,1 - 1 - 2022,19800.0,20.42057785666214,17.78280067930808,23.713730200033904,0.31,0.251189,0.398107,0.123,0.1,0.15,1.27,1.0,1.5,0.122,0.00367,0.0,1.0,True,0.01,0.95,10.0,39600.0,0.938,0.139
16524,1 - 1 - 2022,19800.0,21.236760581595302,17.78280067930808,23.713730200033904,0.294,0.251189,0.398107,0.111,0.1,0.15,1.74,1.5,2.0,0.0488,0.00232,0.0,1.0,True,0.01,0.95,10.0,39600.0,0.938,0.139
16525,1 - 1 - 2022,19800.0,21.702534414210707,17.78280067930808,23.713730200033904,0.293,0.251189,0.398107,0.117,0.1,0.15,2.53,2.0,4.0,0.00611,0.000411,0.0,1.0,True,0.01,0.95,10.0,39600.0,0.938,0.139
16526,1 - 1 - 2022,19800.0,20.396078054371138,17.78280067930808,23.713730200033904,0.329,0.251189,0.398107,0.179,0.15,0.2,0.155,0.1,0.2,0.244,0.0116,0.0,1.0,True,0.01,0.95,10.0,39600.0,0.938,0.139
16527,1 - 1 - 2022,19800.0,20.615528128088304,17.78280067930808,23.713730200033904,0.309,0.251189,0.398107,0.169,0.15,0.2,0.261,0.2,0.3,0.611,0.0184,0.0,1.0,True,0.01,0.95,10.0,39600.0,0.938,0.139
16528,1 - 1 - 2022,19800.0,21.817424229271428,17.78280067930808,23.713730200033904,0.265,0.251189,0.398107,0.163,0.15,0.2,0.368,0.3,0.4,0.244,0.0116,0.0,1.0,True,0.01,0.95,10.0,39600.0,0.938,0.139
16529,1 - 1 - 2022,19800.0,20.71231517720798,17.78280067930808,23.713730200033904,0.324,0.251189,0.398107,0.179,0.15,0.2,0.457,0.4,0.5,0.733,0.0201,0.0,1.0,True,0.01,0.95,10.0,39600.0,0.938,0.139
16530,1 - 1 - 2022,19800.0,20.396078054371138,17.78280067930808,23.713730200033904,0.319,0.251189,0.398107,0.163,0.15,0.2,0.57,0.5,0.6,0.611,0.0184,0.0,1.0,True,0.01,0.95,10.0,39600.0,0.938,0.139
16531,1 - 1 - 2022,19800.0,20.049937655763422,17.78280067930808,23.713730200033904,0.309,0.251189,0.398107,0.155,0.15,0.2,0.649,0.6,0.7,0.244,0.0116,0.0,1.0,True,0.01,0.95,10.0,39600.0,0.938,0.139
16532,1 - 1 - 2022,19800.0,19.467922333931785,17.78280067930808,23.713730200033904,0.373,0.251189,0.398107,0.166,0.15,0.2,0.785,0.7,0.8,0.122,0.00821,0.0,1.0,True,0.01,0.95,10.0,39600.0,0.938,0.139
16533,1 - 1 - 2022,19800.0,21.95449840010015,17.78280067930808,23.713730200033904,0.373,0.251189,0.398107,0.158,0.15,0.2,0.867,0.8,0.9,0.122,0.00822,0.0,1.0,True,0.01,0.95,10.0,39600.0,0.938,0.139
16534,1 - 1 - 2022,19800.0,19.0,17.78280067930808,23.713730200033904,0.281,0.251189,0.398107,0.195,0.15,0.2,0.963,0.9,1.0,0.122,0.00822,0.0,1.0,True,0.01,0.95,10.0,39600.0,0.938,0.139
16535,1 - 1 - 2022,19800.0,19.8997487421324,17.78280067930808,23.713730200033904,0.34,0.251189,0.398107,0.158,0.15,0.2,1.17,1.0,1.5,0.0733,0.00285,0.0,1.0,True,0.01,0.95,10.0,39600.0,0.938,0.139
16536,1 - 1 - 2022,19800.0,21.88606862823929,17.78280067930808,23.713730200033904,0.3,0.251189,0.398107,0.161,0.15,0.2,2.95,2.0,4.0,0.0183,0.000712,0.0,1.0,True,0.01,0.95,10.0,39600.0,0.938,0.139
16537,1 - 1 - 2022,19800.0,18.947295321496416,17.78280067930808,23.713730200033904,0.373,0.251189,0.398107,0.242,0.2,0.25,0.155,0.1,0.2,0.122,0.00822,0.0,1.0,True,0.01,0.95,10.0,39600.0,0.938,0.139
16538,1 - 1 - 2022,19800.0,18.547236990991408,17.78280067930808,23.713730200033904,0.307,0.251189,0.398107,0.211,0.2,0.25,0.231,0.2,0.3,0.122,0.00822,0.0,1.0,True,0.01,0.95,10.0,39600.0,0.938,0.139
16539,1 - 1 - 2022,19800.0,20.808652046684813,17.78280067930808,23.713730200033904,0.291,0.251189,0.398107,0.224,0.2,0.25,0.316,0.3,0.4,0.366,0.0142,0.0,1.0,True,0.01,0.95,10.0,39600.0,0.938,0.139
16540,1 - 1 - 2022,19800.0,21.2602916254693,17.78280067930808,23.713730200033904,0.282,0.251189,0.398107,0.22,0.2,0.25,0.571,0.5,0.6,0.488,0.0164,0.0,1.0,True,0.01,0.95,10.0,39600.0,0.938,0.139
16541,1 - 1 - 2022,19800.0,20.37154878746336,17.78280067930808,23.713730200033904,0.282,0.251189,0.398107,0.22,0.2,0.25,0.616,0.6,0.7,0.611,0.0184,0.0,1.0,True,0.01,0.95,10.0,39600.0,0.938,0.139
16542,1 - 1 - 2022,19800.0,22.9128784747792,17.78280067930808,23.713730200033904,0.295,0.251189,0.398107,0.213,0.2,0.25,0.733,0.7,0.8,0.122,0.00822,0.0,1.0,True,0.01,0.95,10.0,39600.0,0.938,0.139
16543,1 - 1 - 2022,19800.0,20.493901531919196,17.78280067930808,23.713730200033904,0.28,0.251189,0.398107,0.241,0.2,0.25,0.854,0.8,0.9,0.244,0.0116,0.0,1.0,True,0.01,0.95,10.0,39600.0,0.938,0.139
16544,1 - 1 - 2022,19800.0,22.60530911091463,17.78280067930808,23.713730200033904,0.379,0.251189,0.398107,0.203,0.2,0.25,0.985,0.9,1.0,0.122,0.00822,0.0,1.0,True,0.01,0.95,10.0,39600.0,0.938,0.139
16545,1 - 1 - 2022,19800.0,21.354156504062622,17.78280067930808,23.713730200033904,0.31,0.251189,0.398107,0.217,0.2,0.25,1.25,1.0,1.5,0.0733,0.00285,0.0,1.0,True,0.01,0.95,10.0,39600.0,0.938,0.139
16546,1 - 1 - 2022,19800.0,21.213203435596427,17.78280067930808,23.713730200033904,0.265,0.251189,0.398107,0.264,0.25,0.3,0.103,0.1,0.2,0.122,0.00822,0.0,1.0,True,0.01,0.95,10.0,39600.0,0.938,0.139
16547,1 - 1 - 2022,19800.0,18.76166303929372,17.78280067930808,23.713730200033904,0.327,0.251189,0.398107,0.265,0.25,0.3,0.32,0.3,0.4,0.244,0.0116,0.0,1.0,True,0.01,0.95,10.0,39600.0,0.938,0.139
16548,1 - 1 - 2022,19800.0,21.6794833886788,17.78280067930808,23.713730200033904,0.357,0.251189,0.398107,0.288,0.25,0.3,0.457,0.4,0.5,0.366,0.0142,0.0,1.0,True,0.01,0.95,10.0,39600.0,0.938,0.139
16549,1 - 1 - 2022,19800.0,21.42428528562855,17.78280067930808,23.713730200033904,0.396,0.251189,0.398107,0.259,0.25,0.3,0.577,0.5,0.6,0.122,0.00822,0.0,1.0,True,0.01,0.95,10.0,39600.0,0.938,0.139
16550,1 - 1 - 2022,19800.0,22.271057451320086,17.78280067930808,23.713730200033904,0.294,0.251189,0.398107,0.264,0.25,0.3,0.675,0.6,0.7,0.244,0.0116,0.0,1.0,True,0.01,0.95,10.0,39600.0,0.938,0.139
16551,1 - 1 - 2022,19800.0,20.92844953645635,17.78280067930808,23.713730200033904,0.344,0.251189,0.398107,0.282,0.25,0.3,0.783,0.7,0.8,0.366,0.0142,0.0,1.0,True,0.01,0.95,10.0,39600.0,0.938,0.139
16552,1 - 1 - 2022,19800.0,17.97220075561143,17.78280067930808,23.713730200033904,0.285,0.251189,0.398107,0.259,0.25,0.3,0.895,0.8,0.9,0.122,0.00822,0.0,1.0,True,0.01,0.95,10.0,39600.0,0.938,0.139
16553,1 - 1 - 2022,19800.0,21.37755832643195,17.78280067930808,23.713730200033904,0.396,0.251189,0.398107,0.298,0.25,0.3,0.923,0.9,1.0,0.122,0.00822,0.0,1.0,True,0.01,0.95,10.0,39600.0,0.938,0.139
16554,1 - 1 - 2022,19800.0,19.697715603592208,17.78280067930808,23.713730200033904,0.268,0.251189,0.398107,0.287,0.25,0.3,1.05,1.0,1.5,0.0488,0.00232,0.0,1.0,True,0.01,0.95,10.0,39600.0,0.938,0.139
16555,1 - 1 - 2022,19800.0,19.339079605813716,17.78280067930808,23.713730200033904,0.341,0.251189,0.398107,0.322,0.3,0.4,0.118,0.1,0.2,0.061,0.00411,0.0,1.0,True,0.01,0.95,10.0,39600.0,0.938,0.139
16556,1 - 1 - 2022,19800.0,19.44222209522358,17.78280067930808,23.713730200033904,0.349,0.251189,0.398107,0.336,0.3,0.4,0.233,0.2,0.3,0.122,0.00581,0.0,1.0,True,0.01,0.95,10.0,39600.0,0.938,0.139
16557,1 - 1 - 2022,19800.0,19.026297590440446,17.78280067930808,23.713730200033904,0.277,0.251189,0.398107,0.345,0.3,0.4,0.318,0.3,0.4,0.183,0.00712,0.0,1.0,True,0.01,0.95,10.0,39600.0,0.938,0.139
16558,1 - 1 - 2022,19800.0,17.916472867168917,17.78280067930808,23.713730200033904,0.293,0.251189,0.398107,0.333,0.3,0.4,0.494,0.4,0.5,0.061,0.00411,0.0,1.0,True,0.01,0.95,10.0,39600.0,0.938,0.139
16559,1 - 1 - 2022,19800.0,21.72556098240043,17.78280067930808,23.713730200033904,0.272,0.251189,0.398107,0.349,0.3,0.4,0.627,0.6,0.7,0.183,0.00712,0.0,1.0,True,0.01,0.95,10.0,39600.0,0.938,0.139
16560,1 - 1 - 2022,19800.0,22.93468988235943,17.78280067930808,23.713730200033904,0.357,0.251189,0.398107,0.307,0.3,0.4,0.712,0.7,0.8,0.0611,0.00411,0.0,1.0,True,0.01,0.95,10.0,39600.0,0.938,0.139
16561,1 - 1 - 2022,19800.0,19.364916731037084,17.78280067930808,23.713730200033904,0.375,0.251189,0.398107,0.342,0.3,0.4,1.45,1.0,1.5,0.0122,0.000822,0.0,1.0,True,0.01,0.95,10.0,39600.0,0.938,0.139
16562,1 - 1 - 2022,19800.0,21.563858652847824,17.78280067930808,23.713730200033904,0.252,0.251189,0.398107,0.369,0.3,0.4,1.56,1.5,2.0,0.0122,0.000822,0.0,1.0,True,0.01,0.95,10.0,39600.0,0.938,0.139
16563,1 - 1 - 2022,19800.0,20.149441679609886,17.78280067930808,23.713730200033904,0.28,0.251189,0.398107,0.465,0.4,0.5,0.36,0.3,0.4,0.183,0.00712,0.0,1.0,True,0.01,0.95,10.0,39600.0,0.938,0.139
16564,1 - 1 - 2022,19800.0,21.95449840010015,17.78280067930808,23.713730200033904,0.316,0.251189,0.398107,0.451,0.4,0.5,0.596,0.5,0.6,0.061,0.00411,0.0,1.0,True,0.01,0.95,10.0,39600.0,0.938,0.139
16565,1 - 1 - 2022,19800.0,20.591260281974,17.78280067930808,23.713730200033904,0.31,0.251189,0.398107,0.457,0.4,0.5,0.781,0.7,0.8,0.0611,0.00411,0.0,1.0,True,0.01,0.95,10.0,39600.0,0.938,0.139
16566,1 - 1 - 2022,19800.0,18.947295321496416,17.78280067930808,23.713730200033904,0.331,0.251189,0.398107,0.494,0.4,0.5,0.833,0.8,0.9,0.0611,0.00411,0.0,1.0,True,0.01,0.95,10.0,39600.0,0.938,0.139
16567,1 - 1 - 2022,19800.0,22.24859546128699,17.78280067930808,23.713730200033904,0.257,0.251189,0.398107,0.433,0.4,0.5,1.12,1.0,1.5,0.0122,0.000822,0.0,1.0,True,0.01,0.95,10.0,39600.0,0.938,0.139
16568,1 - 1 - 2022,19800.0,18.0,17.78280067930808,23.713730200033904,0.384,0.251189,0.398107,0.47,0.4,0.5,2.12,2.0,4.0,0.00305,0.000205,0.0,1.0,True,0.01,0.95,10.0,39600.0,0.938,0.139
16569,1 - 1 - 2022,19800.0,21.236760581595302,17.78280067930808,23.713730200033904,0.302,0.251189,0.398107,0.572,0.5,0.6,0.349,0.3,0.4,0.061,0.00411,0.0,1.0,True,0.01,0.95,10.0,39600.0,0.938,0.139
16570,1 - 1 - 2022,19800.0,22.869193252058544,17.78280067930808,23.713730200033904,0.446,0.398107,0.630957,0.0331,0.0,0.05,0.0456,0.0,0.05,0.154,0.0104,0.0,1.0,True,0.01,0.95,10.0,39600.0,0.938,0.139
16571,1 - 1 - 2022,19800.0,21.18962010041709,17.78280067930808,23.713730200033904,0.463,0.398107,0.630957,0.0299,0.0,0.05,0.0619,0.05,0.1,0.308,0.0147,0.0,1.0,True,0.01,0.95,10.0,39600.0,0.938,0.139
16572,1 - 1 - 2022,19800.0,21.307275752662516,17.78280067930808,23.713730200033904,0.504,0.398107,0.630957,0.0268,0.0,0.05,0.147,0.1,0.2,0.539,0.0137,0.077,1.0,True,0.01,0.95,10.0,39600.0,0.938,0.139
16573,1 - 1 - 2022,19800.0,21.6794833886788,17.78280067930808,23.713730200033904,0.494,0.398107,0.630957,0.03,0.0,0.05,0.247,0.2,0.3,0.924,0.018,0.077,1.0,True,0.01,0.95,10.0,39600.0,0.938,0.139
16574,1 - 1 - 2022,19800.0,19.467922333931785,17.78280067930808,23.713730200033904,0.512,0.398107,0.630957,0.0372,0.0,0.05,0.349,0.3,0.4,0.693,0.0156,0.154,1.0,True,0.01,0.95,10.0,39600.0,0.938,0.139
16575,1 - 1 - 2022,19800.0,20.049937655763422,17.78280067930808,23.713730200033904,0.459,0.398107,0.630957,0.0332,0.0,0.05,0.439,0.4,0.5,0.924,0.018,0.231,1.0,True,0.01,0.95,10.0,39600.0,0.938,0.139
16576,1 - 1 - 2022,19800.0,21.0,17.78280067930808,23.713730200033904,0.439,0.398107,0.630957,0.027,0.0,0.05,0.572,0.5,0.6,0.385,0.0116,0.077,1.0,True,0.01,0.95,10.0,39600.0,0.938,0.139
16577,1 - 1 - 2022,19800.0,19.82422760159901,17.78280067930808,23.713730200033904,0.464,0.398107,0.630957,0.0358,0.0,0.05,0.646,0.6,0.7,0.231,0.00898,0.077,1.0,True,0.01,0.95,10.0,39600.0,0.938,0.139
16578,1 - 1 - 2022,19800.0,20.174241001832016,17.78280067930808,23.713730200033904,0.428,0.398107,0.630957,0.0255,0.0,0.05,0.733,0.7,0.8,0.385,0.0116,0.154,1.0,True,0.01,0.95,10.0,39600.0,0.938,0.139
16579,1 - 1 - 2022,19800.0,18.841443681416774,17.78280067930808,23.713730200033904,0.435,0.398107,0.630957,0.0202,0.0,0.05,0.82,0.8,0.9,0.077,0.00518,0.0,1.0,True,0.01,0.95,10.0,39600.0,0.938,0.139
16580,1 - 1 - 2022,19800.0,19.157244060668017,17.78280067930808,23.713730200033904,0.484,0.398107,0.630957,0.0328,0.0,0.05,1.14,1.0,1.5,0.0154,0.00104,0.0,1.0,True,0.01,0.95,10.0,39600.0,0.938,0.139
16581,1 - 1 - 2022,19800.0,19.77371993328519,17.78280067930808,23.713730200033904,0.478,0.398107,0.630957,0.0702,0.05,0.1,0.163,0.1,0.2,0.231,0.00898,0.0,1.0,True,0.01,0.95,10.0,39600.0,0.938,0.139
16582,1 - 1 - 2022,19800.0,20.445048300260872,17.78280067930808,23.713730200033904,0.442,0.398107,0.630957,0.0691,0.05,0.1,0.236,0.2,0.3,0.385,0.0116,0.0,1.0,True,0.01,0.95,10.0,39600.0,0.938,0.139
16583,1 - 1 - 2022,19800.0,20.346989949375804,17.78280067930808,23.713730200033904,0.444,0.398107,0.630957,0.0757,0.05,0.1,0.361,0.3,0.4,0.231,0.00898,0.0,1.0,True,0.01,0.95,10.0,39600.0,0.938,0.139
16584,1 - 1 - 2022,19800.0,21.02379604162864,17.78280067930808,23.713730200033904,0.487,0.398107,0.630957,0.0673,0.05,0.1,0.437,0.4,0.5,0.385,0.0116,0.0,1.0,True,0.01,0.95,10.0,39600.0,0.938,0.139
16585,1 - 1 - 2022,19800.0,20.518284528683193,17.78280067930808,23.713730200033904,0.47,0.398107,0.630957,0.0768,0.05,0.1,0.534,0.5,0.6,0.385,0.0116,0.0,1.0,True,0.01,0.95,10.0,39600.0,0.938,0.139
16586,1 - 1 - 2022,19800.0,20.784609690826528,17.78280067930808,23.713730200033904,0.496,0.398107,0.630957,0.0662,0.05,0.1,0.624,0.6,0.7,0.616,0.0147,0.0,1.0,True,0.01,0.95,10.0,39600.0,0.938,0.139
16587,1 - 1 - 2022,19800.0,20.049937655763422,17.78280067930808,23.713730200033904,0.433,0.398107,0.630957,0.0768,0.05,0.1,0.737,0.7,0.8,0.154,0.00733,0.0,1.0,True,0.01,0.95,10.0,39600.0,0.938,0.139
16588,1 - 1 - 2022,19800.0,18.110770276274835,17.78280067930808,23.713730200033904,0.627,0.398107,0.630957,0.0934,0.05,0.1,0.849,0.8,0.9,0.077,0.00519,0.0,1.0,True,0.01,0.95,10.0,39600.0,0.938,0.139
16589,1 - 1 - 2022,19800.0,18.138357147217054,17.78280067930808,23.713730200033904,0.612,0.398107,0.630957,0.0863,0.05,0.1,0.969,0.9,1.0,0.0771,0.00519,0.0,1.0,True,0.01,0.95,10.0,39600.0,0.938,0.139
16590,1 - 1 - 2022,19800.0,23.430749027719962,17.78280067930808,23.713730200033904,0.451,0.398107,0.630957,0.0523,0.05,0.1,1.03,1.0,1.5,0.0154,0.00104,0.0,1.0,True,0.01,0.95,10.0,39600.0,0.938,0.139
16591,1 - 1 - 2022,19800.0,22.891046284519195,17.78280067930808,23.713730200033904,0.571,0.398107,0.630957,0.107,0.1,0.15,0.297,0.2,0.3,0.077,0.00518,0.0,1.0,True,0.01,0.95,10.0,39600.0,0.938,0.139
16592,1 - 1 - 2022,19800.0,20.0,17.78280067930808,23.713730200033904,0.485,0.398107,0.630957,0.137,0.1,0.15,0.34,0.3,0.4,0.231,0.00898,0.0,1.0,True,0.01,0.95,10.0,39600.0,0.938,0.139
16593,1 - 1 - 2022,19800.0,20.566963801203133,17.78280067930808,23.713730200033904,0.523,0.398107,0.630957,0.122,0.1,0.15,0.44,0.4,0.5,0.231,0.00898,0.0,1.0,True,0.01,0.95,10.0,39600.0,0.938,0.139
16594,1 - 1 - 2022,19800.0,19.364916731037084,17.78280067930808,23.713730200033904,0.464,0.398107,0.630957,0.134,0.1,0.15,0.557,0.5,0.6,0.154,0.00733,0.0,1.0,True,0.01,0.95,10.0,39600.0,0.938,0.139
16595,1 - 1 - 2022,19800.0,19.467922333931785,17.78280067930808,23.713730200033904,0.608,0.398107,0.630957,0.107,0.1,0.15,0.663,0.6,0.7,0.077,0.00518,0.0,1.0,True,0.01,0.95,10.0,39600.0,0.938,0.139
16596,1 - 1 - 2022,19800.0,18.708286933869708,17.78280067930808,23.713730200033904,0.399,0.398107,0.630957,0.112,0.1,0.15,0.751,0.7,0.8,0.0771,0.00519,0.0,1.0,True,0.01,0.95,10.0,39600.0,0.938,0.139
16597,1 - 1 - 2022,19800.0,21.307275752662516,17.78280067930808,23.713730200033904,0.433,0.398107,0.630957,0.1,0.1,0.15,0.824,0.8,0.9,0.077,0.00518,0.0,1.0,True,0.01,0.95,10.0,39600.0,0.938,0.139
16598,1 - 1 - 2022,19800.0,19.849433241279208,17.78280067930808,23.713730200033904,0.475,0.398107,0.630957,0.149,0.1,0.15,0.968,0.9,1.0,0.077,0.00518,0.0,1.0,True,0.01,0.95,10.0,39600.0,0.938,0.139
16599,1 - 1 - 2022,19800.0,20.904544960366874,17.78280067930808,23.713730200033904,0.425,0.398107,0.630957,0.128,0.1,0.15,1.08,1.0,1.5,0.0462,0.0018,0.0,1.0,True,0.01,0.95,10.0,39600.0,0.938,0.139
16600,1 - 1 - 2022,19800.0,22.60530911091463,17.78280067930808,23.713730200033904,0.401,0.398107,0.630957,0.112,0.1,0.15,1.51,1.5,2.0,0.0154,0.00104,0.0,1.0,True,0.01,0.95,10.0,39600.0,0.938,0.139
16601,1 - 1 - 2022,19800.0,18.24828759089466,17.78280067930808,23.713730200033904,0.547,0.398107,0.630957,0.177,0.15,0.2,0.241,0.2,0.3,0.0771,0.00519,0.0,1.0,True,0.01,0.95,10.0,39600.0,0.938,0.139
16602,1 - 1 - 2022,19800.0,19.87460691435179,17.78280067930808,23.713730200033904,0.489,0.398107,0.630957,0.162,0.15,0.2,0.357,0.3,0.4,0.308,0.0104,0.0,1.0,True,0.01,0.95,10.0,39600.0,0.938,0.139
16603,1 - 1 - 2022,19800.0,17.97220075561143,17.78280067930808,23.713730200033904,0.446,0.398107,0.630957,0.176,0.15,0.2,0.429,0.4,0.5,0.154,0.00733,0.0,1.0,True,0.01,0.95,10.0,39600.0,0.938,0.139
16604,1 - 1 - 2022,19800.0,20.273134932713294,17.78280067930808,23.713730200033904,0.453,0.398107,0.630957,0.19,0.15,0.2,0.542,0.5,0.6,0.154,0.00733,0.0,1.0,True,0.01,0.95,10.0,39600.0,0.938,0.139
16605,1 - 1 - 2022,19800.0,21.071307505705477,17.78280067930808,23.713730200033904,0.508,0.398107,0.630957,0.165,0.15,0.2,0.637,0.6,0.7,0.154,0.00733,0.0,1.0,True,0.01,0.95,10.0,39600.0,0.938,0.139
16606,1 - 1 - 2022,19800.0,22.338307903688676,17.78280067930808,23.713730200033904,0.628,0.398107,0.630957,0.162,0.15,0.2,0.851,0.8,0.9,0.077,0.00518,0.0,1.0,True,0.01,0.95,10.0,39600.0,0.938,0.139
16607,1 - 1 - 2022,19800.0,20.42057785666214,17.78280067930808,23.713730200033904,0.492,0.398107,0.630957,0.173,0.15,0.2,1.16,1.0,1.5,0.0616,0.00207,0.0,1.0,True,0.01,0.95,10.0,39600.0,0.938,0.139
16608,1 - 1 - 2022,19800.0,22.20360331117452,17.78280067930808,23.713730200033904,0.421,0.398107,0.630957,0.221,0.2,0.25,0.119,0.1,0.2,0.077,0.00518,0.0,1.0,True,0.01,0.95,10.0,39600.0,0.938,0.139
16609,1 - 1 - 2022,19800.0,19.235384061671343,17.78280067930808,23.713730200033904,0.514,0.398107,0.630957,0.216,0.2,0.25,0.254,0.2,0.3,0.077,0.00519,0.0,1.0,True,0.01,0.95,10.0,39600.0,0.938,0.139
16610,1 - 1 - 2022,19800.0,18.16590212458495,17.78280067930808,23.713730200033904,0.576,0.398107,0.630957,0.23,0.2,0.25,0.319,0.3,0.4,0.077,0.00518,0.0,1.0,True,0.01,0.95,10.0,39600.0,0.938,0.139
16611,1 - 1 - 2022,19800.0,18.57417562100671,17.78280067930808,23.713730200033904,0.42,0.398107,0.630957,0.224,0.2,0.25,0.486,0.4,0.5,0.077,0.00518,0.0,1.0,True,0.01,0.95,10.0,39600.0,0.938,0.139
16612,1 - 1 - 2022,19800.0,19.621416870348583,17.78280067930808,23.713730200033904,0.448,0.398107,0.630957,0.225,0.2,0.25,0.571,0.5,0.6,0.154,0.00733,0.0,1.0,True,0.01,0.95,10.0,39600.0,0.938,0.139
16613,1 - 1 - 2022,19800.0,20.92844953645635,17.78280067930808,23.713730200033904,0.517,0.398107,0.630957,0.239,0.2,0.25,1.11,1.0,1.5,0.0308,0.00147,0.0,1.0,True,0.01,0.95,10.0,39600.0,0.938,0.139
16614,1 - 1 - 2022,19800.0,18.193405398660254,17.78280067930808,23.713730200033904,0.525,0.398107,0.630957,0.29,0.25,0.3,0.638,0.6,0.7,0.077,0.00518,0.0,1.0,True,0.01,0.95,10.0,39600.0,0.938,0.139
16615,1 - 1 - 2022,19800.0,19.183326093250876,17.78280067930808,23.713730200033904,0.454,0.398107,0.630957,0.278,0.25,0.3,0.844,0.8,0.9,0.0771,0.00519,0.0,1.0,True,0.01,0.95,10.0,39600.0,0.938,0.139
16616,1 - 1 - 2022,19800.0,18.973665961010276,17.78280067930808,23.713730200033904,0.617,0.398107,0.630957,0.286,0.25,0.3,0.953,0.9,1.0,0.0771,0.00519,0.0,1.0,True,0.01,0.95,10.0,39600.0,0.938,0.139
16617,1 - 1 - 2022,19800.0,21.863211109075447,17.78280067930808,23.713730200033904,0.432,0.398107,0.630957,0.275,0.25,0.3,1.17,1.0,1.5,0.0154,0.00104,0.0,1.0,True,0.01,0.95,10.0,39600.0,0.938,0.139
16618,1 - 1 - 2022,19800.0,18.027756377319946,17.78280067930808,23.713730200033904,0.435,0.398107,0.630957,0.348,0.3,0.4,0.129,0.1,0.2,0.0385,0.00259,0.0,1.0,True,0.01,0.95,10.0,39600.0,0.938,0.139
16619,1 - 1 - 2022,19800.0,21.517434791350013,17.78280067930808,23.713730200033904,0.475,0.398107,0.630957,0.338,0.3,0.4,0.306,0.3,0.4,0.077,0.00367,0.0,1.0,True,0.01,0.95,10.0,39600.0,0.938,0.139
16620,1 - 1 - 2022,19800.0,23.515952032609693,17.78280067930808,23.713730200033904,0.491,0.398107,0.630957,0.382,0.3,0.4,0.496,0.4,0.5,0.0385,0.00259,0.0,1.0,True,0.01,0.95,10.0,39600.0,0.938,0.139
16621,1 - 1 - 2022,19800.0,17.88854381999832,17.78280067930808,23.713730200033904,0.517,0.398107,0.630957,0.316,0.3,0.4,0.52,0.5,0.6,0.0385,0.00259,0.0,1.0,True,0.01,0.95,10.0,39600.0,0.938,0.139
16622,1 - 1 - 2022,19800.0,22.64950330581225,17.78280067930808,23.713730200033904,0.477,0.398107,0.630957,0.373,0.3,0.4,0.973,0.9,1.0,0.0385,0.00259,0.0,1.0,True,0.01,0.95,10.0,39600.0,0.938,0.139
16623,1 - 1 - 2022,19800.0,21.633307652783937,17.78280067930808,23.713730200033904,0.494,0.398107,0.630957,0.474,0.4,0.5,0.139,0.1,0.2,0.0385,0.00259,0.0,1.0,True,0.01,0.95,10.0,39600.0,0.938,0.139
16624,1 - 1 - 2022,19800.0,21.37755832643195,17.78280067930808,23.713730200033904,0.493,0.398107,0.630957,0.456,0.4,0.5,0.512,0.5,0.6,0.0385,0.00259,0.0,1.0,True,0.01,0.95,10.0,39600.0,0.938,0.139
16625,1 - 1 - 2022,19800.0,21.77154105707724,17.78280067930808,23.713730200033904,0.44,0.398107,0.630957,0.524,0.5,0.6,0.389,0.3,0.4,0.0385,0.00259,0.0,1.0,True,0.01,0.95,10.0,39600.0,0.938,0.139
16626,1 - 1 - 2022,19800.0,21.400934559032695,17.78280067930808,23.713730200033904,0.764,0.630957,1.0,0.0423,0.0,0.05,0.292,0.2,0.3,0.0486,0.00327,0.0,1.0,True,0.01,0.95,10.0,39600.0,0.938,0.139
16627,1 - 1 - 2022,19800.0,19.82422760159901,17.78280067930808,23.713730200033904,0.633,0.630957,1.0,0.0983,0.05,0.1,0.325,0.3,0.4,0.0486,0.00327,0.0,1.0,True,0.01,0.95,10.0,39600.0,0.938,0.139
16628,1 - 1 - 2022,19800.0,20.688160865577203,17.78280067930808,23.713730200033904,0.693,0.630957,1.0,0.0692,0.05,0.1,0.654,0.6,0.7,0.0486,0.00327,0.0,1.0,True,0.01,0.95,10.0,39600.0,0.938,0.139
16629,1 - 1 - 2022,19800.0,23.388031127053,17.78280067930808,23.713730200033904,0.752,0.630957,1.0,0.109,0.1,0.15,0.166,0.1,0.2,0.0486,0.00327,0.0,1.0,True,0.01,0.95,10.0,39600.0,0.938,0.139
16630,1 - 1 - 2022,19800.0,18.76166303929372,17.78280067930808,23.713730200033904,0.846,0.630957,1.0,0.142,0.1,0.15,0.363,0.3,0.4,0.0486,0.00327,0.0,1.0,True,0.01,0.95,10.0,39600.0,0.938,0.139
16631,1 - 1 - 2022,19800.0,24.454038521274967,23.713730200033904,31.622776601683793,0.0377,0.0251189,0.0398107,0.00749,0.0,0.05,0.164,0.1,0.2,3.43,0.103,2.06,1.0,True,0.01,0.95,10.0,39600.0,0.938,0.139
16632,1 - 1 - 2022,19800.0,24.819347291981714,23.713730200033904,31.622776601683793,0.0363,0.0251189,0.0398107,0.00995,0.0,0.05,0.246,0.2,0.3,8.24,0.16,6.87,1.0,True,0.01,0.95,10.0,39600.0,0.938,0.139
16633,1 - 1 - 2022,19800.0,24.657656011875904,23.713730200033904,31.622776601683793,0.0354,0.0251189,0.0398107,0.00874,0.0,0.05,0.364,0.3,0.4,6.86,0.146,4.81,1.0,True,0.01,0.95,10.0,39600.0,0.938,0.139
16634,1 - 1 - 2022,19800.0,24.454038521274967,23.713730200033904,31.622776601683793,0.0351,0.0251189,0.0398107,0.00842,0.0,0.05,0.455,0.4,0.5,8.24,0.16,5.49,1.0,True,0.01,0.95,10.0,39600.0,0.938,0.139
16635,1 - 1 - 2022,19800.0,25.298221281347036,23.713730200033904,31.622776601683793,0.0367,0.0251189,0.0398107,0.00745,0.0,0.05,0.543,0.5,0.6,7.55,0.153,2.06,1.0,True,0.01,0.95,10.0,39600.0,0.938,0.139
16636,1 - 1 - 2022,19800.0,24.474476501040833,23.713730200033904,31.622776601683793,0.0333,0.0251189,0.0398107,0.0266,0.0,0.05,0.638,0.6,0.7,3.43,0.103,1.37,1.0,True,0.01,0.95,10.0,39600.0,0.938,0.139
16637,1 - 1 - 2022,19800.0,25.475478405713993,23.713730200033904,31.622776601683793,0.0386,0.0251189,0.0398107,0.0252,0.0,0.05,0.733,0.7,0.8,2.75,0.0924,1.37,1.0,True,0.01,0.95,10.0,39600.0,0.938,0.139
16638,1 - 1 - 2022,19800.0,24.1039415863879,23.713730200033904,31.622776601683793,0.037,0.0251189,0.0398107,0.014,0.0,0.05,0.85,0.8,0.9,2.75,0.0924,0.687,1.0,True,0.01,0.95,10.0,39600.0,0.938,0.139
16639,1 - 1 - 2022,19800.0,24.20743687382041,23.713730200033904,31.622776601683793,0.0349,0.0251189,0.0398107,0.0156,0.0,0.05,0.93,0.9,1.0,2.75,0.0924,1.37,1.0,True,0.01,0.95,10.0,39600.0,0.938,0.139
16640,1 - 1 - 2022,19800.0,24.919871588754223,23.713730200033904,31.622776601683793,0.0364,0.0251189,0.0398107,0.0278,0.0,0.05,1.27,1.0,1.5,0.961,0.0245,0.0,1.0,True,0.01,0.95,10.0,39600.0,0.938,0.139
16641,1 - 1 - 2022,19800.0,24.145392935299274,23.713730200033904,31.622776601683793,0.0388,0.0251189,0.0398107,0.0212,0.0,0.05,2.63,2.0,4.0,0.0687,0.00327,0.0,1.0,True,0.01,0.95,10.0,39600.0,0.938,0.139
16642,1 - 1 - 2022,19800.0,24.576411454889016,23.713730200033904,31.622776601683793,0.0388,0.0251189,0.0398107,0.0651,0.05,0.1,0.147,0.1,0.2,0.687,0.0462,0.0,1.0,True,0.01,0.95,10.0,39600.0,0.938,0.139
16643,1 - 1 - 2022,19800.0,24.55605831561735,23.713730200033904,31.622776601683793,0.0343,0.0251189,0.0398107,0.0538,0.05,0.1,0.381,0.3,0.4,1.37,0.0654,0.687,1.0,True,0.01,0.95,10.0,39600.0,0.938,0.139
16644,1 - 1 - 2022,19800.0,23.853720883753127,23.713730200033904,31.622776601683793,0.0353,0.0251189,0.0398107,0.0785,0.05,0.1,0.464,0.4,0.5,1.37,0.0653,0.686,1.0,True,0.01,0.95,10.0,39600.0,0.938,0.139
16645,1 - 1 - 2022,19800.0,24.55605831561735,23.713730200033904,31.622776601683793,0.0355,0.0251189,0.0398107,0.0628,0.05,0.1,0.846,0.8,0.9,1.37,0.0654,0.687,1.0,True,0.01,0.95,10.0,39600.0,0.938,0.139
16646,1 - 1 - 2022,19800.0,23.790754506740637,23.713730200033904,31.622776601683793,0.0393,0.0251189,0.0398107,0.058,0.05,0.1,0.972,0.9,1.0,0.686,0.0462,0.0,1.0,True,0.01,0.95,10.0,39600.0,0.938,0.139
16647,1 - 1 - 2022,19800.0,24.939927826679853,23.713730200033904,31.622776601683793,0.0363,0.0251189,0.0398107,0.0758,0.05,0.1,1.14,1.0,1.5,0.961,0.0245,0.0,1.0,True,0.01,0.95,10.0,39600.0,0.938,0.139
16648,1 - 1 - 2022,19800.0,25.495097567963924,23.713730200033904,31.622776601683793,0.0383,0.0251189,0.0398107,0.0857,0.05,0.1,1.76,1.5,2.0,0.275,0.0131,0.0,1.0,True,0.01,0.95,10.0,39600.0,0.938,0.139
16649,1 - 1 - 2022,19800.0,23.979157616563597,23.713730200033904,31.622776601683793,0.0327,0.0251189,0.0398107,0.0509,0.05,0.1,2.11,2.0,4.0,0.0343,0.00231,0.0,1.0,True,0.01,0.95,10.0,39600.0,0.938,0.139
16650,1 - 1 - 2022,19800.0,24.859605789312106,23.713730200033904,31.622776601683793,0.0359,0.0251189,0.0398107,0.127,0.1,0.15,0.215,0.2,0.3,1.37,0.0654,0.0,1.0,True,0.01,0.95,10.0,39600.0,0.938,0.139
16651,1 - 1 - 2022,19800.0,24.71841418861655,23.713730200033904,31.622776601683793,0.0348,0.0251189,0.0398107,0.124,0.1,0.15,0.332,0.3,0.4,0.686,0.0462,0.0,1.0,True,0.01,0.95,10.0,39600.0,0.938,0.139
16652,1 - 1 - 2022,19800.0,25.787593916455254,23.713730200033904,31.622776601683793,0.0374,0.0251189,0.0398107,0.114,0.1,0.15,0.916,0.9,1.0,0.687,0.0462,0.0,1.0,True,0.01,0.95,10.0,39600.0,0.938,0.139
16653,1 - 1 - 2022,19800.0,25.787593916455254,23.713730200033904,31.622776601683793,0.0378,0.0251189,0.0398107,0.137,0.1,0.15,1.35,1.0,1.5,0.137,0.00924,0.0,1.0,True,0.01,0.95,10.0,39600.0,0.938,0.139
16654,1 - 1 - 2022,19800.0,23.853720883753127,23.713730200033904,31.622776601683793,0.0347,0.0251189,0.0398107,0.124,0.1,0.15,2.25,2.0,4.0,0.0343,0.00231,0.0,1.0,True,0.01,0.95,10.0,39600.0,0.938,0.139
16655,1 - 1 - 2022,19800.0,25.0,23.713730200033904,31.622776601683793,0.0381,0.0251189,0.0398107,0.162,0.15,0.2,0.292,0.2,0.3,0.686,0.0462,0.0,1.0,True,0.01,0.95,10.0,39600.0,0.938,0.139
16656,1 - 1 - 2022,19800.0,25.059928172283335,23.713730200033904,31.622776601683793,0.0347,0.0251189,0.0398107,0.197,0.15,0.2,0.421,0.4,0.5,0.687,0.0462,0.0,1.0,True,0.01,0.95,10.0,39600.0,0.938,0.139
16657,1 - 1 - 2022,19800.0,23.769728648009426,23.713730200033904,31.622776601683793,0.037,0.0251189,0.0398107,0.191,0.15,0.2,1.15,1.0,1.5,0.137,0.00924,0.0,1.0,True,0.01,0.95,10.0,39600.0,0.938,0.139
16658,1 - 1 - 2022,19800.0,25.632011235952593,23.713730200033904,31.622776601683793,0.038,0.0251189,0.0398107,0.204,0.2,0.25,0.355,0.3,0.4,0.687,0.0462,0.0,1.0,True,0.01,0.95,10.0,39600.0,0.938,0.139
16659,1 - 1 - 2022,19800.0,24.55605831561735,23.713730200033904,31.622776601683793,0.0333,0.0251189,0.0398107,0.206,0.2,0.25,0.495,0.4,0.5,0.686,0.0462,0.0,1.0,True,0.01,0.95,10.0,39600.0,0.938,0.139
16660,1 - 1 - 2022,19800.0,27.712812921102035,23.713730200033904,31.622776601683793,0.0569,0.0398107,0.0630957,0.0251,0.0,0.05,0.0287,0.0,0.05,2.6,0.101,1.73,1.0,True,0.01,0.95,10.0,39600.0,0.938,0.139
16661,1 - 1 - 2022,19800.0,25.25866188063018,23.713730200033904,31.622776601683793,0.0515,0.0398107,0.0630957,0.0248,0.0,0.05,0.0763,0.05,0.1,7.8,0.175,5.2,1.0,True,0.01,0.95,10.0,39600.0,0.938,0.139
16662,1 - 1 - 2022,19800.0,26.38181191654584,23.713730200033904,31.622776601683793,0.0521,0.0398107,0.0630957,0.0137,0.0,0.05,0.152,0.1,0.2,16.5,0.18,12.1,1.0,True,0.01,0.95,10.0,39600.0,0.938,0.139
16663,1 - 1 - 2022,19800.0,26.92582403567252,23.713730200033904,31.622776601683793,0.0521,0.0398107,0.0630957,0.0147,0.0,0.05,0.25,0.2,0.3,22.5,0.21,14.7,1.0,True,0.01,0.95,10.0,39600.0,0.938,0.139
16664,1 - 1 - 2022,19800.0,26.570660511172846,23.713730200033904,31.622776601683793,0.0521,0.0398107,0.0630957,0.0131,0.0,0.05,0.349,0.3,0.4,18.2,0.189,9.96,1.0,True,0.01,0.95,10.0,39600.0,0.938,0.139
16665,1 - 1 - 2022,19800.0,26.476404589747453,23.713730200033904,31.622776601683793,0.0507,0.0398107,0.0630957,0.0183,0.0,0.05,0.446,0.4,0.5,20.8,0.202,10.4,1.0,True,0.01,0.95,10.0,39600.0,0.938,0.139
16666,1 - 1 - 2022,19800.0,27.055498516937366,23.713730200033904,31.622776601683793,0.0521,0.0398107,0.0630957,0.015,0.0,0.05,0.538,0.5,0.6,17.3,0.184,9.1,1.0,True,0.01,0.95,10.0,39600.0,0.938,0.139
16667,1 - 1 - 2022,19800.0,26.627053911388696,23.713730200033904,31.622776601683793,0.051,0.0398107,0.0630957,0.0131,0.0,0.05,0.649,0.6,0.7,9.1,0.134,2.6,1.0,True,0.01,0.95,10.0,39600.0,0.938,0.139
16668,1 - 1 - 2022,19800.0,27.147743920996454,23.713730200033904,31.622776601683793,0.0508,0.0398107,0.0630957,0.0124,0.0,0.05,0.749,0.7,0.8,9.1,0.134,2.17,1.0,True,0.01,0.95,10.0,39600.0,0.938,0.139
16669,1 - 1 - 2022,19800.0,26.229754097208,23.713730200033904,31.622776601683793,0.049,0.0398107,0.0630957,0.0228,0.0,0.05,0.853,0.8,0.9,7.37,0.12,1.73,1.0,True,0.01,0.95,10.0,39600.0,0.938,0.139
16670,1 - 1 - 2022,19800.0,27.367864366808018,23.713730200033904,31.622776601683793,0.0533,0.0398107,0.0630957,0.0209,0.0,0.05,0.951,0.9,1.0,5.63,0.105,2.17,1.0,True,0.01,0.95,10.0,39600.0,0.938,0.139
16671,1 - 1 - 2022,19800.0,26.664583251946766,23.713730200033904,31.622776601683793,0.0532,0.0398107,0.0630957,0.0194,0.0,0.05,1.17,1.0,1.5,2.51,0.0314,0.173,1.0,True,0.01,0.95,10.0,39600.0,0.938,0.139
16672,1 - 1 - 2022,19800.0,26.362852652928137,23.713730200033904,31.622776601683793,0.0505,0.0398107,0.0630957,0.0264,0.0,0.05,1.75,1.5,2.0,0.866,0.0184,0.0,1.0,True,0.01,0.95,10.0,39600.0,0.938,0.139
16673,1 - 1 - 2022,19800.0,27.349588662354687,23.713730200033904,31.622776601683793,0.0497,0.0398107,0.0630957,0.029,0.0,0.05,2.63,2.0,4.0,0.13,0.00357,0.0,1.0,True,0.01,0.95,10.0,39600.0,0.938,0.139
16674,1 - 1 - 2022,19800.0,25.219040425836983,23.713730200033904,31.622776601683793,0.0479,0.0398107,0.0630957,0.0869,0.05,0.1,0.154,0.1,0.2,2.17,0.0652,0.0,1.0,True,0.01,0.95,10.0,39600.0,0.938,0.139
16675,1 - 1 - 2022,19800.0,26.362852652928137,23.713730200033904,31.622776601683793,0.0547,0.0398107,0.0630957,0.0681,0.05,0.1,0.24,0.2,0.3,3.47,0.0825,0.0,1.0,True,0.01,0.95,10.0,39600.0,0.938,0.139
16676,1 - 1 - 2022,19800.0,27.80287754891569,23.713730200033904,31.622776601683793,0.0545,0.0398107,0.0630957,0.0762,0.05,0.1,0.378,0.3,0.4,0.866,0.0412,0.433,1.0,True,0.01,0.95,10.0,39600.0,0.938,0.139
16677,1 - 1 - 2022,19800.0,26.962937525425527,23.713730200033904,31.622776601683793,0.0527,0.0398107,0.0630957,0.0687,0.05,0.1,0.446,0.4,0.5,5.2,0.101,1.73,1.0,True,0.01,0.95,10.0,39600.0,0.938,0.139
16678,1 - 1 - 2022,19800.0,27.40437921208944,23.713730200033904,31.622776601683793,0.0541,0.0398107,0.0630957,0.0741,0.05,0.1,0.538,0.5,0.6,4.33,0.0922,0.866,1.0,True,0.01,0.95,10.0,39600.0,0.938,0.139
16679,1 - 1 - 2022,19800.0,26.210684844162312,23.713730200033904,31.622776601683793,0.0501,0.0398107,0.0630957,0.0729,0.05,0.1,0.652,0.6,0.7,5.2,0.101,1.73,1.0,True,0.01,0.95,10.0,39600.0,0.938,0.139
16680,1 - 1 - 2022,19800.0,25.475478405713993,23.713730200033904,31.622776601683793,0.0518,0.0398107,0.0630957,0.0684,0.05,0.1,0.755,0.7,0.8,2.6,0.0714,0.433,1.0,True,0.01,0.95,10.0,39600.0,0.938,0.139
16681,1 - 1 - 2022,19800.0,26.70205984563738,23.713730200033904,31.622776601683793,0.0501,0.0398107,0.0630957,0.0702,0.05,0.1,0.847,0.8,0.9,3.03,0.0772,0.0,1.0,True,0.01,0.95,10.0,39600.0,0.938,0.139
16682,1 - 1 - 2022,19800.0,27.53179979587241,23.713730200033904,31.622776601683793,0.0518,0.0398107,0.0630957,0.0747,0.05,0.1,0.931,0.9,1.0,1.3,0.0505,0.866,1.0,True,0.01,0.95,10.0,39600.0,0.938,0.139
16683,1 - 1 - 2022,19800.0,26.570660511172846,23.713730200033904,31.622776601683793,0.0548,0.0398107,0.0630957,0.076,0.05,0.1,1.19,1.0,1.5,0.52,0.0143,0.0,1.0,True,0.01,0.95,10.0,39600.0,0.938,0.139
16684,1 - 1 - 2022,19800.0,26.49528259898354,23.713730200033904,31.622776601683793,0.0555,0.0398107,0.0630957,0.0766,0.05,0.1,1.68,1.5,2.0,0.173,0.00825,0.0866,1.0,True,0.01,0.95,10.0,39600.0,0.938,0.139
16685,1 - 1 - 2022,19800.0,26.77685567799177,23.713730200033904,31.622776601683793,0.0511,0.0398107,0.0630957,0.0736,0.05,0.1,2.77,2.0,4.0,0.238,0.00484,0.0867,1.0,True,0.01,0.95,10.0,39600.0,0.938,0.139
16686,1 - 1 - 2022,19800.0,26.962937525425527,23.713730200033904,31.622776601683793,0.0512,0.0398107,0.0630957,0.108,0.1,0.15,0.184,0.1,0.2,1.3,0.0505,0.0,1.0,True,0.01,0.95,10.0,39600.0,0.938,0.139
16687,1 - 1 - 2022,19800.0,27.2213151776324,23.713730200033904,31.622776601683793,0.0516,0.0398107,0.0630957,0.122,0.1,0.15,0.264,0.2,0.3,2.6,0.0714,0.0,1.0,True,0.01,0.95,10.0,39600.0,0.938,0.139
16688,1 - 1 - 2022,19800.0,26.720778431774775,23.713730200033904,31.622776601683793,0.0524,0.0398107,0.0630957,0.123,0.1,0.15,0.351,0.3,0.4,4.33,0.0922,0.0,1.0,True,0.01,0.95,10.0,39600.0,0.938,0.139
16689,1 - 1 - 2022,19800.0,26.267851073127396,23.713730200033904,31.622776601683793,0.0517,0.0398107,0.0630957,0.119,0.1,0.15,0.461,0.4,0.5,1.3,0.0505,0.0,1.0,True,0.01,0.95,10.0,39600.0,0.938,0.139
16690,1 - 1 - 2022,19800.0,28.61817604250837,23.713730200033904,31.622776601683793,0.0522,0.0398107,0.0630957,0.108,0.1,0.15,0.564,0.5,0.6,2.17,0.0652,0.0,1.0,True,0.01,0.95,10.0,39600.0,0.938,0.139
16691,1 - 1 - 2022,19800.0,26.362852652928137,23.713730200033904,31.622776601683793,0.0557,0.0398107,0.0630957,0.119,0.1,0.15,0.665,0.6,0.7,1.3,0.0505,0.0,1.0,True,0.01,0.95,10.0,39600.0,0.938,0.139
16692,1 - 1 - 2022,19800.0,25.11971337416094,23.713730200033904,31.622776601683793,0.048,0.0398107,0.0630957,0.125,0.1,0.15,0.824,0.8,0.9,1.3,0.0505,0.0,1.0,True,0.01,0.95,10.0,39600.0,0.938,0.139
16693,1 - 1 - 2022,19800.0,25.39685019840059,23.713730200033904,31.622776601683793,0.0506,0.0398107,0.0630957,0.122,0.1,0.15,1.26,1.0,1.5,0.52,0.0143,0.0867,1.0,True,0.01,0.95,10.0,39600.0,0.938,0.139
16694,1 - 1 - 2022,19800.0,28.284271247461902,23.713730200033904,31.622776601683793,0.0548,0.0398107,0.0630957,0.107,0.1,0.15,1.71,1.5,2.0,0.173,0.00825,0.0,1.0,True,0.01,0.95,10.0,39600.0,0.938,0.139
16695,1 - 1 - 2022,19800.0,25.80697580112788,23.713730200033904,31.622776601683793,0.049,0.0398107,0.0630957,0.125,0.1,0.15,2.84,2.0,4.0,0.0867,0.00292,0.0,1.0,True,0.01,0.95,10.0,39600.0,0.938,0.139
16696,1 - 1 - 2022,19800.0,27.820855486487112,23.713730200033904,31.622776601683793,0.061,0.0398107,0.0630957,0.196,0.15,0.2,0.0606,0.05,0.1,0.867,0.0583,0.0,1.0,True,0.01,0.95,10.0,39600.0,0.938,0.139
16697,1 - 1 - 2022,19800.0,24.351591323771842,23.713730200033904,31.622776601683793,0.0495,0.0398107,0.0630957,0.175,0.15,0.2,0.112,0.1,0.2,0.433,0.0292,0.0,1.0,True,0.01,0.95,10.0,39600.0,0.938,0.139
16698,1 - 1 - 2022,19800.0,28.284271247461902,23.713730200033904,31.622776601683793,0.0455,0.0398107,0.0630957,0.153,0.15,0.2,0.224,0.2,0.3,0.433,0.0291,0.0,1.0,True,0.01,0.95,10.0,39600.0,0.938,0.139
16699,1 - 1 - 2022,19800.0,25.88435821108957,23.713730200033904,31.622776601683793,0.0493,0.0398107,0.0630957,0.196,0.15,0.2,0.344,0.3,0.4,1.3,0.0505,0.0,1.0,True,0.01,0.95,10.0,39600.0,0.938,0.139
16700,1 - 1 - 2022,19800.0,28.319604517012593,23.713730200033904,31.622776601683793,0.05,0.0398107,0.0630957,0.158,0.15,0.2,0.437,0.4,0.5,0.867,0.0412,0.0,1.0,True,0.01,0.95,10.0,39600.0,0.938,0.139
16701,1 - 1 - 2022,19800.0,25.768197453450252,23.713730200033904,31.622776601683793,0.0531,0.0398107,0.0630957,0.172,0.15,0.2,0.528,0.5,0.6,1.3,0.0505,0.0,1.0,True,0.01,0.95,10.0,39600.0,0.938,0.139
16702,1 - 1 - 2022,19800.0,27.27636339397171,23.713730200033904,31.622776601683793,0.0458,0.0398107,0.0630957,0.176,0.15,0.2,0.67,0.6,0.7,0.866,0.0412,0.0,1.0,True,0.01,0.95,10.0,39600.0,0.938,0.139
16703,1 - 1 - 2022,19800.0,26.720778431774775,23.713730200033904,31.622776601683793,0.0458,0.0398107,0.0630957,0.179,0.15,0.2,0.731,0.7,0.8,0.866,0.0412,0.0,1.0,True,0.01,0.95,10.0,39600.0,0.938,0.139
16704,1 - 1 - 2022,19800.0,27.49545416973504,23.713730200033904,31.622776601683793,0.0501,0.0398107,0.0630957,0.176,0.15,0.2,0.837,0.8,0.9,2.17,0.0652,0.0,1.0,True,0.01,0.95,10.0,39600.0,0.938,0.139
16705,1 - 1 - 2022,19800.0,25.942243542145693,23.713730200033904,31.622776601683793,0.0471,0.0398107,0.0630957,0.175,0.15,0.2,1.28,1.0,1.5,0.347,0.0117,0.0,1.0,True,0.01,0.95,10.0,39600.0,0.938,0.139
16706,1 - 1 - 2022,19800.0,26.92582403567252,23.713730200033904,31.622776601683793,0.0485,0.0398107,0.0630957,0.177,0.15,0.2,1.71,1.5,2.0,0.347,0.0117,0.0,1.0,True,0.01,0.95,10.0,39600.0,0.938,0.139
16707,1 - 1 - 2022,19800.0,27.313000567495326,23.713730200033904,31.622776601683793,0.0518,0.0398107,0.0630957,0.165,0.15,0.2,3.02,2.0,4.0,0.065,0.00253,0.0217,1.0,True,0.01,0.95,10.0,39600.0,0.938,0.139
16708,1 - 1 - 2022,19800.0,26.324893162176366,23.713730200033904,31.622776601683793,0.0521,0.0398107,0.0630957,0.228,0.2,0.25,0.14,0.1,0.2,0.866,0.0412,0.0,1.0,True,0.01,0.95,10.0,39600.0,0.938,0.139
16709,1 - 1 - 2022,19800.0,30.740852297878796,23.713730200033904,31.622776601683793,0.0575,0.0398107,0.0630957,0.223,0.2,0.25,0.238,0.2,0.3,0.867,0.0412,0.0,1.0,True,0.01,0.95,10.0,39600.0,0.938,0.139
16710,1 - 1 - 2022,19800.0,24.269322199023193,23.713730200033904,31.622776601683793,0.0404,0.0398107,0.0630957,0.248,0.2,0.25,0.354,0.3,0.4,0.433,0.0292,0.0,1.0,True,0.01,0.95,10.0,39600.0,0.938,0.139
16711,1 - 1 - 2022,19800.0,26.419689627245813,23.713730200033904,31.622776601683793,0.0486,0.0398107,0.0630957,0.227,0.2,0.25,0.452,0.4,0.5,1.73,0.0583,0.433,1.0,True,0.01,0.95,10.0,39600.0,0.938,0.139
16712,1 - 1 - 2022,19800.0,28.635642126552707,23.713730200033904,31.622776601683793,0.0501,0.0398107,0.0630957,0.235,0.2,0.25,0.562,0.5,0.6,0.866,0.0412,0.433,1.0,True,0.01,0.95,10.0,39600.0,0.938,0.139
16713,1 - 1 - 2022,19800.0,27.640549922170507,23.713730200033904,31.622776601683793,0.0539,0.0398107,0.0630957,0.216,0.2,0.25,0.627,0.6,0.7,1.3,0.0505,0.0,1.0,True,0.01,0.95,10.0,39600.0,0.938,0.139
16714,1 - 1 - 2022,19800.0,30.298514815086232,23.713730200033904,31.622776601683793,0.057,0.0398107,0.0630957,0.217,0.2,0.25,0.748,0.7,0.8,0.867,0.0412,0.433,1.0,True,0.01,0.95,10.0,39600.0,0.938,0.139
16715,1 - 1 - 2022,19800.0,26.739483914241877,23.713730200033904,31.622776601683793,0.0495,0.0398107,0.0630957,0.216,0.2,0.25,0.903,0.9,1.0,0.433,0.0292,0.0,1.0,True,0.01,0.95,10.0,39600.0,0.938,0.139
16716,1 - 1 - 2022,19800.0,27.820855486487112,23.713730200033904,31.622776601683793,0.0555,0.0398107,0.0630957,0.221,0.2,0.25,1.11,1.0,1.5,0.173,0.00825,0.0,1.0,True,0.01,0.95,10.0,39600.0,0.938,0.139
16717,1 - 1 - 2022,19800.0,26.49528259898354,23.713730200033904,31.622776601683793,0.0478,0.0398107,0.0630957,0.267,0.25,0.3,0.331,0.3,0.4,1.3,0.0505,0.433,1.0,True,0.01,0.95,10.0,39600.0,0.938,0.139
16718,1 - 1 - 2022,19800.0,27.712812921102035,23.713730200033904,31.622776601683793,0.0779,0.0630957,0.1,0.0274,0.0,0.05,0.0318,0.0,0.05,2.19,0.0736,0.547,1.0,True,0.01,0.95,10.0,39600.0,0.938,0.139
16719,1 - 1 - 2022,19800.0,27.83882181415011,23.713730200033904,31.622776601683793,0.0818,0.0630957,0.1,0.0203,0.0,0.05,0.0695,0.05,0.1,4.37,0.104,3.83,1.0,True,0.01,0.95,10.0,39600.0,0.938,0.139
16720,1 - 1 - 2022,19800.0,27.03701166919155,23.713730200033904,31.622776601683793,0.0814,0.0630957,0.1,0.0107,0.0,0.05,0.15,0.1,0.2,7.65,0.0974,4.37,1.0,True,0.01,0.95,10.0,39600.0,0.938,0.139
16721,1 - 1 - 2022,19800.0,27.313000567495326,23.713730200033904,31.622776601683793,0.0787,0.0630957,0.1,0.0167,0.0,0.05,0.247,0.2,0.3,16.1,0.141,8.75,1.0,True,0.01,0.95,10.0,39600.0,0.938,0.139
16722,1 - 1 - 2022,19800.0,26.30589287593181,23.713730200033904,31.622776601683793,0.0815,0.0630957,0.1,0.0165,0.0,0.05,0.344,0.3,0.4,11.8,0.121,4.1,1.0,True,0.01,0.95,10.0,39600.0,0.938,0.139
16723,1 - 1 - 2022,19800.0,27.294688127912362,23.713730200033904,31.622776601683793,0.0773,0.0630957,0.1,0.0167,0.0,0.05,0.447,0.4,0.5,13.7,0.13,6.29,1.0,True,0.01,0.95,10.0,39600.0,0.938,0.139
16724,1 - 1 - 2022,19800.0,26.77685567799177,23.713730200033904,31.622776601683793,0.0811,0.0630957,0.1,0.015,0.0,0.05,0.548,0.5,0.6,11.5,0.119,3.28,1.0,True,0.01,0.95,10.0,39600.0,0.938,0.139
16725,1 - 1 - 2022,19800.0,27.40437921208944,23.713730200033904,31.622776601683793,0.0831,0.0630957,0.1,0.0191,0.0,0.05,0.643,0.6,0.7,9.84,0.11,4.37,1.0,True,0.01,0.95,10.0,39600.0,0.938,0.139
16726,1 - 1 - 2022,19800.0,26.514147167125703,23.713730200033904,31.622776601683793,0.078,0.0630957,0.1,0.0162,0.0,0.05,0.748,0.7,0.8,4.37,0.0736,1.37,1.0,True,0.01,0.95,10.0,39600.0,0.938,0.139
16727,1 - 1 - 2022,19800.0,27.23967694375247,23.713730200033904,31.622776601683793,0.0842,0.0630957,0.1,0.0202,0.0,0.05,0.863,0.8,0.9,4.65,0.0759,1.37,1.0,True,0.01,0.95,10.0,39600.0,0.938,0.139
16728,1 - 1 - 2022,19800.0,26.28687885618983,23.713730200033904,31.622776601683793,0.0817,0.0630957,0.1,0.0219,0.0,0.05,0.958,0.9,1.0,3.83,0.0688,0.273,1.0,True,0.01,0.95,10.0,39600.0,0.938,0.139
16729,1 - 1 - 2022,19800.0,27.964262908219126,23.713730200033904,31.622776601683793,0.0796,0.0630957,0.1,0.0191,0.0,0.05,1.16,1.0,1.5,1.8,0.0211,0.219,1.0,True,0.01,0.95,10.0,39600.0,0.938,0.139
16730,1 - 1 - 2022,19800.0,27.49545416973504,23.713730200033904,31.622776601683793,0.0859,0.0630957,0.1,0.0267,0.0,0.05,1.77,1.5,2.0,0.437,0.0104,0.0,1.0,True,0.01,0.95,10.0,39600.0,0.938,0.139
16731,1 - 1 - 2022,19800.0,27.073972741361768,23.713730200033904,31.622776601683793,0.0845,0.0630957,0.1,0.0284,0.0,0.05,2.48,2.0,4.0,0.041,0.00159,0.0,1.0,True,0.01,0.95,10.0,39600.0,0.938,0.139
16732,1 - 1 - 2022,19800.0,27.0,23.713730200033904,31.622776601683793,0.081,0.0630957,0.1,0.0591,0.05,0.1,0.0788,0.05,0.1,1.64,0.0637,0.0,1.0,True,0.01,0.95,10.0,39600.0,0.938,0.139
16733,1 - 1 - 2022,19800.0,28.653097563788805,23.713730200033904,31.622776601683793,0.0838,0.0630957,0.1,0.078,0.05,0.1,0.167,0.1,0.2,1.91,0.0487,0.0,1.0,True,0.01,0.95,10.0,39600.0,0.938,0.139
16734,1 - 1 - 2022,19800.0,26.70205984563738,23.713730200033904,31.622776601683793,0.0828,0.0630957,0.1,0.0726,0.05,0.1,0.254,0.2,0.3,2.46,0.0552,0.0,1.0,True,0.01,0.95,10.0,39600.0,0.938,0.139
16735,1 - 1 - 2022,19800.0,27.2213151776324,23.713730200033904,31.622776601683793,0.0858,0.0630957,0.1,0.0723,0.05,0.1,0.336,0.3,0.4,3.28,0.0637,0.0,1.0,True,0.01,0.95,10.0,39600.0,0.938,0.139
16736,1 - 1 - 2022,19800.0,26.68332812825267,23.713730200033904,31.622776601683793,0.0845,0.0630957,0.1,0.0723,0.05,0.1,0.457,0.4,0.5,2.19,0.052,0.0,1.0,True,0.01,0.95,10.0,39600.0,0.938,0.139
16737,1 - 1 - 2022,19800.0,27.055498516937366,23.713730200033904,31.622776601683793,0.0873,0.0630957,0.1,0.0663,0.05,0.1,0.553,0.5,0.6,1.91,0.0487,0.0,1.0,True,0.01,0.95,10.0,39600.0,0.938,0.139
16738,1 - 1 - 2022,19800.0,26.758176320519304,23.713730200033904,31.622776601683793,0.0788,0.0630957,0.1,0.0622,0.05,0.1,0.655,0.6,0.7,2.46,0.0552,0.273,1.0,True,0.01,0.95,10.0,39600.0,0.938,0.139
16739,1 - 1 - 2022,19800.0,26.514147167125703,23.713730200033904,31.622776601683793,0.0817,0.0630957,0.1,0.0683,0.05,0.1,0.738,0.7,0.8,3.55,0.0663,0.273,1.0,True,0.01,0.95,10.0,39600.0,0.938,0.139
16740,1 - 1 - 2022,19800.0,26.795522013948524,23.713730200033904,31.622776601683793,0.0836,0.0630957,0.1,0.0831,0.05,0.1,0.828,0.8,0.9,1.91,0.0487,0.0,1.0,True,0.01,0.95,10.0,39600.0,0.938,0.139
16741,1 - 1 - 2022,19800.0,25.298221281347036,23.713730200033904,31.622776601683793,0.0782,0.0630957,0.1,0.0813,0.05,0.1,0.956,0.9,1.0,1.64,0.0451,0.0,1.0,True,0.01,0.95,10.0,39600.0,0.938,0.139
16742,1 - 1 - 2022,19800.0,27.147743920996454,23.713730200033904,31.622776601683793,0.0841,0.0630957,0.1,0.0675,0.05,0.1,1.24,1.0,1.5,1.04,0.016,0.164,1.0,True,0.01,0.95,10.0,39600.0,0.938,0.139
16743,1 - 1 - 2022,19800.0,27.65863337187866,23.713730200033904,31.622776601683793,0.0793,0.0630957,0.1,0.0767,0.05,0.1,1.72,1.5,2.0,0.601,0.0122,0.109,1.0,True,0.01,0.95,10.0,39600.0,0.938,0.139
16744,1 - 1 - 2022,19800.0,27.53179979587241,23.713730200033904,31.622776601683793,0.0758,0.0630957,0.1,0.0719,0.05,0.1,2.3,2.0,4.0,0.109,0.0026,0.0,1.0,True,0.01,0.95,10.0,39600.0,0.938,0.139
16745,1 - 1 - 2022,19800.0,26.49528259898354,23.713730200033904,31.622776601683793,0.0827,0.0630957,0.1,0.129,0.1,0.15,0.079,0.05,0.1,1.09,0.052,0.0,1.0,True,0.01,0.95,10.0,39600.0,0.938,0.139
16746,1 - 1 - 2022,19800.0,26.49528259898354,23.713730200033904,31.622776601683793,0.0719,0.0630957,0.1,0.118,0.1,0.15,0.153,0.1,0.2,1.37,0.0411,0.0,1.0,True,0.01,0.95,10.0,39600.0,0.938,0.139
16747,1 - 1 - 2022,19800.0,26.570660511172846,23.713730200033904,31.622776601683793,0.079,0.0630957,0.1,0.129,0.1,0.15,0.264,0.2,0.3,1.64,0.0451,0.0,1.0,True,0.01,0.95,10.0,39600.0,0.938,0.139
16748,1 - 1 - 2022,19800.0,26.153393661244042,23.713730200033904,31.622776601683793,0.0763,0.0630957,0.1,0.124,0.1,0.15,0.368,0.3,0.4,1.09,0.0368,0.0,1.0,True,0.01,0.95,10.0,39600.0,0.938,0.139
16749,1 - 1 - 2022,19800.0,26.076809620810597,23.713730200033904,31.622776601683793,0.077,0.0630957,0.1,0.116,0.1,0.15,0.454,0.4,0.5,0.82,0.0319,0.0,1.0,True,0.01,0.95,10.0,39600.0,0.938,0.139
16750,1 - 1 - 2022,19800.0,27.694764848252458,23.713730200033904,31.622776601683793,0.0827,0.0630957,0.1,0.118,0.1,0.15,0.548,0.5,0.6,0.82,0.0319,0.0,1.0,True,0.01,0.95,10.0,39600.0,0.938,0.139
16751,1 - 1 - 2022,19800.0,23.811761799581316,23.713730200033904,31.622776601683793,0.0633,0.0630957,0.1,0.129,0.1,0.15,0.637,0.6,0.7,0.273,0.0184,0.0,1.0,True,0.01,0.95,10.0,39600.0,0.938,0.139
16752,1 - 1 - 2022,19800.0,26.645825188948457,23.713730200033904,31.622776601683793,0.0721,0.0630957,0.1,0.142,0.1,0.15,0.746,0.7,0.8,0.547,0.026,0.0,1.0,True,0.01,0.95,10.0,39600.0,0.938,0.139
16753,1 - 1 - 2022,19800.0,30.56141357987225,23.713730200033904,31.622776601683793,0.0915,0.0630957,0.1,0.132,0.1,0.15,0.803,0.8,0.9,0.273,0.0184,0.0,1.0,True,0.01,0.95,10.0,39600.0,0.938,0.139
16754,1 - 1 - 2022,19800.0,25.179356624028344,23.713730200033904,31.622776601683793,0.0719,0.0630957,0.1,0.143,0.1,0.15,0.951,0.9,1.0,0.547,0.026,0.0,1.0,True,0.01,0.95,10.0,39600.0,0.938,0.139
16755,1 - 1 - 2022,19800.0,27.073972741361768,23.713730200033904,31.622776601683793,0.0806,0.0630957,0.1,0.116,0.1,0.15,1.22,1.0,1.5,0.437,0.0104,0.109,1.0,True,0.01,0.95,10.0,39600.0,0.938,0.139
16756,1 - 1 - 2022,19800.0,26.962937525425527,23.713730200033904,31.622776601683793,0.0835,0.0630957,0.1,0.128,0.1,0.15,1.7,1.5,2.0,0.273,0.00823,0.0547,1.0,True,0.01,0.95,10.0,39600.0,0.938,0.139
16757,1 - 1 - 2022,19800.0,28.035691537752374,23.713730200033904,31.622776601683793,0.0789,0.0630957,0.1,0.125,0.1,0.15,2.95,2.0,4.0,0.0547,0.00184,0.0137,1.0,True,0.01,0.95,10.0,39600.0,0.938,0.139
16758,1 - 1 - 2022,19800.0,31.32091952673165,23.713730200033904,31.622776601683793,0.0801,0.0630957,0.1,0.191,0.15,0.2,0.188,0.1,0.2,0.273,0.0184,0.0,1.0,True,0.01,0.95,10.0,39600.0,0.938,0.139
16759,1 - 1 - 2022,19800.0,23.769728648009426,23.713730200033904,31.622776601683793,0.0816,0.0630957,0.1,0.166,0.15,0.2,0.259,0.2,0.3,0.82,0.0319,0.0,1.0,True,0.01,0.95,10.0,39600.0,0.938,0.139
16760,1 - 1 - 2022,19800.0,30.773365106858236,23.713730200033904,31.622776601683793,0.0994,0.0630957,0.1,0.156,0.15,0.2,0.304,0.3,0.4,0.273,0.0184,0.0,1.0,True,0.01,0.95,10.0,39600.0,0.938,0.139
16761,1 - 1 - 2022,19800.0,27.784887978899608,23.713730200033904,31.622776601683793,0.0766,0.0630957,0.1,0.183,0.15,0.2,0.428,0.4,0.5,1.09,0.0368,0.273,1.0,True,0.01,0.95,10.0,39600.0,0.938,0.139
16762,1 - 1 - 2022,19800.0,27.0,23.713730200033904,31.622776601683793,0.0736,0.0630957,0.1,0.169,0.15,0.2,0.548,0.5,0.6,1.37,0.0411,0.547,1.0,True,0.01,0.95,10.0,39600.0,0.938,0.139
16763,1 - 1 - 2022,19800.0,27.910571473905726,23.713730200033904,31.622776601683793,0.0766,0.0630957,0.1,0.166,0.15,0.2,0.651,0.6,0.7,0.547,0.026,0.0,1.0,True,0.01,0.95,10.0,39600.0,0.938,0.139
16764,1 - 1 - 2022,19800.0,25.748786379167466,23.713730200033904,31.622776601683793,0.0746,0.0630957,0.1,0.189,0.15,0.2,0.741,0.7,0.8,0.82,0.0319,0.273,1.0,True,0.01,0.95,10.0,39600.0,0.938,0.139
16765,1 - 1 - 2022,19800.0,26.30589287593181,23.713730200033904,31.622776601683793,0.0834,0.0630957,0.1,0.16,0.15,0.2,0.821,0.8,0.9,0.547,0.026,0.273,1.0,True,0.01,0.95,10.0,39600.0,0.938,0.139
16766,1 - 1 - 2022,19800.0,26.343879744638983,23.713730200033904,31.622776601683793,0.0764,0.0630957,0.1,0.161,0.15,0.2,1.33,1.0,1.5,0.164,0.00637,0.0546,1.0,True,0.01,0.95,10.0,39600.0,0.938,0.139
16767,1 - 1 - 2022,19800.0,26.248809496813376,23.713730200033904,31.622776601683793,0.0807,0.0630957,0.1,0.174,0.15,0.2,1.82,1.5,2.0,0.109,0.0052,0.0,1.0,True,0.01,0.95,10.0,39600.0,0.938,0.139
16768,1 - 1 - 2022,19800.0,27.784887978899608,23.713730200033904,31.622776601683793,0.0781,0.0630957,0.1,0.18,0.15,0.2,2.61,2.0,4.0,0.0683,0.00206,0.0547,1.0,True,0.01,0.95,10.0,39600.0,0.938,0.139
16769,1 - 1 - 2022,19800.0,27.748873851023216,23.713730200033904,31.622776601683793,0.0732,0.0630957,0.1,0.229,0.2,0.25,0.467,0.4,0.5,0.82,0.0319,0.547,1.0,True,0.01,0.95,10.0,39600.0,0.938,0.139
16770,1 - 1 - 2022,19800.0,30.495901363953813,23.713730200033904,31.622776601683793,0.0638,0.0630957,0.1,0.232,0.2,0.25,0.756,0.7,0.8,0.273,0.0184,0.0,1.0,True,0.01,0.95,10.0,39600.0,0.938,0.139
16771,1 - 1 - 2022,19800.0,26.38181191654584,23.713730200033904,31.622776601683793,0.135,0.1,0.158489,0.0149,0.0,0.05,0.0839,0.05,0.1,2.07,0.0569,1.38,1.0,True,0.01,0.95,10.0,39600.0,0.938,0.139
16772,1 - 1 - 2022,19800.0,27.80287754891569,23.713730200033904,31.622776601683793,0.126,0.1,0.158489,0.017,0.0,0.05,0.151,0.1,0.2,4.83,0.0614,2.93,1.0,True,0.01,0.95,10.0,39600.0,0.938,0.139
16773,1 - 1 - 2022,19800.0,26.870057685088806,23.713730200033904,31.622776601683793,0.123,0.1,0.158489,0.0148,0.0,0.05,0.243,0.2,0.3,7.59,0.077,5.17,1.0,True,0.01,0.95,10.0,39600.0,0.938,0.139
16774,1 - 1 - 2022,19800.0,26.962937525425527,23.713730200033904,31.622776601683793,0.126,0.1,0.158489,0.015,0.0,0.05,0.359,0.3,0.4,7.59,0.077,2.24,1.0,True,0.01,0.95,10.0,39600.0,0.938,0.139
16775,1 - 1 - 2022,19800.0,27.0,23.713730200033904,31.622776601683793,0.122,0.1,0.158489,0.0139,0.0,0.05,0.451,0.4,0.5,7.93,0.0787,1.9,1.0,True,0.01,0.95,10.0,39600.0,0.938,0.139
16776,1 - 1 - 2022,19800.0,27.568097504180443,23.713730200033904,31.622776601683793,0.129,0.1,0.158489,0.0146,0.0,0.05,0.549,0.5,0.6,6.73,0.0725,2.24,1.0,True,0.01,0.95,10.0,39600.0,0.938,0.139
16777,1 - 1 - 2022,19800.0,28.035691537752374,23.713730200033904,31.622776601683793,0.122,0.1,0.158489,0.0192,0.0,0.05,0.662,0.6,0.7,5.69,0.0667,1.38,1.0,True,0.01,0.95,10.0,39600.0,0.938,0.139
16778,1 - 1 - 2022,19800.0,27.92848008753788,23.713730200033904,31.622776601683793,0.124,0.1,0.158489,0.0238,0.0,0.05,0.754,0.7,0.8,3.62,0.0532,0.862,1.0,True,0.01,0.95,10.0,39600.0,0.938,0.139
16779,1 - 1 - 2022,19800.0,26.343879744638983,23.713730200033904,31.622776601683793,0.133,0.1,0.158489,0.0236,0.0,0.05,0.851,0.8,0.9,2.76,0.0464,0.69,1.0,True,0.01,0.95,10.0,39600.0,0.938,0.139
16780,1 - 1 - 2022,19800.0,27.313000567495326,23.713730200033904,31.622776601683793,0.127,0.1,0.158489,0.0135,0.0,0.05,0.969,0.9,1.0,0.862,0.026,0.0,1.0,True,0.01,0.95,10.0,39600.0,0.938,0.139
16781,1 - 1 - 2022,19800.0,27.60434748368452,23.713730200033904,31.622776601683793,0.132,0.1,0.158489,0.0177,0.0,0.05,1.17,1.0,1.5,0.862,0.0116,0.138,1.0,True,0.01,0.95,10.0,39600.0,0.938,0.139
16782,1 - 1 - 2022,19800.0,27.910571473905726,23.713730200033904,31.622776601683793,0.123,0.1,0.158489,0.0356,0.0,0.05,1.66,1.5,2.0,0.207,0.00569,0.0345,1.0,True,0.01,0.95,10.0,39600.0,0.938,0.139
16783,1 - 1 - 2022,19800.0,28.178005607210743,23.713730200033904,31.622776601683793,0.135,0.1,0.158489,0.0287,0.0,0.05,2.25,2.0,4.0,0.0172,0.000821,0.0,1.0,True,0.01,0.95,10.0,39600.0,0.938,0.139
16784,1 - 1 - 2022,19800.0,30.18277654557314,23.713730200033904,31.622776601683793,0.122,0.1,0.158489,0.0726,0.05,0.1,0.0355,0.0,0.05,0.345,0.0232,0.0,1.0,True,0.01,0.95,10.0,39600.0,0.938,0.139
16785,1 - 1 - 2022,19800.0,25.729360660537214,23.713730200033904,31.622776601683793,0.128,0.1,0.158489,0.0742,0.05,0.1,0.0984,0.05,0.1,0.69,0.0328,0.0,1.0,True,0.01,0.95,10.0,39600.0,0.938,0.139
16786,1 - 1 - 2022,19800.0,26.77685567799177,23.713730200033904,31.622776601683793,0.127,0.1,0.158489,0.0628,0.05,0.1,0.118,0.1,0.2,1.03,0.0284,0.0,1.0,True,0.01,0.95,10.0,39600.0,0.938,0.139
16787,1 - 1 - 2022,19800.0,27.055498516937366,23.713730200033904,31.622776601683793,0.13,0.1,0.158489,0.0701,0.05,0.1,0.246,0.2,0.3,1.72,0.0367,0.0,1.0,True,0.01,0.95,10.0,39600.0,0.938,0.139
16788,1 - 1 - 2022,19800.0,27.440845468024488,23.713730200033904,31.622776601683793,0.131,0.1,0.158489,0.0696,0.05,0.1,0.36,0.3,0.4,1.38,0.0328,0.0,1.0,True,0.01,0.95,10.0,39600.0,0.938,0.139
16789,1 - 1 - 2022,19800.0,26.115129714401192,23.713730200033904,31.622776601683793,0.131,0.1,0.158489,0.0683,0.05,0.1,0.447,0.4,0.5,1.9,0.0385,0.0,1.0,True,0.01,0.95,10.0,39600.0,0.938,0.139
16790,1 - 1 - 2022,19800.0,27.92848008753788,23.713730200033904,31.622776601683793,0.135,0.1,0.158489,0.0703,0.05,0.1,0.537,0.5,0.6,0.862,0.026,0.0,1.0,True,0.01,0.95,10.0,39600.0,0.938,0.139
16791,1 - 1 - 2022,19800.0,29.29163703175362,23.713730200033904,31.622776601683793,0.131,0.1,0.158489,0.0675,0.05,0.1,0.664,0.6,0.7,1.38,0.0328,0.0,1.0,True,0.01,0.95,10.0,39600.0,0.938,0.139
16792,1 - 1 - 2022,19800.0,27.964262908219126,23.713730200033904,31.622776601683793,0.127,0.1,0.158489,0.0746,0.05,0.1,0.751,0.7,0.8,2.07,0.0402,0.172,1.0,True,0.01,0.95,10.0,39600.0,0.938,0.139
16793,1 - 1 - 2022,19800.0,26.5329983228432,23.713730200033904,31.622776601683793,0.125,0.1,0.158489,0.0772,0.05,0.1,0.82,0.8,0.9,0.517,0.0201,0.173,1.0,True,0.01,0.95,10.0,39600.0,0.938,0.139
16794,1 - 1 - 2022,19800.0,27.76688675382964,23.713730200033904,31.622776601683793,0.134,0.1,0.158489,0.0686,0.05,0.1,0.954,0.9,1.0,0.69,0.0232,0.0,1.0,True,0.01,0.95,10.0,39600.0,0.938,0.139
16795,1 - 1 - 2022,19800.0,28.124722220850465,23.713730200033904,31.622776601683793,0.12,0.1,0.158489,0.0747,0.05,0.1,1.21,1.0,1.5,0.276,0.00657,0.069,1.0,True,0.01,0.95,10.0,39600.0,0.938,0.139
16796,1 - 1 - 2022,19800.0,26.627053911388696,23.713730200033904,31.622776601683793,0.129,0.1,0.158489,0.0731,0.05,0.1,1.69,1.5,2.0,0.207,0.00569,0.069,1.0,True,0.01,0.95,10.0,39600.0,0.938,0.139
16797,1 - 1 - 2022,19800.0,28.21347195933177,23.713730200033904,31.622776601683793,0.131,0.1,0.158489,0.0844,0.05,0.1,2.87,2.0,4.0,0.0604,0.00154,0.0,1.0,True,0.01,0.95,10.0,39600.0,0.938,0.139
16798,1 - 1 - 2022,19800.0,26.962937525425527,23.713730200033904,31.622776601683793,0.118,0.1,0.158489,0.135,0.1,0.15,0.0768,0.05,0.1,0.69,0.0328,0.345,1.0,True,0.01,0.95,10.0,39600.0,0.938,0.139
16799,1 - 1 - 2022,19800.0,26.0,23.713730200033904,31.622776601683793,0.125,0.1,0.158489,0.117,0.1,0.15,0.139,0.1,0.2,0.517,0.0201,0.172,1.0,True,0.01,0.95,10.0,39600.0,0.938,0.139
16800,1 - 1 - 2022,19800.0,27.910571473905726,23.713730200033904,31.622776601683793,0.129,0.1,0.158489,0.121,0.1,0.15,0.256,0.2,0.3,1.38,0.0328,0.0,1.0,True,0.01,0.95,10.0,39600.0,0.938,0.139
16801,1 - 1 - 2022,19800.0,29.631064780058107,23.713730200033904,31.622776601683793,0.137,0.1,0.158489,0.105,0.1,0.15,0.39,0.3,0.4,0.173,0.0116,0.0,1.0,True,0.01,0.95,10.0,39600.0,0.938,0.139
16802,1 - 1 - 2022,19800.0,27.910571473905726,23.713730200033904,31.622776601683793,0.114,0.1,0.158489,0.129,0.1,0.15,0.556,0.5,0.6,1.21,0.0307,0.173,1.0,True,0.01,0.95,10.0,39600.0,0.938,0.139
16803,1 - 1 - 2022,19800.0,27.386127875258307,23.713730200033904,31.622776601683793,0.115,0.1,0.158489,0.11,0.1,0.15,0.649,0.6,0.7,0.69,0.0232,0.0,1.0,True,0.01,0.95,10.0,39600.0,0.938,0.139
16804,1 - 1 - 2022,19800.0,29.614185789921695,23.713730200033904,31.622776601683793,0.145,0.1,0.158489,0.124,0.1,0.15,0.742,0.7,0.8,0.517,0.0201,0.0,1.0,True,0.01,0.95,10.0,39600.0,0.938,0.139
16805,1 - 1 - 2022,19800.0,26.627053911388696,23.713730200033904,31.622776601683793,0.13,0.1,0.158489,0.121,0.1,0.15,0.876,0.8,0.9,0.69,0.0232,0.0,1.0,True,0.01,0.95,10.0,39600.0,0.938,0.139
16806,1 - 1 - 2022,19800.0,24.145392935299274,23.713730200033904,31.622776601683793,0.12,0.1,0.158489,0.132,0.1,0.15,0.976,0.9,1.0,0.517,0.0201,0.0,1.0,True,0.01,0.95,10.0,39600.0,0.938,0.139
16807,1 - 1 - 2022,19800.0,27.16615541441225,23.713730200033904,31.622776601683793,0.141,0.1,0.158489,0.132,0.1,0.15,1.33,1.0,1.5,0.138,0.00464,0.0345,1.0,True,0.01,0.95,10.0,39600.0,0.938,0.139
16808,1 - 1 - 2022,19800.0,29.866369046136157,23.713730200033904,31.622776601683793,0.121,0.1,0.158489,0.17,0.15,0.2,0.165,0.1,0.2,0.69,0.0232,0.517,1.0,True,0.01,0.95,10.0,39600.0,0.938,0.139
16809,1 - 1 - 2022,19800.0,26.457513110645905,23.713730200033904,31.622776601683793,0.112,0.1,0.158489,0.161,0.15,0.2,0.359,0.3,0.4,1.03,0.0284,0.69,1.0,True,0.01,0.95,10.0,39600.0,0.938,0.139
16810,1 - 1 - 2022,19800.0,26.570660511172846,23.713730200033904,31.622776601683793,0.131,0.1,0.158489,0.182,0.15,0.2,0.551,0.5,0.6,0.862,0.026,0.69,1.0,True,0.01,0.95,10.0,39600.0,0.938,0.139
16811,1 - 1 - 2022,19800.0,25.03996805109783,23.713730200033904,31.622776601683793,0.137,0.1,0.158489,0.19,0.15,0.2,0.683,0.6,0.7,0.172,0.0116,0.0,1.0,True,0.01,0.95,10.0,39600.0,0.938,0.139
16812,1 - 1 - 2022,19800.0,25.37715508089904,23.713730200033904,31.622776601683793,0.126,0.1,0.158489,0.185,0.15,0.2,0.733,0.7,0.8,0.69,0.0232,0.517,1.0,True,0.01,0.95,10.0,39600.0,0.938,0.139
16813,1 - 1 - 2022,19800.0,24.041630560342615,23.713730200033904,31.622776601683793,0.144,0.1,0.158489,0.172,0.15,0.2,0.836,0.8,0.9,0.172,0.0116,0.0,1.0,True,0.01,0.95,10.0,39600.0,0.938,0.139
16814,1 - 1 - 2022,19800.0,26.814175355583846,23.713730200033904,31.622776601683793,0.131,0.1,0.158489,0.173,0.15,0.2,1.27,1.0,1.5,0.138,0.00464,0.0345,1.0,True,0.01,0.95,10.0,39600.0,0.938,0.139
16815,1 - 1 - 2022,19800.0,28.35489375751565,23.713730200033904,31.622776601683793,0.127,0.1,0.158489,0.165,0.15,0.2,2.99,2.0,4.0,0.0259,0.00101,0.0,1.0,True,0.01,0.95,10.0,39600.0,0.938,0.139
16816,1 - 1 - 2022,19800.0,26.38181191654584,23.713730200033904,31.622776601683793,0.142,0.1,0.158489,0.223,0.2,0.25,0.563,0.5,0.6,0.69,0.0232,0.345,1.0,True,0.01,0.95,10.0,39600.0,0.938,0.139
16817,1 - 1 - 2022,19800.0,26.645825188948457,23.713730200033904,31.622776601683793,0.122,0.1,0.158489,0.221,0.2,0.25,2.89,2.0,4.0,0.0345,0.00116,0.00862,1.0,True,0.01,0.95,10.0,39600.0,0.938,0.139
16818,1 - 1 - 2022,19800.0,26.115129714401192,23.713730200033904,31.622776601683793,0.207,0.158489,0.251189,0.0133,0.0,0.05,0.081,0.05,0.1,1.96,0.0439,0.435,1.0,True,0.01,0.95,10.0,39600.0,0.938,0.139
16819,1 - 1 - 2022,19800.0,26.68332812825267,23.713730200033904,31.622776601683793,0.198,0.158489,0.251189,0.0205,0.0,0.05,0.148,0.1,0.2,2.07,0.0319,0.435,1.0,True,0.01,0.95,10.0,39600.0,0.938,0.139
16820,1 - 1 - 2022,19800.0,26.870057685088806,23.713730200033904,31.622776601683793,0.201,0.158489,0.251189,0.0167,0.0,0.05,0.249,0.2,0.3,4.46,0.0469,1.63,1.0,True,0.01,0.95,10.0,39600.0,0.938,0.139
16821,1 - 1 - 2022,19800.0,27.184554438136374,23.713730200033904,31.622776601683793,0.194,0.158489,0.251189,0.0187,0.0,0.05,0.354,0.3,0.4,3.26,0.0401,0.87,1.0,True,0.01,0.95,10.0,39600.0,0.938,0.139
16822,1 - 1 - 2022,19800.0,27.40437921208944,23.713730200033904,31.622776601683793,0.203,0.158489,0.251189,0.0199,0.0,0.05,0.448,0.4,0.5,3.7,0.0427,1.2,1.0,True,0.01,0.95,10.0,39600.0,0.938,0.139
16823,1 - 1 - 2022,19800.0,27.640549922170507,23.713730200033904,31.622776601683793,0.21,0.158489,0.251189,0.0268,0.0,0.05,0.555,0.5,0.6,2.39,0.0344,0.762,1.0,True,0.01,0.95,10.0,39600.0,0.938,0.139
16824,1 - 1 - 2022,19800.0,26.758176320519304,23.713730200033904,31.622776601683793,0.199,0.158489,0.251189,0.0273,0.0,0.05,0.647,0.6,0.7,1.96,0.0311,0.653,1.0,True,0.01,0.95,10.0,39600.0,0.938,0.139
16825,1 - 1 - 2022,19800.0,27.459060435491963,23.713730200033904,31.622776601683793,0.197,0.158489,0.251189,0.0223,0.0,0.05,0.752,0.7,0.8,1.63,0.0284,0.435,1.0,True,0.01,0.95,10.0,39600.0,0.938,0.139
16826,1 - 1 - 2022,19800.0,28.035691537752374,23.713730200033904,31.622776601683793,0.201,0.158489,0.251189,0.0312,0.0,0.05,0.857,0.8,0.9,0.762,0.0194,0.0,1.0,True,0.01,0.95,10.0,39600.0,0.938,0.139
16827,1 - 1 - 2022,19800.0,26.43860813280457,23.713730200033904,31.622776601683793,0.193,0.158489,0.251189,0.0285,0.0,0.05,0.944,0.9,1.0,0.653,0.0179,0.109,1.0,True,0.01,0.95,10.0,39600.0,0.938,0.139
16828,1 - 1 - 2022,19800.0,28.460498941515414,23.713730200033904,31.622776601683793,0.193,0.158489,0.251189,0.0272,0.0,0.05,1.2,1.0,1.5,0.501,0.00702,0.0435,1.0,True,0.01,0.95,10.0,39600.0,0.938,0.139
16829,1 - 1 - 2022,19800.0,26.5329983228432,23.713730200033904,31.622776601683793,0.205,0.158489,0.251189,0.0217,0.0,0.05,1.82,1.5,2.0,0.109,0.00328,0.0,1.0,True,0.01,0.95,10.0,39600.0,0.938,0.139
16830,1 - 1 - 2022,19800.0,28.513154858766505,23.713730200033904,31.622776601683793,0.191,0.158489,0.251189,0.0352,0.0,0.05,2.32,2.0,4.0,0.0218,0.000732,0.0,1.0,True,0.01,0.95,10.0,39600.0,0.938,0.139
16831,1 - 1 - 2022,19800.0,24.474476501040833,23.713730200033904,31.622776601683793,0.201,0.158489,0.251189,0.0506,0.05,0.1,0.0486,0.0,0.05,0.218,0.0146,0.0,1.0,True,0.01,0.95,10.0,39600.0,0.938,0.139
16832,1 - 1 - 2022,19800.0,26.1725046566048,23.713730200033904,31.622776601683793,0.2,0.158489,0.251189,0.0818,0.05,0.1,0.0792,0.05,0.1,0.435,0.0207,0.0,1.0,True,0.01,0.95,10.0,39600.0,0.938,0.139
16833,1 - 1 - 2022,19800.0,26.870057685088806,23.713730200033904,31.622776601683793,0.199,0.158489,0.251189,0.0654,0.05,0.1,0.158,0.1,0.2,0.87,0.0207,0.0,1.0,True,0.01,0.95,10.0,39600.0,0.938,0.139
16834,1 - 1 - 2022,19800.0,25.92296279363144,23.713730200033904,31.622776601683793,0.206,0.158489,0.251189,0.0716,0.05,0.1,0.25,0.2,0.3,0.762,0.0194,0.0,1.0,True,0.01,0.95,10.0,39600.0,0.938,0.139
16835,1 - 1 - 2022,19800.0,26.981475126464083,23.713730200033904,31.622776601683793,0.196,0.158489,0.251189,0.0745,0.05,0.1,0.343,0.3,0.4,1.96,0.0311,0.0,1.0,True,0.01,0.95,10.0,39600.0,0.938,0.139
16836,1 - 1 - 2022,19800.0,28.071337695236398,23.713730200033904,31.622776601683793,0.207,0.158489,0.251189,0.0811,0.05,0.1,0.459,0.4,0.5,0.979,0.022,0.0,1.0,True,0.01,0.95,10.0,39600.0,0.938,0.139
16837,1 - 1 - 2022,19800.0,27.129319932501073,23.713730200033904,31.622776601683793,0.21,0.158489,0.251189,0.0734,0.05,0.1,0.543,0.5,0.6,1.2,0.0243,0.0,1.0,True,0.01,0.95,10.0,39600.0,0.938,0.139
16838,1 - 1 - 2022,19800.0,27.386127875258307,23.713730200033904,31.622776601683793,0.194,0.158489,0.251189,0.0867,0.05,0.1,0.641,0.6,0.7,0.762,0.0194,0.0,1.0,True,0.01,0.95,10.0,39600.0,0.938,0.139
16839,1 - 1 - 2022,19800.0,28.178005607210743,23.713730200033904,31.622776601683793,0.185,0.158489,0.251189,0.0736,0.05,0.1,0.745,0.7,0.8,0.762,0.0194,0.0,1.0,True,0.01,0.95,10.0,39600.0,0.938,0.139
16840,1 - 1 - 2022,19800.0,28.600699292150182,23.713730200033904,31.622776601683793,0.193,0.158489,0.251189,0.0794,0.05,0.1,0.858,0.8,0.9,0.435,0.0146,0.0,1.0,True,0.01,0.95,10.0,39600.0,0.938,0.139
16841,1 - 1 - 2022,19800.0,28.284271247461902,23.713730200033904,31.622776601683793,0.215,0.158489,0.251189,0.0639,0.05,0.1,0.933,0.9,1.0,0.435,0.0146,0.0,1.0,True,0.01,0.95,10.0,39600.0,0.938,0.139
16842,1 - 1 - 2022,19800.0,28.39013913315678,23.713730200033904,31.622776601683793,0.213,0.158489,0.251189,0.0734,0.05,0.1,1.28,1.0,1.5,0.131,0.00359,0.0,1.0,True,0.01,0.95,10.0,39600.0,0.938,0.139
16843,1 - 1 - 2022,19800.0,26.38181191654584,23.713730200033904,31.622776601683793,0.201,0.158489,0.251189,0.0862,0.05,0.1,1.83,1.5,2.0,0.087,0.00293,0.0218,1.0,True,0.01,0.95,10.0,39600.0,0.938,0.139
16844,1 - 1 - 2022,19800.0,28.844410203711913,23.713730200033904,31.622776601683793,0.198,0.158489,0.251189,0.0629,0.05,0.1,2.73,2.0,4.0,0.0109,0.000518,0.0,1.0,True,0.01,0.95,10.0,39600.0,0.938,0.139
16845,1 - 1 - 2022,19800.0,27.694764848252458,23.713730200033904,31.622776601683793,0.21,0.158489,0.251189,0.124,0.1,0.15,0.177,0.1,0.2,0.218,0.0104,0.0,1.0,True,0.01,0.95,10.0,39600.0,0.938,0.139
16846,1 - 1 - 2022,19800.0,26.981475126464083,23.713730200033904,31.622776601683793,0.199,0.158489,0.251189,0.117,0.1,0.15,0.221,0.2,0.3,0.326,0.0127,0.0,1.0,True,0.01,0.95,10.0,39600.0,0.938,0.139
16847,1 - 1 - 2022,19800.0,28.124722220850465,23.713730200033904,31.622776601683793,0.217,0.158489,0.251189,0.113,0.1,0.15,0.361,0.3,0.4,0.544,0.0164,0.0,1.0,True,0.01,0.95,10.0,39600.0,0.938,0.139
16848,1 - 1 - 2022,19800.0,25.317977802344327,23.713730200033904,31.622776601683793,0.198,0.158489,0.251189,0.123,0.1,0.15,0.455,0.4,0.5,0.326,0.0127,0.0,1.0,True,0.01,0.95,10.0,39600.0,0.938,0.139
16849,1 - 1 - 2022,19800.0,28.337254630609507,23.713730200033904,31.622776601683793,0.196,0.158489,0.251189,0.12,0.1,0.15,0.537,0.5,0.6,0.326,0.0127,0.0,1.0,True,0.01,0.95,10.0,39600.0,0.938,0.139
16850,1 - 1 - 2022,19800.0,30.528675044947494,23.713730200033904,31.622776601683793,0.164,0.158489,0.251189,0.13,0.1,0.15,0.64,0.6,0.7,0.109,0.00732,0.0,1.0,True,0.01,0.95,10.0,39600.0,0.938,0.139
16851,1 - 1 - 2022,19800.0,27.712812921102035,23.713730200033904,31.622776601683793,0.205,0.158489,0.251189,0.127,0.1,0.15,0.76,0.7,0.8,0.326,0.0127,0.109,1.0,True,0.01,0.95,10.0,39600.0,0.938,0.139
16852,1 - 1 - 2022,19800.0,26.38181191654584,23.713730200033904,31.622776601683793,0.206,0.158489,0.251189,0.12,0.1,0.15,0.814,0.8,0.9,0.326,0.0127,0.0,1.0,True,0.01,0.95,10.0,39600.0,0.938,0.139
16853,1 - 1 - 2022,19800.0,27.568097504180443,23.713730200033904,31.622776601683793,0.201,0.158489,0.251189,0.124,0.1,0.15,0.989,0.9,1.0,0.218,0.0104,0.0,1.0,True,0.01,0.95,10.0,39600.0,0.938,0.139
16854,1 - 1 - 2022,19800.0,27.40437921208944,23.713730200033904,31.622776601683793,0.186,0.158489,0.251189,0.119,0.1,0.15,1.32,1.0,1.5,0.109,0.00328,0.0,1.0,True,0.01,0.95,10.0,39600.0,0.938,0.139
16855,1 - 1 - 2022,19800.0,27.53179979587241,23.713730200033904,31.622776601683793,0.169,0.158489,0.251189,0.132,0.1,0.15,1.99,1.5,2.0,0.0218,0.00147,0.0,1.0,True,0.01,0.95,10.0,39600.0,0.938,0.139
16856,1 - 1 - 2022,19800.0,27.184554438136374,23.713730200033904,31.622776601683793,0.184,0.158489,0.251189,0.139,0.1,0.15,2.16,2.0,4.0,0.00544,0.000366,0.0,1.0,True,0.01,0.95,10.0,39600.0,0.938,0.139
16857,1 - 1 - 2022,19800.0,28.513154858766505,23.713730200033904,31.622776601683793,0.176,0.158489,0.251189,0.175,0.15,0.2,0.0877,0.05,0.1,0.218,0.0147,0.0,1.0,True,0.01,0.95,10.0,39600.0,0.938,0.139
16858,1 - 1 - 2022,19800.0,26.28687885618983,23.713730200033904,31.622776601683793,0.174,0.158489,0.251189,0.188,0.15,0.2,0.142,0.1,0.2,0.326,0.0127,0.0,1.0,True,0.01,0.95,10.0,39600.0,0.938,0.139
16859,1 - 1 - 2022,19800.0,25.357444666211933,23.713730200033904,31.622776601683793,0.19,0.158489,0.251189,0.158,0.15,0.2,0.295,0.2,0.3,0.109,0.00732,0.0,1.0,True,0.01,0.95,10.0,39600.0,0.938,0.139
16860,1 - 1 - 2022,19800.0,25.059928172283335,23.713730200033904,31.622776601683793,0.162,0.158489,0.251189,0.193,0.15,0.2,0.378,0.3,0.4,0.109,0.00732,0.0,1.0,True,0.01,0.95,10.0,39600.0,0.938,0.139
16861,1 - 1 - 2022,19800.0,25.45584412271571,23.713730200033904,31.622776601683793,0.212,0.158489,0.251189,0.18,0.15,0.2,0.578,0.5,0.6,0.218,0.0104,0.0,1.0,True,0.01,0.95,10.0,39600.0,0.938,0.139
16862,1 - 1 - 2022,19800.0,26.851443164195103,23.713730200033904,31.622776601683793,0.179,0.158489,0.251189,0.166,0.15,0.2,0.653,0.6,0.7,0.109,0.00733,0.0,1.0,True,0.01,0.95,10.0,39600.0,0.938,0.139
16863,1 - 1 - 2022,19800.0,25.436194683953808,23.713730200033904,31.622776601683793,0.175,0.158489,0.251189,0.192,0.15,0.2,0.767,0.7,0.8,0.109,0.00732,0.0,1.0,True,0.01,0.95,10.0,39600.0,0.938,0.139
16864,1 - 1 - 2022,19800.0,26.43860813280457,23.713730200033904,31.622776601683793,0.218,0.158489,0.251189,0.173,0.15,0.2,1.46,1.0,1.5,0.0435,0.00207,0.0,1.0,True,0.01,0.95,10.0,39600.0,0.938,0.139
16865,1 - 1 - 2022,19800.0,28.635642126552707,23.713730200033904,31.622776601683793,0.239,0.158489,0.251189,0.153,0.15,0.2,1.68,1.5,2.0,0.0218,0.00146,0.0,1.0,True,0.01,0.95,10.0,39600.0,0.938,0.139
16866,1 - 1 - 2022,19800.0,28.231188426986208,23.713730200033904,31.622776601683793,0.176,0.158489,0.251189,0.197,0.15,0.2,2.63,2.0,4.0,0.00544,0.000366,0.0,1.0,True,0.01,0.95,10.0,39600.0,0.938,0.139
16867,1 - 1 - 2022,19800.0,27.40437921208944,23.713730200033904,31.622776601683793,0.23,0.158489,0.251189,0.227,0.2,0.25,0.268,0.2,0.3,0.109,0.00732,0.0,1.0,True,0.01,0.95,10.0,39600.0,0.938,0.139
16868,1 - 1 - 2022,19800.0,30.397368307141328,23.713730200033904,31.622776601683793,0.224,0.158489,0.251189,0.202,0.2,0.25,0.304,0.3,0.4,0.109,0.00732,0.0,1.0,True,0.01,0.95,10.0,39600.0,0.938,0.139
16869,1 - 1 - 2022,19800.0,26.92582403567252,23.713730200033904,31.622776601683793,0.218,0.158489,0.251189,0.234,0.2,0.25,0.542,0.5,0.6,0.218,0.0104,0.0,1.0,True,0.01,0.95,10.0,39600.0,0.938,0.139
16870,1 - 1 - 2022,19800.0,28.035691537752374,23.713730200033904,31.622776601683793,0.186,0.158489,0.251189,0.222,0.2,0.25,0.678,0.6,0.7,0.218,0.0104,0.109,1.0,True,0.01,0.95,10.0,39600.0,0.938,0.139
16871,1 - 1 - 2022,19800.0,28.21347195933177,23.713730200033904,31.622776601683793,0.214,0.158489,0.251189,0.246,0.2,0.25,0.81,0.8,0.9,0.109,0.00732,0.0,1.0,True,0.01,0.95,10.0,39600.0,0.938,0.139
16872,1 - 1 - 2022,19800.0,28.160255680657446,23.713730200033904,31.622776601683793,0.208,0.158489,0.251189,0.239,0.2,0.25,1.25,1.0,1.5,0.0435,0.00207,0.0,1.0,True,0.01,0.95,10.0,39600.0,0.938,0.139
16873,1 - 1 - 2022,19800.0,25.787593916455254,23.713730200033904,31.622776601683793,0.208,0.158489,0.251189,0.236,0.2,0.25,1.88,1.5,2.0,0.0653,0.00254,0.0218,1.0,True,0.01,0.95,10.0,39600.0,0.938,0.139
16874,1 - 1 - 2022,19800.0,25.592967784139454,23.713730200033904,31.622776601683793,0.233,0.158489,0.251189,0.292,0.25,0.3,0.127,0.1,0.2,0.109,0.00732,0.0,1.0,True,0.01,0.95,10.0,39600.0,0.938,0.139
16875,1 - 1 - 2022,19800.0,29.816103031751148,23.713730200033904,31.622776601683793,0.204,0.158489,0.251189,0.274,0.25,0.3,0.267,0.2,0.3,0.218,0.0104,0.109,1.0,True,0.01,0.95,10.0,39600.0,0.938,0.139
16876,1 - 1 - 2022,19800.0,31.51190251317746,23.713730200033904,31.622776601683793,0.222,0.158489,0.251189,0.269,0.25,0.3,0.358,0.3,0.4,0.109,0.00732,0.0,1.0,True,0.01,0.95,10.0,39600.0,0.938,0.139
16877,1 - 1 - 2022,19800.0,26.38181191654584,23.713730200033904,31.622776601683793,0.173,0.158489,0.251189,0.296,0.25,0.3,0.567,0.5,0.6,0.109,0.00733,0.0,1.0,True,0.01,0.95,10.0,39600.0,0.938,0.139
16878,1 - 1 - 2022,19800.0,26.267851073127396,23.713730200033904,31.622776601683793,0.216,0.158489,0.251189,0.29,0.25,0.3,0.704,0.7,0.8,0.109,0.00732,0.0,1.0,True,0.01,0.95,10.0,39600.0,0.938,0.139
16879,1 - 1 - 2022,19800.0,26.40075756488817,23.713730200033904,31.622776601683793,0.194,0.158489,0.251189,0.275,0.25,0.3,0.859,0.8,0.9,0.109,0.00732,0.0,1.0,True,0.01,0.95,10.0,39600.0,0.938,0.139
16880,1 - 1 - 2022,19800.0,26.095976701399778,23.713730200033904,31.622776601683793,0.217,0.158489,0.251189,0.269,0.25,0.3,1.5,1.5,2.0,0.0218,0.00146,0.0,1.0,True,0.01,0.95,10.0,39600.0,0.938,0.139
16881,1 - 1 - 2022,19800.0,26.30589287593181,23.713730200033904,31.622776601683793,0.236,0.158489,0.251189,0.326,0.3,0.4,0.219,0.2,0.3,0.0544,0.00366,0.0,1.0,True,0.01,0.95,10.0,39600.0,0.938,0.139
16882,1 - 1 - 2022,19800.0,24.899799195977465,23.713730200033904,31.622776601683793,0.17,0.158489,0.251189,0.355,0.3,0.4,0.6,0.6,0.7,0.0544,0.00366,0.0,1.0,True,0.01,0.95,10.0,39600.0,0.938,0.139
16883,1 - 1 - 2022,19800.0,27.294688127912362,23.713730200033904,31.622776601683793,0.169,0.158489,0.251189,0.334,0.3,0.4,0.624,0.6,0.7,0.109,0.00518,0.0544,1.0,True,0.01,0.95,10.0,39600.0,0.938,0.139
16884,1 - 1 - 2022,19800.0,25.709920264364882,23.713730200033904,31.622776601683793,0.197,0.158489,0.251189,0.34,0.3,0.4,0.733,0.7,0.8,0.0544,0.00366,0.0,1.0,True,0.01,0.95,10.0,39600.0,0.938,0.139
16885,1 - 1 - 2022,19800.0,29.732137494637012,23.713730200033904,31.622776601683793,0.197,0.158489,0.251189,0.309,0.3,0.4,1.21,1.0,1.5,0.0109,0.000733,0.0,1.0,True,0.01,0.95,10.0,39600.0,0.938,0.139
16886,1 - 1 - 2022,19800.0,24.24871130596428,23.713730200033904,31.622776601683793,0.239,0.158489,0.251189,0.352,0.3,0.4,2.95,2.0,4.0,0.00272,0.000183,0.0,1.0,True,0.01,0.95,10.0,39600.0,0.938,0.139
16887,1 - 1 - 2022,19800.0,27.313000567495326,23.713730200033904,31.622776601683793,0.191,0.158489,0.251189,0.418,0.4,0.5,0.397,0.3,0.4,0.0544,0.00366,0.0,1.0,True,0.01,0.95,10.0,39600.0,0.938,0.139
16888,1 - 1 - 2022,19800.0,29.017236257093817,23.713730200033904,31.622776601683793,0.222,0.158489,0.251189,0.44,0.4,0.5,0.592,0.5,0.6,0.0544,0.00366,0.0,1.0,True,0.01,0.95,10.0,39600.0,0.938,0.139
16889,1 - 1 - 2022,19800.0,28.142494558940577,23.713730200033904,31.622776601683793,0.212,0.158489,0.251189,0.591,0.5,0.6,1.01,1.0,1.5,0.0109,0.000732,0.0,1.0,True,0.01,0.95,10.0,39600.0,0.938,0.139
16890,1 - 1 - 2022,19800.0,31.54362059117501,23.713730200033904,31.622776601683793,0.274,0.251189,0.398107,0.0193,0.0,0.05,0.0489,0.0,0.05,0.137,0.00924,0.0,1.0,True,0.01,0.95,10.0,39600.0,0.938,0.139
16891,1 - 1 - 2022,19800.0,30.95157508108432,23.713730200033904,31.622776601683793,0.385,0.251189,0.398107,0.0472,0.0,0.05,0.0666,0.05,0.1,0.137,0.00924,0.0,1.0,True,0.01,0.95,10.0,39600.0,0.938,0.139
16892,1 - 1 - 2022,19800.0,26.77685567799177,23.713730200033904,31.622776601683793,0.334,0.251189,0.398107,0.0256,0.0,0.05,0.14,0.1,0.2,1.03,0.0179,0.206,1.0,True,0.01,0.95,10.0,39600.0,0.938,0.139
16893,1 - 1 - 2022,19800.0,27.85677655436824,23.713730200033904,31.622776601683793,0.306,0.251189,0.398107,0.0219,0.0,0.05,0.25,0.2,0.3,1.51,0.0217,0.343,1.0,True,0.01,0.95,10.0,39600.0,0.938,0.139
16894,1 - 1 - 2022,19800.0,27.54995462791182,23.713730200033904,31.622776601683793,0.296,0.251189,0.398107,0.0177,0.0,0.05,0.341,0.3,0.4,1.03,0.0179,0.412,1.0,True,0.01,0.95,10.0,39600.0,0.938,0.139
16895,1 - 1 - 2022,19800.0,26.77685567799177,23.713730200033904,31.622776601683793,0.318,0.251189,0.398107,0.0202,0.0,0.05,0.436,0.4,0.5,1.44,0.0212,0.549,1.0,True,0.01,0.95,10.0,39600.0,0.938,0.139
16896,1 - 1 - 2022,19800.0,27.018512172212592,23.713730200033904,31.622776601683793,0.314,0.251189,0.398107,0.0186,0.0,0.05,0.557,0.5,0.6,0.755,0.0153,0.343,1.0,True,0.01,0.95,10.0,39600.0,0.938,0.139
16897,1 - 1 - 2022,19800.0,27.712812921102035,23.713730200033904,31.622776601683793,0.337,0.251189,0.398107,0.0207,0.0,0.05,0.646,0.6,0.7,0.755,0.0153,0.206,1.0,True,0.01,0.95,10.0,39600.0,0.938,0.139
16898,1 - 1 - 2022,19800.0,27.92848008753788,23.713730200033904,31.622776601683793,0.323,0.251189,0.398107,0.0228,0.0,0.05,0.741,0.7,0.8,0.618,0.0139,0.206,1.0,True,0.01,0.95,10.0,39600.0,0.938,0.139
16899,1 - 1 - 2022,19800.0,26.1725046566048,23.713730200033904,31.622776601683793,0.346,0.251189,0.398107,0.0222,0.0,0.05,0.852,0.8,0.9,0.275,0.00924,0.0,1.0,True,0.01,0.95,10.0,39600.0,0.938,0.139
16900,1 - 1 - 2022,19800.0,28.30194339616981,23.713730200033904,31.622776601683793,0.302,0.251189,0.398107,0.0296,0.0,0.05,0.956,0.9,1.0,0.412,0.0113,0.0687,1.0,True,0.01,0.95,10.0,39600.0,0.938,0.139
16901,1 - 1 - 2022,19800.0,27.92848008753788,23.713730200033904,31.622776601683793,0.292,0.251189,0.398107,0.0233,0.0,0.05,1.22,1.0,1.5,0.0961,0.00245,0.0137,1.0,True,0.01,0.95,10.0,39600.0,0.938,0.139
16902,1 - 1 - 2022,19800.0,26.739483914241877,23.713730200033904,31.622776601683793,0.303,0.251189,0.398107,0.0809,0.05,0.1,0.0407,0.0,0.05,0.412,0.016,0.0,1.0,True,0.01,0.95,10.0,39600.0,0.938,0.139
16903,1 - 1 - 2022,19800.0,31.416556144810016,23.713730200033904,31.622776601683793,0.389,0.251189,0.398107,0.0697,0.05,0.1,0.0512,0.05,0.1,0.137,0.00924,0.0,1.0,True,0.01,0.95,10.0,39600.0,0.938,0.139
16904,1 - 1 - 2022,19800.0,26.832815729997478,23.713730200033904,31.622776601683793,0.309,0.251189,0.398107,0.0676,0.05,0.1,0.158,0.1,0.2,0.206,0.008,0.0,1.0,True,0.01,0.95,10.0,39600.0,0.938,0.139
16905,1 - 1 - 2022,19800.0,26.324893162176366,23.713730200033904,31.622776601683793,0.326,0.251189,0.398107,0.0756,0.05,0.1,0.254,0.2,0.3,0.412,0.0113,0.0,1.0,True,0.01,0.95,10.0,39600.0,0.938,0.139
16906,1 - 1 - 2022,19800.0,26.095976701399778,23.713730200033904,31.622776601683793,0.327,0.251189,0.398107,0.0692,0.05,0.1,0.352,0.3,0.4,0.343,0.0103,0.0,1.0,True,0.01,0.95,10.0,39600.0,0.938,0.139
16907,1 - 1 - 2022,19800.0,28.75760768909681,23.713730200033904,31.622776601683793,0.357,0.251189,0.398107,0.0679,0.05,0.1,0.436,0.4,0.5,0.343,0.0103,0.0,1.0,True,0.01,0.95,10.0,39600.0,0.938,0.139
16908,1 - 1 - 2022,19800.0,27.386127875258307,23.713730200033904,31.622776601683793,0.297,0.251189,0.398107,0.0632,0.05,0.1,0.547,0.5,0.6,0.412,0.0113,0.0,1.0,True,0.01,0.95,10.0,39600.0,0.938,0.139
16909,1 - 1 - 2022,19800.0,24.228082879171435,23.713730200033904,31.622776601683793,0.32,0.251189,0.398107,0.062,0.05,0.1,0.69,0.6,0.7,0.137,0.00654,0.0,1.0,True,0.01,0.95,10.0,39600.0,0.938,0.139
16910,1 - 1 - 2022,19800.0,28.879058156387302,23.713730200033904,31.622776601683793,0.311,0.251189,0.398107,0.0832,0.05,0.1,0.773,0.7,0.8,0.206,0.00801,0.0,1.0,True,0.01,0.95,10.0,39600.0,0.938,0.139
16911,1 - 1 - 2022,19800.0,25.199206336708304,23.713730200033904,31.622776601683793,0.366,0.251189,0.398107,0.0915,0.05,0.1,0.837,0.8,0.9,0.137,0.00653,0.0,1.0,True,0.01,0.95,10.0,39600.0,0.938,0.139
16912,1 - 1 - 2022,19800.0,24.698178070456937,23.713730200033904,31.622776601683793,0.338,0.251189,0.398107,0.0836,0.05,0.1,0.94,0.9,1.0,0.137,0.00654,0.0,1.0,True,0.01,0.95,10.0,39600.0,0.938,0.139
16913,1 - 1 - 2022,19800.0,26.40075756488817,23.713730200033904,31.622776601683793,0.333,0.251189,0.398107,0.0783,0.05,0.1,1.17,1.0,1.5,0.124,0.00277,0.0,1.0,True,0.01,0.95,10.0,39600.0,0.938,0.139
16914,1 - 1 - 2022,19800.0,25.25866188063018,23.713730200033904,31.622776601683793,0.373,0.251189,0.398107,0.0808,0.05,0.1,1.55,1.5,2.0,0.0137,0.000924,0.0,1.0,True,0.01,0.95,10.0,39600.0,0.938,0.139
16915,1 - 1 - 2022,19800.0,27.730849247724095,23.713730200033904,31.622776601683793,0.293,0.251189,0.398107,0.0577,0.05,0.1,2.29,2.0,4.0,0.00686,0.000327,0.0,1.0,True,0.01,0.95,10.0,39600.0,0.938,0.139
16916,1 - 1 - 2022,19800.0,28.6705423736629,23.713730200033904,31.622776601683793,0.367,0.251189,0.398107,0.119,0.1,0.15,0.127,0.1,0.2,0.206,0.008,0.0,1.0,True,0.01,0.95,10.0,39600.0,0.938,0.139
16917,1 - 1 - 2022,19800.0,28.478061731796284,23.713730200033904,31.622776601683793,0.345,0.251189,0.398107,0.124,0.1,0.15,0.268,0.2,0.3,0.137,0.00653,0.0,1.0,True,0.01,0.95,10.0,39600.0,0.938,0.139
16918,1 - 1 - 2022,19800.0,27.018512172212592,23.713730200033904,31.622776601683793,0.334,0.251189,0.398107,0.126,0.1,0.15,0.333,0.3,0.4,0.206,0.008,0.0,1.0,True,0.01,0.95,10.0,39600.0,0.938,0.139
16919,1 - 1 - 2022,19800.0,29.899832775452108,23.713730200033904,31.622776601683793,0.331,0.251189,0.398107,0.13,0.1,0.15,0.514,0.5,0.6,0.0687,0.00462,0.0,1.0,True,0.01,0.95,10.0,39600.0,0.938,0.139
16920,1 - 1 - 2022,19800.0,27.184554438136374,23.713730200033904,31.622776601683793,0.303,0.251189,0.398107,0.128,0.1,0.15,0.655,0.6,0.7,0.206,0.008,0.0,1.0,True,0.01,0.95,10.0,39600.0,0.938,0.139
16921,1 - 1 - 2022,19800.0,28.6705423736629,23.713730200033904,31.622776601683793,0.334,0.251189,0.398107,0.133,0.1,0.15,0.764,0.7,0.8,0.137,0.00654,0.0,1.0,True,0.01,0.95,10.0,39600.0,0.938,0.139
16922,1 - 1 - 2022,19800.0,26.814175355583846,23.713730200033904,31.622776601683793,0.352,0.251189,0.398107,0.135,0.1,0.15,0.817,0.8,0.9,0.0686,0.00462,0.0,1.0,True,0.01,0.95,10.0,39600.0,0.938,0.139
16923,1 - 1 - 2022,19800.0,25.768197453450252,23.713730200033904,31.622776601683793,0.322,0.251189,0.398107,0.12,0.1,0.15,1.17,1.0,1.5,0.0412,0.0016,0.0,1.0,True,0.01,0.95,10.0,39600.0,0.938,0.139
16924,1 - 1 - 2022,19800.0,26.758176320519304,23.713730200033904,31.622776601683793,0.319,0.251189,0.398107,0.123,0.1,0.15,1.74,1.5,2.0,0.0412,0.0016,0.0,1.0,True,0.01,0.95,10.0,39600.0,0.938,0.139
16925,1 - 1 - 2022,19800.0,24.331050121192877,23.713730200033904,31.622776601683793,0.332,0.251189,0.398107,0.118,0.1,0.15,2.53,2.0,4.0,0.00343,0.000231,0.0,1.0,True,0.01,0.95,10.0,39600.0,0.938,0.139
16926,1 - 1 - 2022,19800.0,28.035691537752374,23.713730200033904,31.622776601683793,0.376,0.251189,0.398107,0.188,0.15,0.2,0.119,0.1,0.2,0.0687,0.00462,0.0,1.0,True,0.01,0.95,10.0,39600.0,0.938,0.139
16927,1 - 1 - 2022,19800.0,24.474476501040833,23.713730200033904,31.622776601683793,0.395,0.251189,0.398107,0.179,0.15,0.2,0.238,0.2,0.3,0.0687,0.00462,0.0,1.0,True,0.01,0.95,10.0,39600.0,0.938,0.139
16928,1 - 1 - 2022,19800.0,29.9833287011299,23.713730200033904,31.622776601683793,0.375,0.251189,0.398107,0.16,0.15,0.2,0.33,0.3,0.4,0.137,0.00654,0.0,1.0,True,0.01,0.95,10.0,39600.0,0.938,0.139
16929,1 - 1 - 2022,19800.0,27.09243436828813,23.713730200033904,31.622776601683793,0.311,0.251189,0.398107,0.162,0.15,0.2,0.457,0.4,0.5,0.137,0.00653,0.0,1.0,True,0.01,0.95,10.0,39600.0,0.938,0.139
16930,1 - 1 - 2022,19800.0,26.229754097208,23.713730200033904,31.622776601683793,0.349,0.251189,0.398107,0.186,0.15,0.2,0.52,0.5,0.6,0.0687,0.00462,0.0,1.0,True,0.01,0.95,10.0,39600.0,0.938,0.139
16931,1 - 1 - 2022,19800.0,25.337718918639855,23.713730200033904,31.622776601683793,0.33,0.251189,0.398107,0.167,0.15,0.2,0.636,0.6,0.7,0.137,0.00653,0.0,1.0,True,0.01,0.95,10.0,39600.0,0.938,0.139
16932,1 - 1 - 2022,19800.0,28.442925306655784,23.713730200033904,31.622776601683793,0.285,0.251189,0.398107,0.16,0.15,0.2,0.754,0.7,0.8,0.0687,0.00462,0.0,1.0,True,0.01,0.95,10.0,39600.0,0.938,0.139
16933,1 - 1 - 2022,19800.0,28.548204847240395,23.713730200033904,31.622776601683793,0.344,0.251189,0.398107,0.17,0.15,0.2,1.31,1.0,1.5,0.0275,0.00131,0.0,1.0,True,0.01,0.95,10.0,39600.0,0.938,0.139
16934,1 - 1 - 2022,19800.0,27.331300737432898,23.713730200033904,31.622776601683793,0.275,0.251189,0.398107,0.174,0.15,0.2,1.55,1.5,2.0,0.0137,0.000924,0.0,1.0,True,0.01,0.95,10.0,39600.0,0.938,0.139
16935,1 - 1 - 2022,19800.0,28.948229652260256,23.713730200033904,31.622776601683793,0.362,0.251189,0.398107,0.208,0.2,0.25,0.43,0.4,0.5,0.0687,0.00462,0.0,1.0,True,0.01,0.95,10.0,39600.0,0.938,0.139
16936,1 - 1 - 2022,19800.0,27.92848008753788,23.713730200033904,31.622776601683793,0.315,0.251189,0.398107,0.201,0.2,0.25,0.812,0.8,0.9,0.0687,0.00462,0.0,1.0,True,0.01,0.95,10.0,39600.0,0.938,0.139
16937,1 - 1 - 2022,19800.0,27.65863337187866,23.713730200033904,31.622776601683793,0.285,0.251189,0.398107,0.217,0.2,0.25,1.06,1.0,1.5,0.0412,0.0016,0.0,1.0,True,0.01,0.95,10.0,39600.0,0.938,0.139
16938,1 - 1 - 2022,19800.0,27.386127875258307,23.713730200033904,31.622776601683793,0.346,0.251189,0.398107,0.205,0.2,0.25,2.44,2.0,4.0,0.00343,0.000231,0.0,1.0,True,0.01,0.95,10.0,39600.0,0.938,0.139
16939,1 - 1 - 2022,19800.0,25.39685019840059,23.713730200033904,31.622776601683793,0.301,0.251189,0.398107,0.263,0.25,0.3,0.172,0.1,0.2,0.0686,0.00462,0.0,1.0,True,0.01,0.95,10.0,39600.0,0.938,0.139
16940,1 - 1 - 2022,19800.0,27.349588662354687,23.713730200033904,31.622776601683793,0.324,0.251189,0.398107,0.262,0.25,0.3,0.332,0.3,0.4,0.137,0.00654,0.0,1.0,True,0.01,0.95,10.0,39600.0,0.938,0.139
16941,1 - 1 - 2022,19800.0,27.65863337187866,23.713730200033904,31.622776601683793,0.276,0.251189,0.398107,0.285,0.25,0.3,0.744,0.7,0.8,0.0687,0.00462,0.0,1.0,True,0.01,0.95,10.0,39600.0,0.938,0.139
16942,1 - 1 - 2022,19800.0,24.289915602982237,23.713730200033904,31.622776601683793,0.331,0.251189,0.398107,0.288,0.25,0.3,0.857,0.8,0.9,0.0686,0.00462,0.0,1.0,True,0.01,0.95,10.0,39600.0,0.938,0.139
16943,1 - 1 - 2022,19800.0,24.73863375370596,23.713730200033904,31.622776601683793,0.33,0.251189,0.398107,0.252,0.25,0.3,0.954,0.9,1.0,0.0687,0.00462,0.0,1.0,True,0.01,0.95,10.0,39600.0,0.938,0.139
16944,1 - 1 - 2022,19800.0,25.768197453450252,23.713730200033904,31.622776601683793,0.292,0.251189,0.398107,0.332,0.3,0.4,0.536,0.5,0.6,0.0343,0.00231,0.0,1.0,True,0.01,0.95,10.0,39600.0,0.938,0.139
16945,1 - 1 - 2022,19800.0,28.035691537752374,23.713730200033904,31.622776601683793,0.315,0.251189,0.398107,0.339,0.3,0.4,0.625,0.6,0.7,0.0687,0.00327,0.0,1.0,True,0.01,0.95,10.0,39600.0,0.938,0.139
16946,1 - 1 - 2022,19800.0,26.832815729997478,23.713730200033904,31.622776601683793,0.34,0.251189,0.398107,0.442,0.4,0.5,0.646,0.6,0.7,0.0687,0.00327,0.0,1.0,True,0.01,0.95,10.0,39600.0,0.938,0.139
16947,1 - 1 - 2022,19800.0,27.712812921102035,23.713730200033904,31.622776601683793,0.362,0.251189,0.398107,0.496,0.4,0.5,0.873,0.8,0.9,0.0343,0.00231,0.0,1.0,True,0.01,0.95,10.0,39600.0,0.938,0.139
16948,1 - 1 - 2022,19800.0,25.199206336708304,23.713730200033904,31.622776601683793,0.366,0.251189,0.398107,0.423,0.4,0.5,1.13,1.0,1.5,0.00687,0.000462,0.0,1.0,True,0.01,0.95,10.0,39600.0,0.938,0.139
16949,1 - 1 - 2022,19800.0,27.09243436828813,23.713730200033904,31.622776601683793,0.362,0.251189,0.398107,0.568,0.5,0.6,0.302,0.3,0.4,0.0343,0.00231,0.0,1.0,True,0.01,0.95,10.0,39600.0,0.938,0.139
16950,1 - 1 - 2022,19800.0,28.600699292150182,23.713730200033904,31.622776601683793,0.519,0.398107,0.630957,0.0213,0.0,0.05,0.0258,0.0,0.05,0.0866,0.00583,0.0,1.0,True,0.01,0.95,10.0,39600.0,0.938,0.139
16951,1 - 1 - 2022,19800.0,26.570660511172846,23.713730200033904,31.622776601683793,0.441,0.398107,0.630957,0.0303,0.0,0.05,0.135,0.1,0.2,0.0866,0.00412,0.0,1.0,True,0.01,0.95,10.0,39600.0,0.938,0.139
16952,1 - 1 - 2022,19800.0,25.729360660537214,23.713730200033904,31.622776601683793,0.461,0.398107,0.630957,0.0281,0.0,0.05,0.245,0.2,0.3,0.303,0.00771,0.0,1.0,True,0.01,0.95,10.0,39600.0,0.938,0.139
16953,1 - 1 - 2022,19800.0,27.184554438136374,23.713730200033904,31.622776601683793,0.476,0.398107,0.630957,0.0274,0.0,0.05,0.341,0.3,0.4,0.52,0.0101,0.13,1.0,True,0.01,0.95,10.0,39600.0,0.938,0.139
16954,1 - 1 - 2022,19800.0,26.888659319497503,23.713730200033904,31.622776601683793,0.498,0.398107,0.630957,0.0229,0.0,0.05,0.444,0.4,0.5,0.347,0.00825,0.0433,1.0,True,0.01,0.95,10.0,39600.0,0.938,0.139
16955,1 - 1 - 2022,19800.0,28.687976575562104,23.713730200033904,31.622776601683793,0.434,0.398107,0.630957,0.0143,0.0,0.05,0.721,0.7,0.8,0.0866,0.00412,0.0,1.0,True,0.01,0.95,10.0,39600.0,0.938,0.139
16956,1 - 1 - 2022,19800.0,28.635642126552707,23.713730200033904,31.622776601683793,0.505,0.398107,0.630957,0.0123,0.0,0.05,0.81,0.8,0.9,0.0433,0.00292,0.0,1.0,True,0.01,0.95,10.0,39600.0,0.938,0.139
16957,1 - 1 - 2022,19800.0,25.96150997149434,23.713730200033904,31.622776601683793,0.505,0.398107,0.630957,0.0236,0.0,0.05,1.05,1.0,1.5,0.026,0.00101,0.0,1.0,True,0.01,0.95,10.0,39600.0,0.938,0.139
16958,1 - 1 - 2022,19800.0,26.267851073127396,23.713730200033904,31.622776601683793,0.424,0.398107,0.630957,0.086,0.05,0.1,0.145,0.1,0.2,0.0867,0.00412,0.0,1.0,True,0.01,0.95,10.0,39600.0,0.938,0.139
16959,1 - 1 - 2022,19800.0,27.568097504180443,23.713730200033904,31.622776601683793,0.499,0.398107,0.630957,0.0625,0.05,0.1,0.344,0.3,0.4,0.0867,0.00412,0.0,1.0,True,0.01,0.95,10.0,39600.0,0.938,0.139
16960,1 - 1 - 2022,19800.0,29.5296461204668,23.713730200033904,31.622776601683793,0.474,0.398107,0.630957,0.0689,0.05,0.1,0.471,0.4,0.5,0.173,0.00583,0.0,1.0,True,0.01,0.95,10.0,39600.0,0.938,0.139
16961,1 - 1 - 2022,19800.0,25.079872407968907,23.713730200033904,31.622776601683793,0.519,0.398107,0.630957,0.0803,0.05,0.1,0.537,0.5,0.6,0.13,0.00505,0.0,1.0,True,0.01,0.95,10.0,39600.0,0.938,0.139
16962,1 - 1 - 2022,19800.0,27.40437921208944,23.713730200033904,31.622776601683793,0.444,0.398107,0.630957,0.0658,0.05,0.1,0.659,0.6,0.7,0.13,0.00505,0.0,1.0,True,0.01,0.95,10.0,39600.0,0.938,0.139
16963,1 - 1 - 2022,19800.0,24.979991993593593,23.713730200033904,31.622776601683793,0.566,0.398107,0.630957,0.0648,0.05,0.1,0.778,0.7,0.8,0.0433,0.00292,0.0,1.0,True,0.01,0.95,10.0,39600.0,0.938,0.139
16964,1 - 1 - 2022,19800.0,28.231188426986208,23.713730200033904,31.622776601683793,0.482,0.398107,0.630957,0.0691,0.05,0.1,0.842,0.8,0.9,0.0433,0.00292,0.0,1.0,True,0.01,0.95,10.0,39600.0,0.938,0.139
16965,1 - 1 - 2022,19800.0,30.95157508108432,23.713730200033904,31.622776601683793,0.609,0.398107,0.630957,0.0721,0.05,0.1,0.949,0.9,1.0,0.0433,0.00292,0.0,1.0,True,0.01,0.95,10.0,39600.0,0.938,0.139
16966,1 - 1 - 2022,19800.0,30.4138126514911,23.713730200033904,31.622776601683793,0.457,0.398107,0.630957,0.0757,0.05,0.1,1.22,1.0,1.5,0.026,0.00101,0.0,1.0,True,0.01,0.95,10.0,39600.0,0.938,0.139
16967,1 - 1 - 2022,19800.0,24.535688292770594,23.713730200033904,31.622776601683793,0.576,0.398107,0.630957,0.117,0.1,0.15,0.183,0.1,0.2,0.0433,0.00292,0.0,1.0,True,0.01,0.95,10.0,39600.0,0.938,0.139
16968,1 - 1 - 2022,19800.0,27.313000567495326,23.713730200033904,31.622776601683793,0.447,0.398107,0.630957,0.117,0.1,0.15,0.298,0.2,0.3,0.0433,0.00292,0.0,1.0,True,0.01,0.95,10.0,39600.0,0.938,0.139
16969,1 - 1 - 2022,19800.0,26.720778431774775,23.713730200033904,31.622776601683793,0.423,0.398107,0.630957,0.106,0.1,0.15,0.423,0.4,0.5,0.13,0.00505,0.0,1.0,True,0.01,0.95,10.0,39600.0,0.938,0.139
16970,1 - 1 - 2022,19800.0,23.83275057562597,23.713730200033904,31.622776601683793,0.512,0.398107,0.630957,0.143,0.1,0.15,0.636,0.6,0.7,0.0433,0.00292,0.0,1.0,True,0.01,0.95,10.0,39600.0,0.938,0.139
16971,1 - 1 - 2022,19800.0,27.83882181415011,23.713730200033904,31.622776601683793,0.46,0.398107,0.630957,0.118,0.1,0.15,0.752,0.7,0.8,0.0866,0.00412,0.0,1.0,True,0.01,0.95,10.0,39600.0,0.938,0.139
16972,1 - 1 - 2022,19800.0,25.573423705088842,23.713730200033904,31.622776601683793,0.526,0.398107,0.630957,0.142,0.1,0.15,0.811,0.8,0.9,0.0433,0.00292,0.0,1.0,True,0.01,0.95,10.0,39600.0,0.938,0.139
16973,1 - 1 - 2022,19800.0,27.712812921102035,23.713730200033904,31.622776601683793,0.628,0.398107,0.630957,0.116,0.1,0.15,1.02,1.0,1.5,0.00866,0.000583,0.0,1.0,True,0.01,0.95,10.0,39600.0,0.938,0.139
16974,1 - 1 - 2022,19800.0,28.319604517012593,23.713730200033904,31.622776601683793,0.431,0.398107,0.630957,0.137,0.1,0.15,1.68,1.5,2.0,0.00866,0.000583,0.0,1.0,True,0.01,0.95,10.0,39600.0,0.938,0.139
16975,1 - 1 - 2022,19800.0,26.038433132583073,23.713730200033904,31.622776601683793,0.473,0.398107,0.630957,0.178,0.15,0.2,0.284,0.2,0.3,0.0866,0.00412,0.0,1.0,True,0.01,0.95,10.0,39600.0,0.938,0.139
16976,1 - 1 - 2022,19800.0,29.359836511806396,23.713730200033904,31.622776601683793,0.509,0.398107,0.630957,0.199,0.15,0.2,0.456,0.4,0.5,0.0433,0.00292,0.0,1.0,True,0.01,0.95,10.0,39600.0,0.938,0.139
16977,1 - 1 - 2022,19800.0,27.54995462791182,23.713730200033904,31.622776601683793,0.539,0.398107,0.630957,0.161,0.15,0.2,0.596,0.5,0.6,0.0433,0.00292,0.0,1.0,True,0.01,0.95,10.0,39600.0,0.938,0.139
16978,1 - 1 - 2022,19800.0,27.892651361962706,23.713730200033904,31.622776601683793,0.426,0.398107,0.630957,0.156,0.15,0.2,0.757,0.7,0.8,0.0867,0.00412,0.0,1.0,True,0.01,0.95,10.0,39600.0,0.938,0.139
16979,1 - 1 - 2022,19800.0,27.09243436828813,23.713730200033904,31.622776601683793,0.506,0.398107,0.630957,0.171,0.15,0.2,1.49,1.0,1.5,0.00866,0.000583,0.0,1.0,True,0.01,0.95,10.0,39600.0,0.938,0.139
16980,1 - 1 - 2022,19800.0,27.40437921208944,23.713730200033904,31.622776601683793,0.537,0.398107,0.630957,0.223,0.2,0.25,0.244,0.2,0.3,0.0866,0.00412,0.0,1.0,True,0.01,0.95,10.0,39600.0,0.938,0.139
16981,1 - 1 - 2022,19800.0,25.37715508089904,23.713730200033904,31.622776601683793,0.52,0.398107,0.630957,0.227,0.2,0.25,0.774,0.7,0.8,0.0433,0.00292,0.0,1.0,True,0.01,0.95,10.0,39600.0,0.938,0.139
16982,1 - 1 - 2022,19800.0,26.720778431774775,23.713730200033904,31.622776601683793,0.562,0.398107,0.630957,0.264,0.25,0.3,0.591,0.5,0.6,0.0866,0.00412,0.0,1.0,True,0.01,0.95,10.0,39600.0,0.938,0.139
16983,1 - 1 - 2022,19800.0,30.133038346638727,23.713730200033904,31.622776601683793,0.569,0.398107,0.630957,0.263,0.25,0.3,0.611,0.6,0.7,0.0433,0.00292,0.0,1.0,True,0.01,0.95,10.0,39600.0,0.938,0.139
16984,1 - 1 - 2022,19800.0,26.551836094703507,23.713730200033904,31.622776601683793,0.516,0.398107,0.630957,0.271,0.25,0.3,1.13,1.0,1.5,0.00867,0.000583,0.0,1.0,True,0.01,0.95,10.0,39600.0,0.938,0.139
16985,1 - 1 - 2022,19800.0,25.337718918639855,23.713730200033904,31.622776601683793,0.595,0.398107,0.630957,0.362,0.3,0.4,0.382,0.3,0.4,0.0217,0.00146,0.0,1.0,True,0.01,0.95,10.0,39600.0,0.938,0.139
16986,1 - 1 - 2022,19800.0,25.357444666211933,23.713730200033904,31.622776601683793,0.444,0.398107,0.630957,0.355,0.3,0.4,0.568,0.5,0.6,0.0217,0.00146,0.0,1.0,True,0.01,0.95,10.0,39600.0,0.938,0.139
16987,1 - 1 - 2022,19800.0,25.98076211353316,23.713730200033904,31.622776601683793,0.514,0.398107,0.630957,0.335,0.3,0.4,0.63,0.6,0.7,0.0433,0.00206,0.0,1.0,True,0.01,0.95,10.0,39600.0,0.938,0.139
16988,1 - 1 - 2022,19800.0,30.315012782448235,23.713730200033904,31.622776601683793,0.5,0.398107,0.630957,0.301,0.3,0.4,1.07,1.0,1.5,0.00433,0.000292,0.0,1.0,True,0.01,0.95,10.0,39600.0,0.938,0.139
16989,1 - 1 - 2022,19800.0,25.80697580112788,23.713730200033904,31.622776601683793,0.714,0.630957,1.0,0.0354,0.0,0.05,0.245,0.2,0.3,0.0273,0.00184,0.0,1.0,True,0.01,0.95,10.0,39600.0,0.938,0.139
16990,1 - 1 - 2022,19800.0,33.31666249791537,31.622776601683793,100.0,0.0597,0.0398107,0.0630957,0.0214,0.0,0.05,0.156,0.1,0.2,0.0421,0.00201,0.0211,1.0,True,0.01,0.95,10.0,39600.0,0.938,0.139
16991,1 - 1 - 2022,19800.0,32.2490309931942,31.622776601683793,100.0,0.0607,0.0398107,0.0630957,0.0101,0.0,0.05,0.465,0.4,0.5,0.0632,0.00246,0.0421,1.0,True,0.01,0.95,10.0,39600.0,0.938,0.139
16992,1 - 1 - 2022,19800.0,33.015148038438355,31.622776601683793,100.0,0.062,0.0398107,0.0630957,0.0166,0.0,0.05,0.586,0.5,0.6,0.0421,0.00201,0.0211,1.0,True,0.01,0.95,10.0,39600.0,0.938,0.139
16993,1 - 1 - 2022,19800.0,33.76388603226827,31.622776601683793,100.0,0.0619,0.0398107,0.0630957,0.00441,0.0,0.05,0.943,0.9,1.0,0.0211,0.00142,0.0,1.0,True,0.01,0.95,10.0,39600.0,0.938,0.139
16994,1 - 1 - 2022,19800.0,32.55764119219941,31.622776601683793,100.0,0.0598,0.0398107,0.0630957,0.0266,0.0,0.05,1.09,1.0,1.5,0.0126,0.000491,0.0,1.0,True,0.01,0.95,10.0,39600.0,0.938,0.139
16995,1 - 1 - 2022,19800.0,32.09361307176243,31.622776601683793,100.0,0.0621,0.0398107,0.0630957,0.155,0.15,0.2,1.41,1.0,1.5,0.00421,0.000284,0.0,1.0,True,0.01,0.95,10.0,39600.0,0.938,0.139
16996,1 - 1 - 2022,19800.0,31.937438845342623,31.622776601683793,100.0,0.0974,0.0630957,0.1,0.0373,0.0,0.05,0.0393,0.0,0.05,0.0266,0.00179,0.0,1.0,True,0.01,0.95,10.0,39600.0,0.938,0.139
16997,1 - 1 - 2022,19800.0,34.92849839314596,31.622776601683793,100.0,0.0766,0.0630957,0.1,0.0195,0.0,0.05,0.0822,0.05,0.1,0.16,0.00438,0.133,1.0,True,0.01,0.95,10.0,39600.0,0.938,0.139
16998,1 - 1 - 2022,19800.0,35.4964786985977,31.622776601683793,100.0,0.0847,0.0630957,0.1,0.0196,0.0,0.05,0.158,0.1,0.2,0.146,0.00297,0.093,1.0,True,0.01,0.95,10.0,39600.0,0.938,0.139
16999,1 - 1 - 2022,19800.0,35.07135583350036,31.622776601683793,100.0,0.0824,0.0630957,0.1,0.0161,0.0,0.05,0.248,0.2,0.3,0.306,0.00429,0.213,1.0,True,0.01,0.95,10.0,39600.0,0.938,0.139
17000,1 - 1 - 2022,19800.0,35.07135583350036,31.622776601683793,100.0,0.082,0.0630957,0.1,0.0136,0.0,0.05,0.348,0.3,0.4,0.253,0.0039,0.146,1.0,True,0.01,0.95,10.0,39600.0,0.938,0.139
17001,1 - 1 - 2022,19800.0,35.21363372331802,31.622776601683793,100.0,0.0823,0.0630957,0.1,0.0121,0.0,0.05,0.451,0.4,0.5,0.346,0.00456,0.186,1.0,True,0.01,0.95,10.0,39600.0,0.938,0.139
17002,1 - 1 - 2022,19800.0,34.92849839314596,31.622776601683793,100.0,0.0821,0.0630957,0.1,0.011,0.0,0.05,0.541,0.5,0.6,0.186,0.00335,0.0665,1.0,True,0.01,0.95,10.0,39600.0,0.938,0.139
17003,1 - 1 - 2022,19800.0,35.63705936241092,31.622776601683793,100.0,0.0835,0.0630957,0.1,0.0141,0.0,0.05,0.64,0.6,0.7,0.146,0.00297,0.0399,1.0,True,0.01,0.95,10.0,39600.0,0.938,0.139
17004,1 - 1 - 2022,19800.0,34.058772731852805,31.622776601683793,100.0,0.0846,0.0630957,0.1,0.0173,0.0,0.05,0.732,0.7,0.8,0.12,0.00268,0.0532,1.0,True,0.01,0.95,10.0,39600.0,0.938,0.139
17005,1 - 1 - 2022,19800.0,33.91164991562634,31.622776601683793,100.0,0.074,0.0630957,0.1,0.0106,0.0,0.05,0.854,0.8,0.9,0.0665,0.002,0.0,1.0,True,0.01,0.95,10.0,39600.0,0.938,0.139
17006,1 - 1 - 2022,19800.0,33.91164991562634,31.622776601683793,100.0,0.0885,0.0630957,0.1,0.0255,0.0,0.05,0.954,0.9,1.0,0.0399,0.00155,0.0133,1.0,True,0.01,0.95,10.0,39600.0,0.938,0.139
17007,1 - 1 - 2022,19800.0,36.60601043544625,31.622776601683793,100.0,0.0887,0.0630957,0.1,0.0192,0.0,0.05,1.12,1.0,1.5,0.0239,0.000537,0.00266,1.0,True,0.01,0.95,10.0,39600.0,0.938,0.139
17008,1 - 1 - 2022,19800.0,33.61547262794322,31.622776601683793,100.0,0.0714,0.0630957,0.1,0.0357,0.0,0.05,1.86,1.5,2.0,0.00266,0.000179,0.0,1.0,True,0.01,0.95,10.0,39600.0,0.938,0.139
17009,1 - 1 - 2022,19800.0,35.21363372331802,31.622776601683793,100.0,0.0779,0.0630957,0.1,0.0372,0.0,0.05,2.64,2.0,4.0,0.00199,7.75e-05,0.000664,1.0,True,0.01,0.95,10.0,39600.0,0.938,0.139
17010,1 - 1 - 2022,19800.0,33.46640106136302,31.622776601683793,100.0,0.0666,0.0630957,0.1,0.071,0.05,0.1,0.0566,0.05,0.1,0.0266,0.00179,0.0,1.0,True,0.01,0.95,10.0,39600.0,0.938,0.139
17011,1 - 1 - 2022,19800.0,35.4964786985977,31.622776601683793,100.0,0.0792,0.0630957,0.1,0.0896,0.05,0.1,0.136,0.1,0.2,0.0266,0.00127,0.0,1.0,True,0.01,0.95,10.0,39600.0,0.938,0.139
17012,1 - 1 - 2022,19800.0,35.91656999213594,31.622776601683793,100.0,0.0851,0.0630957,0.1,0.0793,0.05,0.1,0.253,0.2,0.3,0.093,0.00237,0.0133,1.0,True,0.01,0.95,10.0,39600.0,0.938,0.139
17013,1 - 1 - 2022,19800.0,35.07135583350036,31.622776601683793,100.0,0.0825,0.0630957,0.1,0.0743,0.05,0.1,0.479,0.4,0.5,0.0532,0.00179,0.0133,1.0,True,0.01,0.95,10.0,39600.0,0.938,0.139
17014,1 - 1 - 2022,19800.0,33.166247903554,31.622776601683793,100.0,0.0843,0.0630957,0.1,0.072,0.05,0.1,0.522,0.5,0.6,0.0532,0.00179,0.0,1.0,True,0.01,0.95,10.0,39600.0,0.938,0.139
17015,1 - 1 - 2022,19800.0,35.63705936241092,31.622776601683793,100.0,0.0866,0.0630957,0.1,0.0711,0.05,0.1,0.677,0.6,0.7,0.0266,0.00127,0.0133,1.0,True,0.01,0.95,10.0,39600.0,0.938,0.139
17016,1 - 1 - 2022,19800.0,33.46640106136302,31.622776601683793,100.0,0.0916,0.0630957,0.1,0.0582,0.05,0.1,0.704,0.7,0.8,0.0133,0.000895,0.0,1.0,True,0.01,0.95,10.0,39600.0,0.938,0.139
17017,1 - 1 - 2022,19800.0,37.815340802378074,31.622776601683793,100.0,0.0853,0.0630957,0.1,0.0575,0.05,0.1,0.832,0.8,0.9,0.0266,0.00127,0.0133,1.0,True,0.01,0.95,10.0,39600.0,0.938,0.139
17018,1 - 1 - 2022,19800.0,33.015148038438355,31.622776601683793,100.0,0.0809,0.0630957,0.1,0.0735,0.05,0.1,0.969,0.9,1.0,0.0399,0.00155,0.0,1.0,True,0.01,0.95,10.0,39600.0,0.938,0.139
17019,1 - 1 - 2022,19800.0,33.61547262794322,31.622776601683793,100.0,0.0874,0.0630957,0.1,0.0748,0.05,0.1,1.13,1.0,1.5,0.0186,0.000473,0.00266,1.0,True,0.01,0.95,10.0,39600.0,0.938,0.139
17020,1 - 1 - 2022,19800.0,36.742346141747674,31.622776601683793,100.0,0.0905,0.0630957,0.1,0.0685,0.05,0.1,1.62,1.5,2.0,0.00532,0.000253,0.00266,1.0,True,0.01,0.95,10.0,39600.0,0.938,0.139
17021,1 - 1 - 2022,19800.0,40.24922359499622,31.622776601683793,100.0,0.0858,0.0630957,0.1,0.0745,0.05,0.1,3.02,2.0,4.0,0.00266,8.95e-05,0.000665,1.0,True,0.01,0.95,10.0,39600.0,0.938,0.139
17022,1 - 1 - 2022,19800.0,35.07135583350036,31.622776601683793,100.0,0.083,0.0630957,0.1,0.124,0.1,0.15,0.0758,0.05,0.1,0.0532,0.00253,0.0,1.0,True,0.01,0.95,10.0,39600.0,0.938,0.139
17023,1 - 1 - 2022,19800.0,35.21363372331802,31.622776601683793,100.0,0.0867,0.0630957,0.1,0.121,0.1,0.15,0.225,0.2,0.3,0.0266,0.00126,0.0,1.0,True,0.01,0.95,10.0,39600.0,0.938,0.139
17024,1 - 1 - 2022,19800.0,32.4037034920393,31.622776601683793,100.0,0.0642,0.0630957,0.1,0.112,0.1,0.15,0.377,0.3,0.4,0.0133,0.000894,0.0,1.0,True,0.01,0.95,10.0,39600.0,0.938,0.139
17025,1 - 1 - 2022,19800.0,31.937438845342623,31.622776601683793,100.0,0.0979,0.0630957,0.1,0.102,0.1,0.15,0.494,0.4,0.5,0.0133,0.000894,0.0,1.0,True,0.01,0.95,10.0,39600.0,0.938,0.139
17026,1 - 1 - 2022,19800.0,36.87817782917155,31.622776601683793,100.0,0.0829,0.0630957,0.1,0.126,0.1,0.15,0.589,0.5,0.6,0.0266,0.00127,0.0,1.0,True,0.01,0.95,10.0,39600.0,0.938,0.139
17027,1 - 1 - 2022,19800.0,40.496913462633174,31.622776601683793,100.0,0.0963,0.0630957,0.1,0.109,0.1,0.15,0.68,0.6,0.7,0.0133,0.000895,0.0,1.0,True,0.01,0.95,10.0,39600.0,0.938,0.139
17028,1 - 1 - 2022,19800.0,32.71085446759225,31.622776601683793,100.0,0.0899,0.0630957,0.1,0.133,0.1,0.15,0.73,0.7,0.8,0.0133,0.000895,0.0,1.0,True,0.01,0.95,10.0,39600.0,0.938,0.139
17029,1 - 1 - 2022,19800.0,33.31666249791537,31.622776601683793,100.0,0.088,0.0630957,0.1,0.119,0.1,0.15,1.21,1.0,1.5,0.0133,0.0004,0.00266,1.0,True,0.01,0.95,10.0,39600.0,0.938,0.139
17030,1 - 1 - 2022,19800.0,36.60601043544625,31.622776601683793,100.0,0.0764,0.0630957,0.1,0.13,0.1,0.15,1.86,1.5,2.0,0.00532,0.000253,0.0,1.0,True,0.01,0.95,10.0,39600.0,0.938,0.139
17031,1 - 1 - 2022,19800.0,35.77708763999664,31.622776601683793,100.0,0.0781,0.0630957,0.1,0.105,0.1,0.15,2.04,2.0,4.0,0.000665,4.47e-05,0.0,1.0,True,0.01,0.95,10.0,39600.0,0.938,0.139
17032,1 - 1 - 2022,19800.0,33.46640106136302,31.622776601683793,100.0,0.0915,0.0630957,0.1,0.194,0.15,0.2,0.358,0.3,0.4,0.0133,0.000895,0.0,1.0,True,0.01,0.95,10.0,39600.0,0.938,0.139
17033,1 - 1 - 2022,19800.0,31.937438845342623,31.622776601683793,100.0,0.0788,0.0630957,0.1,0.151,0.15,0.2,0.431,0.4,0.5,0.0133,0.000894,0.0,1.0,True,0.01,0.95,10.0,39600.0,0.938,0.139
17034,1 - 1 - 2022,19800.0,34.785054261852174,31.622776601683793,100.0,0.0801,0.0630957,0.1,0.177,0.15,0.2,0.555,0.5,0.6,0.0399,0.00155,0.0,1.0,True,0.01,0.95,10.0,39600.0,0.938,0.139
17035,1 - 1 - 2022,19800.0,33.61547262794322,31.622776601683793,100.0,0.0703,0.0630957,0.1,0.175,0.15,0.2,0.763,0.7,0.8,0.0266,0.00127,0.0,1.0,True,0.01,0.95,10.0,39600.0,0.938,0.139
17036,1 - 1 - 2022,19800.0,39.87480407475377,31.622776601683793,100.0,0.0906,0.0630957,0.1,0.18,0.15,0.2,1.24,1.0,1.5,0.00266,0.000179,0.0,1.0,True,0.01,0.95,10.0,39600.0,0.938,0.139
17037,1 - 1 - 2022,19800.0,35.21363372331802,31.622776601683793,100.0,0.0686,0.0630957,0.1,0.173,0.15,0.2,1.89,1.5,2.0,0.00266,0.000179,0.0,1.0,True,0.01,0.95,10.0,39600.0,0.938,0.139
17038,1 - 1 - 2022,19800.0,34.64101615137755,31.622776601683793,100.0,0.129,0.1,0.158489,0.0109,0.0,0.05,0.0363,0.0,0.05,0.0336,0.0016,0.0168,1.0,True,0.01,0.95,10.0,39600.0,0.938,0.139
17039,1 - 1 - 2022,19800.0,38.8587184554509,31.622776601683793,100.0,0.125,0.1,0.158489,0.0127,0.0,0.05,0.154,0.1,0.2,0.176,0.00259,0.109,1.0,True,0.01,0.95,10.0,39600.0,0.938,0.139
17040,1 - 1 - 2022,19800.0,38.34057902536163,31.622776601683793,100.0,0.129,0.1,0.158489,0.0149,0.0,0.05,0.253,0.2,0.3,0.285,0.00329,0.159,1.0,True,0.01,0.95,10.0,39600.0,0.938,0.139
17041,1 - 1 - 2022,19800.0,39.74921382870358,31.622776601683793,100.0,0.132,0.1,0.158489,0.0182,0.0,0.05,0.353,0.3,0.4,0.319,0.00348,0.143,1.0,True,0.01,0.95,10.0,39600.0,0.938,0.139
17042,1 - 1 - 2022,19800.0,38.2099463490856,31.622776601683793,100.0,0.135,0.1,0.158489,0.0123,0.0,0.05,0.45,0.4,0.5,0.243,0.00304,0.117,1.0,True,0.01,0.95,10.0,39600.0,0.938,0.139
17043,1 - 1 - 2022,19800.0,38.47076812334269,31.622776601683793,100.0,0.128,0.1,0.158489,0.0125,0.0,0.05,0.548,0.5,0.6,0.302,0.00339,0.0671,1.0,True,0.01,0.95,10.0,39600.0,0.938,0.139
17044,1 - 1 - 2022,19800.0,37.94733192202055,31.622776601683793,100.0,0.128,0.1,0.158489,0.0114,0.0,0.05,0.646,0.6,0.7,0.176,0.00259,0.0419,1.0,True,0.01,0.95,10.0,39600.0,0.938,0.139
17045,1 - 1 - 2022,19800.0,37.416573867739416,31.622776601683793,100.0,0.124,0.1,0.158489,0.0181,0.0,0.05,0.75,0.7,0.8,0.134,0.00226,0.0252,1.0,True,0.01,0.95,10.0,39600.0,0.938,0.139
17046,1 - 1 - 2022,19800.0,38.47076812334269,31.622776601683793,100.0,0.132,0.1,0.158489,0.0235,0.0,0.05,0.848,0.8,0.9,0.0755,0.00169,0.00839,1.0,True,0.01,0.95,10.0,39600.0,0.938,0.139
17047,1 - 1 - 2022,19800.0,38.07886552931954,31.622776601683793,100.0,0.131,0.1,0.158489,0.0158,0.0,0.05,0.962,0.9,1.0,0.0419,0.00126,0.0,1.0,True,0.01,0.95,10.0,39600.0,0.938,0.139
17048,1 - 1 - 2022,19800.0,39.87480407475377,31.622776601683793,100.0,0.131,0.1,0.158489,0.0186,0.0,0.05,1.24,1.0,1.5,0.0319,0.000492,0.00503,1.0,True,0.01,0.95,10.0,39600.0,0.938,0.139
17049,1 - 1 - 2022,19800.0,38.8587184554509,31.622776601683793,100.0,0.135,0.1,0.158489,0.0233,0.0,0.05,1.66,1.5,2.0,0.0117,0.000299,0.0,1.0,True,0.01,0.95,10.0,39600.0,0.938,0.139
17050,1 - 1 - 2022,19800.0,43.3589667773576,31.622776601683793,100.0,0.12,0.1,0.158489,0.0249,0.0,0.05,2.56,2.0,4.0,0.0021,6.31e-05,0.0,1.0,True,0.01,0.95,10.0,39600.0,0.938,0.139
17051,1 - 1 - 2022,19800.0,37.815340802378074,31.622776601683793,100.0,0.108,0.1,0.158489,0.0565,0.05,0.1,0.0895,0.05,0.1,0.0168,0.00113,0.0,1.0,True,0.01,0.95,10.0,39600.0,0.938,0.139
17052,1 - 1 - 2022,19800.0,40.620192023179804,31.622776601683793,100.0,0.138,0.1,0.158489,0.0523,0.05,0.1,0.143,0.1,0.2,0.00839,0.000565,0.0,1.0,True,0.01,0.95,10.0,39600.0,0.938,0.139
17053,1 - 1 - 2022,19800.0,37.68288736283355,31.622776601683793,100.0,0.144,0.1,0.158489,0.0663,0.05,0.1,0.23,0.2,0.3,0.0252,0.000978,0.0,1.0,True,0.01,0.95,10.0,39600.0,0.938,0.139
17054,1 - 1 - 2022,19800.0,37.14835124201342,31.622776601683793,100.0,0.136,0.1,0.158489,0.0659,0.05,0.1,0.346,0.3,0.4,0.0419,0.00126,0.0,1.0,True,0.01,0.95,10.0,39600.0,0.938,0.139
17055,1 - 1 - 2022,19800.0,40.124805295477756,31.622776601683793,100.0,0.129,0.1,0.158489,0.0782,0.05,0.1,0.43,0.4,0.5,0.0503,0.00138,0.0,1.0,True,0.01,0.95,10.0,39600.0,0.938,0.139
17056,1 - 1 - 2022,19800.0,39.6232255123179,31.622776601683793,100.0,0.123,0.1,0.158489,0.0678,0.05,0.1,0.576,0.5,0.6,0.0252,0.000978,0.0,1.0,True,0.01,0.95,10.0,39600.0,0.938,0.139
17057,1 - 1 - 2022,19800.0,35.77708763999664,31.622776601683793,100.0,0.121,0.1,0.158489,0.0687,0.05,0.1,0.65,0.6,0.7,0.0252,0.000978,0.0,1.0,True,0.01,0.95,10.0,39600.0,0.938,0.139
17058,1 - 1 - 2022,19800.0,33.76388603226827,31.622776601683793,100.0,0.11,0.1,0.158489,0.0787,0.05,0.1,0.751,0.7,0.8,0.0168,0.000798,0.0,1.0,True,0.01,0.95,10.0,39600.0,0.938,0.139
17059,1 - 1 - 2022,19800.0,41.71330722922842,31.622776601683793,100.0,0.151,0.1,0.158489,0.0621,0.05,0.1,0.831,0.8,0.9,0.00839,0.000565,0.0,1.0,True,0.01,0.95,10.0,39600.0,0.938,0.139
17060,1 - 1 - 2022,19800.0,41.71330722922842,31.622776601683793,100.0,0.13,0.1,0.158489,0.0624,0.05,0.1,1.18,1.0,1.5,0.00503,0.000196,0.0,1.0,True,0.01,0.95,10.0,39600.0,0.938,0.139
17061,1 - 1 - 2022,19800.0,38.72983346207417,31.622776601683793,100.0,0.129,0.1,0.158489,0.065,0.05,0.1,1.59,1.5,2.0,0.00335,0.00016,0.0,1.0,True,0.01,0.95,10.0,39600.0,0.938,0.139
17062,1 - 1 - 2022,19800.0,40.124805295477756,31.622776601683793,100.0,0.145,0.1,0.158489,0.0736,0.05,0.1,2.91,2.0,4.0,0.00335,7.98e-05,0.000419,1.0,True,0.01,0.95,10.0,39600.0,0.938,0.139
17063,1 - 1 - 2022,19800.0,37.14835124201342,31.622776601683793,100.0,0.107,0.1,0.158489,0.123,0.1,0.15,0.123,0.1,0.2,0.0168,0.000798,0.0,1.0,True,0.01,0.95,10.0,39600.0,0.938,0.139
17064,1 - 1 - 2022,19800.0,33.166247903554,31.622776601683793,100.0,0.127,0.1,0.158489,0.122,0.1,0.15,0.225,0.2,0.3,0.0168,0.000799,0.00839,1.0,True,0.01,0.95,10.0,39600.0,0.938,0.139
17065,1 - 1 - 2022,19800.0,31.622776601683793,31.622776601683793,100.0,0.138,0.1,0.158489,0.131,0.1,0.15,0.313,0.3,0.4,0.00839,0.000565,0.0,1.0,True,0.01,0.95,10.0,39600.0,0.938,0.139
17066,1 - 1 - 2022,19800.0,34.92849839314596,31.622776601683793,100.0,0.113,0.1,0.158489,0.111,0.1,0.15,0.445,0.4,0.5,0.0252,0.000978,0.0,1.0,True,0.01,0.95,10.0,39600.0,0.938,0.139
17067,1 - 1 - 2022,19800.0,35.63705936241092,31.622776601683793,100.0,0.127,0.1,0.158489,0.122,0.1,0.15,0.526,0.5,0.6,0.0168,0.000798,0.00838,1.0,True,0.01,0.95,10.0,39600.0,0.938,0.139
17068,1 - 1 - 2022,19800.0,39.242833740697165,31.622776601683793,100.0,0.108,0.1,0.158489,0.106,0.1,0.15,0.688,0.6,0.7,0.00839,0.000565,0.0,1.0,True,0.01,0.95,10.0,39600.0,0.938,0.139
17069,1 - 1 - 2022,19800.0,35.21363372331802,31.622776601683793,100.0,0.133,0.1,0.158489,0.12,0.1,0.15,0.765,0.7,0.8,0.0252,0.000978,0.00839,1.0,True,0.01,0.95,10.0,39600.0,0.938,0.139
17070,1 - 1 - 2022,19800.0,42.07136793592526,31.622776601683793,100.0,0.14,0.1,0.158489,0.13,0.1,0.15,0.823,0.8,0.9,0.0252,0.000978,0.00839,1.0,True,0.01,0.95,10.0,39600.0,0.938,0.139
17071,1 - 1 - 2022,19800.0,41.71330722922842,31.622776601683793,100.0,0.106,0.1,0.158489,0.132,0.1,0.15,0.958,0.9,1.0,0.00838,0.000564,0.0,1.0,True,0.01,0.95,10.0,39600.0,0.938,0.139
17072,1 - 1 - 2022,19800.0,37.94733192202055,31.622776601683793,100.0,0.118,0.1,0.158489,0.111,0.1,0.15,1.21,1.0,1.5,0.00671,0.000226,0.0,1.0,True,0.01,0.95,10.0,39600.0,0.938,0.139
17073,1 - 1 - 2022,19800.0,40.8656334834051,31.622776601683793,100.0,0.128,0.1,0.158489,0.128,0.1,0.15,2.55,2.0,4.0,0.0021,6.31e-05,0.00126,1.0,True,0.01,0.95,10.0,39600.0,0.938,0.139
17074,1 - 1 - 2022,19800.0,37.013511046643494,31.622776601683793,100.0,0.129,0.1,0.158489,0.174,0.15,0.2,0.222,0.2,0.3,0.0168,0.000798,0.00838,1.0,True,0.01,0.95,10.0,39600.0,0.938,0.139
17075,1 - 1 - 2022,19800.0,43.93176527297759,31.622776601683793,100.0,0.143,0.1,0.158489,0.177,0.15,0.2,0.336,0.3,0.4,0.0168,0.000798,0.00839,1.0,True,0.01,0.95,10.0,39600.0,0.938,0.139
17076,1 - 1 - 2022,19800.0,42.77849927241488,31.622776601683793,100.0,0.136,0.1,0.158489,0.173,0.15,0.2,0.566,0.5,0.6,0.0503,0.00138,0.0168,1.0,True,0.01,0.95,10.0,39600.0,0.938,0.139
17077,1 - 1 - 2022,19800.0,38.72983346207417,31.622776601683793,100.0,0.121,0.1,0.158489,0.172,0.15,0.2,1.62,1.5,2.0,0.00503,0.000196,0.00335,1.0,True,0.01,0.95,10.0,39600.0,0.938,0.139
17078,1 - 1 - 2022,19800.0,47.01063709417264,31.622776601683793,100.0,0.113,0.1,0.158489,0.174,0.15,0.2,2.82,2.0,4.0,0.000419,2.82e-05,0.0,1.0,True,0.01,0.95,10.0,39600.0,0.938,0.139
17079,1 - 1 - 2022,19800.0,38.34057902536163,31.622776601683793,100.0,0.246,0.158489,0.251189,0.0371,0.0,0.05,0.0341,0.0,0.05,0.0212,0.00101,0.0,1.0,True,0.01,0.95,10.0,39600.0,0.938,0.139
17080,1 - 1 - 2022,19800.0,40.8656334834051,31.622776601683793,100.0,0.181,0.158489,0.251189,0.0283,0.0,0.05,0.0924,0.05,0.1,0.0318,0.00123,0.0106,1.0,True,0.01,0.95,10.0,39600.0,0.938,0.139
17081,1 - 1 - 2022,19800.0,40.8656334834051,31.622776601683793,100.0,0.195,0.158489,0.251189,0.0182,0.0,0.05,0.156,0.1,0.2,0.132,0.00178,0.0582,1.0,True,0.01,0.95,10.0,39600.0,0.938,0.139
17082,1 - 1 - 2022,19800.0,41.10960958218893,31.622776601683793,100.0,0.193,0.158489,0.251189,0.0132,0.0,0.05,0.247,0.2,0.3,0.122,0.00171,0.0529,1.0,True,0.01,0.95,10.0,39600.0,0.938,0.139
17083,1 - 1 - 2022,19800.0,38.600518131237564,31.622776601683793,100.0,0.207,0.158489,0.251189,0.0158,0.0,0.05,0.359,0.3,0.4,0.169,0.00201,0.0794,1.0,True,0.01,0.95,10.0,39600.0,0.938,0.139
17084,1 - 1 - 2022,19800.0,41.47288270665544,31.622776601683793,100.0,0.205,0.158489,0.251189,0.0162,0.0,0.05,0.453,0.4,0.5,0.19,0.00214,0.0529,1.0,True,0.01,0.95,10.0,39600.0,0.938,0.139
17085,1 - 1 - 2022,19800.0,40.74309757492672,31.622776601683793,100.0,0.208,0.158489,0.251189,0.0127,0.0,0.05,0.565,0.5,0.6,0.122,0.00171,0.0318,1.0,True,0.01,0.95,10.0,39600.0,0.938,0.139
17086,1 - 1 - 2022,19800.0,42.07136793592526,31.622776601683793,100.0,0.196,0.158489,0.251189,0.0171,0.0,0.05,0.656,0.6,0.7,0.0794,0.00138,0.0212,1.0,True,0.01,0.95,10.0,39600.0,0.938,0.139
17087,1 - 1 - 2022,19800.0,39.496835316262995,31.622776601683793,100.0,0.196,0.158489,0.251189,0.0197,0.0,0.05,0.749,0.7,0.8,0.0953,0.00151,0.0106,1.0,True,0.01,0.95,10.0,39600.0,0.938,0.139
17088,1 - 1 - 2022,19800.0,40.74309757492672,31.622776601683793,100.0,0.213,0.158489,0.251189,0.0215,0.0,0.05,0.867,0.8,0.9,0.0476,0.00107,0.00529,1.0,True,0.01,0.95,10.0,39600.0,0.938,0.139
17089,1 - 1 - 2022,19800.0,41.593268686170845,31.622776601683793,100.0,0.203,0.158489,0.251189,0.0166,0.0,0.05,0.963,0.9,1.0,0.0582,0.00118,0.0159,1.0,True,0.01,0.95,10.0,39600.0,0.938,0.139
17090,1 - 1 - 2022,19800.0,41.71330722922842,31.622776601683793,100.0,0.207,0.158489,0.251189,0.0225,0.0,0.05,1.16,1.0,1.5,0.0116,0.000236,0.00212,1.0,True,0.01,0.95,10.0,39600.0,0.938,0.139
17091,1 - 1 - 2022,19800.0,38.2099463490856,31.622776601683793,100.0,0.184,0.158489,0.251189,0.0257,0.0,0.05,1.7,1.5,2.0,0.00317,0.000123,0.0,1.0,True,0.01,0.95,10.0,39600.0,0.938,0.139
17092,1 - 1 - 2022,19800.0,46.04345773288535,31.622776601683793,100.0,0.194,0.158489,0.251189,0.0383,0.0,0.05,2.41,2.0,4.0,0.00106,3.56e-05,0.0,1.0,True,0.01,0.95,10.0,39600.0,0.938,0.139
17093,1 - 1 - 2022,19800.0,32.863353450309965,31.622776601683793,100.0,0.205,0.158489,0.251189,0.0599,0.05,0.1,0.0416,0.0,0.05,0.0106,0.000713,0.0,1.0,True,0.01,0.95,10.0,39600.0,0.938,0.139
17094,1 - 1 - 2022,19800.0,32.55764119219941,31.622776601683793,100.0,0.224,0.158489,0.251189,0.079,0.05,0.1,0.0934,0.05,0.1,0.0106,0.000712,0.0,1.0,True,0.01,0.95,10.0,39600.0,0.938,0.139
17095,1 - 1 - 2022,19800.0,45.60701700396552,31.622776601683793,100.0,0.195,0.158489,0.251189,0.0677,0.05,0.1,0.143,0.1,0.2,0.0159,0.000617,0.0,1.0,True,0.01,0.95,10.0,39600.0,0.938,0.139
17096,1 - 1 - 2022,19800.0,38.34057902536163,31.622776601683793,100.0,0.214,0.158489,0.251189,0.0703,0.05,0.1,0.255,0.2,0.3,0.0476,0.00107,0.0,1.0,True,0.01,0.95,10.0,39600.0,0.938,0.139
17097,1 - 1 - 2022,19800.0,34.785054261852174,31.622776601683793,100.0,0.204,0.158489,0.251189,0.0741,0.05,0.1,0.338,0.3,0.4,0.0423,0.00101,0.0,1.0,True,0.01,0.95,10.0,39600.0,0.938,0.139
17098,1 - 1 - 2022,19800.0,38.47076812334269,31.622776601683793,100.0,0.21,0.158489,0.251189,0.0682,0.05,0.1,0.452,0.4,0.5,0.0635,0.00123,0.0,1.0,True,0.01,0.95,10.0,39600.0,0.938,0.139
17099,1 - 1 - 2022,19800.0,42.190046219457976,31.622776601683793,100.0,0.211,0.158489,0.251189,0.0546,0.05,0.1,0.541,0.5,0.6,0.0106,0.000504,0.0,1.0,True,0.01,0.95,10.0,39600.0,0.938,0.139
17100,1 - 1 - 2022,19800.0,34.92849839314596,31.622776601683793,100.0,0.194,0.158489,0.251189,0.0704,0.05,0.1,0.632,0.6,0.7,0.0159,0.000617,0.0,1.0,True,0.01,0.95,10.0,39600.0,0.938,0.139
17101,1 - 1 - 2022,19800.0,39.74921382870358,31.622776601683793,100.0,0.204,0.158489,0.251189,0.0629,0.05,0.1,0.727,0.7,0.8,0.0317,0.000872,0.0,1.0,True,0.01,0.95,10.0,39600.0,0.938,0.139
17102,1 - 1 - 2022,19800.0,41.352146256270665,31.622776601683793,100.0,0.212,0.158489,0.251189,0.0865,0.05,0.1,0.867,0.8,0.9,0.0212,0.000712,0.00529,1.0,True,0.01,0.95,10.0,39600.0,0.938,0.139
17103,1 - 1 - 2022,19800.0,41.71330722922842,31.622776601683793,100.0,0.213,0.158489,0.251189,0.0683,0.05,0.1,0.96,0.9,1.0,0.0212,0.000712,0.0,1.0,True,0.01,0.95,10.0,39600.0,0.938,0.139
17104,1 - 1 - 2022,19800.0,41.352146256270665,31.622776601683793,100.0,0.199,0.158489,0.251189,0.0684,0.05,0.1,1.33,1.0,1.5,0.00741,0.000188,0.0,1.0,True,0.01,0.95,10.0,39600.0,0.938,0.139
17105,1 - 1 - 2022,19800.0,41.71330722922842,31.622776601683793,100.0,0.231,0.158489,0.251189,0.0751,0.05,0.1,1.63,1.5,2.0,0.00423,0.000142,0.0,1.0,True,0.01,0.95,10.0,39600.0,0.938,0.139
17106,1 - 1 - 2022,19800.0,44.384682042344295,31.622776601683793,100.0,0.218,0.158489,0.251189,0.0718,0.05,0.1,2.81,2.0,4.0,0.000794,3.08e-05,0.000265,1.0,True,0.01,0.95,10.0,39600.0,0.938,0.139
17107,1 - 1 - 2022,19800.0,41.23105625617661,31.622776601683793,100.0,0.174,0.158489,0.251189,0.114,0.1,0.15,0.15,0.1,0.2,0.0159,0.000617,0.00529,1.0,True,0.01,0.95,10.0,39600.0,0.938,0.139
17108,1 - 1 - 2022,19800.0,36.3318042491699,31.622776601683793,100.0,0.198,0.158489,0.251189,0.118,0.1,0.15,0.254,0.2,0.3,0.0212,0.000712,0.00529,1.0,True,0.01,0.95,10.0,39600.0,0.938,0.139
17109,1 - 1 - 2022,19800.0,38.8587184554509,31.622776601683793,100.0,0.19,0.158489,0.251189,0.129,0.1,0.15,0.34,0.3,0.4,0.0212,0.000712,0.0159,1.0,True,0.01,0.95,10.0,39600.0,0.938,0.139
17110,1 - 1 - 2022,19800.0,36.46916505762094,31.622776601683793,100.0,0.204,0.158489,0.251189,0.115,0.1,0.15,0.555,0.5,0.6,0.0212,0.000712,0.0106,1.0,True,0.01,0.95,10.0,39600.0,0.938,0.139
17111,1 - 1 - 2022,19800.0,37.013511046643494,31.622776601683793,100.0,0.19,0.158489,0.251189,0.143,0.1,0.15,0.671,0.6,0.7,0.0212,0.000712,0.0159,1.0,True,0.01,0.95,10.0,39600.0,0.938,0.139
17112,1 - 1 - 2022,19800.0,42.77849927241488,31.622776601683793,100.0,0.212,0.158489,0.251189,0.126,0.1,0.15,0.746,0.7,0.8,0.0212,0.000712,0.00529,1.0,True,0.01,0.95,10.0,39600.0,0.938,0.139
17113,1 - 1 - 2022,19800.0,61.155539405682624,31.622776601683793,100.0,0.21,0.158489,0.251189,0.124,0.1,0.15,0.87,0.8,0.9,0.00529,0.000356,0.0,1.0,True,0.01,0.95,10.0,39600.0,0.938,0.139
17114,1 - 1 - 2022,19800.0,44.49719092257398,31.622776601683793,100.0,0.187,0.158489,0.251189,0.122,0.1,0.15,0.925,0.9,1.0,0.0159,0.000617,0.00529,1.0,True,0.01,0.95,10.0,39600.0,0.938,0.139
17115,1 - 1 - 2022,19800.0,40.496913462633174,31.622776601683793,100.0,0.188,0.158489,0.251189,0.124,0.1,0.15,1.25,1.0,1.5,0.00423,0.000142,0.0,1.0,True,0.01,0.95,10.0,39600.0,0.938,0.139
17116,1 - 1 - 2022,19800.0,31.78049716414141,31.622776601683793,100.0,0.164,0.158489,0.251189,0.108,0.1,0.15,1.86,1.5,2.0,0.00106,7.12e-05,0.0,1.0,True,0.01,0.95,10.0,39600.0,0.938,0.139
17117,1 - 1 - 2022,19800.0,47.644516998286385,31.622776601683793,100.0,0.221,0.158489,0.251189,0.129,0.1,0.15,3.03,2.0,4.0,0.00132,3.98e-05,0.0,1.0,True,0.01,0.95,10.0,39600.0,0.938,0.139
17118,1 - 1 - 2022,19800.0,33.61547262794322,31.622776601683793,100.0,0.218,0.158489,0.251189,0.173,0.15,0.2,0.171,0.1,0.2,0.00529,0.000356,0.0,1.0,True,0.01,0.95,10.0,39600.0,0.938,0.139
17119,1 - 1 - 2022,19800.0,32.71085446759225,31.622776601683793,100.0,0.198,0.158489,0.251189,0.165,0.15,0.2,0.858,0.8,0.9,0.0106,0.000504,0.00529,1.0,True,0.01,0.95,10.0,39600.0,0.938,0.139
17120,1 - 1 - 2022,19800.0,35.35533905932738,31.622776601683793,100.0,0.164,0.158489,0.251189,0.175,0.15,0.2,1.59,1.5,2.0,0.00212,0.000101,0.00106,1.0,True,0.01,0.95,10.0,39600.0,0.938,0.139
17121,1 - 1 - 2022,19800.0,31.937438845342623,31.622776601683793,100.0,0.187,0.158489,0.251189,0.215,0.2,0.25,0.44,0.4,0.5,0.00529,0.000356,0.0,1.0,True,0.01,0.95,10.0,39600.0,0.938,0.139
17122,1 - 1 - 2022,19800.0,33.015148038438355,31.622776601683793,100.0,0.226,0.158489,0.251189,0.29,0.25,0.3,1.44,1.0,1.5,0.00106,7.13e-05,0.0,1.0,True,0.01,0.95,10.0,39600.0,0.938,0.139
17123,1 - 1 - 2022,19800.0,40.8656334834051,31.622776601683793,100.0,0.299,0.251189,0.398107,0.0172,0.0,0.05,0.0312,0.0,0.05,0.0134,0.000636,0.00668,1.0,True,0.01,0.95,10.0,39600.0,0.938,0.139
17124,1 - 1 - 2022,19800.0,43.58898943540674,31.622776601683793,100.0,0.323,0.251189,0.398107,0.0137,0.0,0.05,0.0896,0.05,0.1,0.0334,0.001,0.00668,1.0,True,0.01,0.95,10.0,39600.0,0.938,0.139
17125,1 - 1 - 2022,19800.0,46.9041575982343,31.622776601683793,100.0,0.318,0.251189,0.398107,0.0175,0.0,0.05,0.159,0.1,0.2,0.0735,0.00105,0.0267,1.0,True,0.01,0.95,10.0,39600.0,0.938,0.139
17126,1 - 1 - 2022,19800.0,46.475800154489,31.622776601683793,100.0,0.309,0.251189,0.398107,0.0111,0.0,0.05,0.254,0.2,0.3,0.0902,0.00117,0.0367,1.0,True,0.01,0.95,10.0,39600.0,0.938,0.139
17127,1 - 1 - 2022,19800.0,47.74934554525329,31.622776601683793,100.0,0.335,0.251189,0.398107,0.0165,0.0,0.05,0.36,0.3,0.4,0.0801,0.0011,0.0234,1.0,True,0.01,0.95,10.0,39600.0,0.938,0.139
17128,1 - 1 - 2022,19800.0,50.19960159204453,31.622776601683793,100.0,0.288,0.251189,0.398107,0.0136,0.0,0.05,0.458,0.4,0.5,0.0668,0.001,0.02,1.0,True,0.01,0.95,10.0,39600.0,0.938,0.139
17129,1 - 1 - 2022,19800.0,44.27188724235731,31.622776601683793,100.0,0.318,0.251189,0.398107,0.0247,0.0,0.05,0.556,0.5,0.6,0.0668,0.00101,0.0234,1.0,True,0.01,0.95,10.0,39600.0,0.938,0.139
17130,1 - 1 - 2022,19800.0,43.474130238568314,31.622776601683793,100.0,0.343,0.251189,0.398107,0.0173,0.0,0.05,0.648,0.6,0.7,0.0401,0.000778,0.00668,1.0,True,0.01,0.95,10.0,39600.0,0.938,0.139
17131,1 - 1 - 2022,19800.0,43.81780460041329,31.622776601683793,100.0,0.353,0.251189,0.398107,0.0163,0.0,0.05,0.732,0.7,0.8,0.0301,0.000674,0.0167,1.0,True,0.01,0.95,10.0,39600.0,0.938,0.139
17132,1 - 1 - 2022,19800.0,45.387222871640866,31.622776601683793,100.0,0.301,0.251189,0.398107,0.0148,0.0,0.05,0.844,0.8,0.9,0.0267,0.000636,0.01,1.0,True,0.01,0.95,10.0,39600.0,0.938,0.139
17133,1 - 1 - 2022,19800.0,52.72570530585627,31.622776601683793,100.0,0.274,0.251189,0.398107,0.00585,0.0,0.05,0.926,0.9,1.0,0.00668,0.000318,0.00334,1.0,True,0.01,0.95,10.0,39600.0,0.938,0.139
17134,1 - 1 - 2022,19800.0,45.05552130427524,31.622776601683793,100.0,0.306,0.251189,0.398107,0.0227,0.0,0.05,1.21,1.0,1.5,0.00801,0.000156,0.000668,1.0,True,0.01,0.95,10.0,39600.0,0.938,0.139
17135,1 - 1 - 2022,19800.0,48.27007354458868,31.622776601683793,100.0,0.306,0.251189,0.398107,0.041,0.0,0.05,1.56,1.5,2.0,0.002,7.78e-05,0.0,1.0,True,0.01,0.95,10.0,39600.0,0.938,0.139
17136,1 - 1 - 2022,19800.0,47.32863826479693,31.622776601683793,100.0,0.288,0.251189,0.398107,0.0242,0.0,0.05,2.48,2.0,4.0,0.000668,2.25e-05,0.0,1.0,True,0.01,0.95,10.0,39600.0,0.938,0.139
17137,1 - 1 - 2022,19800.0,41.95235392680606,31.622776601683793,100.0,0.368,0.251189,0.398107,0.0526,0.05,0.1,0.0642,0.05,0.1,0.00668,0.000449,0.0,1.0,True,0.01,0.95,10.0,39600.0,0.938,0.139
17138,1 - 1 - 2022,19800.0,36.3318042491699,31.622776601683793,100.0,0.317,0.251189,0.398107,0.0684,0.05,0.1,0.154,0.1,0.2,0.01,0.000389,0.0,1.0,True,0.01,0.95,10.0,39600.0,0.938,0.139
17139,1 - 1 - 2022,19800.0,38.600518131237564,31.622776601683793,100.0,0.332,0.251189,0.398107,0.0846,0.05,0.1,0.281,0.2,0.3,0.00334,0.000225,0.0,1.0,True,0.01,0.95,10.0,39600.0,0.938,0.139
17140,1 - 1 - 2022,19800.0,48.373546489791295,31.622776601683793,100.0,0.328,0.251189,0.398107,0.0694,0.05,0.1,0.369,0.3,0.4,0.02,0.00055,0.00334,1.0,True,0.01,0.95,10.0,39600.0,0.938,0.139
17141,1 - 1 - 2022,19800.0,42.07136793592526,31.622776601683793,100.0,0.325,0.251189,0.398107,0.074,0.05,0.1,0.471,0.4,0.5,0.0234,0.000595,0.0,1.0,True,0.01,0.95,10.0,39600.0,0.938,0.139
17142,1 - 1 - 2022,19800.0,47.644516998286385,31.622776601683793,100.0,0.303,0.251189,0.398107,0.0699,0.05,0.1,0.547,0.5,0.6,0.0267,0.000636,0.00334,1.0,True,0.01,0.95,10.0,39600.0,0.938,0.139
17143,1 - 1 - 2022,19800.0,68.92024376045111,31.622776601683793,100.0,0.352,0.251189,0.398107,0.066,0.05,0.1,0.68,0.6,0.7,0.00668,0.000318,0.0,1.0,True,0.01,0.95,10.0,39600.0,0.938,0.139
17144,1 - 1 - 2022,19800.0,47.644516998286385,31.622776601683793,100.0,0.307,0.251189,0.398107,0.066,0.05,0.1,0.737,0.7,0.8,0.0167,0.000503,0.00334,1.0,True,0.01,0.95,10.0,39600.0,0.938,0.139
17145,1 - 1 - 2022,19800.0,44.384682042344295,31.622776601683793,100.0,0.31,0.251189,0.398107,0.0707,0.05,0.1,0.846,0.8,0.9,0.0167,0.000502,0.0,1.0,True,0.01,0.95,10.0,39600.0,0.938,0.139
17146,1 - 1 - 2022,19800.0,51.478150704935004,31.622776601683793,100.0,0.308,0.251189,0.398107,0.0636,0.05,0.1,0.915,0.9,1.0,0.01,0.000389,0.0,1.0,True,0.01,0.95,10.0,39600.0,0.938,0.139
17147,1 - 1 - 2022,19800.0,48.68264577855234,31.622776601683793,100.0,0.313,0.251189,0.398107,0.0754,0.05,0.1,1.24,1.0,1.5,0.00668,0.000142,0.0,1.0,True,0.01,0.95,10.0,39600.0,0.938,0.139
17148,1 - 1 - 2022,19800.0,35.63705936241092,31.622776601683793,100.0,0.269,0.251189,0.398107,0.0743,0.05,0.1,1.6,1.5,2.0,0.000668,4.5e-05,0.0,1.0,True,0.01,0.95,10.0,39600.0,0.938,0.139
17149,1 - 1 - 2022,19800.0,45.387222871640866,31.622776601683793,100.0,0.291,0.251189,0.398107,0.078,0.05,0.1,2.7,2.0,4.0,0.000501,1.95e-05,0.0,1.0,True,0.01,0.95,10.0,39600.0,0.938,0.139
17150,1 - 1 - 2022,19800.0,32.2490309931942,31.622776601683793,100.0,0.312,0.251189,0.398107,0.11,0.1,0.15,0.153,0.1,0.2,0.00334,0.000225,0.0,1.0,True,0.01,0.95,10.0,39600.0,0.938,0.139
17151,1 - 1 - 2022,19800.0,39.6232255123179,31.622776601683793,100.0,0.35,0.251189,0.398107,0.126,0.1,0.15,0.37,0.3,0.4,0.0167,0.000502,0.0,1.0,True,0.01,0.95,10.0,39600.0,0.938,0.139
17152,1 - 1 - 2022,19800.0,60.4979338490167,31.622776601683793,100.0,0.349,0.251189,0.398107,0.133,0.1,0.15,0.444,0.4,0.5,0.01,0.000389,0.00668,1.0,True,0.01,0.95,10.0,39600.0,0.938,0.139
17153,1 - 1 - 2022,19800.0,36.46916505762094,31.622776601683793,100.0,0.3,0.251189,0.398107,0.116,0.1,0.15,0.56,0.5,0.6,0.01,0.000389,0.0,1.0,True,0.01,0.95,10.0,39600.0,0.938,0.139
17154,1 - 1 - 2022,19800.0,33.61547262794322,31.622776601683793,100.0,0.335,0.251189,0.398107,0.117,0.1,0.15,0.7,0.7,0.8,0.00334,0.000225,0.0,1.0,True,0.01,0.95,10.0,39600.0,0.938,0.139
17155,1 - 1 - 2022,19800.0,38.47076812334269,31.622776601683793,100.0,0.283,0.251189,0.398107,0.115,0.1,0.15,0.721,0.7,0.8,0.00668,0.000318,0.00334,1.0,True,0.01,0.95,10.0,39600.0,0.938,0.139
17156,1 - 1 - 2022,19800.0,49.8998997994986,31.622776601683793,100.0,0.33,0.251189,0.398107,0.146,0.1,0.15,0.811,0.8,0.9,0.00668,0.000318,0.0,1.0,True,0.01,0.95,10.0,39600.0,0.938,0.139
17157,1 - 1 - 2022,19800.0,33.76388603226827,31.622776601683793,100.0,0.281,0.251189,0.398107,0.111,0.1,0.15,0.934,0.9,1.0,0.00334,0.000225,0.0,1.0,True,0.01,0.95,10.0,39600.0,0.938,0.139
17158,1 - 1 - 2022,19800.0,56.92099788303083,31.622776601683793,100.0,0.326,0.251189,0.398107,0.108,0.1,0.15,1.3,1.0,1.5,0.00134,6.36e-05,0.0,1.0,True,0.01,0.95,10.0,39600.0,0.938,0.139
17159,1 - 1 - 2022,19800.0,39.74921382870358,31.622776601683793,100.0,0.308,0.251189,0.398107,0.139,0.1,0.15,1.55,1.5,2.0,0.00134,6.36e-05,0.000668,1.0,True,0.01,0.95,10.0,39600.0,0.938,0.139
17160,1 - 1 - 2022,19800.0,39.496835316262995,31.622776601683793,100.0,0.342,0.251189,0.398107,0.121,0.1,0.15,2.7,2.0,4.0,0.000501,1.95e-05,0.0,1.0,True,0.01,0.95,10.0,39600.0,0.938,0.139
17161,1 - 1 - 2022,19800.0,46.58325879540846,31.622776601683793,100.0,0.363,0.251189,0.398107,0.197,0.15,0.2,0.26,0.2,0.3,0.00334,0.000225,0.0,1.0,True,0.01,0.95,10.0,39600.0,0.938,0.139
17162,1 - 1 - 2022,19800.0,36.46916505762094,31.622776601683793,100.0,0.384,0.251189,0.398107,0.164,0.15,0.2,0.329,0.3,0.4,0.00334,0.000225,0.0,1.0,True,0.01,0.95,10.0,39600.0,0.938,0.139
17163,1 - 1 - 2022,19800.0,34.92849839314596,31.622776601683793,100.0,0.354,0.251189,0.398107,0.189,0.15,0.2,0.44,0.4,0.5,0.00668,0.000318,0.0,1.0,True,0.01,0.95,10.0,39600.0,0.938,0.139
17164,1 - 1 - 2022,19800.0,35.35533905932738,31.622776601683793,100.0,0.292,0.251189,0.398107,0.182,0.15,0.2,0.551,0.5,0.6,0.00334,0.000225,0.0,1.0,True,0.01,0.95,10.0,39600.0,0.938,0.139
17165,1 - 1 - 2022,19800.0,53.291650377896914,31.622776601683793,100.0,0.338,0.251189,0.398107,0.192,0.15,0.2,0.653,0.6,0.7,0.00334,0.000225,0.0,1.0,True,0.01,0.95,10.0,39600.0,0.938,0.139
17166,1 - 1 - 2022,19800.0,39.74921382870358,31.622776601683793,100.0,0.319,0.251189,0.398107,0.184,0.15,0.2,1.36,1.0,1.5,0.00134,6.35e-05,0.0,1.0,True,0.01,0.95,10.0,39600.0,0.938,0.139
17167,1 - 1 - 2022,19800.0,66.55824516917495,31.622776601683793,100.0,0.327,0.251189,0.398107,0.175,0.15,0.2,3.81,2.0,4.0,0.000334,1.59e-05,0.000167,1.0,True,0.01,0.95,10.0,39600.0,0.938,0.139
17168,1 - 1 - 2022,19800.0,33.015148038438355,31.622776601683793,100.0,0.309,0.251189,0.398107,0.209,0.2,0.25,0.349,0.3,0.4,0.00334,0.000225,0.0,1.0,True,0.01,0.95,10.0,39600.0,0.938,0.139
17169,1 - 1 - 2022,19800.0,51.38093031466052,31.622776601683793,100.0,0.309,0.251189,0.398107,0.218,0.2,0.25,0.511,0.5,0.6,0.00668,0.000318,0.00334,1.0,True,0.01,0.95,10.0,39600.0,0.938,0.139
17170,1 - 1 - 2022,19800.0,34.92849839314596,31.622776601683793,100.0,0.298,0.251189,0.398107,0.243,0.2,0.25,0.664,0.6,0.7,0.00334,0.000225,0.0,1.0,True,0.01,0.95,10.0,39600.0,0.938,0.139
17171,1 - 1 - 2022,19800.0,55.85696017507576,31.622776601683793,100.0,0.318,0.251189,0.398107,0.228,0.2,0.25,0.828,0.8,0.9,0.00668,0.000318,0.00334,1.0,True,0.01,0.95,10.0,39600.0,0.938,0.139
17172,1 - 1 - 2022,19800.0,33.76388603226827,31.622776601683793,100.0,0.255,0.251189,0.398107,0.224,0.2,0.25,1.33,1.0,1.5,0.000668,4.49e-05,0.0,1.0,True,0.01,0.95,10.0,39600.0,0.938,0.139
17173,1 - 1 - 2022,19800.0,31.937438845342623,31.622776601683793,100.0,0.275,0.251189,0.398107,0.292,0.25,0.3,0.272,0.2,0.3,0.00334,0.000225,0.0,1.0,True,0.01,0.95,10.0,39600.0,0.938,0.139
17174,1 - 1 - 2022,19800.0,41.47288270665544,31.622776601683793,100.0,0.285,0.251189,0.398107,0.255,0.25,0.3,0.692,0.6,0.7,0.00334,0.000225,0.0,1.0,True,0.01,0.95,10.0,39600.0,0.938,0.139
17175,1 - 1 - 2022,19800.0,33.166247903554,31.622776601683793,100.0,0.309,0.251189,0.398107,0.269,0.25,0.3,0.858,0.8,0.9,0.00334,0.000225,0.0,1.0,True,0.01,0.95,10.0,39600.0,0.938,0.139
17176,1 - 1 - 2022,19800.0,36.193922141707716,31.622776601683793,100.0,0.291,0.251189,0.398107,0.278,0.25,0.3,3.61,2.0,4.0,0.000167,1.12e-05,0.0,1.0,True,0.01,0.95,10.0,39600.0,0.938,0.139
17177,1 - 1 - 2022,19800.0,38.07886552931954,31.622776601683793,100.0,0.338,0.251189,0.398107,0.392,0.3,0.4,0.528,0.5,0.6,0.00167,0.000112,0.0,1.0,True,0.01,0.95,10.0,39600.0,0.938,0.139
17178,1 - 1 - 2022,19800.0,40.124805295477756,31.622776601683793,100.0,0.348,0.251189,0.398107,0.325,0.3,0.4,1.21,1.0,1.5,0.001,3.89e-05,0.0,1.0,True,0.01,0.95,10.0,39600.0,0.938,0.139
17179,1 - 1 - 2022,19800.0,36.193922141707716,31.622776601683793,100.0,0.298,0.251189,0.398107,0.318,0.3,0.4,1.7,1.5,2.0,0.000334,2.25e-05,0.0,1.0,True,0.01,0.95,10.0,39600.0,0.938,0.139
17180,1 - 1 - 2022,19800.0,42.42640687119285,31.622776601683793,100.0,0.449,0.398107,0.630957,0.0354,0.0,0.05,0.0489,0.0,0.05,0.00421,0.000284,0.0,1.0,True,0.01,0.95,10.0,39600.0,0.938,0.139
17181,1 - 1 - 2022,19800.0,57.879184513951124,31.622776601683793,100.0,0.441,0.398107,0.630957,0.00906,0.0,0.05,0.145,0.1,0.2,0.00842,0.000284,0.00632,1.0,True,0.01,0.95,10.0,39600.0,0.938,0.139
17182,1 - 1 - 2022,19800.0,43.58898943540674,31.622776601683793,100.0,0.521,0.398107,0.630957,0.0242,0.0,0.05,0.246,0.2,0.3,0.0126,0.000347,0.0,1.0,True,0.01,0.95,10.0,39600.0,0.938,0.139
17183,1 - 1 - 2022,19800.0,41.83300132670378,31.622776601683793,100.0,0.447,0.398107,0.630957,0.0227,0.0,0.05,0.351,0.3,0.4,0.0253,0.000491,0.00421,1.0,True,0.01,0.95,10.0,39600.0,0.938,0.139
17184,1 - 1 - 2022,19800.0,47.43416490252569,31.622776601683793,100.0,0.501,0.398107,0.630957,0.0203,0.0,0.05,0.457,0.4,0.5,0.0147,0.000375,0.00211,1.0,True,0.01,0.95,10.0,39600.0,0.938,0.139
17185,1 - 1 - 2022,19800.0,43.243496620879306,31.622776601683793,100.0,0.451,0.398107,0.630957,0.0204,0.0,0.05,0.536,0.5,0.6,0.0105,0.000317,0.00211,1.0,True,0.01,0.95,10.0,39600.0,0.938,0.139
17186,1 - 1 - 2022,19800.0,48.27007354458868,31.622776601683793,100.0,0.479,0.398107,0.630957,0.0239,0.0,0.05,0.656,0.6,0.7,0.0169,0.000401,0.0,1.0,True,0.01,0.95,10.0,39600.0,0.938,0.139
17187,1 - 1 - 2022,19800.0,46.475800154489,31.622776601683793,100.0,0.56,0.398107,0.630957,0.0277,0.0,0.05,0.757,0.7,0.8,0.00632,0.000246,0.0,1.0,True,0.01,0.95,10.0,39600.0,0.938,0.139
17188,1 - 1 - 2022,19800.0,44.27188724235731,31.622776601683793,100.0,0.426,0.398107,0.630957,0.0424,0.0,0.05,0.814,0.8,0.9,0.00211,0.000142,0.0,1.0,True,0.01,0.95,10.0,39600.0,0.938,0.139
17189,1 - 1 - 2022,19800.0,34.785054261852174,31.622776601683793,100.0,0.464,0.398107,0.630957,0.0186,0.0,0.05,0.958,0.9,1.0,0.00211,0.000142,0.0,1.0,True,0.01,0.95,10.0,39600.0,0.938,0.139
17190,1 - 1 - 2022,19800.0,52.44044240850758,31.622776601683793,100.0,0.442,0.398107,0.630957,0.0237,0.0,0.05,1.22,1.0,1.5,0.00211,6.34e-05,0.0,1.0,True,0.01,0.95,10.0,39600.0,0.938,0.139
17191,1 - 1 - 2022,19800.0,49.29503017546495,31.622776601683793,100.0,0.595,0.398107,0.630957,0.0158,0.0,0.05,1.85,1.5,2.0,0.000421,2.84e-05,0.0,1.0,True,0.01,0.95,10.0,39600.0,0.938,0.139
17192,1 - 1 - 2022,19800.0,42.5440947723653,31.622776601683793,100.0,0.564,0.398107,0.630957,0.0719,0.05,0.1,0.181,0.1,0.2,0.00421,0.000201,0.0,1.0,True,0.01,0.95,10.0,39600.0,0.938,0.139
17193,1 - 1 - 2022,19800.0,35.77708763999664,31.622776601683793,100.0,0.467,0.398107,0.630957,0.0808,0.05,0.1,0.247,0.2,0.3,0.00843,0.000284,0.0,1.0,True,0.01,0.95,10.0,39600.0,0.938,0.139
17194,1 - 1 - 2022,19800.0,44.94441010848846,31.622776601683793,100.0,0.469,0.398107,0.630957,0.0741,0.05,0.1,0.312,0.3,0.4,0.00421,0.000201,0.0,1.0,True,0.01,0.95,10.0,39600.0,0.938,0.139
17195,1 - 1 - 2022,19800.0,48.373546489791295,31.622776601683793,100.0,0.497,0.398107,0.630957,0.0712,0.05,0.1,0.535,0.5,0.6,0.00843,0.000284,0.0,1.0,True,0.01,0.95,10.0,39600.0,0.938,0.139
17196,1 - 1 - 2022,19800.0,37.54996671103717,31.622776601683793,100.0,0.499,0.398107,0.630957,0.0657,0.05,0.1,0.647,0.6,0.7,0.00632,0.000246,0.0,1.0,True,0.01,0.95,10.0,39600.0,0.938,0.139
17197,1 - 1 - 2022,19800.0,50.59644256269407,31.622776601683793,100.0,0.407,0.398107,0.630957,0.0611,0.05,0.1,0.807,0.8,0.9,0.00211,0.000142,0.0,1.0,True,0.01,0.95,10.0,39600.0,0.938,0.139
17198,1 - 1 - 2022,19800.0,40.8656334834051,31.622776601683793,100.0,0.523,0.398107,0.630957,0.0801,0.05,0.1,0.915,0.9,1.0,0.00211,0.000142,0.0,1.0,True,0.01,0.95,10.0,39600.0,0.938,0.139
17199,1 - 1 - 2022,19800.0,31.78049716414141,31.622776601683793,100.0,0.449,0.398107,0.630957,0.101,0.1,0.15,0.183,0.1,0.2,0.00211,0.000142,0.0,1.0,True,0.01,0.95,10.0,39600.0,0.938,0.139
17200,1 - 1 - 2022,19800.0,42.77849927241488,31.622776601683793,100.0,0.521,0.398107,0.630957,0.109,0.1,0.15,0.473,0.4,0.5,0.00421,0.000201,0.0,1.0,True,0.01,0.95,10.0,39600.0,0.938,0.139
17201,1 - 1 - 2022,19800.0,40.74309757492672,31.622776601683793,100.0,0.473,0.398107,0.630957,0.116,0.1,0.15,0.728,0.7,0.8,0.00632,0.000246,0.0,1.0,True,0.01,0.95,10.0,39600.0,0.938,0.139
17202,1 - 1 - 2022,19800.0,43.3589667773576,31.622776601683793,100.0,0.415,0.398107,0.630957,0.112,0.1,0.15,1.63,1.5,2.0,0.000421,2.84e-05,0.0,1.0,True,0.01,0.95,10.0,39600.0,0.938,0.139
17203,1 - 1 - 2022,19800.0,35.77708763999664,31.622776601683793,100.0,0.503,0.398107,0.630957,0.171,0.15,0.2,0.657,0.6,0.7,0.00421,0.000201,0.0,1.0,True,0.01,0.95,10.0,39600.0,0.938,0.139
17204,1 - 1 - 2022,19800.0,31.937438845342623,31.622776601683793,100.0,0.481,0.398107,0.630957,0.169,0.15,0.2,1.07,1.0,1.5,0.000421,2.84e-05,0.0,1.0,True,0.01,0.95,10.0,39600.0,0.938,0.139
17205,1 - 1 - 2022,19800.0,31.78049716414141,31.622776601683793,100.0,0.482,0.398107,0.630957,0.191,0.15,0.2,1.68,1.5,2.0,0.000421,2.84e-05,0.0,1.0,True,0.01,0.95,10.0,39600.0,0.938,0.139
17206,1 - 1 - 2022,19800.0,31.78049716414141,31.622776601683793,100.0,0.4,0.398107,0.630957,0.232,0.2,0.25,0.291,0.2,0.3,0.00211,0.000142,0.0,1.0,True,0.01,0.95,10.0,39600.0,0.938,0.139
17207,1 - 1 - 2022,19800.0,32.4037034920393,31.622776601683793,100.0,0.467,0.398107,0.630957,0.246,0.2,0.25,0.387,0.3,0.4,0.00421,0.000201,0.0,1.0,True,0.01,0.95,10.0,39600.0,0.938,0.139
17208,1 - 1 - 2022,19800.0,37.282703764614496,31.622776601683793,100.0,0.552,0.398107,0.630957,0.217,0.2,0.25,0.42,0.4,0.5,0.00211,0.000142,0.0,1.0,True,0.01,0.95,10.0,39600.0,0.938,0.139
17209,1 - 1 - 2022,19800.0,57.879184513951124,31.622776601683793,100.0,0.548,0.398107,0.630957,0.211,0.2,0.25,0.742,0.7,0.8,0.00421,0.000201,0.0,1.0,True,0.01,0.95,10.0,39600.0,0.938,0.139
17210,1 - 1 - 2022,19800.0,60.8276253029822,31.622776601683793,100.0,0.436,0.398107,0.630957,0.214,0.2,0.25,0.809,0.8,0.9,0.00211,0.000142,0.0,1.0,True,0.01,0.95,10.0,39600.0,0.938,0.139
17211,1 - 1 - 2022,19800.0,41.47288270665544,31.622776601683793,100.0,0.503,0.398107,0.630957,0.296,0.25,0.3,0.438,0.4,0.5,0.00211,0.000142,0.0,1.0,True,0.01,0.95,10.0,39600.0,0.938,0.139
17212,1 - 1 - 2022,19800.0,33.76388603226827,31.622776601683793,100.0,0.56,0.398107,0.630957,0.33,0.3,0.4,0.254,0.2,0.3,0.00105,7.09e-05,0.0,1.0,True,0.01,0.95,10.0,39600.0,0.938,0.139
17213,1 - 1 - 2022,19800.0,58.65151319446072,31.622776601683793,100.0,0.564,0.398107,0.630957,0.306,0.3,0.4,0.742,0.7,0.8,0.00105,7.09e-05,0.0,1.0,True,0.01,0.95,10.0,39600.0,0.938,0.139
